NumDevices = 128;
NumSlotes = 1024;


GivenBandwidthOld = [0.00550246, 0.00741936, 0.00466716, 0.00851246, 0.00643146, 0.00611032, 0.00867476, 0.00416087, 0.00428067, 0.00765075, 0.00858974, 0.00517929, 0.00580596, 0.00831708, 0.00763418, 0.00508893, 0.00719586, 0.00830803, 0.00547809, 0.00778457, 0.00777059, 0.00782099, 0.0048788, 0.00542714, 0.00651102, 0.00818826, 0.0075801, 0.00620496, 0.00429407, 0.00797027, 0.00388744, 0.00872817, 0.00678751, 0.00520105, 0.00662713, 0.00471038, 0.00483291, 0.00417982, 0.00766672, 0.00706007, 0.00604499, 0.00563284, 0.00868074, 0.00467313, 0.0038401, 0.00801447, 0.0067445, 0.00727291, 0.00827536, 0.00650286, 0.00605403, 0.00759092, 0.00807906, 0.00728375, 0.00547879, 0.00460266, 0.00443451, 0.00830369, 0.00763076, 0.00760249, 0.00754595, 0.00720531, 0.00706283, 0.00755315, 0.00828119, 0.00452986, 0.00578884, 0.00548458, 0.00688443, 0.00414113, 0.00745858, 0.00377056, 0.00436352, 0.005232, 0.00678485, 0.00549351, 0.0068777, 0.00597774, 0.00535305, 0.00629364, 0.00473676, 0.00821829, 0.00726473, 0.00586173, 0.00561464, 0.00781813, 0.00677089, 0.00579721, 0.00615602, 0.00669234, 0.00564845, 0.00598252, 0.00574266, 0.00444216, 0.0068104, 0.00496611, 0.00786739, 0.00470359, 0.00574111, 0.00840418, 0.00650845, 0.0050614, 0.00451774, 0.00707925, 0.00838136, 0.00808304, 0.00414434, 0.00648752, 0.00831412, 0.00792503, 0.00848523, 0.00376996, 0.00428836, 0.0070335, 0.0046074, 0.00412593, 0.00696612, 0.00715361, 0.00817204, 0.00498335, 0.00769815, 0.00533909, 0.00661781, 0.00798639, 0.00484081, 0.00693022, 0.00873694, 0.00419882];
GivenLatency = [190.188, 145.447, 235.285, 118.984, 168.932, 163.334, 124.278, 260.084, 236.841, 147.298, 128.976, 220.492, 192.512, 120.165, 140.475, 196.409, 134.454, 139.995, 214.86, 162.92, 147.847, 160.428, 223.555, 212.112, 156.859, 139.254, 126.789, 161.751, 290.774, 139.398, 259.637, 131.723, 141.346, 194.391, 167.75, 220.862, 254.993, 289.978, 162.258, 135.606, 182.254, 184.397, 129.784, 238.052, 313.204, 124.394, 167.057, 172.545, 115.455, 158.092, 211, 138.333, 139.138, 135.437, 234.761, 212.779, 246.18, 132.939, 131.393, 140.532, 167.662, 172.503, 145.224, 166.001, 150.79, 213.954, 186.58, 214.387, 180.374, 242.301, 158.48, 274.118, 247.956, 194.459, 163.127, 177.141, 169.966, 205.573, 183.784, 167.096, 247.863, 135.018, 171.898, 217.217, 217.338, 138.376, 152.354, 184.062, 198.908, 165.486, 225.773, 189.508, 208.703, 233.748, 180.337, 241.103, 140.464, 203.663, 178.268, 145.043, 185.499, 208.818, 243.189, 161.047, 149.458, 133.958, 286.454, 172.369, 137.764, 131.072, 123.162, 283.615, 233.026, 142.695, 227.851, 281.374, 137.14, 133.465, 142.083, 245.715, 144.19, 200.344, 146.586, 150.234, 214.892, 168.582, 128.374, 265.079];
HighestPossibleCritFunctionValue = 1.1;
