NumDevices = 128;
NumSlotes = 1024;


GivenBandwidthOld = [0.00464898, 0.00790742, 0.00743783, 0.00503858, 0.00599214, 0.0074785, 0.00860303, 0.00859623, 0.00426737, 0.00421213, 0.00576865, 0.00625749, 0.00721062, 0.00638327, 0.00610247, 0.0067001, 0.00611622, 0.00774145, 0.00803314, 0.00556336, 0.00583289, 0.00591077, 0.00479218, 0.00461591, 0.0070294, 0.00569352, 0.00852079, 0.00642036, 0.00450773, 0.00384193, 0.00380681, 0.00862199, 0.00729874, 0.00740716, 0.00456859, 0.00674029, 0.00657552, 0.00718137, 0.00483825, 0.00392284, 0.00859891, 0.00438835, 0.00744522, 0.00435244, 0.00393057, 0.00852611, 0.00583225, 0.0050761, 0.00650903, 0.00471997, 0.00595977, 0.00838539, 0.00580242, 0.00379457, 0.00777099, 0.00448362, 0.00865553, 0.00601596, 0.00766158, 0.0056013, 0.00863022, 0.00552197, 0.00522187, 0.00639704, 0.00762322, 0.00596424, 0.00854213, 0.00515503, 0.00803768, 0.0068676, 0.006256, 0.00700623, 0.00617113, 0.00572063, 0.004176, 0.00853033, 0.00672463, 0.00843408, 0.00408024, 0.0041192, 0.0038475, 0.00744424, 0.00775756, 0.00383534, 0.00811303, 0.00826552, 0.00608124, 0.00482952, 0.00725664, 0.00479142, 0.00687239, 0.00667973, 0.0086595, 0.00768398, 0.00718303, 0.00764381, 0.00703424, 0.00696563, 0.0038703, 0.00555014, 0.00864442, 0.00427828, 0.00748652, 0.00849938, 0.00667026, 0.00460744, 0.00480373, 0.00379627, 0.00635254, 0.00456672, 0.00528995, 0.00565848, 0.00463808, 0.00469661, 0.00845162, 0.00391906, 0.00512764, 0.00779184, 0.00495262, 0.0061813, 0.0065927, 0.00594693, 0.00752309, 0.00813715, 0.00860492, 0.00543585, 0.00787398, 0.00556415];
GivenLatency = [271.113, 136.278, 133.973, 226.557, 170.419, 166.942, 134, 137.861, 223.908, 276.498, 223.965, 176.074, 140.681, 154.577, 192.826, 162.367, 202.001, 123.116, 126.34, 177.638, 179.279, 176.94, 243.579, 208.281, 165.098, 194.52, 137.773, 186.666, 232.846, 253.789, 291.233, 142.685, 149.771, 148.757, 245.983, 161.841, 182.514, 155.194, 220.863, 254.372, 131.141, 294.292, 158.36, 245.141, 258.916, 124.623, 213.268, 191.231, 183.944, 230.113, 162.989, 139.423, 169.655, 298.973, 129.017, 236.734, 143.592, 196.603, 127.333, 191.489, 121.579, 234.703, 203.313, 154.121, 128.175, 193.911, 127.469, 229.825, 144.509, 151.587, 171.376, 147.509, 199.77, 200.968, 247.465, 112.169, 168.832, 120.564, 292.822, 233.483, 306.322, 132.724, 123.299, 257.743, 151.319, 125.9, 184.19, 217.119, 139.346, 203.29, 180.65, 156.24, 121.528, 144.397, 143.458, 160.008, 181.998, 163.34, 285.038, 197.424, 121.719, 246.172, 166.541, 125.093, 186.068, 267.562, 220.327, 331.176, 170.059, 231.078, 235.218, 224.192, 253.686, 219.007, 141.28, 319.485, 187.413, 134.8, 207.218, 196.555, 164.27, 198.683, 147.932, 146.385, 117.765, 221.228, 163.058, 212.623];
HighestPossibleCritFunctionValue = 1.1;
