NumDevices = 128;
NumSlotes = 1024;


GivenBandwidthOld = [0.00156012, 0.00405024, 0.00244105, 0.00353369, 0.00199709, 0.00132799, 0.00273367, 0.00286274, 0.00338935, 0.0041951, 0.00272511, 0.00276025, 0.00284361, 0.00376556, 0.00220842, 0.00308759, 0.00125629, 0.00391029, 0.00339083, 0.00399132, 0.00266612, 0.00189376, 0.00225674, 0.00270916, 0.00354572, 0.0041041, 0.00134939, 0.0029695, 0.00400529, 0.00315309, 0.00218821, 0.00410955, 0.00237541, 0.00345627, 0.00395232, 0.00353065, 0.00394059, 0.00330626, 0.00151477, 0.00130204, 0.00398429, 0.00328546, 0.00184881, 0.00295766, 0.00183339, 0.00315686, 0.00300835, 0.00391858, 0.00210149, 0.00288002, 0.00326282, 0.00251979, 0.00197261, 0.00241682, 0.00262984, 0.00162551, 0.00313465, 0.00150119, 0.0043119, 0.00324028, 0.00187322, 0.00381763, 0.00220188, 0.00260923, 0.00200636, 0.0039813, 0.00306098, 0.00405724, 0.00435207, 0.00333414, 0.00432055, 0.00170171, 0.00259176, 0.00222505, 0.00145843, 0.0043198, 0.00155814, 0.00206185, 0.00224325, 0.00412046, 0.00135306, 0.00218989, 0.00416831, 0.00242879, 0.00378343, 0.00246693, 0.00411337, 0.00402471, 0.00137184, 0.00221476, 0.00344431, 0.0028601, 0.0027777, 0.00237985, 0.00313644, 0.00355795, 0.00347943, 0.00252239, 0.00196666, 0.00238137, 0.00363852, 0.00134928, 0.0042542, 0.00225257, 0.00152038, 0.00178453, 0.00388837, 0.00367548, 0.00385581, 0.00340351, 0.00147422, 0.00404386, 0.00138807, 0.00312441, 0.0013412, 0.00280161, 0.00415818, 0.00406429, 0.00409702, 0.00417707, 0.00281111, 0.00130785, 0.00163062, 0.00143667, 0.00429411, 0.00421892, 0.0030583, 0.00273552];
GivenLatency = [276.486, 121.058, 211.429, 118.493, 157.346, 346.634, 171.974, 127.028, 141.061, 115.826, 150.57, 207.396, 178.803, 100.301, 197.875, 101.405, 478.673, 93.5301, 114.424, 137.467, 119.877, 265.565, 144.475, 179.043, 132.709, 111.915, 296.838, 127.469, 113.258, 187.966, 212.269, 92.3636, 269.28, 103.859, 128.641, 150.725, 82.7832, 184.975, 256.118, 408.92, 122.169, 138.116, 286.868, 147.006, 202.085, 138.83, 158.704, 102.938, 258.933, 126.023, 153.437, 166.13, 322.676, 144.205, 144.335, 225.909, 116.59, 342.595, 89.4443, 192.463, 246.138, 119.192, 226.566, 187.119, 280.755, 91.7441, 114.45, 130.456, 86.468, 156.047, 145.492, 247.933, 213.312, 239.803, 433.042, 146.972, 415.643, 153.133, 150.603, 83.5984, 345.266, 239.188, 148.974, 221.1, 142.425, 206.201, 105.004, 90.794, 242.255, 246.233, 144.75, 138.552, 167.938, 162.96, 125.105, 113.251, 115.7, 177.557, 328.752, 132.271, 134.795, 315.663, 132.012, 251.729, 281.264, 296.318, 95.2818, 156.515, 149.757, 98.3774, 365.548, 86.3902, 384.311, 159.588, 318.006, 143.003, 130.664, 100.448, 92.1288, 148.948, 187.474, 314.857, 298.183, 228.069, 83.3598, 89.0091, 157.732, 180.624];
HighestPossibleCritFunctionValue = 1.1;
