NumDevices = 32;
NumSlotes = 256;


GivenBandwidthOld = [0.0256937, 0.0188024, 0.0224166, 0.0158068, 0.0254485, 0.0230224, 0.0220723, 0.0290874, 0.0324062, 0.036748, 0.034121, 0.0316545, 0.0274991, 0.0367529, 0.0152491, 0.0273664, 0.0322689, 0.0290204, 0.0304322, 0.0332919, 0.0217606, 0.0156754, 0.0169751, 0.0348512, 0.0292959, 0.0357883, 0.0287529, 0.0343489, 0.0376047, 0.0329924, 0.0382682, 0.0337472];
GivenLatency = [82.123, 121.701, 96.3421, 144.613, 74.287, 91.5122, 76.6682, 58.5539, 52.0004, 58.3515, 50.0472, 60.6643, 75.8781, 63.9623, 134.53, 79.7938, 64.8617, 79.5273, 61.0085, 64.3579, 107.853, 145.457, 101.688, 48.074, 83.7036, 52.5958, 67.9698, 59.2016, 64.5909, 57.8413, 64.7122, 71.0929];
HighestPossibleCritFunctionValue = 1.1;
