NumDevices = 16;
NumSlotes = 128;


GivenBandwidthOld = [0.0524057, 0.0429947, 0.0326549, 0.051216, 0.0471388, 0.0412277, 0.0536316, 0.0460211, 0.0562093, 0.0501447, 0.0421831, 0.0311459, 0.0483105, 0.0549485, 0.0603166, 0.0414874];
GivenLatency = [16.0271, 22.4014, 25.7702, 17.9351, 17.1209, 19.8708, 16.5549, 20.3732, 17.5278, 16.3514, 18.6235, 32.7854, 19.664, 18.0026, 13.5049, 21.1968];
HighestPossibleCritFunctionValue = 1.1;
