NumDevices = 32;
NumSlotes = 256;


GivenBandwidthOld = [0.0294055, 0.0285904, 0.0288217, 0.0159905, 0.0226698, 0.0210037, 0.0188889, 0.0153657, 0.0219193, 0.0280769, 0.0187284, 0.0188782, 0.0154993, 0.0273184, 0.0310017, 0.0155316, 0.0289512, 0.0335832, 0.0232441, 0.0341922, 0.017603, 0.0233474, 0.0304881, 0.0242396, 0.0255113, 0.0179016, 0.0227047, 0.0276749, 0.0219798, 0.0250259, 0.0210744, 0.0277178];
GivenLatency = [34.1928, 35.4384, 33.8949, 71.3562, 51.2383, 40.6223, 60.4044, 55.0858, 50.8564, 35.8098, 48.7284, 51.7293, 55.3868, 36.658, 37.3464, 72.4146, 35.4459, 26.123, 43.3097, 28.0925, 55.5534, 36.6661, 36.3662, 40.9078, 41.1345, 49.7178, 46.1829, 32.3437, 52.0995, 35.7401, 41.9937, 37.2805];
HighestPossibleCritFunctionValue = 1.1;
