NumDevices = 8;
NumSlotes = 64;


GivenBandwidthOld = [0.0316197, 0.061544, 0.0493695, 0.0334759, 0.0596984, 0.0308303, 0.0442531, 0.0410656];
GivenLatency = [9.41339, 5.20731, 9.44763, 11.3153, 8.75678, 19.3082, 7.1215, 11.1803];
HighestPossibleCritFunctionValue = 1.1;
