NumDevices = 64;
NumSlotes = 512;


GivenBandwidthOld = [0.00577969, 0.0055422, 0.0077911, 0.00503013, 0.00759727, 0.00354448, 0.00711522, 0.00798188, 0.00520536, 0.00275858, 0.00477678, 0.00576174, 0.00374977, 0.00743096, 0.0083411, 0.00507642, 0.00442181, 0.0086552, 0.00296215, 0.00732982, 0.00853553, 0.00413372, 0.0042392, 0.00826187, 0.00474365, 0.00530135, 0.00355401, 0.00475912, 0.00278453, 0.00339612, 0.00725645, 0.00668563, 0.00665981, 0.00384719, 0.00716108, 0.00383136, 0.00374062, 0.00363473, 0.00515574, 0.0062773, 0.00634657, 0.00802384, 0.00414914, 0.00710644, 0.00426983, 0.00423462, 0.00618192, 0.00320268, 0.00613438, 0.00431723, 0.00717966, 0.00349818, 0.00398217, 0.0071262, 0.00495865, 0.00625091, 0.00651151, 0.00516668, 0.00262884, 0.00541706, 0.00460659, 0.00787663, 0.00503087, 0.00758512];
GivenLatency = [72.3234, 90.5716, 60.6744, 66.8656, 43.2649, 99.579, 67.0911, 65.8201, 122.595, 184.808, 96.2772, 101.656, 145.066, 48.6143, 65.3827, 119.828, 88.7566, 47.4285, 130.877, 50.1836, 65.3841, 87.1149, 75.2674, 42.7307, 135.922, 99.1068, 93.0465, 89.8754, 125.909, 99.6001, 46.2156, 48.1119, 52.4858, 97.7765, 78.1043, 81.56, 83.9174, 156.789, 60.8539, 54.4034, 70.9478, 58.6494, 112.852, 44.1118, 78.4013, 80.0692, 92.7336, 126.484, 59.7413, 72.3569, 55.7288, 89.2022, 98.5394, 53.0095, 89.3375, 81.2794, 55.737, 86.202, 133.894, 70.8621, 68.7325, 48.1783, 95.783, 50.1132];
HighestPossibleCritFunctionValue = 1.1;
