NumDevices = 128;
NumSlotes = 1024;


GivenBandwidthOld = [0.0040589, 0.00787254, 0.00998588, 0.00395341, 0.00992705, 0.00898531, 0.00618569, 0.00910617, 0.00611364, 0.00451774, 0.00719065, 0.00582178, 0.0053748, 0.00552897, 0.00917915, 0.00769814, 0.00385514, 0.00837447, 0.0085543, 0.00589174, 0.00618558, 0.00724946, 0.00666763, 0.00910012, 0.00442998, 0.00720429, 0.00379483, 0.00728183, 0.00701088, 0.00936706, 0.00964924, 0.00855037, 0.00851273, 0.00725044, 0.00438451, 0.00539482, 0.00441801, 0.00604811, 0.00938153, 0.00913385, 0.00880951, 0.00770297, 0.00376953, 0.00702075, 0.00647132, 0.00978268, 0.00749686, 0.00847967, 0.00778469, 0.00849739, 0.00571436, 0.00631009, 0.00617409, 0.00794176, 0.00469694, 0.00647687, 0.00930231, 0.0089285, 0.00753866, 0.00480093, 0.00421396, 0.00784205, 0.00376116, 0.00385057, 0.00645946, 0.00417221, 0.00610693, 0.00425033, 0.00648953, 0.00944613, 0.00740146, 0.00512363, 0.00914906, 0.00828872, 0.00475244, 0.00796652, 0.0082592, 0.00868291, 0.00497618, 0.0059152, 0.00672728, 0.00536233, 0.00848928, 0.00688141, 0.00832408, 0.00536558, 0.00685526, 0.00633119, 0.00450729, 0.00649527, 0.00596297, 0.00968351, 0.00955334, 0.0092216, 0.00871189, 0.00441502, 0.00577289, 0.00864961, 0.007775, 0.00812581, 0.0042041, 0.00452442, 0.00688899, 0.00458149, 0.00979846, 0.00390459, 0.00824674, 0.00540839, 0.0075329, 0.00802645, 0.00937235, 0.00482964, 0.00549959, 0.0091459, 0.00518416, 0.00771588, 0.00833863, 0.00606968, 0.00941813, 0.00549822, 0.00481662, 0.00550648, 0.0062362, 0.00798147, 0.00960369, 0.00543658, 0.00629141, 0.00466724];
GivenLatency = [956.765, 425.189, 412.814, 907.456, 454.896, 466.44, 632.154, 487.715, 724.338, 996.435, 600.838, 743.943, 702.454, 774.399, 394.985, 610.262, 967.117, 456.257, 405.573, 633.244, 799.136, 491.817, 716.759, 388.318, 913.54, 480.181, 1249.46, 532.066, 575.19, 360.848, 394.892, 534.688, 465.883, 589.995, 872.256, 710.312, 885.737, 652.236, 425.547, 406.121, 422.783, 548.482, 1085.22, 622.612, 650.633, 442.518, 623.986, 522.14, 456.147, 410.121, 772.298, 621.322, 658.389, 594.406, 931.123, 555.451, 435.518, 503.926, 500.118, 897.353, 1030.26, 499.018, 1234.37, 1172.37, 547.994, 848.733, 600.379, 875.428, 560.817, 475.099, 452.332, 850.585, 520.858, 578.996, 727.202, 476.063, 455.682, 566.152, 828.042, 591.747, 517.85, 770.522, 528.225, 707.917, 412.288, 731.143, 694.732, 569.2, 739.886, 585.158, 775.866, 351.979, 408.332, 430.424, 457.218, 963.264, 679.535, 451.84, 627.592, 418.193, 1086.8, 840.431, 629.636, 832.823, 411.534, 869.197, 432.912, 921.525, 614.935, 477.494, 371.04, 826.021, 777.086, 367.695, 710.031, 458.685, 448.076, 649.557, 488.069, 832.564, 804.535, 787.069, 624.099, 514.57, 408.889, 793.93, 572.545, 797.797];
HighestPossibleCritFunctionValue = 1.1;
