NumDevices = 128;
NumSlotes = 1024;


GivenBandwidthOld = [0.00614135, 0.00524295, 0.00568418, 0.00651662, 0.00737544, 0.0065876, 0.00523742, 0.00787847, 0.0059018, 0.00401643, 0.00663124, 0.00871481, 0.00733025, 0.00707916, 0.00689463, 0.00550711, 0.00557931, 0.00401521, 0.00618587, 0.0083432, 0.00665471, 0.00823402, 0.00674663, 0.00809753, 0.00763525, 0.00819481, 0.00763415, 0.00466263, 0.00733254, 0.00548613, 0.00780541, 0.00795315, 0.00606371, 0.00530074, 0.00711767, 0.00415192, 0.00378898, 0.0038301, 0.00497031, 0.00852256, 0.00615121, 0.00591501, 0.00611791, 0.00622122, 0.00746731, 0.00555056, 0.00573045, 0.00424935, 0.00632327, 0.00762208, 0.00679085, 0.00634954, 0.00423447, 0.00630524, 0.00471486, 0.00518816, 0.00498842, 0.00783884, 0.00481728, 0.00645834, 0.0078833, 0.00712261, 0.00713573, 0.00776813, 0.00639989, 0.00547736, 0.0054814, 0.00839456, 0.00492042, 0.00499166, 0.00733842, 0.00438572, 0.0083459, 0.00706221, 0.00706554, 0.00804126, 0.00695193, 0.00855931, 0.0087396, 0.00391118, 0.00770884, 0.00497771, 0.00781137, 0.00816871, 0.00402559, 0.00566671, 0.00784593, 0.00403957, 0.00551562, 0.00855448, 0.00762875, 0.0038978, 0.00782673, 0.00632698, 0.00504395, 0.00614304, 0.00850252, 0.00430267, 0.00754808, 0.00815155, 0.00551995, 0.0063518, 0.00728436, 0.00580444, 0.00766807, 0.00476029, 0.00376874, 0.00375776, 0.00421538, 0.0053899, 0.00558086, 0.00498291, 0.00527848, 0.00791211, 0.00632618, 0.00660858, 0.00785289, 0.00595801, 0.0037942, 0.00668696, 0.00529556, 0.00496819, 0.00786965, 0.00773039, 0.00720383, 0.00732169, 0.00806269, 0.00717838];
GivenLatency = [200.433, 192.472, 214.265, 162.566, 165.147, 148.134, 210.727, 137.339, 171.635, 241.243, 189.157, 127.933, 131.021, 157.588, 168.577, 214.828, 179.198, 252.111, 167.924, 140.28, 169.867, 124.228, 181.732, 132.168, 136.745, 139.67, 125.02, 264.754, 142.599, 203.793, 130.471, 146.47, 167.182, 242.269, 147.81, 294.217, 288.043, 280.771, 238.338, 143.748, 159.657, 169.677, 163.276, 192.598, 132.184, 181.359, 194.375, 303.651, 186.989, 167.463, 142.121, 204.476, 273.238, 160.347, 260.139, 245.136, 222.955, 130.126, 212.274, 193.5, 129.812, 152.62, 139.543, 140.088, 166.778, 194.2, 181.008, 114.19, 218.542, 233.248, 147.089, 254.219, 151.111, 136.424, 145.31, 146.026, 172.474, 138.422, 128.14, 274.928, 131.69, 245.967, 136.054, 127.717, 262.092, 207.93, 132.64, 315.548, 227.346, 140.358, 124.944, 247.194, 129.372, 184.519, 223.851, 161.139, 146.288, 256.447, 147.457, 122.077, 210.24, 172.384, 144.008, 179.996, 146.964, 201.491, 259.155, 299.477, 301.989, 222.568, 201.073, 227.627, 219.182, 124.694, 185.516, 175.158, 159.374, 196.834, 312.126, 192.758, 232.134, 239.593, 142.025, 139.263, 163.774, 170.393, 140.225, 159.11];
HighestPossibleCritFunctionValue = 1.1;
