NumDevices = 128;
NumSlotes = 1024;


GivenBandwidthOld = [0.00838956, 0.00581004, 0.0068056, 0.00416053, 0.00848543, 0.00720707, 0.00673878, 0.00622285, 0.00498584, 0.00451358, 0.00727198, 0.00773771, 0.00518975, 0.0065859, 0.00677726, 0.00794646, 0.00870593, 0.00803745, 0.00787459, 0.00567648, 0.00717084, 0.00787382, 0.0078761, 0.00619914, 0.00636714, 0.00494609, 0.00640782, 0.00376473, 0.00635926, 0.00761447, 0.00392465, 0.00406677, 0.00770914, 0.00507439, 0.00784976, 0.00846663, 0.00616451, 0.00434705, 0.00844725, 0.00543454, 0.00579654, 0.00495989, 0.00833644, 0.0081207, 0.00715655, 0.00757967, 0.00409377, 0.00642901, 0.00486242, 0.00520457, 0.00576091, 0.00609163, 0.00452187, 0.00656809, 0.00741011, 0.0041738, 0.00652217, 0.00556273, 0.00532728, 0.00813392, 0.00432201, 0.00749107, 0.00491977, 0.00411414, 0.00388588, 0.00755064, 0.0061668, 0.00785346, 0.00554563, 0.00784619, 0.00843087, 0.00505317, 0.00614471, 0.00663127, 0.00426704, 0.00863659, 0.00759069, 0.00424794, 0.00756339, 0.0053395, 0.00848333, 0.00688029, 0.0044976, 0.00858545, 0.00814061, 0.00676584, 0.00601235, 0.00704337, 0.00544778, 0.00827979, 0.00596317, 0.00551656, 0.00429444, 0.00419369, 0.00576351, 0.0047463, 0.00849266, 0.00871674, 0.00468771, 0.00388352, 0.00787279, 0.00549229, 0.00643718, 0.00715956, 0.00815281, 0.00681159, 0.00490445, 0.0065634, 0.00848833, 0.00593745, 0.0082267, 0.00864715, 0.00522, 0.00508746, 0.00741331, 0.00798267, 0.00722312, 0.00650258, 0.0063388, 0.00870432, 0.00598455, 0.00475227, 0.0038736, 0.00607208, 0.00599413, 0.00588907, 0.00513217, 0.00382654];
GivenLatency = [139.901, 215.995, 153.794, 231.402, 112.445, 157.242, 158.602, 164.152, 215.457, 219.431, 158.338, 136.179, 194.226, 171.039, 145.118, 136.66, 137.936, 124.249, 161.281, 174.92, 170.066, 160.352, 155.45, 199.466, 175.277, 197.702, 189.751, 254.91, 176.032, 134.393, 310.354, 311.725, 133.859, 199.735, 152.681, 116.043, 185.9, 251.203, 114.638, 230.417, 164.436, 221.863, 141.139, 135.688, 135.487, 148.874, 254.325, 168.054, 197.264, 242.838, 171.348, 212.171, 211.111, 169.213, 137.959, 236.994, 179.849, 184.5, 236.612, 124.452, 247.588, 137.175, 236.08, 267.038, 260.642, 134.301, 168.999, 155.736, 215.373, 121.625, 118.363, 201.944, 176.522, 155.275, 278.401, 145.784, 137.831, 287.436, 133.122, 179.326, 133.852, 171.987, 233.761, 132.263, 152.911, 143.574, 201.377, 160.972, 189.767, 124.78, 181.783, 220.864, 233.935, 253.674, 201.6, 218.719, 132.248, 121.604, 219.535, 283.316, 126.982, 199.395, 180.297, 159.403, 143.259, 148.052, 206.666, 179.95, 118.539, 173.092, 135.731, 120.169, 193.846, 241.963, 130.762, 130.653, 172.579, 172.625, 158.157, 129.962, 178.125, 238.054, 306.986, 186.522, 189.574, 210.347, 251.53, 291.117];
HighestPossibleCritFunctionValue = 1.1;
