NumDevices = 128;
NumSlotes = 1024;


GivenBandwidthOld = [0.00948204, 0.0045795, 0.00765549, 0.00583548, 0.00437839, 0.00892426, 0.00499186, 0.00689217, 0.00793223, 0.00702056, 0.0095424, 0.00659947, 0.00728258, 0.00714577, 0.00772224, 0.00888139, 0.00957334, 0.00794081, 0.00746085, 0.00946292, 0.00834373, 0.0042856, 0.00550932, 0.00388543, 0.00492491, 0.00676428, 0.0084182, 0.00598315, 0.00501287, 0.00378698, 0.0064845, 0.00622344, 0.00608792, 0.00964185, 0.00936423, 0.00585659, 0.00923718, 0.00800213, 0.0067603, 0.00406658, 0.00574961, 0.00491401, 0.00477417, 0.00448741, 0.0098162, 0.00832694, 0.00955298, 0.00935564, 0.00518523, 0.00691346, 0.00951073, 0.00561214, 0.00700035, 0.00731644, 0.0073782, 0.00785247, 0.00403363, 0.00823614, 0.00862815, 0.00959134, 0.00415489, 0.00872955, 0.0075062, 0.00914558, 0.00607662, 0.00727301, 0.00871532, 0.00587188, 0.00985576, 0.00448722, 0.00667459, 0.00741455, 0.00638158, 0.00770956, 0.00825654, 0.00770908, 0.00646373, 0.00707898, 0.00393184, 0.00990435, 0.00860052, 0.00762802, 0.00665663, 0.00555883, 0.00470957, 0.00631248, 0.00890275, 0.00608138, 0.00592129, 0.00908592, 0.0094879, 0.00937161, 0.00487867, 0.00453243, 0.00413882, 0.00743929, 0.00956788, 0.0099191, 0.00653975, 0.00979006, 0.00659617, 0.00813847, 0.00455141, 0.00422987, 0.00646234, 0.00883305, 0.00957138, 0.00625383, 0.00436211, 0.00404966, 0.00896291, 0.00459572, 0.00523463, 0.00588226, 0.0094714, 0.00706393, 0.00716662, 0.00812136, 0.00443913, 0.00478906, 0.0048038, 0.00868717, 0.00768802, 0.00887707, 0.00558624, 0.00921848, 0.00618717, 0.00893435];
GivenLatency = [452.884, 960.993, 597.973, 736.787, 890.855, 511.445, 990.904, 500.081, 517.32, 522.825, 491.808, 554.424, 548.914, 534.821, 481.228, 393.635, 408.968, 471.885, 480.389, 504.175, 458.305, 876.193, 625.926, 1192.45, 894.11, 704.206, 519.096, 753.979, 821.334, 1310.59, 647.406, 583.89, 576.878, 499.72, 500.976, 773.451, 476.935, 459.204, 671.769, 892.811, 690.226, 746.567, 784.784, 1009.36, 445.184, 425.724, 374.412, 417.329, 744.716, 643.465, 390.079, 656.252, 624.281, 575.992, 497.087, 507.493, 881.809, 416.409, 442.621, 359.934, 1109.52, 480.049, 573.124, 540.496, 645.451, 583.799, 485.536, 597.003, 445.588, 826.479, 724.588, 533.795, 534.166, 531.581, 558.109, 615.944, 655.464, 529.533, 870.803, 345.98, 559.4, 510.685, 601.902, 636.005, 824.088, 583.608, 464.906, 559.951, 601.461, 387.491, 425.156, 528.315, 807.48, 863.15, 856.025, 642.995, 355.724, 483.347, 562.493, 506.352, 720.832, 417.971, 887.534, 1002.3, 547.022, 382.179, 393.646, 595.558, 1008.56, 1035.06, 487.071, 737.754, 707.159, 744.209, 368.609, 571.716, 593.645, 446.898, 841.748, 1032.77, 1026.93, 455.904, 541.876, 424.276, 732.63, 472.212, 650.76, 466.942];
HighestPossibleCritFunctionValue = 1.1;
