NumDevices = 16;
NumSlotes = 128;


GivenBandwidthOld = [0.043057, 0.0787937, 0.0561043, 0.0644804, 0.0426272, 0.0551226, 0.06545, 0.0380805, 0.0381855, 0.0534278, 0.0304661, 0.0642504, 0.0766958, 0.0467545, 0.0726063, 0.0640202];
GivenLatency = [36.2244, 18.112, 26.6749, 28.9023, 35.6287, 31.8041, 24.573, 40.9625, 42.0208, 30.9597, 64.7212, 23.6704, 18.8575, 42.6422, 18.6559, 23.5182];
HighestPossibleCritFunctionValue = 1.1;
