NumDevices = 32;
NumSlotes = 256;


GivenBandwidthOld = [0.0202658, 0.0172724, 0.0265468, 0.0228979, 0.0343158, 0.0161713, 0.0210113, 0.0264407, 0.0187756, 0.0307789, 0.030332, 0.0193336, 0.0300092, 0.034541, 0.0208145, 0.0200351, 0.0199417, 0.0307596, 0.0257903, 0.0271655, 0.0200779, 0.0192924, 0.0181884, 0.021805, 0.026969, 0.0187626, 0.032636, 0.0238706, 0.0233091, 0.0266121, 0.0198861, 0.0152059];
GivenLatency = [41.2066, 62.3829, 41.8207, 48.7301, 26.006, 54.3681, 43.8899, 43.0191, 60.9728, 35.035, 31.5134, 52.5885, 38.3199, 29.2481, 48.067, 51.8566, 47.2804, 31.976, 42.1816, 41.2142, 54.5173, 57.425, 54.0556, 46.1671, 35.4359, 54.0047, 32.9182, 47.0456, 46.2114, 34.2172, 42.0795, 63.7785];
HighestPossibleCritFunctionValue = 1.1;
