NumDevices = 128;
NumSlotes = 1024;


GivenBandwidthOld = [0.00486796, 0.00828484, 0.00572134, 0.00608535, 0.00392486, 0.00756539, 0.00404658, 0.00832157, 0.00821824, 0.00640477, 0.00748957, 0.00470184, 0.00634163, 0.00630684, 0.00656181, 0.00689359, 0.00803725, 0.00455938, 0.00692712, 0.00653439, 0.00597119, 0.00533817, 0.0061826, 0.00850293, 0.00624635, 0.00484679, 0.00752748, 0.00679675, 0.00543635, 0.00615886, 0.00449361, 0.00662785, 0.006721, 0.00732641, 0.00755344, 0.00821192, 0.00530945, 0.0084759, 0.00694745, 0.00823551, 0.0067129, 0.00627246, 0.00872516, 0.00628865, 0.00577684, 0.0038462, 0.00559916, 0.00751023, 0.00692595, 0.00698506, 0.00536095, 0.00391597, 0.00819107, 0.00487594, 0.007474, 0.00804084, 0.00492851, 0.00589054, 0.00474543, 0.00398954, 0.00472615, 0.0049091, 0.00473755, 0.00657747, 0.00503451, 0.00758843, 0.00616408, 0.00719019, 0.00805919, 0.00836963, 0.00589015, 0.0082958, 0.00501371, 0.00793618, 0.00592188, 0.00658488, 0.00450161, 0.00603674, 0.0069639, 0.00478899, 0.00612158, 0.00783215, 0.00753157, 0.00565807, 0.00776524, 0.00781489, 0.00730386, 0.00842596, 0.0075866, 0.00549798, 0.00701722, 0.00594721, 0.00726446, 0.00635996, 0.00442122, 0.00485877, 0.00392175, 0.00541841, 0.00473725, 0.00639387, 0.00426898, 0.0062934, 0.00571545, 0.00712967, 0.00591611, 0.0045442, 0.00681655, 0.0083038, 0.00454141, 0.00492271, 0.00847325, 0.00746201, 0.0065285, 0.00705931, 0.00828335, 0.00577318, 0.00742039, 0.00706127, 0.00624661, 0.00426004, 0.00602852, 0.00385991, 0.00595249, 0.0059402, 0.00448399, 0.00485171, 0.00514052, 0.00417318];
GivenLatency = [226.383, 118.978, 187.969, 187.149, 267.826, 157.524, 259.53, 152.684, 147.876, 159.712, 134.096, 222.103, 153.891, 153.096, 176.562, 159.274, 124.373, 224.342, 173.894, 184.234, 194.897, 181.748, 197.935, 124.848, 193.852, 218.216, 165.141, 157.945, 207.522, 164.703, 224.714, 162.493, 162.426, 145.281, 142.007, 132.301, 185.856, 150.97, 151.731, 122.345, 164.903, 201.087, 135.941, 179.142, 198.704, 265.083, 170.554, 135.468, 156.99, 137.737, 226.801, 265.578, 143.035, 204.794, 127.993, 123.024, 201.291, 163.828, 233.87, 281.833, 233.868, 226.132, 255.4, 175.606, 210.83, 128.588, 161.414, 163.558, 124.316, 131.583, 196.748, 129.823, 241.878, 140.445, 187.955, 179.129, 266.967, 187.404, 144.649, 227.921, 198.282, 125.279, 150.353, 177.261, 122.837, 149.801, 154.736, 149.816, 161.278, 184.506, 138.072, 167.959, 149.841, 167.193, 282.354, 244.325, 305.715, 180.512, 238.057, 150.336, 239.711, 164.87, 171.874, 172.541, 198.678, 238.292, 172.063, 137.839, 263.392, 205.629, 139.155, 145.441, 146.209, 155.254, 118.164, 223.951, 131.421, 145.179, 200.601, 230.541, 161.669, 284.981, 162.5, 190.354, 258.474, 236.494, 195.854, 234.513];
HighestPossibleCritFunctionValue = 1.1;
