NumDevices = 64;
NumSlotes = 512;


GivenBandwidthOld = [0.0139167, 0.0124857, 0.0127486, 0.0108633, 0.013959, 0.0133819, 0.0151664, 0.0166727, 0.012371, 0.0149307, 0.0156594, 0.0119378, 0.0134761, 0.00783843, 0.0154351, 0.0125534, 0.00973168, 0.0153659, 0.0098538, 0.00784174, 0.011055, 0.0160985, 0.0127431, 0.00801795, 0.0127629, 0.01166, 0.0144404, 0.0143478, 0.00888934, 0.00806232, 0.00848209, 0.0135739, 0.0107946, 0.00900287, 0.016295, 0.0143173, 0.0159444, 0.0125047, 0.0123022, 0.00873751, 0.0163942, 0.0125554, 0.0139215, 0.0134549, 0.011928, 0.00928905, 0.0160423, 0.00806236, 0.0090308, 0.0156882, 0.0162837, 0.0149636, 0.00860597, 0.0155459, 0.0142424, 0.00771005, 0.00777325, 0.0100564, 0.0137249, 0.00883726, 0.0129019, 0.0173056, 0.0101233, 0.0165696];
GivenLatency = [81.2147, 99.0659, 88.7267, 98.4608, 67.4714, 73.7719, 71.0699, 72.3979, 95.6509, 74.7834, 61.5246, 78.6959, 86.467, 149.336, 62.304, 77.6938, 114.674, 64.8069, 93.4647, 144.336, 89.3171, 62.5492, 96.7985, 150.305, 84.7377, 83.5516, 68.1118, 84.081, 115.146, 131.299, 120.857, 69.5798, 89.8771, 119.511, 70.9837, 85.4462, 57.1846, 80.3658, 85.1347, 141.699, 75.9894, 82.0892, 67.6353, 81.5453, 95.9703, 120.697, 69.7372, 143.118, 102.544, 75.8872, 60.6545, 69.0442, 105.915, 77.1431, 75.1745, 122.215, 152.978, 95.6216, 88.811, 108.894, 93.9288, 60.6305, 114, 69.9196];
HighestPossibleCritFunctionValue = 1.1;
