NumDevices = 16;
NumSlotes = 128;


GivenBandwidthOld = [0.0542333, 0.0390626, 0.0649568, 0.06937, 0.0415153, 0.0479451, 0.0337293, 0.0688416, 0.0402272, 0.039246, 0.0683619, 0.0588681, 0.0563988, 0.0341259, 0.0532736, 0.0695764];
GivenLatency = [16.3774, 22.0564, 15.7943, 15.9211, 23.9805, 21.0909, 31.2624, 12.3994, 24.2705, 25.8768, 11.7667, 15.975, 14.0802, 24.057, 15.6433, 12.4701];
HighestPossibleCritFunctionValue = 1.1;
