NumDevices = 128;
NumSlotes = 1024;


GivenBandwidthOld = [0.00383639, 0.001917, 0.0021162, 0.00324577, 0.00358832, 0.00142059, 0.00271126, 0.00132261, 0.0028741, 0.00372512, 0.00370679, 0.00194487, 0.00180977, 0.00300252, 0.00276324, 0.00309149, 0.00431234, 0.00429617, 0.0013624, 0.00277463, 0.00379175, 0.00166045, 0.00284755, 0.00435852, 0.00240273, 0.00325428, 0.00287451, 0.00132503, 0.0028807, 0.00213054, 0.0036739, 0.0022443, 0.00305859, 0.00142249, 0.00341591, 0.00374865, 0.00238809, 0.00409797, 0.00153389, 0.00379544, 0.00435353, 0.00282681, 0.00265065, 0.00140506, 0.00417118, 0.00374933, 0.00435054, 0.00261527, 0.00355749, 0.00190952, 0.00137792, 0.00126885, 0.0025108, 0.00405908, 0.00405428, 0.0015748, 0.0038491, 0.00303408, 0.00188523, 0.00257509, 0.00332192, 0.00218111, 0.00356497, 0.00269502, 0.00335318, 0.00257724, 0.0019142, 0.00200836, 0.00320894, 0.00323465, 0.00418941, 0.00398489, 0.00404245, 0.00275829, 0.0041215, 0.0032359, 0.00320752, 0.00126173, 0.00148172, 0.0019925, 0.00225922, 0.00376499, 0.00186086, 0.00240971, 0.00193213, 0.00332609, 0.00351617, 0.00134962, 0.00377148, 0.00160971, 0.00319357, 0.00125003, 0.00173051, 0.00225914, 0.00243052, 0.00155982, 0.00211848, 0.00403479, 0.00214242, 0.00329716, 0.00167652, 0.0040979, 0.00332911, 0.00429207, 0.00430048, 0.00199455, 0.00237732, 0.00131156, 0.00147484, 0.00201958, 0.00427278, 0.0020295, 0.00233419, 0.00132337, 0.00320032, 0.00214316, 0.00325281, 0.00303029, 0.0038569, 0.00295579, 0.00168551, 0.00216128, 0.00147924, 0.00407777, 0.00254365, 0.00292282, 0.00375246, 0.00380575];
GivenLatency = [114.531, 281.873, 154.865, 107.018, 112.253, 391.51, 216.585, 414.084, 160.521, 165.705, 98.3907, 175.318, 178.997, 183.621, 175.466, 101.297, 94.603, 138.627, 315.727, 168.691, 103.839, 309.615, 187.251, 75.3647, 152.54, 144.469, 138.699, 475.394, 141.301, 262.408, 87.7721, 172.902, 119.468, 225.841, 134.346, 138.613, 144.003, 86.6634, 209.557, 83.7817, 102.193, 232.727, 163.262, 380.461, 138.377, 165.668, 82.5462, 230.818, 123.378, 201.854, 286.499, 436.672, 189.095, 87.1301, 98.8975, 312.436, 118.834, 164.42, 208.639, 121.373, 169.737, 256.419, 141.354, 189.947, 134.892, 214.387, 176.058, 196.388, 178.162, 152.481, 80.2684, 113.863, 118.672, 139.798, 76.9182, 114.22, 102.323, 385.41, 304.614, 205.034, 141.859, 86.2148, 176.579, 175.291, 193.525, 102.963, 92.1071, 289.3, 167.322, 213.708, 105.125, 332.448, 355.821, 164.261, 152.085, 200.66, 182.726, 112.288, 276.11, 116.889, 269.621, 97.7699, 131.435, 149.163, 78.2597, 163.796, 166.041, 276.985, 212.418, 312.221, 112.545, 199.635, 178.045, 257.005, 108.606, 180.233, 177.317, 128.012, 128.277, 174.223, 248.952, 253.362, 350.375, 77.6481, 186.941, 149.701, 90.1155, 134.358];
HighestPossibleCritFunctionValue = 1.1;
