NumDevices = 128;
NumSlotes = 1024;


GivenBandwidthOld = [0.00999988, 0.00797468, 0.00798676, 0.00476022, 0.00744555, 0.00857834, 0.00996806, 0.00448541, 0.00753999, 0.00832698, 0.00400402, 0.00435301, 0.00728197, 0.00924903, 0.00713602, 0.00638126, 0.00852184, 0.00412345, 0.00535375, 0.00796863, 0.00623222, 0.00995767, 0.00484903, 0.00638814, 0.00548085, 0.00662437, 0.00696228, 0.00496061, 0.00678354, 0.00716644, 0.00502148, 0.00478758, 0.00493854, 0.00458623, 0.00832381, 0.0070598, 0.00663667, 0.0075006, 0.00889893, 0.00435657, 0.00470212, 0.00596839, 0.00690875, 0.00528816, 0.00563533, 0.00920883, 0.00650635, 0.00477811, 0.00813338, 0.00652391, 0.00616093, 0.00552326, 0.00697669, 0.00968483, 0.00676423, 0.00770957, 0.00855854, 0.00842348, 0.0071341, 0.00524095, 0.00583761, 0.00899195, 0.00518464, 0.00957028, 0.00650669, 0.00427095, 0.00934599, 0.00554174, 0.00502805, 0.00888269, 0.00637213, 0.00514213, 0.00746476, 0.00642537, 0.00618009, 0.00880728, 0.00762886, 0.00828132, 0.00545409, 0.00688734, 0.00800463, 0.00515427, 0.0052914, 0.00998643, 0.00692659, 0.00517194, 0.00846739, 0.00764991, 0.00572628, 0.00654075, 0.00792184, 0.00728787, 0.00840365, 0.00508534, 0.00938974, 0.00963822, 0.0045844, 0.0087231, 0.00532483, 0.00948964, 0.00741214, 0.00955557, 0.00925848, 0.00982349, 0.00588387, 0.00515218, 0.00770348, 0.00619296, 0.00630812, 0.00440205, 0.00644169, 0.00554834, 0.00964243, 0.00659852, 0.00384115, 0.00446932, 0.00593652, 0.0089108, 0.00389705, 0.00646117, 0.00787014, 0.00715694, 0.00798588, 0.00875952, 0.00492146, 0.00491987, 0.00949848, 0.00601449];
GivenLatency = [401.107, 625.453, 550.243, 976.349, 535.07, 490.448, 350.768, 951.865, 594.093, 540.333, 1042.36, 905.193, 467.122, 423.5, 609.931, 565.914, 421.413, 1076.67, 926.949, 425.056, 676.995, 371.101, 1003.5, 555.903, 638.911, 560.249, 699.562, 817.054, 698.461, 561.965, 701.501, 931.158, 732.963, 1032.41, 513.145, 578.906, 622.664, 627.219, 508.757, 798.501, 811.977, 725.363, 484.294, 884.126, 650.199, 425.707, 708.618, 800.922, 575.202, 709.685, 580.393, 711.951, 715.992, 349.684, 588.64, 489.583, 578.011, 457.464, 530.823, 769.99, 819.89, 436.158, 919.122, 438.429, 530.509, 868.066, 373.231, 785.054, 724.103, 427.939, 639.467, 769.249, 557.088, 566.909, 758.35, 506.755, 534.817, 554.073, 640.495, 502.892, 441.028, 836.913, 878.737, 489.058, 516.274, 879.145, 422.194, 612.293, 617.269, 702.976, 435.484, 608.96, 480.012, 682.413, 367.685, 488.899, 823.854, 417.046, 813.517, 383.429, 489.492, 429.655, 389.425, 478.349, 612.109, 688.186, 493.379, 682.938, 648.181, 783.799, 646.823, 858.481, 410.7, 652.678, 1203.56, 786.019, 633.223, 426.621, 1247.12, 601.066, 633.247, 530.628, 622.027, 483.271, 780.005, 861.343, 390.687, 678.089];
HighestPossibleCritFunctionValue = 1.1;
