NumDevices = 128;
NumSlotes = 1024;


GivenBandwidthOld = [0.00216307, 0.00349586, 0.00370308, 0.00198722, 0.00412605, 0.00146921, 0.00426732, 0.00389546, 0.00405977, 0.00322787, 0.00276509, 0.00287128, 0.00329632, 0.00313748, 0.00218919, 0.00187334, 0.00269972, 0.0042287, 0.00183037, 0.00239097, 0.00255423, 0.00270356, 0.00317108, 0.00133016, 0.00164521, 0.00298463, 0.00200793, 0.00229355, 0.00275983, 0.00195921, 0.00222317, 0.00420304, 0.00166874, 0.00146716, 0.00413727, 0.00262876, 0.00214768, 0.00417656, 0.0035794, 0.00150512, 0.00148527, 0.00227003, 0.00433333, 0.00405822, 0.00217482, 0.00408847, 0.00435683, 0.00209685, 0.00302024, 0.00368431, 0.00218251, 0.00204745, 0.00403512, 0.00142456, 0.00389088, 0.00213231, 0.00211849, 0.00422057, 0.00264567, 0.0019785, 0.00138402, 0.00378519, 0.0039978, 0.00226365, 0.0032267, 0.00179298, 0.00214994, 0.00156712, 0.00299597, 0.00205948, 0.00305326, 0.00232506, 0.00421753, 0.00148188, 0.00156101, 0.00347217, 0.00242042, 0.00372861, 0.00299916, 0.00253885, 0.00354681, 0.00367284, 0.0032011, 0.00271936, 0.00307001, 0.00270755, 0.00138919, 0.00317147, 0.00158204, 0.00371799, 0.00266237, 0.00152143, 0.00387552, 0.00340011, 0.0037592, 0.00156897, 0.00280619, 0.00302162, 0.00181025, 0.00177925, 0.00257387, 0.00159369, 0.00264021, 0.00404158, 0.00371765, 0.00312375, 0.00268777, 0.00331656, 0.00267972, 0.00246144, 0.00251229, 0.00401289, 0.0028375, 0.00421048, 0.00182926, 0.00245292, 0.00313815, 0.00407756, 0.00217826, 0.00244669, 0.00155763, 0.00275489, 0.00324747, 0.00398268, 0.00135375, 0.00433914, 0.00170319, 0.00230692];
GivenLatency = [214.706, 105.225, 92.7661, 278.715, 150.002, 246.733, 127.336, 105.498, 80.124, 112.134, 120.721, 129.135, 102.59, 100.473, 181.709, 202.23, 144.023, 130.912, 293.542, 198.722, 124.203, 159.992, 186.172, 354.718, 259.932, 160.468, 157.595, 208.763, 156.442, 193.781, 250.131, 144.948, 196.201, 337.92, 123.225, 134.431, 146.646, 157.47, 93.7524, 287.126, 212.239, 180.504, 74.1136, 83.1303, 158.682, 109.285, 71.9658, 194.244, 118.104, 85.3507, 176.574, 238.822, 157.213, 237.903, 109.279, 238.662, 147.869, 100.799, 217.05, 267.299, 317.493, 109.907, 79.7838, 166.614, 198.297, 178.98, 236.91, 418.271, 104.971, 205.128, 127.984, 268.014, 78.7784, 429.313, 223.729, 95.0295, 245.338, 94.6501, 206.819, 251.619, 88.4569, 114.37, 123.623, 115.178, 164.27, 117.818, 254.489, 171.223, 245.204, 94.7322, 175.296, 275.05, 143.935, 93.9767, 107.151, 415.688, 129.987, 113.915, 179.833, 272.265, 208.755, 241.057, 143.119, 130.82, 142.842, 129.635, 144.763, 133.62, 169.7, 128.962, 155.05, 119.997, 187.124, 126.067, 178.549, 151.338, 187.581, 98.0232, 259.275, 181.484, 229.946, 236.698, 112.824, 133.23, 288.207, 78.57, 213.679, 178.258];
HighestPossibleCritFunctionValue = 1.1;
