NumDevices = 16;
NumSlotes = 128;


GivenBandwidthOld = [0.0333831, 0.0341466, 0.0171838, 0.0230632, 0.0135313, 0.0102848, 0.0210455, 0.0268152, 0.0225923, 0.0246049, 0.0247136, 0.0270887, 0.0194733, 0.02835, 0.0183277, 0.0242075];
GivenLatency = [13.1038, 13.2474, 20.8658, 14.4133, 23.5182, 49.0674, 14.3796, 17.4769, 20.8791, 16.2681, 13.1572, 18.742, 30.8074, 18.4048, 20.547, 20.0607];
HighestPossibleCritFunctionValue = 1.1;
