NumDevices = 16;
NumSlotes = 128;


GivenBandwidthOld = [0.037303, 0.0719098, 0.0577128, 0.048538, 0.0482592, 0.0615134, 0.0764236, 0.0708184, 0.0652898, 0.0463694, 0.050593, 0.0361535, 0.0515014, 0.0540765, 0.0331287, 0.064819];
GivenLatency = [52.1678, 22.4168, 23.211, 35.8116, 35.7611, 24.2953, 17.5284, 20.6432, 28.3909, 38.9165, 26.4615, 45.9309, 37.238, 29.0269, 53.0403, 24.4008];
HighestPossibleCritFunctionValue = 1.1;
