NumDevices = 32;
NumSlotes = 256;


GivenBandwidthOld = [0.0347002, 0.0168923, 0.0195804, 0.0180289, 0.0214993, 0.0280798, 0.0275683, 0.0299221, 0.0300641, 0.0167747, 0.0223254, 0.0328171, 0.0271152, 0.0345397, 0.018121, 0.0304338, 0.0316374, 0.019664, 0.0232533, 0.0287296, 0.0285678, 0.0295821, 0.0167441, 0.0275901, 0.0166751, 0.0286618, 0.0288991, 0.0178875, 0.0248829, 0.0173375, 0.021709, 0.0333912];
GivenLatency = [33.7876, 60.4669, 48.0081, 61.7605, 47.8226, 38.5967, 34.8215, 33.4949, 28.5054, 60.3023, 42.8545, 34.8729, 32.3197, 31.8875, 49.923, 28.4714, 28.737, 45.7123, 40.2307, 29.2218, 33.1273, 28.2976, 57.6212, 38.1404, 57.8446, 39.2858, 34.7507, 64.61, 43.835, 48.2779, 49.6516, 33.1126];
HighestPossibleCritFunctionValue = 1.1;
