NumDevices = 64;
NumSlotes = 512;


GivenBandwidthOld = [0.00314787, 0.00373901, 0.00787236, 0.00823474, 0.00506548, 0.00798218, 0.00396248, 0.00734699, 0.00342178, 0.00739989, 0.00490909, 0.00454439, 0.00631044, 0.00700066, 0.00752986, 0.0080527, 0.00800378, 0.00443926, 0.00813984, 0.00375574, 0.00765676, 0.00345306, 0.00809085, 0.00540843, 0.00330197, 0.00625163, 0.00612384, 0.00840817, 0.00728814, 0.00794405, 0.00683218, 0.00720587, 0.00649907, 0.00858547, 0.00597915, 0.00784729, 0.00566507, 0.00402814, 0.00471059, 0.0058831, 0.00593685, 0.00315847, 0.0068596, 0.00550327, 0.00337525, 0.00650074, 0.00543742, 0.00292659, 0.00348756, 0.00672751, 0.00427834, 0.00348696, 0.00281042, 0.00725409, 0.00453049, 0.00402373, 0.00557536, 0.00250702, 0.00799489, 0.00515039, 0.00378301, 0.00347927, 0.00479218, 0.00846311];
GivenLatency = [131.368, 116.042, 43.9862, 43.3404, 123.17, 45.8393, 95.471, 50.5709, 90.6979, 44.4998, 117.353, 68.9011, 63.8615, 64.9417, 45.9471, 50.6719, 46.5291, 117.098, 47.3562, 109.496, 51.5779, 90.399, 45.3705, 106.536, 168.032, 66.5577, 103.598, 52.9412, 49.2077, 38.9197, 72.4006, 59.5925, 49.9439, 56.6075, 82.0671, 42.0782, 63.8739, 82.0914, 80.9622, 60.7795, 60.067, 139.935, 63.9313, 65.6402, 141.312, 50.574, 108.525, 114.455, 181.36, 62.4728, 149.025, 172.828, 111.528, 58.477, 124.626, 82.487, 60.4948, 218.205, 56.5744, 69.3807, 86.7779, 105.421, 115.676, 52.1107];
HighestPossibleCritFunctionValue = 1.1;
