NumDevices = 32;
NumSlotes = 256;


GivenBandwidthOld = [0.0290877, 0.0274125, 0.032525, 0.0171774, 0.0313844, 0.0277178, 0.0233756, 0.0232788, 0.0167599, 0.0328009, 0.0340251, 0.0302061, 0.0233626, 0.0253636, 0.0154174, 0.0297792, 0.0281739, 0.0284224, 0.0250871, 0.0282422, 0.016323, 0.030858, 0.0208933, 0.0239573, 0.0210598, 0.0218153, 0.0201577, 0.0200611, 0.0170261, 0.0284289, 0.0349184, 0.0237921];
GivenLatency = [34.3544, 40.8289, 27.6715, 54.2944, 32.9529, 32.5219, 40.8512, 36.9755, 50.8867, 33.7242, 27.6794, 29.0699, 47.9225, 38.3684, 63.4956, 35.6894, 34.5008, 37.2788, 46.2372, 39.4819, 69.0218, 35.4706, 42.9135, 39.7023, 44.9729, 51.8934, 43.3808, 54.8057, 50.7264, 33.433, 25.8323, 37.2367];
HighestPossibleCritFunctionValue = 1.1;
