NumDevices = 16;
NumSlotes = 128;


GivenBandwidthOld = [0.0634714, 0.064185, 0.056643, 0.0582974, 0.0639893, 0.0473514, 0.0557756, 0.0412401, 0.0622262, 0.0563809, 0.0537407, 0.0403808, 0.0608084, 0.0665472, 0.0390576, 0.0604743];
GivenLatency = [13.9199, 15.2063, 17.1459, 18.9894, 14.7891, 22.8145, 16.4119, 20.9696, 16.3909, 19.1781, 18.149, 27.3771, 14.3322, 15.3934, 24.7261, 16.3391];
HighestPossibleCritFunctionValue = 1.1;
