NumDevices = 128;
NumSlotes = 1024;


GivenBandwidthOld = [0.006453, 0.00800344, 0.00625219, 0.00804839, 0.00687034, 0.00724515, 0.00672616, 0.00405331, 0.00645284, 0.00536114, 0.00712185, 0.00435754, 0.00470605, 0.00703429, 0.00782047, 0.0060852, 0.00654145, 0.00470508, 0.00577978, 0.00830365, 0.00694759, 0.00566896, 0.00575737, 0.00663529, 0.00681068, 0.00460577, 0.00675664, 0.00642872, 0.00500557, 0.0061417, 0.00598809, 0.00428601, 0.00749351, 0.00597104, 0.0076974, 0.00770213, 0.00715511, 0.00851883, 0.00852554, 0.00631883, 0.00800234, 0.00790358, 0.0079656, 0.00541666, 0.00535686, 0.00524874, 0.00799933, 0.00723191, 0.00418703, 0.00387022, 0.00425072, 0.00442546, 0.00612663, 0.00780512, 0.00815496, 0.00787656, 0.00378981, 0.00789479, 0.00521401, 0.00429102, 0.00671679, 0.00658969, 0.00548207, 0.00463057, 0.00846134, 0.00732852, 0.00798682, 0.00699779, 0.00429134, 0.00713592, 0.00598496, 0.00671926, 0.00815491, 0.00715187, 0.00404832, 0.00761998, 0.00650504, 0.00770867, 0.00719093, 0.00549346, 0.00600361, 0.00517987, 0.00557265, 0.00695366, 0.00762785, 0.00376156, 0.00808677, 0.00685583, 0.00839556, 0.00664204, 0.00534136, 0.00477969, 0.00479134, 0.00550618, 0.00478574, 0.00641643, 0.0084237, 0.00467023, 0.00503345, 0.00469081, 0.00594633, 0.00749321, 0.00588476, 0.00760426, 0.00735929, 0.00502088, 0.00841891, 0.00413994, 0.00749319, 0.0056115, 0.00496239, 0.00539946, 0.00625152, 0.00685082, 0.00417995, 0.00493042, 0.00804991, 0.00732838, 0.005597, 0.00627649, 0.00642819, 0.00602489, 0.00784518, 0.00643692, 0.00784613, 0.00741625, 0.00749432, 0.00447074];
GivenLatency = [160.624, 136.695, 160.749, 118.479, 160.185, 132.673, 158.477, 270.712, 187.72, 183.517, 150.529, 235.866, 230.911, 139.435, 162.513, 203.182, 152.914, 209.9, 178.567, 149.732, 147.661, 168.558, 165.866, 166.493, 178.819, 266.816, 159.838, 200.119, 252.323, 170.719, 215.16, 238.116, 164.046, 204.271, 149.593, 150.534, 135.4, 122.545, 132.331, 194.554, 148.4, 155.334, 149.604, 192.809, 184.473, 197.586, 128.815, 140.284, 256.823, 334.444, 244.964, 254.064, 195.673, 126.973, 131.392, 146.493, 266.659, 126.829, 199.12, 250.314, 162.835, 147.079, 177.572, 206.784, 136.887, 140.431, 138.727, 159.013, 265.644, 144.883, 210.854, 144.292, 127.871, 161.93, 292.184, 138.389, 185.157, 141.679, 145.441, 233.656, 175.83, 227.878, 219.497, 152.804, 155.67, 317.73, 151.409, 163.606, 132.468, 188.234, 192.44, 200.673, 203.622, 199.095, 235.843, 192.684, 146.504, 271.379, 230.393, 267.997, 172.377, 171.526, 176.44, 159.33, 172.823, 209.054, 133.79, 274.088, 136.899, 196.221, 201.645, 224.046, 185.68, 154.188, 258.38, 217.039, 160.892, 169.363, 171.104, 206.723, 149.104, 165.655, 122.453, 173.983, 136.481, 145.497, 142.905, 235.042];
HighestPossibleCritFunctionValue = 1.1;
