NumDevices = 128;
NumSlotes = 1024;


GivenBandwidthOld = [0.00339202, 0.0020966, 0.00186524, 0.00415353, 0.00399447, 0.00249812, 0.00340696, 0.00323804, 0.00166042, 0.00223318, 0.00364215, 0.00300993, 0.00234393, 0.00252138, 0.0036539, 0.00362832, 0.00187527, 0.00390604, 0.00385197, 0.00127051, 0.00223728, 0.00388624, 0.00233798, 0.00252474, 0.0038828, 0.00380724, 0.00261282, 0.00309994, 0.00258616, 0.00187666, 0.00224714, 0.00387971, 0.00198449, 0.00212463, 0.00433123, 0.00306356, 0.00364598, 0.00167841, 0.00155719, 0.00170061, 0.00276296, 0.00149428, 0.00373547, 0.00267116, 0.00227233, 0.00225765, 0.00247694, 0.00376216, 0.00434546, 0.00163745, 0.00374755, 0.00263672, 0.00164419, 0.00145608, 0.00241655, 0.00425857, 0.00372506, 0.00270702, 0.00193955, 0.00295239, 0.00393973, 0.00132846, 0.00429893, 0.00403164, 0.00232149, 0.00361715, 0.001599, 0.00129824, 0.00259027, 0.00221812, 0.00361248, 0.00426299, 0.00299021, 0.00211038, 0.00230485, 0.00205266, 0.00407746, 0.00369995, 0.00257262, 0.00247357, 0.00335052, 0.00150919, 0.00126562, 0.00132307, 0.00128753, 0.00396605, 0.00295444, 0.00405694, 0.00241598, 0.00404604, 0.00373508, 0.00243593, 0.00200341, 0.00435248, 0.00402825, 0.00160047, 0.0040527, 0.00307928, 0.00223573, 0.00278623, 0.00193463, 0.00162835, 0.00390754, 0.00396158, 0.00285282, 0.00239141, 0.00374559, 0.00402964, 0.00305896, 0.00436716, 0.00381434, 0.00324748, 0.00419806, 0.00235926, 0.0039031, 0.0013065, 0.00402034, 0.00291095, 0.00433835, 0.00409592, 0.00141901, 0.00425821, 0.00392674, 0.00178512, 0.00132649, 0.00239731, 0.00288407, 0.00255728];
GivenLatency = [100.457, 183.118, 256.018, 129.214, 156.417, 190.409, 108.953, 120.021, 224.278, 263.616, 134.075, 139.4, 163.639, 219.346, 106.608, 91.2938, 226.043, 112.784, 102.683, 312.126, 268.125, 86.5944, 199.554, 175.956, 138.258, 127.34, 137.857, 105.199, 139.498, 330.348, 162.706, 96.8348, 240.271, 158.853, 126.638, 107.682, 125.287, 236.687, 241.884, 193.701, 144.647, 234.38, 128.208, 128.854, 169.571, 152.51, 128.772, 109.824, 91.5656, 276.797, 144.484, 121.367, 227.657, 299.561, 227.748, 151.206, 84.5274, 226.896, 224.907, 140.674, 123.367, 244.698, 75.653, 131.167, 164.033, 169.67, 262.592, 306.277, 133.913, 161.993, 102.337, 94.2033, 176.706, 297.771, 187.133, 251.347, 128.458, 113.083, 223.291, 243.308, 147.349, 279.769, 319.778, 311.834, 327.537, 134.946, 218.65, 124.108, 130.574, 133.733, 103.871, 148.398, 199.256, 78.7405, 107.328, 373.818, 145.63, 169.091, 205.11, 139.73, 267.793, 226.922, 82.0143, 110.081, 111.914, 240.626, 83.4773, 111.869, 192.066, 102.233, 150.564, 143.293, 129.943, 141.838, 96.1736, 273.738, 114.065, 179.995, 126.63, 148.393, 388.62, 142.294, 113.788, 231.282, 285.128, 188.08, 151.261, 255.101];
HighestPossibleCritFunctionValue = 1.1;
