NumDevices = 16;
NumSlotes = 128;


GivenBandwidthOld = [0.0488918, 0.0441902, 0.0744915, 0.0478772, 0.0419372, 0.0583142, 0.0575301, 0.0780397, 0.032989, 0.065591, 0.0585214, 0.0390361, 0.0489075, 0.0591104, 0.0391588, 0.0613519];
GivenLatency = [31.1533, 32.4505, 20.6054, 28.9722, 39.7435, 29.7872, 33.8699, 18.3966, 56.5137, 28.5541, 29.7882, 36.1674, 32.994, 23.3705, 45.7681, 21.8874];
HighestPossibleCritFunctionValue = 1.1;
