NumDevices = 32;
NumSlotes = 256;


GivenBandwidthOld = [0.015056, 0.031342, 0.0249667, 0.0258443, 0.02523, 0.0259733, 0.017753, 0.0341102, 0.0251317, 0.0229253, 0.0158112, 0.0237518, 0.0322537, 0.022641, 0.037953, 0.0369053, 0.027279, 0.0384054, 0.0393657, 0.0284954, 0.0323548, 0.0224073, 0.0349905, 0.0198937, 0.038322, 0.0377983, 0.0362427, 0.0161218, 0.0184271, 0.0396432, 0.0176163, 0.0364298];
GivenLatency = [116.333, 64.5504, 67.9829, 73.3553, 78.2576, 80.4412, 129.119, 54.3574, 70.081, 99.4218, 146.504, 98.6465, 54.2341, 86.2461, 59.0233, 49.4225, 91.303, 61.9245, 63.315, 86.8354, 58.8359, 82.3064, 56.1127, 99.7408, 46.8127, 55.652, 66.0114, 130.637, 95.1001, 47.9175, 127.016, 49.8178];
HighestPossibleCritFunctionValue = 1.1;
