NumDevices = 64;
NumSlotes = 512;


GivenBandwidthOld = [0.0124633, 0.0128583, 0.0148519, 0.00897185, 0.0198464, 0.0136779, 0.0150248, 0.0143939, 0.0114835, 0.00851794, 0.0160163, 0.0156151, 0.00978304, 0.0160303, 0.0131971, 0.00834461, 0.015324, 0.0174734, 0.018589, 0.0182216, 0.0173435, 0.00939092, 0.0132406, 0.0139301, 0.0159053, 0.0137062, 0.0154502, 0.0144394, 0.0126938, 0.012855, 0.00844005, 0.0194602, 0.0108544, 0.0104258, 0.0187351, 0.0105008, 0.0174182, 0.0150536, 0.0109702, 0.0193231, 0.0180711, 0.0142766, 0.0148047, 0.0151648, 0.0178682, 0.0157074, 0.0116648, 0.0177727, 0.011089, 0.0155561, 0.0181481, 0.00772737, 0.0164369, 0.00973496, 0.00796596, 0.0138302, 0.0116586, 0.0140186, 0.0162758, 0.0152448, 0.0115823, 0.0191206, 0.0147407, 0.0148459];
GivenLatency = [181.2, 200.217, 189.426, 252.598, 112.198, 171.435, 173.08, 170.816, 255.53, 378.456, 161.877, 159.879, 305.162, 170.855, 250.966, 337.995, 157.329, 136.251, 161.949, 127.237, 131.164, 252.771, 225.037, 192.631, 207.282, 196.191, 151.507, 182.29, 214.201, 220.82, 264.88, 156.434, 303.731, 294.541, 143.883, 255.254, 150.863, 167.455, 218.244, 140.046, 128.341, 214.176, 151.202, 196.621, 135.667, 158.867, 218.691, 127.697, 289.795, 206.6, 151.743, 367.871, 138.167, 303.435, 341.114, 186.624, 242.676, 171.943, 154.248, 206.092, 203.202, 142.893, 168.123, 158.056];
HighestPossibleCritFunctionValue = 1.1;
