NumDevices = 128;
NumSlotes = 1024;


GivenBandwidthOld = [0.00886655, 0.0038185, 0.00496636, 0.00964914, 0.00679095, 0.00674585, 0.00495148, 0.00946829, 0.00474005, 0.00602443, 0.00512436, 0.00885027, 0.00530621, 0.00900467, 0.00653906, 0.00447274, 0.00706741, 0.0094448, 0.00377299, 0.00883277, 0.00490344, 0.00843431, 0.00801276, 0.00416161, 0.00910374, 0.00912602, 0.00856134, 0.0055077, 0.00787134, 0.0086698, 0.00964628, 0.00871894, 0.00429551, 0.00968589, 0.00577985, 0.0068781, 0.00902726, 0.00489013, 0.00961404, 0.00450144, 0.00814627, 0.00443472, 0.00554788, 0.00823492, 0.00673816, 0.00695378, 0.005964, 0.00815226, 0.00501892, 0.00551843, 0.00700057, 0.00478426, 0.00526023, 0.00496572, 0.00504567, 0.00515269, 0.00995263, 0.00754822, 0.00910283, 0.00624594, 0.00918275, 0.00576372, 0.00458147, 0.00947361, 0.00676427, 0.00840333, 0.00606135, 0.00686276, 0.00735173, 0.00672675, 0.00895099, 0.00420315, 0.00729889, 0.00620106, 0.00494009, 0.00558323, 0.00861102, 0.00917614, 0.00712957, 0.0041725, 0.00473364, 0.00459034, 0.00861085, 0.00632646, 0.00632668, 0.00382962, 0.00448748, 0.00487961, 0.00783412, 0.00804364, 0.00444746, 0.00726705, 0.00862041, 0.00447942, 0.00684034, 0.00567405, 0.00380987, 0.00996746, 0.00690876, 0.00559931, 0.00383452, 0.00549292, 0.00946566, 0.00435559, 0.00687954, 0.00809144, 0.00777633, 0.005551, 0.00436113, 0.0062893, 0.00681137, 0.00627562, 0.00801601, 0.00885761, 0.00977741, 0.00637365, 0.00563863, 0.00841041, 0.00633135, 0.00724706, 0.00376434, 0.00727361, 0.00626188, 0.00846418, 0.00999026, 0.00881188, 0.00998787, 0.00621656];
GivenLatency = [393.285, 879.138, 737.416, 456.013, 579.198, 503.893, 930.448, 388.879, 955.54, 749.904, 900.991, 468.418, 750.643, 536.407, 536.352, 762.114, 529.723, 465.407, 1157.62, 497.832, 739.567, 410.689, 453.144, 990.777, 390.086, 526.753, 485.818, 683.75, 492.877, 480.27, 486.461, 464.328, 891.428, 437.929, 864.601, 600.446, 426.882, 997.755, 402.749, 1101.87, 595.711, 919.034, 708.864, 461.302, 692.659, 564.191, 709.45, 611.105, 888.126, 714.179, 484.409, 820.528, 721.029, 949.181, 907.491, 850.333, 497.699, 622.263, 419.104, 592.276, 400.668, 635.649, 919.737, 490.917, 682.39, 518.284, 614.518, 523.464, 487.711, 554.667, 425.973, 929.465, 620.798, 729.58, 858.617, 647.735, 435.536, 387.966, 607.186, 977.663, 785.992, 793.831, 394.645, 726.704, 755.658, 1214.86, 1085.55, 811.824, 615.168, 521.9, 752.247, 615.325, 559.027, 1011.95, 578.238, 621.727, 943.618, 441.074, 702.165, 633.82, 1003.74, 674.655, 362.511, 793.222, 666.545, 531.058, 607.305, 751.946, 932.359, 776.786, 661.839, 683.821, 524.823, 503.854, 503.146, 687.615, 786.718, 446.097, 652.931, 639.019, 1136.21, 573.935, 667.351, 396.392, 416.695, 477.243, 447.924, 632.284];
HighestPossibleCritFunctionValue = 1.1;
