NumDevices = 64;
NumSlotes = 512;


GivenBandwidthOld = [0.00977279, 0.018839, 0.0194166, 0.0145187, 0.00884522, 0.0165571, 0.016973, 0.0196263, 0.0136902, 0.00796514, 0.0125925, 0.00923488, 0.0155515, 0.0169661, 0.0172534, 0.0197856, 0.0161177, 0.0075174, 0.0123735, 0.0162763, 0.0113788, 0.0115702, 0.015412, 0.0100663, 0.0136622, 0.0126746, 0.0144898, 0.0106764, 0.0190661, 0.0106268, 0.0100303, 0.00968688, 0.0123629, 0.0133513, 0.0122263, 0.0173952, 0.0153804, 0.0155526, 0.00957223, 0.0105173, 0.00757332, 0.0147213, 0.0140351, 0.0177221, 0.00975691, 0.0144601, 0.0107736, 0.0138671, 0.019046, 0.0112401, 0.0169301, 0.0124775, 0.0148024, 0.0134997, 0.0198919, 0.0152738, 0.0117421, 0.0173249, 0.00958083, 0.0175354, 0.00938872, 0.0136885, 0.0170124, 0.0194637];
GivenLatency = [236.298, 124.615, 125.587, 170.665, 298.299, 150.514, 161.325, 147.174, 164.634, 371.553, 223.916, 269.332, 176.896, 157.887, 166.043, 128.669, 156.306, 350.676, 204.913, 183.941, 265.329, 257.355, 188.919, 274.527, 179.215, 185.243, 192.406, 215.819, 138.149, 269.477, 241.777, 233.798, 195.206, 196.723, 184.48, 135.13, 197.369, 151.753, 277.505, 224.049, 309.171, 175.994, 168.577, 185.387, 229.249, 217.667, 219.49, 211.484, 142.194, 224.277, 180.731, 187.107, 193.253, 168.389, 157.784, 183.426, 217.845, 128.368, 293.627, 126.897, 240.432, 201.478, 173.334, 156.738];
HighestPossibleCritFunctionValue = 1.1;
