NumDevices = 32;
NumSlotes = 256;


GivenBandwidthOld = [0.0287345, 0.0300043, 0.0328829, 0.0323636, 0.0256728, 0.0328873, 0.0265792, 0.0269487, 0.0168124, 0.0157042, 0.0307969, 0.0342261, 0.0285091, 0.0219795, 0.0190115, 0.016915, 0.0201398, 0.0198079, 0.0218605, 0.0191666, 0.0236623, 0.0216658, 0.0277, 0.0237145, 0.0202622, 0.0165962, 0.0230137, 0.0210681, 0.0207461, 0.0289884, 0.0186107, 0.019881];
GivenLatency = [31.294, 39.0575, 31.3035, 26.8872, 35.4883, 30.7005, 33.3739, 36.9983, 52.7377, 71.615, 32.5421, 26.2725, 33.1372, 46.4663, 55.6498, 68.8885, 55.5324, 43.3234, 41.2826, 55.3374, 36.0287, 54.1688, 36.1658, 46.6535, 51.548, 65.3187, 50.1232, 53.924, 48.9342, 34.3674, 53.0505, 51.867];
HighestPossibleCritFunctionValue = 1.1;
