NumDevices = 128;
NumSlotes = 1024;


GivenBandwidthOld = [0.00774843, 0.00532142, 0.00841012, 0.00759488, 0.00583956, 0.00427837, 0.00907518, 0.00402616, 0.0076056, 0.0048511, 0.00989333, 0.0047741, 0.00957157, 0.00936843, 0.00771913, 0.0066327, 0.00951603, 0.00722744, 0.00527982, 0.00912535, 0.00967129, 0.00405983, 0.00488822, 0.00881687, 0.0064271, 0.00408562, 0.00695733, 0.0094131, 0.00850121, 0.00741383, 0.00667567, 0.00676939, 0.00689111, 0.00894646, 0.00933985, 0.00856897, 0.00873645, 0.00472773, 0.00516718, 0.00977117, 0.00786036, 0.00527765, 0.00404284, 0.00683106, 0.00580501, 0.0047811, 0.00848125, 0.00934093, 0.00798168, 0.0068035, 0.00522148, 0.0098949, 0.00602883, 0.00406256, 0.00701253, 0.00588418, 0.00424568, 0.00970045, 0.00669922, 0.00880226, 0.00456318, 0.00844465, 0.00680409, 0.00877078, 0.00671521, 0.00875769, 0.00540962, 0.00946091, 0.0056944, 0.00822159, 0.00772663, 0.00773776, 0.00734361, 0.00772063, 0.00694142, 0.00437689, 0.00857822, 0.00786018, 0.00849851, 0.00566405, 0.00451363, 0.00688801, 0.00680166, 0.00544667, 0.00726625, 0.00763592, 0.00812523, 0.00692794, 0.00906269, 0.00666837, 0.00911888, 0.00734323, 0.00764248, 0.00584648, 0.00802603, 0.00841436, 0.00392098, 0.00869292, 0.00435753, 0.0082181, 0.00529226, 0.00583515, 0.00515126, 0.00466956, 0.00877472, 0.00419703, 0.00452051, 0.00378949, 0.00499983, 0.00960608, 0.00817977, 0.00484804, 0.00848397, 0.00507246, 0.00530647, 0.00704749, 0.00583797, 0.0087145, 0.00453133, 0.00435432, 0.00425518, 0.00684879, 0.00394355, 0.00675852, 0.00540801, 0.007448, 0.00598018, 0.0050619];
GivenLatency = [452.391, 883.17, 443.991, 520.783, 673.156, 854.304, 494.375, 845.867, 601.808, 769.276, 350.774, 794.958, 382.039, 520.434, 566.838, 573.457, 424.517, 580.378, 691.176, 413.562, 358.1, 824.726, 864.292, 498.259, 543.882, 942.305, 526.742, 412.698, 419.662, 514.063, 664.629, 584.038, 510.566, 487.287, 403.794, 445.15, 562.636, 934.276, 716.851, 495.217, 515.266, 641.887, 1024.36, 536.556, 842.157, 1003.29, 428.166, 403.648, 477.433, 566.99, 788.877, 393.763, 682.99, 1131.36, 480.631, 591.574, 1137.66, 347.381, 707.003, 380.133, 826.8, 505.681, 509.694, 562.007, 588.114, 405.503, 684.526, 482.465, 654.001, 423.332, 510.489, 579.191, 475.248, 618.104, 497.469, 845.637, 401.904, 506.338, 450.671, 823.542, 1076.75, 723.268, 643.292, 905.856, 597.048, 442.847, 577.967, 670.921, 385.737, 608.433, 435.202, 575.917, 542.74, 687.324, 439.824, 491.848, 1013.81, 530.139, 788.678, 460.395, 939.999, 613.521, 921.71, 916.591, 565.229, 812.041, 744.998, 1125.41, 869.216, 351.231, 407.656, 710.378, 445.935, 889.205, 811.315, 530.215, 702.446, 540.989, 737.23, 811.473, 806.31, 529.338, 868.168, 556.311, 771.098, 534.806, 702.199, 759.254];
HighestPossibleCritFunctionValue = 1.1;
