NumDevices = 64;
NumSlotes = 512;


GivenBandwidthOld = [0.00271476, 0.00563792, 0.00395601, 0.00485801, 0.00850866, 0.00872371, 0.0043749, 0.00775533, 0.00379753, 0.00388132, 0.00581854, 0.00848724, 0.00500954, 0.00533727, 0.00727255, 0.00855925, 0.002846, 0.00525537, 0.00583217, 0.00620227, 0.00778012, 0.00795621, 0.00508893, 0.0083405, 0.00748055, 0.00439144, 0.00445717, 0.00289166, 0.00383294, 0.00529065, 0.00496089, 0.00648315, 0.00363515, 0.00593338, 0.00731205, 0.0036731, 0.00629324, 0.00541018, 0.00763931, 0.00393893, 0.00531422, 0.00739393, 0.00484676, 0.00692798, 0.00475218, 0.00481867, 0.00355876, 0.00327323, 0.00435417, 0.0031034, 0.0062891, 0.00469876, 0.0069861, 0.00655032, 0.0074318, 0.00375193, 0.00626184, 0.00280166, 0.00373765, 0.00368234, 0.00535758, 0.00488799, 0.00623081, 0.00617351];
GivenLatency = [152.468, 93.4655, 106.682, 78.5137, 36.5142, 61.5933, 107.117, 53.6566, 129.03, 108.073, 106.508, 37.6417, 64.549, 59.8173, 55.68, 41.7629, 148.551, 82.471, 75.8759, 96.4279, 57.2782, 69.1308, 76.2521, 43.0925, 79.0281, 112.283, 131.305, 133.829, 80.7186, 75.8343, 99.538, 85.8686, 89.2111, 57.1825, 43.5609, 103.062, 99.8914, 72.7846, 52.0325, 80.8899, 60.7711, 48.3499, 79.9606, 90.0478, 96.7666, 121.938, 110.113, 177.12, 83.671, 113.69, 61.266, 92.7813, 60.9122, 55.9565, 47.544, 161.624, 77.1689, 157.431, 97.9939, 126.012, 114.794, 68.456, 52.8792, 92.9819];
HighestPossibleCritFunctionValue = 1.1;
