NumDevices = 128;
NumSlotes = 1024;


GivenBandwidthOld = [0.00535357, 0.00489423, 0.0099006, 0.00804698, 0.00436096, 0.0095981, 0.00533848, 0.007573, 0.00692987, 0.00409999, 0.00479669, 0.00796285, 0.00903512, 0.0058255, 0.00539922, 0.00976945, 0.00384537, 0.006553, 0.00759667, 0.0047476, 0.00784698, 0.00542866, 0.00446138, 0.00996866, 0.0081927, 0.0097794, 0.00858827, 0.00810061, 0.00578999, 0.00858075, 0.00668812, 0.00974368, 0.00821599, 0.00742603, 0.00547909, 0.00831852, 0.00565435, 0.00396414, 0.0091094, 0.0041625, 0.00547077, 0.00594071, 0.00427143, 0.00492001, 0.00567877, 0.00803616, 0.00992473, 0.00736281, 0.00551821, 0.00949905, 0.00921762, 0.00432157, 0.00389154, 0.00765022, 0.00468522, 0.00940987, 0.00423909, 0.00511629, 0.0045481, 0.0048588, 0.00802212, 0.00528634, 0.00629851, 0.00526365, 0.00617628, 0.00729878, 0.00428531, 0.00695589, 0.00381796, 0.00840842, 0.00399581, 0.00377624, 0.00728254, 0.00637967, 0.006817, 0.00706542, 0.00720856, 0.00668786, 0.0053435, 0.00438305, 0.00597376, 0.00965867, 0.00450847, 0.00757582, 0.00430479, 0.00939396, 0.00549073, 0.00400735, 0.00398519, 0.00665164, 0.0091783, 0.00587393, 0.00681839, 0.00548353, 0.00790035, 0.00865546, 0.0061348, 0.00384063, 0.00826958, 0.00810334, 0.00775719, 0.00877697, 0.00447986, 0.00795711, 0.00640559, 0.00495952, 0.00712039, 0.00614016, 0.00640742, 0.00450565, 0.00387929, 0.00794006, 0.00741122, 0.00654752, 0.00923705, 0.00593249, 0.00991433, 0.00771166, 0.00608878, 0.00544787, 0.00863584, 0.00758268, 0.00703473, 0.00388801, 0.00460847, 0.00712813, 0.00502199, 0.00707121];
GivenLatency = [872.389, 895.088, 425.249, 483.722, 801.059, 352.365, 649.632, 534.885, 526.6, 888.899, 881.043, 477.608, 407.286, 627.226, 769.457, 462.144, 956.356, 553.94, 503.263, 852.993, 580.08, 827.635, 895.612, 486.236, 545.647, 358.713, 449.619, 596.264, 736.846, 466.07, 589.272, 462.703, 592.954, 614.092, 790.022, 432.642, 626.821, 1140.18, 538.465, 1009.55, 782.911, 825.585, 1117.79, 973.335, 756.722, 596.452, 420.95, 614.541, 702.898, 492.592, 380.31, 801.306, 1035.86, 584.454, 876.734, 359.012, 930.828, 655.287, 826.739, 843.53, 540.974, 631.959, 766.905, 748.452, 575.783, 652.338, 963.45, 492.065, 943.566, 426.582, 852.288, 1110.07, 680.271, 646.409, 614.615, 503.209, 689.821, 704.975, 735.137, 925.144, 812.28, 380.771, 991.096, 499.721, 810.822, 377.719, 680.748, 873.776, 1206.94, 603.671, 478.267, 662.253, 610.011, 802.775, 627.626, 451.046, 627.477, 921.06, 464.252, 462.904, 443.563, 527.481, 816.787, 577.631, 610.043, 949.629, 480.811, 767.24, 683.641, 782.643, 960.027, 432.393, 456.644, 538.733, 450.367, 594.667, 361.954, 565.67, 725.181, 633.154, 519.414, 658.786, 634.159, 1129.03, 858.716, 665.503, 816.779, 653.954];
HighestPossibleCritFunctionValue = 1.1;
