NumDevices = 64;
NumSlotes = 512;


GivenBandwidthOld = [0.0103382, 0.00853364, 0.00984555, 0.00924355, 0.0112648, 0.0132191, 0.00793233, 0.0137509, 0.0160676, 0.0124356, 0.0109169, 0.0159883, 0.010885, 0.00991679, 0.016425, 0.0102341, 0.00879485, 0.00995786, 0.0167102, 0.0126253, 0.00776402, 0.0149015, 0.0144285, 0.0153427, 0.00915057, 0.0086201, 0.0130796, 0.0139892, 0.011705, 0.0110832, 0.0101295, 0.011372, 0.013639, 0.0157593, 0.0121132, 0.0107799, 0.0133623, 0.0157611, 0.0116615, 0.00906831, 0.0161442, 0.0101612, 0.013711, 0.0150971, 0.0121518, 0.0103224, 0.0137053, 0.00943188, 0.0165753, 0.0164468, 0.0167502, 0.0157437, 0.0099092, 0.00893276, 0.0078268, 0.0100918, 0.00803031, 0.0104637, 0.00777365, 0.0167319, 0.00756589, 0.0148408, 0.0139454, 0.0157931];
GivenLatency = [113.779, 122.176, 111.502, 100.1, 81.2317, 71.1794, 115.469, 88.6403, 71.8815, 98.6112, 99.6114, 69.4744, 99.784, 93.3003, 65.4136, 112.455, 123.943, 93.2056, 54.8425, 79.8589, 123.283, 74.6026, 84.32, 61.0369, 119.322, 144.783, 84.9009, 77.1824, 100.725, 96.0466, 89.7473, 85.6348, 69.2806, 68.8505, 75.7588, 101.959, 70.7494, 63.6838, 84.3573, 124.933, 72.3871, 98.1012, 84.2536, 80.0535, 97.46, 93.773, 68.2223, 130.62, 69.7409, 66.7572, 54.3032, 75.2521, 109.565, 115.809, 124.139, 101.308, 143.676, 101.316, 126.161, 63.8794, 147.743, 75.0329, 87.8089, 75.8996];
HighestPossibleCritFunctionValue = 1.1;
