NumDevices = 32;
NumSlotes = 256;


GivenBandwidthOld = [0.0127231, 0.00784741, 0.0114266, 0.0173637, 0.014474, 0.00985994, 0.0110201, 0.00961963, 0.00969327, 0.00985854, 0.0124348, 0.012274, 0.00832951, 0.0140204, 0.0100669, 0.015081, 0.0114383, 0.012767, 0.00789193, 0.00962078, 0.0164589, 0.00656628, 0.0168861, 0.0119049, 0.0064803, 0.0094274, 0.0162703, 0.0129397, 0.00945327, 0.013667, 0.00869343, 0.00544767];
GivenLatency = [24.98, 56.2119, 48.1072, 25.3961, 27.2584, 46.6137, 28.4761, 33.8783, 33.7685, 33.6881, 34.0602, 26.2909, 47.3203, 29.574, 33.9007, 24.4044, 41.4271, 26.3422, 55.2306, 41.8516, 21.4837, 94.4691, 35.1956, 50.4587, 90.787, 46.7496, 21.0702, 26.0604, 38.5667, 31.3577, 36.217, 59.0115];
HighestPossibleCritFunctionValue = 1.1;
