NumDevices = 16;
NumSlotes = 128;


GivenBandwidthOld = [0.0756063, 0.0344157, 0.0451184, 0.0754323, 0.0610434, 0.0758431, 0.0650605, 0.0423087, 0.052165, 0.0576822, 0.0350288, 0.048827, 0.0561899, 0.0529127, 0.0739003, 0.0618851];
GivenLatency = [18.6184, 47.0229, 32.868, 18.0455, 27.9275, 18.5011, 29.3175, 35.4738, 34.2784, 24.8681, 40.2459, 34.9777, 24.0893, 25.2623, 25.8214, 22.1429];
HighestPossibleCritFunctionValue = 1.1;
