NumDevices = 128;
NumSlotes = 1024;


GivenBandwidthOld = [0.00676373, 0.00550239, 0.00616025, 0.00786781, 0.00672823, 0.00379824, 0.00451717, 0.00752086, 0.00562302, 0.00852502, 0.00744497, 0.00519664, 0.00736506, 0.00710002, 0.0076122, 0.00567303, 0.00418109, 0.00402876, 0.00379511, 0.00699389, 0.00387468, 0.00419142, 0.00767742, 0.00688483, 0.00586484, 0.00788775, 0.00685891, 0.00527836, 0.00589334, 0.00681142, 0.00699374, 0.00634461, 0.00631296, 0.00436689, 0.00676343, 0.00553617, 0.00385679, 0.00851061, 0.00528701, 0.00634774, 0.00396548, 0.00535964, 0.00701693, 0.00599069, 0.00806786, 0.00395337, 0.00670617, 0.00803965, 0.00487946, 0.00659252, 0.00792341, 0.00618709, 0.00391105, 0.00559271, 0.00413286, 0.00846633, 0.00605279, 0.00675611, 0.00738711, 0.00768737, 0.0042031, 0.00395693, 0.00661581, 0.00441953, 0.00650204, 0.00726162, 0.00854687, 0.00481976, 0.00815626, 0.0047763, 0.0078286, 0.00770735, 0.00501315, 0.00857475, 0.00831197, 0.00683478, 0.00473281, 0.00683338, 0.00612277, 0.00784175, 0.00387914, 0.00422928, 0.00397102, 0.00848311, 0.00806595, 0.00692579, 0.00421957, 0.00582582, 0.00699734, 0.00687371, 0.00390877, 0.00715072, 0.00459048, 0.00468648, 0.00810905, 0.00633719, 0.00661295, 0.006354, 0.00414922, 0.00850944, 0.00564142, 0.0078227, 0.00859781, 0.00597149, 0.00535292, 0.00402036, 0.00761313, 0.00631838, 0.00545416, 0.00562612, 0.00563459, 0.00800368, 0.0053309, 0.00396669, 0.005584, 0.0077614, 0.00837194, 0.00463326, 0.00375458, 0.00570833, 0.00744375, 0.00456026, 0.00681373, 0.00587659, 0.00541059, 0.00834061, 0.00807256, 0.00796084];
GivenLatency = [172.769, 213.321, 206.848, 146.419, 142.899, 257.834, 232.702, 143.162, 190.945, 136.362, 136.994, 214.649, 172.532, 170.349, 144.857, 203.349, 283.311, 320.413, 289.927, 143.556, 254.41, 290.94, 135.735, 183.276, 176.194, 137.221, 175.618, 203.284, 179.245, 149.982, 163.46, 201.178, 165.904, 268.506, 177.435, 182.085, 323.756, 134.705, 229.238, 155.232, 240.191, 186.5, 163.984, 202.928, 143.342, 269.875, 189.953, 135.884, 221.482, 150.926, 145.389, 164.137, 249.174, 198.939, 259.391, 118.279, 193.731, 142.257, 168.347, 124.551, 305.787, 269.24, 190.601, 233.834, 156.412, 152.558, 122.323, 214.884, 145.189, 203.101, 135.765, 153.386, 199.947, 146.772, 150.212, 172.7, 230.313, 186.574, 168.905, 126.79, 289.029, 235.086, 287.472, 136.715, 131.376, 145.334, 233.983, 197.705, 174.974, 152.417, 281.348, 150.658, 210.305, 208.063, 125.753, 193.455, 173.627, 158.163, 235.716, 128.961, 171.645, 136.458, 118.494, 164.376, 191.073, 246.075, 145.795, 172.853, 232.642, 187.238, 182.078, 140.869, 200.938, 311.41, 194.88, 164.793, 153.797, 259.479, 278.547, 192.988, 143.683, 275.783, 139.838, 203.106, 233.201, 135.912, 120.142, 129.9];
HighestPossibleCritFunctionValue = 1.1;
