NumDevices = 64;
NumSlotes = 512;


GivenBandwidthOld = [0.00604384, 0.00762525, 0.00505597, 0.00438382, 0.00760555, 0.00520222, 0.00619952, 0.00536383, 0.00370729, 0.0059693, 0.00470918, 0.00719091, 0.00520614, 0.00333699, 0.00721399, 0.00545299, 0.00840241, 0.00436242, 0.0041949, 0.00736443, 0.00278565, 0.00340098, 0.0078014, 0.00316707, 0.00775313, 0.00435594, 0.00786273, 0.00257952, 0.0076836, 0.00456366, 0.00525242, 0.00617136, 0.00700883, 0.00741159, 0.00792443, 0.00839799, 0.00501, 0.0068952, 0.00387478, 0.00848641, 0.00353355, 0.00465998, 0.00534591, 0.00871961, 0.004172, 0.00376989, 0.00811473, 0.00679122, 0.00622779, 0.00552546, 0.00760716, 0.00730772, 0.0059202, 0.00452899, 0.00375825, 0.00621078, 0.00712564, 0.00820651, 0.00556621, 0.00503974, 0.00669697, 0.00351995, 0.00734097, 0.00838741];
GivenLatency = [52.2517, 43.975, 81.4956, 76.4018, 48.2212, 62.4346, 63.1148, 67.3522, 169.804, 59.0594, 122.088, 50.5493, 104.785, 107.357, 61.8059, 81.2704, 49.0862, 103.437, 97.2039, 52.4231, 217.904, 161.496, 41.8752, 109.93, 54.2444, 97.5224, 40.4749, 152.432, 60.1775, 88.3461, 60.7121, 101.572, 50.5544, 43.0662, 52.7498, 76.688, 64.715, 52.7804, 101.679, 48.4626, 114.947, 94.905, 79.8559, 49.892, 113.514, 91.9102, 40.3292, 57.5575, 76.7323, 86.1222, 49.5417, 47.0427, 78.7551, 113.23, 112.717, 104.455, 74.0755, 75.7979, 72.5935, 126.933, 63.8736, 174.287, 76.8766, 63.0535];
HighestPossibleCritFunctionValue = 1.1;
