NumDevices = 16;
NumSlotes = 128;


GivenBandwidthOld = [0.0741639, 0.0419497, 0.0689081, 0.0592179, 0.0449506, 0.0554013, 0.0496071, 0.0670469, 0.0773303, 0.0604252, 0.0366228, 0.039276, 0.0311285, 0.0469015, 0.042745, 0.0352926];
GivenLatency = [26.1244, 38.073, 24.0757, 22.9191, 33.3301, 31.4148, 32.5769, 25.5906, 21.1283, 23.3499, 47.4843, 35.6413, 56.7526, 34.2236, 44.6362, 49.391];
HighestPossibleCritFunctionValue = 1.1;
