NumDevices = 16;
NumSlotes = 128;


GivenBandwidthOld = [0.061448, 0.0573283, 0.0560097, 0.054984, 0.0555442, 0.0322114, 0.036907, 0.0359982, 0.0422382, 0.0370977, 0.0407938, 0.040707, 0.0629947, 0.0523267, 0.0345212, 0.0570516];
GivenLatency = [15.4341, 13.483, 14.5305, 17.6303, 15.1855, 27.5975, 24.6038, 26.6509, 21.4012, 24.588, 26.7811, 25.3571, 14.6712, 17.2438, 22.9896, 14.198];
HighestPossibleCritFunctionValue = 1.1;
