NumDevices = 64;
NumSlotes = 512;


GivenBandwidthOld = [0.00792066, 0.00754255, 0.00267276, 0.00611137, 0.0049756, 0.00360365, 0.00780033, 0.00386115, 0.00435477, 0.00690231, 0.00459275, 0.00651485, 0.00515579, 0.00719377, 0.00317156, 0.00815707, 0.00582959, 0.00664995, 0.00689055, 0.00690917, 0.00749026, 0.0050618, 0.0086725, 0.0061605, 0.00583683, 0.00329021, 0.00862632, 0.00498366, 0.00785129, 0.00409378, 0.00796911, 0.00313938, 0.00485485, 0.00552467, 0.0069412, 0.00829151, 0.0028944, 0.006228, 0.00274332, 0.00450109, 0.00352599, 0.00254365, 0.00494189, 0.00582372, 0.00793023, 0.00583169, 0.00444394, 0.0054884, 0.00356028, 0.00384144, 0.00426481, 0.00749314, 0.0034879, 0.00613563, 0.00659439, 0.00432717, 0.00553986, 0.00590817, 0.00869275, 0.00272305, 0.00756532, 0.00408922, 0.00631584, 0.0041242];
GivenLatency = [47.5707, 59.215, 165.183, 103.755, 82.5044, 133.968, 64.3969, 102.469, 75.6761, 58.2611, 79.3112, 70.6269, 89.4098, 56.4289, 127.598, 41.6006, 82.1844, 74.4922, 56.1687, 86.6091, 59.7945, 62.5887, 35.9122, 77.6151, 75.9374, 164.7, 36.4153, 91.6119, 39.8469, 125.744, 50.3349, 115.805, 77.1886, 105.351, 86.1827, 48.8396, 131.975, 67.933, 176.435, 85.3109, 129.115, 124.267, 64.6439, 53.0768, 71.5353, 80.2996, 141.272, 73.5536, 87.3838, 88.7005, 82.4111, 43.6994, 118.151, 76.5366, 52.8548, 79.5122, 86.8321, 88.833, 37.2096, 203.013, 48.0337, 150.097, 71.3421, 127.755];
HighestPossibleCritFunctionValue = 1.1;
