NumDevices = 64;
NumSlotes = 512;


GivenBandwidthOld = [0.016502, 0.014854, 0.0158572, 0.0169071, 0.0120511, 0.00834566, 0.0105707, 0.0166426, 0.00771539, 0.00762146, 0.00885651, 0.0163887, 0.00949527, 0.0120132, 0.0103669, 0.0112559, 0.0125035, 0.0121309, 0.00981924, 0.0170171, 0.0106379, 0.0162821, 0.00899604, 0.0114864, 0.017311, 0.0114507, 0.017327, 0.00995138, 0.00790163, 0.00774889, 0.0105346, 0.00926089, 0.0127526, 0.0173774, 0.0167898, 0.0114458, 0.0142156, 0.0162486, 0.0151871, 0.0139514, 0.0168059, 0.011888, 0.0166847, 0.0146144, 0.00974471, 0.0143597, 0.00841886, 0.0108329, 0.0134809, 0.00853518, 0.0157841, 0.0083579, 0.0162039, 0.0144188, 0.0117489, 0.00923417, 0.0136868, 0.00982353, 0.00902998, 0.0119187, 0.0126454, 0.0156279, 0.0133234, 0.0108514];
GivenLatency = [60.8686, 80.1731, 64.2391, 55.5282, 85.764, 111.089, 86.4268, 64.6692, 126.49, 162.35, 121.948, 75.7317, 98.8576, 89.0175, 91.4376, 94.114, 79.2998, 92.2728, 93.9992, 67.0572, 98.1811, 58.1407, 111.601, 91.5796, 62.1832, 88.1667, 61.0642, 106.169, 147.751, 148.002, 111.776, 129.538, 84.0293, 52.968, 56.8468, 92.7136, 68.1771, 67.0377, 71.0071, 81.6724, 63.664, 77.6301, 73.5122, 68.6047, 115.238, 79.1446, 133.657, 102.693, 85.3256, 145.201, 72.8628, 141.159, 57.3644, 85.8671, 83.3035, 119.45, 89.047, 112.001, 127.249, 94.9135, 73.2451, 59.9105, 73.94, 103.058];
HighestPossibleCritFunctionValue = 1.1;
