NumDevices = 64;
NumSlotes = 512;


GivenBandwidthOld = [0.0157514, 0.00923596, 0.0137975, 0.0104174, 0.00961028, 0.0149173, 0.00934855, 0.0160638, 0.00995712, 0.0142312, 0.00825282, 0.0101899, 0.0164391, 0.00772382, 0.00929925, 0.0174509, 0.0124064, 0.00854643, 0.0148605, 0.0153125, 0.0120663, 0.0125044, 0.0168332, 0.0101312, 0.00939506, 0.00784323, 0.016176, 0.0147755, 0.0171502, 0.0086249, 0.0137139, 0.0146667, 0.00777905, 0.00752738, 0.00769983, 0.0159728, 0.0096154, 0.0110508, 0.0150528, 0.00821752, 0.0169165, 0.0107009, 0.0145259, 0.0120659, 0.0160239, 0.00828308, 0.00870017, 0.00873983, 0.01526, 0.00921134, 0.00995151, 0.0100101, 0.014029, 0.0106084, 0.00960643, 0.0102463, 0.0149822, 0.0106094, 0.0076005, 0.0166673, 0.0125148, 0.0106467, 0.0147221, 0.00887015];
GivenLatency = [60.8434, 127.009, 68.9994, 87.5324, 126.506, 75.081, 130.617, 62.1849, 97.6841, 66.4318, 148.952, 99.9428, 71.9083, 119.029, 104.905, 57.742, 90.354, 136.238, 82.3535, 59.3986, 87.051, 80.9027, 54.5236, 91.3542, 101.442, 150.736, 74.2758, 65.3397, 55.5302, 123.879, 69.3805, 68.3324, 150.265, 133.156, 160.59, 62.1542, 114.022, 104.526, 68.3384, 134.985, 66.3862, 97.0424, 63.3018, 93.0237, 61.5174, 118.835, 138.226, 110.521, 69.3777, 118.417, 115.406, 111.234, 65.304, 113.688, 111.115, 112.976, 65.0256, 88.7141, 149.65, 66.1559, 80.6627, 89.8168, 73.1341, 120.623];
HighestPossibleCritFunctionValue = 1.1;
