NumDevices = 64;
NumSlotes = 512;


GivenBandwidthOld = [0.014283, 0.00880486, 0.0132994, 0.0161969, 0.0136382, 0.00997601, 0.00927338, 0.0127578, 0.0132793, 0.0152355, 0.0176351, 0.00997583, 0.0188063, 0.00763812, 0.0163566, 0.0102373, 0.0139158, 0.0123113, 0.00860424, 0.0165381, 0.0115979, 0.0189768, 0.0109844, 0.00757195, 0.0167545, 0.00981889, 0.0186238, 0.0155123, 0.0198635, 0.0140933, 0.00908857, 0.0190911, 0.0194723, 0.0138924, 0.018956, 0.0114877, 0.0166433, 0.0163049, 0.0169327, 0.0175398, 0.00839986, 0.0188685, 0.0151374, 0.00750061, 0.0177221, 0.0106493, 0.0130564, 0.0186704, 0.0114484, 0.0178303, 0.0155613, 0.0186925, 0.00752687, 0.00907505, 0.0168572, 0.0112163, 0.0167256, 0.0125657, 0.0094098, 0.0180438, 0.0165999, 0.0121972, 0.0164741, 0.010982];
GivenLatency = [173.387, 345.113, 194.26, 173.022, 229.255, 295.559, 309.943, 223.462, 213.015, 161.824, 150.416, 289.178, 144.64, 346.414, 165.682, 227.215, 172.868, 210.272, 309.259, 140.34, 201.965, 130.265, 294.248, 367.181, 157.626, 236.143, 124.291, 198.676, 153.133, 215.864, 322.733, 128.648, 121.717, 175.085, 157.116, 267.327, 147.546, 185.202, 175.349, 164.824, 345.527, 168.832, 155.567, 365.319, 167.365, 293.928, 234.932, 137.894, 198.156, 126.013, 179.732, 135.665, 442.807, 255.901, 142.493, 239.686, 194.018, 238.407, 247.397, 127.277, 143.335, 237.358, 202.313, 302.626];
HighestPossibleCritFunctionValue = 1.1;
