NumDevices = 128;
NumSlotes = 1024;


GivenBandwidthOld = [0.00684872, 0.00898115, 0.00491091, 0.00894854, 0.00680944, 0.00492551, 0.00429695, 0.00878093, 0.0086682, 0.00773355, 0.00518841, 0.00413395, 0.00676099, 0.00951138, 0.0039501, 0.00427937, 0.00706661, 0.00858088, 0.00892284, 0.00621486, 0.00562068, 0.00673807, 0.00550414, 0.00437719, 0.00740646, 0.00779824, 0.00495688, 0.00653528, 0.00969522, 0.00629305, 0.00728895, 0.00780402, 0.00848038, 0.00730511, 0.00449198, 0.00548366, 0.00381458, 0.00796444, 0.00461905, 0.00993493, 0.0038097, 0.00716083, 0.00456371, 0.0048357, 0.00741408, 0.00475199, 0.00671445, 0.00856816, 0.00750626, 0.0039091, 0.00897019, 0.00816223, 0.0039074, 0.00547912, 0.00882039, 0.00926502, 0.00715543, 0.00754911, 0.0053616, 0.00872859, 0.00392673, 0.0052214, 0.00855204, 0.00536072, 0.00635687, 0.00499958, 0.00551563, 0.00995479, 0.00647639, 0.00749252, 0.00427582, 0.00378773, 0.00667882, 0.0096937, 0.00569799, 0.00603927, 0.00449352, 0.00628832, 0.00906065, 0.00982998, 0.00878496, 0.00760196, 0.00622241, 0.00752315, 0.00662203, 0.0052346, 0.0055041, 0.0099799, 0.00965927, 0.00826556, 0.00922441, 0.00585495, 0.00665201, 0.00915926, 0.00468396, 0.00699566, 0.00978606, 0.00803641, 0.00801166, 0.004456, 0.00698497, 0.00510309, 0.00760244, 0.00793618, 0.00462159, 0.00879016, 0.00754291, 0.00738633, 0.00701844, 0.00520252, 0.00380111, 0.00652777, 0.00845305, 0.00408785, 0.00703501, 0.00866543, 0.0048128, 0.00375693, 0.00777877, 0.00901211, 0.00654349, 0.00397674, 0.00833964, 0.00431504, 0.00655197, 0.00898563, 0.0052606, 0.00495089];
GivenLatency = [626.889, 498.218, 958.369, 456.595, 568.339, 932.77, 844.823, 509.533, 473.487, 441.985, 774.907, 834.942, 649.644, 466.725, 1029.13, 809.064, 667.517, 564.211, 380.183, 690.776, 843.973, 691.574, 721.603, 827.229, 627.401, 452.768, 913.881, 594.819, 405.629, 791.166, 490.612, 442.493, 487.358, 539.243, 833.696, 858.072, 951.122, 598.391, 866.109, 465.251, 1204.38, 493.609, 961.953, 1000.21, 486.066, 758.771, 566.024, 445.747, 585.236, 1170.11, 375.505, 437.291, 1267.49, 652.974, 409.2, 388.653, 510.672, 613.037, 661.999, 388.768, 1019.57, 888.149, 480.963, 925.453, 600.179, 666.752, 665.477, 484.649, 702.962, 462.199, 900.187, 1087.81, 648.902, 449.513, 631.97, 614.733, 757.993, 637.207, 438.668, 361.622, 456.237, 554.624, 616.907, 496.838, 731.152, 647.357, 653.989, 337.816, 481.227, 529.518, 431.06, 780.377, 656.934, 432.817, 1053.25, 506.404, 483.075, 541.491, 575.846, 1011.8, 505.661, 748.964, 654.411, 603.732, 728.592, 534.578, 445.836, 505.399, 629.929, 851.478, 1069.78, 537.011, 409.434, 957.334, 498.747, 571.38, 697.624, 981.467, 475.133, 531.652, 722.701, 1062.63, 543.63, 942.784, 575.433, 480.496, 919.71, 690.987];
HighestPossibleCritFunctionValue = 1.1;
