NumDevices = 128;
NumSlotes = 1024;


GivenBandwidthOld = [0.00262313, 0.00437179, 0.00359454, 0.00275111, 0.00222372, 0.00401089, 0.00345795, 0.00409556, 0.00149503, 0.0038327, 0.00237573, 0.00265387, 0.00227687, 0.00358769, 0.00335648, 0.00177166, 0.00317491, 0.00325118, 0.00388837, 0.00366934, 0.00380586, 0.00135058, 0.00422052, 0.00177956, 0.00151696, 0.00372379, 0.00323169, 0.00435349, 0.00225844, 0.00325485, 0.0029298, 0.00238863, 0.00381861, 0.00312388, 0.00177203, 0.00312888, 0.00138084, 0.00347727, 0.00375392, 0.00339496, 0.00154758, 0.00273779, 0.00346562, 0.00165287, 0.0035324, 0.00220351, 0.00196163, 0.00223831, 0.00231686, 0.0038429, 0.00198189, 0.00206037, 0.00235109, 0.00410838, 0.00147056, 0.0018878, 0.00195636, 0.00428871, 0.00415433, 0.00179169, 0.00230479, 0.00403452, 0.00383928, 0.00372258, 0.00161273, 0.00390896, 0.00287436, 0.00192994, 0.00396292, 0.0034668, 0.00270642, 0.00431885, 0.0013256, 0.00305607, 0.00272708, 0.00155598, 0.0031506, 0.00392902, 0.00258708, 0.00170399, 0.00338394, 0.00380532, 0.0016884, 0.00380338, 0.00348022, 0.00328479, 0.00302506, 0.00338149, 0.00336911, 0.00143052, 0.00395162, 0.00428011, 0.00331942, 0.00386425, 0.00152342, 0.00290689, 0.00172769, 0.00160166, 0.00224145, 0.00208613, 0.00412351, 0.00256427, 0.00276916, 0.00245116, 0.00167671, 0.0041641, 0.00348723, 0.00236219, 0.00326678, 0.0034606, 0.00173555, 0.00250382, 0.00231314, 0.00387906, 0.0034261, 0.0031266, 0.0037349, 0.00244325, 0.00310339, 0.00424985, 0.00413164, 0.00169165, 0.00216733, 0.00318738, 0.00348286, 0.00394236, 0.0018027, 0.00305389];
GivenLatency = [135.672, 105.062, 120.657, 166.235, 157.373, 87.4177, 147.751, 105.655, 369.348, 165.774, 211.719, 213.376, 202.34, 100.88, 165.387, 257.695, 152.768, 106.851, 110.209, 99.5306, 117.735, 385.559, 98.0891, 344.922, 357.391, 118.031, 171.092, 130.126, 247.53, 170.248, 151.901, 135.473, 117.925, 102.84, 323.559, 188.908, 405.734, 173.201, 109.782, 190.377, 334.731, 125.036, 184.75, 255.918, 144.513, 228.127, 262.764, 193.374, 135.309, 97.3192, 192.857, 202.595, 202.963, 90.0644, 276.108, 216.673, 197.19, 108.061, 123.652, 204.138, 272.13, 136.742, 115.832, 108.106, 203.554, 114.635, 191.1, 215.604, 126.38, 110.997, 127.952, 136.538, 261.81, 129.351, 202.417, 209.094, 203.099, 156.766, 132.546, 323.232, 173.74, 97.3583, 191.757, 115.39, 99.9531, 98.0022, 131.405, 93.5755, 97.2348, 226.311, 119.124, 74.7676, 140.987, 128.724, 245.637, 114.464, 308.77, 363.225, 141.872, 221.239, 94.8019, 205.014, 169.692, 175.451, 188.969, 80.1325, 185.72, 171.262, 131.467, 111.651, 219.581, 136.546, 197.642, 132.982, 129.26, 120.513, 139.272, 217.222, 131.712, 94.0538, 77.9659, 297.306, 253.994, 103.769, 122.214, 98.0075, 216.255, 123.105];
HighestPossibleCritFunctionValue = 1.1;
