NumDevices = 128;
NumSlotes = 1024;


GivenBandwidthOld = [0.00224293, 0.00190678, 0.00220905, 0.00435315, 0.00278066, 0.00212748, 0.00220222, 0.00204802, 0.00416111, 0.00334987, 0.00312562, 0.00299293, 0.00406063, 0.00201455, 0.00411162, 0.00277671, 0.0043655, 0.00404763, 0.00223388, 0.00288075, 0.00303598, 0.00261282, 0.00307128, 0.00207901, 0.00322217, 0.00369103, 0.00261971, 0.00317147, 0.00169873, 0.0023642, 0.00264047, 0.00220825, 0.00335205, 0.00231973, 0.00204003, 0.00426761, 0.00256604, 0.00433351, 0.00396154, 0.00220272, 0.00424783, 0.00141725, 0.00284478, 0.0015404, 0.0038855, 0.00227389, 0.00355049, 0.00301755, 0.00213467, 0.00431335, 0.00253592, 0.00436451, 0.00303198, 0.00413923, 0.0042183, 0.00197595, 0.00230356, 0.00214108, 0.00261789, 0.00384309, 0.00206773, 0.00417112, 0.00276832, 0.00399985, 0.0023494, 0.00382173, 0.00245121, 0.00240317, 0.00437323, 0.00269, 0.00325241, 0.00259569, 0.00266283, 0.00288004, 0.00349971, 0.00275421, 0.00132621, 0.003933, 0.00382816, 0.00424638, 0.00211637, 0.00301259, 0.00326499, 0.00147587, 0.00375173, 0.00402694, 0.0013592, 0.0021888, 0.00147322, 0.00296903, 0.0022889, 0.00269671, 0.00361455, 0.00156511, 0.00359914, 0.00195325, 0.00205352, 0.0028747, 0.0013725, 0.00379523, 0.00397043, 0.00162144, 0.00339878, 0.00328327, 0.0025017, 0.0042218, 0.00141736, 0.00162029, 0.00281197, 0.00333166, 0.00329202, 0.0027496, 0.00195971, 0.00430965, 0.00287758, 0.00280407, 0.00180471, 0.00239428, 0.0019143, 0.00366877, 0.0035228, 0.00337629, 0.00343147, 0.0026341, 0.00135233, 0.00231764, 0.00138909, 0.001464];
GivenLatency = [144.87, 167.423, 233.009, 99.1059, 161.156, 229.34, 186.876, 180.797, 81.6061, 107.194, 122.908, 187.722, 85.6698, 179.709, 77.8193, 182.446, 108.799, 85.2949, 144.746, 172.154, 193.711, 154.233, 106.767, 191.691, 131.287, 113.95, 163.266, 109.719, 220.544, 150.66, 203.481, 193.31, 134.972, 163.894, 243.212, 79.6908, 122.327, 85.3545, 115.953, 183.802, 92.4331, 232.694, 220.601, 403.815, 104.249, 154.363, 145.535, 133.755, 231.593, 87.4473, 165.56, 84.132, 138.837, 123.65, 146.583, 163.132, 166.185, 171.522, 121.597, 85.9623, 258.199, 147.275, 206.253, 81.358, 133.093, 95.5406, 166.929, 240.518, 81.9585, 183.983, 116.533, 128.236, 142.64, 145.952, 126.292, 194.723, 338.302, 97.7456, 90.7413, 122.922, 172.557, 118.669, 176.143, 420.495, 89.1019, 95.1209, 444.526, 207.743, 213.98, 123.324, 262.083, 153.412, 131.947, 216.99, 158.521, 262.091, 172.911, 161.375, 258.63, 87.8263, 127.977, 372.209, 159.813, 102.325, 167.403, 82.8663, 270.275, 201.089, 211.324, 96.4226, 148.191, 174.803, 164.627, 80.9028, 133.381, 118.315, 340.682, 268.779, 237.223, 105.875, 93.8557, 175.793, 167.717, 144.942, 239.836, 170.776, 276.324, 395.06];
HighestPossibleCritFunctionValue = 1.1;
