NumDevices = 16;
NumSlotes = 128;


GivenBandwidthOld = [0.0252568, 0.0314794, 0.0135214, 0.0184735, 0.024629, 0.0299779, 0.0286805, 0.0237067, 0.0286162, 0.0181387, 0.021898, 0.029756, 0.0239436, 0.0109279, 0.0295894, 0.0236742];
GivenLatency = [12.6113, 12.3581, 26.4143, 30.5015, 13.4615, 13.9011, 16.6939, 15.2143, 11.0118, 26.286, 25.7296, 18.2678, 21.2881, 32.9479, 11.2801, 25.9694];
HighestPossibleCritFunctionValue = 1.1;
