NumDevices = 16;
NumSlotes = 128;


GivenBandwidthOld = [0.0376952, 0.0438209, 0.0376633, 0.0672319, 0.0659247, 0.0569252, 0.0423478, 0.0400793, 0.0326817, 0.0621567, 0.0472005, 0.0393546, 0.0519708, 0.0526384, 0.0328823, 0.0324871];
GivenLatency = [29.1832, 20.1997, 22.9379, 14.3474, 13.1705, 14.3385, 23.8349, 24.2874, 23.8795, 14.0369, 17.8149, 27.9103, 16.4892, 18.3321, 32.3344, 23.8902];
HighestPossibleCritFunctionValue = 1.1;
