NumDevices = 16;
NumSlotes = 128;


GivenBandwidthOld = [0.0449429, 0.0545769, 0.0536712, 0.0318219, 0.0505226, 0.0331997, 0.047708, 0.048528, 0.030351, 0.050076, 0.0465004, 0.0320906, 0.0470633, 0.053142, 0.05834, 0.0606881];
GivenLatency = [21.289, 17.8788, 20.2449, 32.0466, 16.8318, 30.4788, 21.9798, 16.1422, 28.3227, 20.8488, 23.2699, 30.1323, 21.0007, 17.7448, 14.7577, 17.1076];
HighestPossibleCritFunctionValue = 1.1;
