NumDevices = 64;
NumSlotes = 512;


GivenBandwidthOld = [0.00957261, 0.0168168, 0.019839, 0.0139452, 0.0190263, 0.0170715, 0.012506, 0.0181717, 0.0164842, 0.0170441, 0.0158579, 0.0170622, 0.00766802, 0.0189846, 0.0168941, 0.0197698, 0.0130775, 0.010913, 0.0080122, 0.0160822, 0.0108978, 0.0144962, 0.0177449, 0.0184883, 0.012847, 0.0116939, 0.0185591, 0.0155375, 0.0185473, 0.0165138, 0.0148928, 0.00817598, 0.0186361, 0.0097649, 0.0111607, 0.00796708, 0.00778302, 0.0142875, 0.0100922, 0.0121009, 0.0101849, 0.0193329, 0.0078035, 0.00846814, 0.0164783, 0.0176354, 0.014969, 0.0132709, 0.0118886, 0.0169076, 0.00907522, 0.0196397, 0.0136884, 0.0158078, 0.0116539, 0.00898188, 0.0135085, 0.0171371, 0.0155757, 0.0108288, 0.0176738, 0.0107259, 0.01293, 0.0187101];
GivenLatency = [259.973, 147.479, 112.24, 222.329, 152.992, 158.441, 188.304, 138.476, 161.742, 184.107, 140.397, 182.69, 313.375, 144.111, 168.755, 142.943, 238.745, 278.795, 389.999, 150.704, 256.653, 212.389, 149.496, 151.114, 173.543, 250.369, 166.778, 168.076, 149.169, 148.425, 166.565, 298.71, 142.934, 255.749, 291.684, 314.317, 315.004, 158.633, 241.121, 210.966, 280.528, 140.053, 291.812, 291.491, 148.22, 143.435, 175.498, 198.803, 247.132, 165.933, 261.833, 119.09, 224.99, 154.116, 200.695, 341.33, 199.475, 133.543, 206.402, 222.993, 134.637, 264.497, 242.026, 131.233];
HighestPossibleCritFunctionValue = 1.1;
