NumDevices = 16;
NumSlotes = 128;


GivenBandwidthOld = [0.0721269, 0.0564988, 0.0449359, 0.0569767, 0.0771359, 0.0429098, 0.0548428, 0.0627753, 0.0341304, 0.0490681, 0.0572857, 0.0703874, 0.0708421, 0.0623489, 0.0687442, 0.0532066];
GivenLatency = [20.9083, 29.9634, 31.8013, 24.8659, 21.9857, 34.0265, 31.409, 31.2503, 46.6654, 27.8651, 23.5906, 19.5742, 21.4584, 27.8515, 24.9168, 32.043];
HighestPossibleCritFunctionValue = 1.1;
