NumDevices = 64;
NumSlotes = 512;


GivenBandwidthOld = [0.0168384, 0.0196769, 0.0146439, 0.0133533, 0.00839475, 0.00809441, 0.0103061, 0.0190213, 0.00927004, 0.019015, 0.0149839, 0.0148185, 0.00872577, 0.00895844, 0.0194316, 0.0172365, 0.0113701, 0.0154937, 0.0194903, 0.0167443, 0.0137442, 0.0169972, 0.0151757, 0.0137924, 0.0132425, 0.00997442, 0.00758644, 0.0103425, 0.0185813, 0.0131169, 0.0104514, 0.0115204, 0.0150456, 0.0138117, 0.0130247, 0.0117988, 0.0197693, 0.0174096, 0.00814467, 0.0174628, 0.0141051, 0.00753008, 0.0129784, 0.00771924, 0.0173123, 0.0111442, 0.0186367, 0.0189097, 0.00813348, 0.0169509, 0.0107628, 0.00782565, 0.0181905, 0.0194708, 0.0131491, 0.0142095, 0.0114014, 0.0162644, 0.0100309, 0.0194811, 0.0111837, 0.0186867, 0.00920077, 0.0172948];
GivenLatency = [145.06, 134.663, 168.181, 249.495, 285.137, 285.165, 223.606, 120.301, 303.778, 122.229, 202.537, 171.064, 290.768, 251.659, 128.736, 192.758, 206.871, 149.582, 129.514, 151.955, 172.375, 137.571, 194.089, 187.462, 176.799, 295.086, 396.243, 264.333, 128.29, 189.814, 219.691, 251.522, 172.918, 202.551, 221.03, 216.814, 113.17, 159.642, 316.797, 155.035, 199.382, 340.705, 184.69, 290.102, 129.477, 277.774, 130.317, 175.034, 327.018, 191.635, 287.029, 405.622, 141.946, 155.032, 181.794, 209.673, 205.841, 141.443, 243.275, 130.681, 266.325, 137.45, 270.416, 171.014];
HighestPossibleCritFunctionValue = 1.1;
