NumDevices = 32;
NumSlotes = 256;


GivenBandwidthOld = [0.0162334, 0.00533725, 0.0107311, 0.0152564, 0.0100483, 0.0144478, 0.0062462, 0.0124359, 0.0171474, 0.0166327, 0.0164399, 0.0127954, 0.0100926, 0.00822502, 0.00784639, 0.00671948, 0.0167385, 0.00616758, 0.0159468, 0.0123123, 0.0157156, 0.014312, 0.0119062, 0.0153658, 0.00978928, 0.0108682, 0.00619202, 0.0142699, 0.0169066, 0.00751918, 0.00730071, 0.0104667];
GivenLatency = [28.6434, 88.6855, 44.4828, 22.8562, 34.1605, 26.6028, 54.225, 34.366, 21.6458, 21.1775, 24.4237, 30.463, 46.822, 50.1769, 69.4443, 59.1394, 18.9535, 53.348, 24.7146, 27.9803, 24.6629, 33.8106, 28.7729, 39.821, 58.5476, 36.6453, 67.177, 23.2418, 36.8808, 47.4943, 53.9315, 33.6544];
HighestPossibleCritFunctionValue = 1.1;
