NumDevices = 16;
NumSlotes = 128;


GivenBandwidthOld = [0.0565791, 0.0655833, 0.0380722, 0.0590217, 0.0374017, 0.06999, 0.0627946, 0.0493405, 0.0458787, 0.0634675, 0.0389437, 0.067118, 0.0318831, 0.0397975, 0.057039, 0.0344817];
GivenLatency = [18.8918, 16.6393, 20.6496, 14.2396, 22.9731, 13.6885, 17.1338, 19.643, 21.7949, 12.2735, 19.8521, 13.4791, 31.0631, 22.8909, 15.1227, 25.4614];
HighestPossibleCritFunctionValue = 1.1;
