NumDevices = 64;
NumSlotes = 512;


GivenBandwidthOld = [0.00821771, 0.0100233, 0.0159413, 0.00961461, 0.00782224, 0.0133064, 0.0163217, 0.013531, 0.0108778, 0.00876122, 0.0149033, 0.0149362, 0.00753311, 0.0140328, 0.0143533, 0.0117371, 0.0100351, 0.0144417, 0.0164814, 0.00827723, 0.0103619, 0.00774718, 0.0119426, 0.0148902, 0.0149411, 0.0100234, 0.00889672, 0.0122296, 0.0170601, 0.0133558, 0.0152135, 0.00908855, 0.0163363, 0.00844426, 0.00760505, 0.0130145, 0.00942264, 0.0112374, 0.011797, 0.0172032, 0.00875231, 0.0151257, 0.0126233, 0.0153433, 0.00961411, 0.00938134, 0.0171712, 0.0108696, 0.0101907, 0.0107569, 0.0168996, 0.0163438, 0.0157618, 0.0127735, 0.00905067, 0.00969273, 0.0107915, 0.01729, 0.00772904, 0.0170388, 0.0160247, 0.0123282, 0.0150994, 0.010495];
GivenLatency = [121.566, 122.559, 67.2689, 99.1277, 157.665, 88.4803, 69.7088, 86.723, 91.2656, 119.355, 75.7387, 81.0072, 121.726, 85.4868, 80.1449, 88.946, 113.786, 66.7655, 66.4086, 143.064, 109.245, 132.79, 98.2328, 68.5797, 72.6678, 99.1391, 140.089, 77.017, 62.6682, 78.546, 65.3825, 129.738, 57.3222, 111.271, 129.175, 78.9772, 101.481, 81.3496, 90.457, 55.1335, 127.704, 81.8822, 90.736, 72.718, 109.834, 105.194, 56.1414, 113.064, 104.958, 100.358, 61.5924, 75.7754, 64.9513, 92.9065, 134.42, 96.0141, 111.037, 57.5621, 154.067, 60.9578, 76.6407, 84.6742, 66.2206, 91.3199];
HighestPossibleCritFunctionValue = 1.1;
