NumDevices = 128;
NumSlotes = 1024;


GivenBandwidthOld = [0.00716589, 0.00459613, 0.00465301, 0.00564949, 0.00854763, 0.00757748, 0.00724702, 0.00823399, 0.00611539, 0.00391722, 0.00428799, 0.00576842, 0.00729262, 0.00450946, 0.00794902, 0.00665239, 0.00415379, 0.00529763, 0.00470365, 0.00677326, 0.00560768, 0.00573834, 0.0068408, 0.00586101, 0.00841674, 0.00762535, 0.0067619, 0.00475435, 0.00378664, 0.0045681, 0.00855618, 0.00619508, 0.0081399, 0.00480879, 0.003895, 0.00578818, 0.00436273, 0.00682215, 0.00730789, 0.00622235, 0.00656866, 0.00693781, 0.00630402, 0.00410733, 0.00435358, 0.0081706, 0.00576297, 0.00573212, 0.00721441, 0.00517479, 0.00522527, 0.00856249, 0.00725075, 0.00591467, 0.00542223, 0.00393821, 0.00691605, 0.0056238, 0.00670959, 0.0056067, 0.00436859, 0.00543005, 0.00543502, 0.00392106, 0.00868007, 0.00844339, 0.0055294, 0.00516187, 0.00801621, 0.00587464, 0.00749727, 0.00406484, 0.00522638, 0.00735004, 0.00463039, 0.00549284, 0.00570317, 0.00566614, 0.008296, 0.00834203, 0.00701135, 0.00719725, 0.00672648, 0.00442466, 0.00780991, 0.00862784, 0.00558714, 0.00550409, 0.00468001, 0.00446007, 0.00785862, 0.00739798, 0.00529633, 0.00793339, 0.00402718, 0.00728517, 0.00430563, 0.00719102, 0.00694556, 0.00652482, 0.00519135, 0.00851812, 0.00658689, 0.00831528, 0.00741966, 0.00464634, 0.00851097, 0.00631547, 0.0066175, 0.00785504, 0.00709001, 0.00430072, 0.00477794, 0.00535961, 0.00647315, 0.00674517, 0.00861007, 0.0069422, 0.00503851, 0.00475538, 0.00621953, 0.00407199, 0.00540913, 0.00872468, 0.00818671, 0.00654318, 0.00866061, 0.00639609];
GivenLatency = [150.678, 213.632, 240.946, 177.402, 144.24, 159.68, 167.734, 124.271, 202.711, 293.462, 246.836, 224.19, 132.822, 255.697, 158.276, 191.945, 270.006, 209.953, 210.004, 188.311, 189.961, 193.054, 169.56, 174.688, 127.796, 151.1, 179.536, 236.384, 267.621, 284.042, 124.906, 184.648, 136.965, 213.141, 286.177, 201.822, 220.852, 155.035, 139.301, 181.521, 182.671, 147.638, 177.915, 302.957, 295.885, 147.54, 169.314, 186.312, 134.615, 195.939, 217.407, 140.739, 131.463, 182.927, 219.929, 325.791, 159.363, 230.59, 190.914, 202.535, 247.389, 220.158, 227.102, 286.91, 118.011, 134.295, 214.332, 223.329, 124.291, 210.123, 137.982, 254.168, 196.341, 130.706, 231.198, 185.732, 193.363, 210.195, 116.675, 149.4, 158.587, 149.804, 164.519, 226.101, 135.384, 114.056, 223.285, 222.51, 262.071, 214.973, 144.133, 169.871, 198.736, 124.573, 238.898, 166.145, 300.205, 164.183, 148.28, 150.358, 197.964, 119.332, 181.061, 126.213, 171.893, 211.828, 117.401, 197.316, 169.835, 146.852, 145.007, 279.473, 200.464, 240.354, 163.512, 155.345, 119.676, 154.031, 189.139, 228.82, 189.917, 317.993, 178.503, 120.46, 139.847, 176.608, 129.587, 174.198];
HighestPossibleCritFunctionValue = 1.1;
