NumDevices = 64;
NumSlotes = 512;


GivenBandwidthOld = [0.0156773, 0.0184969, 0.00769478, 0.0186828, 0.0193455, 0.0198847, 0.0197684, 0.0142356, 0.0132721, 0.0197389, 0.0197528, 0.0154241, 0.0131789, 0.0158783, 0.00895807, 0.0132411, 0.0099903, 0.0120054, 0.0164724, 0.0197651, 0.0102649, 0.0145409, 0.018492, 0.0127099, 0.00839533, 0.017893, 0.00811682, 0.0118847, 0.0142352, 0.0185962, 0.0143852, 0.014678, 0.00985129, 0.0130585, 0.0174373, 0.0118375, 0.00816797, 0.009107, 0.0162727, 0.0132114, 0.0108863, 0.00852611, 0.0158049, 0.0126871, 0.0122239, 0.0149144, 0.00952232, 0.00909934, 0.0125727, 0.0140638, 0.0127809, 0.0140636, 0.00908639, 0.00750646, 0.016149, 0.00847856, 0.016715, 0.00855767, 0.00871583, 0.0169823, 0.0133563, 0.00851707, 0.0139068, 0.0115259];
GivenLatency = [201.896, 133.177, 407.214, 138.387, 158.726, 117.369, 136.035, 182.975, 236.799, 130.506, 139.562, 162.875, 172.902, 191.855, 259.162, 171.322, 251.258, 224.275, 169.357, 163.177, 227.689, 178.418, 132.54, 187.054, 373.773, 125.782, 316.184, 190.329, 215.405, 122.117, 159.58, 185.192, 293.575, 206.672, 145.924, 224.779, 299.18, 301.405, 199.57, 174.689, 244.825, 384.833, 147.517, 181.986, 215.528, 154.256, 306.197, 272.777, 257.099, 199.274, 227.14, 225.757, 266.115, 428.992, 146.925, 309.263, 159.995, 323.429, 334.098, 172.145, 217.469, 264.017, 201.006, 266.773];
HighestPossibleCritFunctionValue = 1.1;
