NumDevices = 128;
NumSlotes = 1024;


GivenBandwidthOld = [0.00496685, 0.00534403, 0.00461469, 0.00663365, 0.00427149, 0.00838299, 0.00541706, 0.00710401, 0.00463358, 0.00412562, 0.00680389, 0.00548624, 0.00467955, 0.00664959, 0.00709219, 0.00595459, 0.00622418, 0.00721347, 0.004328, 0.00816952, 0.00768414, 0.00475689, 0.0064762, 0.00795655, 0.00823452, 0.00503166, 0.00465774, 0.00520736, 0.00751771, 0.00769551, 0.00595207, 0.00399849, 0.00506973, 0.00437711, 0.00852626, 0.00828045, 0.0070693, 0.00618789, 0.00736098, 0.00854314, 0.00710326, 0.00706404, 0.00786097, 0.00687618, 0.00544186, 0.0038579, 0.00724838, 0.00608632, 0.00527606, 0.00723158, 0.00868795, 0.00581645, 0.00450516, 0.00579001, 0.00521877, 0.00441723, 0.00796104, 0.00376622, 0.0063597, 0.00495185, 0.00823179, 0.00416843, 0.00638082, 0.00501481, 0.00646613, 0.00873522, 0.00541386, 0.00831345, 0.00673105, 0.00630223, 0.00403368, 0.00659118, 0.00538151, 0.00447279, 0.0066818, 0.00855023, 0.0062973, 0.00626991, 0.00579694, 0.00665535, 0.0039142, 0.00847384, 0.00734441, 0.00495128, 0.00867767, 0.00809818, 0.0086277, 0.00827977, 0.00553339, 0.00711892, 0.00522817, 0.00742169, 0.00385066, 0.00560258, 0.00503757, 0.00386081, 0.00612559, 0.00522314, 0.00785621, 0.00674222, 0.0039752, 0.00863211, 0.00730712, 0.00832547, 0.00873602, 0.0038175, 0.00821787, 0.00529598, 0.00698441, 0.00452365, 0.00656766, 0.00516735, 0.00515852, 0.00668885, 0.00697115, 0.00654276, 0.00673412, 0.00782282, 0.00571614, 0.00864692, 0.00626745, 0.00455831, 0.00405744, 0.00590654, 0.00378521, 0.00554471, 0.00739627, 0.00665636];
GivenLatency = [225.823, 198.911, 280.014, 176.846, 225.18, 133.669, 214.02, 175.316, 263.226, 263.691, 167.649, 200.761, 241.923, 179.816, 159.016, 212.109, 169.178, 136.098, 266.536, 119.75, 149.346, 202.187, 199.409, 120.874, 118.924, 210.271, 245.346, 230.876, 130.608, 163.925, 187.811, 255.891, 252.451, 256.736, 144.397, 132.22, 173.894, 207.635, 159.821, 135.334, 161.254, 150.77, 133.297, 181.579, 189.021, 305.502, 177.905, 161.838, 189.497, 138.158, 115.411, 213.147, 240.729, 185.485, 240.609, 263.848, 152.06, 294.794, 163.918, 225.632, 151.413, 275.109, 182.155, 241.518, 177.008, 119.016, 208.227, 115.697, 142.773, 153.463, 248.333, 182.42, 220.336, 278.527, 144.701, 148.97, 201.083, 184.938, 176.751, 151.781, 299.148, 126.055, 166.278, 206.463, 148.716, 137.757, 117.313, 122.665, 183.628, 147.793, 182.819, 172.071, 315.068, 198.285, 255.3, 310.217, 207.145, 236.517, 129.819, 160.338, 308.278, 143.947, 168.26, 126.436, 141.769, 264.332, 147.677, 211.21, 165.264, 256.193, 176.429, 216.434, 198.497, 152.947, 144.482, 187.034, 183.971, 132.82, 212.242, 137.392, 192.686, 223.673, 266.296, 168.678, 302.216, 206.052, 162.996, 150.22];
HighestPossibleCritFunctionValue = 1.1;
