NumDevices = 128;
NumSlotes = 1024;


GivenBandwidthOld = [0.00831273, 0.00837019, 0.00522408, 0.00980038, 0.00506109, 0.00804977, 0.0074484, 0.00653447, 0.00858702, 0.00581969, 0.00783991, 0.00540402, 0.00903674, 0.00803289, 0.00507748, 0.00847139, 0.00619773, 0.00525796, 0.00433804, 0.00572529, 0.00867708, 0.0069715, 0.00997751, 0.00700329, 0.00678315, 0.00693449, 0.00670901, 0.00454214, 0.00479959, 0.00677082, 0.00597021, 0.00632657, 0.00814945, 0.00773048, 0.00996702, 0.00574533, 0.00807371, 0.00988813, 0.00488858, 0.00860961, 0.00425333, 0.00695488, 0.00572419, 0.00899711, 0.00438898, 0.00556201, 0.00812357, 0.00402434, 0.00827607, 0.00465049, 0.00697072, 0.00941271, 0.00811299, 0.00745615, 0.00543645, 0.00421062, 0.00787993, 0.0092516, 0.00668443, 0.00400193, 0.00676622, 0.00989705, 0.00474883, 0.00979709, 0.00594085, 0.00664566, 0.00855227, 0.00924832, 0.0077868, 0.00652579, 0.00636897, 0.00834059, 0.00784672, 0.00727354, 0.00509522, 0.00654052, 0.00409939, 0.00716003, 0.00979175, 0.00999435, 0.00879119, 0.00610312, 0.00894981, 0.00945247, 0.00771462, 0.00588743, 0.0088506, 0.0046031, 0.00433991, 0.00583863, 0.00738718, 0.00876713, 0.00789962, 0.0088507, 0.00620795, 0.00823548, 0.00993248, 0.00646329, 0.00601896, 0.00684927, 0.00564328, 0.00541105, 0.0084591, 0.00580262, 0.00846117, 0.0093424, 0.00773702, 0.00737062, 0.00555345, 0.00804437, 0.00417851, 0.00577236, 0.00611794, 0.00790559, 0.00922897, 0.00759045, 0.00638609, 0.00849699, 0.00508181, 0.00615709, 0.00963122, 0.00564919, 0.00460857, 0.00864992, 0.00672278, 0.00480358, 0.00503377, 0.00502641];
GivenLatency = [498.245, 549.523, 946.337, 400.572, 934.585, 477.457, 582.96, 526.478, 396.215, 597.806, 574.509, 645.825, 380.886, 468.141, 876.08, 546.251, 575.935, 896.403, 1148.76, 751.617, 413.972, 657.143, 433.912, 711.593, 632.645, 699.453, 714.149, 822.856, 944.545, 599.991, 609.6, 714.786, 409.457, 439.59, 349.239, 613.031, 573.247, 489.169, 684.571, 477.333, 969.552, 499.959, 712.89, 469.752, 880.099, 683.851, 537.29, 979.247, 487.352, 721.454, 534.049, 466.2, 509.506, 574.783, 668.619, 897.873, 441.978, 386.147, 546.367, 1034.23, 678.295, 394.673, 808.958, 340.935, 594.884, 621.781, 414.312, 519.887, 473.744, 650.218, 656.239, 532.337, 499.86, 602.25, 689.931, 651.989, 874.994, 656.881, 393.745, 363.106, 383.87, 705.548, 517.847, 358.334, 633.702, 610.596, 549.137, 742.517, 842.108, 633.091, 494.669, 453.253, 561.553, 493.144, 547.967, 420.031, 337.627, 726.386, 581.018, 574.313, 712.874, 655.287, 408.428, 720.382, 553.332, 455.231, 535.065, 544.017, 744.42, 478.299, 903.36, 733.329, 705.702, 581.206, 431.829, 629.526, 526.066, 530.204, 852.94, 755.366, 425.714, 804.273, 907.146, 390.484, 617.098, 893.85, 766.905, 739.598];
HighestPossibleCritFunctionValue = 1.1;
