NumDevices = 16;
NumSlotes = 128;


GivenBandwidthOld = [0.0664359, 0.0488599, 0.0485588, 0.0677166, 0.0534378, 0.0687904, 0.0608675, 0.05971, 0.0464963, 0.0433945, 0.0314971, 0.0323144, 0.0476341, 0.0456063, 0.0458789, 0.0674233];
GivenLatency = [12.3025, 18.7256, 18.1875, 14.2057, 18.2694, 11.9249, 12.6555, 15.4973, 19.06, 22.1362, 27.6879, 27.6405, 18.3433, 23.5586, 20.563, 15.5935];
HighestPossibleCritFunctionValue = 1.1;
