NumDevices = 128;
NumSlotes = 1024;


GivenBandwidthOld = [0.00768314, 0.00810427, 0.00471094, 0.00431521, 0.00947644, 0.0042965, 0.00760684, 0.00692237, 0.00927491, 0.00467327, 0.00863254, 0.00832684, 0.00798844, 0.00787968, 0.00495879, 0.00738552, 0.00601018, 0.0093023, 0.00873754, 0.00426663, 0.00553107, 0.00690074, 0.00832145, 0.00490702, 0.00596193, 0.00466037, 0.00433991, 0.00585027, 0.00929964, 0.00773005, 0.00889169, 0.00759197, 0.00690974, 0.00946434, 0.00724375, 0.00441669, 0.00887464, 0.00855861, 0.00952514, 0.003972, 0.00988511, 0.00407681, 0.00889021, 0.00767711, 0.00668807, 0.0089514, 0.00498128, 0.00405475, 0.00700292, 0.00687512, 0.00889222, 0.00407884, 0.00553553, 0.00688822, 0.00409055, 0.00854603, 0.00435281, 0.00400932, 0.0059008, 0.00854801, 0.00646203, 0.00982172, 0.00747119, 0.00835345, 0.00519437, 0.00419452, 0.0060314, 0.00980844, 0.00918581, 0.00712784, 0.00633027, 0.00789545, 0.00751414, 0.0052239, 0.00687176, 0.00862077, 0.0042882, 0.00556904, 0.00753423, 0.0053095, 0.00797431, 0.00791286, 0.00643895, 0.00945508, 0.0078055, 0.00822105, 0.00498888, 0.00681397, 0.00616413, 0.0092757, 0.00537577, 0.0092658, 0.00783499, 0.00386223, 0.00875165, 0.00393419, 0.00562473, 0.00612268, 0.00639171, 0.00930102, 0.0060087, 0.00949452, 0.00811724, 0.003879, 0.00942571, 0.00796057, 0.0083351, 0.00935268, 0.00554692, 0.00464116, 0.00650751, 0.00544949, 0.00451522, 0.00849361, 0.00454612, 0.00907188, 0.00479004, 0.00862011, 0.00577366, 0.00921867, 0.00943897, 0.00581321, 0.00509314, 0.00921499, 0.00386026, 0.00695999, 0.00401754, 0.00649029];
GivenLatency = [438.614, 524.981, 934.478, 1155.57, 366.907, 1134.03, 510.014, 565.225, 530.898, 814.209, 438.259, 528.161, 440.749, 616.315, 919.437, 629.52, 746.592, 376.329, 570.835, 787.024, 720.407, 543.505, 453.939, 935.538, 560.112, 1000.19, 812.769, 619.64, 465.305, 493.704, 460.124, 636.053, 689.139, 389.202, 610.676, 1094.65, 379.096, 509.646, 384.175, 1111, 443.361, 890.323, 469.465, 547.779, 553.359, 497.164, 700.754, 946.697, 489.758, 519.169, 546.753, 1128.91, 880.619, 699.917, 891.338, 492.236, 996.482, 1188.25, 659.331, 534.846, 556.106, 388.992, 480.77, 574.898, 879.599, 1085.47, 824.644, 436.805, 422.531, 531.593, 764.274, 604.341, 557.533, 918.975, 493.73, 485.956, 864.68, 799.707, 648.694, 791.793, 527.698, 542.665, 655.242, 376.47, 488.671, 413.432, 920.197, 572.318, 638.68, 374.81, 645.663, 512.841, 593.794, 960.377, 424.078, 850.909, 677.05, 680.848, 528.709, 458.918, 709.672, 491.079, 456.113, 1208.71, 429.474, 549.411, 583.111, 478.237, 879.654, 722.041, 601.575, 755.406, 844.416, 497.338, 902.405, 473.749, 989.723, 421.567, 593.564, 466.037, 468.207, 816.088, 881.105, 504.483, 1085.33, 554.02, 847.93, 559.147];
HighestPossibleCritFunctionValue = 1.1;
