NumDevices = 128;
NumSlotes = 1024;


GivenBandwidthOld = [0.00570287, 0.00568892, 0.00618194, 0.00735935, 0.0061667, 0.00620878, 0.00853714, 0.00616576, 0.00539889, 0.00668207, 0.0079665, 0.0054404, 0.00424111, 0.00789338, 0.00655207, 0.00820386, 0.00480988, 0.00712684, 0.00832717, 0.00718499, 0.00565047, 0.00489813, 0.00540527, 0.00388391, 0.00445035, 0.00445327, 0.00859614, 0.00778318, 0.00438599, 0.00777535, 0.00784648, 0.00823172, 0.00796317, 0.00456145, 0.0067952, 0.00434581, 0.00758066, 0.00569917, 0.00844256, 0.00656465, 0.00465573, 0.00632771, 0.00727124, 0.00526021, 0.00580949, 0.00757678, 0.00545844, 0.00746753, 0.00426476, 0.00527626, 0.00564513, 0.00520962, 0.00563377, 0.0043467, 0.00754828, 0.00645748, 0.00839704, 0.00659595, 0.00568659, 0.00701319, 0.00821797, 0.00687663, 0.0080138, 0.00535255, 0.00784155, 0.00550245, 0.00725058, 0.00805476, 0.00388369, 0.00564137, 0.00698485, 0.0068199, 0.00464372, 0.00456305, 0.00862375, 0.00693743, 0.00495699, 0.0045919, 0.00854939, 0.00708661, 0.00718877, 0.00421119, 0.00497156, 0.00446671, 0.00442606, 0.00631774, 0.00473595, 0.00462525, 0.00414584, 0.00664801, 0.00559927, 0.00436101, 0.00798209, 0.00753165, 0.00694414, 0.00771227, 0.00765946, 0.00498679, 0.00540225, 0.00805489, 0.00610454, 0.00646182, 0.0063291, 0.00567459, 0.00533885, 0.00751656, 0.00823927, 0.00498382, 0.00550159, 0.00772152, 0.00801641, 0.00427343, 0.00607021, 0.00456613, 0.00551243, 0.00484207, 0.00813103, 0.00579355, 0.00467809, 0.00711278, 0.00705338, 0.00870673, 0.00655633, 0.00467294, 0.00552978, 0.00647622, 0.00836137, 0.00702661];
GivenLatency = [167.295, 171.191, 164.193, 133.456, 180.102, 188.851, 134.04, 169.767, 206.438, 174.233, 149.805, 214.367, 255.321, 140.485, 145.394, 142.341, 260.742, 164.026, 131.253, 180.615, 169.228, 259, 234.822, 293.464, 284.263, 227.238, 113.002, 123.426, 237.608, 154.009, 153.789, 120.097, 127.401, 274.24, 144.535, 221.343, 151.222, 169.151, 116.851, 195.984, 209.083, 159.039, 135.595, 206.892, 174.568, 151.956, 186.79, 173.768, 255.077, 194.985, 181.456, 216.211, 222.417, 223.492, 141.094, 182.103, 123.189, 180.075, 173.182, 168.352, 118.74, 166.39, 128.484, 202.471, 123.471, 176.498, 158.612, 119.696, 313.277, 214.02, 160.619, 142.825, 234.377, 239.845, 148.646, 176.675, 200.61, 240.984, 121.611, 137.997, 170.439, 228.368, 233.558, 264.447, 256.379, 152.757, 220.163, 233.192, 230.409, 163.111, 179.103, 258.892, 123.104, 168.005, 138.816, 125.802, 155.486, 233.375, 184.103, 131.873, 176.169, 168.538, 158.31, 213.118, 206.018, 128.244, 148.044, 205.336, 191.252, 146.001, 146.672, 231.67, 175.69, 258.07, 213.291, 240.322, 119.96, 179.366, 244.479, 167.033, 138.016, 138.588, 147.788, 239.151, 198.059, 151.386, 138.604, 141.442];
HighestPossibleCritFunctionValue = 1.1;
