NumDevices = 128;
NumSlotes = 1024;


GivenBandwidthOld = [0.00631844, 0.0090366, 0.00562433, 0.00557318, 0.00843349, 0.00661963, 0.00864065, 0.00714845, 0.00899465, 0.00681047, 0.0097526, 0.00823878, 0.00923894, 0.00639465, 0.00859922, 0.00464199, 0.00797396, 0.00831509, 0.00429787, 0.0056034, 0.00391005, 0.00620085, 0.00767184, 0.00566479, 0.00443349, 0.00999246, 0.00827758, 0.00505728, 0.00641448, 0.00444268, 0.00815281, 0.00806875, 0.00776152, 0.00669227, 0.00440321, 0.00716947, 0.00607436, 0.00669298, 0.00388122, 0.00914367, 0.00515731, 0.00638707, 0.0062391, 0.00683587, 0.00547228, 0.00637171, 0.00441022, 0.00635395, 0.00591744, 0.0068974, 0.00840478, 0.00538874, 0.0085292, 0.00899017, 0.00656369, 0.00597217, 0.00795094, 0.00894587, 0.00580116, 0.00889679, 0.00579731, 0.00667491, 0.00653437, 0.00692436, 0.00518871, 0.00921175, 0.00555005, 0.00721695, 0.00402225, 0.0044928, 0.0066552, 0.00642191, 0.00434405, 0.00671857, 0.00896339, 0.00653283, 0.00609269, 0.00863728, 0.00675784, 0.00654119, 0.00900294, 0.00870035, 0.00432655, 0.00626361, 0.00620041, 0.00656354, 0.00965849, 0.0077821, 0.00875499, 0.00385076, 0.00974879, 0.00661035, 0.00882879, 0.00666765, 0.00939982, 0.00400516, 0.0046656, 0.00472832, 0.00893723, 0.00427922, 0.00463183, 0.00592499, 0.00885711, 0.00765882, 0.00548312, 0.0072852, 0.00742404, 0.00956377, 0.0095446, 0.00608831, 0.00996057, 0.00985193, 0.00887604, 0.00715946, 0.00662428, 0.00557388, 0.007657, 0.00614938, 0.00513303, 0.00461356, 0.00517793, 0.00922363, 0.00523546, 0.00739142, 0.00504006, 0.00461812, 0.0067862, 0.00814653];
GivenLatency = [564.782, 410.268, 758.317, 689.778, 432.631, 621.204, 441.163, 555.315, 395.954, 670.987, 349.435, 435.867, 368.493, 715.763, 550.158, 781.506, 614.837, 541.016, 923.821, 859.779, 1275.06, 675.949, 582.311, 730.536, 757.913, 352.885, 522.861, 671.738, 604.404, 1017.73, 477.412, 456.261, 611.594, 656.956, 782.88, 500.087, 607.966, 614.139, 924.609, 479.015, 761.52, 679.668, 768.982, 498.046, 625.435, 616.554, 1045.09, 756.133, 752.366, 502.519, 590.319, 658.574, 463.081, 445.128, 534.354, 653.594, 474.902, 541.763, 747.86, 438.694, 812.091, 670.036, 729.235, 685.631, 807.072, 430.679, 657.947, 483.419, 1230.74, 1101.62, 502.695, 740.07, 989.103, 505.202, 472.412, 637.234, 569.627, 493.422, 676.656, 544.682, 415.54, 461.358, 1048.45, 733.309, 682.367, 527.921, 394.21, 616.687, 381.278, 1150.5, 436.247, 724.63, 492.143, 740.284, 488.208, 1226.48, 863.385, 930.612, 416.892, 1119.17, 758.814, 761.1, 537.473, 531.591, 898.354, 558.702, 610.858, 445.827, 512.987, 736.724, 417.246, 461.703, 490.556, 541.639, 730.618, 716.577, 538.544, 587.573, 795.391, 794.4, 663.16, 387.473, 655.018, 502.622, 691.316, 797.627, 638.993, 478.38];
HighestPossibleCritFunctionValue = 1.1;
