NumDevices = 16;
NumSlotes = 128;


GivenBandwidthOld = [0.0239579, 0.026178, 0.0141293, 0.0119424, 0.0312977, 0.0348214, 0.0326234, 0.01608, 0.0222526, 0.0151774, 0.025848, 0.0167454, 0.0299611, 0.0219195, 0.0160269, 0.0286092];
GivenLatency = [15.7341, 13.7551, 30.5272, 34.4783, 17.9853, 14.8766, 10.9878, 19.8273, 14.8724, 22.9104, 20.0949, 19.3761, 14.5461, 14.4196, 20.5689, 15.6722];
HighestPossibleCritFunctionValue = 1.1;
