NumDevices = 128;
NumSlotes = 1024;


GivenBandwidthOld = [0.0037598, 0.00853456, 0.00779855, 0.00781106, 0.0079169, 0.00690824, 0.0042713, 0.0052614, 0.00591257, 0.00514323, 0.00473521, 0.00724914, 0.00383763, 0.00650584, 0.0060929, 0.00588164, 0.00515718, 0.00423347, 0.00440709, 0.00753035, 0.00506885, 0.00472908, 0.00411352, 0.0084693, 0.00601614, 0.00570717, 0.00787387, 0.00866332, 0.00692756, 0.00392847, 0.00826961, 0.0048004, 0.00777449, 0.00834198, 0.00622202, 0.00595363, 0.00515171, 0.00726561, 0.00557018, 0.0054991, 0.00590237, 0.00860307, 0.004241, 0.00600805, 0.0047566, 0.00665977, 0.00828635, 0.00616318, 0.00715398, 0.00437217, 0.0055345, 0.00579045, 0.0075601, 0.00515096, 0.0046434, 0.00405622, 0.00534757, 0.0041426, 0.00725791, 0.00624448, 0.00839191, 0.00531853, 0.00600237, 0.00427763, 0.00668265, 0.00781743, 0.00508127, 0.00832608, 0.00393468, 0.0076823, 0.00384731, 0.00416264, 0.00396299, 0.00852375, 0.00611272, 0.00396287, 0.00649441, 0.00402194, 0.00428085, 0.00580845, 0.00514112, 0.00425863, 0.00737469, 0.00391436, 0.00609708, 0.00618024, 0.00874317, 0.00402889, 0.00602082, 0.00436777, 0.00669423, 0.00740919, 0.00868823, 0.00559304, 0.00464802, 0.00683025, 0.00856729, 0.00791757, 0.00813164, 0.00603639, 0.0060737, 0.00813426, 0.00500004, 0.00815637, 0.00658102, 0.00478485, 0.00651663, 0.00744032, 0.00703586, 0.00420554, 0.00508806, 0.0075422, 0.00418808, 0.00663111, 0.00650331, 0.00869746, 0.00568326, 0.00612685, 0.00646884, 0.00428203, 0.00561801, 0.00438282, 0.0045578, 0.00548311, 0.00705199, 0.00526237, 0.00721968, 0.00859398];
GivenLatency = [287.141, 137.198, 127.344, 134.037, 120.453, 170.123, 299.88, 230.909, 166.212, 185.892, 212.176, 169.602, 268.8, 160.616, 200.957, 193.074, 209.119, 250.81, 272.328, 153.788, 221.673, 227.675, 297.963, 121.09, 195.43, 173.417, 145.643, 137.415, 182.095, 325.694, 138.559, 230.501, 136.585, 118.111, 170.802, 186.153, 185.429, 169.842, 215.934, 203.285, 168.339, 133.554, 231.636, 209.553, 249.309, 143.569, 130.122, 189.229, 135.349, 227.824, 183.537, 220.909, 167.449, 225.914, 271.454, 238.838, 220.068, 273.436, 135.45, 171.948, 142.376, 233.338, 182.136, 228.312, 152.962, 143.395, 200.094, 116.99, 258.001, 127.511, 298.467, 232.905, 314.188, 117.171, 178.797, 270.32, 157.346, 297.492, 289.162, 181.72, 251.782, 284.103, 141.649, 245.875, 203.272, 164.879, 145.902, 279.328, 193.694, 251.332, 178.375, 156.982, 135.471, 231.445, 223.425, 177.029, 111.592, 126.598, 157.168, 179.139, 157.582, 122.441, 214.247, 126.468, 158.679, 251.643, 174.352, 167.98, 161.638, 296.259, 205.601, 170.255, 253.953, 152.66, 179.942, 124.84, 223.547, 160.661, 185.069, 280.615, 176.785, 230.941, 212.538, 187.21, 156.956, 222.511, 168.312, 120.588];
HighestPossibleCritFunctionValue = 1.1;
