NumDevices = 16;
NumSlotes = 128;


GivenBandwidthOld = [0.0286744, 0.0199095, 0.033701, 0.0275531, 0.0245234, 0.0292698, 0.027735, 0.0317053, 0.0112819, 0.0300918, 0.0178743, 0.027929, 0.0178925, 0.0348949, 0.0180191, 0.011842];
GivenLatency = [16.0627, 15.6443, 18.2188, 17.3438, 19.3197, 11.2339, 17.2162, 12.1888, 43.861, 13.648, 19.4374, 15.9595, 18.9667, 14.5102, 26.0601, 37.8796];
HighestPossibleCritFunctionValue = 1.1;
