NumDevices = 32;
NumSlotes = 256;


GivenBandwidthOld = [0.0296042, 0.0176538, 0.0172225, 0.0183422, 0.0378955, 0.0189724, 0.0295233, 0.0329184, 0.0194474, 0.0375563, 0.0188704, 0.0395091, 0.0390968, 0.0344999, 0.0249276, 0.017388, 0.0249233, 0.0206208, 0.0332713, 0.0264866, 0.0209604, 0.0158771, 0.0316437, 0.0202748, 0.0181048, 0.0231805, 0.029351, 0.0378926, 0.0201754, 0.0229911, 0.0215148, 0.0338074];
GivenLatency = [59.9178, 130.419, 135.21, 110.756, 50.4563, 92.2037, 69.2841, 50.756, 120.738, 52.9224, 118.574, 61.1487, 47.0004, 52.634, 94.8588, 102.557, 92.8707, 85.5854, 64.8056, 85.5691, 79.7948, 138.285, 54.6279, 90.0893, 99.9142, 82.4759, 75.153, 44.7557, 95.0792, 75.2612, 87.9392, 68.1579];
HighestPossibleCritFunctionValue = 1.1;
