NumDevices = 64;
NumSlotes = 512;


GivenBandwidthOld = [0.0095952, 0.00899676, 0.0135456, 0.0163254, 0.0102444, 0.0199429, 0.0103534, 0.0145217, 0.00859295, 0.0141421, 0.0155331, 0.0197911, 0.00867722, 0.0181111, 0.0106671, 0.0118928, 0.012208, 0.00975721, 0.0194463, 0.0134984, 0.0100179, 0.0125451, 0.012247, 0.0158278, 0.00960252, 0.0195135, 0.0182399, 0.0127359, 0.0194474, 0.0194128, 0.0128469, 0.0104724, 0.0154431, 0.0188819, 0.0154611, 0.00902681, 0.0185748, 0.0162756, 0.0108112, 0.00956956, 0.0156506, 0.00767412, 0.00886546, 0.0192582, 0.0146822, 0.0187445, 0.0188484, 0.0155821, 0.0189053, 0.00916314, 0.00991157, 0.0137305, 0.0105025, 0.0086036, 0.0181432, 0.0119873, 0.0127529, 0.0173689, 0.0114603, 0.0189082, 0.0195967, 0.0170373, 0.0129769, 0.00806677];
GivenLatency = [338.658, 324.437, 175.173, 147.66, 245.619, 119.6, 265.469, 190.684, 271.876, 172.352, 162.408, 149.358, 327.255, 136.845, 213.16, 239.496, 227.732, 278.716, 149.492, 174.955, 312.947, 181.012, 237.411, 208.345, 239.834, 149.352, 163.322, 203.563, 134.711, 138.416, 181.196, 310.492, 151.21, 128.922, 165.243, 256.148, 122.483, 170.555, 247.844, 302.471, 209.104, 314.072, 355.867, 123.338, 186.01, 168.89, 151.83, 197.782, 128.656, 280.63, 284.389, 188.918, 236.135, 280.362, 146.963, 259.318, 175.333, 159.112, 212.568, 152.56, 129.44, 184.448, 214.564, 396.438];
HighestPossibleCritFunctionValue = 1.1;
