NumDevices = 16;
NumSlotes = 128;


GivenBandwidthOld = [0.0208541, 0.0344378, 0.0113445, 0.0324798, 0.0280556, 0.0210083, 0.0272494, 0.0203696, 0.0169791, 0.0328983, 0.0114333, 0.0242666, 0.0136034, 0.0220437, 0.0279566, 0.0316421];
GivenLatency = [18.9548, 11.8574, 54.0136, 9.6891, 11.9167, 16.9396, 13.4687, 16.0201, 22.5225, 17.5986, 51.3933, 25.8799, 22.5921, 13.8167, 14.783, 14.5054];
HighestPossibleCritFunctionValue = 1.1;
