NumDevices = 16;
NumSlotes = 128;


GivenBandwidthOld = [0.0672535, 0.0695864, 0.0380966, 0.03037, 0.0488393, 0.0616888, 0.0635004, 0.0317465, 0.0630615, 0.0546236, 0.0396797, 0.0371153, 0.0575149, 0.0328689, 0.0475751, 0.0547783];
GivenLatency = [15.0508, 12.316, 24.3101, 25.8487, 16.0582, 14.1056, 13.9582, 29.884, 15.9705, 15.6927, 20.7259, 23.8308, 17.7178, 25.7365, 19.8731, 18.1505];
HighestPossibleCritFunctionValue = 1.1;
