NumDevices = 128;
NumSlotes = 1024;


GivenBandwidthOld = [0.00558428, 0.00756527, 0.00692399, 0.00395805, 0.0054988, 0.00590249, 0.00568711, 0.00578092, 0.00737127, 0.00640698, 0.00458359, 0.00383328, 0.00843881, 0.00864511, 0.0058156, 0.00523229, 0.00664115, 0.00534874, 0.00375815, 0.00567785, 0.00508771, 0.00656355, 0.00615634, 0.00716943, 0.00408104, 0.00747713, 0.00557124, 0.00827408, 0.00492298, 0.00796465, 0.00436787, 0.00831081, 0.00719702, 0.00774556, 0.00707103, 0.00538475, 0.00394499, 0.00586799, 0.00581916, 0.00520075, 0.00652751, 0.00534531, 0.00618299, 0.00504711, 0.00419866, 0.00434905, 0.00700829, 0.00577765, 0.00753918, 0.0084556, 0.00580392, 0.00390352, 0.0038798, 0.00525855, 0.00794127, 0.00650538, 0.00847111, 0.00649127, 0.00635811, 0.00821599, 0.00870527, 0.00693715, 0.00519891, 0.00553591, 0.00451573, 0.00844566, 0.00868295, 0.00687907, 0.00396191, 0.00526776, 0.00777965, 0.00509819, 0.00773043, 0.00784477, 0.00460885, 0.00836055, 0.00833093, 0.00547997, 0.0043583, 0.00738085, 0.00748219, 0.00563976, 0.00497385, 0.00808244, 0.00410734, 0.00453574, 0.00471262, 0.00747684, 0.00581394, 0.00737187, 0.00644985, 0.00518871, 0.00413877, 0.0078746, 0.00589183, 0.00643308, 0.00835427, 0.00763449, 0.00528967, 0.00602915, 0.0043787, 0.00537051, 0.00460534, 0.00443429, 0.00467413, 0.00566613, 0.00807827, 0.00396076, 0.00607128, 0.00755058, 0.00514193, 0.0079801, 0.00402868, 0.00761142, 0.00756113, 0.00734772, 0.00565222, 0.0042966, 0.0054027, 0.00560186, 0.00799364, 0.00667401, 0.00765131, 0.00812163, 0.00768222, 0.00763997, 0.00748575, 0.00550796];
GivenLatency = [215.175, 171.357, 158.964, 318.69, 232.686, 171.692, 203.774, 217.639, 146.891, 150.611, 248.975, 336.643, 124.622, 148.78, 186.454, 185.427, 149.797, 183.233, 272.817, 206.824, 208.831, 173.15, 191.303, 150.013, 271.629, 170.7, 190.004, 139.864, 205.47, 126.748, 254.831, 144.118, 168.422, 131.531, 170.904, 226.31, 297.105, 194.644, 212.773, 190.952, 180.059, 222.857, 182.679, 213.737, 253.435, 243.45, 156.545, 178.643, 138.578, 147.841, 181.204, 304.165, 328.075, 232.343, 135.079, 156.384, 121.889, 165.005, 166.861, 121.112, 140.715, 176.359, 209.629, 196.828, 235.841, 132.798, 116.697, 165.017, 259.025, 217.854, 146.414, 232.329, 164.03, 155.845, 272.587, 134.376, 134.128, 199.507, 228.61, 139.389, 129.107, 205.232, 194.225, 142.714, 237.905, 276.964, 243.743, 132.621, 167.047, 138.929, 173.638, 221.23, 305.447, 149.128, 197.639, 165.789, 145.492, 146.372, 212.175, 162.363, 292.277, 185.248, 277.317, 262.819, 275.049, 201.058, 138.812, 293.174, 196.349, 145.184, 251.381, 125.728, 239.287, 141.097, 142.973, 159.757, 225.221, 282.542, 237.041, 216.322, 149.13, 162.235, 129.565, 123.083, 126.404, 159.614, 131.198, 182.886];
HighestPossibleCritFunctionValue = 1.1;
