NumDevices = 128;
NumSlotes = 1024;


GivenBandwidthOld = [0.00440924, 0.00864713, 0.00473438, 0.0081677, 0.00710307, 0.00874198, 0.00401604, 0.00508507, 0.00722036, 0.00514864, 0.00564256, 0.00705808, 0.00756969, 0.0062862, 0.00459441, 0.00568961, 0.00783771, 0.00592955, 0.00539502, 0.00655701, 0.00611998, 0.00598716, 0.0087106, 0.00651057, 0.00570723, 0.00389686, 0.00696761, 0.00709922, 0.00408721, 0.00627521, 0.00495564, 0.00697627, 0.00774913, 0.00705522, 0.00466206, 0.00770826, 0.0051796, 0.00605057, 0.00441967, 0.00387268, 0.00571534, 0.00517699, 0.00723797, 0.00601631, 0.00860864, 0.00787807, 0.00422442, 0.00729096, 0.00672639, 0.00800875, 0.00565097, 0.00829097, 0.00389852, 0.00491933, 0.00667882, 0.00838333, 0.00604837, 0.00748871, 0.00533106, 0.00665504, 0.00381423, 0.00818957, 0.00469225, 0.00517931, 0.00623508, 0.005534, 0.00747399, 0.00787567, 0.00382349, 0.00384021, 0.0049344, 0.004937, 0.00859252, 0.00703247, 0.0072977, 0.00502682, 0.00834095, 0.00377708, 0.00388155, 0.00466656, 0.0084148, 0.00506182, 0.00656757, 0.00868805, 0.00754349, 0.00594887, 0.00521646, 0.00554338, 0.00516351, 0.00568469, 0.00510168, 0.00643677, 0.00528973, 0.00691314, 0.00657187, 0.00599165, 0.00413774, 0.00549376, 0.00611423, 0.00435553, 0.00584804, 0.0054898, 0.00463388, 0.00411023, 0.00822116, 0.00551594, 0.00394857, 0.00610309, 0.00719796, 0.00867065, 0.00516235, 0.00609435, 0.00523342, 0.00564268, 0.0039715, 0.00658582, 0.00545339, 0.00767191, 0.00428765, 0.00507438, 0.00763254, 0.00763532, 0.00433879, 0.00451264, 0.00649258, 0.00822232, 0.00507322, 0.00806967];
GivenLatency = [279.987, 131.373, 208.89, 135.139, 160.633, 121.012, 277.301, 191.105, 137.324, 199.003, 177.589, 154.63, 156.363, 159.615, 268.504, 192.575, 152.244, 165.237, 196.593, 151.549, 210.559, 169.762, 114.328, 154.575, 186.42, 296.103, 164.362, 142.069, 300.33, 179.197, 241.805, 153.676, 130.172, 140.979, 252.805, 155.931, 235.084, 164.485, 231.385, 273.914, 202.458, 215.76, 175.248, 171.363, 125.088, 133.303, 300.9, 145.161, 150.215, 138.781, 222.167, 118.141, 267.6, 217.191, 193.617, 152.612, 191.268, 128.473, 208.935, 155.996, 288.276, 142.945, 237.448, 230.678, 197.528, 173.855, 155.657, 148.743, 286.034, 250.458, 251.459, 200.274, 127.154, 137.504, 145.521, 192.794, 118.023, 300.619, 269.459, 240.03, 152.449, 256.562, 145.632, 147.585, 133.712, 167.557, 247.043, 229.911, 234.315, 180.323, 253.376, 168.342, 243.987, 167.354, 180.62, 160.713, 308.027, 207.463, 172.359, 222.267, 210.569, 201.687, 278.592, 309.909, 130.961, 207.984, 266.799, 159.591, 162.813, 141.807, 243.16, 160.529, 239.453, 181.735, 254.057, 144.684, 175.021, 129.001, 260.872, 253.275, 165.536, 157.328, 239.89, 214.317, 173.081, 117.417, 227.86, 148.406];
HighestPossibleCritFunctionValue = 1.1;
