NumDevices = 32;
NumSlotes = 256;


GivenBandwidthOld = [0.00609054, 0.00873676, 0.00875003, 0.00674912, 0.014908, 0.0165349, 0.00983885, 0.00656461, 0.0138484, 0.00771159, 0.0162487, 0.0125292, 0.0101211, 0.0123656, 0.0113799, 0.00627624, 0.0172931, 0.0156989, 0.0097177, 0.00796303, 0.0171922, 0.00685386, 0.0127801, 0.0158962, 0.0118213, 0.0124992, 0.00617441, 0.00573573, 0.00797413, 0.016196, 0.0128644, 0.00733898];
GivenLatency = [52.7026, 48.4738, 48.6721, 56.8267, 33.4416, 26.5743, 41.4628, 69.974, 24.1609, 42.3407, 31.7111, 33.7561, 41.6176, 26.8965, 40.7704, 66.6629, 27.0457, 20.082, 31.5838, 50.4938, 22.0405, 47.4776, 39.6733, 25.9696, 29.732, 37.4824, 66.7787, 79.8131, 49.9527, 22.4952, 25.1061, 82.8153];
HighestPossibleCritFunctionValue = 1.1;
