NumDevices = 16;
NumSlotes = 128;


GivenBandwidthOld = [0.0303096, 0.0330698, 0.0647182, 0.059495, 0.0317324, 0.0662309, 0.0422318, 0.0492669, 0.0489333, 0.0412505, 0.0365151, 0.0492617, 0.041127, 0.0419747, 0.0488359, 0.0450096];
GivenLatency = [28.3649, 30.997, 15.1317, 18.3357, 31.5971, 12.9891, 18.9543, 21.6037, 19.1264, 19.862, 22.108, 17.0344, 25.8709, 20.908, 17.6021, 18.9261];
HighestPossibleCritFunctionValue = 1.1;
