NumDevices = 16;
NumSlotes = 128;


GivenBandwidthOld = [0.0121918, 0.0232073, 0.0347763, 0.0255333, 0.0279138, 0.0119258, 0.0277456, 0.0109231, 0.0246886, 0.0313759, 0.0254415, 0.0347711, 0.0135661, 0.0201466, 0.0189152, 0.0230809];
GivenLatency = [48.8497, 13.3172, 13.4256, 13.2421, 17.2359, 50.8219, 17.8566, 34.6752, 15.9294, 14.6585, 21.0794, 11.0197, 35.0673, 19.2534, 25.1202, 27.0139];
HighestPossibleCritFunctionValue = 1.1;
