NumDevices = 32;
NumSlotes = 256;


GivenBandwidthOld = [0.028018, 0.034059, 0.0153042, 0.0283488, 0.0177495, 0.0266396, 0.0168458, 0.0369234, 0.0311625, 0.0323741, 0.0211566, 0.0396153, 0.0235641, 0.027538, 0.0154055, 0.03095, 0.0360623, 0.0337658, 0.0374328, 0.0179289, 0.0155308, 0.0357365, 0.034001, 0.0399917, 0.0253242, 0.0331141, 0.0340457, 0.0163593, 0.0363482, 0.0387195, 0.0179672, 0.0351994];
GivenLatency = [67.6772, 49.2912, 147.07, 65.9043, 123.797, 64.6375, 136.014, 58.0216, 62.2926, 62.4595, 80.9594, 59.2172, 104.271, 72.5252, 131.027, 64.4092, 60.1939, 53.4048, 48.6154, 95.8802, 140.517, 47.16, 57.9462, 52.1199, 68.2226, 63.8393, 72.8188, 124.836, 57.1345, 43.3749, 128.332, 54.906];
HighestPossibleCritFunctionValue = 1.1;
