NumDevices = 128;
NumSlotes = 1024;


GivenBandwidthOld = [0.0057695, 0.00541986, 0.00404591, 0.00710615, 0.00562169, 0.00630991, 0.00809102, 0.00826761, 0.00625885, 0.00496047, 0.0080566, 0.00476513, 0.00507658, 0.00457727, 0.00768345, 0.00826445, 0.00809964, 0.00821131, 0.00491455, 0.00630107, 0.00451456, 0.00871679, 0.00559585, 0.00687077, 0.00453635, 0.00496035, 0.00608357, 0.00408874, 0.00697485, 0.00387901, 0.0070629, 0.00865358, 0.0081519, 0.00641618, 0.00429064, 0.005222, 0.00864082, 0.00384939, 0.00423209, 0.00624171, 0.00685816, 0.00754161, 0.00432385, 0.008376, 0.0078893, 0.00795093, 0.00384874, 0.00825279, 0.00714023, 0.00837586, 0.00561754, 0.00647717, 0.00429187, 0.005879, 0.00579423, 0.00609285, 0.00497679, 0.0074158, 0.00492414, 0.00757209, 0.00664619, 0.00510253, 0.00566577, 0.00716928, 0.00661534, 0.00649697, 0.00711448, 0.00555002, 0.00660483, 0.004873, 0.00796153, 0.00698176, 0.00486436, 0.00774869, 0.00474152, 0.00825673, 0.00831269, 0.00392457, 0.00773104, 0.00815484, 0.00591406, 0.00503175, 0.00608222, 0.00640017, 0.0052424, 0.00660602, 0.00491695, 0.00675999, 0.00766032, 0.00454422, 0.00726508, 0.00673444, 0.00828242, 0.00516177, 0.00636363, 0.00601298, 0.00765546, 0.00779623, 0.00376037, 0.00802305, 0.00592445, 0.00481355, 0.00387059, 0.0055877, 0.00491483, 0.00597799, 0.00452369, 0.00712325, 0.00803493, 0.00558034, 0.00626171, 0.00811733, 0.0054554, 0.00643142, 0.00542908, 0.00396799, 0.0074956, 0.00607993, 0.00792657, 0.00428736, 0.00518067, 0.00402668, 0.00396143, 0.00729105, 0.0081506, 0.00459775, 0.00692947, 0.00614873];
GivenLatency = [217.711, 219.398, 250.449, 169.904, 198.383, 155.253, 121.79, 123.781, 152.303, 249.138, 120.635, 215.718, 188.667, 237.716, 159.875, 131.017, 139.24, 152.029, 260.3, 175.826, 267.036, 137.519, 181.225, 153.515, 265.548, 200.718, 202.23, 278.981, 139.915, 264.317, 167.787, 146.234, 129.26, 148.458, 292.171, 189.473, 137.182, 303.735, 260.009, 155.784, 169.271, 170.02, 225.682, 136.914, 145.711, 136.453, 331.376, 148.27, 168.405, 127.954, 188.336, 193.36, 241.593, 183.879, 180.302, 169.446, 218.194, 169.285, 208.507, 137.8, 186.174, 205.26, 201.8, 140.688, 181.741, 151.352, 162.34, 224.344, 185.268, 251.609, 148.334, 150.085, 224.944, 133.556, 226.451, 134.817, 130.051, 323.077, 148.241, 122.801, 202.343, 196.685, 189.53, 183.268, 237.252, 176.021, 196.752, 185.024, 144.91, 249.04, 141.508, 192.254, 117.409, 202.023, 177.075, 206.156, 158.158, 136.076, 258.05, 159.803, 201.254, 213.695, 251.076, 180.94, 226.273, 177.809, 236.711, 145.65, 122.796, 214.671, 166.761, 146.51, 178.282, 150.901, 195.689, 275.502, 129.483, 207.345, 150.888, 227.136, 198.142, 270.007, 251.698, 167.281, 135.189, 253.46, 179.589, 174.845];
HighestPossibleCritFunctionValue = 1.1;
