NumDevices = 32;
NumSlotes = 256;


GivenBandwidthOld = [0.0101818, 0.00772851, 0.013009, 0.0126574, 0.0157427, 0.00677656, 0.0136352, 0.012302, 0.0171539, 0.0132648, 0.0115884, 0.0117489, 0.00882962, 0.00699858, 0.00758442, 0.0164047, 0.0081802, 0.017145, 0.0138917, 0.0103062, 0.0105202, 0.007243, 0.0156012, 0.0174241, 0.0162402, 0.00605214, 0.0133553, 0.00711639, 0.0125929, 0.00706991, 0.00651777, 0.0141212];
GivenLatency = [61.1234, 51.1058, 39.5123, 31.7697, 30.2314, 77.4875, 33.767, 34.3193, 18.1246, 32.1452, 30.7438, 35.6405, 64.9966, 85.1463, 65.5622, 25.6853, 39.2535, 21.8898, 23.7652, 37.8648, 53.0713, 78.6794, 33.1105, 19.7378, 31.7667, 83.2118, 33.8545, 67.7684, 45.9979, 50.8387, 48.1135, 33.4348];
HighestPossibleCritFunctionValue = 1.1;
