NumDevices = 16;
NumSlotes = 128;


GivenBandwidthOld = [0.0419012, 0.0532009, 0.0474798, 0.0524422, 0.0560765, 0.0579042, 0.0563723, 0.068683, 0.0558773, 0.0690763, 0.0648501, 0.0353511, 0.0458145, 0.0640638, 0.0597868, 0.057583];
GivenLatency = [19.1604, 20.1395, 21.4261, 15.1131, 19.5509, 17.4335, 16.8882, 16.0065, 15.4021, 14.234, 15.0557, 22.367, 23.3294, 16.3115, 15.7524, 14.1378];
HighestPossibleCritFunctionValue = 1.1;
