NumDevices = 128;
NumSlotes = 1024;


GivenBandwidthOld = [0.0059157, 0.00761399, 0.00576284, 0.00856903, 0.00714284, 0.00719782, 0.00620856, 0.00468958, 0.00521604, 0.00848842, 0.00739746, 0.00660108, 0.00682001, 0.00640211, 0.0078156, 0.00424952, 0.00415582, 0.00443605, 0.00424709, 0.00829854, 0.00601687, 0.00810875, 0.00633759, 0.00830082, 0.0043401, 0.0065652, 0.00380667, 0.0062288, 0.00501619, 0.00463371, 0.006238, 0.0045106, 0.00714072, 0.0066434, 0.0081908, 0.00527138, 0.00853173, 0.00520558, 0.00770989, 0.00761408, 0.00729775, 0.00576004, 0.00645863, 0.00766169, 0.00751916, 0.0069652, 0.00660617, 0.00743669, 0.00600857, 0.00857183, 0.00424745, 0.004341, 0.00673928, 0.00453183, 0.00405169, 0.00423797, 0.00506429, 0.00806682, 0.0064943, 0.00720838, 0.0086869, 0.00816517, 0.0044393, 0.00377055, 0.00405724, 0.00750066, 0.00617057, 0.00622059, 0.00703186, 0.00700998, 0.004262, 0.00392295, 0.00547192, 0.00401181, 0.00391093, 0.00850201, 0.00578582, 0.00483858, 0.0045498, 0.00598014, 0.00572487, 0.00542382, 0.00567696, 0.00511156, 0.00742905, 0.00759206, 0.00720949, 0.00733389, 0.00812613, 0.00834588, 0.00669511, 0.00728559, 0.00637362, 0.00396749, 0.00411203, 0.00845896, 0.00728346, 0.0055593, 0.00757979, 0.00604108, 0.00500377, 0.00580066, 0.00423715, 0.00624109, 0.00642158, 0.00492805, 0.00829262, 0.00654533, 0.0047867, 0.00759158, 0.00414735, 0.00696988, 0.0051936, 0.00637873, 0.00484467, 0.00695377, 0.00453834, 0.00845103, 0.00390197, 0.00793953, 0.00720588, 0.00676902, 0.00440263, 0.00744573, 0.00783697, 0.008389, 0.00647788, 0.00614701];
GivenLatency = [196.34, 166.711, 199.231, 140.758, 164.231, 148.58, 174.535, 263.284, 230.376, 116.177, 130.433, 150.349, 171.214, 196.49, 157.444, 226.442, 271.02, 277.87, 238.924, 142.564, 192.091, 158.537, 181.248, 130.115, 277.46, 147.916, 313.123, 201.045, 203.324, 216.909, 177.531, 244.928, 173.333, 183.187, 135.256, 232.283, 119.903, 214.861, 146.659, 152.537, 137.016, 197.982, 164.27, 126.346, 156.334, 169.985, 170.648, 173.991, 167.731, 121.363, 293.316, 222.432, 159.501, 214.894, 255.717, 281.448, 191.703, 127.091, 194.408, 147.281, 116.953, 156.137, 259.58, 257.843, 256.74, 152.204, 210.398, 190.949, 150.145, 169.291, 293.148, 248.074, 182.882, 255.975, 309.536, 120.562, 196.168, 222.568, 223.873, 216.011, 173.885, 234.507, 226.528, 189.443, 134.041, 165.864, 168.44, 139.49, 157.6, 132.542, 143.305, 134.665, 176.093, 298.458, 233.402, 121.315, 163.798, 196.662, 165.537, 176.296, 235.906, 202.549, 261.588, 152.941, 154.708, 238.524, 119.986, 175.644, 226.411, 146.437, 300.953, 150.35, 194.389, 197.297, 250.596, 156.274, 212.243, 145.55, 256.027, 150.282, 172.718, 148.985, 218.067, 147.591, 151.032, 136.708, 197.64, 162.13];
HighestPossibleCritFunctionValue = 1.1;
