NumDevices = 128;
NumSlotes = 1024;


GivenBandwidthOld = [0.00989127, 0.00758093, 0.00896529, 0.00709341, 0.00886527, 0.00730454, 0.00741842, 0.00895642, 0.00807674, 0.00455713, 0.00667568, 0.00697875, 0.00677695, 0.00888882, 0.00948088, 0.00384257, 0.00964468, 0.00692121, 0.00854835, 0.00595003, 0.00464532, 0.00770823, 0.0046808, 0.00390406, 0.00560897, 0.00987984, 0.00921142, 0.00633695, 0.00765816, 0.00692216, 0.00575133, 0.00889471, 0.00844889, 0.00918776, 0.00868877, 0.00959851, 0.00584048, 0.00726128, 0.00528146, 0.00553505, 0.00516159, 0.00952687, 0.00810165, 0.00438836, 0.00764095, 0.0051981, 0.00442517, 0.0075426, 0.0084249, 0.00597165, 0.00553607, 0.00977795, 0.00931376, 0.00763635, 0.00921, 0.00749876, 0.00917559, 0.00408889, 0.0056642, 0.00690567, 0.00976873, 0.00437332, 0.00487637, 0.00966278, 0.00477423, 0.00547411, 0.00594284, 0.00876793, 0.00886836, 0.00923509, 0.00421465, 0.00681345, 0.00987991, 0.00415651, 0.0046572, 0.00734086, 0.00529731, 0.00930849, 0.00646247, 0.00466178, 0.00933003, 0.00599994, 0.00595372, 0.00410772, 0.00964129, 0.00618981, 0.00969633, 0.00625326, 0.00724639, 0.0051126, 0.00490139, 0.00521082, 0.00575777, 0.00453347, 0.00898577, 0.00765826, 0.0086244, 0.00897025, 0.00930229, 0.00860258, 0.0048119, 0.00731179, 0.00430253, 0.0089164, 0.00422955, 0.00723633, 0.00473691, 0.00947251, 0.00698965, 0.00878569, 0.00729398, 0.004933, 0.00518913, 0.00378067, 0.00669664, 0.00911156, 0.0091711, 0.00985101, 0.00594777, 0.00425136, 0.00518504, 0.00996913, 0.0098625, 0.00529989, 0.008949, 0.00836849, 0.0079363, 0.00659237];
GivenLatency = [410.32, 447.866, 429.728, 519.259, 537.648, 562.046, 464.204, 428.658, 437.37, 776.957, 722.926, 518.453, 506.825, 430.398, 428.287, 1265.99, 472.106, 566.399, 540.541, 568.132, 739.689, 614.656, 861.963, 1070.3, 812.126, 423.466, 381.926, 717.939, 608.585, 559.728, 792.468, 421.452, 521.208, 488.871, 468.961, 456.013, 842.969, 584.491, 794.447, 779.86, 960.751, 357.589, 606.268, 816.338, 491.969, 924.655, 865.186, 502.851, 416.804, 733.786, 757.283, 413.259, 535.477, 507.095, 439.417, 604.808, 516.43, 917.804, 780.497, 649.562, 440.159, 787.709, 1025.02, 346.105, 974.325, 815.505, 624.18, 519.237, 530.976, 510.755, 876.992, 505.729, 350.109, 965.706, 923.938, 648.226, 704.707, 492.738, 667.474, 859.521, 502.772, 783.555, 597.522, 1119.43, 421.509, 553.866, 359.958, 575.448, 536.056, 911.417, 734.084, 737.865, 646.822, 860.206, 549.826, 639.576, 420.324, 433.783, 365.32, 399.036, 719.982, 594.009, 881.608, 390.386, 1008.62, 545.818, 875.553, 515.098, 526.954, 502.948, 512.127, 868.325, 918.58, 982.239, 503.703, 472.687, 478.017, 377.145, 614.255, 1111.62, 785.765, 496.218, 484.312, 704.833, 497.126, 413.167, 601.899, 669.435];
HighestPossibleCritFunctionValue = 1.1;
