NumDevices = 128;
NumSlotes = 1024;


GivenBandwidthOld = [0.00828217, 0.00719158, 0.00882097, 0.00659411, 0.00464145, 0.00505072, 0.00869572, 0.00777226, 0.00590034, 0.00701087, 0.00925705, 0.00447121, 0.00632306, 0.00536182, 0.00604096, 0.00788944, 0.00662393, 0.00587584, 0.00768801, 0.00860451, 0.00603277, 0.00776313, 0.00869632, 0.0053153, 0.00555064, 0.00462298, 0.00718915, 0.00553923, 0.00659343, 0.00573349, 0.00896017, 0.00851543, 0.00875715, 0.00897611, 0.00775841, 0.00430431, 0.00754538, 0.0051539, 0.00528754, 0.00767837, 0.00910376, 0.00931777, 0.00623715, 0.00533809, 0.00729958, 0.00521712, 0.00539634, 0.00506204, 0.00523108, 0.00869783, 0.0057558, 0.008929, 0.00972837, 0.00729111, 0.00663075, 0.0080615, 0.00455101, 0.00384463, 0.00665344, 0.00816836, 0.00687298, 0.00411016, 0.00689545, 0.00683001, 0.00696304, 0.00535725, 0.00425562, 0.00792408, 0.00752481, 0.00944996, 0.00921524, 0.00801303, 0.0088046, 0.00639656, 0.00948341, 0.00900211, 0.00717129, 0.00540863, 0.00538837, 0.00863956, 0.00756171, 0.00460603, 0.00979336, 0.00579258, 0.00831968, 0.00643183, 0.00850512, 0.00425374, 0.00762354, 0.00634524, 0.00951953, 0.00970529, 0.00678926, 0.00964976, 0.00484716, 0.00616449, 0.00916005, 0.00551622, 0.00743987, 0.00692495, 0.00890271, 0.00533039, 0.0090484, 0.00403272, 0.00539118, 0.00577538, 0.00687625, 0.00905748, 0.00657633, 0.00595354, 0.00744269, 0.00424788, 0.00904249, 0.00472157, 0.00793609, 0.00941045, 0.00775723, 0.00950179, 0.00527326, 0.00520501, 0.00814093, 0.00836529, 0.00422803, 0.00680968, 0.00901601, 0.00959403, 0.00562511, 0.00627622];
GivenLatency = [525.511, 516.517, 523.036, 596.179, 1033.95, 726.458, 470.165, 472.196, 753.249, 488.411, 508.69, 902.564, 674.323, 913.57, 740.94, 559.08, 518.374, 664.495, 496.953, 429.943, 784.444, 431.501, 519.703, 689.122, 716.33, 991.26, 486.897, 639.861, 657.729, 739.353, 393.365, 452.241, 387.622, 376.746, 481.827, 1143, 475.513, 865.425, 841.703, 436.638, 484.694, 489.564, 742.521, 704.574, 517.422, 705.976, 922.769, 689.833, 766.232, 490.831, 745.506, 510.712, 456.534, 602.795, 541.475, 588.179, 780.634, 1294.32, 516.803, 477.113, 571.604, 843.498, 619.637, 729.53, 524.834, 724.035, 784.04, 629.072, 560.336, 373.49, 517.088, 597.77, 550.022, 585.801, 472.036, 394.654, 567.017, 624.587, 632.682, 572.991, 457.773, 888.243, 483.521, 845.133, 474.971, 777.073, 481.67, 1104.27, 561.54, 717.917, 351.764, 378.038, 596.097, 352.048, 886.699, 645.217, 382.866, 825.214, 494.817, 663.264, 543.82, 710.153, 421.279, 863.202, 765.84, 591.849, 513.877, 515.198, 732.673, 654.465, 469.146, 1171.46, 426.104, 1018.35, 464.719, 437.648, 443.82, 393.352, 932.435, 737.994, 444.307, 428.742, 1121.39, 691.063, 427.092, 347.619, 628.362, 560.219];
HighestPossibleCritFunctionValue = 1.1;
