NumDevices = 128;
NumSlotes = 1024;


GivenBandwidthOld = [0.00573933, 0.00718849, 0.00689541, 0.00615322, 0.00723281, 0.00813701, 0.00498546, 0.00562723, 0.00427917, 0.00376677, 0.00438885, 0.00960634, 0.00623642, 0.00555441, 0.00545264, 0.0075238, 0.00504803, 0.00731374, 0.00581415, 0.00849657, 0.00436105, 0.00498763, 0.00461087, 0.00994293, 0.00714938, 0.00592664, 0.00525924, 0.00697188, 0.0039575, 0.00993132, 0.00562726, 0.0049109, 0.00883261, 0.00840595, 0.00627168, 0.00429187, 0.00466623, 0.00908526, 0.00463517, 0.00575479, 0.00455594, 0.00537247, 0.00388685, 0.00384509, 0.00810518, 0.00746723, 0.00418042, 0.00648873, 0.00856461, 0.00409129, 0.00864374, 0.0091535, 0.00786619, 0.00958565, 0.00858171, 0.0041163, 0.00393821, 0.0045627, 0.00656311, 0.00861432, 0.00831355, 0.0095947, 0.00442781, 0.00818352, 0.00539869, 0.00699647, 0.00475153, 0.00514958, 0.00772614, 0.00572938, 0.00866956, 0.00548465, 0.00807221, 0.00963797, 0.0065948, 0.00388115, 0.00794927, 0.00584662, 0.00406984, 0.00424584, 0.00614585, 0.00831346, 0.00802522, 0.00741862, 0.00598122, 0.00384786, 0.0046866, 0.0077237, 0.00843985, 0.00739298, 0.00632639, 0.00519294, 0.00518679, 0.0081115, 0.00742487, 0.00484019, 0.00781851, 0.00819675, 0.00897701, 0.00404482, 0.00877978, 0.00802064, 0.00546985, 0.00934242, 0.0080151, 0.00607266, 0.00940505, 0.00445687, 0.00906442, 0.00441595, 0.00892196, 0.00381756, 0.00797939, 0.00589741, 0.00769428, 0.00775996, 0.00531926, 0.00954739, 0.00918994, 0.00780918, 0.00763512, 0.0071761, 0.00496012, 0.00479183, 0.0075823, 0.00691934, 0.00841647, 0.0081598];
GivenLatency = [702.132, 650.85, 494.194, 762.576, 611.936, 564.96, 949.234, 598.3, 1031.53, 982.875, 900.298, 389.766, 573.017, 764.617, 643.713, 641.459, 817.654, 644.274, 815.799, 585.335, 1045.65, 900.754, 997.76, 383.616, 572.471, 630.906, 696.835, 606.057, 1012.63, 489.572, 734.855, 802.91, 415.602, 590.321, 793.779, 980.794, 728.694, 415.988, 847.793, 673.995, 874.145, 709.48, 981.839, 1063.43, 529.323, 478.104, 797.593, 544.833, 403.14, 1048.57, 569.029, 403.445, 572.092, 439.711, 560.26, 1007.19, 881.839, 1034.67, 638.381, 478.017, 464.777, 353.519, 996.703, 511.87, 675.957, 547.021, 868.343, 694.448, 444.127, 788.611, 568.133, 678.295, 490.845, 444.732, 530.824, 974.285, 580.562, 596.825, 888.458, 1113.43, 791.498, 428.076, 457.767, 500.662, 695.212, 933.07, 720.337, 470.966, 465.425, 573.367, 626.638, 842.266, 869.23, 517.287, 638.867, 791.893, 597.794, 473.637, 438.83, 1190.06, 424.024, 458.938, 878.072, 476.95, 444.189, 608.503, 359.109, 878.982, 478.82, 804.277, 419.35, 1093.76, 493.987, 601.75, 609.433, 556.104, 906.21, 395.349, 510.931, 524.258, 527.81, 497.81, 759.11, 751.217, 450.275, 499.183, 534.454, 461.054];
HighestPossibleCritFunctionValue = 1.1;
