NumDevices = 64;
NumSlotes = 512;


GivenBandwidthOld = [0.00475237, 0.00803917, 0.00553647, 0.00514078, 0.0047669, 0.0084918, 0.00662578, 0.0070143, 0.00557418, 0.00777572, 0.00271665, 0.00620993, 0.0053526, 0.00859805, 0.00494506, 0.00281103, 0.00492651, 0.00366486, 0.00523632, 0.00431745, 0.00463344, 0.00293431, 0.00822837, 0.00418456, 0.00872396, 0.00856734, 0.0075821, 0.00490103, 0.0066573, 0.00548824, 0.00706787, 0.00592836, 0.00418738, 0.00612035, 0.00601812, 0.00646825, 0.00311683, 0.00713748, 0.00708365, 0.00867561, 0.00841791, 0.00847993, 0.00711451, 0.00855562, 0.00427479, 0.00636582, 0.00665668, 0.00757721, 0.00392519, 0.00569851, 0.00359939, 0.00500279, 0.0043105, 0.00661753, 0.00582722, 0.00434361, 0.00685883, 0.00503703, 0.00478896, 0.00432826, 0.00506448, 0.0037156, 0.0080926, 0.00364766];
GivenLatency = [113.662, 47.789, 74.191, 67.1968, 89.5705, 45.6432, 81.2983, 59.7433, 115.053, 54.2875, 145.19, 93.9084, 58.8947, 45.2228, 109.592, 130.363, 82.1421, 112.938, 65.453, 78.3771, 123.949, 153.533, 42.176, 79.8141, 61.9109, 50.337, 46.6997, 101.709, 85.9501, 57.1543, 46.2178, 107.441, 109.59, 51.7651, 95.3845, 60.1975, 122.2, 46.2968, 50.8921, 71.6811, 45.6434, 76.321, 52.4083, 68.7655, 136.462, 57.8067, 83.6154, 80.1843, 83.1125, 59.7858, 96.5587, 68.6118, 107.321, 87.7781, 58.3627, 80.1442, 49.6499, 77.3071, 65.2805, 78.3082, 68.2212, 121.382, 43.4568, 167.228];
HighestPossibleCritFunctionValue = 1.1;
