NumDevices = 128;
NumSlotes = 1024;


GivenBandwidthOld = [0.00401409, 0.0047377, 0.0039793, 0.00766632, 0.00655575, 0.00380307, 0.00812768, 0.00444389, 0.0096419, 0.00393311, 0.00631979, 0.00666655, 0.00963874, 0.00711231, 0.00778994, 0.00933661, 0.00412792, 0.00540623, 0.00882347, 0.00486794, 0.00551122, 0.00449585, 0.00792878, 0.00519293, 0.00510681, 0.00770972, 0.00483299, 0.00550915, 0.0073533, 0.00820756, 0.00948983, 0.00439599, 0.00471963, 0.00662761, 0.005308, 0.00780637, 0.00408797, 0.0090389, 0.00684397, 0.00408302, 0.00700665, 0.00700011, 0.00964328, 0.00827345, 0.00429459, 0.00668875, 0.00783921, 0.00611202, 0.00855135, 0.00624394, 0.00692371, 0.00682478, 0.00664169, 0.00438471, 0.00886914, 0.00983061, 0.00689077, 0.00939134, 0.00532971, 0.0040163, 0.00448422, 0.00628897, 0.00742771, 0.00876515, 0.00594243, 0.00815983, 0.00727094, 0.00520885, 0.00395373, 0.00912269, 0.00880042, 0.0048414, 0.00948452, 0.00888723, 0.00768808, 0.00987864, 0.00788468, 0.00780958, 0.0081878, 0.00857155, 0.00835618, 0.0072365, 0.00761506, 0.0074941, 0.00584689, 0.0086217, 0.00744554, 0.00842377, 0.00584675, 0.0062803, 0.00544988, 0.00492404, 0.00456009, 0.00647184, 0.00595381, 0.00564501, 0.00945133, 0.00721523, 0.00629849, 0.00505787, 0.00380457, 0.00835134, 0.0071534, 0.00475734, 0.00905985, 0.00892904, 0.00409666, 0.00502637, 0.00570121, 0.00392192, 0.00566277, 0.00787035, 0.00442812, 0.00723099, 0.00878904, 0.00734894, 0.00980957, 0.0094734, 0.00947539, 0.00530398, 0.00897479, 0.00423935, 0.00957615, 0.00510667, 0.00530165, 0.0072998, 0.00894658, 0.00519084];
GivenLatency = [964.802, 825.268, 1198.44, 493.135, 565.298, 1134.36, 432.961, 1029.37, 428.175, 1012.94, 740.449, 630.119, 365.846, 474.809, 591.225, 438.277, 919.129, 652.769, 550.755, 863.285, 697.07, 793.23, 612.13, 947.611, 798.205, 587.945, 718.838, 728.094, 580.737, 473.208, 385.79, 1059.76, 811.948, 603.485, 927.17, 469.572, 820.533, 423.433, 548.912, 1053.48, 548.888, 575.552, 370.692, 433.908, 1007.89, 713.084, 522.232, 559.021, 580.592, 782.658, 669.743, 566.277, 652.619, 760.364, 493.608, 369.411, 535.952, 363.518, 696.352, 1062.32, 1107.45, 567.933, 465.247, 485.647, 840.789, 456.322, 551.696, 740.02, 897.724, 503.964, 413.946, 882.41, 459.795, 386.667, 462.222, 377.755, 532.231, 552.4, 599.489, 438.967, 538.769, 479.225, 564.468, 642.823, 761.636, 484.049, 561.499, 432.341, 702.379, 649.46, 672.872, 938.575, 936.368, 653.784, 615.744, 747.036, 505.459, 613.418, 574.106, 787.933, 899.171, 473.18, 632.21, 853.773, 469.224, 420.164, 879.37, 668.735, 747.285, 1196.64, 861.453, 570.869, 866.547, 572.837, 500.768, 503.684, 428.438, 506.694, 389.545, 640.053, 415.096, 892.883, 444.724, 740.546, 698.464, 569.125, 379.833, 772.868];
HighestPossibleCritFunctionValue = 1.1;
