NumDevices = 64;
NumSlotes = 512;


GivenBandwidthOld = [0.00739148, 0.00739004, 0.0081754, 0.00772522, 0.00402595, 0.00536747, 0.0085243, 0.00290729, 0.0039968, 0.00304153, 0.00394868, 0.00665413, 0.00841704, 0.00640092, 0.00270064, 0.0059889, 0.00294248, 0.00797618, 0.00311589, 0.0038221, 0.0042377, 0.00810811, 0.008081, 0.00868595, 0.00724626, 0.00417726, 0.00468365, 0.00317572, 0.00302805, 0.00251968, 0.00830957, 0.00650769, 0.00342667, 0.00823309, 0.00859169, 0.00427624, 0.00572687, 0.00518561, 0.00831854, 0.0072077, 0.00611881, 0.00512169, 0.00269162, 0.00427889, 0.00654877, 0.00647075, 0.00771644, 0.00645746, 0.0029828, 0.00446525, 0.00744139, 0.00873502, 0.00701405, 0.0076406, 0.00675106, 0.00639167, 0.00353191, 0.00837584, 0.007715, 0.00724546, 0.00317662, 0.00578277, 0.00732733, 0.0042008];
GivenLatency = [51.2379, 55.1575, 65.8958, 56.1664, 149.508, 59.6522, 47.0655, 214.053, 104.591, 105.648, 136.989, 53.8236, 64.5959, 75.6957, 164.929, 51.8151, 172.368, 52.2456, 154.905, 89.5166, 85.6829, 40.9163, 55.2402, 65.5732, 48.9645, 74.9667, 100.606, 164.584, 188.164, 167.7, 38.1255, 65.3572, 133.231, 64.0843, 36.2926, 139.786, 105.939, 89.6545, 77.1055, 54.1641, 54.7467, 121.609, 116.984, 86.7042, 84.6061, 73.8921, 42.7246, 54.1722, 112.24, 109.053, 46.9546, 40.2533, 72.6534, 55.3609, 56.012, 54.6524, 92.2369, 47.2858, 40.0884, 50.457, 109.212, 84.6705, 55.6333, 94.5365];
HighestPossibleCritFunctionValue = 1.1;
