NumDevices = 64;
NumSlotes = 512;


GivenBandwidthOld = [0.00835952, 0.0159977, 0.0156165, 0.0098056, 0.00779074, 0.0189783, 0.0102795, 0.010395, 0.014021, 0.017724, 0.0179801, 0.00980343, 0.00870149, 0.0133765, 0.0109476, 0.013697, 0.0105902, 0.0186581, 0.0160188, 0.019894, 0.0130921, 0.0197513, 0.0157976, 0.0147305, 0.0187264, 0.0147198, 0.0136922, 0.0177776, 0.0183279, 0.0172685, 0.0122033, 0.0189149, 0.0196101, 0.016443, 0.0117648, 0.0108602, 0.0198439, 0.00936722, 0.0148434, 0.0160262, 0.00811687, 0.0127651, 0.0105921, 0.0147499, 0.0192919, 0.0193326, 0.0150228, 0.0174898, 0.0187322, 0.011692, 0.0119351, 0.0107969, 0.0191219, 0.0114257, 0.0123166, 0.00979178, 0.0129554, 0.00860345, 0.0156736, 0.0193825, 0.0159385, 0.00855289, 0.0159182, 0.0165739];
GivenLatency = [329.476, 191.077, 144.272, 262.243, 370.655, 132.234, 235.716, 311.06, 224.555, 146.182, 142.516, 326.587, 334.222, 204.547, 297.896, 237.224, 224.003, 133.252, 194.373, 161.307, 173.898, 131.076, 189.965, 169.582, 122.854, 163.462, 222.13, 130.439, 122.072, 144.54, 214.863, 140.894, 121.937, 181.246, 198.041, 242.308, 122.682, 256.255, 193.087, 200.618, 318.952, 190.633, 254.782, 152.177, 143.423, 144.706, 149.264, 163.36, 141.497, 192.333, 257.257, 235.173, 134.051, 210.851, 245.242, 234.881, 175.62, 320.825, 157.918, 127.808, 155.162, 381.744, 180.237, 151.036];
HighestPossibleCritFunctionValue = 1.1;
