NumDevices = 16;
NumSlotes = 128;


GivenBandwidthOld = [0.0292851, 0.0104041, 0.0266119, 0.0314256, 0.0101151, 0.020185, 0.0150123, 0.0272011, 0.0337413, 0.0294477, 0.0179936, 0.034091, 0.0325287, 0.0239827, 0.0168743, 0.0207275];
GivenLatency = [12.2391, 35.1634, 11.4364, 16.6171, 39.0447, 17.7929, 20.0937, 16.2672, 9.82047, 20.1497, 28.0202, 12.2873, 11.4281, 24.1438, 35.4473, 30.1811];
HighestPossibleCritFunctionValue = 1.1;
