NumDevices = 32;
NumSlotes = 256;


GivenBandwidthOld = [0.0317068, 0.0255027, 0.0336347, 0.0287792, 0.0223045, 0.022292, 0.0321211, 0.0300508, 0.0336075, 0.0312348, 0.0332879, 0.0195064, 0.0339736, 0.0250939, 0.0235523, 0.0335861, 0.0320968, 0.020958, 0.0313604, 0.0249899, 0.0155501, 0.0206182, 0.0208284, 0.0321962, 0.0316277, 0.0168129, 0.0249576, 0.0331854, 0.0166228, 0.0289061, 0.033995, 0.0232159];
GivenLatency = [33.8651, 35.7815, 32.2427, 32.966, 40.9358, 40.0609, 30.2524, 33.2086, 25.3339, 30.7162, 30.153, 50.1114, 26.998, 35.2673, 45.8408, 33.3403, 27.7758, 48.8343, 27.7247, 35.4603, 61.8254, 48.3969, 55.6765, 35.4213, 27.3572, 55.1042, 38.4924, 30.6334, 54.9111, 30.4402, 33.7296, 35.9929];
HighestPossibleCritFunctionValue = 1.1;
