NumDevices = 64;
NumSlotes = 512;


GivenBandwidthOld = [0.00549294, 0.00481176, 0.00628543, 0.0053859, 0.0057469, 0.00432549, 0.00847362, 0.00729167, 0.00488424, 0.00574668, 0.00698221, 0.00368663, 0.00874812, 0.00839243, 0.0052388, 0.00859578, 0.00432721, 0.00623499, 0.0076801, 0.00811296, 0.00820446, 0.00853539, 0.00802045, 0.00350985, 0.00628977, 0.00335319, 0.00457442, 0.00484071, 0.0052992, 0.00484747, 0.00635517, 0.00255286, 0.00343956, 0.00614356, 0.00847386, 0.00518016, 0.00417239, 0.00414599, 0.00418884, 0.00559219, 0.00412886, 0.00374742, 0.00541528, 0.00579398, 0.00824693, 0.00358979, 0.00606494, 0.00595091, 0.00825435, 0.00337973, 0.00686144, 0.00516478, 0.00824441, 0.00500661, 0.0061641, 0.00370543, 0.00587483, 0.004584, 0.00329312, 0.00752748, 0.00554054, 0.00477823, 0.00514714, 0.00544007];
GivenLatency = [96.9223, 68.9341, 54.94, 72.8792, 107.841, 129.591, 72.5189, 55.5749, 71.2228, 57.2076, 63.8314, 111.581, 45.5536, 48.2553, 109.28, 39.9543, 91.4303, 67.6837, 74.8367, 72.6365, 48.7987, 53.1564, 72.8688, 90.3961, 80.5883, 141.104, 69.9775, 72.9402, 91.5367, 98.3321, 51.1682, 146.008, 106.015, 66.1578, 65.5946, 87.747, 130.253, 117.115, 75.2103, 108.206, 130.664, 122.924, 61.7869, 67.8836, 77.0864, 136.338, 104.636, 63.8481, 38.012, 179.031, 91.9487, 97.803, 39.1286, 67.293, 74.1581, 100.295, 73.4565, 103.044, 175.729, 45.66, 92.0102, 108.641, 66.3237, 83.8089];
HighestPossibleCritFunctionValue = 1.1;
