NumDevices = 32;
NumSlotes = 256;


GivenBandwidthOld = [0.0178843, 0.0307537, 0.0277949, 0.0188433, 0.0298297, 0.0184336, 0.0237106, 0.0344204, 0.0328614, 0.031447, 0.0200652, 0.0258758, 0.0247665, 0.0207225, 0.0332136, 0.031587, 0.0321008, 0.0279946, 0.015654, 0.0272651, 0.0340821, 0.027735, 0.0313597, 0.0319155, 0.0337827, 0.0165912, 0.018264, 0.0325601, 0.0271694, 0.0259589, 0.0207162, 0.0277816];
GivenLatency = [64.3794, 31.3616, 40.0351, 51.1225, 32.7834, 59.9002, 42.477, 25.574, 27.9107, 27.8966, 51.9338, 35.6812, 44.2911, 46.9448, 25.7017, 27.4525, 31.6963, 39.4813, 58.8149, 35.4352, 26.5554, 40.9884, 26.7318, 29.346, 25.201, 50.4179, 57.6115, 35.5116, 36.9367, 40.5664, 46.5061, 32.6848];
HighestPossibleCritFunctionValue = 1.1;
