NumDevices = 128;
NumSlotes = 1024;


GivenBandwidthOld = [0.00409242, 0.00193841, 0.00268042, 0.00175671, 0.00182913, 0.00346157, 0.00242601, 0.00395337, 0.00244946, 0.00427611, 0.00163165, 0.0031776, 0.00161722, 0.00436834, 0.00183603, 0.00370861, 0.00127347, 0.00201527, 0.003697, 0.00303494, 0.00378397, 0.00209822, 0.0041173, 0.00129429, 0.00186928, 0.0032728, 0.00158996, 0.00254026, 0.00233645, 0.00183507, 0.00329511, 0.0014924, 0.00336229, 0.0025315, 0.00188, 0.00215117, 0.00338225, 0.00364238, 0.00366321, 0.00385538, 0.00231073, 0.00398821, 0.00367178, 0.00403446, 0.00278258, 0.00302984, 0.00260163, 0.00254146, 0.00368293, 0.0039593, 0.00205764, 0.00337631, 0.00370483, 0.00325241, 0.00260447, 0.00335678, 0.00369976, 0.00242283, 0.00357746, 0.00322104, 0.00358618, 0.00292951, 0.00383204, 0.00384997, 0.00200399, 0.00161023, 0.00246512, 0.00191231, 0.00150421, 0.0018666, 0.00200951, 0.00385963, 0.00186346, 0.00227754, 0.00231379, 0.00221268, 0.00294828, 0.00368258, 0.00437173, 0.00257674, 0.00292281, 0.00373783, 0.00174451, 0.00311863, 0.00413762, 0.00223971, 0.00397272, 0.00262595, 0.00188866, 0.00403014, 0.00198668, 0.00140999, 0.00265172, 0.00378134, 0.00177135, 0.00425831, 0.00254429, 0.00429865, 0.00247647, 0.00209919, 0.00163448, 0.00382011, 0.00336526, 0.00249685, 0.00391262, 0.00188679, 0.00376229, 0.00351344, 0.00224304, 0.00381436, 0.00352569, 0.00183037, 0.00239219, 0.00435701, 0.0020169, 0.00296016, 0.00332504, 0.00148259, 0.00408535, 0.00183054, 0.00218362, 0.00193059, 0.00250641, 0.00213198, 0.00279137, 0.00394563, 0.00357054, 0.00252793];
GivenLatency = [76.414, 194.73, 219.426, 341.473, 174.892, 130.4, 146.045, 106.538, 218.584, 89.9729, 258.487, 117.452, 377.221, 89.0153, 270.215, 122.234, 364.427, 252.615, 91.2359, 168.85, 86.4776, 282.782, 102.735, 284.183, 213.737, 169.16, 202.468, 161.395, 141.138, 276.859, 108.805, 279.285, 107.833, 183.119, 212.703, 202.212, 154.715, 102.156, 172.457, 116.115, 273.537, 128.43, 139.954, 98.8394, 138.024, 105.29, 153.073, 158.17, 94.6778, 126.762, 172.356, 118.644, 176.975, 107.753, 132.116, 113.391, 87.1674, 171.109, 154.037, 198.706, 157.204, 224.035, 100.383, 96.9777, 202.751, 231.52, 133.544, 175.619, 326.923, 272.187, 225.155, 94.2994, 207.561, 145.934, 270.181, 165.568, 150.706, 150.157, 96.7158, 166.285, 107.54, 100.503, 267.519, 196.458, 124.781, 189.959, 85.7677, 155.221, 215.096, 97.1241, 295.602, 247.968, 232.501, 130.561, 242.418, 121.826, 129.693, 92.3988, 127.545, 236.808, 253.467, 106.181, 128.171, 182.742, 131.731, 211.788, 152.385, 139.898, 290.022, 152.714, 174.032, 294.728, 191.763, 77.9209, 171.023, 124.804, 100.667, 275.139, 95.0076, 256.583, 221.582, 175.65, 256.144, 206.935, 143.842, 94.9719, 165.399, 149.489];
HighestPossibleCritFunctionValue = 1.1;
