NumDevices = 64;
NumSlotes = 512;


GivenBandwidthOld = [0.019779, 0.0173352, 0.00821734, 0.0139127, 0.0101824, 0.0156472, 0.0125587, 0.0171305, 0.0170578, 0.00750602, 0.00867284, 0.0195064, 0.0122309, 0.00801915, 0.00781229, 0.0187195, 0.0114866, 0.0104963, 0.0160151, 0.00863708, 0.0184686, 0.0188396, 0.0169481, 0.0147229, 0.015412, 0.00959678, 0.0105391, 0.0108003, 0.013715, 0.0138018, 0.00925186, 0.0135379, 0.0116331, 0.0103937, 0.0174728, 0.00802039, 0.0162367, 0.0198615, 0.0164859, 0.00852274, 0.00918189, 0.0124437, 0.00827837, 0.014575, 0.0168364, 0.0112822, 0.0119788, 0.00822373, 0.00871434, 0.0169307, 0.00990596, 0.0194962, 0.0149664, 0.00771611, 0.0146316, 0.0181289, 0.010037, 0.00887484, 0.0144646, 0.0116128, 0.0196302, 0.0171293, 0.00921469, 0.0138333];
GivenLatency = [134.785, 159.08, 308.704, 171.596, 275.174, 207.543, 196.09, 158.189, 143.412, 345.205, 293.44, 120.162, 199.686, 319.646, 397.754, 149.881, 256.916, 225.086, 149.003, 344.699, 121.086, 126.535, 196.407, 177.31, 192.201, 276.001, 297.164, 236.324, 163.991, 187.755, 276.163, 202.264, 254.603, 287.877, 162.184, 364.491, 197.381, 161.892, 142.233, 337.493, 315.943, 251.06, 362.949, 188.695, 135.573, 255.673, 198.648, 272.34, 298.013, 136.966, 305.41, 134.501, 208.12, 370.275, 213.912, 168.793, 294.085, 267.902, 209.815, 225.654, 117.471, 157.3, 299.223, 231.129];
HighestPossibleCritFunctionValue = 1.1;
