NumDevices = 16;
NumSlotes = 128;


GivenBandwidthOld = [0.0660602, 0.0443061, 0.0726055, 0.0500271, 0.0752404, 0.0356072, 0.0701348, 0.0761352, 0.0736098, 0.0306603, 0.0781841, 0.0602071, 0.0704795, 0.0683716, 0.0409274, 0.0370164];
GivenLatency = [24.2049, 39.7417, 22.9186, 39.4681, 20.6844, 49.1312, 21.3288, 19.242, 20.9657, 47.0594, 18.9819, 29.1107, 23.4395, 20.1822, 32.8622, 36.5615];
HighestPossibleCritFunctionValue = 1.1;
