NumDevices = 128;
NumSlotes = 1024;


GivenBandwidthOld = [0.00631384, 0.00420204, 0.00624468, 0.00687057, 0.0062346, 0.00745598, 0.00508827, 0.00606434, 0.00579657, 0.00547228, 0.00511543, 0.00760115, 0.00498068, 0.00785071, 0.0043517, 0.00644003, 0.00513543, 0.00874026, 0.00510481, 0.00397264, 0.00571175, 0.0048693, 0.00584618, 0.00430704, 0.00599382, 0.00571291, 0.00432753, 0.00535658, 0.0054833, 0.00529782, 0.00792925, 0.00441495, 0.00456319, 0.00609697, 0.00419387, 0.00379485, 0.00762009, 0.00832408, 0.00537908, 0.00375794, 0.00725037, 0.00442877, 0.00676875, 0.00491757, 0.00708548, 0.00809498, 0.0047579, 0.00855713, 0.00720611, 0.00551613, 0.00706483, 0.00616189, 0.00534713, 0.00668693, 0.00475711, 0.00516837, 0.00722348, 0.00760132, 0.0078179, 0.00792967, 0.0063931, 0.00628586, 0.00391434, 0.00582449, 0.00471908, 0.0060098, 0.00424479, 0.00473794, 0.00801932, 0.00813025, 0.0075511, 0.00379442, 0.00523947, 0.00727066, 0.00555801, 0.00604428, 0.00377096, 0.0060629, 0.00657865, 0.00494065, 0.00500643, 0.00563292, 0.00504124, 0.00554453, 0.00449128, 0.00746016, 0.00533721, 0.00504306, 0.00627622, 0.00695092, 0.00654474, 0.00493049, 0.0041627, 0.00502879, 0.00633974, 0.0044455, 0.00793784, 0.0087368, 0.00688394, 0.00581669, 0.00860559, 0.00672566, 0.0057372, 0.0076876, 0.0080359, 0.00695792, 0.00421025, 0.00414863, 0.00860122, 0.00814394, 0.00770677, 0.00523755, 0.00498509, 0.00692823, 0.005301, 0.00648725, 0.00867211, 0.00457444, 0.0050785, 0.00691047, 0.00672067, 0.00686611, 0.00626941, 0.00749074, 0.00428541, 0.0074297, 0.00850233, 0.00614767];
GivenLatency = [167.896, 276.147, 182.358, 169.709, 188.432, 143.666, 205.821, 191.283, 205.127, 176.456, 240.976, 135.233, 242.364, 127.283, 221.712, 186.535, 195.957, 119.906, 251.075, 272.642, 168.608, 253.852, 189.413, 290.583, 201.811, 181.129, 252.439, 191.583, 200.419, 194.633, 141.633, 271.807, 212.094, 197.737, 261.359, 263.406, 144.566, 140.723, 230.939, 274.347, 131.792, 249.26, 168.686, 211.261, 147.624, 122.124, 215.45, 129.039, 161.16, 234.395, 154.21, 172.076, 204.201, 174.119, 241.041, 214.611, 136.706, 132.762, 146.624, 150.103, 169.932, 173.922, 255.013, 182.664, 266.57, 168.717, 253.751, 204.434, 122.471, 121.577, 167.246, 287.473, 203.143, 132.024, 208.844, 172.751, 297.566, 168.193, 194.702, 238.533, 197.936, 180.49, 211.166, 182.084, 220.415, 150.431, 195.292, 193.357, 154.468, 152.412, 146.492, 232.694, 264.025, 201.448, 189.946, 230.429, 134.536, 113.126, 146.096, 188.643, 134.683, 151.314, 200.118, 128.697, 136.16, 146.258, 244.142, 266.439, 127.732, 124.368, 143.528, 234.166, 221.785, 151.869, 193.556, 178.934, 131.587, 282.877, 195.01, 174.575, 163.296, 164.149, 178.187, 155.861, 273.234, 131.214, 126.491, 171.124];
HighestPossibleCritFunctionValue = 1.1;
