NumDevices = 32;
NumSlotes = 256;


GivenBandwidthOld = [0.0333016, 0.0295439, 0.0341962, 0.0251992, 0.0325929, 0.0185438, 0.0162561, 0.0254855, 0.0240148, 0.026114, 0.0286572, 0.0314511, 0.0288743, 0.0208477, 0.016535, 0.0343364, 0.0214543, 0.0319948, 0.0264848, 0.0194307, 0.0224823, 0.0298185, 0.0290073, 0.0157015, 0.0254441, 0.0285284, 0.0263396, 0.019503, 0.0168028, 0.0347053, 0.0222342, 0.0202374];
GivenLatency = [31.6149, 32.4692, 34.3023, 37.9897, 30.8632, 54.9737, 70.1997, 36.69, 35.8129, 33.8867, 29.9261, 30.3752, 38.7599, 40.3102, 63.3184, 27.315, 44.4481, 31.5359, 37.711, 53.7827, 43.7724, 30.9291, 30.5541, 56.3076, 42.0458, 38.2351, 39.9564, 50.5177, 68.8049, 26.9733, 37.5912, 53.4449];
HighestPossibleCritFunctionValue = 1.1;
