NumDevices = 128;
NumSlotes = 1024;


GivenBandwidthOld = [0.00929518, 0.00783761, 0.00423461, 0.00483508, 0.00950139, 0.00490753, 0.00841847, 0.00426701, 0.00567565, 0.00567266, 0.00537249, 0.00411387, 0.00676305, 0.00663205, 0.00493762, 0.0077601, 0.00767363, 0.00440251, 0.00791099, 0.00623512, 0.00858931, 0.00682333, 0.0071568, 0.00552028, 0.00692358, 0.00465977, 0.00667893, 0.00533993, 0.00690983, 0.00476377, 0.00468736, 0.00788036, 0.00388451, 0.00815243, 0.00797005, 0.00512989, 0.00812743, 0.00653275, 0.00471628, 0.0065009, 0.00689433, 0.0068158, 0.00564486, 0.00687195, 0.0056487, 0.00892443, 0.00794064, 0.0045423, 0.0073775, 0.00867402, 0.00541828, 0.0049469, 0.00751786, 0.00514947, 0.00587555, 0.00904726, 0.00981859, 0.0047944, 0.00692913, 0.00411987, 0.00760127, 0.00707594, 0.0090685, 0.00436954, 0.00385673, 0.00999832, 0.00669623, 0.00852185, 0.00418748, 0.00649728, 0.00851467, 0.00856361, 0.00615963, 0.00870887, 0.00377191, 0.00944281, 0.00786809, 0.00391853, 0.00498699, 0.00625873, 0.00550167, 0.00661456, 0.00467059, 0.00729825, 0.00792713, 0.0088046, 0.0063791, 0.00973972, 0.00430773, 0.00880819, 0.00417173, 0.00433569, 0.00992126, 0.00534481, 0.00767592, 0.00550984, 0.00635357, 0.0056219, 0.0085904, 0.0063661, 0.00996747, 0.00697998, 0.00884318, 0.00484295, 0.00420912, 0.00764752, 0.00938418, 0.00998554, 0.00451036, 0.00812362, 0.00500635, 0.00673004, 0.00797829, 0.00609602, 0.00838182, 0.00701689, 0.00412937, 0.0047368, 0.00767714, 0.00722105, 0.00417478, 0.00545372, 0.00687874, 0.00720179, 0.00549571, 0.00638059, 0.00976606, 0.00937077];
GivenLatency = [368.951, 473.762, 1014.32, 901.238, 384.227, 711.953, 498.895, 1028.95, 618.017, 769.02, 908.158, 1126.27, 688.821, 528.224, 1009.91, 476.54, 440.792, 922.487, 457.285, 687.964, 483.379, 622.253, 519.594, 653.045, 586.084, 726.559, 556.67, 644.481, 575.499, 756.846, 807.198, 532.161, 996.533, 531.941, 610.435, 835.683, 428.787, 599.82, 799.696, 732.013, 672.561, 580.518, 739.743, 696.201, 640.362, 376.786, 585.573, 896.827, 487.226, 474.386, 629.996, 1006.6, 450.118, 862.761, 818.508, 403.403, 405.356, 886.9, 498.072, 819.55, 564.889, 499.046, 447.469, 1017.28, 948.358, 408.001, 602.972, 414.969, 1167.65, 575.516, 580.505, 400.601, 650.761, 390.924, 931.085, 443.44, 445.093, 1173.94, 957.355, 538.129, 619.245, 612.323, 956.49, 508.797, 558.585, 469.949, 750.458, 357.461, 1075.18, 424.522, 1046.5, 856.551, 441.266, 757.193, 639.657, 743.059, 651.169, 668.68, 499.175, 665.584, 388.151, 585.758, 524.668, 1004.02, 1133.54, 466.654, 363.138, 342.143, 776.497, 449.193, 906.369, 618.327, 568.421, 678.867, 495.972, 670.405, 821.089, 774.737, 532.519, 504.704, 1110.07, 729.056, 596.647, 468.077, 661.678, 541.582, 362.207, 478.606];
HighestPossibleCritFunctionValue = 1.1;
