NumDevices = 128;
NumSlotes = 1024;


GivenBandwidthOld = [0.00950218, 0.00561571, 0.00441663, 0.00783901, 0.00907079, 0.00530088, 0.00684329, 0.00521042, 0.00530248, 0.00871136, 0.00815345, 0.00629117, 0.00696395, 0.00806887, 0.00978332, 0.0057635, 0.00712059, 0.00958136, 0.00525076, 0.00819328, 0.00697573, 0.00611456, 0.00739695, 0.00427124, 0.00806016, 0.00706654, 0.00728885, 0.00617824, 0.00897123, 0.00696702, 0.00977676, 0.00807947, 0.00664911, 0.00407751, 0.00820284, 0.00509342, 0.00763606, 0.0042949, 0.00555147, 0.00611565, 0.00695635, 0.00534972, 0.00893117, 0.00861767, 0.00835241, 0.0064967, 0.00499863, 0.0082789, 0.0085034, 0.00662488, 0.00933429, 0.00895914, 0.0038318, 0.00981739, 0.00970817, 0.00516219, 0.00722805, 0.00938738, 0.00745051, 0.00442228, 0.00899411, 0.0040396, 0.00850954, 0.00990429, 0.00763063, 0.00680763, 0.00576708, 0.00484123, 0.00652968, 0.00929532, 0.00389869, 0.00902134, 0.00536419, 0.00851879, 0.00899295, 0.0094477, 0.00874815, 0.00768364, 0.0039057, 0.00809283, 0.00613046, 0.00592137, 0.00425523, 0.00761578, 0.00714679, 0.00608009, 0.00937094, 0.00613726, 0.00773044, 0.00918429, 0.0065723, 0.00684643, 0.00789182, 0.00900525, 0.00995399, 0.00545365, 0.00574739, 0.0050924, 0.00927385, 0.00563745, 0.00743209, 0.00745189, 0.00888113, 0.00519429, 0.0092599, 0.00864295, 0.00824786, 0.00550521, 0.00989687, 0.00787043, 0.00585472, 0.00910344, 0.00397167, 0.0044183, 0.00453757, 0.00912759, 0.00982683, 0.00586315, 0.00697276, 0.00622879, 0.00856421, 0.00997224, 0.00595364, 0.00914732, 0.00400024, 0.0096042, 0.00783687, 0.0042202];
GivenLatency = [435.888, 848.371, 845.848, 624.053, 470.017, 797.178, 507.462, 803.754, 822.455, 392.174, 499.159, 727.505, 536.152, 420.168, 492.071, 812.222, 486.624, 447.786, 759.716, 485.12, 537.764, 766.198, 577.168, 1024.52, 546.791, 668.785, 476.214, 658.357, 472.724, 545.769, 465.831, 507.494, 527.311, 883.79, 456.145, 864.609, 498.884, 928.611, 625.531, 622.287, 504.091, 871.775, 444.716, 462.9, 570.724, 610.209, 822.81, 419.943, 520.108, 536.718, 375.713, 386.06, 1084.4, 450.827, 368.084, 802.179, 498.168, 366.538, 498.21, 904.813, 452.48, 1046.81, 512.488, 340.319, 576.191, 613.817, 772.372, 735.381, 560.356, 360.804, 1033.37, 523.206, 633.509, 459.273, 405.439, 359.342, 398.998, 480.261, 1001.36, 486.217, 550.214, 819.892, 865.254, 595.164, 475.802, 615.243, 398.448, 589.45, 447.609, 500.258, 591.674, 575.935, 448.652, 477.31, 396.898, 700.383, 697.344, 756.86, 424.035, 730.432, 493.333, 565.475, 539.91, 948.924, 478.006, 407.678, 552.562, 899.59, 357.713, 571.217, 701.371, 447.49, 1069.26, 756.165, 759.577, 430.381, 339.767, 577.158, 544.996, 657.464, 441.293, 350.819, 757.238, 376.264, 848.884, 446.309, 477.388, 865.451];
HighestPossibleCritFunctionValue = 1.1;
