NumDevices = 32;
NumSlotes = 256;


GivenBandwidthOld = [0.0165474, 0.0219689, 0.0162161, 0.0291859, 0.0375669, 0.0223157, 0.0201361, 0.0371356, 0.0232991, 0.0226434, 0.0267898, 0.0168714, 0.0175693, 0.022955, 0.0152279, 0.0196657, 0.0318539, 0.0277918, 0.0325452, 0.0214512, 0.0156811, 0.0376614, 0.0355797, 0.0233058, 0.0360987, 0.0209125, 0.0372049, 0.0371393, 0.0348505, 0.0180204, 0.0292969, 0.0281652];
GivenLatency = [112.573, 87.7445, 121.406, 60.2463, 62.3696, 77.8966, 91.8698, 47.1194, 94.9287, 79.6062, 90.9697, 143.338, 119.93, 73.329, 121.579, 103.739, 59.9271, 71.5476, 55.0839, 80.6166, 152.168, 53.4612, 60.7074, 72.9639, 60.4405, 81.8946, 45.0778, 45.9832, 70.4781, 115.711, 71.9713, 67.4591];
HighestPossibleCritFunctionValue = 1.1;
