NumDevices = 32;
NumSlotes = 256;


GivenBandwidthOld = [0.0286829, 0.023784, 0.0273218, 0.0268726, 0.0174936, 0.0242253, 0.025145, 0.0219986, 0.0200315, 0.0197092, 0.0227882, 0.0316701, 0.0298852, 0.0301421, 0.0274985, 0.0181175, 0.0310575, 0.0339001, 0.0287661, 0.0222975, 0.0235295, 0.0309089, 0.0161923, 0.0337966, 0.0295479, 0.0220815, 0.0334505, 0.0327092, 0.0330961, 0.016652, 0.0199509, 0.0252522];
GivenLatency = [34.39, 37.0145, 37.0655, 43.5873, 64.7127, 41.3525, 35.7155, 45.5945, 45.5206, 51.6609, 37.7341, 34.2147, 28.2807, 30.3217, 34.1567, 57.0371, 34.1861, 26.4097, 38.846, 38.5495, 49.5198, 30.3337, 54.3512, 26.2815, 30.0344, 39.8214, 27.0787, 33.4758, 32.2888, 51.6801, 43.9603, 34.5787];
HighestPossibleCritFunctionValue = 1.1;
