NumDevices = 128;
NumSlotes = 1024;


GivenBandwidthOld = [0.00690416, 0.00567368, 0.00509829, 0.00437788, 0.00654918, 0.00452917, 0.00421332, 0.00583441, 0.00638869, 0.00725001, 0.00840375, 0.00437562, 0.00849436, 0.00716117, 0.00522876, 0.0073127, 0.00696501, 0.0083868, 0.00436754, 0.00775929, 0.00784006, 0.00544434, 0.00547971, 0.0049364, 0.00853055, 0.00547515, 0.00831523, 0.00648472, 0.00614217, 0.00389918, 0.00597071, 0.00724332, 0.00599064, 0.00714016, 0.00712165, 0.0060293, 0.00694626, 0.00831497, 0.00726537, 0.00648982, 0.00695788, 0.00851159, 0.00677029, 0.0057141, 0.00444666, 0.00757549, 0.00375099, 0.0053122, 0.00467496, 0.00451086, 0.00645243, 0.00844165, 0.0062749, 0.00480206, 0.00565816, 0.00420051, 0.00552985, 0.00776389, 0.00527365, 0.00677027, 0.00542316, 0.00452939, 0.00794764, 0.00843233, 0.00469015, 0.00486721, 0.00562725, 0.00465658, 0.00559776, 0.0040665, 0.00811233, 0.00635453, 0.00806377, 0.00531165, 0.00532761, 0.00866896, 0.00679192, 0.00424309, 0.00605257, 0.00808746, 0.00839123, 0.00391457, 0.00466051, 0.00665056, 0.00840242, 0.00702045, 0.00527168, 0.0086749, 0.00657844, 0.00630342, 0.00413477, 0.00561549, 0.00697893, 0.00729862, 0.00539903, 0.00394522, 0.0047487, 0.00383142, 0.00709976, 0.00819542, 0.00797998, 0.00709553, 0.00712006, 0.00426852, 0.00847189, 0.00448074, 0.00528278, 0.00514727, 0.00762247, 0.00838492, 0.00785525, 0.00572066, 0.00468064, 0.00508691, 0.00815581, 0.00719459, 0.00691171, 0.00760753, 0.00728435, 0.00564118, 0.00378981, 0.00783327, 0.00632699, 0.00523319, 0.00672675, 0.00403921, 0.00446286, 0.00485988];
GivenLatency = [147.085, 174.284, 214.873, 230.821, 163.48, 250.357, 297.46, 185.373, 189.997, 145.59, 114.608, 292.068, 130.371, 153.274, 241.229, 151.325, 144.257, 148.811, 293.881, 163.108, 127.781, 234.171, 194.802, 216.172, 119.489, 237.001, 124.348, 194.252, 195.51, 254.896, 207.704, 146.201, 176.781, 139.37, 145.882, 203.135, 176.448, 129.707, 168.649, 153.244, 138.27, 126.992, 144.721, 215.658, 229.195, 141.114, 335.384, 202.786, 218.21, 222.097, 148.778, 114.007, 167.26, 221.941, 209.742, 233.304, 233.507, 143.591, 222.94, 181.388, 224.217, 219.159, 126.039, 152.21, 213.049, 198.753, 209.287, 257.161, 203.423, 251.291, 121.667, 178.174, 138.978, 203.675, 205.82, 116.681, 173.267, 305.325, 186.268, 124.618, 132.065, 263.036, 211.403, 163.218, 144.408, 172.939, 235.754, 137.127, 178.03, 181.875, 250.201, 186.547, 180.998, 177.013, 206.337, 301.59, 210.424, 284.164, 145.376, 117.826, 120.117, 154.115, 141.103, 271.828, 114.203, 256.848, 245.156, 219.811, 160.03, 129.495, 150.52, 208.362, 231.95, 188.61, 157.672, 143.425, 139.274, 139.962, 140.214, 170.159, 277.641, 142.546, 172.737, 229.343, 164.419, 263.294, 222.755, 227.578];
HighestPossibleCritFunctionValue = 1.1;
