NumDevices = 32;
NumSlotes = 256;


GivenBandwidthOld = [0.0155326, 0.01607, 0.0231603, 0.0150995, 0.0365055, 0.0323729, 0.0260601, 0.0268829, 0.0302178, 0.0307292, 0.0256933, 0.0375513, 0.0348968, 0.0199459, 0.0151219, 0.0385107, 0.0338962, 0.0283763, 0.0311853, 0.0157263, 0.0215377, 0.0189577, 0.0316573, 0.0239568, 0.0266402, 0.026222, 0.022482, 0.0152286, 0.0316984, 0.0396262, 0.0331945, 0.0341905];
GivenLatency = [135.389, 120.63, 104.99, 125.168, 50.6793, 59.6872, 67.3855, 62.915, 63.8264, 55.9209, 67.0017, 64.1888, 49.8984, 118.962, 114.43, 58.9183, 61.5637, 77.2059, 58.0508, 118.351, 95.5792, 113.36, 64.9778, 75.6195, 85.4674, 86.9844, 77.1996, 139.375, 56.6367, 48.6809, 72.4773, 57.6312];
HighestPossibleCritFunctionValue = 1.1;
