NumDevices = 64;
NumSlotes = 512;


GivenBandwidthOld = [0.0121679, 0.0101413, 0.0105049, 0.0113899, 0.0142365, 0.0172723, 0.0104536, 0.00805539, 0.0119194, 0.0136877, 0.014924, 0.0119846, 0.00949551, 0.0159694, 0.0127188, 0.00974625, 0.0101452, 0.0159695, 0.0136879, 0.00807055, 0.0167523, 0.0106153, 0.0162549, 0.0117866, 0.0122871, 0.0144332, 0.0135289, 0.0148079, 0.0113494, 0.0137625, 0.0119677, 0.0158723, 0.0115036, 0.0165375, 0.0103959, 0.00913874, 0.00986366, 0.0136117, 0.00768413, 0.0122037, 0.0128413, 0.00956289, 0.00853018, 0.0117942, 0.0108538, 0.014348, 0.0117305, 0.0102256, 0.0158822, 0.0173312, 0.0112847, 0.00775629, 0.014902, 0.0125755, 0.0109186, 0.0140668, 0.0150614, 0.0124631, 0.0117438, 0.0132687, 0.0120989, 0.0105161, 0.00928892, 0.0139616];
GivenLatency = [74.8636, 99.7035, 112.799, 86.1961, 73.9991, 63.2933, 100.467, 116.019, 95.0458, 83.7507, 82.1566, 85.7263, 95.7496, 72.5817, 86.2703, 124.302, 112.921, 60.3142, 67.1389, 112.702, 55.6258, 104.456, 73.4512, 97.5347, 95.7584, 81.3662, 85.0841, 83.3432, 108.98, 78.8668, 91.3036, 72.6446, 82.1763, 57.3607, 110.102, 110.853, 112.054, 66.9831, 126.973, 93.3336, 96.7122, 101.543, 144.55, 90.6944, 92.0545, 64.2488, 85.4571, 109.225, 67.7968, 56.4747, 94.6336, 126.002, 73.3034, 81.8829, 85.8405, 65.2527, 61.4378, 77.097, 92.4266, 73.1768, 98.6637, 114.277, 113.441, 76.711];
HighestPossibleCritFunctionValue = 1.1;
