NumDevices = 64;
NumSlotes = 512;


GivenBandwidthOld = [0.016831, 0.0131966, 0.00968837, 0.0174265, 0.0115409, 0.0129904, 0.0140101, 0.0133198, 0.0113988, 0.0151034, 0.00832988, 0.0153482, 0.0119859, 0.0127631, 0.0151828, 0.0122296, 0.0174155, 0.0164867, 0.0172512, 0.016391, 0.00929651, 0.0113809, 0.0139011, 0.0102613, 0.0162724, 0.0156418, 0.0166263, 0.0139006, 0.0128887, 0.0150452, 0.0103162, 0.00902907, 0.0165076, 0.00895598, 0.00807587, 0.0161756, 0.00822884, 0.0171058, 0.0123289, 0.0174651, 0.0102002, 0.0106093, 0.0151764, 0.0141528, 0.0113223, 0.00835488, 0.015398, 0.00845178, 0.0140152, 0.00769177, 0.0105778, 0.0156112, 0.0123176, 0.0165681, 0.0149254, 0.0158369, 0.0158971, 0.0167538, 0.0161394, 0.00912803, 0.00986782, 0.0133758, 0.0128969, 0.0129337];
GivenLatency = [65.7725, 71.7007, 96.9044, 53.5364, 79.0674, 91.3482, 68.6097, 85.5833, 90.8128, 63.1044, 112.554, 66.0757, 89.7165, 76.9755, 69.5578, 83.4141, 55.3238, 60.7953, 66.3244, 71.4802, 106.806, 85.0889, 77.2508, 89.4272, 75.4656, 64.7468, 74.0731, 67.3036, 87.0123, 70.9485, 109.662, 105.89, 61.6562, 101.639, 117.493, 68.9699, 143.306, 68.5091, 79.5683, 68.4715, 116.951, 111.604, 82.021, 65.6203, 107.366, 127.665, 71.0689, 140.276, 80.002, 124.065, 95.3936, 76.6696, 93.9492, 74.7022, 72.7686, 66.3072, 60.838, 57.3181, 57.1876, 125.311, 101.09, 71.9974, 79.6373, 71.4327];
HighestPossibleCritFunctionValue = 1.1;
