NumDevices = 32;
NumSlotes = 256;


GivenBandwidthOld = [0.0168281, 0.020542, 0.019056, 0.0236207, 0.0237073, 0.017769, 0.0339512, 0.0272102, 0.0319123, 0.0195725, 0.0243171, 0.0273271, 0.0173833, 0.0309674, 0.0188797, 0.0205367, 0.0298565, 0.0279879, 0.0231686, 0.0246205, 0.0259162, 0.0236759, 0.0303079, 0.0347349, 0.0193908, 0.0319842, 0.0291555, 0.02675, 0.0175404, 0.0318214, 0.0315634, 0.0159744];
GivenLatency = [51.5551, 46.6314, 53.2709, 43.0355, 47.2779, 59.9174, 34.022, 34.0396, 27.6221, 53.1169, 39.3867, 38.1555, 59.0538, 36.9171, 45.6765, 46.4238, 31.4858, 41.7426, 37.9916, 46.6745, 38.0676, 37.441, 34.6382, 27.1772, 46.5019, 32.8257, 33.63, 31.6351, 60.7665, 31.4365, 35.911, 63.4752];
HighestPossibleCritFunctionValue = 1.1;
