NumDevices = 64;
NumSlotes = 512;


GivenBandwidthOld = [0.0115708, 0.0154172, 0.0119881, 0.00883903, 0.0125634, 0.00763039, 0.00895806, 0.0130506, 0.0161894, 0.00996082, 0.0165749, 0.0085425, 0.00884569, 0.0145925, 0.011622, 0.0153337, 0.00780698, 0.0169112, 0.0118209, 0.00826562, 0.0153365, 0.0149737, 0.00780675, 0.0130798, 0.0174967, 0.0116801, 0.0131644, 0.00877261, 0.0163371, 0.0123879, 0.00927454, 0.0121247, 0.0142572, 0.0153306, 0.0160521, 0.0133028, 0.0144978, 0.00998123, 0.00952753, 0.0141496, 0.0174051, 0.0121709, 0.0118804, 0.00972243, 0.00994619, 0.0106341, 0.0122191, 0.0111697, 0.0138974, 0.00831016, 0.0139182, 0.00814895, 0.0143636, 0.0136071, 0.00984705, 0.0144471, 0.00766551, 0.00926235, 0.0172982, 0.0153962, 0.00909366, 0.012095, 0.0161193, 0.0113759];
GivenLatency = [99.4337, 59.7861, 84.4858, 124.282, 83.1418, 129.374, 121.613, 82.3939, 74.3102, 101.948, 70.9967, 124.697, 125.804, 69.5813, 84.0905, 76.9781, 139.117, 69.2429, 91.8908, 134.841, 62.2332, 80.9228, 151.87, 91.6044, 55.3798, 98.8723, 69.1149, 128.713, 59.5632, 73.3945, 130.161, 82.1431, 85.6187, 68.6244, 59.6688, 83.7326, 79.2873, 97.759, 103.905, 69.8531, 59.5101, 85.8752, 78.5796, 101.5, 109.197, 89.5239, 102.026, 109.363, 68.182, 120.725, 77.6605, 115.228, 69.0738, 88.6498, 96.9788, 79.3304, 148.386, 115.241, 70.9413, 71.0496, 101.94, 80.424, 71.3625, 106.113];
HighestPossibleCritFunctionValue = 1.1;
