NumDevices = 128;
NumSlotes = 1024;


GivenBandwidthOld = [0.00799775, 0.00819331, 0.00740603, 0.00697657, 0.00777207, 0.00892881, 0.00651883, 0.0082163, 0.00636065, 0.00600896, 0.00753674, 0.00380081, 0.00770036, 0.00999088, 0.00666255, 0.00489536, 0.00384036, 0.00992218, 0.00826814, 0.0088008, 0.00497322, 0.00618542, 0.00460708, 0.00872191, 0.00410321, 0.00892919, 0.00666576, 0.00894955, 0.00509328, 0.00531085, 0.00566804, 0.00896025, 0.00991145, 0.00931011, 0.00882546, 0.00697569, 0.00541028, 0.00814024, 0.00923731, 0.00403141, 0.00842476, 0.00994907, 0.00400084, 0.00713252, 0.0037817, 0.00534979, 0.00393627, 0.00941833, 0.00883343, 0.00964504, 0.00671454, 0.00998991, 0.0092397, 0.00656094, 0.00974978, 0.0044905, 0.00558059, 0.00797171, 0.00808202, 0.00569834, 0.00580364, 0.00674526, 0.00758829, 0.00772078, 0.00938275, 0.00469568, 0.00396341, 0.0092857, 0.00482863, 0.00724524, 0.0044936, 0.00775063, 0.00482425, 0.0087119, 0.00469555, 0.00808048, 0.00487788, 0.00376566, 0.00450147, 0.00877243, 0.00952988, 0.00869619, 0.00936203, 0.00644695, 0.00630718, 0.00732732, 0.00907251, 0.00922699, 0.00554194, 0.00831365, 0.00509037, 0.00643145, 0.00845063, 0.00731061, 0.00947878, 0.00609804, 0.00470123, 0.00975124, 0.0040427, 0.00442, 0.00812304, 0.007644, 0.00645842, 0.00540406, 0.00974884, 0.00757739, 0.00571673, 0.00865027, 0.00635674, 0.00905693, 0.00981006, 0.00517871, 0.00990881, 0.00859137, 0.00387279, 0.00490044, 0.00799258, 0.0088144, 0.00854953, 0.00688848, 0.00850418, 0.00720954, 0.00450173, 0.00688466, 0.00665455, 0.00796265, 0.00572931, 0.0075859];
GivenLatency = [571.097, 606.842, 672.753, 566.596, 585.066, 457.98, 554.493, 417.013, 543.453, 730.445, 514.307, 1061.85, 485.211, 337.243, 736.625, 815.013, 1245.79, 393.681, 438.219, 467.993, 814.67, 791.982, 773.068, 439.845, 939.414, 495.372, 537.555, 400.986, 683.924, 736.361, 598.48, 385.965, 426.439, 425.497, 424.285, 589.944, 712.214, 510.146, 452.267, 847.16, 457.98, 351.664, 1000.42, 485.37, 1121.16, 927.412, 1195.04, 471.1, 473.431, 384.526, 517.362, 394.282, 375.722, 620.385, 378.953, 912.474, 883.507, 434.775, 516.567, 779.971, 587.885, 637.04, 568.145, 633.738, 442.101, 1014.08, 968.74, 389.959, 730.823, 646.974, 1075.35, 542.37, 878.178, 478.475, 763.486, 469.055, 836.714, 1019.04, 1050.68, 420.767, 460.799, 395.13, 405.266, 600.817, 644.043, 626.77, 483.58, 446.293, 856.27, 476.405, 711.415, 594.159, 512.267, 567.43, 380.797, 710.714, 773.078, 498.764, 832.52, 1033.98, 558.503, 538.807, 727.246, 744.118, 429.556, 549.932, 849.926, 408.299, 661.17, 511.204, 377.942, 682.495, 501.128, 392.135, 1003.67, 704.377, 587.006, 390.751, 474.961, 588.684, 544.033, 606.466, 941.293, 723.96, 612.593, 458.762, 782.949, 535.367];
HighestPossibleCritFunctionValue = 1.1;
