NumDevices = 32;
NumSlotes = 256;


GivenBandwidthOld = [0.023225, 0.0327096, 0.0209255, 0.0244245, 0.0324031, 0.0296712, 0.0340479, 0.0337285, 0.0253482, 0.0178998, 0.0314441, 0.0315492, 0.0178656, 0.01715, 0.0302087, 0.0277982, 0.0348325, 0.0206431, 0.0184602, 0.0300624, 0.0286154, 0.0293636, 0.0248678, 0.0239405, 0.0180195, 0.0229686, 0.0239047, 0.0163861, 0.0311958, 0.0182137, 0.0282548, 0.0284611];
GivenLatency = [49.3678, 29.1834, 41.2513, 47.7942, 26.4197, 29.9064, 27.0924, 28.1973, 39.9893, 47.6038, 37.0862, 31.1045, 47.4046, 65.2716, 30.6866, 37.2721, 24.4708, 49.6376, 49.3952, 32.6982, 39.4501, 31.1835, 34.1382, 40.8294, 54.3796, 42.7198, 44.7364, 64.2049, 31.7679, 48.1535, 36.1512, 30.3806];
HighestPossibleCritFunctionValue = 1.1;
