NumDevices = 128;
NumSlotes = 1024;


GivenBandwidthOld = [0.00280143, 0.00424208, 0.00155431, 0.00337021, 0.00126034, 0.00319673, 0.00430127, 0.00266589, 0.00432577, 0.00194101, 0.0025978, 0.00368698, 0.00339192, 0.00359733, 0.00284154, 0.00333897, 0.00126771, 0.00206759, 0.00178983, 0.002216, 0.00239924, 0.00400535, 0.00419026, 0.00257253, 0.00396861, 0.00230086, 0.00364451, 0.00208424, 0.0035964, 0.00274074, 0.00306465, 0.00314489, 0.00184141, 0.00364082, 0.00249619, 0.00215972, 0.00341877, 0.0018212, 0.00138165, 0.00131143, 0.00237952, 0.00391014, 0.00390414, 0.00317036, 0.00168383, 0.00203646, 0.00366471, 0.00409444, 0.00148527, 0.00232663, 0.00239096, 0.00240421, 0.00316359, 0.00353656, 0.00333044, 0.00166323, 0.00268572, 0.00334644, 0.00180551, 0.00337185, 0.00381476, 0.00409272, 0.00389045, 0.00435176, 0.00126301, 0.00434456, 0.00206318, 0.00267792, 0.00348695, 0.00398065, 0.00147298, 0.00192599, 0.0033206, 0.00188731, 0.00312866, 0.00408824, 0.00352247, 0.00400483, 0.00166274, 0.00383257, 0.0033621, 0.00247009, 0.00416378, 0.0012643, 0.00408917, 0.00349625, 0.00404249, 0.00335294, 0.00165207, 0.00257278, 0.00201785, 0.00345739, 0.00389939, 0.00150124, 0.00199898, 0.00193002, 0.00224546, 0.00387694, 0.00221235, 0.0036118, 0.00222335, 0.00405648, 0.00417929, 0.00262885, 0.00373638, 0.00240044, 0.00236227, 0.00149033, 0.00302967, 0.00274136, 0.00409639, 0.00310284, 0.0013496, 0.00340452, 0.00288167, 0.00287403, 0.00254197, 0.00285667, 0.00143529, 0.00287607, 0.00254041, 0.00160825, 0.00362163, 0.00193876, 0.00228702, 0.00228885, 0.00184806, 0.0028967];
GivenLatency = [169.099, 146.844, 233.592, 117.974, 461.426, 183.063, 76.3197, 119.625, 72.9975, 224.88, 121.307, 95.6619, 98.0121, 87.4878, 115.684, 138.706, 328.066, 240.027, 320.144, 148.771, 252.303, 122.854, 112.998, 195.985, 126.979, 145.072, 178.091, 280.094, 121.459, 198.693, 130.245, 195.863, 343.484, 105.487, 227.63, 240.828, 93.6917, 257.378, 312.773, 249.949, 153.776, 86.8768, 97.4499, 115.507, 225.944, 266.497, 125.297, 86.9631, 384.66, 244.629, 151.811, 196.371, 118.439, 139.384, 116.543, 289.396, 118.827, 137.496, 352.242, 182.526, 97.4986, 114.729, 125.827, 125.278, 273.547, 77.5308, 312.677, 171.446, 111.56, 80.7721, 313.539, 229.802, 94.1253, 211.651, 135.238, 88.1428, 165.42, 91.6944, 234.835, 109.656, 160.591, 167.177, 122.441, 280.748, 109.971, 126.41, 102.818, 96.1275, 234.89, 121.676, 304.574, 117.063, 97.1895, 343.069, 294.494, 200.626, 285.363, 121.396, 292.929, 100.561, 162.44, 88.3046, 129.439, 125.067, 104.369, 151.361, 275.926, 221.214, 145.205, 162.034, 90.5384, 117.92, 231.789, 98.1665, 151.094, 151.716, 248.103, 155.562, 246.058, 112.084, 159.306, 260.054, 95.0782, 165.228, 170.414, 195.94, 210.289, 217.751];
HighestPossibleCritFunctionValue = 1.1;
