NumDevices = 64;
NumSlotes = 512;


GivenBandwidthOld = [0.00679696, 0.0028294, 0.00752618, 0.00868701, 0.00638451, 0.00812851, 0.00704326, 0.00486662, 0.00330466, 0.00759692, 0.00399857, 0.00766199, 0.00376546, 0.00861704, 0.00532133, 0.00806435, 0.00378314, 0.00574789, 0.00848641, 0.00358335, 0.00406916, 0.00663477, 0.00813107, 0.00640355, 0.00314772, 0.0074361, 0.00731798, 0.00325118, 0.00250901, 0.00388913, 0.00584439, 0.00543721, 0.00574404, 0.00640791, 0.00767826, 0.0085636, 0.00718622, 0.00754829, 0.00532348, 0.00670149, 0.00436133, 0.00470486, 0.00328961, 0.00471681, 0.00413665, 0.00338748, 0.00587441, 0.00365864, 0.00698262, 0.00440049, 0.0064999, 0.00378558, 0.00300963, 0.00530384, 0.00784271, 0.00374047, 0.00726226, 0.00430927, 0.00460143, 0.00253705, 0.00646197, 0.00378129, 0.00583764, 0.00443192];
GivenLatency = [81.2454, 115.196, 59.147, 66.5544, 55.7873, 63.4761, 45.7141, 91.1161, 135.451, 49.1184, 101.966, 82.1241, 94.2778, 69.5815, 70.5057, 41.6543, 127.383, 94.9108, 57.484, 88.7383, 120.633, 67.5231, 42.1038, 86.1649, 105.327, 52.1365, 51.4748, 139.154, 156.061, 82.0375, 66.3498, 91.7434, 90.4219, 57.0135, 78.5784, 37.4856, 52.217, 48.4308, 62.5333, 70.1803, 73.5397, 82.3153, 113.054, 97.4907, 107.819, 144.902, 90.8734, 93.0828, 77.8165, 78.2849, 62.2071, 94.3138, 139.855, 104.065, 81.4031, 100.754, 68.1439, 104.773, 139.408, 125.757, 51.5679, 115.481, 68.6881, 76.0961];
HighestPossibleCritFunctionValue = 1.1;
