NumDevices = 128;
NumSlotes = 1024;


GivenBandwidthOld = [0.00428553, 0.00446151, 0.00702751, 0.00384536, 0.00653799, 0.00645854, 0.00617988, 0.00781204, 0.00443152, 0.00808344, 0.0059518, 0.00437103, 0.00637942, 0.00639628, 0.004756, 0.00665982, 0.00416599, 0.00535288, 0.00841416, 0.00435375, 0.00590815, 0.0057082, 0.00513974, 0.00615081, 0.00416293, 0.00386426, 0.00406357, 0.00394574, 0.00860799, 0.00697684, 0.00721238, 0.00597176, 0.00483739, 0.00451527, 0.00568472, 0.00555072, 0.00841736, 0.00814509, 0.00696445, 0.00409212, 0.00377496, 0.00832259, 0.00535689, 0.00574551, 0.00736043, 0.00427973, 0.00700415, 0.00627061, 0.00768508, 0.00558247, 0.00706454, 0.00614448, 0.00778653, 0.00567093, 0.00874403, 0.00842013, 0.00467872, 0.00776831, 0.00443656, 0.00779685, 0.00412444, 0.006939, 0.00627237, 0.00725075, 0.00588474, 0.00729019, 0.00874785, 0.0075793, 0.00778912, 0.0041907, 0.00566105, 0.00771105, 0.0071213, 0.0052347, 0.00702561, 0.00691245, 0.00500094, 0.00829108, 0.00567111, 0.00691297, 0.00872824, 0.0080517, 0.00749997, 0.00455483, 0.00546619, 0.00772477, 0.00765718, 0.00678358, 0.00407778, 0.00779342, 0.00657632, 0.00577132, 0.00599971, 0.00467245, 0.00744749, 0.00740241, 0.00474514, 0.00403537, 0.00499088, 0.0041841, 0.00461755, 0.00458852, 0.00667998, 0.00787592, 0.00800966, 0.00577233, 0.00810913, 0.00771956, 0.00513247, 0.00392206, 0.00552203, 0.00618658, 0.0054025, 0.00731326, 0.00647276, 0.00509565, 0.00515913, 0.0069923, 0.00712693, 0.00472746, 0.00692605, 0.00855471, 0.00657974, 0.00811939, 0.00506153, 0.00667308, 0.00692841, 0.00830907];
GivenLatency = [231.028, 256.937, 151.68, 327.809, 196.868, 150.931, 156.023, 165.127, 241.215, 120.657, 198.533, 271.756, 200.826, 194.46, 249.888, 145.319, 233.501, 219.939, 126.646, 255.336, 208.608, 225.583, 195.742, 154.964, 244.274, 299.983, 258.277, 317.795, 112.611, 172.868, 137.62, 188.256, 247.578, 238.001, 181.548, 181.58, 138.561, 146.89, 148.194, 281.211, 299.707, 141.819, 203.153, 213.074, 133.656, 291.094, 159.033, 174.56, 148.947, 206.767, 160.374, 206.397, 140.498, 183.642, 131.037, 141.59, 227.519, 127.697, 263.981, 122.374, 292.347, 164.34, 163.984, 153.207, 208.159, 159.204, 126.174, 137.962, 122.345, 239.507, 210.513, 125.356, 136.075, 225.114, 170.765, 142.679, 192.153, 137.807, 172.713, 159.031, 111.65, 118.414, 160.62, 235.259, 229.99, 127.629, 132.603, 175.448, 244.294, 159.369, 149.211, 219.357, 176.236, 253.252, 158.796, 159.392, 248.372, 260.879, 231.524, 249.19, 256.286, 230.768, 149.703, 121.021, 160.026, 219.193, 122.632, 142.702, 198.126, 268.939, 197.378, 193.02, 226.036, 134.313, 167.667, 200.813, 213.481, 143.285, 165.748, 219.176, 143.761, 148.633, 176.046, 129.238, 205.935, 190.025, 178.198, 126.057];
HighestPossibleCritFunctionValue = 1.1;
