NumDevices = 128;
NumSlotes = 1024;


GivenBandwidthOld = [0.00247436, 0.00410022, 0.00172974, 0.00176837, 0.00405548, 0.00291191, 0.00166403, 0.00368149, 0.00169726, 0.00276184, 0.00135106, 0.00284906, 0.00162938, 0.00247964, 0.00217307, 0.00286244, 0.0014784, 0.00247216, 0.00139674, 0.00190802, 0.00127, 0.00304938, 0.00278407, 0.00309616, 0.00161555, 0.00137865, 0.00413373, 0.00253218, 0.00397386, 0.00302013, 0.00186646, 0.00277882, 0.00243251, 0.00375901, 0.00145439, 0.00208012, 0.00311609, 0.00218783, 0.00402071, 0.00289918, 0.00335689, 0.00244438, 0.00328119, 0.00199386, 0.00337943, 0.00314461, 0.00329214, 0.0015778, 0.00427002, 0.00242413, 0.00368441, 0.00381766, 0.0027409, 0.00248833, 0.00133666, 0.00145085, 0.00198956, 0.00293695, 0.003778, 0.00177006, 0.0043627, 0.00387901, 0.0025989, 0.0035295, 0.00347488, 0.00411587, 0.00231119, 0.00225735, 0.00368473, 0.00305898, 0.00165784, 0.00261511, 0.00408516, 0.00175319, 0.00208415, 0.00212289, 0.00308868, 0.00397261, 0.00391631, 0.00133979, 0.00410001, 0.00142107, 0.00140515, 0.00263796, 0.00376622, 0.00377801, 0.00194397, 0.00237898, 0.00422103, 0.0040398, 0.00199146, 0.00353354, 0.00266045, 0.00358307, 0.00374717, 0.00243843, 0.00331921, 0.00343853, 0.00259816, 0.00359228, 0.00227096, 0.00426564, 0.0038206, 0.00228181, 0.00231227, 0.00177615, 0.00366093, 0.00297738, 0.0020864, 0.00244863, 0.00292783, 0.00373664, 0.00366031, 0.00199941, 0.00291469, 0.00161577, 0.00182551, 0.00196102, 0.00135616, 0.00428594, 0.0013277, 0.00397711, 0.00147861, 0.00280348, 0.00427243, 0.00235844, 0.00263451, 0.0020056];
GivenLatency = [140.855, 78.8681, 290.758, 302.157, 90.1775, 111.785, 210.652, 108.228, 191.361, 135.357, 290.905, 135.788, 194.54, 163.281, 166.32, 157.205, 266.444, 149.396, 228.578, 195.967, 414.92, 120.407, 151.211, 124.826, 203.216, 278.655, 84.7961, 206.645, 109.427, 108.39, 221.055, 120.108, 131.393, 115.385, 227.073, 292.026, 111.048, 189.065, 129.022, 151.968, 135.835, 194.412, 127.025, 249.957, 92.499, 149.149, 104.097, 213.551, 74.5475, 147.168, 100.372, 91.5894, 226.665, 162.397, 308.412, 303.676, 320.505, 154.265, 101.516, 275.015, 78.4337, 81.1623, 211.549, 95.9566, 127.251, 121.257, 141.21, 264.345, 88.6166, 126.588, 195.124, 242.551, 92.6636, 229.312, 152.447, 160.594, 198.461, 139.015, 87.6207, 285.814, 80.5134, 282.387, 288.503, 154.488, 92.8871, 101.142, 194.586, 141.907, 110.061, 78.7102, 166.968, 120.404, 130.001, 176.97, 95.9241, 262.448, 175.6, 100.144, 190.798, 111.612, 212.099, 101.175, 151.478, 152.461, 165.204, 193.811, 114.076, 122.64, 236.877, 133.871, 122.056, 135.58, 93.3428, 227.856, 112.621, 273.568, 248.616, 210.465, 243.595, 85.3299, 331.654, 154.434, 235.967, 116.564, 89.7855, 226.904, 212.53, 305.407];
HighestPossibleCritFunctionValue = 1.1;
