NumDevices = 16;
NumSlotes = 128;


GivenBandwidthOld = [0.0556582, 0.0680086, 0.0405913, 0.0386929, 0.0522334, 0.0665704, 0.0682379, 0.0537577, 0.0462978, 0.0676845, 0.0330924, 0.0441751, 0.0302304, 0.0624158, 0.0426871, 0.0620774];
GivenLatency = [19.1054, 12.3643, 18.9902, 27.1549, 20.4745, 11.6219, 15.7366, 14.8741, 19.1068, 16.1269, 32.2817, 23.2626, 35.3379, 16.4302, 19.1984, 13.2142];
HighestPossibleCritFunctionValue = 1.1;
