NumDevices = 16;
NumSlotes = 128;


GivenBandwidthOld = [0.0722237, 0.0336021, 0.0708215, 0.0668018, 0.0583603, 0.0314829, 0.0525243, 0.045543, 0.060597, 0.073736, 0.0505557, 0.0598228, 0.0625074, 0.0324505, 0.0657086, 0.0351516];
GivenLatency = [20.9356, 47.3273, 19.6078, 26.6199, 26.5373, 47.517, 32.8193, 32.6875, 29.366, 22.6528, 32.9961, 30.4634, 24.2552, 42.8411, 20.7728, 54.4381];
HighestPossibleCritFunctionValue = 1.1;
