NumDevices = 128;
NumSlotes = 1024;


GivenBandwidthOld = [0.00598222, 0.00818287, 0.00694001, 0.00574707, 0.00603926, 0.00426861, 0.00747113, 0.0073527, 0.00437182, 0.00463648, 0.00901235, 0.00427775, 0.00489835, 0.00409157, 0.00699751, 0.00961315, 0.00825191, 0.00479263, 0.00849953, 0.00412067, 0.00859564, 0.00699659, 0.00668263, 0.00502669, 0.00486686, 0.00603287, 0.00940559, 0.00729539, 0.00978723, 0.00901395, 0.00623734, 0.00851139, 0.00969, 0.00609007, 0.00832546, 0.00969804, 0.00997016, 0.00852554, 0.00994106, 0.00689795, 0.00514669, 0.0092522, 0.00424151, 0.00834814, 0.00974538, 0.00553283, 0.00521808, 0.0090755, 0.0094488, 0.00852845, 0.00891618, 0.00673693, 0.00504393, 0.0070493, 0.00511286, 0.00936692, 0.00738429, 0.00401448, 0.00508249, 0.00515226, 0.009046, 0.00735629, 0.00845608, 0.00509905, 0.00850168, 0.00900976, 0.00455829, 0.00735489, 0.00989837, 0.00810196, 0.00967414, 0.00829673, 0.00811511, 0.00562458, 0.00979536, 0.00810386, 0.00402336, 0.00428713, 0.00633365, 0.00837019, 0.00524883, 0.00703864, 0.00716293, 0.00853081, 0.00482479, 0.0052429, 0.00736562, 0.00897936, 0.0061148, 0.0051203, 0.00936206, 0.00693717, 0.00800539, 0.00530569, 0.00652015, 0.00543482, 0.00809797, 0.0050708, 0.00872908, 0.00586007, 0.0052769, 0.00392199, 0.00692178, 0.0056899, 0.0077118, 0.0084544, 0.00813856, 0.00603954, 0.00906818, 0.00509182, 0.00578907, 0.00568178, 0.00872461, 0.00585186, 0.00468267, 0.00417888, 0.00560805, 0.00700777, 0.00715906, 0.00608843, 0.00573467, 0.00381239, 0.0085525, 0.00679983, 0.00605106, 0.00889344, 0.00582087, 0.00878678];
GivenLatency = [666.898, 447.61, 566.303, 748.312, 640.878, 1076.32, 546.573, 637.65, 864.04, 956.715, 436.52, 889.162, 700.518, 1083.3, 550.86, 359.451, 603.125, 736.789, 508.221, 1030.5, 389.384, 696.685, 743.278, 676.73, 849.538, 584.046, 504.343, 536.449, 485.955, 473.777, 751.707, 559.474, 381.157, 699.542, 450.979, 381.85, 466.694, 436.776, 383.359, 605.899, 841.985, 446.57, 886.152, 425.538, 511.278, 742.51, 915.774, 440.607, 368.001, 509.743, 435.139, 604.517, 754.044, 677.253, 938.848, 501.543, 559.544, 878.148, 853.282, 804.583, 442.152, 532.147, 423.649, 852.312, 471.237, 476.839, 845.23, 480.173, 491.505, 605.806, 399.995, 524.026, 565.655, 652.303, 341.043, 440.556, 886.153, 982.984, 527.97, 465.058, 745.352, 639.31, 476.245, 460.861, 873.582, 714.911, 628.132, 539.731, 782.792, 775.932, 528.325, 571.917, 439.378, 725.508, 693.525, 881.909, 482.551, 913.087, 450.187, 844.143, 656.687, 1161.61, 678.355, 739.736, 453.597, 429.692, 447.43, 576.562, 385.037, 715.267, 679.097, 766.011, 502.542, 586.484, 991.601, 821.745, 760.092, 532.44, 625.645, 599.754, 605.719, 878.893, 393.655, 531.453, 563.844, 430.812, 704.807, 400.438];
HighestPossibleCritFunctionValue = 1.1;
