NumDevices = 32;
NumSlotes = 256;


GivenBandwidthOld = [0.0139878, 0.0124599, 0.00845774, 0.006792, 0.0105945, 0.00733341, 0.01007, 0.0162727, 0.0152452, 0.0080091, 0.0165061, 0.0126632, 0.0120747, 0.00937259, 0.00758427, 0.0137483, 0.0126107, 0.0052536, 0.0173038, 0.00744619, 0.00553533, 0.0147122, 0.0129305, 0.00573272, 0.00728763, 0.0156533, 0.0169459, 0.0170908, 0.0158865, 0.0115227, 0.0071509, 0.0051309];
GivenLatency = [21.8146, 29.4054, 59.0658, 59.069, 42.8003, 48.8051, 51.5215, 25.3842, 32.5147, 58.5032, 19.8967, 26.1176, 30.3812, 59.9834, 63.5721, 42.5578, 45.7972, 64.4258, 27.6056, 53.6702, 85.5736, 28.5929, 41.4567, 55.0082, 84.9576, 21.1444, 24.2484, 22.3554, 26.832, 27.421, 58.0195, 84.7084];
HighestPossibleCritFunctionValue = 1.1;
