NumDevices = 16;
NumSlotes = 128;


GivenBandwidthOld = [0.0147904, 0.0225746, 0.0256452, 0.0344559, 0.015496, 0.0316177, 0.0143289, 0.0158952, 0.0157366, 0.0248524, 0.0336723, 0.0200711, 0.0250755, 0.0334658, 0.0247396, 0.0138615];
GivenLatency = [41.6483, 25.9447, 16.5786, 13.4604, 38.2009, 11.1796, 22.1053, 22.5163, 19.8131, 19.3442, 12.7536, 15.8903, 22.3667, 10.786, 25.1181, 31.938];
HighestPossibleCritFunctionValue = 1.1;
