NumDevices = 16;
NumSlotes = 128;


GivenBandwidthOld = [0.0738749, 0.0348517, 0.0731295, 0.0581475, 0.0542581, 0.0350461, 0.0396494, 0.0583208, 0.0677617, 0.0417475, 0.0694902, 0.0421716, 0.0485918, 0.0525398, 0.0558613, 0.0310449];
GivenLatency = [24.3283, 55.3658, 22.0833, 25.0557, 27.0317, 43.81, 46.5274, 32.0593, 27.6324, 41.454, 21.7178, 44.6114, 37.9143, 26.2631, 34.4873, 54.9908];
HighestPossibleCritFunctionValue = 1.1;
