NumDevices = 128;
NumSlotes = 1024;


GivenBandwidthOld = [0.0073469, 0.00691651, 0.00824383, 0.00650395, 0.00439458, 0.00718979, 0.00625925, 0.0067624, 0.00820596, 0.00512868, 0.00519948, 0.00524714, 0.00620708, 0.00497562, 0.0078194, 0.0081141, 0.00618387, 0.00487412, 0.00688061, 0.00485392, 0.00738997, 0.0056451, 0.00462288, 0.0042458, 0.0066157, 0.00754789, 0.00489769, 0.00802684, 0.00466108, 0.00619877, 0.00516165, 0.00429156, 0.00572588, 0.00736838, 0.00788055, 0.00597043, 0.00748368, 0.00562709, 0.00698544, 0.00675067, 0.00597003, 0.0058223, 0.0078964, 0.00729348, 0.00398413, 0.00379974, 0.00480565, 0.00610653, 0.00498404, 0.00424479, 0.00461483, 0.00392991, 0.00745853, 0.00798452, 0.00836577, 0.00601147, 0.00725885, 0.00701602, 0.00571182, 0.00605171, 0.00857522, 0.00615912, 0.00385576, 0.00618714, 0.0046814, 0.00785719, 0.00836472, 0.00839881, 0.00633197, 0.00390882, 0.00798869, 0.00834146, 0.00734832, 0.00577868, 0.0047253, 0.00557303, 0.00842106, 0.00519446, 0.00577561, 0.00820979, 0.00439014, 0.00750877, 0.0074311, 0.00698879, 0.00815762, 0.00761283, 0.00628293, 0.00469896, 0.00793984, 0.00743296, 0.00822696, 0.00808521, 0.00569584, 0.00741949, 0.00685037, 0.00663615, 0.00631412, 0.00385787, 0.00675947, 0.00392069, 0.00761158, 0.00535784, 0.00671863, 0.00743608, 0.00562799, 0.00711115, 0.0045723, 0.00415203, 0.00558626, 0.00582546, 0.00595453, 0.0052321, 0.00848345, 0.00379736, 0.0046788, 0.00410912, 0.00449043, 0.00810065, 0.00506504, 0.00562211, 0.00836017, 0.0069344, 0.00398803, 0.00435044, 0.00533478, 0.00415522, 0.00420198, 0.0051738];
GivenLatency = [130.992, 154.061, 141.038, 165.925, 255.903, 132.947, 173.82, 155.44, 117.171, 226.218, 213.204, 185.326, 180.504, 239.583, 153.652, 131.509, 184.755, 204.124, 187.44, 226.53, 132.793, 193.832, 274.202, 229.678, 172.012, 139.765, 250.308, 132.918, 247.075, 187.501, 237.949, 234.412, 219.232, 166.725, 141.315, 181.888, 169.096, 170.569, 168.864, 183.213, 170.319, 198.348, 137.757, 140.137, 249.728, 300.722, 231.666, 170.411, 210.89, 265.137, 207.486, 301.293, 163.254, 159.789, 148.016, 168.355, 148.018, 176.156, 219.102, 193.725, 122.807, 187.176, 261.176, 169.729, 274.263, 138.021, 117.632, 142.039, 159.255, 247.106, 148.028, 122.643, 132.044, 167.625, 237.07, 185.305, 125.112, 202.101, 166.722, 146.966, 242.114, 129.857, 149.059, 141.306, 149.756, 125.598, 205.55, 241.697, 135.53, 149.15, 135.553, 130.507, 172.214, 151.691, 144.179, 159.487, 167.188, 258.254, 144.515, 277.14, 133.647, 242.091, 162.28, 152.9, 217.013, 162.791, 253.625, 308.635, 175.611, 170.56, 166.193, 205.688, 124.717, 302.538, 208.623, 308.462, 246.684, 122.769, 227.399, 197.753, 136.97, 185.931, 304.968, 256.231, 202.465, 309.402, 239.276, 227.095];
HighestPossibleCritFunctionValue = 1.1;
