NumDevices = 128;
NumSlotes = 1024;


GivenBandwidthOld = [0.00330593, 0.00211548, 0.00362706, 0.00243633, 0.0023457, 0.00422277, 0.00205874, 0.00308128, 0.00138616, 0.00213241, 0.00379805, 0.00139096, 0.00165908, 0.00160509, 0.00364807, 0.00248583, 0.00304445, 0.00125334, 0.0042332, 0.00230937, 0.00289421, 0.00431874, 0.00263101, 0.00259244, 0.0042122, 0.00264187, 0.00372269, 0.0035367, 0.00250784, 0.00427523, 0.00246518, 0.00292385, 0.00235227, 0.00211823, 0.00298078, 0.00298516, 0.00165404, 0.00139717, 0.00283199, 0.00227534, 0.00283417, 0.00137765, 0.00293965, 0.00225096, 0.00251006, 0.00411209, 0.00133919, 0.00332918, 0.00222913, 0.00126439, 0.00249804, 0.00200851, 0.00261557, 0.00242067, 0.00174601, 0.00333631, 0.00342457, 0.00245608, 0.00312873, 0.00212519, 0.0042374, 0.00417124, 0.00169123, 0.00145345, 0.00189955, 0.00260344, 0.00161326, 0.00342975, 0.00197915, 0.00287188, 0.0038938, 0.00126741, 0.00317207, 0.00228784, 0.00366312, 0.00232016, 0.00306542, 0.00367047, 0.00389855, 0.00299615, 0.00188544, 0.00291233, 0.00254806, 0.00218305, 0.00178364, 0.00143147, 0.00429173, 0.00173337, 0.00331123, 0.00375149, 0.00319561, 0.00423807, 0.00300336, 0.00434841, 0.00434592, 0.00318322, 0.00230516, 0.00401436, 0.00249076, 0.00153158, 0.0024843, 0.00245973, 0.00200518, 0.00286347, 0.00327045, 0.00265145, 0.00221842, 0.00249442, 0.00375412, 0.00354011, 0.00359314, 0.00422661, 0.00406512, 0.00240843, 0.00226642, 0.00295834, 0.00397276, 0.00337528, 0.00205977, 0.0016422, 0.00237025, 0.00429317, 0.00412532, 0.00175932, 0.00195009, 0.00201857, 0.00292224, 0.00347569];
GivenLatency = [153.1, 217.65, 131.486, 145.015, 165.188, 144.044, 179.156, 161.353, 264.881, 178.438, 100.148, 238.836, 266.49, 389.676, 124.16, 157.604, 212.671, 258.067, 85.4157, 185.592, 198.592, 122.474, 159.179, 191.445, 80.8872, 232.893, 122.763, 143.753, 125.349, 127.608, 188.772, 140.761, 190.532, 230.641, 110.28, 148.453, 269.159, 250.428, 111.54, 184.991, 181.502, 282.768, 128.849, 156.36, 143.95, 117.433, 265.217, 120.235, 200.083, 510.045, 171.244, 256.28, 242.497, 180.895, 359.803, 147.378, 100.851, 230.168, 143.128, 152.589, 139.443, 85.9488, 298.134, 243.092, 265.62, 205.567, 229.087, 92.626, 204.718, 208.078, 81.0497, 356.676, 178.402, 140.762, 108.252, 195.459, 116.45, 86.6635, 85.6538, 109.72, 178.7, 108.077, 147.149, 220.528, 365.556, 219.493, 132.256, 193.096, 191.157, 85.803, 168.086, 92.427, 172.103, 108.046, 75.0458, 109.78, 171.114, 118.943, 145.337, 256.608, 159.115, 248.099, 311.194, 225.099, 133.649, 141.894, 165.57, 175.405, 110.243, 146.065, 96.012, 94.7545, 105.157, 175.614, 163.575, 118.599, 132.104, 100.819, 232.762, 317.78, 140.484, 83.1208, 137.318, 188.323, 201.468, 243.072, 221.395, 99.4308];
HighestPossibleCritFunctionValue = 1.1;
