NumDevices = 128;
NumSlotes = 1024;


GivenBandwidthOld = [0.00832961, 0.00458678, 0.00508661, 0.00571474, 0.00637069, 0.00588112, 0.00890318, 0.00701456, 0.00876958, 0.00531823, 0.00467867, 0.00563149, 0.00722536, 0.00796328, 0.00390468, 0.00966737, 0.00698327, 0.00781648, 0.00537509, 0.00411533, 0.00627744, 0.00747952, 0.00457073, 0.00396863, 0.00950199, 0.00865636, 0.00863027, 0.00770905, 0.00598451, 0.00910579, 0.00602345, 0.00743346, 0.00534661, 0.00673334, 0.00730598, 0.00657363, 0.00429152, 0.0051481, 0.00784117, 0.00781764, 0.00612444, 0.00469237, 0.00471516, 0.00641665, 0.00956294, 0.00816287, 0.00836926, 0.00835553, 0.00887981, 0.00796745, 0.00526368, 0.00675045, 0.00723976, 0.00613076, 0.00467619, 0.00770441, 0.00930172, 0.00530646, 0.00698903, 0.00466511, 0.00903725, 0.00398816, 0.00649901, 0.00640376, 0.00548432, 0.0086727, 0.00826349, 0.00567045, 0.00566686, 0.00783915, 0.00503947, 0.00711959, 0.00525707, 0.0080397, 0.00690469, 0.0059037, 0.00721409, 0.00595259, 0.0040038, 0.00682121, 0.00907851, 0.00381228, 0.00665915, 0.00409255, 0.00470602, 0.00907684, 0.00693675, 0.00720412, 0.00719124, 0.00946005, 0.00386534, 0.00479583, 0.00605489, 0.00454404, 0.0054576, 0.00968886, 0.00567373, 0.00468129, 0.00601678, 0.00784615, 0.00402927, 0.0099602, 0.0097791, 0.00989123, 0.00681473, 0.00641583, 0.00833236, 0.00701735, 0.005642, 0.00881408, 0.00953849, 0.00972096, 0.007689, 0.00649117, 0.00587536, 0.00591412, 0.00738144, 0.00612126, 0.0074485, 0.00824575, 0.00764651, 0.00489592, 0.00705782, 0.00454027, 0.00458133, 0.00713226, 0.00559073, 0.00962613];
GivenLatency = [457.765, 1057.59, 683.602, 663.158, 684.372, 592.306, 439.148, 531.599, 406.331, 815.385, 724.745, 617.954, 475.397, 443.547, 957.036, 403.921, 620.664, 630.662, 791.802, 1181.45, 559.983, 523.004, 816.177, 934.796, 400.683, 494.209, 447.332, 480.465, 787.052, 401.852, 800.793, 498.376, 832.769, 614.154, 512.791, 666.221, 891.526, 832.391, 463.968, 451.698, 649.532, 789.285, 727.477, 604.313, 498.333, 427.024, 494.922, 430.79, 394.349, 595.192, 727.517, 683.242, 580.518, 558.895, 767.453, 538.844, 442.452, 716.715, 571.055, 719.616, 510.558, 900.876, 705.911, 577.107, 672.884, 445.351, 490.104, 841.347, 625.205, 437.098, 819.241, 604.184, 950.126, 504.45, 661.121, 697.448, 618.714, 638.579, 851.841, 532.792, 409.771, 951.452, 738.915, 883.925, 973.225, 463.983, 596.111, 466.715, 694.073, 357.174, 1166.12, 965.843, 694.606, 782.628, 639.932, 465.55, 647.403, 755.027, 734.68, 544.159, 902.901, 488.395, 458.256, 404.227, 613.522, 586.767, 414.812, 633.136, 685.022, 493.97, 475.855, 411.292, 451.462, 728.348, 821.211, 600.81, 629.352, 555.878, 519.859, 475.562, 634.888, 910.753, 568.264, 942.312, 778.837, 587.477, 634.512, 399.398];
HighestPossibleCritFunctionValue = 1.1;
