NumDevices = 32;
NumSlotes = 256;


GivenBandwidthOld = [0.0208311, 0.0184995, 0.0306168, 0.0359147, 0.0286129, 0.0319836, 0.0331412, 0.0396746, 0.0215023, 0.0247312, 0.0172472, 0.0331427, 0.0399937, 0.0344008, 0.033509, 0.021289, 0.0384325, 0.0198574, 0.0284387, 0.0287546, 0.0380915, 0.0384201, 0.0374283, 0.0173439, 0.0347458, 0.0323262, 0.0171557, 0.0205238, 0.0277164, 0.039148, 0.020298, 0.0334783];
GivenLatency = [93.178, 102.195, 56.325, 57.6216, 82.4497, 68.9431, 66.4785, 47.94, 97.0157, 67.682, 119.583, 54.9675, 59.6467, 58.2597, 50.973, 104.566, 48.081, 95.4303, 65.1988, 78.5868, 63.5341, 49.2385, 47.9668, 97.5552, 61.9654, 53.1519, 107.86, 100.408, 66.4296, 47.2367, 102.626, 71.0033];
HighestPossibleCritFunctionValue = 1.1;
