NumDevices = 128;
NumSlotes = 1024;


GivenBandwidthOld = [0.00811797, 0.0061515, 0.00583803, 0.00733279, 0.00463704, 0.00715979, 0.00712591, 0.00762743, 0.00672429, 0.00759612, 0.00544024, 0.00666319, 0.00566134, 0.007715, 0.00843691, 0.00660955, 0.00416046, 0.00730103, 0.0059359, 0.00720735, 0.00640514, 0.00865597, 0.00832512, 0.00777499, 0.00674578, 0.00386817, 0.0048365, 0.00449037, 0.0070698, 0.00456527, 0.0060671, 0.00725805, 0.00849773, 0.0037788, 0.00786881, 0.0086686, 0.00562912, 0.00612719, 0.00719766, 0.00862757, 0.0061578, 0.00669289, 0.00484792, 0.00641791, 0.00824061, 0.00744647, 0.00539578, 0.00444688, 0.0062263, 0.00784071, 0.00630487, 0.00849525, 0.00710793, 0.00543887, 0.008579, 0.0046937, 0.00459297, 0.00652679, 0.00833211, 0.00528202, 0.00732372, 0.00729891, 0.00528648, 0.00732084, 0.00393833, 0.00395905, 0.00724802, 0.0049229, 0.00663714, 0.00792825, 0.00753605, 0.00596164, 0.00476675, 0.00721385, 0.00567694, 0.00491171, 0.00861163, 0.00821016, 0.00557837, 0.00812248, 0.00700331, 0.0070616, 0.00688457, 0.00645186, 0.00399052, 0.00624194, 0.00581497, 0.00475885, 0.00448461, 0.00541644, 0.00668535, 0.00824156, 0.00843058, 0.00528202, 0.00742061, 0.00573673, 0.00468037, 0.00540948, 0.00459673, 0.00467378, 0.00466037, 0.00426809, 0.00632665, 0.0044263, 0.00529177, 0.00633633, 0.00711773, 0.00521658, 0.00753199, 0.0076001, 0.00744101, 0.0085137, 0.00726412, 0.00562938, 0.00547967, 0.00430778, 0.00841541, 0.00525567, 0.00453663, 0.00462021, 0.00434032, 0.0052756, 0.00455665, 0.006156, 0.00645724, 0.00425329, 0.00759864, 0.0078927];
GivenLatency = [145.538, 203.334, 182.658, 164.863, 206.603, 141.98, 139.206, 128.349, 148.671, 147.188, 203.982, 165.557, 188.25, 129.374, 113.297, 175.741, 257.841, 137.153, 189.065, 177.277, 153.351, 131.678, 129.993, 125.914, 170.422, 320.439, 264.755, 244.438, 155.425, 247.818, 182.965, 167.544, 120.303, 292.319, 123.095, 119.143, 204.668, 188.622, 178.329, 132.453, 178.188, 147.571, 214.227, 173.777, 116.264, 146.942, 218.681, 269.251, 189.64, 123.442, 182.189, 126.777, 163.442, 225.241, 126.391, 234.977, 210.691, 176.46, 133.102, 180.451, 144.005, 168.486, 189.651, 130.541, 297.629, 261.173, 172.399, 259.413, 190.478, 150.287, 127.719, 170.795, 211.707, 166.896, 177.079, 254.884, 142.414, 146.226, 222.513, 117.882, 161.709, 176.042, 143.737, 159.859, 239.873, 175.835, 182.449, 268.453, 214.036, 217.735, 165.068, 119.898, 122.647, 244.436, 146.527, 198.77, 277.368, 204.123, 237.129, 220.39, 244.417, 298.365, 177.307, 245.314, 188.274, 178.772, 137.547, 192.385, 132.8, 127.833, 134.237, 136.146, 162.636, 185.553, 190.653, 241.362, 119.591, 216.807, 282.843, 270.961, 290.915, 236.207, 226.524, 164.23, 162.569, 277.765, 151.116, 132.647];
HighestPossibleCritFunctionValue = 1.1;
