NumDevices = 64;
NumSlotes = 512;


GivenBandwidthOld = [0.0165873, 0.0131821, 0.0186445, 0.0123795, 0.0173838, 0.0125447, 0.0194967, 0.0112026, 0.0117721, 0.00907249, 0.0113387, 0.0114657, 0.00956658, 0.0155175, 0.0193531, 0.00924321, 0.0180744, 0.0184087, 0.0123586, 0.0163265, 0.0163369, 0.0169009, 0.00774694, 0.00774134, 0.0137613, 0.0165591, 0.0133995, 0.0102841, 0.0122013, 0.010422, 0.0177899, 0.0129117, 0.0117584, 0.0151273, 0.011743, 0.00752019, 0.0092734, 0.0130487, 0.0140524, 0.00791826, 0.0122206, 0.00893829, 0.0183771, 0.0184337, 0.0196666, 0.01709, 0.0119405, 0.0142073, 0.0114152, 0.00978782, 0.00888399, 0.0182448, 0.00846785, 0.0116609, 0.0153383, 0.00850301, 0.0151485, 0.0178348, 0.0170545, 0.0144378, 0.0114348, 0.0147682, 0.013963, 0.0190376];
GivenLatency = [199.208, 242.548, 150.803, 257.886, 138.478, 255.996, 156.566, 260.904, 231.02, 259.241, 223.887, 223.109, 268.401, 183.581, 141.302, 314.162, 155.513, 126.62, 257.207, 137.208, 136.806, 191.11, 393.099, 392.473, 197.789, 146.565, 245.57, 262.39, 199.133, 237.378, 154.589, 227.495, 214.91, 151.313, 273.098, 403.497, 256.347, 194.598, 160.847, 285.243, 241.154, 370.32, 134.019, 170.451, 134.804, 148.31, 218.901, 186.632, 253.611, 283.119, 273.295, 136.407, 273.295, 228.805, 194.417, 382.475, 165.592, 151.836, 138.408, 154.595, 199.477, 214.689, 188.122, 172.572];
HighestPossibleCritFunctionValue = 1.1;
