NumDevices = 16;
NumSlotes = 128;


GivenBandwidthOld = [0.0358604, 0.0452193, 0.0613506, 0.0592388, 0.0465847, 0.0492999, 0.0433702, 0.0622841, 0.0696469, 0.0552914, 0.0630025, 0.063686, 0.0310649, 0.0479003, 0.0409854, 0.0612398];
GivenLatency = [28.5576, 20.2133, 13.6127, 14.1586, 20.9162, 16.9312, 23.3143, 13.5842, 12.2981, 14.168, 15.5329, 16.3021, 34.2816, 16.2566, 26.4671, 14.6634];
HighestPossibleCritFunctionValue = 1.1;
