NumDevices = 16;
NumSlotes = 128;


GivenBandwidthOld = [0.0612217, 0.0736528, 0.0533927, 0.0404604, 0.0381694, 0.033832, 0.0351242, 0.0521562, 0.0597364, 0.0604506, 0.0636189, 0.063421, 0.0374403, 0.0789215, 0.0539824, 0.0529038];
GivenLatency = [22.6899, 23.0693, 32.4579, 38.0451, 37.6658, 48.8709, 46.9655, 30.8638, 28.6048, 27.7547, 26.3399, 21.6708, 51.6098, 17.2577, 29.4079, 35.4044];
HighestPossibleCritFunctionValue = 1.1;
