NumDevices = 16;
NumSlotes = 128;


GivenBandwidthOld = [0.026975, 0.0336277, 0.0209935, 0.0270083, 0.0179777, 0.0168467, 0.0327151, 0.0335075, 0.026347, 0.0293401, 0.0337001, 0.0117467, 0.017518, 0.014871, 0.0264623, 0.0166735];
GivenLatency = [15.8823, 14.0964, 24.0801, 12.7798, 30.2113, 20.2037, 14.9229, 11.8595, 16.2805, 20.6849, 15.4206, 34.9553, 24.9472, 25.518, 16.0465, 18.3079];
HighestPossibleCritFunctionValue = 1.1;
