NumDevices = 128;
NumSlotes = 1024;


GivenBandwidthOld = [0.00717925, 0.00412809, 0.0083031, 0.0076348, 0.00556641, 0.00709436, 0.00737706, 0.0037557, 0.00459598, 0.0071917, 0.0083305, 0.00822986, 0.00669749, 0.00727853, 0.00775948, 0.00605404, 0.00775242, 0.00736132, 0.00419957, 0.00472427, 0.00825461, 0.00765732, 0.00406935, 0.00600419, 0.00488382, 0.00493385, 0.00577067, 0.00521967, 0.00452307, 0.00667669, 0.00771069, 0.00615233, 0.00465212, 0.0057365, 0.00592308, 0.00674815, 0.00859365, 0.00591844, 0.00376503, 0.00634192, 0.00614729, 0.00505302, 0.00867326, 0.00397084, 0.00544037, 0.00380468, 0.00768863, 0.00522128, 0.00657926, 0.00504488, 0.00686782, 0.00488414, 0.00529406, 0.0046864, 0.00674879, 0.00441192, 0.00862993, 0.00566782, 0.00653953, 0.00730806, 0.0040519, 0.00774058, 0.008486, 0.00667271, 0.00577434, 0.00685781, 0.00668115, 0.00751271, 0.00855468, 0.00608401, 0.00651589, 0.00502042, 0.00577372, 0.00645159, 0.00443421, 0.00823013, 0.00628652, 0.0051183, 0.00571817, 0.00785214, 0.00848591, 0.00517502, 0.00404551, 0.00544533, 0.00709865, 0.00451032, 0.00742999, 0.00839103, 0.00556934, 0.00646372, 0.00826769, 0.00757653, 0.00632017, 0.00554667, 0.00539459, 0.00443251, 0.00464068, 0.00835026, 0.0053225, 0.00783901, 0.00778073, 0.00824182, 0.00783855, 0.00499506, 0.00445018, 0.00666403, 0.00484382, 0.0076024, 0.00606547, 0.00485961, 0.00798206, 0.00700094, 0.00736673, 0.00511537, 0.00659401, 0.00804042, 0.00777982, 0.00795947, 0.00728809, 0.00837254, 0.00480383, 0.00539872, 0.00871466, 0.00475643, 0.00390446, 0.00475034, 0.00653148, 0.00708178];
GivenLatency = [155.435, 291.137, 116.264, 157.585, 207.574, 154.083, 158.914, 276.166, 208.469, 155.446, 144.753, 146.704, 192.897, 155.107, 144.914, 202.881, 155.714, 132.456, 263.223, 267.8, 140.495, 146.333, 251.286, 160.566, 263.615, 196.084, 193.854, 215.659, 244.713, 188.861, 159.71, 155.708, 244.683, 217.974, 211.603, 157.595, 139.409, 177.46, 266.134, 153.594, 207.552, 204.68, 119.365, 248.181, 196.716, 339.354, 125.467, 217.69, 148.808, 223.972, 173.294, 223.191, 195.46, 244.006, 156.584, 277.098, 120.721, 188.559, 191.315, 164.061, 260.517, 127.271, 139.935, 165.003, 187.56, 146.513, 154.842, 143.887, 115.367, 168.014, 194.872, 234.886, 174.883, 160.54, 258.489, 122.651, 157.434, 208.761, 180.613, 130.628, 145.061, 245.193, 284.142, 237.555, 156.726, 224.307, 139.121, 132.688, 188.561, 160.617, 143.685, 154.32, 166.265, 194.456, 203.922, 272.087, 236.554, 124.118, 211.43, 154.622, 122.739, 138.579, 138.369, 193.78, 231.895, 147.611, 238.34, 167.938, 197.061, 216.147, 150.943, 145.249, 149.92, 210.694, 194.9, 137.744, 144.651, 152.453, 163.897, 152.81, 199.755, 187.5, 115.443, 205.603, 249.005, 247.639, 172.886, 140.701];
HighestPossibleCritFunctionValue = 1.1;
