NumDevices = 64;
NumSlotes = 512;


GivenBandwidthOld = [0.0141501, 0.0163337, 0.0157412, 0.0166562, 0.0161389, 0.0121213, 0.00803222, 0.012599, 0.0171933, 0.012409, 0.0133536, 0.00842828, 0.00912286, 0.012869, 0.0148537, 0.0110188, 0.00761568, 0.0117288, 0.0116611, 0.0132092, 0.0116945, 0.0137928, 0.0098762, 0.0142325, 0.0105465, 0.0108409, 0.00842363, 0.0109706, 0.00808571, 0.0114515, 0.0108774, 0.011847, 0.00784438, 0.0154143, 0.0130741, 0.0108169, 0.0148602, 0.0101709, 0.017001, 0.010032, 0.0120425, 0.0133669, 0.011968, 0.0114122, 0.00921159, 0.0142087, 0.0113053, 0.0131001, 0.00793411, 0.0136729, 0.0152853, 0.0153716, 0.0158608, 0.00767342, 0.012215, 0.0123048, 0.0123765, 0.0166317, 0.0147154, 0.0166056, 0.0149663, 0.0142655, 0.0148942, 0.0110284];
GivenLatency = [80.4941, 61.8996, 69.9944, 58.8514, 58.19, 98.0104, 134.265, 79.165, 60.5556, 86.1535, 76.2994, 141.982, 107.865, 83.1052, 63.3118, 98.1025, 149.693, 78.0898, 86.4548, 85.048, 102.464, 89.4565, 103.593, 70.2212, 86.2654, 87.6573, 125.732, 93.382, 144.417, 96.1588, 90.3325, 85.5142, 118.601, 67.1901, 89.8516, 86.9035, 63.4437, 101.633, 68.0515, 90.6502, 97.3407, 75.9959, 80.0742, 86.7711, 114.088, 71.3768, 88.0291, 89.7528, 128.463, 90.0616, 61.7034, 75.1737, 62.9634, 141.395, 89.866, 78.7198, 77.3728, 55.0379, 65.021, 62.6466, 75.2835, 65.1787, 81.6382, 88.4881];
HighestPossibleCritFunctionValue = 1.1;
