NumDevices = 64;
NumSlotes = 512;


GivenBandwidthOld = [0.00614714, 0.00629947, 0.00387905, 0.00527334, 0.00774629, 0.00822502, 0.00413191, 0.00498661, 0.00749214, 0.00536586, 0.00654407, 0.00861333, 0.00548934, 0.00675924, 0.00631278, 0.00270314, 0.00415933, 0.00336922, 0.00523598, 0.00493408, 0.00580564, 0.00419593, 0.00597997, 0.00290687, 0.00327013, 0.00864662, 0.00250181, 0.00784371, 0.00805263, 0.00683975, 0.00315961, 0.00726576, 0.0068983, 0.00601958, 0.00612958, 0.00483627, 0.00576051, 0.00819841, 0.00695885, 0.00488048, 0.00496188, 0.0042735, 0.00349083, 0.00541637, 0.00548399, 0.00436224, 0.00737461, 0.00509014, 0.00381775, 0.00620423, 0.00321417, 0.00547828, 0.00840019, 0.00447752, 0.00738272, 0.00380644, 0.0035686, 0.0062709, 0.00504714, 0.0060324, 0.0027594, 0.00602575, 0.00352106, 0.00714954];
GivenLatency = [89.106, 88.4644, 110.997, 73.6735, 64.0645, 44.3225, 122.956, 72.1262, 45.6173, 118.689, 66.2596, 54.1478, 72.1886, 49.9179, 86.7999, 152.976, 132.746, 107.466, 68.1053, 105.857, 83.6419, 112.945, 78.0878, 126.802, 110.4, 47.5731, 202.251, 49.9841, 51.6359, 59.0188, 192.243, 74.6055, 67.6926, 63.3047, 51.1086, 95.3429, 64.215, 53.3618, 65.0215, 78.8549, 62.2586, 120.716, 159.874, 75.7192, 59.1884, 108.402, 42.1922, 72.449, 95.6626, 99.9452, 119.291, 66.7919, 68.9402, 84.7375, 81.4746, 154.103, 151.534, 83.497, 82.371, 76.9681, 228.498, 59.3829, 172.066, 83.9998];
HighestPossibleCritFunctionValue = 1.1;
