NumDevices = 32;
NumSlotes = 256;


GivenBandwidthOld = [0.0123997, 0.0100971, 0.0101241, 0.0129702, 0.0107084, 0.00917409, 0.00891426, 0.0170389, 0.00565757, 0.00683507, 0.00955081, 0.0154756, 0.00525967, 0.00677278, 0.0126341, 0.0117177, 0.00891602, 0.00899004, 0.0155755, 0.00938782, 0.0136629, 0.0143879, 0.0123628, 0.0136039, 0.0104927, 0.00904886, 0.0167017, 0.0137765, 0.0118471, 0.00892058, 0.0106755, 0.00636192];
GivenLatency = [42.9886, 32.686, 31.0943, 28.0954, 39.7895, 37.8513, 68.9484, 20.1418, 63.6083, 64.0766, 44.611, 28.2014, 58.7698, 76.5191, 35.7555, 41.0501, 35.1565, 34.8528, 23.774, 56.3813, 25.992, 40.0155, 31.8701, 43.9877, 33.2361, 62.3788, 20.4082, 36.51, 31.1104, 43.226, 40.0802, 61.6007];
HighestPossibleCritFunctionValue = 1.1;
