NumDevices = 16;
NumSlotes = 128;


GivenBandwidthOld = [0.0147729, 0.0289448, 0.0159097, 0.0339778, 0.0298465, 0.0204045, 0.0285762, 0.0209841, 0.0192891, 0.0322982, 0.0256024, 0.0141278, 0.0116282, 0.0256104, 0.0232969, 0.0152379];
GivenLatency = [30.9039, 11.8357, 23.6141, 9.92766, 12.9391, 26.2178, 15.8416, 17.3527, 25.1029, 10.9871, 12.5886, 32.5147, 28.0881, 21.6326, 20.978, 23.2608];
HighestPossibleCritFunctionValue = 1.1;
