NumDevices = 16;
NumSlotes = 128;


GivenBandwidthOld = [0.0123987, 0.0244772, 0.0285755, 0.0328041, 0.028077, 0.0301553, 0.0108477, 0.0324617, 0.0234105, 0.0251244, 0.0311704, 0.0211257, 0.0241984, 0.0175648, 0.0274009, 0.0177018];
GivenLatency = [28.2353, 13.105, 12.53, 10.858, 12.6222, 19.5579, 45.8157, 11.3424, 17.8391, 16.4242, 16.5689, 24.1311, 26.1449, 17.8714, 18.1659, 20.1088];
HighestPossibleCritFunctionValue = 1.1;
