NumDevices = 128;
NumSlotes = 1024;


GivenBandwidthOld = [0.00472682, 0.00608746, 0.00450267, 0.00388113, 0.00772469, 0.00636978, 0.00447512, 0.00578031, 0.00713997, 0.00402961, 0.00807996, 0.00739557, 0.00482085, 0.00658521, 0.00509449, 0.0055709, 0.00763925, 0.00534627, 0.00724478, 0.00544589, 0.00655521, 0.00596204, 0.00656277, 0.00805218, 0.00555847, 0.00375377, 0.00704224, 0.0064196, 0.00677086, 0.00529937, 0.00403731, 0.00763779, 0.00591356, 0.00665855, 0.00774882, 0.00693412, 0.00422576, 0.00492173, 0.00705228, 0.00513644, 0.00566569, 0.00569851, 0.0073765, 0.0043668, 0.00528844, 0.00526692, 0.00869974, 0.0040135, 0.00730962, 0.00520469, 0.00770189, 0.00812078, 0.0084198, 0.00409406, 0.00634882, 0.0071468, 0.00382221, 0.00740684, 0.00423241, 0.00664558, 0.00475474, 0.00534842, 0.00848044, 0.00817041, 0.00763868, 0.00584709, 0.00456979, 0.00704213, 0.00454409, 0.00505531, 0.00703996, 0.0081197, 0.00529702, 0.00453415, 0.00788672, 0.00460807, 0.00534342, 0.00442018, 0.00748388, 0.00411288, 0.0076009, 0.00580512, 0.00415229, 0.00502217, 0.0051284, 0.00549509, 0.00854038, 0.00562594, 0.00767458, 0.00409683, 0.00784199, 0.00790029, 0.00768714, 0.00520754, 0.00562764, 0.0062087, 0.00706093, 0.00550816, 0.00812302, 0.00609418, 0.00741018, 0.00535867, 0.0056856, 0.00543049, 0.007664, 0.00642983, 0.00864802, 0.00481074, 0.00664358, 0.0061935, 0.00671687, 0.00784766, 0.00820845, 0.00685203, 0.0045903, 0.00667043, 0.00739164, 0.00871417, 0.00661161, 0.00384372, 0.00384759, 0.00392569, 0.00654548, 0.00736678, 0.00599651, 0.00577589, 0.00786562, 0.00490492];
GivenLatency = [259.487, 212.443, 266.335, 311.132, 165.303, 173.97, 244.238, 177.58, 178.85, 320.367, 137.613, 139.581, 228.488, 178.421, 209.976, 201.75, 167.035, 214.962, 143.705, 194.826, 163.386, 212.648, 145.838, 145.055, 199.478, 329.811, 140.8, 164.996, 159.027, 225.451, 278.291, 159.612, 182.462, 149.509, 159.296, 165.884, 258.759, 221.41, 152.677, 196.416, 204.926, 175.646, 149.107, 264.856, 194.814, 192.357, 116.586, 290.117, 145.097, 188.431, 143.296, 144.581, 126.051, 293.096, 172.406, 163.09, 329.033, 158.39, 241.903, 162.233, 222.147, 232.356, 137.982, 125.465, 159.526, 204.45, 233.781, 160.652, 231.66, 215.259, 153.692, 132.884, 183.671, 210.125, 138.891, 258.916, 190.06, 244.517, 132.674, 243.458, 166.944, 189.777, 239.185, 195.42, 214.856, 209.896, 123.462, 207.645, 147.601, 306.736, 126.985, 157.618, 127.73, 201.593, 213.108, 157.567, 168.39, 182.62, 130.517, 208.871, 175.08, 225.33, 222.409, 179.196, 132.451, 157.646, 146.469, 208.596, 178.571, 198.192, 144.564, 154.495, 120.449, 184.918, 276.483, 162.669, 139.642, 136.848, 161.762, 256.01, 259.75, 306.108, 173.457, 146.672, 167.918, 219.525, 126.357, 203.445];
HighestPossibleCritFunctionValue = 1.1;
