NumDevices = 16;
NumSlotes = 128;


GivenBandwidthOld = [0.0778786, 0.0757214, 0.070337, 0.0745482, 0.0512041, 0.0572958, 0.0403687, 0.0466396, 0.042122, 0.0638919, 0.0514743, 0.0481372, 0.0625124, 0.0666849, 0.0437686, 0.0396738];
GivenLatency = [18.6397, 18.0584, 21.8979, 18.0092, 29.5457, 26.2498, 40.5455, 33.2789, 34.1929, 26.8324, 33.4771, 37.104, 22.5108, 27.8816, 45.0933, 42.4252];
HighestPossibleCritFunctionValue = 1.1;
