NumDevices = 16;
NumSlotes = 128;


GivenBandwidthOld = [0.022936, 0.024611, 0.0267253, 0.0116576, 0.0187047, 0.034697, 0.0179687, 0.0148778, 0.016137, 0.0293836, 0.0144779, 0.0198693, 0.0327516, 0.0205592, 0.027935, 0.0179458];
GivenLatency = [14.527, 17.3698, 13.3864, 27.9137, 33.7839, 8.68941, 17.2088, 23.8509, 36.3205, 11.2184, 21.5707, 16.4753, 12.8397, 26.2926, 14.3997, 32.0796];
HighestPossibleCritFunctionValue = 1.1;
