NumDevices = 64;
NumSlotes = 512;


GivenBandwidthOld = [0.00612977, 0.00804934, 0.00777732, 0.00474091, 0.00290395, 0.00414, 0.00353733, 0.00564666, 0.00715744, 0.00506019, 0.00656058, 0.00499326, 0.00676981, 0.00271946, 0.00343165, 0.00454436, 0.00581791, 0.00416323, 0.00634242, 0.00712659, 0.00529557, 0.00631397, 0.00381333, 0.00695052, 0.00868482, 0.00706075, 0.00507574, 0.00538687, 0.00336403, 0.0055855, 0.00421632, 0.00496287, 0.00851846, 0.00473757, 0.00300601, 0.00699031, 0.00858484, 0.00787021, 0.0034428, 0.00431563, 0.00532494, 0.00624151, 0.00474506, 0.0039454, 0.00782733, 0.00760787, 0.00673183, 0.00817788, 0.00563029, 0.00699956, 0.00788432, 0.00298645, 0.00325169, 0.00487012, 0.00580687, 0.00601774, 0.00634455, 0.00538639, 0.00785815, 0.00689934, 0.00469705, 0.00329355, 0.00843254, 0.0044249];
GivenLatency = [80.3374, 39.8006, 52.6442, 78.5873, 159.285, 107.741, 132.013, 95.8192, 68.5285, 105.059, 51.5725, 66.8969, 92.1024, 123.934, 116.033, 84.2738, 105.294, 97.9419, 49.0413, 44.5668, 72.069, 60.0222, 170.21, 56.3044, 43.6172, 50.2894, 73.5382, 72.0355, 131.174, 94.1929, 112.502, 104.717, 51.2339, 77.6705, 138.07, 64.0694, 47.8534, 55.8743, 148.039, 84.7636, 101.884, 54.0006, 82.4718, 115.526, 58.8503, 65.636, 61.5934, 49.949, 105.317, 51.9213, 60.1082, 171.614, 99.6001, 128.546, 103.237, 70.1001, 86.6295, 78.3181, 46.2488, 89.3665, 91.5057, 95.0527, 39.3438, 122.246];
HighestPossibleCritFunctionValue = 1.1;
