NumDevices = 16;
NumSlotes = 128;


GivenBandwidthOld = [0.0361955, 0.0384728, 0.0316089, 0.0304251, 0.0547764, 0.046881, 0.0687209, 0.0521623, 0.0322984, 0.0584414, 0.0444605, 0.0674589, 0.0409457, 0.0346122, 0.0676828, 0.0442043];
GivenLatency = [26.9764, 25.9112, 28.8285, 28.6099, 15.5443, 16.8333, 13.5, 15.3147, 27.76, 16.8887, 22.2486, 14.7771, 21.1902, 28.9683, 14.1202, 18.7435];
HighestPossibleCritFunctionValue = 1.1;
