NumDevices = 64;
NumSlotes = 512;


GivenBandwidthOld = [0.0115853, 0.00967451, 0.0145333, 0.0158102, 0.00761514, 0.0127094, 0.0122525, 0.0134117, 0.0149364, 0.0115177, 0.0125515, 0.00813498, 0.00969224, 0.012491, 0.0109426, 0.00783643, 0.0118819, 0.0137481, 0.00859437, 0.0105203, 0.0101536, 0.0160181, 0.0113763, 0.0172844, 0.013192, 0.0126345, 0.0126563, 0.00978966, 0.00980852, 0.0167956, 0.00816757, 0.0173935, 0.0168427, 0.00990993, 0.0112166, 0.0129622, 0.0104253, 0.0123449, 0.0152811, 0.0151646, 0.0156093, 0.00968225, 0.0145146, 0.0111803, 0.0114788, 0.00913842, 0.0144635, 0.0138533, 0.00756787, 0.00819919, 0.00877521, 0.00991392, 0.00821544, 0.0119283, 0.0131267, 0.0155967, 0.00913209, 0.00812299, 0.00810305, 0.0129207, 0.0132912, 0.00991989, 0.00853846, 0.010904];
GivenLatency = [106.09, 105.18, 69.3333, 59.6825, 132.98, 85.8268, 78.6899, 72.8951, 66.4178, 81.3328, 85.1291, 143.933, 95.9031, 76.4044, 96.0946, 139.687, 86.0567, 88.7055, 110.38, 94.8462, 104.883, 64.1976, 90.7083, 66.7627, 79.1379, 89.3664, 94.7552, 106.156, 98.1278, 71.9704, 142.595, 62.7187, 57.8906, 116.57, 81.7571, 72.6165, 107.601, 94.0625, 62.6443, 81.8684, 59.3065, 114.267, 68.1993, 101.454, 88.4529, 109.326, 85.4592, 87.2224, 162.436, 117.925, 131.051, 119.218, 118.828, 103.801, 85.5269, 68.3626, 111.124, 152.72, 120.288, 70.4716, 73.7894, 109.554, 112.002, 96.9985];
HighestPossibleCritFunctionValue = 1.1;
