NumDevices = 32;
NumSlotes = 256;


GivenBandwidthOld = [0.0193293, 0.0282463, 0.0208925, 0.0260414, 0.0372749, 0.015018, 0.0179652, 0.0262977, 0.0203966, 0.0399931, 0.0242932, 0.0307441, 0.0259055, 0.0282534, 0.0392895, 0.0231235, 0.0218088, 0.0262813, 0.0190944, 0.0299205, 0.0339984, 0.0214867, 0.0363559, 0.0181392, 0.0261586, 0.0331592, 0.0164972, 0.028283, 0.0367507, 0.029321, 0.0334193, 0.0376966];
GivenLatency = [104.655, 65.5475, 112.245, 72.2974, 47.6594, 128.19, 96.7604, 72.5869, 98.8149, 46.1765, 84.5048, 54.9808, 64.5086, 72.1171, 58.8421, 94.5337, 103.629, 93.4598, 91.5179, 75.2816, 72.0397, 85.7661, 65.1191, 97.6744, 68.0608, 57.332, 109.035, 62.613, 49.4787, 75.9967, 58.1946, 50.6879];
HighestPossibleCritFunctionValue = 1.1;
