NumDevices = 128;
NumSlotes = 1024;


GivenBandwidthOld = [0.00135871, 0.00331324, 0.00308696, 0.00321337, 0.00269483, 0.00322503, 0.00184032, 0.0040057, 0.00378961, 0.00330722, 0.00192762, 0.00248461, 0.00138306, 0.00325236, 0.00180151, 0.00174077, 0.00282997, 0.00260257, 0.0026988, 0.00431777, 0.00195557, 0.00353102, 0.0038936, 0.00415476, 0.00276428, 0.00173863, 0.00426738, 0.00179681, 0.00400752, 0.00315708, 0.00355505, 0.00154978, 0.00211587, 0.00384785, 0.00393245, 0.00397856, 0.00391028, 0.00318083, 0.00279304, 0.00383081, 0.00198741, 0.0043208, 0.0027605, 0.00377986, 0.00181516, 0.0031027, 0.00211574, 0.00166517, 0.00406256, 0.00322427, 0.00149661, 0.00230791, 0.00343796, 0.00242541, 0.00322869, 0.00391941, 0.00359548, 0.00296922, 0.0024567, 0.00412974, 0.00413626, 0.00125843, 0.00229989, 0.00305041, 0.00144371, 0.00372561, 0.00259844, 0.00205571, 0.00215387, 0.00194593, 0.00398756, 0.00197554, 0.00173224, 0.00314627, 0.00306166, 0.0029878, 0.00213298, 0.0040748, 0.00268791, 0.00261634, 0.00283888, 0.00239412, 0.00235613, 0.00133233, 0.00368316, 0.00153669, 0.00396871, 0.00396406, 0.00394372, 0.00266027, 0.00373256, 0.00368828, 0.00337873, 0.0038389, 0.00345456, 0.00324326, 0.00204524, 0.00426996, 0.00151554, 0.00171931, 0.00151228, 0.00320214, 0.00154186, 0.00341862, 0.00236494, 0.00253884, 0.00336983, 0.00427461, 0.00145075, 0.00336825, 0.00274586, 0.00149295, 0.00321781, 0.00234306, 0.00349206, 0.00234988, 0.00259665, 0.00309372, 0.00429663, 0.00288826, 0.00423298, 0.00184835, 0.00144074, 0.00394638, 0.00369885, 0.00280915, 0.00279728, 0.00319573];
GivenLatency = [289.237, 154.929, 105.322, 112.42, 243.557, 102.059, 271.589, 100.589, 127.995, 118.108, 237.006, 171.256, 238.885, 154.206, 190.297, 240.243, 199.315, 134.767, 154.254, 83.426, 221.643, 112.653, 98.658, 152.697, 139.739, 227.907, 146.465, 189.819, 107.901, 156.123, 117.42, 271.218, 193.476, 96.5449, 108.887, 124.302, 86.8182, 137.408, 126.074, 133.882, 186.294, 131.348, 181.419, 94.8683, 254.957, 112.22, 151.732, 206.888, 77.4525, 114.74, 278.519, 138.676, 106.291, 162.188, 127.346, 130.908, 94.4278, 112.817, 139.888, 136.394, 106.687, 462.902, 206.438, 127.632, 283.72, 123.265, 126.488, 166.015, 189.902, 250.806, 83.934, 234.716, 214.691, 201.511, 104.961, 115.699, 158.128, 102.736, 219.967, 251.04, 185.354, 138.867, 159.653, 493.699, 88.3736, 408.356, 139.447, 105.105, 80.4665, 239.919, 165.847, 109.16, 100.145, 170.491, 94.9381, 195.447, 154.648, 117.783, 283.484, 340.824, 393.897, 190.084, 253.058, 121.584, 188.567, 250.166, 189.03, 81.8664, 330.959, 110.189, 159.887, 242.407, 199.232, 167.618, 121.034, 221.968, 164.56, 104.74, 133.058, 135.177, 116.766, 170.575, 287.677, 79.6575, 99.3011, 130.645, 123.635, 112.331];
HighestPossibleCritFunctionValue = 1.1;
