NumDevices = 32;
NumSlotes = 256;


GivenBandwidthOld = [0.0323025, 0.0183628, 0.0329251, 0.0220777, 0.0306231, 0.0320688, 0.0304754, 0.029334, 0.0257098, 0.0153505, 0.0261752, 0.0162047, 0.0222698, 0.0184413, 0.0326183, 0.0254366, 0.0227869, 0.0302509, 0.0172666, 0.0294963, 0.0338175, 0.0207422, 0.0235564, 0.0221944, 0.031809, 0.023894, 0.0160119, 0.0224232, 0.0174652, 0.0278374, 0.0325958, 0.0282787];
GivenLatency = [27.8437, 48.1372, 29.7837, 44.418, 31.2633, 28.1904, 32.1229, 36.3211, 38.435, 62.8384, 42.1458, 52.2197, 44.0786, 62.058, 27.2671, 44.8643, 39.8944, 36.7631, 49.5949, 36.1296, 34.1997, 55.0268, 48.9049, 48.8463, 34.3731, 47.3968, 54.5526, 39.8419, 53.9185, 30.0555, 30.4009, 30.1197];
HighestPossibleCritFunctionValue = 1.1;
