NumDevices = 128;
NumSlotes = 1024;


GivenBandwidthOld = [0.00714053, 0.00722039, 0.00556862, 0.00678912, 0.00722868, 0.00738239, 0.00965807, 0.00699174, 0.00647133, 0.00991558, 0.00992293, 0.00835255, 0.00873724, 0.00555104, 0.00516505, 0.00518648, 0.00914556, 0.00574385, 0.00820068, 0.00632153, 0.00464158, 0.00725878, 0.00711631, 0.00639632, 0.00543537, 0.00479752, 0.00948599, 0.00847759, 0.00402421, 0.00610592, 0.00586606, 0.00580994, 0.00646425, 0.00966764, 0.00531077, 0.00430243, 0.00726044, 0.0099778, 0.00559522, 0.00385212, 0.00758466, 0.00921281, 0.00473295, 0.0055057, 0.00555473, 0.00460601, 0.00953485, 0.00468501, 0.00598139, 0.00664466, 0.00428731, 0.00925812, 0.00993106, 0.00759507, 0.00901012, 0.00438057, 0.00798627, 0.00892773, 0.00702307, 0.00795447, 0.00575542, 0.00885671, 0.00728678, 0.00889424, 0.00670449, 0.00994773, 0.00646481, 0.00657156, 0.00700644, 0.00979492, 0.00692614, 0.0039413, 0.00636104, 0.00619282, 0.00396393, 0.00554605, 0.00875756, 0.00961757, 0.00753565, 0.00409824, 0.00655248, 0.005015, 0.00843057, 0.00752115, 0.00418729, 0.00952233, 0.00672484, 0.00819554, 0.00738965, 0.00655911, 0.00390219, 0.00537064, 0.00442569, 0.0038433, 0.00934555, 0.00443393, 0.00474286, 0.00945663, 0.00880029, 0.00901326, 0.00709122, 0.00956152, 0.00924524, 0.00602814, 0.00487824, 0.00974383, 0.00464095, 0.00914779, 0.00568315, 0.00670049, 0.00508651, 0.00397704, 0.00712116, 0.00663692, 0.00549108, 0.00978888, 0.00548774, 0.00994328, 0.006747, 0.00560138, 0.00744331, 0.00851764, 0.00848832, 0.00939287, 0.00589435, 0.00641283, 0.00787904, 0.00672864];
GivenLatency = [478.571, 502.577, 701.249, 517.597, 596.358, 566.82, 511.47, 559.862, 698.368, 359.646, 348.393, 541.198, 465.332, 773.216, 779.551, 686.353, 375.774, 597.305, 571.5, 730.432, 743.578, 540.748, 562.505, 659.592, 649.841, 949.478, 380.155, 464.49, 936.034, 574.363, 843.318, 700.096, 757.14, 389.752, 690.43, 862.133, 487.934, 424.556, 760.544, 992.198, 505.855, 448.476, 730.556, 692.32, 856.595, 863.036, 504.97, 749.924, 600.314, 524.261, 798.729, 487.831, 436.807, 637.042, 388.751, 1133.67, 571.855, 539.484, 547.083, 577.065, 663.408, 509.562, 465.37, 395.163, 585.377, 467.081, 724.41, 733.953, 706.326, 402.302, 523.647, 1045.77, 553.372, 560.882, 1151.85, 845.117, 505.358, 366.244, 462.739, 981.522, 641.446, 798.394, 572.765, 588.607, 876.126, 475.825, 562.948, 465.611, 597.31, 649.649, 952.12, 709.392, 1063.81, 1157.65, 476.917, 818.619, 988.944, 405.417, 532.355, 372.547, 537.038, 495.258, 514.876, 615.604, 858.044, 344.354, 852.908, 506.104, 771.22, 660.398, 961.586, 1087.78, 519.793, 596.139, 838.134, 503.548, 611.06, 449.234, 738.662, 693.747, 479.589, 579.371, 452.99, 360.583, 704.357, 530.94, 560.256, 693.448];
HighestPossibleCritFunctionValue = 1.1;
