NumDevices = 128;
NumSlotes = 1024;


GivenBandwidthOld = [0.0015733, 0.00370972, 0.00432212, 0.00306961, 0.00216196, 0.00357486, 0.00329274, 0.00228905, 0.00213054, 0.00364438, 0.0029752, 0.00300977, 0.00270152, 0.00325949, 0.00286197, 0.00306668, 0.00288012, 0.00181276, 0.00325067, 0.00158163, 0.00302818, 0.00272824, 0.00225338, 0.00252057, 0.00266141, 0.00410896, 0.00170367, 0.00423658, 0.00291395, 0.00167301, 0.00147303, 0.00283953, 0.00394392, 0.00304354, 0.00156531, 0.00384403, 0.00215849, 0.00153766, 0.00152182, 0.00408054, 0.00226538, 0.00425008, 0.00178981, 0.00194432, 0.00201877, 0.0031806, 0.00204756, 0.0026398, 0.00334785, 0.00363962, 0.00417803, 0.00325775, 0.00181924, 0.00292488, 0.00407383, 0.00201032, 0.00175703, 0.00410381, 0.00277823, 0.00176173, 0.00182048, 0.00188042, 0.00299548, 0.00307954, 0.00340675, 0.00280842, 0.00300232, 0.00247717, 0.00129364, 0.00345519, 0.00137773, 0.00434176, 0.00203176, 0.0028148, 0.00396651, 0.00137967, 0.00242666, 0.00229414, 0.00324987, 0.00369694, 0.00203673, 0.0019612, 0.00436191, 0.00303453, 0.00328795, 0.00311856, 0.00302603, 0.00413823, 0.0031543, 0.0037244, 0.00416698, 0.0018582, 0.00143103, 0.00328067, 0.00258408, 0.00130597, 0.00436691, 0.00277671, 0.00137247, 0.00335358, 0.00300362, 0.0024936, 0.00244852, 0.0041871, 0.00261112, 0.0025603, 0.00160781, 0.00244999, 0.00379849, 0.00245505, 0.00135187, 0.00408642, 0.0041373, 0.00302776, 0.00185854, 0.00400539, 0.00176144, 0.00326984, 0.00179829, 0.00378837, 0.00433018, 0.00418811, 0.00398702, 0.00237876, 0.00360275, 0.0032489, 0.00304965, 0.00422529];
GivenLatency = [218.425, 124.286, 99.4929, 193.228, 226.77, 158.083, 151.565, 183.086, 187.21, 108.559, 158.314, 191.775, 121.195, 99.1064, 118.127, 184.409, 122.178, 197.287, 101.754, 234.679, 151.792, 195.783, 282.506, 133.959, 196.299, 80.1132, 217.731, 119.098, 119.346, 298.675, 281.159, 179.342, 91.9599, 143.24, 344.808, 160.135, 165.593, 246.292, 212.435, 83.6716, 149.701, 135.159, 299.725, 216.543, 168.089, 123.335, 244.446, 179.132, 99.4699, 141.776, 133.894, 96.3564, 208.923, 125.31, 79.5464, 284.73, 268.902, 77.2112, 155.252, 212.311, 255.866, 338.242, 134.005, 161.641, 144.746, 162.895, 115.287, 143.434, 276.92, 92.0555, 314.321, 118.898, 320.079, 226.154, 135.8, 349.473, 177.217, 152.111, 100.149, 154.056, 271.627, 172.41, 99.8763, 152.768, 98.219, 186.131, 137.188, 117.215, 184.762, 114.727, 82.2488, 239.896, 239.7, 114.407, 132.724, 248.97, 77.7047, 123.65, 317.133, 152.034, 190.096, 139.683, 199.245, 139.202, 136.391, 140.094, 366.662, 161.613, 84.6724, 168.74, 242.61, 137.788, 134.155, 108.005, 260.395, 116.949, 231.588, 192.935, 241.54, 96.1721, 114.119, 92.3135, 94.5965, 147.648, 102.003, 122.691, 161.532, 75.6984];
HighestPossibleCritFunctionValue = 1.1;
