NumDevices = 64;
NumSlotes = 512;


GivenBandwidthOld = [0.00445058, 0.00468008, 0.00564243, 0.00476555, 0.00452752, 0.0040417, 0.00757783, 0.00801255, 0.00824176, 0.00419415, 0.00729641, 0.00325645, 0.0036218, 0.00662049, 0.00556908, 0.00327527, 0.00746497, 0.00496424, 0.0064506, 0.00650483, 0.00535564, 0.00347498, 0.00777677, 0.00791906, 0.00571082, 0.00430834, 0.00771489, 0.00532956, 0.00272609, 0.0085999, 0.00477504, 0.00778108, 0.00533695, 0.00808562, 0.00507994, 0.00730121, 0.00262529, 0.00826213, 0.00287402, 0.00742926, 0.00488031, 0.0083714, 0.00802752, 0.00348421, 0.00658412, 0.00677476, 0.00461255, 0.00811921, 0.00712697, 0.00542846, 0.00860131, 0.00342892, 0.00854874, 0.00741488, 0.00696215, 0.00415055, 0.00574252, 0.00578902, 0.00606044, 0.00537939, 0.00272782, 0.00644355, 0.00670446, 0.00431074];
GivenLatency = [109.908, 108.112, 80.1055, 127.912, 90.2279, 131.989, 52.6006, 40.1781, 39.7543, 130.37, 48.5858, 167.014, 95.5533, 76.4108, 107.073, 117.19, 65.3442, 78.0959, 98.1079, 51.3781, 62.6593, 110.803, 55.1306, 60.3113, 62.3161, 100.275, 74.7739, 60.9526, 133.463, 36.9067, 76.1847, 52.0979, 108.908, 60.8656, 70.4743, 69.2608, 171.67, 51.4005, 120.389, 64.5977, 93.7567, 44.0071, 80.1581, 161.951, 56.7218, 76.0141, 77.9921, 39.6005, 56.51, 73.6898, 43.5659, 155.528, 55.5559, 60.5661, 72.002, 76.8266, 83.635, 58.4934, 83.9574, 111.866, 129.315, 50.1047, 82.9567, 96.5478];
HighestPossibleCritFunctionValue = 1.1;
