NumDevices = 16;
NumSlotes = 128;


GivenBandwidthOld = [0.047663, 0.0528132, 0.0510049, 0.0597164, 0.0330699, 0.0650247, 0.0505147, 0.0612368, 0.06697, 0.0653968, 0.0637086, 0.0512004, 0.0655928, 0.0377624, 0.0518355, 0.0590684];
GivenLatency = [17.2804, 14.9249, 20.4199, 18.5847, 28.4562, 15.3602, 18.2379, 13.208, 13.4831, 15.8085, 17.2615, 20.6831, 13.8415, 28.6727, 17.0204, 18.5702];
HighestPossibleCritFunctionValue = 1.1;
