NumDevices = 128;
NumSlotes = 1024;


GivenBandwidthOld = [0.00831775, 0.00513348, 0.00582968, 0.00686726, 0.00808833, 0.0056285, 0.00693693, 0.00401135, 0.00871185, 0.00376157, 0.00443969, 0.00782774, 0.00710554, 0.00664128, 0.00998053, 0.00784299, 0.00717804, 0.0063272, 0.00628348, 0.00887801, 0.00897602, 0.00624552, 0.00847775, 0.00681406, 0.00771683, 0.00555075, 0.00649916, 0.00883541, 0.00552509, 0.0064963, 0.00460948, 0.00520111, 0.00503605, 0.0058514, 0.009557, 0.00826289, 0.00808984, 0.00588517, 0.00832149, 0.00558674, 0.00501883, 0.0039826, 0.00685387, 0.00793484, 0.00715497, 0.00605496, 0.00579235, 0.00448481, 0.00998775, 0.00411977, 0.00605566, 0.005007, 0.00521244, 0.00795161, 0.00773693, 0.00579601, 0.00972258, 0.00997608, 0.00788853, 0.00383399, 0.00914814, 0.00532284, 0.00714084, 0.00614919, 0.00826726, 0.00652588, 0.0080041, 0.00862298, 0.00393866, 0.00575235, 0.00724029, 0.00883853, 0.00789583, 0.007721, 0.00679334, 0.00945763, 0.00696273, 0.00641866, 0.00588475, 0.00743067, 0.00843672, 0.00475033, 0.00998567, 0.00669666, 0.00945474, 0.00835311, 0.00564439, 0.00525606, 0.00984473, 0.00654536, 0.00412555, 0.00933034, 0.00494728, 0.00773249, 0.00618459, 0.00934421, 0.00692279, 0.00388649, 0.0039508, 0.00982615, 0.0068689, 0.0044281, 0.00674982, 0.0091814, 0.00803922, 0.00517615, 0.00427769, 0.00384091, 0.00669217, 0.00902341, 0.0089972, 0.00598854, 0.00816957, 0.00843382, 0.00601161, 0.00841001, 0.00580269, 0.00950819, 0.00663212, 0.00606153, 0.00990858, 0.00482043, 0.00692801, 0.00411608, 0.00639277, 0.00824023, 0.00853957, 0.00836628];
GivenLatency = [441.692, 871.584, 618.027, 568.958, 472.29, 614.009, 691.878, 1159.84, 451.544, 962.191, 887.307, 567.669, 640.464, 575.43, 480.649, 503.713, 519.311, 612.496, 615.295, 414.049, 404.267, 583.187, 413.551, 714.855, 476.615, 710.993, 586.01, 470.94, 809.723, 576.776, 831.029, 753.23, 683.425, 673.095, 516.941, 493.78, 571.56, 632.344, 490.925, 615.556, 789.422, 907.26, 513.292, 447.766, 608.203, 569.216, 758.694, 901.908, 451.272, 1073.99, 693.851, 900.611, 822.185, 503.175, 528.23, 758.81, 410.807, 403.768, 568.955, 891.262, 520.478, 777.846, 624.376, 555.182, 441.18, 731.401, 524.714, 391.275, 883.599, 755.636, 615.205, 474.136, 452.026, 644.766, 501.208, 424.84, 589.172, 700.061, 736.178, 570.583, 408.916, 960.285, 336.016, 685.362, 425.187, 559.828, 628.679, 737.177, 354.327, 549.669, 836.571, 451.361, 706.733, 552.82, 623.442, 403.498, 585.304, 873.882, 920.844, 398.377, 683.497, 867.414, 503.725, 413.241, 523.873, 929.676, 1044.88, 1128.78, 556.237, 421.358, 413.288, 808.273, 491.69, 427.628, 663.089, 459.787, 642.303, 475.282, 659.849, 673.176, 359.142, 886.215, 512.809, 1206.94, 596.318, 533.904, 552.284, 533.875];
HighestPossibleCritFunctionValue = 1.1;
