NumDevices = 32;
NumSlotes = 256;


GivenBandwidthOld = [0.0173669, 0.00624784, 0.014892, 0.0105831, 0.0153889, 0.0106333, 0.00933894, 0.0169991, 0.0108834, 0.0130887, 0.0138968, 0.00880504, 0.0062745, 0.0129851, 0.0112784, 0.0127973, 0.0164153, 0.0112607, 0.0164669, 0.0162775, 0.00777605, 0.0121231, 0.0104098, 0.0146822, 0.00829102, 0.0172201, 0.0139208, 0.01107, 0.0117975, 0.0128689, 0.00784779, 0.00538368];
GivenLatency = [18.7578, 49.4193, 24.7026, 33.8161, 30.4748, 39.9613, 44.3548, 31.0236, 52.1628, 30.4045, 25.0908, 43.4959, 58.777, 42.6282, 38.7533, 44.9312, 25.6648, 36.6984, 19.3943, 30.1509, 49.231, 38.3428, 30.0091, 29.0766, 49.3044, 27.6306, 34.4137, 37.3009, 30.3158, 26.0383, 44.2234, 61.9721];
HighestPossibleCritFunctionValue = 1.1;
