NumDevices = 64;
NumSlotes = 512;


GivenBandwidthOld = [0.0152276, 0.0149611, 0.0158721, 0.00765353, 0.00783798, 0.00791371, 0.0107928, 0.0103489, 0.00882963, 0.0145556, 0.0114949, 0.00976746, 0.0167397, 0.00851818, 0.0101042, 0.0157614, 0.0169439, 0.0118138, 0.00951244, 0.0106542, 0.0102855, 0.0137895, 0.015386, 0.0168517, 0.0116074, 0.00974892, 0.0151375, 0.0117213, 0.0151202, 0.0105355, 0.0143744, 0.0153752, 0.0168151, 0.0160596, 0.00825795, 0.0163003, 0.014107, 0.0108418, 0.0132407, 0.0122573, 0.0127498, 0.0116408, 0.0117943, 0.0119474, 0.0141231, 0.0124622, 0.0174085, 0.0094483, 0.0124984, 0.014829, 0.0155232, 0.0129888, 0.0172138, 0.0076639, 0.0121164, 0.0158492, 0.0132241, 0.0119381, 0.00827672, 0.0118023, 0.0161837, 0.0139578, 0.0138274, 0.0127412];
GivenLatency = [61.2866, 62.1703, 62.0529, 119.19, 150.546, 131.656, 111.243, 119.235, 103.601, 63.0592, 84.3547, 116.795, 64.2871, 118.221, 104.124, 76.3944, 70.6519, 83.1693, 98.9322, 90.6481, 101.87, 68.5632, 61.1889, 56.4818, 82.5632, 125.35, 81.1465, 86.9304, 72.337, 96.3993, 71.6416, 73.5339, 71.1226, 71.0397, 139.408, 65.475, 65.5044, 110.545, 78.8722, 79.945, 83.4974, 100.44, 95.3674, 103.856, 79.9477, 84.5809, 68.5018, 110.058, 91.9205, 64.1954, 70.8932, 94.5072, 64.3705, 160.092, 82.5405, 72.145, 76.5552, 103.043, 115.03, 97.9462, 58.7789, 82.8436, 83.1763, 86.0061];
HighestPossibleCritFunctionValue = 1.1;
