NumDevices = 64;
NumSlotes = 512;


GivenBandwidthOld = [0.0124505, 0.0108315, 0.0106237, 0.0171634, 0.0102164, 0.0123016, 0.00817638, 0.0153568, 0.0160655, 0.00767397, 0.0113617, 0.0118332, 0.0158726, 0.0156274, 0.0151134, 0.0163962, 0.0164798, 0.0102487, 0.0153966, 0.0159629, 0.0128117, 0.0109105, 0.00859669, 0.00960983, 0.0174748, 0.0148043, 0.0107388, 0.0112007, 0.0145544, 0.0112042, 0.0135825, 0.0168253, 0.00759966, 0.0124368, 0.00998534, 0.0086015, 0.0103602, 0.00885771, 0.0165053, 0.0089644, 0.00970913, 0.01632, 0.0148522, 0.0164377, 0.0137307, 0.0165329, 0.0133268, 0.00786992, 0.014682, 0.0160622, 0.0115735, 0.010081, 0.017099, 0.00751594, 0.0154822, 0.0150115, 0.014001, 0.00914818, 0.0085102, 0.0158615, 0.00938112, 0.0135384, 0.0149745, 0.0108683];
GivenLatency = [94.6302, 97.7036, 100.485, 68.7989, 97.9663, 92.7822, 125.602, 72.8417, 71.647, 156.75, 101.626, 94.1983, 68.7278, 79.4223, 60.6009, 61.0062, 65.3043, 88.8168, 60.6697, 65.791, 94.2534, 89.8265, 114.462, 95.7332, 59.0342, 64.1307, 86.4356, 90.922, 80.8634, 82.2512, 80.9245, 61.7874, 156.147, 93.678, 95.1233, 130.818, 97.0539, 123.896, 62.5714, 111.253, 121.031, 65.1131, 83.7944, 57.4609, 89.032, 67.8263, 85.6958, 133.549, 84.9599, 57.3718, 99.5829, 94.922, 67.6506, 128.689, 71.7053, 67.9086, 68.4729, 100.443, 110.385, 61.2224, 125.747, 70.5309, 79.5987, 87.9594];
HighestPossibleCritFunctionValue = 1.1;
