NumDevices = 128;
NumSlotes = 1024;


GivenBandwidthOld = [0.00496032, 0.00557321, 0.00650958, 0.00395179, 0.00530391, 0.00531135, 0.00532504, 0.00537247, 0.007648, 0.00737201, 0.00389825, 0.00547035, 0.00770777, 0.00698187, 0.00679438, 0.00562494, 0.005792, 0.00867251, 0.00637727, 0.00535471, 0.00416863, 0.00458834, 0.00380422, 0.00497335, 0.00461204, 0.00707461, 0.00545158, 0.00726134, 0.00382346, 0.00847617, 0.00645418, 0.00795543, 0.00448164, 0.00536443, 0.00741115, 0.0067465, 0.00594864, 0.00630476, 0.00664149, 0.00606743, 0.00776225, 0.00770875, 0.00844585, 0.0069201, 0.008539, 0.00743527, 0.00713533, 0.00596439, 0.00599684, 0.00632459, 0.00486896, 0.00518823, 0.00603617, 0.00746022, 0.00647978, 0.00824475, 0.00709721, 0.00528368, 0.00523373, 0.0057821, 0.00720622, 0.0074888, 0.00682202, 0.00526137, 0.00540613, 0.00833296, 0.00451482, 0.00799911, 0.00846969, 0.00765689, 0.00683579, 0.00654581, 0.00788676, 0.00525617, 0.00798766, 0.00609691, 0.00830131, 0.00756781, 0.00461112, 0.00656979, 0.00593949, 0.00755754, 0.00704711, 0.00830213, 0.00641015, 0.00786625, 0.00559105, 0.00625482, 0.007315, 0.00578079, 0.00517394, 0.00585758, 0.00583333, 0.00822224, 0.00870924, 0.00866395, 0.00756915, 0.00717438, 0.00738225, 0.00597127, 0.00671487, 0.00433723, 0.00825713, 0.0050978, 0.00626769, 0.00854315, 0.00717996, 0.00613437, 0.00779313, 0.00664747, 0.00656079, 0.00465793, 0.00828562, 0.00396055, 0.00738084, 0.00722196, 0.00700831, 0.00609689, 0.00796556, 0.00459669, 0.0041428, 0.00547913, 0.00522501, 0.00420844, 0.00383308, 0.00500578, 0.00459434, 0.00454102];
GivenLatency = [196.165, 175.16, 197.33, 256.205, 201.969, 201.09, 181.024, 184.965, 153.835, 150.155, 262.95, 223.203, 151.579, 167.762, 162.685, 225.269, 171.631, 121.304, 187.987, 190.926, 297.142, 218.172, 252.916, 232.854, 207.629, 137.109, 181.061, 176.279, 276.732, 148.436, 197.061, 152.805, 251.637, 212.957, 172.157, 153.4, 165.89, 185.451, 184.469, 163.903, 135.576, 156.01, 118.59, 174.486, 127.251, 165.881, 166.023, 173.416, 160.985, 191.285, 235.701, 201.281, 159.949, 132.159, 150.282, 116.159, 135.595, 202.966, 245.87, 170.26, 170.183, 134.199, 148.666, 225.213, 189.873, 136.547, 253.412, 150.769, 149.22, 135.783, 141.093, 170.306, 123.62, 227.139, 123.976, 160.762, 143.751, 138.151, 236.82, 175.081, 193.778, 141.065, 137.609, 139.611, 198.19, 132.135, 175.787, 152.9, 149.187, 183.483, 190.088, 189.289, 216.35, 128.958, 147.417, 145.964, 155.908, 159.146, 154.488, 177.432, 191.314, 251.289, 120.724, 231.512, 171.916, 126.139, 135.39, 156.053, 157.481, 185.554, 173.986, 221.038, 145.308, 252.77, 157.894, 132.249, 147.811, 182.54, 154.29, 265.464, 298.232, 189.406, 211.734, 249.637, 274.632, 209.971, 256.286, 218.295];
HighestPossibleCritFunctionValue = 1.1;
