NumDevices = 64;
NumSlotes = 512;


GivenBandwidthOld = [0.0126928, 0.0133671, 0.015346, 0.0144369, 0.0160247, 0.0121922, 0.00897263, 0.00807448, 0.0128609, 0.00847334, 0.016407, 0.00817244, 0.00919248, 0.0129738, 0.015168, 0.0139735, 0.0169528, 0.0105322, 0.00950105, 0.00921973, 0.0109954, 0.0140436, 0.0160156, 0.00899883, 0.00830752, 0.00949784, 0.0151786, 0.0125682, 0.00929386, 0.0168547, 0.0112245, 0.0151259, 0.0164229, 0.0143087, 0.0108859, 0.0148474, 0.0150096, 0.0111754, 0.00941102, 0.0159997, 0.0117187, 0.011051, 0.00835033, 0.0090338, 0.0161069, 0.013761, 0.0153461, 0.0161398, 0.017332, 0.0143542, 0.0166548, 0.0128977, 0.0161903, 0.0149114, 0.0105808, 0.0162774, 0.00901971, 0.00919081, 0.0149764, 0.0137231, 0.00949832, 0.0132494, 0.0169661, 0.0146142];
GivenLatency = [74.5847, 81.4353, 73.9202, 79.7859, 64.3032, 80.194, 132.573, 141.433, 78.7953, 107.302, 55.482, 129.104, 131.14, 85.1184, 82.2332, 76.5533, 61.484, 92.0048, 120.717, 116.656, 107.339, 79.0071, 65.951, 117.999, 141.331, 95.8788, 80.7115, 90.7253, 111.316, 63.9632, 101.543, 71.0282, 59.496, 65.2971, 104.144, 68.4824, 63.1524, 96.7661, 102.83, 60.9046, 95.7847, 111.688, 116.297, 135.421, 60.2528, 79.1862, 78.2393, 63.7515, 71.935, 67.3577, 65.4213, 77.8172, 68.7325, 62.9368, 98.1172, 64.3535, 105.024, 129.899, 62.7121, 83.7898, 117.948, 77.9198, 70.4944, 63.7854];
HighestPossibleCritFunctionValue = 1.1;
