NumDevices = 32;
NumSlotes = 256;


GivenBandwidthOld = [0.0288367, 0.0180029, 0.0340362, 0.0309546, 0.0384766, 0.0365088, 0.0385871, 0.0192425, 0.0193405, 0.0150541, 0.0246462, 0.038367, 0.0187401, 0.024527, 0.0352577, 0.0354182, 0.0342951, 0.0328864, 0.0323937, 0.0264192, 0.0382758, 0.0358739, 0.01686, 0.0252269, 0.0239661, 0.0327085, 0.0172935, 0.0376738, 0.0180368, 0.0296481, 0.0313965, 0.016352];
GivenLatency = [59.2891, 96.6731, 69.7376, 79.8697, 59.2727, 54.0295, 59.7152, 95.0301, 106.203, 128.573, 84.5755, 44.4486, 129.992, 91.4608, 67.2637, 57.2791, 56.1739, 54.2815, 72.4854, 64.7051, 47.2896, 46.7728, 105.574, 79.8417, 100.537, 53.1482, 117.946, 52.2428, 102.703, 68.2967, 65.2217, 151.9];
HighestPossibleCritFunctionValue = 1.1;
