NumDevices = 32;
NumSlotes = 256;


GivenBandwidthOld = [0.033052, 0.0393058, 0.023193, 0.0396798, 0.0337378, 0.0159561, 0.0336302, 0.0330407, 0.0250904, 0.0301273, 0.034267, 0.0350258, 0.0389257, 0.0340181, 0.0268201, 0.0254334, 0.0186771, 0.0162643, 0.0395241, 0.0160939, 0.025683, 0.0390041, 0.0271945, 0.0174979, 0.0225078, 0.0231704, 0.0351011, 0.0293013, 0.0267197, 0.0386982, 0.0353454, 0.0350275];
GivenLatency = [72.1507, 43.8825, 87.8849, 47.1308, 70.1084, 140.495, 60.0264, 66.1622, 78.7027, 77.7126, 50.1455, 48.3287, 43.0878, 56.2318, 68.3647, 67.2086, 120.121, 104.754, 47.7264, 143.354, 90.4728, 47.8171, 74.5944, 139.754, 92.6382, 106.922, 66.9281, 85.1176, 88.6695, 53.6926, 67.4212, 48.4585];
HighestPossibleCritFunctionValue = 1.1;
