NumDevices = 32;
NumSlotes = 256;


GivenBandwidthOld = [0.0312701, 0.016726, 0.0234574, 0.0338856, 0.0246193, 0.0370658, 0.0257055, 0.016997, 0.0287866, 0.0272058, 0.0334568, 0.0189042, 0.0335589, 0.0345962, 0.018553, 0.0299646, 0.0252832, 0.0190898, 0.0267345, 0.0366295, 0.0176475, 0.0371392, 0.0334799, 0.0324653, 0.0289149, 0.0320608, 0.0312414, 0.0346183, 0.0398042, 0.0249061, 0.0315665, 0.0238152];
GivenLatency = [70.4144, 127.436, 90.7648, 56.8349, 79.5538, 53.5787, 65.4588, 143.875, 60.4344, 82.7488, 70.1611, 98.9978, 74.2107, 66.1847, 99.9498, 71.0892, 94.1354, 117.033, 84.391, 65.6454, 129.734, 49.3055, 58.5099, 52.9433, 81.6549, 66.3399, 68.2883, 53.3417, 42.1564, 86.5617, 55.7784, 90.0467];
HighestPossibleCritFunctionValue = 1.1;
