NumDevices = 128;
NumSlotes = 1024;


GivenBandwidthOld = [0.00300462, 0.00365729, 0.00428765, 0.00184647, 0.00432505, 0.00236984, 0.00366287, 0.00428943, 0.00370297, 0.00339442, 0.00197577, 0.00242105, 0.00192148, 0.00252144, 0.00150536, 0.00252267, 0.00357055, 0.00267641, 0.00301432, 0.00422524, 0.00303823, 0.00286693, 0.00205361, 0.00131808, 0.00175918, 0.00286553, 0.00352358, 0.00401092, 0.00401047, 0.00275234, 0.00424451, 0.00184873, 0.00157779, 0.00423817, 0.00160476, 0.00431525, 0.00330993, 0.0037942, 0.00222314, 0.00367388, 0.00182004, 0.00372731, 0.00303023, 0.00277892, 0.00401969, 0.00149745, 0.00383873, 0.00382688, 0.00143684, 0.00398582, 0.00404388, 0.00166376, 0.002168, 0.00191367, 0.00250251, 0.00213412, 0.00127663, 0.00186862, 0.00156172, 0.002902, 0.00399011, 0.0042413, 0.00412838, 0.00317343, 0.00327152, 0.0018694, 0.00204983, 0.00334698, 0.00150996, 0.00159304, 0.00425784, 0.00403561, 0.00340727, 0.00220656, 0.00316333, 0.00229195, 0.00394199, 0.00179425, 0.00159238, 0.00253341, 0.0027863, 0.00310553, 0.00278962, 0.00267254, 0.00357116, 0.00357623, 0.00136343, 0.00143622, 0.00293064, 0.00404467, 0.00256214, 0.00432047, 0.00343127, 0.00252913, 0.00279611, 0.00226491, 0.00254637, 0.00176022, 0.00150678, 0.00128923, 0.0043213, 0.00185972, 0.00189447, 0.00160417, 0.00380758, 0.00207612, 0.0015074, 0.0023189, 0.00371453, 0.00378524, 0.00170423, 0.00422336, 0.00261085, 0.00432809, 0.00346943, 0.00318443, 0.00387637, 0.00207839, 0.00205737, 0.00196568, 0.00157104, 0.00323053, 0.00364521, 0.00434373, 0.0037588, 0.00422259, 0.00213451, 0.00160085];
GivenLatency = [106.809, 165.748, 143.889, 265.689, 78.7269, 161.027, 116.68, 94.8245, 118.415, 105.027, 240.082, 254.544, 281.219, 155.807, 220.012, 150.965, 110.666, 123.956, 120.987, 112.828, 119.147, 121.926, 201.768, 283.123, 220.468, 113.141, 97.1532, 97.4644, 83.1716, 237.327, 129.368, 201.911, 268.946, 104.541, 301.073, 78.9241, 104.437, 128.395, 196.838, 145.548, 213.391, 125.682, 160.246, 206.949, 115.393, 280.302, 163.501, 158.654, 222.224, 137.906, 150.439, 304.611, 183.107, 200.113, 159.504, 166.781, 292.776, 215.185, 272.884, 169.461, 103.775, 141.5, 125.872, 137.199, 190.842, 286.033, 248.383, 112.469, 215.573, 212.662, 88.5444, 115.779, 94.3392, 163.146, 114.43, 264.289, 117.519, 193.895, 212.847, 207.698, 169.723, 124.416, 117.484, 145.067, 99.5388, 144.063, 294.109, 232.489, 121.553, 131.98, 157.425, 86.321, 142.914, 152.74, 218.038, 242.87, 164.575, 328.463, 214.521, 270.783, 91.6064, 196.228, 194.378, 206.863, 83.5281, 220.776, 232.819, 177.937, 136.577, 131.197, 245.515, 105.59, 193.562, 86.5024, 94.8411, 146.878, 92.305, 253.037, 237.214, 226.039, 315.526, 143.929, 112.884, 147.82, 133.033, 128.267, 196.883, 389.134];
HighestPossibleCritFunctionValue = 1.1;
