NumDevices = 32;
NumSlotes = 256;


GivenBandwidthOld = [0.0164222, 0.0146893, 0.0156749, 0.0173378, 0.0165208, 0.0101252, 0.00704221, 0.0160001, 0.00933868, 0.0126876, 0.0108602, 0.00956175, 0.0117723, 0.0139935, 0.00939574, 0.00919413, 0.00819164, 0.00939851, 0.00578255, 0.00726001, 0.0139802, 0.0103554, 0.0124325, 0.0107766, 0.00519452, 0.0118759, 0.0174565, 0.0108308, 0.0163676, 0.0107653, 0.0147949, 0.0154986];
GivenLatency = [18.952, 26.0968, 24.6198, 17.6652, 20.486, 51.4107, 77.2272, 22.4451, 39.5592, 29.8225, 44.0425, 38.0926, 46.7311, 27.6293, 34.1882, 60.7031, 47.6452, 35.1399, 71.4918, 76.9752, 24.821, 50.6021, 39.6589, 36.5241, 119.928, 27.8012, 24.9442, 52.0875, 32.3805, 37.2218, 32.5782, 23.9214];
HighestPossibleCritFunctionValue = 1.1;
