NumDevices = 64;
NumSlotes = 512;


GivenBandwidthOld = [0.00843582, 0.00328868, 0.00787913, 0.00321823, 0.00496233, 0.00563978, 0.00406147, 0.0087082, 0.00622643, 0.00762912, 0.00762528, 0.00560244, 0.00775988, 0.00524717, 0.00544768, 0.00667187, 0.00668902, 0.00734762, 0.00769815, 0.00533072, 0.00337237, 0.0082387, 0.00283517, 0.00436928, 0.00695061, 0.00386108, 0.00317842, 0.00470064, 0.00739029, 0.00603346, 0.00816022, 0.00250957, 0.00707171, 0.00804722, 0.00333419, 0.00396586, 0.00788141, 0.0041321, 0.00820521, 0.00865751, 0.00430461, 0.00766082, 0.00288972, 0.00870471, 0.00385766, 0.0081776, 0.00710004, 0.00286279, 0.00609859, 0.002719, 0.00818267, 0.0048361, 0.00279334, 0.00768448, 0.00684107, 0.00664921, 0.00708299, 0.00387199, 0.00520071, 0.00583059, 0.00473412, 0.00766806, 0.00589948, 0.00635808];
GivenLatency = [39.6461, 132.07, 71.9682, 103.344, 127.699, 83.4202, 85.5106, 46.1157, 68.5762, 41.0893, 77.9008, 87.9884, 51.786, 115.53, 73.0092, 95.2579, 56.6287, 43.6499, 58.5705, 69.796, 97.6236, 50.4167, 145.016, 142.112, 45.3636, 143.245, 179.89, 68.8533, 71.9906, 78.4332, 48.2627, 126.185, 87.6851, 48.7659, 104.544, 82.7796, 45.9358, 93.3263, 42.509, 48.9867, 110.9, 48.5645, 177.181, 57.5811, 120.044, 44.2155, 58.9685, 163.979, 96.1543, 182.59, 44.7291, 70.0054, 112.032, 44.5339, 88.2601, 52.9401, 54.4666, 99.8589, 97.3684, 73.5554, 120.606, 71.1667, 70.5354, 70.5509];
HighestPossibleCritFunctionValue = 1.1;
