NumDevices = 32;
NumSlotes = 256;


GivenBandwidthOld = [0.0203246, 0.0299809, 0.023328, 0.0331349, 0.0340942, 0.0307021, 0.0194729, 0.01644, 0.0166415, 0.0289344, 0.0360624, 0.0358758, 0.0250205, 0.0291237, 0.0176063, 0.0197837, 0.0153976, 0.0232202, 0.0222518, 0.0214251, 0.0272505, 0.0335194, 0.0210021, 0.0169768, 0.0386082, 0.0234562, 0.038094, 0.0313313, 0.0209669, 0.025765, 0.0175541, 0.0168123];
GivenLatency = [105.17, 58.3531, 89.1985, 59.4916, 63.2373, 56.5322, 88.6306, 115.178, 141.964, 71.7616, 48.6993, 67.4638, 76.7168, 60.9735, 95.6506, 107.955, 121.69, 78.4163, 83.0294, 95.9367, 64.6274, 56.9764, 91.6735, 99.7199, 64.3336, 99.7997, 57.2839, 57.3259, 94.9208, 77.9459, 121.732, 111.379];
HighestPossibleCritFunctionValue = 1.1;
