NumDevices = 128;
NumSlotes = 1024;


GivenBandwidthOld = [0.00995895, 0.00749779, 0.00536426, 0.00960773, 0.00458194, 0.00498322, 0.00543088, 0.00433513, 0.00683949, 0.00376311, 0.00542, 0.00902504, 0.00508804, 0.00463609, 0.00869226, 0.00577094, 0.00714797, 0.00715551, 0.00889109, 0.00998172, 0.00892868, 0.00434153, 0.00815364, 0.00946002, 0.00954226, 0.0041913, 0.00810517, 0.00738813, 0.00607664, 0.00765244, 0.00458171, 0.0073124, 0.00828747, 0.00870885, 0.00958965, 0.00694635, 0.00609163, 0.00959843, 0.0045865, 0.00661917, 0.00716871, 0.00581767, 0.00503097, 0.00804124, 0.00787801, 0.0082891, 0.00487432, 0.00652885, 0.0078048, 0.00905438, 0.00450231, 0.00415524, 0.0083956, 0.00731448, 0.0056537, 0.00544447, 0.00768736, 0.00395125, 0.00498533, 0.00968105, 0.00563159, 0.0089683, 0.0076787, 0.00845993, 0.00730175, 0.00424704, 0.00752728, 0.00721112, 0.00603777, 0.00433702, 0.00733745, 0.00423338, 0.00924469, 0.00923457, 0.00786537, 0.0082864, 0.0094421, 0.00845234, 0.00474186, 0.00518888, 0.00569975, 0.00447312, 0.00726639, 0.00990434, 0.00853101, 0.00815804, 0.00843687, 0.00717234, 0.00432055, 0.00543121, 0.00983776, 0.00816411, 0.00417008, 0.00784463, 0.00976007, 0.00880495, 0.00611769, 0.00998888, 0.00433268, 0.00928944, 0.00517242, 0.00404958, 0.0075795, 0.00989744, 0.00504886, 0.00873832, 0.0049526, 0.00954075, 0.00394265, 0.00404684, 0.0053082, 0.00488605, 0.00976783, 0.0078507, 0.00542603, 0.00407438, 0.00557398, 0.00933805, 0.00964416, 0.00443371, 0.00729534, 0.00900073, 0.00903835, 0.00387499, 0.0045397, 0.00741244, 0.00831034, 0.00563556];
GivenLatency = [403.926, 515.287, 657.096, 391.191, 777.285, 941.391, 614.719, 934.274, 544.281, 1042.8, 736.206, 482.876, 937.803, 1001.01, 536.062, 648.717, 467.969, 519.604, 551.314, 398.409, 441.685, 844.384, 471.937, 488.357, 368.733, 832.578, 515.129, 590.452, 648.472, 509.515, 867.016, 610.726, 525.473, 403.535, 459.326, 628.297, 651.684, 355.424, 843.897, 518.695, 560.064, 803.157, 980.63, 422.436, 554.26, 584.302, 892.336, 523.742, 513.397, 449.147, 786.66, 993.874, 588.816, 555.46, 590.446, 752.927, 468.047, 1027.82, 772.15, 490.549, 747.55, 429.803, 542.638, 403.803, 504.244, 1150.8, 481.888, 513.773, 666.236, 880.987, 555.746, 1020.67, 481.309, 455.658, 515.817, 551.179, 401.732, 525.752, 725.278, 804.588, 808.845, 1109.99, 634.597, 503.57, 578.74, 523.085, 569.262, 618.81, 784.459, 730.216, 467.701, 411.181, 896.173, 580.507, 490.974, 462.294, 545.941, 342.825, 909.087, 419.327, 726.384, 1108.19, 601.74, 440.008, 699.493, 414.545, 966.95, 396.643, 926.005, 1172.63, 941.785, 820.812, 462.193, 431.184, 625.01, 882.014, 712.402, 470.772, 391.448, 848.741, 675.453, 448.495, 421.744, 1167.74, 831.748, 546.166, 403.595, 825.795];
HighestPossibleCritFunctionValue = 1.1;
