NumDevices = 128;
NumSlotes = 1024;


GivenBandwidthOld = [0.00540852, 0.00848024, 0.00482585, 0.00562261, 0.00669068, 0.00772917, 0.00662706, 0.00843061, 0.00577379, 0.00759753, 0.00419715, 0.00396141, 0.00683884, 0.0078972, 0.00572224, 0.00612485, 0.00785775, 0.00775476, 0.00677934, 0.00781951, 0.00504385, 0.0044563, 0.00447842, 0.00624363, 0.00427165, 0.00615654, 0.00543612, 0.00729612, 0.00836058, 0.00384305, 0.00765514, 0.00739255, 0.00415223, 0.00410637, 0.00823412, 0.00833832, 0.00459519, 0.00386765, 0.00616539, 0.00417106, 0.00548715, 0.00503136, 0.00459792, 0.00471194, 0.00612086, 0.00579872, 0.00660541, 0.00469493, 0.0052549, 0.006549, 0.00660692, 0.0049763, 0.00414118, 0.00830918, 0.00495507, 0.00732797, 0.00862159, 0.00559205, 0.00807267, 0.00492181, 0.00838949, 0.00468292, 0.00839104, 0.00566005, 0.00598669, 0.00573337, 0.00833156, 0.00609245, 0.00828364, 0.0056417, 0.00747458, 0.00768602, 0.00644092, 0.00511158, 0.00787476, 0.00866909, 0.00393259, 0.0074589, 0.0042203, 0.00807154, 0.00588601, 0.00863121, 0.00730393, 0.00472791, 0.00455535, 0.00422135, 0.00575992, 0.00444099, 0.00721991, 0.00746709, 0.00696119, 0.00421237, 0.00475846, 0.00790651, 0.00724782, 0.00663402, 0.00551243, 0.0049037, 0.00399112, 0.00618546, 0.00654788, 0.00765478, 0.00635698, 0.00418309, 0.00761597, 0.00413213, 0.00623633, 0.00655508, 0.0037653, 0.00587871, 0.00597232, 0.00434619, 0.00398173, 0.00848303, 0.0067015, 0.0046278, 0.0069877, 0.00476182, 0.00435717, 0.00852916, 0.00715038, 0.00387598, 0.00605509, 0.005327, 0.00835686, 0.00628688, 0.00611451, 0.00405225];
GivenLatency = [177.054, 135.176, 211.957, 202.021, 191.828, 130.56, 170.025, 124.116, 200.503, 167.647, 289.065, 284.169, 149.417, 164.191, 208.002, 158.466, 149.016, 142.538, 152.108, 155.67, 232.326, 245.037, 218.656, 168.674, 291.195, 163.568, 197.277, 157.661, 147.727, 259.521, 160.511, 133.041, 290.244, 277.687, 151.472, 150.077, 238.576, 333.865, 160.58, 236.496, 178.302, 207.026, 265.785, 218.212, 196.408, 184.461, 151.41, 248.4, 213.88, 155.077, 159.651, 243.312, 246.371, 136.2, 256.29, 173.016, 125.15, 208.712, 143.05, 206.769, 147.203, 217.836, 128.163, 169.732, 170.606, 204.185, 121.552, 203.872, 117.422, 177.571, 128.837, 127.199, 161.78, 213.522, 151.636, 114.073, 328.495, 139.208, 272.542, 160.201, 192.51, 146.12, 151.27, 221.07, 282.34, 235.862, 186.162, 238.41, 147.622, 170.836, 178.724, 293.131, 211.458, 153.769, 148.66, 167.239, 223.633, 244.384, 321.161, 167.5, 175.091, 167.599, 201.437, 235.984, 139.844, 262.873, 157.964, 157.387, 331.258, 201.529, 195.239, 228.099, 254.418, 146.719, 184.291, 215.591, 168.852, 240.505, 270.148, 129.673, 136.451, 296.463, 158.168, 192.548, 122.836, 168.017, 182.33, 262.398];
HighestPossibleCritFunctionValue = 1.1;
