NumDevices = 128;
NumSlotes = 1024;


GivenBandwidthOld = [0.00659374, 0.00468587, 0.00791639, 0.00951322, 0.0099661, 0.008928, 0.00540354, 0.00728682, 0.0096443, 0.00670727, 0.00652279, 0.00609683, 0.00940168, 0.00400746, 0.00593332, 0.00512345, 0.00601059, 0.00999145, 0.00382317, 0.00853049, 0.00568741, 0.00956221, 0.00824702, 0.00392792, 0.00662733, 0.0068274, 0.00686243, 0.0081735, 0.00583323, 0.00401711, 0.00557134, 0.00868241, 0.00896491, 0.00692637, 0.00774432, 0.00511074, 0.00495901, 0.00477929, 0.00921589, 0.00650018, 0.00727271, 0.00987319, 0.00995424, 0.00969794, 0.00826201, 0.00583116, 0.00685696, 0.0098901, 0.00661733, 0.00754129, 0.00520999, 0.00438078, 0.0053092, 0.00921646, 0.00974278, 0.00570595, 0.00856848, 0.00669925, 0.0093302, 0.00885911, 0.00999617, 0.00812205, 0.00975074, 0.00813082, 0.00721108, 0.00532768, 0.00724908, 0.00657206, 0.0090836, 0.00810728, 0.00529389, 0.00819854, 0.00779205, 0.00728008, 0.00884753, 0.00911899, 0.00914217, 0.00492519, 0.00520232, 0.00662541, 0.00579368, 0.00805845, 0.00969198, 0.0081556, 0.00499258, 0.00654623, 0.00618455, 0.00875073, 0.0072479, 0.0053904, 0.00518798, 0.00942058, 0.00917011, 0.00572604, 0.00883976, 0.00978582, 0.00410856, 0.00498423, 0.00378492, 0.00945001, 0.00379581, 0.0049608, 0.00991942, 0.00564181, 0.00565648, 0.00854576, 0.00603119, 0.00617671, 0.00821944, 0.00917314, 0.00671968, 0.00891852, 0.00849072, 0.00600781, 0.0069357, 0.00836485, 0.0092335, 0.00872375, 0.00385948, 0.0062277, 0.00896857, 0.00595939, 0.00568549, 0.00847277, 0.00430841, 0.00773102, 0.00643408, 0.0089161];
GivenLatency = [671.219, 783.352, 609.614, 442.49, 436.342, 374.271, 630.974, 500.631, 383.593, 552.346, 676.256, 585.117, 460.23, 896.471, 643.182, 913.116, 677.642, 473.898, 934.598, 521.626, 615.004, 418.57, 435.565, 970.294, 606.87, 608.335, 674.038, 549.302, 724.814, 954.528, 677.025, 555.227, 512.391, 616.343, 474.504, 673.601, 767.037, 854.415, 455.201, 599.785, 636.407, 370.019, 427.16, 371.563, 581.034, 593.952, 720.869, 354.617, 615.047, 622.799, 731.118, 1108.93, 738.523, 445.745, 348.097, 813.935, 433.35, 604.667, 446.922, 395.406, 380.089, 482.282, 395.206, 534.322, 475.896, 775.598, 476.381, 757.431, 462.867, 435.335, 830.845, 470.436, 497.279, 474.358, 449.64, 403.245, 503.279, 792.372, 820.018, 581.606, 754.125, 520.235, 453.075, 536.726, 764.797, 539.516, 586.749, 402.07, 499.758, 889.057, 830.592, 418.028, 462.788, 694.757, 423.751, 448.648, 1032.86, 731.494, 921.277, 420.128, 971.73, 692.946, 465.346, 675.176, 604.778, 564.358, 639.447, 638.296, 479.736, 511.697, 642.075, 483.527, 546.269, 577.037, 498.545, 457.28, 365.69, 383.716, 1063.79, 738.329, 532.812, 620.891, 649.193, 504.574, 996.255, 540.887, 573.335, 512.814];
HighestPossibleCritFunctionValue = 1.1;
