NumDevices = 128;
NumSlotes = 1024;


GivenBandwidthOld = [0.00978093, 0.00926233, 0.00580984, 0.00474172, 0.00902258, 0.00755188, 0.00827496, 0.00477128, 0.00592938, 0.00761922, 0.00872084, 0.00494134, 0.00789825, 0.00457259, 0.00395856, 0.00902558, 0.00800056, 0.00546311, 0.00848308, 0.00894663, 0.00607199, 0.00439892, 0.0039494, 0.00512737, 0.0094634, 0.00393213, 0.00862331, 0.00944221, 0.00394708, 0.00987539, 0.00947786, 0.00939697, 0.00618932, 0.00761149, 0.00386944, 0.00494092, 0.00705491, 0.00569252, 0.00801986, 0.00471164, 0.00982452, 0.00454157, 0.00768324, 0.00964631, 0.00926576, 0.00717635, 0.00913525, 0.00734125, 0.00565902, 0.00743191, 0.00433866, 0.00979323, 0.00984219, 0.00772055, 0.00549549, 0.00902053, 0.00424494, 0.0097483, 0.0047514, 0.00920438, 0.00677079, 0.00538157, 0.00679068, 0.00843415, 0.00525744, 0.00796118, 0.00602753, 0.00723052, 0.00702562, 0.00705766, 0.00802018, 0.00385333, 0.009101, 0.0067431, 0.00874224, 0.00840575, 0.00923621, 0.00430052, 0.00627451, 0.00812644, 0.0085287, 0.00680687, 0.00552008, 0.00970723, 0.00825129, 0.0068592, 0.00382994, 0.00972059, 0.00762165, 0.0058328, 0.00945435, 0.00801076, 0.00807699, 0.00875304, 0.00862235, 0.00588211, 0.00682892, 0.00747398, 0.00522465, 0.00688744, 0.00974101, 0.00720679, 0.00827719, 0.00475132, 0.0079978, 0.00900441, 0.00840355, 0.00977315, 0.00987512, 0.00484338, 0.0051515, 0.00880271, 0.00595275, 0.00659022, 0.00802175, 0.00524737, 0.00746462, 0.00416193, 0.00837965, 0.00802556, 0.00689415, 0.00991647, 0.00608891, 0.0075403, 0.00733561, 0.0046381, 0.00501406, 0.00503873];
GivenLatency = [400.239, 363.755, 573.833, 754.879, 443.481, 563.221, 493.387, 755.637, 612.449, 454.904, 399.729, 909.17, 618.945, 1033.93, 943.781, 456.524, 447.388, 765.674, 438.388, 414.596, 765.459, 830.583, 1097.49, 729.41, 521.325, 1259.06, 566.164, 525.649, 964.606, 455.025, 427.996, 434.291, 697.833, 623.625, 982.768, 722.704, 543.864, 720.895, 477.235, 761.082, 483.436, 830.645, 603.81, 495.081, 398.915, 584.01, 540.269, 575.933, 876.107, 569.107, 1112.33, 344.487, 387.632, 555.398, 696.431, 496.436, 958.955, 385.956, 777.602, 426.099, 621.879, 652.843, 500.792, 401.752, 919.554, 458.306, 658.64, 610.202, 652.708, 673.259, 616.908, 1168.41, 495.297, 711.77, 384.332, 406.554, 390.413, 1058.13, 653.404, 436.336, 392.171, 565.684, 726.152, 452.656, 481.99, 695.437, 943.644, 509.099, 603.479, 594.468, 474.617, 512.653, 520.276, 550.487, 443.756, 602.255, 584.452, 568.072, 817.621, 647.909, 451.124, 593.826, 474.678, 744.554, 523.08, 422.718, 486.17, 392.193, 384.116, 897.133, 681.251, 454.766, 779.73, 508.493, 419.437, 863.745, 665.822, 1118.12, 454.316, 494.124, 529.502, 370.041, 560.664, 636.561, 520.683, 769.632, 846.519, 918.42];
HighestPossibleCritFunctionValue = 1.1;
