NumDevices = 32;
NumSlotes = 256;


GivenBandwidthOld = [0.0320786, 0.0156215, 0.0197706, 0.0349588, 0.0218603, 0.0155159, 0.0265456, 0.0220072, 0.0257595, 0.029109, 0.0245601, 0.0321646, 0.0197779, 0.0164666, 0.0238978, 0.0206094, 0.0316498, 0.0277857, 0.0234692, 0.0174753, 0.01799, 0.0277556, 0.0182522, 0.0349605, 0.0316174, 0.0232325, 0.0188774, 0.0231928, 0.0320388, 0.0269689, 0.0157181, 0.0244364];
GivenLatency = [26.5984, 59.0193, 53.7947, 28.021, 38.2044, 73.5792, 32.2583, 46.4218, 45.3612, 38.4442, 39.1203, 33.2607, 53.8419, 61.3766, 42.7895, 42.534, 26.7419, 30.2163, 44.66, 52.2939, 50.3496, 33.8562, 52.9046, 28.5588, 31.8775, 42.6066, 44.6274, 44.8137, 28.7851, 32.7205, 58.4669, 47.2466];
HighestPossibleCritFunctionValue = 1.1;
