NumDevices = 32;
NumSlotes = 256;


GivenBandwidthOld = [0.0344553, 0.0198344, 0.0266351, 0.0258666, 0.03058, 0.0279121, 0.0283216, 0.031203, 0.0180333, 0.0349607, 0.0343744, 0.0213645, 0.0235203, 0.0164613, 0.0152812, 0.021911, 0.0285955, 0.0348989, 0.0159381, 0.0220212, 0.0202686, 0.0247621, 0.0273223, 0.0155445, 0.0266243, 0.0251465, 0.0278372, 0.0294083, 0.0155683, 0.0270258, 0.0320491, 0.0192597];
GivenLatency = [27.3796, 48.5381, 38.8751, 40.5115, 35.9974, 31.4469, 39.2998, 32.5671, 47.2953, 25.3968, 30.9931, 45.6995, 44.3701, 53.1337, 55.0922, 49.1677, 30.8238, 32.1049, 57.9307, 41.3523, 43.2692, 40.6265, 33.5476, 64.2662, 34.037, 34.8458, 34.0533, 29.5257, 65.8471, 32.436, 31.6612, 48.0856];
HighestPossibleCritFunctionValue = 1.1;
