NumDevices = 32;
NumSlotes = 256;


GivenBandwidthOld = [0.0245762, 0.0215837, 0.0276273, 0.0221047, 0.0237102, 0.0276844, 0.0209179, 0.0170583, 0.0290697, 0.0237699, 0.030974, 0.0303622, 0.0279291, 0.0347564, 0.0206191, 0.0154266, 0.0243709, 0.032011, 0.018558, 0.0343749, 0.0289973, 0.0270636, 0.0281078, 0.0184089, 0.028487, 0.0307316, 0.0156313, 0.0255419, 0.032634, 0.0288623, 0.0189982, 0.0333333];
GivenLatency = [41.2408, 46.4536, 35.839, 45.497, 35.3753, 36.293, 54.0465, 61.827, 39.1558, 38.4465, 28.507, 35.724, 30.4225, 25.5018, 50.5897, 70.7622, 36.7711, 35.6035, 48.2239, 30.2812, 33.7241, 32.4849, 35.9496, 50.4017, 33.3589, 30.1263, 72.9359, 36.0369, 35.0945, 29.4844, 51.3411, 28.4983];
HighestPossibleCritFunctionValue = 1.1;
