NumDevices = 16;
NumSlotes = 128;


GivenBandwidthOld = [0.0141722, 0.032291, 0.0304522, 0.0242927, 0.027612, 0.0152513, 0.0189873, 0.0342834, 0.0159978, 0.0150767, 0.0341023, 0.0229217, 0.0101971, 0.021998, 0.034818, 0.0265803];
GivenLatency = [26.6875, 9.59712, 18.1371, 24.7307, 16.5163, 23.2183, 16.7576, 18.2014, 21.1713, 30.3122, 14.9698, 19.7985, 30.6807, 13.7653, 16.1248, 22.931];
HighestPossibleCritFunctionValue = 1.1;
