NumDevices = 64;
NumSlotes = 512;


GivenBandwidthOld = [0.014194, 0.0127559, 0.0126011, 0.0118921, 0.0157158, 0.00999795, 0.0104802, 0.0152913, 0.0159384, 0.0109232, 0.0120502, 0.0125747, 0.0174584, 0.00880182, 0.0172481, 0.0130337, 0.0120106, 0.0163121, 0.0124157, 0.0150328, 0.0113653, 0.0123845, 0.011378, 0.0155523, 0.0132136, 0.0159417, 0.0164813, 0.0164468, 0.016304, 0.0167744, 0.0128498, 0.0112887, 0.0147666, 0.0172286, 0.0160167, 0.00838615, 0.0110856, 0.00988987, 0.0141124, 0.0129134, 0.010611, 0.0148371, 0.0113238, 0.0145965, 0.00897084, 0.00798499, 0.00873449, 0.0155835, 0.0163503, 0.0152685, 0.0121359, 0.0138309, 0.0115116, 0.0106327, 0.00860427, 0.01694, 0.0157345, 0.0149211, 0.0140221, 0.0138377, 0.0147613, 0.00794232, 0.0116299, 0.00818448];
GivenLatency = [76.5613, 80.078, 84.0104, 97.4919, 58.3811, 93.4413, 108.172, 67.0789, 62.2575, 100.359, 77.3091, 78.9702, 65.5477, 124.113, 70.5528, 92.2555, 97.8465, 75.7313, 100.078, 71.8432, 90.2454, 83.599, 85.682, 67.6883, 80.3965, 61.1279, 57.7347, 62.7632, 72.5516, 54.4059, 93.2992, 99.9606, 69.9575, 68.6847, 61.9769, 126.19, 109.125, 97.8229, 81.669, 80.9745, 98.3092, 69.0839, 103.315, 70.2227, 107.998, 118.172, 108.077, 72.4966, 63.2967, 76.0035, 92.3435, 90.376, 89.6548, 91.776, 120.959, 62.1184, 79.3115, 71.5273, 70.2138, 81.7554, 75.1423, 139.135, 82.1106, 130.688];
HighestPossibleCritFunctionValue = 1.1;
