NumDevices = 64;
NumSlotes = 512;


GivenBandwidthOld = [0.017642, 0.0138084, 0.0195084, 0.0198782, 0.00968128, 0.0181885, 0.0115792, 0.0167195, 0.0100571, 0.00969137, 0.0128745, 0.0109695, 0.0193367, 0.0093955, 0.0151555, 0.010418, 0.0124951, 0.00990834, 0.00955057, 0.00892389, 0.0138044, 0.0161755, 0.0167541, 0.0157827, 0.0148401, 0.00922745, 0.0157059, 0.011035, 0.00782411, 0.0172799, 0.015604, 0.011999, 0.010184, 0.0172277, 0.0135602, 0.0105961, 0.0190346, 0.0190553, 0.0167834, 0.00846037, 0.0109972, 0.0104199, 0.0194275, 0.00973775, 0.0173257, 0.00982715, 0.0199098, 0.0165516, 0.0134927, 0.014214, 0.0121055, 0.0122122, 0.0175322, 0.0192747, 0.0170328, 0.0124481, 0.0194212, 0.0167579, 0.016786, 0.0140973, 0.0127568, 0.00860942, 0.016059, 0.00789896];
GivenLatency = [155.463, 161.353, 116.945, 167.519, 339.176, 143.195, 249.876, 165.744, 221.372, 304.128, 231.566, 260.376, 144.604, 267.329, 210.245, 269.341, 232.627, 235.201, 288.176, 370.85, 167.746, 142.16, 173.345, 180.327, 194.492, 287.116, 197.838, 278.881, 288.872, 156.071, 170.378, 236.265, 288.699, 143.964, 227.57, 256.272, 172.175, 173.616, 166.145, 265.917, 207.642, 280.599, 157.987, 244.292, 181.624, 229.403, 123.455, 184.144, 235.632, 194.398, 271.816, 192.223, 129.654, 115.326, 167.667, 234.387, 120.238, 174.691, 161.654, 160.333, 208.62, 279.244, 145.97, 417.181];
HighestPossibleCritFunctionValue = 1.1;
