NumDevices = 128;
NumSlotes = 1024;


GivenBandwidthOld = [0.00758731, 0.0074263, 0.00639089, 0.00413087, 0.00510353, 0.00756185, 0.00449628, 0.00649924, 0.00521403, 0.00465648, 0.00387381, 0.00458021, 0.00714998, 0.00719672, 0.00776055, 0.00407688, 0.00757477, 0.00674346, 0.00477612, 0.00476543, 0.00513245, 0.0086461, 0.00749962, 0.00854292, 0.00839885, 0.00694047, 0.00597185, 0.00630249, 0.00838921, 0.00500103, 0.00485541, 0.00744421, 0.00730477, 0.00871661, 0.00756712, 0.00806214, 0.00783272, 0.0069458, 0.00549037, 0.00407322, 0.00617883, 0.00502223, 0.0061468, 0.00684978, 0.00668293, 0.00747436, 0.00401134, 0.00616095, 0.00452268, 0.00517157, 0.00613195, 0.00712062, 0.00383547, 0.00526411, 0.00642659, 0.00420404, 0.00481828, 0.00833184, 0.00572378, 0.00708515, 0.00764716, 0.00827664, 0.00802643, 0.00772903, 0.00423367, 0.00785962, 0.00411021, 0.00780069, 0.00864827, 0.00405263, 0.00512476, 0.00427813, 0.00508837, 0.00769034, 0.00408744, 0.00503402, 0.00426684, 0.00532239, 0.00594124, 0.00684017, 0.00528527, 0.00706131, 0.00693149, 0.00513188, 0.00405027, 0.00533295, 0.00841343, 0.0070586, 0.00635835, 0.00730308, 0.00536899, 0.00414851, 0.0064708, 0.00724263, 0.00438202, 0.00608514, 0.0054154, 0.00404812, 0.00428602, 0.00772267, 0.00739747, 0.00682123, 0.00697799, 0.00657983, 0.00464381, 0.00599191, 0.00847774, 0.00780111, 0.00571157, 0.00690643, 0.00392804, 0.00602219, 0.00752013, 0.008356, 0.00685357, 0.00544099, 0.00427311, 0.00566098, 0.00656617, 0.00511596, 0.00651014, 0.00839106, 0.00605712, 0.00455637, 0.0063694, 0.00794601, 0.00603824, 0.00717796];
GivenLatency = [134.872, 163.845, 166.426, 239.03, 204.744, 152.704, 224.432, 153.08, 230.862, 206.626, 333.179, 236.956, 153.937, 133.799, 144.911, 243.76, 147.79, 160.923, 254.029, 234.915, 190.063, 111.401, 159.379, 142.552, 117.897, 148.163, 173.985, 152.13, 141.734, 210.603, 203.156, 133.016, 136.291, 121.838, 133.317, 127.996, 124.529, 144.885, 198.927, 265.964, 171.353, 214.343, 190.046, 170.23, 161.01, 165.651, 245.762, 201.473, 231.296, 201.927, 171.418, 170.112, 265.302, 246.06, 155.217, 277.152, 241.29, 124.24, 190.934, 162.03, 126.776, 136.629, 143.164, 148.363, 262.465, 148.497, 293.338, 127.508, 131.067, 239.768, 211.425, 225.79, 247.178, 142.187, 246.696, 226.48, 258.292, 208.434, 197.893, 172.613, 180.638, 148.639, 178.266, 216.568, 317.76, 187.176, 148.607, 164.28, 155.574, 158.7, 220.637, 310.579, 190.688, 171.658, 283.247, 182.54, 212.073, 284.725, 243.852, 143.099, 140.361, 157.755, 144.744, 178.047, 227.231, 170.467, 123.01, 131.144, 218.458, 145.183, 292.285, 180.251, 143.14, 131.198, 168.323, 184.593, 239.005, 215.581, 168.754, 203.446, 164.008, 115.161, 180.405, 219.536, 167.628, 151.534, 177.874, 151.151];
HighestPossibleCritFunctionValue = 1.1;
