NumDevices = 128;
NumSlotes = 1024;


GivenBandwidthOld = [0.00700347, 0.00486982, 0.00461602, 0.00397555, 0.00453761, 0.00611823, 0.00665542, 0.00507282, 0.006328, 0.00715631, 0.00851681, 0.0045395, 0.00781612, 0.00811269, 0.00741245, 0.00857331, 0.00405524, 0.00387573, 0.00682141, 0.0049605, 0.00865782, 0.00449802, 0.00567743, 0.0080804, 0.00486263, 0.00870914, 0.00706706, 0.00859886, 0.00846444, 0.00440933, 0.00514415, 0.00528249, 0.00535373, 0.0077003, 0.00645916, 0.0065292, 0.00377926, 0.00546341, 0.00596515, 0.0086997, 0.00833546, 0.00653334, 0.0083376, 0.00754771, 0.00683116, 0.00389069, 0.00838373, 0.00790408, 0.00630268, 0.00670317, 0.00770436, 0.00459502, 0.00596282, 0.00459994, 0.00869967, 0.00790418, 0.00814352, 0.00570632, 0.00863219, 0.00869255, 0.00814473, 0.00599016, 0.00406385, 0.00867424, 0.00545114, 0.00482237, 0.00715584, 0.00561742, 0.00450379, 0.00769627, 0.00377503, 0.00445671, 0.00649777, 0.00551275, 0.00535105, 0.00758011, 0.00637984, 0.00850595, 0.0069712, 0.00742464, 0.00841209, 0.00443053, 0.006413, 0.00585923, 0.00858857, 0.00554567, 0.00853374, 0.00402555, 0.00498073, 0.0085588, 0.00523308, 0.00483156, 0.00650612, 0.00585607, 0.00543719, 0.00533429, 0.00599701, 0.00421162, 0.00718594, 0.00665751, 0.00519009, 0.0073026, 0.00723923, 0.00729801, 0.00510829, 0.00753834, 0.00442265, 0.00394595, 0.00711463, 0.0081405, 0.00495502, 0.00645662, 0.00386195, 0.0052735, 0.00426024, 0.00428143, 0.00556848, 0.00697058, 0.00698778, 0.00619471, 0.00695312, 0.00852958, 0.00410978, 0.00556564, 0.00419771, 0.00849056, 0.00830355, 0.00526934];
GivenLatency = [177.518, 209.177, 241.869, 251.383, 230.237, 155.71, 190.654, 233.42, 184.795, 169.517, 114.974, 272.428, 130.548, 118.013, 146.527, 146.301, 247.968, 291.786, 145.404, 250.036, 139.389, 251.917, 182.157, 125.853, 200.933, 117.112, 178.963, 144.566, 149.993, 277.322, 198.49, 198.628, 226.1, 141.094, 153.844, 196.217, 277.744, 191.004, 167.303, 114.458, 116.309, 162.702, 155.515, 156.934, 164.085, 249.494, 143.678, 143.629, 185.713, 150.701, 161.991, 242.975, 171.094, 257.729, 116.306, 149.122, 159.096, 193.749, 112.539, 122.882, 123.083, 205.515, 290.523, 120.908, 183.304, 212.945, 160.506, 218.201, 229.729, 143.087, 290.951, 291.287, 171.089, 176.014, 185.644, 163.741, 187.711, 142.595, 161.319, 134.038, 143.734, 220.314, 148.971, 206.126, 149.817, 199.813, 135.72, 236.673, 245.081, 140.796, 239.001, 226.789, 152.444, 162.728, 194.628, 180.855, 165.478, 291.452, 154.041, 183.087, 189.42, 169.105, 147.392, 164.187, 239.156, 127.205, 243.395, 258.944, 170.302, 146.406, 193.838, 197.008, 252.871, 196.933, 226.454, 278.183, 191.121, 143.718, 179.908, 193.208, 151.995, 132.243, 280.925, 219.237, 237.428, 147.129, 152.639, 199.436];
HighestPossibleCritFunctionValue = 1.1;
