NumDevices = 128;
NumSlotes = 1024;


GivenBandwidthOld = [0.00264879, 0.00139444, 0.00376955, 0.00364855, 0.00433641, 0.00271285, 0.00297201, 0.00244412, 0.00200386, 0.00261303, 0.0035107, 0.0030704, 0.00297109, 0.00266049, 0.0041734, 0.0035209, 0.00258112, 0.00156369, 0.00157231, 0.00265404, 0.00207947, 0.00151368, 0.00169485, 0.0028282, 0.00412445, 0.00279031, 0.00180915, 0.0019954, 0.00423827, 0.0032538, 0.00411327, 0.00233759, 0.00218528, 0.00169496, 0.00155868, 0.00176769, 0.00201961, 0.00165574, 0.00174301, 0.00285587, 0.00352522, 0.00333393, 0.0039036, 0.00347041, 0.00409687, 0.00169144, 0.00182065, 0.00154379, 0.001407, 0.00247697, 0.00416578, 0.00362083, 0.00399568, 0.00406983, 0.00344209, 0.00315498, 0.00263515, 0.00336787, 0.0024729, 0.00134025, 0.00250323, 0.00171576, 0.00426835, 0.00251329, 0.00219522, 0.00318109, 0.00396378, 0.00245639, 0.00208117, 0.00190352, 0.00370773, 0.00199675, 0.00184792, 0.00359208, 0.00205109, 0.00269526, 0.00428723, 0.00425684, 0.00279449, 0.00329115, 0.00377703, 0.00430465, 0.00329156, 0.00430948, 0.00325714, 0.0039201, 0.00268022, 0.00141956, 0.00424721, 0.0035297, 0.00369046, 0.00250152, 0.0042479, 0.00258304, 0.00247043, 0.00367567, 0.00393921, 0.0019087, 0.00326478, 0.00435716, 0.00140215, 0.0022586, 0.0027596, 0.00127084, 0.00147195, 0.00349606, 0.00395024, 0.00292063, 0.00133298, 0.00216152, 0.00243584, 0.00350062, 0.00238677, 0.0038163, 0.00185615, 0.00137691, 0.00293052, 0.00191861, 0.00428593, 0.00427342, 0.00343965, 0.00276919, 0.00309889, 0.0036979, 0.00244958, 0.00314377, 0.00176068, 0.00300143];
GivenLatency = [145.755, 383.425, 88.1178, 98.7777, 97.0016, 120.272, 111.795, 186.234, 255.075, 211.359, 106.971, 113.66, 140.475, 154.498, 116.594, 152.609, 188.45, 216.07, 277.155, 120.949, 151.124, 223.146, 215.659, 203.819, 88.2938, 175.153, 278.668, 264.42, 105.638, 160.661, 78.1809, 238.573, 213.008, 206.379, 202.955, 309.208, 178.462, 284.203, 235.879, 155.388, 124.433, 174.797, 107.345, 168.553, 120.876, 265.672, 257.669, 227.137, 228.939, 215.68, 80.9182, 88.8159, 112.84, 142.854, 94.0063, 102.159, 154.219, 103.19, 209.189, 272.874, 181.525, 182.625, 140.073, 177.2, 297.7, 105.391, 93.2948, 168.295, 201.194, 332.47, 119.887, 178.332, 207.495, 106.006, 212.045, 128.43, 91.0674, 115.664, 165.829, 101.783, 126.178, 120.257, 161.237, 78.4911, 144.866, 88.7437, 129.244, 242.485, 87.6481, 99.5184, 103.622, 185.48, 126.878, 165.867, 134.753, 129.157, 100.815, 199.044, 151.861, 79.497, 279.298, 213.544, 124.978, 321.113, 249.096, 133.016, 101.829, 183.864, 331.45, 149.534, 213.774, 95.3658, 158.3, 85.4052, 203.35, 330.425, 138.685, 305.777, 128.43, 100.586, 123.228, 201.93, 155.994, 100.874, 131.737, 181.827, 357.727, 171.097];
HighestPossibleCritFunctionValue = 1.1;
