NumDevices = 128;
NumSlotes = 1024;


GivenBandwidthOld = [0.00451957, 0.00792723, 0.00549253, 0.00546271, 0.00427858, 0.00752831, 0.0058002, 0.00639685, 0.00431568, 0.00612191, 0.0083989, 0.00772952, 0.00761165, 0.00643107, 0.00449551, 0.00859391, 0.00532058, 0.00548241, 0.00544552, 0.00538025, 0.00830489, 0.00774159, 0.00539135, 0.00487199, 0.00605055, 0.00407527, 0.00555232, 0.00530313, 0.00727794, 0.00781569, 0.00571731, 0.0084103, 0.0044362, 0.00678608, 0.00613008, 0.00571747, 0.0060913, 0.00402091, 0.00694525, 0.00631927, 0.00546232, 0.00775017, 0.00462464, 0.00384266, 0.00609605, 0.00386076, 0.00522184, 0.00589706, 0.00433162, 0.00411824, 0.00767846, 0.00432006, 0.00483007, 0.00642229, 0.00698356, 0.00515534, 0.00831547, 0.00569041, 0.00626107, 0.00730919, 0.00808535, 0.00803753, 0.00418339, 0.0077408, 0.00704887, 0.00793539, 0.00754122, 0.00774386, 0.0086383, 0.00649269, 0.00514577, 0.00745772, 0.00441168, 0.00461437, 0.00625948, 0.00556081, 0.00809837, 0.00683773, 0.00416126, 0.00583431, 0.00476378, 0.00737443, 0.00462676, 0.00443523, 0.00536053, 0.0068549, 0.00782554, 0.00642018, 0.00644523, 0.00744774, 0.00666621, 0.00653212, 0.0078149, 0.00758275, 0.00577504, 0.00858226, 0.00449543, 0.00717773, 0.00855782, 0.00869936, 0.00770415, 0.00614864, 0.00764012, 0.00501829, 0.00482083, 0.00618735, 0.00837103, 0.00437435, 0.00715979, 0.00712376, 0.00645454, 0.00393282, 0.00646733, 0.00392925, 0.00644941, 0.00772408, 0.0060272, 0.0066304, 0.004569, 0.00869739, 0.00446153, 0.00742043, 0.00770002, 0.00670319, 0.00798841, 0.00375904, 0.00565799, 0.00630648];
GivenLatency = [255.129, 149.897, 208.037, 216.467, 223.245, 129.115, 177.421, 153.32, 296.589, 157.936, 134.215, 151.087, 141.988, 184.829, 255.041, 110.908, 204.294, 205.211, 178.171, 211.331, 126.644, 132.11, 232.507, 209.507, 188.368, 255.69, 173.784, 182.921, 143.114, 122.945, 212.754, 153.782, 265.688, 146.646, 198.4, 168.589, 177.57, 269.25, 166.251, 203.208, 188.926, 124.759, 238.66, 317.058, 192.791, 285.345, 226.2, 182.671, 238.815, 288.271, 158.954, 259.69, 210.407, 193.347, 151.999, 212.207, 149.764, 173.232, 161.329, 167.633, 152.994, 122.306, 279.296, 152.562, 157.436, 125.594, 156.64, 144.405, 130.888, 156.539, 211.868, 153.966, 250.306, 214.191, 154.011, 187.747, 132.648, 145.051, 238.261, 188.589, 219.176, 168.638, 233.355, 217.063, 179.485, 171.744, 139.92, 167.529, 167.513, 129.561, 155.509, 174.222, 157.857, 138.315, 210.816, 118.851, 212.255, 159.268, 118.228, 137.654, 126.068, 165.236, 134.474, 249.024, 241.38, 201.052, 146.402, 259.721, 150.327, 137.313, 173.811, 325.721, 165.78, 308.122, 200.386, 147.663, 182.14, 165.71, 264.045, 135.343, 261.605, 129.16, 142.814, 174.803, 149.772, 295.211, 199.379, 171.272];
HighestPossibleCritFunctionValue = 1.1;
