NumDevices = 16;
NumSlotes = 128;


GivenBandwidthOld = [0.0365614, 0.0680546, 0.0538413, 0.0510842, 0.0314295, 0.0547945, 0.0309545, 0.0327425, 0.0426066, 0.0690299, 0.0455669, 0.0631097, 0.0655876, 0.031626, 0.0374622, 0.0473407];
GivenLatency = [28.5922, 15.331, 20.284, 16.233, 28.9644, 17.8179, 27.4024, 25.2183, 19.7654, 15.1604, 24.3596, 16.3871, 12.7063, 25.6362, 24.6983, 22.6278];
HighestPossibleCritFunctionValue = 1.1;
