NumDevices = 128;
NumSlotes = 1024;


GivenBandwidthOld = [0.00452644, 0.0095552, 0.00927385, 0.00560512, 0.00776661, 0.0046074, 0.00783277, 0.00419965, 0.00468476, 0.00803988, 0.009938, 0.00541194, 0.00469684, 0.00477747, 0.00376584, 0.00742785, 0.00489564, 0.00855492, 0.00996364, 0.00519169, 0.0092737, 0.00937724, 0.00583077, 0.00648986, 0.00883444, 0.00801248, 0.00583788, 0.00717035, 0.00837573, 0.00467425, 0.00633415, 0.00437285, 0.00954609, 0.00610574, 0.00914937, 0.00726713, 0.00982181, 0.00885201, 0.00947983, 0.00508587, 0.00566061, 0.00907106, 0.00980138, 0.00932625, 0.00507842, 0.00544428, 0.00443144, 0.00676505, 0.0090037, 0.00887648, 0.00822145, 0.0053413, 0.00498627, 0.006759, 0.00726011, 0.00447684, 0.00722238, 0.00776128, 0.00887319, 0.00919082, 0.00379486, 0.00777108, 0.00476686, 0.00664476, 0.00601561, 0.0069123, 0.00869887, 0.00437701, 0.00441512, 0.00741139, 0.00940767, 0.00472173, 0.00439749, 0.00485505, 0.00749857, 0.00597343, 0.00415287, 0.00599662, 0.00645419, 0.00930355, 0.00472223, 0.00657165, 0.00841387, 0.00814978, 0.00712574, 0.00856783, 0.0083093, 0.006897, 0.00780607, 0.00538667, 0.00497935, 0.00910942, 0.00444362, 0.0051437, 0.00883938, 0.00966086, 0.00375322, 0.00791904, 0.00406996, 0.00639677, 0.00684059, 0.00976866, 0.00941429, 0.00975444, 0.0078081, 0.00817854, 0.00917532, 0.00585403, 0.00375681, 0.00574831, 0.0081772, 0.00543772, 0.00668314, 0.00728948, 0.00434113, 0.00766435, 0.00477065, 0.00779931, 0.0043127, 0.00473704, 0.00538278, 0.00845762, 0.00599475, 0.00619664, 0.00575971, 0.00589854, 0.00802086, 0.00908011];
GivenLatency = [958.742, 395.756, 364.056, 624.613, 454.365, 1047.35, 615.357, 896.067, 738.767, 441.92, 346.053, 686.804, 923.542, 999.607, 1058.05, 562.597, 721.906, 491.028, 337.565, 746.301, 385.076, 482.049, 767.884, 553.01, 413.438, 584.78, 583.783, 536.584, 410.94, 926.579, 579.141, 767.083, 479.742, 724.332, 407.13, 512.383, 494.36, 492.317, 363.013, 960.035, 817.492, 391.07, 496.158, 391.367, 719.264, 813.983, 804.519, 711.291, 391.303, 530.557, 463.756, 872.304, 830.154, 534.957, 561.359, 795.842, 485.194, 486.845, 540.12, 397.169, 977.098, 443.439, 835.703, 570.247, 660.873, 509.652, 489.952, 1012.54, 856.764, 668.154, 487.474, 822.284, 770.183, 695.346, 496.866, 569.304, 1067.15, 723.385, 541.834, 385.067, 939.379, 750.75, 404.44, 583.514, 655.921, 552.957, 494.937, 643.374, 572.759, 861.592, 870.05, 391.208, 753.033, 870.066, 439.468, 418.106, 1291.02, 623.976, 1039.61, 589.673, 657.969, 417.773, 393.608, 431.484, 571.257, 551.957, 452.534, 596.971, 1321.34, 640.4, 605.117, 862.48, 620.782, 490.399, 829.572, 525.255, 738.763, 455.215, 819.875, 745.438, 869.58, 467.134, 719.427, 734.581, 635.472, 818.172, 443.141, 446.524];
HighestPossibleCritFunctionValue = 1.1;
