NumDevices = 128;
NumSlotes = 1024;


GivenBandwidthOld = [0.00898174, 0.00852654, 0.0080516, 0.00704339, 0.00583243, 0.00944766, 0.00802025, 0.00509723, 0.0091382, 0.00701399, 0.00544759, 0.00384855, 0.00381189, 0.00645421, 0.00958544, 0.00504894, 0.00378085, 0.00966831, 0.00400971, 0.00626193, 0.0093061, 0.00391782, 0.00555441, 0.00552582, 0.00615212, 0.0074578, 0.00819248, 0.00593782, 0.00576496, 0.00672822, 0.00862273, 0.00603227, 0.00557151, 0.00539381, 0.00621972, 0.00603522, 0.00522112, 0.00382379, 0.00637812, 0.005874, 0.00813895, 0.00626894, 0.00838087, 0.00976554, 0.00686673, 0.00534784, 0.00866648, 0.00379559, 0.00753886, 0.00817767, 0.00701477, 0.00598084, 0.00997714, 0.00710494, 0.0090189, 0.00811591, 0.00653193, 0.00968023, 0.00433131, 0.00506435, 0.00659154, 0.00531575, 0.00675223, 0.00589529, 0.00971148, 0.00456296, 0.00468976, 0.00451178, 0.00697732, 0.00784816, 0.00660636, 0.004266, 0.00738016, 0.00962486, 0.00503848, 0.00919248, 0.00677854, 0.0043537, 0.0063217, 0.00760709, 0.00482093, 0.00916796, 0.00716443, 0.00885122, 0.00867021, 0.00402913, 0.00755462, 0.00417358, 0.00417785, 0.00709699, 0.00666602, 0.00712096, 0.00947247, 0.00634256, 0.00807694, 0.00790143, 0.00816678, 0.00532799, 0.00621144, 0.00448896, 0.00472818, 0.00659514, 0.00952401, 0.00376663, 0.00825645, 0.00618152, 0.00775381, 0.00833769, 0.00902578, 0.00497899, 0.00937283, 0.00665102, 0.00499262, 0.00713722, 0.00768178, 0.00389762, 0.00981598, 0.00472641, 0.00809354, 0.00562716, 0.00944204, 0.00734589, 0.00858706, 0.00648645, 0.00778735, 0.00950493, 0.00816142, 0.00897172];
GivenLatency = [391.334, 580.43, 414.467, 519.951, 592.665, 373.637, 422.244, 816.053, 486.61, 631.948, 648.96, 881.772, 1089.7, 628.429, 454.679, 886.32, 960.362, 375.72, 1004.1, 583.305, 419.605, 882.379, 796.212, 732.864, 769.933, 567.982, 469.111, 838.062, 752.657, 626.67, 512.479, 594.978, 769.955, 644.975, 605.436, 654.625, 720.507, 1050.3, 582.53, 696.947, 599.024, 552.622, 567.199, 467.624, 663.952, 877.635, 472.069, 1262.5, 549.27, 579.968, 709.17, 766.359, 368.326, 613.18, 504.396, 444.75, 595.554, 447.152, 964.602, 795.436, 580.945, 831.559, 522.213, 673.097, 459.625, 1025.29, 1041.06, 972.746, 689.868, 439.507, 606.599, 825.469, 539.645, 444.5, 721.047, 470.562, 605.258, 1096.17, 527.61, 454.432, 768.368, 497.147, 671.002, 552.605, 463.039, 1140.97, 476.869, 810.943, 1094.31, 503.652, 644.272, 473.186, 465.175, 596.53, 488.871, 472.661, 544.159, 810.603, 744.029, 1101.78, 1005.52, 687.047, 352.637, 933.079, 404.319, 556.368, 441.959, 422.865, 398.542, 954.274, 460.352, 508.005, 901.705, 579.977, 573.87, 1041.53, 347.244, 868.956, 526.748, 601.881, 371.105, 570.814, 538.302, 578.168, 493.59, 432.067, 578.707, 387.503];
HighestPossibleCritFunctionValue = 1.1;
