NumDevices = 16;
NumSlotes = 128;


GivenBandwidthOld = [0.0517533, 0.0372982, 0.0501637, 0.0420925, 0.0687279, 0.0505637, 0.044357, 0.0486703, 0.0621543, 0.0472654, 0.0493753, 0.0300295, 0.0461292, 0.033466, 0.0425846, 0.0591629];
GivenLatency = [17.4526, 24.2108, 19.4844, 19.4521, 11.3887, 19.3779, 24.0611, 22.1744, 12.8485, 16.8945, 15.583, 26.714, 19.3979, 31.9857, 24.7361, 14.942];
HighestPossibleCritFunctionValue = 1.1;
