NumDevices = 128;
NumSlotes = 1024;


GivenBandwidthOld = [0.00389237, 0.00226401, 0.003009, 0.00222347, 0.00300836, 0.00394771, 0.0041687, 0.00264858, 0.00405128, 0.00416285, 0.00128633, 0.002511, 0.00427946, 0.00175682, 0.00381977, 0.00384799, 0.00313971, 0.00223943, 0.00242129, 0.00279515, 0.00180479, 0.00366834, 0.00253304, 0.00288142, 0.00183944, 0.00163785, 0.00418426, 0.00168158, 0.00166388, 0.00415411, 0.0012548, 0.00388188, 0.00401307, 0.0026174, 0.00192689, 0.00266219, 0.00154908, 0.0028127, 0.00301005, 0.00429465, 0.00394007, 0.00390546, 0.00342371, 0.00348419, 0.00135823, 0.00159756, 0.00205119, 0.00436644, 0.00421556, 0.00273079, 0.00143048, 0.00324532, 0.00215579, 0.00292536, 0.00274813, 0.00219514, 0.00189957, 0.00297309, 0.00180742, 0.00411363, 0.00209819, 0.00363446, 0.00185987, 0.00136844, 0.00430122, 0.00193121, 0.00350196, 0.00310266, 0.00137495, 0.00432747, 0.00240755, 0.003056, 0.00153769, 0.00213668, 0.00364302, 0.00200851, 0.00257607, 0.0041909, 0.0039254, 0.00421143, 0.00211492, 0.00364644, 0.00320044, 0.00410482, 0.00403835, 0.00251803, 0.00370419, 0.00189895, 0.00187132, 0.00312232, 0.00367407, 0.00197409, 0.0022721, 0.00152009, 0.00321794, 0.00142299, 0.00242254, 0.00185681, 0.00304663, 0.00339848, 0.0013169, 0.00370179, 0.00226325, 0.00274889, 0.00238868, 0.00159105, 0.00202262, 0.00233982, 0.00221619, 0.002509, 0.00187847, 0.00142626, 0.00421346, 0.00186732, 0.0015538, 0.00416947, 0.00310398, 0.00178993, 0.00404421, 0.00421549, 0.00167235, 0.0028028, 0.00220929, 0.00215029, 0.00427619, 0.00307092, 0.00235184, 0.00431097];
GivenLatency = [98.942, 190.7, 197.481, 192.063, 201.796, 163.413, 111.25, 214.879, 82.0424, 97.2057, 326.219, 195.389, 103.105, 186.932, 116.248, 103.357, 116.74, 149.846, 207.823, 126.896, 200.898, 121.497, 123.819, 134.406, 216.683, 258.273, 101.425, 196.171, 222.03, 94.6738, 480.376, 114.266, 105.791, 122.813, 197.728, 178.677, 314.49, 233.184, 116.022, 76.5927, 146.714, 80.0785, 174.246, 151.376, 287.341, 343.19, 196.887, 101.958, 141.043, 170.173, 286.088, 156.559, 168.797, 108.894, 155.395, 254.737, 262.964, 170.683, 173.045, 78.1927, 168.453, 141.164, 182.592, 286.136, 122.188, 329.895, 129.267, 182.508, 254.958, 77.5889, 134.989, 138.787, 416.515, 178.08, 96.8337, 174.284, 128.973, 92.65, 104.034, 124.44, 301.866, 97.2348, 150.174, 87.3999, 159.241, 169.516, 85.7429, 290.237, 275.562, 169.162, 112.932, 187.41, 183.024, 213.06, 100.139, 416.066, 131.557, 168.958, 178.952, 153.115, 400.807, 127.276, 220.21, 140.518, 221.203, 335.132, 178.511, 199.757, 162.93, 162.816, 242.574, 272.934, 126.759, 193.602, 291.353, 123.537, 199.665, 206.375, 154.021, 102.231, 215.892, 163.872, 143.567, 185.533, 76.559, 109.277, 217.895, 86.178];
HighestPossibleCritFunctionValue = 1.1;
