NumDevices = 128;
NumSlotes = 1024;


GivenBandwidthOld = [0.00829153, 0.00817214, 0.00667526, 0.00853719, 0.00709764, 0.00760333, 0.00660778, 0.00443771, 0.00703536, 0.00571143, 0.00449583, 0.00397391, 0.00702691, 0.008693, 0.00571921, 0.00523459, 0.00522875, 0.00715167, 0.00557502, 0.00680729, 0.00764108, 0.00607338, 0.0077548, 0.00750136, 0.00783816, 0.00841285, 0.00722422, 0.0049199, 0.00632337, 0.00437272, 0.00482099, 0.00392604, 0.00738923, 0.00834474, 0.00760046, 0.00836314, 0.00684261, 0.00625538, 0.0065977, 0.00512055, 0.00853449, 0.00660605, 0.00539828, 0.00633396, 0.00738764, 0.00652734, 0.00745018, 0.0077244, 0.00652632, 0.00534186, 0.00809259, 0.00462608, 0.00803322, 0.00690311, 0.00812916, 0.00420785, 0.00381501, 0.00637544, 0.00455772, 0.00402615, 0.00497735, 0.00677559, 0.00491112, 0.00864506, 0.00509847, 0.00742476, 0.00552548, 0.00423715, 0.00629618, 0.0074476, 0.00438952, 0.00718955, 0.00722668, 0.00625937, 0.00378568, 0.00835495, 0.00421657, 0.00543159, 0.00623336, 0.00653593, 0.00694981, 0.007926, 0.00482094, 0.00799133, 0.0078312, 0.00640111, 0.0060152, 0.00497198, 0.00654699, 0.00771686, 0.00478457, 0.0067508, 0.00816192, 0.00495294, 0.00650096, 0.00414268, 0.00844048, 0.00660426, 0.00535609, 0.00735346, 0.00713194, 0.00401069, 0.00512416, 0.00427615, 0.00676819, 0.00542266, 0.00609859, 0.00649612, 0.0077111, 0.00800854, 0.00701605, 0.00622296, 0.00678465, 0.00715881, 0.00559924, 0.00388403, 0.00641159, 0.00716529, 0.00451185, 0.00821299, 0.00819185, 0.00785265, 0.00699208, 0.00833544, 0.00624599, 0.00392771, 0.0054983, 0.00749157];
GivenLatency = [117.42, 152.836, 170.815, 124.619, 154.015, 151.967, 188.768, 258.1, 161.594, 217.354, 263.736, 295.613, 175.784, 128.441, 188.239, 243.114, 189.81, 175.793, 222.485, 181.222, 131.255, 184.159, 163.008, 150.01, 159.541, 145.76, 145.168, 208.635, 194.074, 230.833, 213.69, 298.055, 149.351, 139.316, 142.505, 142.321, 181.256, 167.144, 147.235, 246.821, 139.108, 181.767, 178.259, 156.988, 150.956, 157.332, 133.339, 139.395, 171.356, 193.986, 147.89, 218.268, 132.902, 175.552, 145.649, 256.099, 260.559, 149.933, 235.477, 263.788, 199.613, 145.861, 208.366, 130.268, 219.231, 139.362, 179.587, 279.416, 164.749, 129.937, 278.527, 134.694, 177.878, 157.145, 274.269, 153.839, 278.299, 201.449, 159.305, 155.578, 162.653, 154.135, 250.508, 140.877, 130.793, 163.47, 184.182, 231.913, 168.164, 162.627, 215.169, 175.672, 144.179, 209.942, 166.922, 264.658, 127.941, 160.42, 234.215, 157.111, 147.618, 302.94, 247.662, 257.326, 143.132, 211.509, 177.573, 186.852, 145.08, 142.09, 141.217, 154.437, 140.456, 152.874, 193.962, 285.295, 177.106, 151.349, 286.63, 133.923, 142.018, 134.823, 141.616, 141.933, 188.02, 296.998, 228.496, 152.831];
HighestPossibleCritFunctionValue = 1.1;
