NumDevices = 32;
NumSlotes = 256;


GivenBandwidthOld = [0.0177714, 0.0335305, 0.0174816, 0.0240356, 0.0158466, 0.0241348, 0.0233451, 0.0304755, 0.0320362, 0.0230773, 0.0307562, 0.0288927, 0.0300764, 0.0244977, 0.0220064, 0.0310277, 0.0328996, 0.0335501, 0.0258482, 0.0213515, 0.025211, 0.0308758, 0.0199755, 0.0184391, 0.0166538, 0.0298387, 0.0296499, 0.0152997, 0.0319805, 0.0263473, 0.0296926, 0.0337087];
GivenLatency = [48.4589, 27.7101, 56.0831, 37.4925, 66.1307, 35.4571, 41.6389, 37.4182, 33.4009, 37.3054, 34.6675, 30.6571, 29.2417, 45.183, 46.9389, 26.9311, 25.6711, 29.4565, 42.872, 40.9016, 45.3734, 27.8768, 46.9725, 50.5715, 63.5336, 33.9591, 29.3011, 65.9379, 28.4892, 35.8398, 34.7942, 34.4053];
HighestPossibleCritFunctionValue = 1.1;
