NumDevices = 32;
NumSlotes = 256;


GivenBandwidthOld = [0.0156497, 0.00644884, 0.00564228, 0.0123064, 0.016868, 0.00718242, 0.0100165, 0.0173008, 0.00712322, 0.0149229, 0.0166609, 0.014481, 0.0148537, 0.0161415, 0.00979935, 0.00523128, 0.0171486, 0.0106675, 0.0094271, 0.0113347, 0.0102778, 0.0089019, 0.00919443, 0.0131947, 0.0090738, 0.0109298, 0.00508997, 0.0170963, 0.0077522, 0.0112915, 0.00853269, 0.0164132];
GivenLatency = [23.4177, 56.9434, 55.8155, 38.8784, 24.2642, 45.6799, 50.7176, 30.0396, 67.4778, 22.0568, 27.3233, 29.3472, 28.7766, 39.0013, 55.3607, 79.6857, 28.2254, 39.1533, 37.0213, 30.5328, 51.8053, 42.7561, 39.2349, 27.5703, 56.0531, 38.8268, 90.1588, 23.5428, 44.1632, 28.2586, 53.9891, 20.254];
HighestPossibleCritFunctionValue = 1.1;
