NumDevices = 128;
NumSlotes = 1024;


GivenBandwidthOld = [0.00449801, 0.00557314, 0.00533938, 0.00642171, 0.00719614, 0.00794362, 0.0059677, 0.00659493, 0.00853698, 0.00851955, 0.00549965, 0.00518855, 0.00647714, 0.00384592, 0.00585583, 0.00640297, 0.00720833, 0.0078996, 0.00612137, 0.00432191, 0.00586052, 0.00533699, 0.00630132, 0.0087174, 0.0058244, 0.00820992, 0.00657811, 0.00587051, 0.008233, 0.00451292, 0.00623035, 0.00593775, 0.00831106, 0.00651353, 0.00543954, 0.00485241, 0.00698526, 0.00872327, 0.00452282, 0.00757157, 0.00785237, 0.0072707, 0.00619168, 0.0060013, 0.00635587, 0.00567083, 0.00707803, 0.00797117, 0.00397379, 0.00491472, 0.00427473, 0.00795485, 0.00473699, 0.00700672, 0.00444646, 0.00417399, 0.0047975, 0.00412707, 0.00615462, 0.00821413, 0.00741087, 0.00691055, 0.00809166, 0.00399815, 0.00443173, 0.00652759, 0.00678623, 0.00860517, 0.00454297, 0.00627445, 0.00712513, 0.00458408, 0.00716195, 0.0083222, 0.00871688, 0.00711299, 0.005471, 0.00862806, 0.00428842, 0.00801254, 0.00432701, 0.00657371, 0.00680438, 0.00867117, 0.00387145, 0.00502962, 0.00527991, 0.00692298, 0.00702563, 0.00717878, 0.00623187, 0.00654019, 0.0085351, 0.00698206, 0.00490935, 0.00397999, 0.00426629, 0.00601152, 0.00806544, 0.00830046, 0.00839632, 0.00453431, 0.0055667, 0.00709286, 0.0072739, 0.00498486, 0.00796899, 0.00730705, 0.00708883, 0.00445012, 0.00562054, 0.00691053, 0.00774479, 0.00424338, 0.00600385, 0.00415375, 0.00454226, 0.00433403, 0.00452558, 0.00399019, 0.00570842, 0.00399493, 0.00534987, 0.00778859, 0.00533274, 0.00487705, 0.00605134, 0.00731549];
GivenLatency = [284.635, 190.395, 204.61, 196.857, 179.48, 141.342, 193.97, 149.728, 115.163, 113.67, 201.154, 222.18, 194.97, 314.298, 168.331, 170.418, 137.683, 147.238, 180.998, 221.298, 209.791, 235.832, 181.433, 115.572, 182.459, 140.652, 194.389, 187.141, 122.778, 249.352, 158.894, 211.339, 152.223, 180.876, 196.622, 227.563, 143.289, 133.948, 233.369, 160.059, 133.182, 165.239, 197.466, 201.269, 174.238, 181.664, 138.068, 146.065, 248.645, 254.639, 226.746, 144.388, 229.389, 163.719, 229.651, 272.071, 245.506, 244.521, 196.589, 153.089, 142.494, 163.877, 159.59, 312.168, 282.702, 180.314, 178.566, 115.199, 255.17, 164.449, 166.486, 279.687, 170.238, 132.42, 123.361, 175.798, 192.347, 115.213, 286.942, 131.36, 282.309, 147.005, 146.014, 138.513, 250.898, 196.439, 181.944, 153.547, 180.918, 177.758, 198.255, 182.986, 117.616, 149.173, 250.233, 249.213, 296.501, 166.396, 150.08, 142.726, 121.346, 240.138, 207.118, 167.501, 165.922, 224.203, 130.137, 150.689, 135.421, 267.583, 222.148, 144.188, 139.557, 263.752, 166.841, 269.862, 232.812, 261.608, 245.134, 244.291, 189.232, 292.818, 214.86, 149.943, 186.108, 235.291, 158.89, 144.553];
HighestPossibleCritFunctionValue = 1.1;
