NumDevices = 32;
NumSlotes = 256;


GivenBandwidthOld = [0.0259857, 0.026981, 0.0291655, 0.0200238, 0.0244234, 0.0186252, 0.0184254, 0.0350863, 0.030294, 0.0362602, 0.0347448, 0.0163556, 0.0228568, 0.0384131, 0.0197909, 0.0360041, 0.0317084, 0.0330583, 0.0210869, 0.01689, 0.0297945, 0.0164752, 0.0339515, 0.0330287, 0.0230232, 0.0355712, 0.0304644, 0.025466, 0.0164956, 0.0260521, 0.0174591, 0.0200531];
GivenLatency = [91.4225, 91.3968, 60.6436, 110.191, 95.8814, 104.115, 92.5931, 52.8671, 78.4918, 68.3546, 49.4981, 139.949, 90.7247, 47.4623, 97.2846, 53.8114, 65.8582, 56.5024, 90.4979, 133.869, 71.0451, 103.128, 53.9677, 60.5643, 73.8584, 66.5672, 62.946, 71.9592, 105.706, 65.5462, 99.5768, 121.772];
HighestPossibleCritFunctionValue = 1.1;
