NumDevices = 128;
NumSlotes = 1024;


GivenBandwidthOld = [0.00413894, 0.00255982, 0.00295484, 0.00133063, 0.00330545, 0.00340738, 0.00411341, 0.0015233, 0.00393117, 0.00430507, 0.00407685, 0.00275464, 0.00216012, 0.00393166, 0.00317921, 0.00362189, 0.00305683, 0.00299886, 0.00371428, 0.00276709, 0.00202946, 0.00169712, 0.00352242, 0.00317709, 0.00239742, 0.00162468, 0.00162752, 0.00255014, 0.00274284, 0.00383308, 0.00253455, 0.00316013, 0.00171008, 0.00258947, 0.00125302, 0.00197536, 0.00183501, 0.00234621, 0.0033577, 0.00343951, 0.00344457, 0.00405726, 0.00159332, 0.00264157, 0.00178836, 0.00259461, 0.00318357, 0.00195573, 0.00299945, 0.00431709, 0.00300713, 0.00214346, 0.00206703, 0.0018085, 0.0035595, 0.00130662, 0.00288076, 0.00324252, 0.00210226, 0.00334298, 0.00301765, 0.00390754, 0.00403581, 0.00353153, 0.00321064, 0.00375544, 0.00386891, 0.00162499, 0.00368094, 0.00179689, 0.00219933, 0.00355099, 0.00213677, 0.00211776, 0.00436846, 0.0037902, 0.00371114, 0.00321363, 0.00390336, 0.00255649, 0.00321602, 0.00350859, 0.00200366, 0.00243643, 0.00409766, 0.0024927, 0.00292138, 0.00147159, 0.00362215, 0.00433052, 0.00363241, 0.00175429, 0.00178232, 0.00428076, 0.00178656, 0.00358889, 0.00160895, 0.00282832, 0.00303727, 0.00235296, 0.00428118, 0.00258178, 0.00329761, 0.00293619, 0.00350223, 0.00135969, 0.00423475, 0.00340366, 0.00398555, 0.00267874, 0.00159337, 0.00347705, 0.0032333, 0.00332402, 0.00301844, 0.00152322, 0.00257684, 0.00147689, 0.00206211, 0.00353259, 0.00220459, 0.00435371, 0.00288039, 0.00320409, 0.0029366, 0.00418913, 0.00237821, 0.00376208];
GivenLatency = [99.3089, 143.784, 168.729, 325.755, 130.985, 100.536, 104.564, 419.309, 138.073, 81.6973, 84.1903, 135.468, 176.591, 91.6256, 138.698, 119.581, 172.692, 108.678, 102.516, 113.88, 230.49, 240.949, 114.159, 135.784, 144.658, 331.746, 200.042, 155.433, 128.694, 133.395, 204.689, 169.493, 262.672, 208.457, 253.859, 238.086, 291.655, 201.226, 115.93, 146.906, 100.988, 82.0113, 249.39, 173.518, 203.936, 231.817, 139.097, 238.689, 130.758, 122.617, 128.445, 232.976, 153.046, 269.007, 145.34, 329.26, 165.7, 109.394, 257.762, 122.679, 174.684, 154.39, 106.567, 105.55, 176.387, 83.3411, 96.9246, 192.903, 126.251, 185.803, 272.505, 90.4214, 147.376, 309.603, 82.883, 162.947, 154.286, 107.47, 116.381, 138.073, 131.698, 94.2681, 180.553, 201.001, 87.8887, 185.369, 143.9, 362.088, 104.505, 95.6069, 100.56, 197.177, 257.753, 117.51, 265.79, 101.098, 316.364, 128.267, 184.441, 272.119, 123.081, 176.005, 129.212, 127.779, 128.961, 253.027, 117.004, 134.628, 80.3704, 171.122, 342.415, 90.8764, 167.331, 121.188, 149.286, 208.85, 234.35, 428.504, 177.491, 91.309, 153.715, 123.645, 111.062, 171.411, 209.417, 119.774, 226.714, 139.179];
HighestPossibleCritFunctionValue = 1.1;
