NumDevices = 32;
NumSlotes = 256;


GivenBandwidthOld = [0.0330289, 0.0266642, 0.0302387, 0.0319504, 0.0259736, 0.0231336, 0.0163395, 0.0287907, 0.019891, 0.0182869, 0.0331924, 0.0254273, 0.0171339, 0.0292321, 0.0382713, 0.0349573, 0.0371612, 0.0280411, 0.0218214, 0.0372289, 0.0162902, 0.025192, 0.0373967, 0.0365819, 0.0168366, 0.0328501, 0.0223615, 0.0398691, 0.0397333, 0.0323535, 0.0249644, 0.0372292];
GivenLatency = [67.495, 64.0396, 69.5122, 66.4455, 67.8016, 81.913, 103.005, 83.066, 95.4002, 100.554, 62.1863, 82.3974, 122.923, 61.0573, 45.4553, 65.9581, 56.3471, 64.4444, 79.492, 52.0294, 142.287, 95.8506, 47.1853, 57.1039, 148.451, 52.724, 96.7051, 47.5017, 48.7721, 62.7554, 86.97, 61.6916];
HighestPossibleCritFunctionValue = 1.1;
