NumDevices = 64;
NumSlotes = 512;


GivenBandwidthOld = [0.00524684, 0.00609875, 0.00536035, 0.00761405, 0.00440981, 0.0068463, 0.00704731, 0.00419796, 0.00266316, 0.00718203, 0.00591335, 0.00821126, 0.00413486, 0.00451334, 0.00327884, 0.00502071, 0.00557578, 0.00333553, 0.00777527, 0.00766151, 0.00827826, 0.00522735, 0.00355976, 0.00767222, 0.006929, 0.00320028, 0.00335333, 0.00694655, 0.00437218, 0.00579982, 0.00633589, 0.00352503, 0.00521374, 0.0061187, 0.00329633, 0.00521887, 0.00475509, 0.00375519, 0.00475201, 0.00834171, 0.00293281, 0.00801631, 0.0025654, 0.00784891, 0.00781611, 0.00663432, 0.00680422, 0.00595451, 0.0062177, 0.0046437, 0.00661605, 0.00600741, 0.00773396, 0.00722802, 0.00375709, 0.00546916, 0.00519216, 0.00592905, 0.00329609, 0.00740517, 0.00622493, 0.00735924, 0.0030207, 0.00394307];
GivenLatency = [74.6018, 65.9315, 58.6127, 41.6657, 104.643, 62.9322, 80.2117, 103.754, 163.192, 45.0858, 59.8715, 51.5495, 118.444, 79.4542, 170.139, 61.708, 79.9228, 169.251, 65.1867, 45.594, 38.6223, 74.222, 121.187, 66.198, 50.1802, 105.68, 100.485, 80.8909, 126.289, 53.6472, 70.0265, 101.986, 108.532, 68.4864, 125.604, 98.855, 66.1188, 132.5, 81.883, 41.7259, 111.744, 42.5515, 170.295, 42.6298, 69.079, 62.0268, 46.9406, 62.8592, 75.3103, 117.01, 48.6638, 59.6257, 51.5995, 50.5766, 85.876, 60.7213, 63.2561, 70.0515, 159.189, 42.4008, 53.3906, 47.1571, 114.885, 116.601];
HighestPossibleCritFunctionValue = 1.1;
