NumDevices = 128;
NumSlotes = 1024;


GivenBandwidthOld = [0.00398852, 0.0075902, 0.00594889, 0.00555053, 0.00523387, 0.00817669, 0.00816557, 0.00627121, 0.00770964, 0.00838917, 0.00425358, 0.00733896, 0.00835791, 0.00392392, 0.0067816, 0.00587003, 0.00506607, 0.00785793, 0.00574256, 0.00764534, 0.00770731, 0.00431821, 0.00867685, 0.00433739, 0.00599632, 0.00766596, 0.00435243, 0.00379607, 0.00804922, 0.00575479, 0.00817358, 0.00590405, 0.00690635, 0.00749804, 0.00709523, 0.00709369, 0.00609715, 0.00728779, 0.00831326, 0.00851606, 0.00689424, 0.00392338, 0.00770348, 0.00492805, 0.00822864, 0.00622391, 0.00771319, 0.00812675, 0.00377518, 0.00697853, 0.00560386, 0.00665967, 0.00659656, 0.00583935, 0.00440886, 0.00722218, 0.00576027, 0.00531253, 0.00515702, 0.00646994, 0.00775641, 0.00451306, 0.00841402, 0.00695371, 0.00853003, 0.00678009, 0.00549029, 0.00774979, 0.00813885, 0.00716225, 0.0084095, 0.00590993, 0.00568452, 0.00722975, 0.00798772, 0.00713872, 0.00795398, 0.00497027, 0.00782343, 0.0058806, 0.00769158, 0.00490163, 0.0041239, 0.00784319, 0.00805499, 0.0077453, 0.00770142, 0.00520687, 0.0043815, 0.00732634, 0.00621517, 0.00590784, 0.00557738, 0.00659659, 0.00641369, 0.00730944, 0.00731875, 0.0038002, 0.00743625, 0.0084769, 0.0038391, 0.00624366, 0.0046798, 0.00585219, 0.00525367, 0.0059005, 0.00717202, 0.00756462, 0.00603187, 0.00518754, 0.0044598, 0.00834089, 0.00786746, 0.00590212, 0.00443799, 0.00680322, 0.00418966, 0.00803614, 0.00592753, 0.00649177, 0.0047241, 0.00553463, 0.00801443, 0.00599567, 0.00673734, 0.00695813, 0.00785824, 0.00588475];
GivenLatency = [254.73, 139.622, 162.19, 208.927, 187.604, 136.873, 140.679, 179.466, 157.106, 122.78, 271.009, 147.558, 133.612, 251.821, 187.22, 193.384, 233.876, 122.182, 207.622, 144.085, 134.508, 272.728, 112.671, 294.781, 191.175, 134.023, 295.819, 339.632, 149.002, 188.954, 122.962, 184.351, 147.695, 131.161, 146.204, 166.818, 190.355, 144.059, 137.641, 114.264, 157.963, 285.666, 147.986, 260.299, 153.661, 195.884, 151.037, 141.916, 308.802, 150.21, 170.839, 184.484, 188.963, 199.22, 221.47, 145.989, 165.451, 231.831, 193.953, 166.588, 152.661, 271.348, 135.092, 146.542, 117.514, 184.034, 186.573, 135.658, 137.727, 151.403, 123.726, 161.963, 196.94, 136.039, 162.479, 137.611, 157.662, 259.557, 150.715, 174.758, 129.582, 251.696, 279.862, 123.509, 123.768, 148.482, 136.611, 214.62, 261.104, 133.711, 200.194, 219.614, 186.93, 178.327, 180.835, 153.388, 130.155, 311.944, 142.621, 114.207, 319.026, 156.247, 211.079, 175.169, 186.611, 196.72, 172.526, 156.233, 200.441, 190.891, 245.464, 147.584, 140.98, 188.619, 260.391, 142.657, 265.425, 156.414, 171.046, 192.001, 243.66, 191.668, 122.116, 167.999, 155.48, 156.261, 123.535, 203.373];
HighestPossibleCritFunctionValue = 1.1;
