NumDevices = 16;
NumSlotes = 128;


GivenBandwidthOld = [0.0168687, 0.0267298, 0.0132376, 0.0245194, 0.013324, 0.0271783, 0.0257, 0.0294053, 0.0300726, 0.0208744, 0.0252883, 0.0109017, 0.0154496, 0.0272086, 0.0349869, 0.0142007];
GivenLatency = [35.4509, 13.3247, 33.9361, 24.9069, 23.0067, 13.4163, 14.4968, 14.0981, 15.2084, 26.6751, 18.2432, 31.8424, 22.3874, 20.291, 15.4013, 33.4259];
HighestPossibleCritFunctionValue = 1.1;
