NumDevices = 16;
NumSlotes = 128;


GivenBandwidthOld = [0.0496841, 0.0610452, 0.0463461, 0.0396437, 0.0313838, 0.0472947, 0.062007, 0.0518887, 0.0338074, 0.0610579, 0.0602756, 0.0314214, 0.039727, 0.0318068, 0.036092, 0.0586299];
GivenLatency = [17.9632, 15.1778, 20.142, 21.3219, 27.8884, 16.5882, 14.8655, 15.0668, 30.8433, 12.9899, 13.8608, 30.627, 19.9215, 30.6446, 29.5361, 14.7787];
HighestPossibleCritFunctionValue = 1.1;
