NumDevices = 32;
NumSlotes = 256;


GivenBandwidthOld = [0.0397567, 0.0262128, 0.0181145, 0.0356068, 0.0284333, 0.0379579, 0.0188846, 0.0277254, 0.0152541, 0.034835, 0.0321155, 0.0250918, 0.028001, 0.0231835, 0.0299207, 0.0377338, 0.0261845, 0.017886, 0.020381, 0.0276419, 0.0369048, 0.0197164, 0.0334407, 0.0229428, 0.0348729, 0.0193733, 0.0171456, 0.0257778, 0.0329178, 0.034205, 0.019053, 0.0331852];
GivenLatency = [49.0645, 71.5874, 102.06, 51.902, 60.9465, 50.885, 90.6389, 83.3326, 159.798, 50.1082, 69.0645, 96.9168, 72.4322, 77.1289, 71.3355, 52.3423, 66.8075, 105.441, 114.548, 72.0287, 59.8778, 94.8238, 59.7115, 73.4012, 67.9073, 89.5936, 99.4272, 65.3177, 62.0078, 65.254, 92.2974, 53.4267];
HighestPossibleCritFunctionValue = 1.1;
