NumDevices = 64;
NumSlotes = 512;


GivenBandwidthOld = [0.00703368, 0.00625406, 0.00323439, 0.00782995, 0.00794718, 0.00331812, 0.0025626, 0.00461628, 0.00835378, 0.00565705, 0.00684758, 0.00346222, 0.00572077, 0.00272601, 0.00735551, 0.00276672, 0.00403485, 0.00496597, 0.00434488, 0.00306931, 0.00845723, 0.00688531, 0.0063836, 0.00545357, 0.00559894, 0.00517715, 0.00363136, 0.00481194, 0.00308424, 0.00300338, 0.00652269, 0.00560094, 0.00753074, 0.0042112, 0.00640852, 0.00549004, 0.0061427, 0.00664608, 0.00437929, 0.00653652, 0.00673292, 0.00762752, 0.00564128, 0.00425593, 0.00811735, 0.00698951, 0.00766756, 0.00359678, 0.00479109, 0.00261228, 0.0083221, 0.00445494, 0.00292516, 0.00448932, 0.00579717, 0.00556622, 0.00525462, 0.00573137, 0.00585858, 0.00640365, 0.00492787, 0.00777813, 0.00572104, 0.00734024];
GivenLatency = [43.8918, 55.0099, 118.427, 57.8127, 69.8925, 97.9605, 150.472, 127.927, 72.035, 54.8308, 87.0424, 177.488, 76.5501, 152.096, 47.6592, 114.917, 84.037, 67.0287, 126.204, 130.675, 59.2077, 49.4131, 64.7044, 91.0716, 72.3558, 63.6963, 151.858, 68.769, 170.343, 124.638, 61.3432, 78.3763, 67.6171, 120.656, 72.6484, 108.752, 61.7268, 50.3655, 121.956, 47.456, 63.9102, 55.1882, 114.681, 93.8266, 69.1497, 44.3718, 51.5853, 159.251, 125.032, 135.186, 54.4452, 91.2082, 191.928, 88.3245, 99.8462, 109.231, 90.4007, 72.5469, 88.724, 56.2887, 72.758, 41.765, 75.6785, 59.6951];
HighestPossibleCritFunctionValue = 1.1;
