NumDevices = 16;
NumSlotes = 128;


GivenBandwidthOld = [0.0300306, 0.014126, 0.0309252, 0.024579, 0.0147278, 0.0193041, 0.0345783, 0.0218765, 0.0183368, 0.026637, 0.0277206, 0.0155584, 0.0307999, 0.0183438, 0.0191444, 0.0255331];
GivenLatency = [12.5087, 34.8605, 14.0034, 22.6951, 32.2867, 17.8199, 10.5991, 15.372, 19.1115, 18.9589, 17.4144, 22.948, 14.6916, 17.9597, 18.02, 14.9497];
HighestPossibleCritFunctionValue = 1.1;
