NumDevices = 32;
NumSlotes = 256;


GivenBandwidthOld = [0.0203535, 0.0316663, 0.0247488, 0.0232234, 0.0261956, 0.0198376, 0.0198261, 0.0266592, 0.0314796, 0.0284957, 0.0169186, 0.0210377, 0.031122, 0.0175451, 0.0308811, 0.0294686, 0.0293698, 0.0275041, 0.0315403, 0.0271116, 0.0341827, 0.0186989, 0.0221891, 0.02182, 0.0187291, 0.0300084, 0.0206494, 0.0238713, 0.0157003, 0.0251306, 0.0195685, 0.0176137];
GivenLatency = [48.84, 28.9401, 41.7303, 48.6631, 32.6267, 43.0777, 44.0274, 34.9082, 28.3147, 40.4042, 53.2313, 55.061, 34.2136, 50.2664, 29.0134, 30.4693, 39.3454, 35.9063, 32.5346, 39.087, 30.732, 53.7683, 41.2351, 43.2863, 55.5386, 30.028, 40.8469, 34.9192, 56.5358, 44.2213, 50.9693, 54.947];
HighestPossibleCritFunctionValue = 1.1;
