NumDevices = 64;
NumSlotes = 512;


GivenBandwidthOld = [0.0075821, 0.0174266, 0.0146147, 0.0144567, 0.00800043, 0.00815914, 0.0157313, 0.0113239, 0.0151029, 0.00946574, 0.0156493, 0.013398, 0.0156237, 0.0130097, 0.00905514, 0.0146831, 0.0143084, 0.016142, 0.0132171, 0.0148435, 0.0103979, 0.0125501, 0.0138889, 0.0156246, 0.0172028, 0.0128339, 0.0149349, 0.0163226, 0.00952702, 0.0157015, 0.010255, 0.0115619, 0.016582, 0.00945568, 0.0166421, 0.00879357, 0.00848911, 0.0114574, 0.00899779, 0.0108276, 0.0151095, 0.0109157, 0.0158446, 0.0149798, 0.0102704, 0.00895597, 0.00793539, 0.0150723, 0.0151133, 0.0143359, 0.00915703, 0.0171477, 0.0157494, 0.0149876, 0.0118059, 0.0164153, 0.01746, 0.014831, 0.00956999, 0.00788239, 0.0143788, 0.0095733, 0.0134463, 0.0174288];
GivenLatency = [150.697, 53.2562, 75.4764, 84.0488, 126.513, 118.125, 57.8775, 98.3733, 78.0862, 101.492, 61.0756, 69.633, 71.4693, 75.8635, 106.783, 67.2827, 68.803, 56.9093, 87.5219, 70.9016, 96.9095, 97.847, 76.9102, 59.1117, 66.259, 83.2687, 83.2652, 73.0271, 130.781, 64.7961, 95.6316, 82.6897, 57.4516, 120.991, 60.7151, 119.4, 138.564, 85.2946, 108.707, 94.1483, 74.9426, 89.5571, 67.9911, 77.5926, 91.9177, 124.156, 120.347, 67.0231, 71.2096, 78.0562, 115.156, 57.0425, 69.9663, 67.805, 85.1459, 61.7793, 67.0927, 65.2432, 116.608, 145.28, 75.8881, 117.005, 73.5305, 69.4433];
HighestPossibleCritFunctionValue = 1.1;
