NumDevices = 32;
NumSlotes = 256;


GivenBandwidthOld = [0.0249686, 0.0178774, 0.0347931, 0.0171108, 0.0316902, 0.0267661, 0.0274177, 0.0198929, 0.0303371, 0.0251656, 0.0275625, 0.0332216, 0.0259844, 0.0289831, 0.0297174, 0.0300065, 0.0287175, 0.0244342, 0.0157615, 0.0342463, 0.0279292, 0.0153751, 0.0199966, 0.0335833, 0.0252503, 0.0325888, 0.0294713, 0.0337223, 0.0200418, 0.0322375, 0.0249282, 0.0180832];
GivenLatency = [34.0986, 52.8998, 26.2888, 50.761, 28.042, 33.6183, 34.0614, 48.0788, 30.9158, 35.7962, 38.4192, 28.0538, 32.1334, 35.96, 38.8194, 29.3314, 40.5792, 45.4656, 59.5856, 26.6344, 30.7069, 68.8208, 42.4449, 25.4032, 41.937, 26.3505, 29.528, 25.5535, 45.9061, 31.7143, 40.2322, 57.3314];
HighestPossibleCritFunctionValue = 1.1;
