NumDevices = 128;
NumSlotes = 1024;


GivenBandwidthOld = [0.00258859, 0.00199231, 0.00229943, 0.00148473, 0.00266185, 0.00215193, 0.00381061, 0.00300355, 0.00135868, 0.00282502, 0.00384532, 0.00198386, 0.00402629, 0.0029138, 0.00226758, 0.00367873, 0.002235, 0.0029483, 0.0039914, 0.00414564, 0.0026655, 0.00409536, 0.00140004, 0.00423715, 0.00321978, 0.00421506, 0.00372632, 0.00199521, 0.00412824, 0.00398407, 0.00277834, 0.00368056, 0.00159769, 0.00429029, 0.00254157, 0.00241197, 0.00235025, 0.0025972, 0.00303428, 0.00209847, 0.0021244, 0.00357704, 0.00241176, 0.0018955, 0.00324896, 0.00402117, 0.00133641, 0.00355491, 0.00232946, 0.00310131, 0.00379545, 0.00144573, 0.00341148, 0.00430961, 0.0022545, 0.00262691, 0.002426, 0.00373565, 0.00260761, 0.00303055, 0.00193329, 0.00413402, 0.00419636, 0.00189592, 0.00416818, 0.00340672, 0.00241047, 0.00221685, 0.0041828, 0.00224271, 0.00140607, 0.00236236, 0.00289504, 0.00263236, 0.00334036, 0.00275367, 0.00149747, 0.00422731, 0.00342806, 0.00161609, 0.00408987, 0.00281221, 0.00423736, 0.00355819, 0.00129687, 0.00144406, 0.0033864, 0.00152977, 0.0033915, 0.00274116, 0.00378229, 0.00211029, 0.0038559, 0.0016953, 0.00413837, 0.00235858, 0.00183649, 0.00210346, 0.00161215, 0.00357527, 0.00401501, 0.00394396, 0.00354942, 0.00383909, 0.00365804, 0.00128139, 0.00390497, 0.00137122, 0.00430192, 0.00425852, 0.00289652, 0.00237687, 0.00305986, 0.00391952, 0.00220316, 0.00232735, 0.00201623, 0.0043441, 0.00380793, 0.00176954, 0.00191188, 0.00358437, 0.00379955, 0.00159503, 0.00323807, 0.00222095, 0.0013412, 0.00276209];
GivenLatency = [181.016, 171.004, 158.114, 212.168, 142.771, 145.645, 159.202, 162.241, 309.577, 188.893, 139.889, 194.815, 97.8147, 112.244, 226.721, 87.739, 183.17, 119.224, 119.391, 146.583, 157.229, 101.02, 227.93, 85.9689, 111.785, 146.989, 98.0542, 181.228, 77.2776, 96.4478, 117.579, 168.319, 321.24, 82.8182, 167.389, 131.044, 279.651, 128.789, 178.54, 208.921, 185.447, 140.412, 132.802, 183.196, 124.616, 158.061, 300.132, 117.98, 161.332, 145.654, 103.195, 219.645, 179.246, 79.3995, 252.247, 195.857, 246.834, 147.828, 166.04, 126.207, 172.496, 109.729, 86.9302, 311.38, 85.572, 107.962, 261.642, 259.701, 98.1288, 261.563, 239.219, 211.688, 131.629, 182.898, 108.081, 135.477, 354.594, 137.699, 165.599, 268.487, 146.816, 140.933, 100.113, 126.402, 264.618, 299.399, 104.833, 214.545, 177.928, 208.333, 90.1441, 189.64, 84.6404, 185.103, 77.649, 212.808, 264.923, 296.798, 335.526, 123.719, 90.586, 157.822, 165.005, 142.165, 109.81, 251.477, 138.308, 240.322, 148.028, 95.341, 122.342, 148.868, 109.172, 92.5393, 204.079, 137.105, 186.201, 118.7, 85.1314, 338.298, 240.157, 178.49, 97.5082, 293.439, 175.513, 172.716, 261.105, 186.11];
HighestPossibleCritFunctionValue = 1.1;
