NumDevices = 128;
NumSlotes = 1024;


GivenBandwidthOld = [0.00608044, 0.00888354, 0.00823278, 0.0084017, 0.00989299, 0.005169, 0.00911381, 0.00963676, 0.00508918, 0.00514321, 0.00692476, 0.00572393, 0.00461351, 0.00425173, 0.00504851, 0.00906811, 0.00401487, 0.00536731, 0.00466692, 0.0080999, 0.0062502, 0.00578014, 0.00554566, 0.0083301, 0.00657673, 0.00632475, 0.00880568, 0.00579552, 0.00778723, 0.00746401, 0.00639472, 0.00974383, 0.00454351, 0.00900233, 0.00464689, 0.00900634, 0.0096344, 0.00918517, 0.00891569, 0.0047712, 0.00450082, 0.00411233, 0.00588688, 0.00570945, 0.00497844, 0.00642861, 0.00434596, 0.00750023, 0.00892849, 0.00730045, 0.0073695, 0.00547697, 0.00392866, 0.00640837, 0.00803033, 0.00578896, 0.00997739, 0.00502258, 0.00453531, 0.00864504, 0.00596031, 0.00864374, 0.00908502, 0.00691055, 0.00428908, 0.00789306, 0.00490297, 0.00679533, 0.00542231, 0.00399683, 0.00852077, 0.00475071, 0.00395153, 0.00953455, 0.00598674, 0.00914272, 0.00795717, 0.00737483, 0.00759247, 0.00911701, 0.00709243, 0.00504998, 0.00873238, 0.00506098, 0.00609234, 0.00902548, 0.00617086, 0.00982246, 0.00740382, 0.00727892, 0.00800147, 0.00822815, 0.00550619, 0.00754238, 0.00470492, 0.00941672, 0.00688137, 0.00763712, 0.00963623, 0.0085981, 0.00456586, 0.00961303, 0.00610269, 0.00787178, 0.00983299, 0.00931132, 0.00405266, 0.00931703, 0.00639296, 0.00528963, 0.00533261, 0.00892998, 0.00744134, 0.00656691, 0.00381612, 0.00883025, 0.00625409, 0.00871705, 0.00992977, 0.00457191, 0.00509506, 0.00398409, 0.006853, 0.00590406, 0.00709272, 0.00990604, 0.00589148, 0.00802327];
GivenLatency = [707.28, 395.761, 437.002, 501.592, 395.122, 807.901, 487.19, 457.385, 686.868, 770.793, 618.818, 739.037, 1074.42, 888.147, 905.736, 401.321, 841.322, 818.712, 883.889, 425.032, 535.686, 585.661, 742.14, 429.164, 527.631, 527.295, 428.431, 607.653, 500.996, 490.019, 745.499, 493.88, 1008.83, 423.785, 898.092, 470.679, 402.76, 525.983, 519.582, 962.046, 826.35, 1134.73, 736.529, 614.125, 800.21, 648.415, 777.827, 458.415, 392.031, 509.346, 467.323, 686.702, 1254.16, 771.665, 604.758, 594.137, 385.251, 666.203, 1001.4, 538.31, 737.552, 536.102, 448.611, 542.626, 901.724, 576.479, 693.041, 491.391, 619.356, 973.042, 420.489, 1030.92, 876.598, 426.348, 747.294, 504.526, 625.776, 674.107, 607.182, 415.332, 528.951, 911.65, 422.406, 758.947, 610.127, 476.879, 736.12, 406.134, 463.144, 492.631, 459.763, 528.294, 720.03, 547.899, 783.167, 442.41, 529.316, 542.939, 512.77, 527.974, 967.932, 386.276, 584.214, 457.001, 373.988, 488.07, 961.657, 520.62, 749.574, 916.011, 670.418, 442.092, 583.713, 574.232, 900.369, 437.488, 732.199, 438.412, 447.953, 739.87, 822.487, 1150.24, 657.572, 725.935, 687.546, 361.258, 613.637, 500.863];
HighestPossibleCritFunctionValue = 1.1;
