NumDevices = 32;
NumSlotes = 256;


GivenBandwidthOld = [0.00523155, 0.00913149, 0.00551259, 0.00765566, 0.0136303, 0.0168514, 0.0162238, 0.00635059, 0.0169046, 0.0100551, 0.0155206, 0.01258, 0.0137942, 0.00970246, 0.0141964, 0.00635724, 0.0161839, 0.0103604, 0.0104743, 0.0122241, 0.00858585, 0.00988527, 0.011723, 0.0112894, 0.0116706, 0.00567743, 0.0155459, 0.0121166, 0.0130452, 0.00759667, 0.00967938, 0.0138307];
GivenLatency = [81.8549, 34.4689, 75.0186, 40.3491, 25.3126, 30.7589, 27.9609, 100.735, 18.319, 39.7946, 21.3526, 31.7173, 34.4834, 31.7831, 25.9202, 70.8188, 22.9054, 54.6609, 54.047, 37.8063, 68.4811, 40.4132, 51.2124, 38.6096, 40.7417, 91.1672, 36.678, 29.8362, 23.4545, 43.3936, 34.4366, 25.9277];
HighestPossibleCritFunctionValue = 1.1;
