NumDevices = 32;
NumSlotes = 256;


GivenBandwidthOld = [0.0170429, 0.0250634, 0.0256322, 0.035661, 0.0399638, 0.0323358, 0.0284961, 0.0187379, 0.0375433, 0.0251513, 0.0285781, 0.0216305, 0.0279869, 0.0352848, 0.0159092, 0.0210846, 0.0287257, 0.0272129, 0.0265722, 0.0339145, 0.0351913, 0.0209209, 0.0283808, 0.0315307, 0.021455, 0.0284251, 0.026109, 0.0234478, 0.0214135, 0.031041, 0.0167093, 0.0188931];
GivenLatency = [131.975, 77.762, 79.9885, 69.4763, 42.1426, 58.3202, 80.5526, 101.97, 63.3711, 85.7447, 69.1348, 94.9797, 63.2143, 53.2134, 153.515, 113.929, 71.2579, 84.6172, 75.5444, 73.6466, 65.0643, 104.226, 76.1226, 64.123, 91.0812, 69.7627, 79.6748, 103.836, 111.616, 56.9658, 113.599, 92.8553];
HighestPossibleCritFunctionValue = 1.1;
