NumDevices = 128;
NumSlotes = 1024;


GivenBandwidthOld = [0.00727324, 0.00640555, 0.00439343, 0.00532775, 0.0085127, 0.00667007, 0.0062854, 0.00378764, 0.00514417, 0.00427766, 0.00968937, 0.00798153, 0.00424785, 0.00862887, 0.00919947, 0.00544481, 0.00725098, 0.00725873, 0.00625879, 0.00646529, 0.00845473, 0.00732588, 0.00984574, 0.00489324, 0.00565441, 0.00499747, 0.00745799, 0.0051777, 0.005371, 0.00411503, 0.0074765, 0.0037795, 0.00578592, 0.00888974, 0.00609614, 0.00412148, 0.00971108, 0.0041424, 0.00506659, 0.00667807, 0.00962019, 0.00784233, 0.00858636, 0.00725751, 0.00450326, 0.00756136, 0.00500778, 0.00568117, 0.00471557, 0.0070086, 0.00861367, 0.00375313, 0.00641427, 0.00721386, 0.00835598, 0.00400304, 0.00652788, 0.00415524, 0.00829488, 0.00833756, 0.00695771, 0.00944058, 0.00788897, 0.00497023, 0.00582992, 0.00479072, 0.00768597, 0.00563909, 0.00998634, 0.00547049, 0.00756645, 0.00934719, 0.00704286, 0.00938176, 0.00668414, 0.00527099, 0.00450729, 0.00655734, 0.00547205, 0.00882822, 0.0097222, 0.00973175, 0.00783193, 0.00878763, 0.00876867, 0.00881923, 0.00855803, 0.00602666, 0.0050752, 0.00761832, 0.00608905, 0.00984908, 0.00473311, 0.00820815, 0.00680298, 0.00887377, 0.0064254, 0.00671209, 0.00633842, 0.00740064, 0.00377404, 0.00780705, 0.00938803, 0.00586242, 0.0072334, 0.00546458, 0.00823603, 0.00673031, 0.00624983, 0.00583679, 0.00768912, 0.00853092, 0.00666139, 0.00430122, 0.00557207, 0.00858251, 0.00493644, 0.00674886, 0.00551334, 0.0090217, 0.00514382, 0.00476922, 0.0087233, 0.00872559, 0.00969703, 0.00556477, 0.00450415, 0.00994232];
GivenLatency = [475.707, 753.697, 870.437, 921.944, 394.23, 746.73, 792.254, 1070.89, 675.182, 832.077, 442.563, 625.083, 1013.06, 394.244, 366.561, 792.183, 526.415, 515.715, 722.321, 598.428, 394.539, 462.015, 451.586, 714.797, 602.113, 758.377, 650.451, 938.728, 897.501, 847.602, 527.999, 1091.61, 853.575, 531.711, 808.75, 959.973, 435.603, 1106.59, 689.128, 605.042, 476.289, 498.739, 442.683, 474.677, 1099.9, 614.248, 789.484, 844.297, 869.425, 595.968, 394.735, 991.347, 734.377, 478.893, 554.725, 849.573, 568.864, 984.261, 471.254, 453.047, 535.919, 371.589, 566.041, 782.723, 777.796, 751.061, 540.184, 627.986, 420.267, 633.181, 492.704, 374.166, 535.405, 401.457, 522.964, 639.515, 907.258, 696.999, 862.359, 448.592, 507.697, 447.821, 596.963, 385.72, 443.296, 415.332, 515.036, 796.742, 885.892, 529.776, 603.952, 428.354, 850.468, 441.307, 581.933, 378.703, 772.29, 582.515, 563.34, 572.219, 892.253, 440.666, 482.29, 577.571, 623.024, 784.006, 464.051, 729.013, 596.991, 607.858, 601.731, 473.708, 607.46, 1000, 598.258, 400.281, 744.86, 732.343, 822.044, 453.587, 742.138, 1038.25, 496.773, 393.07, 435.667, 620.734, 1026.06, 376.954];
HighestPossibleCritFunctionValue = 1.1;
