NumDevices = 32;
NumSlotes = 256;


GivenBandwidthOld = [0.0297254, 0.0248852, 0.0151738, 0.0158843, 0.0170971, 0.0208838, 0.0242712, 0.0166456, 0.0330634, 0.026326, 0.0304558, 0.021372, 0.0288975, 0.0307813, 0.031646, 0.0236404, 0.0344961, 0.0260304, 0.0231627, 0.0261671, 0.0200027, 0.0154043, 0.0292433, 0.0227184, 0.0185146, 0.0248256, 0.0346767, 0.0217535, 0.0213174, 0.0307372, 0.0294277, 0.0212099];
GivenLatency = [32.5349, 33.6085, 56.4016, 61.6986, 66.699, 45.7487, 43.4579, 64.309, 34.4718, 33.1436, 27.7184, 54.3758, 39.7701, 31.3332, 29.1742, 45.7562, 30.9825, 33.2812, 39.6374, 43.8491, 58.8079, 67.2273, 29.4563, 44.0191, 46.4944, 37.471, 24.448, 50.0764, 40.7531, 28.1342, 32.3545, 39.5384];
HighestPossibleCritFunctionValue = 1.1;
