NumDevices = 16;
NumSlotes = 128;


GivenBandwidthOld = [0.0397253, 0.0434221, 0.054842, 0.0692473, 0.0597482, 0.0477126, 0.0459461, 0.0368898, 0.0676989, 0.0352594, 0.0642924, 0.0625761, 0.0566039, 0.0409647, 0.0335628, 0.0692551];
GivenLatency = [19.4095, 23.4976, 19.3929, 13.9488, 16.8752, 19.3189, 19.6932, 25.4581, 13.669, 30.4448, 15.8752, 14.6105, 14.7916, 20.9113, 28.2813, 12.9755];
HighestPossibleCritFunctionValue = 1.1;
