NumDevices = 16;
NumSlotes = 128;


GivenBandwidthOld = [0.050587, 0.0349599, 0.0302621, 0.0357134, 0.0548935, 0.0550097, 0.0477179, 0.0551802, 0.0339197, 0.0680131, 0.0356415, 0.0471586, 0.05391, 0.0461454, 0.0663843, 0.0609791];
GivenLatency = [17.0501, 25.3134, 33.703, 21.8361, 14.5676, 19.3855, 17.2089, 14.1721, 24.7652, 13.8764, 21.6436, 18.2549, 18.6338, 20.4044, 16.1754, 15.8735];
HighestPossibleCritFunctionValue = 1.1;
