NumDevices = 128;
NumSlotes = 1024;


GivenBandwidthOld = [0.00844245, 0.00469987, 0.00814695, 0.00824759, 0.00470431, 0.00781055, 0.00440416, 0.00825608, 0.00736235, 0.00651291, 0.00498844, 0.00823626, 0.00430616, 0.0060966, 0.008137, 0.00604292, 0.00588321, 0.00669374, 0.00415021, 0.00514885, 0.00418666, 0.00763006, 0.00588379, 0.00641194, 0.0079102, 0.00416755, 0.00652172, 0.00802793, 0.00797944, 0.00788801, 0.00620075, 0.00849709, 0.00805793, 0.0071451, 0.00527404, 0.00833241, 0.00525469, 0.00814586, 0.0050305, 0.00511405, 0.00430432, 0.00513134, 0.00493208, 0.0059175, 0.00787676, 0.0071359, 0.00556073, 0.00671346, 0.00556843, 0.00602147, 0.00540022, 0.00393728, 0.00645162, 0.0048467, 0.00592925, 0.00546503, 0.0082735, 0.00521542, 0.00809606, 0.00797241, 0.00473992, 0.00636258, 0.00843441, 0.00457564, 0.00535021, 0.00845856, 0.00551412, 0.00826482, 0.00431241, 0.00619598, 0.00830944, 0.00424204, 0.0084668, 0.00399288, 0.00578831, 0.00665464, 0.00700571, 0.00754847, 0.00462023, 0.0047903, 0.00804073, 0.00808465, 0.00624534, 0.00790955, 0.00831171, 0.00742885, 0.0042196, 0.0062612, 0.0044445, 0.00619778, 0.00861561, 0.00499213, 0.00529001, 0.00677848, 0.00835325, 0.00559624, 0.00857875, 0.00557457, 0.004282, 0.00511164, 0.00388793, 0.00689346, 0.00581957, 0.00701173, 0.00860302, 0.00843301, 0.0060468, 0.00606314, 0.00562015, 0.00539676, 0.00581679, 0.0052678, 0.0083788, 0.00497356, 0.00809587, 0.00480562, 0.00560471, 0.00578106, 0.00483153, 0.00596837, 0.00789464, 0.0077955, 0.00648373, 0.00456013, 0.00452593, 0.00475036, 0.00686281, 0.00573404];
GivenLatency = [145.335, 226.006, 120.439, 149.533, 222.131, 142.238, 222.223, 124.017, 170.83, 177.284, 191.157, 117.828, 242.218, 186.859, 156.868, 191.372, 181.815, 147.551, 278.983, 186.088, 289.684, 146.589, 203.167, 173.492, 131.22, 250.321, 158.312, 141.075, 153.642, 134.628, 186.421, 116.425, 125.103, 165.763, 199.152, 148.524, 219.628, 117.765, 218.95, 239.185, 232.757, 223.293, 253.414, 197.532, 133.818, 139.747, 171.84, 164.317, 180.204, 190.366, 204.312, 311.447, 165.345, 250.666, 161.819, 193.51, 116.886, 218.087, 124.18, 161.484, 266.49, 195.094, 145.696, 208.456, 178.333, 151.338, 204.18, 115.625, 266.663, 190.522, 150.057, 253.519, 145.043, 307.267, 181.838, 149.114, 152.184, 129.117, 215.49, 252.684, 136.535, 148.956, 160.841, 145.42, 152.203, 133.783, 295.429, 152.164, 280.781, 187.883, 135.8, 243.09, 201.086, 162.763, 128.223, 210.49, 116.853, 178.352, 236.517, 249.274, 257.535, 171.121, 216.1, 176.185, 121.029, 121.112, 180.051, 171.808, 209.897, 207.194, 169.344, 200.204, 150.473, 250.807, 124.95, 206.91, 175.888, 188.876, 217.085, 160.456, 145.02, 136.789, 177.029, 211.988, 276.891, 223.706, 185.299, 195.156];
HighestPossibleCritFunctionValue = 1.1;
