NumDevices = 16;
NumSlotes = 128;


GivenBandwidthOld = [0.0271082, 0.0224244, 0.0273248, 0.0126055, 0.026213, 0.0271614, 0.0174817, 0.0293893, 0.0113546, 0.0274953, 0.029331, 0.0315547, 0.0289915, 0.024494, 0.0104414, 0.0280903];
GivenLatency = [12.96, 20.3451, 16.2653, 29.7114, 12.6703, 16.1682, 22.8312, 16.2933, 48.9123, 15.3854, 20.4566, 10.9702, 15.7422, 13.2459, 31.9412, 12.8695];
HighestPossibleCritFunctionValue = 1.1;
