NumDevices = 16;
NumSlotes = 128;


GivenBandwidthOld = [0.0555349, 0.0346422, 0.0508338, 0.0633738, 0.0640941, 0.0503748, 0.0692203, 0.0458034, 0.0381862, 0.0562724, 0.030284, 0.0437052, 0.0532923, 0.0643445, 0.0584229, 0.0536444];
GivenLatency = [14.8813, 28.4668, 16.1751, 14.225, 12.2047, 21.027, 15.352, 18.2773, 22.0805, 19.4683, 26.2709, 22.1554, 14.4603, 15.8107, 13.2659, 18.402];
HighestPossibleCritFunctionValue = 1.1;
