NumDevices = 64;
NumSlotes = 512;


GivenBandwidthOld = [0.007803, 0.012529, 0.0167813, 0.0109164, 0.0150317, 0.0178588, 0.00819799, 0.013698, 0.014251, 0.00932524, 0.0093387, 0.0105176, 0.0124799, 0.0165492, 0.00940171, 0.019456, 0.0148572, 0.010448, 0.0167196, 0.0111297, 0.0119452, 0.0185839, 0.0189701, 0.0100866, 0.017752, 0.0126201, 0.0113274, 0.0100675, 0.00956973, 0.0185103, 0.0199377, 0.0101051, 0.0167833, 0.0186712, 0.0111942, 0.00836314, 0.0142639, 0.0128208, 0.00926366, 0.0117769, 0.0144801, 0.00985294, 0.0158206, 0.0148563, 0.00781667, 0.0173484, 0.0176899, 0.0192464, 0.0172262, 0.0137532, 0.0177017, 0.01768, 0.0154315, 0.0119497, 0.0192384, 0.00794139, 0.0133842, 0.0165835, 0.0112165, 0.00767197, 0.0102307, 0.0152134, 0.00962936, 0.0081529];
GivenLatency = [297.691, 265.298, 170.882, 207.314, 173.565, 144.04, 341.848, 204.54, 215.841, 268.162, 272.798, 243.108, 184.477, 162.448, 349.424, 129.461, 208.833, 217.834, 174.662, 235.962, 251.144, 159.825, 165.024, 247.409, 167.72, 185.69, 278.879, 298.499, 235.741, 139.994, 152.094, 237.042, 196.648, 140.692, 207.863, 319.03, 231.112, 245.391, 301.085, 234.772, 165.255, 273.582, 152.195, 193.118, 284.886, 132.099, 126.992, 135.022, 151.886, 205.387, 163.381, 126.829, 165.983, 188.056, 158.302, 396.101, 226.076, 148.412, 250.548, 350.005, 320.05, 168.384, 308.894, 309.633];
HighestPossibleCritFunctionValue = 1.1;
