NumDevices = 32;
NumSlotes = 256;


GivenBandwidthOld = [0.0257212, 0.0304171, 0.0309484, 0.0350304, 0.0160634, 0.0369002, 0.0173263, 0.0384649, 0.039165, 0.0303747, 0.0171421, 0.0166015, 0.030971, 0.0390231, 0.021608, 0.0251881, 0.0208297, 0.0202133, 0.0346588, 0.0206193, 0.0339429, 0.0379838, 0.0279262, 0.0154758, 0.036367, 0.0301701, 0.0287392, 0.0302365, 0.0194911, 0.0216582, 0.01938, 0.0292131];
GivenLatency = [88.4209, 81.3163, 68.8771, 52.4769, 112.713, 59.9283, 123.878, 49.4708, 45.2577, 55.1138, 133.511, 142.641, 53.8627, 57.7558, 85.2441, 70.4972, 102.648, 119.838, 48.7743, 102.461, 55.5612, 54.3721, 63.2244, 140.143, 46.132, 57.1239, 79.6418, 81.0747, 116.357, 86.6871, 112.681, 59.6003];
HighestPossibleCritFunctionValue = 1.1;
