NumDevices = 64;
NumSlotes = 512;


GivenBandwidthOld = [0.0103299, 0.00993318, 0.0119095, 0.0172386, 0.0134456, 0.0144495, 0.00773879, 0.0108836, 0.0156734, 0.0170802, 0.0118517, 0.0166272, 0.00819722, 0.015597, 0.0143994, 0.0156852, 0.015597, 0.0136325, 0.0162973, 0.0138315, 0.0105061, 0.0104357, 0.0080208, 0.0106041, 0.00848211, 0.013766, 0.0100472, 0.00911353, 0.0161557, 0.013753, 0.0113924, 0.0174501, 0.00843104, 0.0154643, 0.0131048, 0.00753142, 0.0155934, 0.0136542, 0.0106733, 0.0117722, 0.0101821, 0.0147797, 0.00802127, 0.00854241, 0.0172606, 0.0142443, 0.00887606, 0.0149224, 0.0164584, 0.0111072, 0.0138747, 0.00779452, 0.0174354, 0.0116215, 0.017131, 0.015682, 0.0120851, 0.0097906, 0.0155794, 0.00859246, 0.00845233, 0.0132743, 0.0161028, 0.0145663];
GivenLatency = [107.6, 103.509, 93.9879, 62.0433, 84.0836, 76.229, 130.347, 87.2348, 62.1457, 66.82, 83.2867, 64.8364, 117.84, 79.7066, 70.7455, 64.2845, 61.4571, 77.2284, 72.3161, 68.32, 103.197, 118.9, 145.296, 86.2241, 113.007, 88.5117, 105.371, 105.018, 56.8222, 69.5277, 107.973, 53.7661, 121.59, 73.6137, 82.1176, 160.126, 77.6021, 77.6515, 108.891, 81.1183, 115.611, 70.9159, 123.257, 141.633, 54.6661, 84.3869, 117.87, 69.5731, 67.5154, 93.59, 73.9686, 144.485, 69.4007, 89.4575, 68.5734, 63.2476, 99.463, 96.299, 78.7987, 129.339, 108.291, 68.9632, 61.0144, 74.7436];
HighestPossibleCritFunctionValue = 1.1;
