NumDevices = 128;
NumSlotes = 1024;


GivenBandwidthOld = [0.00718758, 0.00423403, 0.00384812, 0.00787956, 0.00432507, 0.00396972, 0.00655968, 0.00612536, 0.00640712, 0.00700377, 0.0049212, 0.00805062, 0.00431865, 0.00609226, 0.00507628, 0.00448305, 0.00407946, 0.00598221, 0.00543552, 0.00735264, 0.00828537, 0.00472515, 0.00807603, 0.00628975, 0.00431641, 0.00845102, 0.00382269, 0.00546174, 0.00792397, 0.00564318, 0.00747051, 0.00438917, 0.006275, 0.00648942, 0.00520528, 0.00770798, 0.0054983, 0.00738028, 0.00787422, 0.00458953, 0.00865612, 0.00583449, 0.007736, 0.00648024, 0.00585997, 0.00599583, 0.00437428, 0.00598509, 0.00395944, 0.0038737, 0.00784127, 0.00576883, 0.00425018, 0.00528774, 0.0085244, 0.00703316, 0.00390018, 0.00782468, 0.00689702, 0.0057179, 0.0083195, 0.00837591, 0.00635267, 0.00682161, 0.00829978, 0.00688589, 0.00862084, 0.00792922, 0.00387759, 0.00817866, 0.00623554, 0.00827581, 0.00399633, 0.00388235, 0.00824073, 0.00452762, 0.00826672, 0.00623613, 0.00817613, 0.00864065, 0.0058369, 0.00836437, 0.00741911, 0.00554263, 0.00744042, 0.00864864, 0.00519755, 0.00767681, 0.00657488, 0.0065327, 0.00755063, 0.00598738, 0.00734966, 0.00829361, 0.00829192, 0.00474195, 0.00541382, 0.00764688, 0.00865764, 0.00639694, 0.00580195, 0.00580556, 0.00662761, 0.00768283, 0.00777387, 0.00787535, 0.00850336, 0.00839797, 0.00710453, 0.00833682, 0.00440755, 0.00514638, 0.00777894, 0.00815824, 0.00802315, 0.00758721, 0.00567433, 0.00599932, 0.00810147, 0.00397825, 0.00495192, 0.00438763, 0.00532668, 0.00795283, 0.00575955, 0.00819559, 0.00572266, 0.00819801];
GivenLatency = [151.038, 226.496, 282.568, 137.034, 248.749, 272.649, 178.451, 169.855, 160.886, 170.043, 199.632, 142.76, 226.554, 191.197, 242.573, 259.328, 265.857, 201.218, 186.932, 157.068, 124.569, 217.214, 126.699, 177.887, 234.537, 148.584, 303.349, 178.752, 159.46, 182.359, 152.196, 286.259, 169.554, 153.616, 207.022, 125.851, 183.676, 132.531, 123.035, 240.306, 112.925, 178.401, 144.794, 168.551, 217.929, 187.598, 250.363, 198.647, 262.842, 255.338, 125.186, 180.866, 232.26, 225.75, 139.45, 143.966, 264.863, 142.408, 140.017, 174.006, 129.741, 129.336, 152.511, 166.24, 124.691, 180.202, 114.663, 139.478, 287.475, 119.537, 158.503, 144.924, 322.132, 271.015, 149.239, 276.669, 115.765, 204.009, 126.181, 139.664, 194.562, 137.759, 138.694, 176.892, 135.539, 115.208, 233.646, 163.399, 145.708, 167.335, 133.96, 197.571, 161.907, 137.228, 141.059, 228.737, 187.015, 140.161, 110.068, 151.148, 181.167, 194.494, 182.016, 160.344, 144.45, 141.049, 112.203, 144.499, 170.415, 118.162, 224.078, 235.229, 138.673, 152.286, 156.983, 136.701, 206.736, 212.971, 139.591, 289.736, 209.54, 272.429, 204.438, 144.123, 220.974, 122.168, 185.829, 146.337];
HighestPossibleCritFunctionValue = 1.1;
