NumDevices = 16;
NumSlotes = 128;


GivenBandwidthOld = [0.0347762, 0.0628308, 0.0579155, 0.0464081, 0.0408551, 0.031396, 0.0530816, 0.04187, 0.0484547, 0.0387222, 0.0641091, 0.0618792, 0.0644419, 0.0557469, 0.0386737, 0.0484856];
GivenLatency = [29.4638, 14.887, 16.6059, 20.0297, 20.2833, 28.3561, 16.2104, 19.1215, 18.045, 20.1178, 13.1086, 14.8448, 13.0053, 17.8021, 20.0973, 20.5913];
HighestPossibleCritFunctionValue = 1.1;
