NumDevices = 64;
NumSlotes = 512;


GivenBandwidthOld = [0.0106248, 0.0129869, 0.0130629, 0.0157622, 0.00779774, 0.0116514, 0.0167605, 0.0108817, 0.0183801, 0.0195434, 0.00811521, 0.00986635, 0.0161945, 0.0115128, 0.0134335, 0.0198018, 0.0134743, 0.0169583, 0.0111901, 0.0153029, 0.0129853, 0.0111475, 0.0115877, 0.00886938, 0.010182, 0.00943307, 0.00905495, 0.0165047, 0.011353, 0.0153195, 0.0175789, 0.0160812, 0.0186458, 0.00917291, 0.0116529, 0.01807, 0.0198872, 0.0115115, 0.0157594, 0.0100989, 0.0115151, 0.0137286, 0.0170883, 0.00769621, 0.0176754, 0.0132331, 0.0130055, 0.0133459, 0.00963823, 0.0197907, 0.0153025, 0.0184146, 0.0124771, 0.0194044, 0.00964082, 0.013281, 0.0184932, 0.0196845, 0.017162, 0.00950638, 0.0162063, 0.00992077, 0.0183525, 0.0183909];
GivenLatency = [257.734, 214.556, 184.634, 158.454, 291.343, 249.36, 182.026, 242.884, 181.31, 137.538, 302.241, 321.451, 153.534, 216.234, 200.54, 119.491, 203.354, 179.821, 296.421, 167.04, 209.157, 209.614, 246.52, 256.802, 272.031, 277.594, 318.986, 136.413, 247.59, 168.168, 182.478, 141.511, 176.969, 307.322, 232.418, 130.751, 126.012, 208.687, 172.027, 231.36, 223.679, 170.887, 139.626, 328.441, 146.768, 204.865, 202.549, 189.877, 247.566, 167.743, 174.109, 125.012, 198.766, 125.41, 313.326, 182.819, 154.618, 125.305, 186.104, 306.96, 169.137, 259.916, 172.359, 134.547];
HighestPossibleCritFunctionValue = 1.1;
