NumDevices = 128;
NumSlotes = 1024;


GivenBandwidthOld = [0.00467039, 0.00779123, 0.00466122, 0.00859371, 0.0070402, 0.0070762, 0.00725275, 0.0044707, 0.00658116, 0.00709344, 0.00687568, 0.00712024, 0.00735852, 0.0072214, 0.00757405, 0.00452786, 0.00730794, 0.00708842, 0.00754029, 0.00722277, 0.00552762, 0.00512982, 0.00437714, 0.00412783, 0.00393254, 0.00667239, 0.00533028, 0.00851469, 0.003841, 0.00818769, 0.0080005, 0.00697921, 0.00704563, 0.00832905, 0.00379734, 0.00439971, 0.0084716, 0.00460464, 0.00763694, 0.00658535, 0.00753753, 0.00574916, 0.0086186, 0.0052782, 0.00820177, 0.0046507, 0.00676739, 0.00697774, 0.00733234, 0.00711312, 0.00764947, 0.00717139, 0.00702986, 0.00827676, 0.00508754, 0.00386322, 0.0066733, 0.00566511, 0.00602602, 0.0067972, 0.00808318, 0.00647015, 0.00622972, 0.00532574, 0.00727798, 0.00858901, 0.00796616, 0.00477219, 0.00865574, 0.00451681, 0.00648728, 0.004196, 0.00471398, 0.00529877, 0.0039503, 0.00515955, 0.00399405, 0.00543602, 0.00569488, 0.00638682, 0.00577216, 0.0051314, 0.00587962, 0.00619751, 0.00401311, 0.00590737, 0.00769017, 0.00610215, 0.00626011, 0.00617274, 0.00781607, 0.0072062, 0.00704814, 0.00558686, 0.00590371, 0.00611045, 0.00587365, 0.00601783, 0.00415199, 0.00499181, 0.00487276, 0.00395228, 0.00846133, 0.00714793, 0.00775236, 0.00640498, 0.00593955, 0.00853192, 0.00850174, 0.00616474, 0.00835157, 0.00738731, 0.00600975, 0.00830954, 0.00597225, 0.00818331, 0.00443948, 0.00686623, 0.00817165, 0.00840783, 0.007937, 0.00463752, 0.00524322, 0.0052727, 0.00580643, 0.00621979, 0.00857344, 0.00634105];
GivenLatency = [232.292, 129.563, 245.4, 127.316, 171.234, 160.09, 156.784, 215.122, 183.462, 172.41, 153.3, 174.669, 145.202, 171.525, 137.318, 270.152, 152.045, 183.199, 171.52, 146.985, 182.149, 225.627, 245.251, 307.502, 324.655, 148.16, 232.819, 133.723, 271.533, 134.321, 156.363, 174.814, 175.685, 130.253, 306.869, 231.316, 134.874, 241.871, 150.438, 186.295, 166.186, 178.077, 117.961, 243.093, 145.221, 219.94, 168.481, 176.645, 158.973, 136.045, 162.73, 164.972, 138.335, 123.277, 228.184, 285.379, 184.595, 173.049, 181.795, 189.203, 130.065, 155.196, 181.644, 196.765, 138.378, 116.094, 142.215, 215.62, 136.903, 225.252, 148.775, 268.05, 214.625, 211.878, 248.357, 250.5, 239.925, 192.101, 207.312, 160.163, 220.189, 209.813, 197.793, 194.835, 298.618, 171.247, 157.393, 174.462, 155.181, 165.452, 154.041, 151.255, 145.406, 172.366, 167.473, 160.287, 189.086, 170.447, 260.503, 195.972, 257.048, 271.052, 145.793, 137.43, 165.812, 148.786, 208.633, 114.429, 122.928, 183.986, 139.182, 173.967, 188.388, 122.084, 164.58, 149.522, 251.153, 164.188, 119.289, 138.244, 129.994, 268.995, 227.028, 197.771, 179.732, 155.899, 151.082, 174.677];
HighestPossibleCritFunctionValue = 1.1;
