NumDevices = 16;
NumSlotes = 128;


GivenBandwidthOld = [0.0124866, 0.0279969, 0.0345532, 0.0255873, 0.0115468, 0.0327262, 0.0183768, 0.0231905, 0.0282274, 0.0325275, 0.029811, 0.02362, 0.0210401, 0.0105705, 0.0228471, 0.0305054];
GivenLatency = [35.3825, 16.3664, 9.42239, 13.8604, 46.3098, 17.6679, 32.7395, 24.9276, 14.8092, 14.7909, 15.1195, 15.4718, 14.6665, 50.9648, 20.8284, 12.8674];
HighestPossibleCritFunctionValue = 1.1;
