NumDevices = 64;
NumSlotes = 512;


GivenBandwidthOld = [0.0100164, 0.012993, 0.0150518, 0.0188715, 0.0157737, 0.012913, 0.00887645, 0.0165704, 0.0154441, 0.011158, 0.0127631, 0.0136052, 0.0168422, 0.0099946, 0.00929312, 0.0195315, 0.00859827, 0.0160428, 0.0108313, 0.00883158, 0.0123673, 0.0124236, 0.00918951, 0.0156319, 0.0173546, 0.00859229, 0.0155803, 0.0125233, 0.00972869, 0.0150808, 0.0173977, 0.00875314, 0.0190322, 0.0173172, 0.0172172, 0.0120071, 0.00916207, 0.0169176, 0.0136249, 0.010526, 0.0156528, 0.0188493, 0.016974, 0.0126235, 0.0180551, 0.0196289, 0.0197365, 0.0157953, 0.0133854, 0.0115014, 0.00909885, 0.0168268, 0.0133502, 0.0195135, 0.0177846, 0.0105251, 0.0121077, 0.0124413, 0.0191129, 0.0100218, 0.0161225, 0.013427, 0.00989265, 0.00826759];
GivenLatency = [321.952, 219.437, 150.029, 155.832, 148.735, 185.096, 291.105, 190.378, 200.017, 212.189, 178.386, 203.631, 140.608, 231.477, 336.446, 157.156, 346.82, 151.142, 220.575, 374.075, 193.412, 212.955, 253.606, 211.883, 171.291, 359.06, 200.112, 196.367, 247.958, 147.463, 183.291, 255.88, 146.686, 143.808, 171.475, 260.98, 326.934, 170.727, 199.676, 288.326, 204.666, 152.04, 168.584, 180.604, 155.225, 134.407, 165.47, 198.1, 186.398, 280.095, 359.628, 133.304, 241.012, 136.211, 155.832, 243.248, 189.33, 242.449, 117.478, 235.72, 161.265, 168.819, 325.439, 270.874];
HighestPossibleCritFunctionValue = 1.1;
