NumDevices = 16;
NumSlotes = 128;


GivenBandwidthOld = [0.0626076, 0.0666209, 0.0377918, 0.0669682, 0.0351432, 0.0312348, 0.0632669, 0.0676428, 0.0527294, 0.0432048, 0.0433999, 0.0428703, 0.0612525, 0.0499949, 0.0442426, 0.0446864];
GivenLatency = [12.8106, 13.501, 28.4536, 11.9732, 23.9888, 29.1409, 13.2121, 15.9662, 17.8937, 18.5012, 21.4899, 21.9853, 15.6778, 16.6501, 20.432, 19.1063];
HighestPossibleCritFunctionValue = 1.1;
