NumDevices = 128;
NumSlotes = 1024;


GivenBandwidthOld = [0.00429862, 0.00191439, 0.00209466, 0.00375475, 0.00164095, 0.00318823, 0.00212179, 0.00335209, 0.0029214, 0.00191855, 0.00316302, 0.00335321, 0.00310479, 0.00275823, 0.00327961, 0.00346939, 0.00257625, 0.00403207, 0.00321105, 0.00126727, 0.00408164, 0.00201452, 0.00367281, 0.00261735, 0.00414459, 0.00373304, 0.00251583, 0.00423787, 0.00280316, 0.00201673, 0.00327092, 0.0012667, 0.00386506, 0.00253932, 0.00205646, 0.00225645, 0.00417168, 0.00273649, 0.00338345, 0.00183057, 0.00259078, 0.00143402, 0.0034983, 0.00403009, 0.0012569, 0.0015473, 0.0041917, 0.00171482, 0.00414136, 0.00262343, 0.00328084, 0.00228526, 0.00395943, 0.00428255, 0.0037642, 0.00424159, 0.00281851, 0.00375558, 0.00315722, 0.00274907, 0.00242957, 0.00130663, 0.00305678, 0.00223459, 0.00238821, 0.00304611, 0.0040358, 0.00343649, 0.00272363, 0.0028733, 0.00288637, 0.00370785, 0.00407032, 0.00237383, 0.00198593, 0.00434526, 0.00145992, 0.0043394, 0.00295589, 0.00337977, 0.00262608, 0.0039889, 0.00260664, 0.00228616, 0.00348117, 0.00365478, 0.00278824, 0.00134113, 0.00160153, 0.00323259, 0.0039332, 0.00395741, 0.00160581, 0.00315688, 0.00322901, 0.0030871, 0.00232404, 0.00269718, 0.00209412, 0.00392535, 0.00333676, 0.00153393, 0.00141788, 0.00412335, 0.00299634, 0.00204653, 0.00421613, 0.00295772, 0.00290719, 0.00367745, 0.00254483, 0.00402496, 0.00255636, 0.00413963, 0.00168117, 0.0042554, 0.00356229, 0.00145306, 0.00156332, 0.00154994, 0.0016769, 0.0042778, 0.0019153, 0.00163712, 0.00129106, 0.00378283, 0.00177734, 0.0016981];
GivenLatency = [74.1084, 202.597, 188.97, 98.0163, 195.573, 135.322, 174.695, 130.438, 114.089, 313.443, 117.066, 148.916, 191.323, 197.256, 95.6382, 181.169, 247.358, 104.855, 138.852, 318.157, 152.269, 253.736, 132.198, 120.929, 76.9337, 107.217, 154.715, 94.49, 123.119, 324.67, 124.503, 322.642, 139.41, 213.73, 174.051, 149.422, 117.457, 141.633, 106.764, 249.669, 128.691, 359.844, 109.938, 81.055, 375.691, 234.536, 135.1, 243.324, 93.4319, 155.649, 122.675, 224.1, 135.214, 144.764, 114.994, 105.09, 187.027, 85.1855, 143.891, 120.617, 204.6, 445.905, 168.618, 263.704, 140.793, 148.29, 135.234, 105.916, 200.055, 196.154, 122.223, 94.6073, 93.1776, 166.4, 231.895, 73.6411, 258.553, 124.63, 115.934, 97.749, 171.601, 96.9239, 143.32, 166.612, 182.288, 96.4821, 147.321, 305.621, 289.175, 172.806, 94.573, 110.484, 281.668, 102.841, 142.941, 146.364, 168.098, 145.816, 188.008, 99.275, 101.622, 219.743, 340.821, 86.7697, 161.98, 309.097, 93.9175, 121.755, 111.187, 173.761, 148.815, 132.959, 149.771, 125.523, 255.912, 93.0751, 156.869, 357.947, 381.957, 237.023, 263.477, 100.692, 272.715, 234.755, 354.303, 130.064, 187.073, 319.905];
HighestPossibleCritFunctionValue = 1.1;
