NumDevices = 128;
NumSlotes = 1024;


GivenBandwidthOld = [0.00383874, 0.00513569, 0.00798611, 0.00501256, 0.00863796, 0.00570157, 0.00375943, 0.00729956, 0.00624656, 0.00849705, 0.00740956, 0.00489705, 0.00715113, 0.00646223, 0.00815291, 0.00847207, 0.00761927, 0.00456658, 0.00799357, 0.00549838, 0.00870247, 0.00486815, 0.00655266, 0.0080094, 0.00653158, 0.00870094, 0.0041977, 0.00826524, 0.00633063, 0.00639212, 0.00482606, 0.00416134, 0.00715928, 0.00845363, 0.00757746, 0.00680084, 0.00426468, 0.00405598, 0.0062732, 0.00622779, 0.0079052, 0.00527905, 0.00743195, 0.00626092, 0.00481039, 0.00570035, 0.00837025, 0.00636927, 0.00581723, 0.00775986, 0.00753032, 0.00461442, 0.00698741, 0.00489049, 0.00694939, 0.0058865, 0.00684201, 0.00622823, 0.00538354, 0.00858175, 0.00598547, 0.00522148, 0.00488875, 0.00777167, 0.00591239, 0.00697218, 0.0039119, 0.00486272, 0.00527043, 0.00754042, 0.00430458, 0.00457926, 0.00614552, 0.00531223, 0.00521298, 0.0070761, 0.0055403, 0.00834497, 0.00635864, 0.00715132, 0.0047403, 0.00775547, 0.00376127, 0.00822703, 0.00412397, 0.00404877, 0.00513588, 0.00618913, 0.00816774, 0.00767212, 0.00785456, 0.00407902, 0.00853616, 0.0047262, 0.00567108, 0.00625661, 0.00731164, 0.00421136, 0.00780666, 0.00403046, 0.00745403, 0.00732803, 0.0046677, 0.0075905, 0.00605806, 0.0053917, 0.00572228, 0.00686256, 0.00660966, 0.00611243, 0.00414077, 0.00645931, 0.00413675, 0.00388182, 0.00426663, 0.00672285, 0.00842402, 0.00506236, 0.00562335, 0.00408964, 0.00712772, 0.00813677, 0.00719536, 0.0049335, 0.00478327, 0.00486561, 0.00378343, 0.00556627];
GivenLatency = [314.503, 219.984, 158.478, 256.993, 149.872, 168.006, 263.897, 145.517, 186.28, 119.135, 147.018, 196.959, 175.113, 188.913, 137.192, 120.528, 127.418, 211.451, 133.145, 178.315, 148.568, 197.622, 189.331, 130.667, 185.218, 116.799, 267.802, 132.534, 164.708, 179.872, 258.251, 229.346, 155.868, 141.214, 135.102, 156.158, 288.326, 257.961, 170.778, 176.239, 148.022, 186.481, 147.722, 204.353, 204.774, 203.253, 144.28, 175.38, 190.154, 144.985, 158.104, 225.365, 137.016, 221.883, 164.458, 189.802, 166.505, 157.182, 198.285, 124.655, 170.943, 219.322, 205.348, 133.899, 174.478, 180.652, 244.213, 203.08, 234.755, 157.027, 274.145, 213.647, 194.434, 235.978, 188.275, 147.754, 218.154, 149.337, 167.183, 157.041, 210.701, 132.329, 256.261, 119.43, 265.115, 236.618, 208.175, 164.223, 144.856, 125.189, 149.77, 309.916, 143.65, 272.372, 173.855, 185.242, 136.662, 260.819, 153.294, 320.71, 132.326, 145.376, 239.083, 165.415, 195.594, 221.222, 222.974, 177.657, 163.469, 210.252, 280.603, 181.251, 309.82, 252.103, 274.877, 151.385, 134.021, 221.241, 203.391, 308.336, 153.754, 144.008, 173.559, 249.712, 246.163, 197.402, 283.184, 218.164];
HighestPossibleCritFunctionValue = 1.1;
