NumDevices = 128;
NumSlotes = 1024;


GivenBandwidthOld = [0.0059577, 0.00849963, 0.0057156, 0.00451707, 0.00586069, 0.00816971, 0.00574605, 0.00628574, 0.0069464, 0.00564766, 0.00776081, 0.00843413, 0.00492295, 0.00745054, 0.00865057, 0.00759719, 0.00846985, 0.00526573, 0.00864208, 0.00502391, 0.00432173, 0.00788709, 0.00584283, 0.00794928, 0.00606603, 0.00423173, 0.00514105, 0.0081523, 0.00819296, 0.00654601, 0.00631443, 0.00420356, 0.00667259, 0.00380194, 0.00670444, 0.00402785, 0.00850646, 0.00555551, 0.00398987, 0.00533171, 0.00753448, 0.00449352, 0.00514796, 0.00424064, 0.00491604, 0.0064, 0.007255, 0.00731691, 0.00780942, 0.00541813, 0.00507813, 0.00563321, 0.00486463, 0.00728337, 0.00405135, 0.00853646, 0.00478563, 0.0045896, 0.00487319, 0.00627592, 0.00691966, 0.00616225, 0.00649306, 0.00633889, 0.00528254, 0.00623721, 0.00634352, 0.00796595, 0.00624934, 0.00520885, 0.00767115, 0.00659665, 0.00734326, 0.00571023, 0.0043409, 0.00496962, 0.00686487, 0.00535426, 0.00656339, 0.0084004, 0.0081104, 0.0040009, 0.00571292, 0.00458009, 0.005081, 0.00386705, 0.00593758, 0.005328, 0.00522789, 0.00769296, 0.00806138, 0.00508888, 0.00633461, 0.00823213, 0.00489041, 0.0056308, 0.00439995, 0.00745733, 0.007854, 0.00475938, 0.00833804, 0.00490853, 0.00509398, 0.0070303, 0.00571256, 0.00848237, 0.00570181, 0.00787039, 0.00515354, 0.00805415, 0.00865184, 0.00405635, 0.00758885, 0.00827668, 0.00873206, 0.007176, 0.00460952, 0.00475551, 0.00840434, 0.00416093, 0.00519087, 0.00549551, 0.00548871, 0.00618963, 0.00663567, 0.00827045, 0.00392304, 0.0070555];
GivenLatency = [208.613, 116.126, 186.305, 248.498, 217.013, 117.784, 177.92, 195.122, 158.839, 171.029, 166.49, 141.554, 202.498, 163.75, 122.356, 127.105, 131.796, 199.273, 120.527, 229.53, 265.581, 128.307, 169.987, 143.154, 205.455, 267.827, 231.502, 119.607, 148.214, 147.027, 196.491, 262.873, 192.563, 274.651, 161.829, 248.03, 142.91, 205.362, 306.622, 208.783, 151.891, 221.389, 217.16, 236.481, 231.179, 201.154, 168.818, 140.741, 149.914, 194.375, 210.68, 224.568, 203.492, 161.793, 256.054, 120.906, 235.552, 264.311, 254.628, 160.489, 153.063, 161.033, 156.366, 165.463, 235.566, 188.519, 166.701, 140.887, 172.309, 194.947, 146.593, 173.682, 149.115, 187.421, 256.112, 195.988, 145.45, 217.39, 184.814, 138.201, 148.58, 285.156, 191.699, 209.244, 241.019, 334.792, 187.646, 227.461, 185.891, 147.189, 140.706, 207.866, 168.132, 129.776, 224.236, 173.468, 239.839, 154.608, 157.963, 205.279, 115.873, 236.364, 210.816, 154.704, 197.848, 116.257, 188.774, 131.964, 219.254, 148.488, 142.282, 246.083, 165.246, 133.598, 135.294, 166.594, 225.909, 251.828, 151.554, 236.743, 217.624, 207.05, 179.426, 191.542, 180.08, 117.14, 269.318, 165.178];
HighestPossibleCritFunctionValue = 1.1;
