NumDevices = 32;
NumSlotes = 256;


GivenBandwidthOld = [0.0204511, 0.0309869, 0.0313832, 0.0181807, 0.023622, 0.0243789, 0.0215558, 0.0229546, 0.0329239, 0.0370249, 0.0381869, 0.0175562, 0.0275208, 0.0277906, 0.036293, 0.0371644, 0.032209, 0.0211607, 0.0327849, 0.0255833, 0.0387956, 0.0227171, 0.0167796, 0.025315, 0.0291342, 0.0188329, 0.0344478, 0.0243276, 0.034707, 0.0304558, 0.0308977, 0.0320499];
GivenLatency = [106.631, 61.9137, 72.0491, 92.3188, 75.7129, 78.2011, 110.648, 102.863, 65.1661, 51.9288, 48.81, 112.53, 75.9746, 86.1729, 51.6021, 56.2741, 65.9663, 101.057, 64.1092, 91.0642, 46.1455, 85.8498, 141.113, 86.5981, 81.4037, 110.908, 53.2306, 77.9592, 69.361, 73.1526, 54.2045, 65.4794];
HighestPossibleCritFunctionValue = 1.1;
