NumDevices = 64;
NumSlotes = 512;


GivenBandwidthOld = [0.00729568, 0.00351703, 0.00828548, 0.00781978, 0.00571058, 0.00649166, 0.00278594, 0.00835908, 0.00738441, 0.00733375, 0.00584483, 0.00656044, 0.00874425, 0.00593195, 0.00821755, 0.00357797, 0.00738566, 0.00328122, 0.00752324, 0.00309542, 0.0035386, 0.00826206, 0.00795374, 0.00716938, 0.00577198, 0.00709386, 0.00517655, 0.00599338, 0.00319385, 0.00778506, 0.00357186, 0.00482212, 0.00533194, 0.00519907, 0.0033144, 0.00256801, 0.00811362, 0.00693285, 0.00540581, 0.00303114, 0.00437099, 0.00453569, 0.00386083, 0.00514725, 0.00731419, 0.00836145, 0.00331161, 0.00574197, 0.00272916, 0.00403456, 0.00631838, 0.00296339, 0.00317628, 0.00630436, 0.00488752, 0.00458028, 0.00331483, 0.00353784, 0.00797319, 0.00284257, 0.00390251, 0.00580765, 0.00672038, 0.00319415];
GivenLatency = [51.8233, 113.09, 52.6835, 42.9766, 54.4365, 99.6106, 118.218, 64.6348, 62.9537, 49.2349, 79.4727, 53.8642, 55.9593, 84.8601, 42.3918, 160.485, 65.9201, 150.179, 43.0117, 130.789, 162.978, 46.7782, 57.4396, 44.749, 57.3104, 45.7571, 68.683, 61.5018, 159.07, 49.0212, 113.335, 69.8178, 87.9648, 70.5312, 109.259, 124.24, 71.7931, 72.7646, 66.1677, 131.291, 84.6378, 89.8085, 113.409, 99.2689, 53.7564, 52.5032, 172.81, 77.4243, 192.915, 93.3664, 75.9537, 119.783, 105.958, 60.4452, 65.6442, 98.9443, 94.066, 136.348, 76.1726, 188.928, 82.8281, 68.3711, 91.7953, 101.675];
HighestPossibleCritFunctionValue = 1.1;
