NumDevices = 64;
NumSlotes = 512;


GivenBandwidthOld = [0.00850204, 0.00876324, 0.00880808, 0.012419, 0.0104615, 0.0114423, 0.0159579, 0.00920735, 0.0129579, 0.00785893, 0.0100271, 0.0100656, 0.0173819, 0.0118009, 0.0135378, 0.0154217, 0.0171595, 0.014825, 0.00856647, 0.011696, 0.009669, 0.0119498, 0.0145532, 0.0108912, 0.0138303, 0.0109918, 0.0141148, 0.0117104, 0.0123652, 0.0166523, 0.0109308, 0.00900118, 0.00782849, 0.00849738, 0.0104862, 0.0173124, 0.014668, 0.00943704, 0.0133639, 0.011864, 0.0130694, 0.0117192, 0.00899667, 0.0120897, 0.0173372, 0.0106533, 0.0156987, 0.01366, 0.00818645, 0.0147358, 0.0100303, 0.0136174, 0.0133818, 0.013662, 0.012479, 0.009916, 0.0132024, 0.017141, 0.013603, 0.01056, 0.0164625, 0.01108, 0.0158849, 0.0129623];
GivenLatency = [121.316, 123.252, 119.922, 79.3489, 87.7909, 86.7655, 76.1256, 113.942, 79.3675, 123.108, 103.679, 94.7103, 66.7587, 102.904, 67.4753, 66.5681, 60.959, 70.1213, 127.046, 85.7367, 107.853, 85.1627, 66.8248, 85.2502, 84.4512, 111.072, 66.7155, 83.9951, 81.5497, 68.0987, 97.0772, 130.325, 122.368, 128.406, 97.9593, 55.0947, 62.5898, 106.715, 83.487, 89.725, 86.0978, 101.985, 104.63, 80.7266, 63.1243, 101.198, 75.1752, 77.4402, 115.433, 83.621, 104.593, 72.527, 85.1509, 85.3744, 75.4205, 112.53, 86.5361, 55.0048, 83.2511, 96.5647, 70.6173, 88.4877, 69.5116, 80.8021];
HighestPossibleCritFunctionValue = 1.1;
