NumDevices = 64;
NumSlotes = 512;


GivenBandwidthOld = [0.0172052, 0.0101313, 0.0198491, 0.00961021, 0.0112939, 0.00841444, 0.0139759, 0.0103172, 0.0183219, 0.0163512, 0.0199057, 0.00969769, 0.0190177, 0.010981, 0.0120627, 0.0178803, 0.0192806, 0.0173797, 0.0189294, 0.0139005, 0.0182218, 0.00933552, 0.0196487, 0.0148603, 0.0119065, 0.0168209, 0.0130682, 0.0172958, 0.0198294, 0.0158572, 0.0165263, 0.0117512, 0.0199797, 0.0163019, 0.0160208, 0.0162088, 0.013548, 0.0194966, 0.00852381, 0.0146757, 0.00926084, 0.0143648, 0.00855955, 0.0153111, 0.0133214, 0.0109321, 0.0155659, 0.00856341, 0.0177351, 0.0166199, 0.0101626, 0.00816778, 0.0183197, 0.0171133, 0.0150859, 0.0163646, 0.00796721, 0.00997265, 0.0152722, 0.00957122, 0.0184416, 0.0151387, 0.0161392, 0.019711];
GivenLatency = [159.618, 240.998, 159.388, 324.008, 289.513, 392.715, 187.388, 238.939, 133.729, 188.707, 112.939, 233.715, 160.691, 228.947, 260.961, 175.767, 150.601, 140.961, 118.264, 171.74, 125.681, 277.169, 124.014, 160.522, 209.961, 157.703, 181.192, 136.894, 153.671, 189.645, 191.727, 237.062, 155.278, 136.377, 144.626, 140.688, 165.717, 141.065, 382.155, 190.727, 317.741, 213.083, 266.24, 197.988, 168.016, 213.407, 191.034, 350.267, 162.237, 151.844, 317.994, 315.968, 159.573, 159.118, 152.336, 151.184, 370.66, 243.712, 205.172, 269.351, 150.935, 200.828, 195.4, 122.818];
HighestPossibleCritFunctionValue = 1.1;
