NumDevices = 128;
NumSlotes = 1024;


GivenBandwidthOld = [0.00613253, 0.00689936, 0.00504024, 0.00388998, 0.00642042, 0.0055565, 0.00556323, 0.00869801, 0.00503292, 0.00577239, 0.00403292, 0.00378238, 0.00800668, 0.00569038, 0.00570289, 0.00603414, 0.00831377, 0.00711012, 0.00722402, 0.00657163, 0.00682685, 0.00630378, 0.00512155, 0.00544653, 0.00727014, 0.00671703, 0.00569729, 0.0067748, 0.00652787, 0.00639658, 0.00488541, 0.00652617, 0.00789416, 0.00464935, 0.00406156, 0.00520447, 0.00394961, 0.00864363, 0.00600413, 0.00387481, 0.00642452, 0.00435451, 0.00375141, 0.00750698, 0.0073636, 0.00748355, 0.0085187, 0.006363, 0.00545489, 0.00791774, 0.00599238, 0.0063864, 0.00870909, 0.00622373, 0.00474449, 0.00821295, 0.00756437, 0.00681049, 0.00633537, 0.00606111, 0.00663274, 0.00387494, 0.0086962, 0.0045129, 0.00575223, 0.00529428, 0.00838193, 0.00757697, 0.00868901, 0.00863572, 0.00802965, 0.00687772, 0.00630539, 0.00718256, 0.00471046, 0.00612453, 0.00751868, 0.00399107, 0.00538459, 0.00628602, 0.00656216, 0.00768898, 0.00611168, 0.00652243, 0.00505655, 0.00800986, 0.00415387, 0.00664126, 0.00711112, 0.00409497, 0.00666233, 0.00621766, 0.00775391, 0.00748072, 0.00591133, 0.0042323, 0.00483828, 0.00439101, 0.0071894, 0.00469872, 0.00389611, 0.00448858, 0.00706909, 0.00773505, 0.00551961, 0.0055871, 0.00483806, 0.00581424, 0.00744715, 0.0067324, 0.00390607, 0.00686957, 0.00443655, 0.00763977, 0.00416103, 0.00694018, 0.00616422, 0.0046123, 0.00637387, 0.00810474, 0.00393298, 0.00410043, 0.0085027, 0.00730401, 0.00597446, 0.00523655, 0.00825904, 0.00725968];
GivenLatency = [182.646, 152.749, 228.599, 253.077, 196.595, 178.845, 211.176, 118.737, 190.352, 182.13, 295.079, 277.887, 120.532, 177.531, 193.495, 167.627, 150.606, 136.944, 134.439, 164.595, 176.899, 184.589, 187.589, 235.618, 139.212, 164.983, 211.303, 166.885, 162.554, 165.206, 257.336, 197.369, 132.773, 266.157, 268.815, 223.208, 259.164, 147.003, 165.027, 273.257, 189.429, 261.337, 335.279, 167.686, 146.08, 130.109, 129.785, 169.315, 176.108, 139.113, 186.839, 184.528, 128.8, 172.009, 210.358, 132.688, 138.703, 144.587, 151.886, 180.872, 157.514, 250.791, 124.302, 268.855, 181.468, 214.291, 119.317, 148.3, 115.93, 116.62, 120.728, 183.597, 159.653, 146.732, 239.262, 156.365, 159.716, 322.849, 205.255, 169.548, 149.81, 168.539, 204.278, 187.413, 220.429, 129.667, 311.317, 155.742, 137.48, 248.373, 155.844, 183.604, 165.527, 169.183, 185.47, 263.064, 203.068, 288.654, 154.75, 204.23, 281.249, 269.176, 161.13, 142.142, 178.877, 178.509, 240.629, 181.251, 152.542, 170.343, 291.262, 180.486, 264.152, 128.891, 255.58, 187.037, 186.376, 279.534, 187.284, 128.963, 312.457, 252.095, 118.311, 136.159, 209.296, 227.434, 117.681, 134.409];
HighestPossibleCritFunctionValue = 1.1;
