NumDevices = 32;
NumSlotes = 256;


GivenBandwidthOld = [0.00849732, 0.009456, 0.00950682, 0.0136724, 0.0113803, 0.0137167, 0.0061241, 0.0102337, 0.005165, 0.015616, 0.0164537, 0.00658243, 0.0134807, 0.014498, 0.0126738, 0.0156305, 0.00882663, 0.00660322, 0.0127475, 0.0165041, 0.017217, 0.0106691, 0.00987308, 0.00678954, 0.00680691, 0.0113089, 0.014473, 0.00543424, 0.0158226, 0.0122696, 0.00998547, 0.00829255];
GivenLatency = [73.1761, 50.9925, 42.738, 35.4705, 41.7037, 33.8539, 82.0765, 36.6085, 64.3835, 21.0077, 26.4915, 77.8168, 44.041, 42.1767, 30.2558, 31.5823, 34.8862, 58.1087, 28.7859, 22.3768, 28.1223, 59.6791, 58.7817, 59.5786, 51.1291, 27.1879, 37.671, 61.2182, 39.842, 26.5467, 44.2346, 41.5673];
HighestPossibleCritFunctionValue = 1.1;
