NumDevices = 32;
NumSlotes = 256;


GivenBandwidthOld = [0.0312066, 0.0239402, 0.0225432, 0.0190052, 0.0305267, 0.022009, 0.0159683, 0.0391867, 0.0204312, 0.0216358, 0.0173822, 0.0276507, 0.0354711, 0.0219527, 0.0192607, 0.0252008, 0.0354681, 0.0223416, 0.0295101, 0.0369536, 0.0387481, 0.0241428, 0.027702, 0.0223075, 0.0322795, 0.0312086, 0.0328019, 0.0372258, 0.0398824, 0.0376537, 0.0310576, 0.0202578];
GivenLatency = [58.3908, 71.0515, 82.2104, 96.6757, 71.4288, 86.9328, 136.392, 53.3257, 89.1234, 96.991, 104.153, 63.0719, 52.0582, 113.781, 100.779, 70.1691, 55.6102, 83.4091, 67.2021, 51.233, 46.2032, 83.4916, 63.6693, 102.229, 53.6935, 62.8848, 64.4029, 62.6479, 45.8776, 61.7792, 72.9448, 99.6646];
HighestPossibleCritFunctionValue = 1.1;
