NumDevices = 128;
NumSlotes = 1024;


GivenBandwidthOld = [0.00216506, 0.0026165, 0.00238355, 0.00282788, 0.0019016, 0.00262545, 0.00287243, 0.00375213, 0.00147536, 0.00132979, 0.00168895, 0.00371574, 0.00233496, 0.0018555, 0.00292036, 0.00306795, 0.00238654, 0.00310046, 0.00198951, 0.00209251, 0.00188671, 0.00244206, 0.00182175, 0.00433399, 0.00258695, 0.00256243, 0.00296838, 0.00390648, 0.00186863, 0.00170663, 0.00403136, 0.0038699, 0.00268515, 0.00302176, 0.00421461, 0.00245699, 0.00272392, 0.00152234, 0.00352014, 0.00229061, 0.00328681, 0.00260058, 0.00353485, 0.00265785, 0.0036867, 0.00178864, 0.00420368, 0.0031224, 0.00192005, 0.00348113, 0.00293441, 0.00180695, 0.00259375, 0.00134845, 0.00283818, 0.00323359, 0.00191952, 0.00385152, 0.00316832, 0.00183977, 0.00411775, 0.00266835, 0.0019056, 0.00432242, 0.00186598, 0.00399459, 0.00142781, 0.00222296, 0.00373404, 0.00371114, 0.00319687, 0.00358028, 0.00383885, 0.00266808, 0.00367872, 0.00204415, 0.00173155, 0.00402788, 0.00149883, 0.0020944, 0.00241245, 0.00424648, 0.00367032, 0.00150148, 0.00293797, 0.00226785, 0.00197661, 0.00405763, 0.00158976, 0.00227478, 0.0028974, 0.00166443, 0.00407483, 0.00319056, 0.00375578, 0.0034657, 0.00294884, 0.00370695, 0.00148607, 0.00324863, 0.00162313, 0.00365537, 0.0033653, 0.00311464, 0.00280177, 0.00373191, 0.00220708, 0.00257724, 0.00195881, 0.00177375, 0.00390927, 0.00191541, 0.00346267, 0.00205225, 0.00344677, 0.00353717, 0.00423602, 0.0028604, 0.00166936, 0.00256005, 0.00360919, 0.00217853, 0.00386554, 0.00430609, 0.00241235, 0.00253938, 0.00302634, 0.00307685];
GivenLatency = [244.521, 141.295, 248.477, 185.284, 334.74, 221.651, 114.966, 162.562, 378.704, 458.837, 219.191, 153.278, 133.847, 282.608, 123.186, 128.038, 165.964, 122.209, 195.151, 187.053, 169.215, 222.357, 294.551, 107.967, 185.27, 134.022, 148.162, 93.2483, 334.658, 289.448, 90.4655, 82.8197, 153.993, 104.74, 105.127, 267.545, 157.684, 344.581, 98.6377, 285.75, 101.015, 235.392, 157.192, 220.067, 111.234, 192.686, 153.026, 121.653, 178.614, 106.525, 128.389, 200.914, 222.962, 285.022, 191.228, 149.8, 196.875, 123.249, 128.585, 174.646, 109.298, 237.774, 214.76, 72.4675, 177.308, 135.551, 278.375, 188.894, 105.98, 94.3109, 102.881, 92.5841, 141.255, 127.835, 88.8966, 315.411, 368.692, 139.29, 411.285, 209.618, 130.254, 103.588, 133.667, 337.527, 115.068, 144.861, 185.969, 117.512, 250.616, 215.577, 219.912, 250.07, 136.682, 104.842, 161.915, 109.865, 106.211, 126.581, 429.622, 167.711, 247.837, 92.8782, 115.837, 110.136, 176.518, 85.125, 259.161, 137.918, 176.635, 197.253, 166.933, 198.968, 175.19, 266.737, 178.623, 95.9042, 99.9948, 121.646, 193.573, 149.615, 98.3502, 243.362, 121.456, 130.134, 181.432, 234.491, 154.728, 173.77];
HighestPossibleCritFunctionValue = 1.1;
