NumDevices = 64;
NumSlotes = 512;


GivenBandwidthOld = [0.0145297, 0.0158499, 0.0145281, 0.00854238, 0.0168238, 0.0131203, 0.00854303, 0.00765858, 0.0127189, 0.010995, 0.00831471, 0.0103547, 0.015903, 0.016411, 0.0138801, 0.0170543, 0.0159092, 0.0103211, 0.0118856, 0.0160247, 0.0116052, 0.0136385, 0.00767532, 0.014101, 0.0109305, 0.0144681, 0.00982622, 0.0143387, 0.0157433, 0.0132008, 0.0113176, 0.0107249, 0.00813123, 0.0165928, 0.0095971, 0.0134809, 0.00783981, 0.00865162, 0.012825, 0.0151397, 0.00804975, 0.0172252, 0.00932002, 0.0165568, 0.0143379, 0.0115662, 0.00775912, 0.0125007, 0.0143569, 0.0115913, 0.0107851, 0.0101566, 0.0172008, 0.00957249, 0.00985834, 0.0141517, 0.0131584, 0.00756389, 0.0112299, 0.0157066, 0.0158445, 0.0140746, 0.0166098, 0.0156444];
GivenLatency = [77.4323, 61.1705, 77.8808, 120.725, 64.2647, 87.9338, 137.7, 153.774, 74.2957, 83.91, 143.094, 105.116, 62.3594, 63.6503, 72.3935, 59.4344, 66.2213, 107.056, 103.712, 59.6399, 79.9324, 82.0957, 153.187, 84.6481, 88.7968, 65.0137, 118.775, 86.1326, 72.8851, 83.0189, 97.8281, 108.89, 132.655, 61.3142, 126.657, 75.1517, 125.999, 132.149, 83.0008, 64.2973, 147.524, 61.526, 110.405, 55.4315, 73.6216, 79.3283, 136.772, 88.951, 78.6154, 84.8929, 105.612, 89.7961, 55.7401, 111.799, 95.4833, 67.1057, 86.7291, 144.384, 81.7269, 71.29, 66.5924, 70.3781, 62.7801, 76.9091];
HighestPossibleCritFunctionValue = 1.1;
