NumDevices = 128;
NumSlotes = 1024;


GivenBandwidthOld = [0.00378369, 0.00742286, 0.00845852, 0.00853664, 0.00899857, 0.0039087, 0.00851959, 0.0037628, 0.00643827, 0.00430211, 0.00807028, 0.00848915, 0.00461323, 0.00577886, 0.00899814, 0.0093139, 0.00997619, 0.0098981, 0.00987743, 0.00623222, 0.0098439, 0.00511843, 0.00927577, 0.00660456, 0.00527065, 0.0050931, 0.0085495, 0.00653772, 0.00689494, 0.00442351, 0.00462613, 0.00392303, 0.00567751, 0.00573176, 0.00486128, 0.00612011, 0.00691643, 0.00948655, 0.00545155, 0.00798309, 0.00551603, 0.00420044, 0.00554022, 0.00441479, 0.00805766, 0.00877925, 0.00533851, 0.00803647, 0.00893326, 0.00635266, 0.00923419, 0.00777269, 0.00677444, 0.00424886, 0.00691918, 0.00560348, 0.0051903, 0.00456666, 0.00428495, 0.00722669, 0.00516415, 0.00885986, 0.00389471, 0.00459624, 0.00781967, 0.00892497, 0.00440203, 0.00609817, 0.00686155, 0.00579132, 0.00597429, 0.00618922, 0.00602954, 0.0097219, 0.00474264, 0.00578044, 0.00428487, 0.00577582, 0.00802456, 0.00880072, 0.00375994, 0.00828981, 0.00439201, 0.00648521, 0.00561223, 0.00853133, 0.00732413, 0.00544682, 0.00966797, 0.00454465, 0.00950847, 0.00518717, 0.00825867, 0.00601868, 0.00843548, 0.00895322, 0.00422702, 0.00847892, 0.00772606, 0.00431354, 0.00641157, 0.00550934, 0.00414678, 0.00996493, 0.0080095, 0.00571605, 0.00957908, 0.0043812, 0.00603313, 0.00757314, 0.00922779, 0.00648881, 0.00996435, 0.0046247, 0.00490562, 0.00747959, 0.0057866, 0.00793613, 0.00376132, 0.00657091, 0.0086004, 0.00563714, 0.00840966, 0.00623246, 0.0077157, 0.00531667, 0.00979124, 0.0075631];
GivenLatency = [919.417, 479.302, 396.392, 392.91, 460.194, 1276.24, 398.868, 1003.52, 596.634, 916.587, 583.804, 459.069, 745.041, 664.149, 398.036, 502.078, 366.074, 339.632, 421.267, 686.418, 345.265, 794.802, 402.917, 698.648, 941.528, 875.805, 567.175, 676.376, 695.466, 844.451, 883.354, 863.024, 699.117, 846.817, 721.555, 579.55, 488.794, 436.049, 916.334, 470.066, 633.028, 880.463, 643.753, 1019.45, 516.419, 449.558, 918.973, 506.348, 461.16, 528.164, 412.97, 626.332, 596.935, 1009.63, 686.709, 789.237, 742.623, 932.58, 954.483, 503.475, 718.386, 416.432, 1146.88, 755.742, 555.674, 432.112, 1133.18, 552.497, 721.738, 788.552, 574.451, 684.637, 602.624, 493.688, 800.058, 728.012, 952.314, 788.819, 578.182, 423.927, 1052.86, 432.261, 787.473, 523.938, 663.998, 545.367, 668.346, 693.51, 450.857, 1024.16, 443.578, 863.378, 523.726, 648.056, 586.355, 416.974, 877.64, 499.956, 480.084, 1062.86, 547.567, 661.648, 898.079, 347.876, 545.102, 781.72, 424.894, 797.616, 684.132, 440.372, 377.817, 728.237, 415.805, 1058.72, 944.654, 662.119, 781.89, 453.948, 1041.2, 594.413, 470.963, 606.962, 512.728, 662.591, 606.766, 642.558, 346.937, 457.138];
HighestPossibleCritFunctionValue = 1.1;
