NumDevices = 32;
NumSlotes = 256;


GivenBandwidthOld = [0.0172722, 0.0144431, 0.0148827, 0.0163272, 0.00622259, 0.015514, 0.0141166, 0.0154475, 0.00854864, 0.00956159, 0.00920972, 0.00773326, 0.00532312, 0.0106747, 0.0168789, 0.0166869, 0.0146991, 0.0174801, 0.00785453, 0.0060339, 0.00676479, 0.015871, 0.0138661, 0.0171026, 0.0127806, 0.011245, 0.0152805, 0.0151867, 0.0124255, 0.017179, 0.00916812, 0.00856544];
GivenLatency = [24.8444, 26.4047, 22.3045, 37.771, 71.3865, 40.5774, 26.6033, 23.1466, 73.9602, 48.2532, 47.1571, 46.9458, 57.9143, 31.3321, 31.2831, 31.8611, 27.3051, 25.1544, 50.9994, 97.6106, 76.6155, 20.4461, 23.1697, 24.8444, 32.2754, 27.7207, 26.3759, 37.885, 44.8259, 32.9045, 67.5545, 46.5163];
HighestPossibleCritFunctionValue = 1.1;
