NumDevices = 16;
NumSlotes = 128;


GivenBandwidthOld = [0.0388055, 0.0639053, 0.0371305, 0.0321906, 0.0472023, 0.0687952, 0.0602992, 0.068291, 0.0662565, 0.0336594, 0.0540538, 0.0616466, 0.0347347, 0.0465454, 0.0681329, 0.0499505];
GivenLatency = [22.5918, 12.5556, 21.8918, 26.8939, 20.5851, 14.9719, 17.06, 13.9177, 16.3046, 32.1588, 17.5322, 14.6187, 24.8596, 20.7673, 12.881, 15.551];
HighestPossibleCritFunctionValue = 1.1;
