NumDevices = 16;
NumSlotes = 128;


GivenBandwidthOld = [0.0323408, 0.0515013, 0.0418152, 0.0479156, 0.0577732, 0.0549915, 0.0616324, 0.0354241, 0.0324592, 0.0415056, 0.0447146, 0.0584817, 0.0415513, 0.0529238, 0.0300143, 0.0304715];
GivenLatency = [32.9747, 17.9773, 19.5664, 19.0449, 16.3036, 19.4553, 14.5495, 29.5576, 26.3356, 24.5516, 23.9022, 13.676, 22.7573, 18.6147, 29.6946, 35.7703];
HighestPossibleCritFunctionValue = 1.1;
