NumDevices = 32;
NumSlotes = 256;


GivenBandwidthOld = [0.0212949, 0.03279, 0.0323316, 0.0267932, 0.0226689, 0.0257069, 0.0256512, 0.0296514, 0.0210635, 0.023856, 0.0186196, 0.0292349, 0.0208329, 0.0289073, 0.0150427, 0.0330511, 0.0192637, 0.0151949, 0.0313627, 0.0223572, 0.0279811, 0.0284533, 0.0242292, 0.0306819, 0.0210212, 0.0332148, 0.0317029, 0.0210469, 0.0252422, 0.0349151, 0.02824, 0.0204995];
GivenLatency = [45.3719, 30.3946, 26.202, 42.8169, 43.5498, 38.7608, 37.2889, 31.7253, 53.2967, 45.9749, 48.5658, 34.8267, 42.3121, 36.1924, 68.8556, 30.5463, 44.5149, 63.6853, 35.901, 44.9976, 33.6679, 40.4356, 41.5816, 27.2866, 46.7359, 34.8844, 28.3499, 50.9848, 33.1705, 29.2609, 35.2499, 55.8837];
HighestPossibleCritFunctionValue = 1.1;
