NumDevices = 16;
NumSlotes = 128;


GivenBandwidthOld = [0.0645445, 0.0594162, 0.0675044, 0.0472468, 0.0572321, 0.0400254, 0.0461493, 0.0517564, 0.0498159, 0.0360758, 0.0658223, 0.0562272, 0.030523, 0.0593226, 0.0549812, 0.0487958];
GivenLatency = [13.9963, 14.6102, 11.6617, 21.8255, 19.3956, 26.6094, 20.4461, 17.6123, 16.0951, 23.1165, 15.3183, 17.2275, 31.7331, 15.9277, 18.5662, 15.8794];
HighestPossibleCritFunctionValue = 1.1;
