NumDevices = 16;
NumSlotes = 128;


GivenBandwidthOld = [0.0318346, 0.0333416, 0.0123961, 0.0307681, 0.0347594, 0.0154204, 0.0108877, 0.0300495, 0.0316359, 0.0203368, 0.0157965, 0.0315923, 0.0115505, 0.0195482, 0.0116729, 0.0257516];
GivenLatency = [12.8765, 14.2736, 25.8046, 17.855, 8.81107, 20.063, 35.985, 17.1887, 14.4976, 16.4997, 25.1633, 10.1834, 35.9134, 17.0675, 36.8598, 20.8476];
HighestPossibleCritFunctionValue = 1.1;
