NumDevices = 64;
NumSlotes = 512;


GivenBandwidthOld = [0.0102676, 0.0132826, 0.0157652, 0.0108649, 0.0109139, 0.0153088, 0.0105687, 0.012765, 0.0166687, 0.0166435, 0.012963, 0.0134865, 0.0118134, 0.0123352, 0.0126102, 0.0148688, 0.0140995, 0.0158632, 0.00814029, 0.00887161, 0.0100717, 0.00957561, 0.0122542, 0.010705, 0.0145573, 0.00929408, 0.0106756, 0.00928805, 0.00920027, 0.0140038, 0.0166017, 0.00895029, 0.0124995, 0.013553, 0.0104737, 0.0158297, 0.0155489, 0.0159857, 0.0166426, 0.0168004, 0.00953865, 0.0110383, 0.0156018, 0.0136775, 0.0134947, 0.0103808, 0.0151818, 0.0159607, 0.0171845, 0.0145914, 0.012049, 0.0124793, 0.0144567, 0.00879629, 0.0142368, 0.0132365, 0.0114558, 0.0122033, 0.0154254, 0.00961636, 0.0171511, 0.0132752, 0.0119303, 0.0173814];
GivenLatency = [97.4889, 73.0771, 68.3229, 106.168, 104.514, 75.7474, 91.2997, 80.1183, 62.5345, 65.6257, 85.95, 91.0812, 89.3597, 76.3257, 93.5518, 71.5523, 85.2009, 73.1565, 125.248, 103.41, 92.244, 95.3699, 99.6746, 102.66, 81.3928, 131.412, 105.971, 106.801, 102.243, 77.2293, 59.6482, 108.144, 80.8266, 90.4092, 91.1132, 71.971, 66.6134, 77.8274, 61.0078, 55.3802, 96.7346, 84.0961, 72.9826, 75.2363, 84.6905, 116.773, 69.9066, 69.6504, 54.8228, 68.5071, 89.676, 83.6059, 77.1325, 109.62, 86.478, 81.6424, 79.6072, 75.0182, 63.1104, 109.074, 66.6861, 69.1713, 93.5409, 55.6101];
HighestPossibleCritFunctionValue = 1.1;
