NumDevices = 16;
NumSlotes = 128;


GivenBandwidthOld = [0.0674223, 0.0663882, 0.0465976, 0.0655869, 0.0595912, 0.0491746, 0.0579247, 0.040179, 0.069009, 0.0536455, 0.0391436, 0.0659972, 0.0347559, 0.0419327, 0.0622932, 0.0618018];
GivenLatency = [14.7027, 16.3212, 20.0818, 15.8118, 13.8679, 21.8021, 15.2605, 21.7177, 12.9385, 19.4279, 21.9645, 16.8055, 30.8399, 21.6454, 17.7272, 13.1711];
HighestPossibleCritFunctionValue = 1.1;
