NumDevices = 128;
NumSlotes = 1024;


GivenBandwidthOld = [0.00428717, 0.0032566, 0.00435411, 0.00331971, 0.00248189, 0.00248681, 0.0039983, 0.00436052, 0.00159987, 0.00334164, 0.0022572, 0.00428062, 0.00246169, 0.0035617, 0.0040167, 0.00431249, 0.00378288, 0.00259441, 0.00299318, 0.00195733, 0.00191737, 0.00214652, 0.00344098, 0.00317665, 0.00433551, 0.00323572, 0.00336517, 0.00412041, 0.00358508, 0.00310326, 0.00210105, 0.00169874, 0.00254164, 0.00359877, 0.00194766, 0.00181051, 0.00302694, 0.00375533, 0.00210727, 0.00307704, 0.00213171, 0.00145204, 0.00316388, 0.00226589, 0.00345971, 0.00228435, 0.00424091, 0.00380707, 0.00286383, 0.0030828, 0.00201925, 0.00194853, 0.00387817, 0.00421101, 0.00131933, 0.00402189, 0.0039542, 0.00380668, 0.00261746, 0.00287253, 0.0023765, 0.0030484, 0.00189817, 0.00127641, 0.00134759, 0.00387784, 0.00173133, 0.00340974, 0.00317426, 0.00169519, 0.00232889, 0.0029109, 0.00352473, 0.00138468, 0.00228697, 0.00140215, 0.00215272, 0.00142496, 0.00434759, 0.00304564, 0.00240428, 0.004343, 0.00399518, 0.00194123, 0.00317983, 0.0015435, 0.00293658, 0.00378216, 0.00303823, 0.00291032, 0.00314123, 0.00270509, 0.00377585, 0.00326891, 0.00175357, 0.00231451, 0.00184175, 0.00297679, 0.00157325, 0.00288837, 0.00296731, 0.00152731, 0.0026389, 0.00381819, 0.00233538, 0.0026036, 0.00427496, 0.00423439, 0.00362669, 0.00254018, 0.00407645, 0.00229318, 0.00275201, 0.00181015, 0.00312514, 0.00428224, 0.00160009, 0.00393225, 0.00376923, 0.00137986, 0.00260338, 0.00376246, 0.0031339, 0.00153807, 0.00217512, 0.00280868, 0.00428736, 0.00321551];
GivenLatency = [73.3681, 164.82, 73.1034, 117.978, 238.664, 126.182, 134.67, 124.574, 255.113, 98.8491, 248.52, 89.2579, 221.584, 163.411, 123.311, 87.6771, 136.83, 197.656, 136.529, 243.163, 168.95, 204.937, 121.73, 148.488, 85.1713, 193.18, 140.863, 130.768, 118.364, 169.319, 245.179, 306.912, 218.681, 89.0592, 202.174, 328.305, 157.76, 115.996, 153.857, 104.927, 226.934, 248.781, 124.662, 225.026, 164.973, 181.012, 78.0993, 119.434, 132.025, 110.062, 214.041, 197.857, 87.4472, 88.8564, 388.091, 127.666, 99.2643, 130.183, 226.732, 108.912, 272.978, 113.804, 178.514, 330.853, 416.341, 98.6976, 263.767, 117.572, 125.671, 320.391, 201.482, 199.829, 138.501, 308.915, 166.731, 448.719, 243.456, 380.707, 81.6877, 104.998, 167.334, 147.055, 162.545, 162.731, 127.98, 261.853, 109.441, 145.939, 157.225, 126.862, 108.177, 197.087, 122.504, 118.985, 234.587, 268.47, 200.832, 137.727, 209.315, 163.078, 137.968, 325.822, 200.1, 115.394, 165.204, 142.434, 92.0673, 82.6197, 98.7007, 151.877, 78.9019, 211.861, 170.841, 329.899, 144.551, 104.567, 313.219, 80.9363, 121.237, 452.522, 198.657, 129.081, 112.973, 294.148, 236.189, 116.579, 143.796, 101.891];
HighestPossibleCritFunctionValue = 1.1;
