NumDevices = 32;
NumSlotes = 256;


GivenBandwidthOld = [0.0122499, 0.0167185, 0.00702159, 0.0067778, 0.0094117, 0.0148797, 0.0162126, 0.00530377, 0.0104544, 0.0147269, 0.00949617, 0.00969083, 0.00627059, 0.0097682, 0.00655776, 0.0113025, 0.00682189, 0.0130237, 0.00878617, 0.0141037, 0.0115924, 0.0161065, 0.0101828, 0.012969, 0.0154345, 0.0154666, 0.0166623, 0.0135716, 0.0171078, 0.0137739, 0.0172367, 0.0168839];
GivenLatency = [36.9827, 25.7944, 63.0367, 85.3086, 56.1622, 23.663, 24.1319, 104.676, 53.3825, 27.8145, 43.8151, 47.099, 92.0888, 51.2591, 51.8711, 30.2014, 72.56, 48.9538, 36.7738, 31.3723, 32.5619, 31.8768, 42.5741, 43.9166, 21.9829, 21.9311, 38.012, 35.0991, 20.0017, 26.8511, 32.6299, 33.4269];
HighestPossibleCritFunctionValue = 1.1;
