NumDevices = 128;
NumSlotes = 1024;


GivenBandwidthOld = [0.00818427, 0.00545419, 0.00606521, 0.00556219, 0.00624028, 0.00789655, 0.00487254, 0.00528915, 0.00719959, 0.00607688, 0.00655811, 0.00469951, 0.00709239, 0.0042993, 0.005871, 0.00648199, 0.00534163, 0.00423994, 0.0081768, 0.00497929, 0.00449592, 0.00546503, 0.00826399, 0.00539701, 0.00503559, 0.0057125, 0.00742773, 0.00532717, 0.0062752, 0.00475501, 0.00500508, 0.00780669, 0.00455909, 0.00717393, 0.00468952, 0.00419086, 0.00835355, 0.00565631, 0.0080203, 0.00463958, 0.0049383, 0.00544132, 0.00476026, 0.00811962, 0.00401361, 0.00430996, 0.00494796, 0.00786619, 0.004508, 0.00839801, 0.00787249, 0.00548228, 0.00817979, 0.00519058, 0.00556411, 0.0085284, 0.00427612, 0.00618755, 0.00663415, 0.00773974, 0.00424283, 0.00670976, 0.00842651, 0.00677597, 0.00624962, 0.0047843, 0.00729286, 0.00858011, 0.00838339, 0.00709257, 0.00726041, 0.00819315, 0.00475564, 0.00561904, 0.00672422, 0.00638495, 0.00430984, 0.00796155, 0.00726018, 0.00432117, 0.00840803, 0.00621996, 0.0064512, 0.00778575, 0.00753679, 0.00834335, 0.00412448, 0.00761383, 0.00811815, 0.00431966, 0.00799236, 0.00514524, 0.00850369, 0.00400133, 0.00789933, 0.0065233, 0.004556, 0.00517768, 0.00379798, 0.00522166, 0.00800584, 0.00664193, 0.00840011, 0.00814672, 0.00444722, 0.00692745, 0.00720017, 0.00577985, 0.0044771, 0.00406586, 0.00735295, 0.0084649, 0.00709103, 0.00645628, 0.00824031, 0.00733797, 0.00673533, 0.00818492, 0.00652568, 0.00468183, 0.00507518, 0.0060629, 0.00674129, 0.00829589, 0.00648503, 0.00638266, 0.00594443, 0.00551643];
GivenLatency = [127.757, 229.451, 182.681, 178.741, 185.224, 146.623, 261.689, 184.099, 164.307, 170.857, 152.767, 263.622, 164.4, 234.416, 176.4, 162.495, 190.591, 260.042, 155.048, 207.688, 282.366, 212.261, 115.696, 222.222, 235.344, 188.094, 145.881, 202.541, 180.487, 212.948, 215.832, 155.637, 224.73, 152.598, 205.315, 297.857, 114.905, 190.179, 150.181, 214.98, 246.748, 197.176, 243.347, 148.833, 314.678, 243.403, 198.971, 132.574, 266.056, 133.204, 149.621, 195.111, 155.497, 191.027, 176.516, 127.127, 242.147, 162.446, 155.489, 147.405, 227.776, 151.18, 127.53, 182.626, 156.669, 207.916, 154.549, 115.196, 119.284, 161.724, 167.479, 118.93, 252.506, 227.908, 171.711, 170.273, 271.503, 150.052, 141.246, 232.309, 125.313, 154.195, 194.77, 148.842, 164.062, 153.865, 268.6, 127.403, 127.83, 245.412, 121.839, 192.531, 137.647, 319.907, 147.214, 152.404, 244.7, 185.023, 258.492, 198.037, 148.598, 159.969, 118.421, 136.053, 283.982, 175.921, 148.393, 168.564, 234.751, 248.177, 165.968, 139.533, 151.235, 159.811, 130.085, 160.806, 151.052, 150.47, 162.328, 250.165, 228.006, 157.092, 171.876, 115.65, 159.616, 165.878, 189.492, 232.687];
HighestPossibleCritFunctionValue = 1.1;
