NumDevices = 128;
NumSlotes = 1024;


GivenBandwidthOld = [0.00941913, 0.00982173, 0.00762391, 0.00623454, 0.00519321, 0.00985522, 0.00790212, 0.00724956, 0.00839388, 0.00972563, 0.00485139, 0.00859058, 0.00934843, 0.00908586, 0.00858307, 0.00820908, 0.00995836, 0.00384406, 0.00958659, 0.00552036, 0.00812219, 0.00592202, 0.00888403, 0.00385763, 0.00646224, 0.00711316, 0.00957033, 0.00726174, 0.00687906, 0.00636945, 0.00381322, 0.00999728, 0.00797019, 0.00750148, 0.00486569, 0.00508551, 0.00592251, 0.00454302, 0.00700177, 0.00626063, 0.00612569, 0.00691533, 0.00971349, 0.00714146, 0.00408678, 0.0078163, 0.00859129, 0.00888597, 0.00531936, 0.00498901, 0.00901073, 0.00842704, 0.00449457, 0.00523467, 0.00661975, 0.0044416, 0.00869794, 0.00759186, 0.0051941, 0.00598696, 0.00661206, 0.00632465, 0.00713661, 0.00996798, 0.0092572, 0.00709025, 0.00587175, 0.00771036, 0.00919104, 0.00761565, 0.00494714, 0.00531262, 0.0042726, 0.00590112, 0.00766857, 0.00683648, 0.00938888, 0.00767485, 0.00614135, 0.00772501, 0.00554822, 0.00773593, 0.00774333, 0.00713466, 0.00854719, 0.00508749, 0.00795302, 0.00632854, 0.00376614, 0.00626568, 0.00971749, 0.00562981, 0.00393128, 0.00676314, 0.00815374, 0.00499419, 0.0085474, 0.00859209, 0.00975243, 0.00541929, 0.00942865, 0.00735479, 0.00827263, 0.00941492, 0.00780859, 0.00394807, 0.00779072, 0.0098276, 0.00620246, 0.00968055, 0.00967745, 0.00770532, 0.0058646, 0.0063543, 0.00547231, 0.00679698, 0.00809478, 0.00780815, 0.00906898, 0.00613717, 0.00609957, 0.00542557, 0.00884075, 0.00775862, 0.00793893, 0.0070163, 0.00673806, 0.00527537];
GivenLatency = [366.331, 388.764, 516.189, 657.167, 811.277, 347.073, 536.993, 552.433, 570.029, 485.545, 912.692, 432.129, 414.03, 370.543, 514.044, 560.493, 336.39, 937.598, 356.674, 710.859, 575.934, 573.871, 448.661, 878.208, 665.567, 566.597, 394.827, 624.176, 649.679, 639.598, 1058.97, 431.41, 434.013, 461.287, 836.681, 816.845, 817.77, 747.068, 560.861, 674.683, 568.8, 570.573, 373.724, 657.366, 1198.94, 560.971, 412.234, 429.593, 646.046, 779.156, 426.919, 529.603, 846.941, 673.448, 569.629, 935.022, 436.426, 539.99, 816.843, 715.921, 512.652, 572.451, 660.809, 364.077, 404.914, 644.712, 720.194, 594.251, 451.016, 494.154, 905.366, 841.123, 901.879, 725.05, 527.368, 538.045, 371.09, 446.924, 548.283, 444.1, 771.59, 441.755, 445.171, 497.902, 530.061, 893.093, 506.91, 621.204, 1024.32, 759.984, 431.142, 628.256, 1153.42, 584.007, 522.919, 854.659, 558.001, 408.361, 458.649, 667.69, 401.608, 630.623, 431.866, 463.138, 499.745, 1022.32, 485.755, 406.557, 784.194, 437.404, 428.439, 437.554, 755.878, 780.49, 675.226, 652.572, 432.192, 496.742, 491.303, 562.233, 621.125, 881.531, 468.198, 573.495, 503.223, 556.22, 712.435, 768.203];
HighestPossibleCritFunctionValue = 1.1;
