NumDevices = 64;
NumSlotes = 512;


GivenBandwidthOld = [0.00817482, 0.00414413, 0.00408337, 0.00799199, 0.00641108, 0.00484201, 0.0084149, 0.00794687, 0.00428458, 0.00847394, 0.0064358, 0.00776628, 0.00657487, 0.00761938, 0.00643584, 0.00839332, 0.00771804, 0.00827329, 0.0029111, 0.00553842, 0.00670435, 0.00867913, 0.00520363, 0.00491733, 0.0056308, 0.0031362, 0.00769409, 0.00582216, 0.00675508, 0.00516558, 0.00286145, 0.00872187, 0.00477414, 0.00519825, 0.00817797, 0.00717629, 0.00314539, 0.00577065, 0.00358688, 0.00725985, 0.00752039, 0.00513274, 0.00725674, 0.00535832, 0.00478433, 0.00764978, 0.00486094, 0.00776411, 0.00758183, 0.00661027, 0.00257684, 0.00647537, 0.00399445, 0.0072868, 0.00430447, 0.00517208, 0.0059452, 0.00593479, 0.00598227, 0.00402589, 0.00444728, 0.00546886, 0.00636153, 0.00320754];
GivenLatency = [45.6795, 131.74, 91.9182, 70.1279, 57.1298, 81.249, 68.3307, 43.1386, 82.607, 42.4859, 65.4197, 51.7408, 78.4134, 78.7328, 84.5973, 57.0198, 53.3689, 42.1461, 170.464, 65.6009, 48.2751, 54.1665, 75.1824, 78.154, 100.134, 173.174, 61.9244, 106.055, 81.394, 121.869, 138.274, 38.7022, 109.172, 84.292, 40.0674, 45.4725, 150.13, 101.476, 88.5692, 43.723, 42.2144, 86.1898, 50.944, 72.3364, 81.5061, 42.374, 98.4814, 77.2288, 42.3182, 74.6042, 194.715, 54.0505, 138.13, 83.3782, 118.297, 93.4477, 89.2071, 98.4072, 52.5468, 109.893, 117.49, 60.5367, 74.8864, 119.09];
HighestPossibleCritFunctionValue = 1.1;
