NumDevices = 32;
NumSlotes = 256;


GivenBandwidthOld = [0.0383902, 0.0339503, 0.0381834, 0.0326538, 0.0221557, 0.0313249, 0.0375821, 0.0266868, 0.0350188, 0.0201965, 0.0281568, 0.0168403, 0.019472, 0.0265787, 0.0178241, 0.0288783, 0.0167932, 0.0274879, 0.0238955, 0.0222781, 0.0383671, 0.0208211, 0.0254249, 0.0257128, 0.0154883, 0.0221035, 0.0291341, 0.0165572, 0.0365475, 0.0381901, 0.0207149, 0.0150624];
GivenLatency = [44.5787, 58.7671, 54.1706, 56.5089, 80.65, 64.7188, 53.998, 70.3107, 47.7828, 107.39, 74.3782, 120.592, 119.714, 92.9708, 95.1151, 75.0016, 105.717, 90.794, 85.5316, 87.2932, 48.8038, 95.9592, 95.397, 93.7026, 125.915, 96.7031, 57.5356, 107.734, 51.2967, 57.728, 101.216, 163.923];
HighestPossibleCritFunctionValue = 1.1;
