NumDevices = 128;
NumSlotes = 1024;


GivenBandwidthOld = [0.00642254, 0.00863519, 0.00917697, 0.00863173, 0.00717927, 0.00821558, 0.00679137, 0.00747531, 0.00870672, 0.00509955, 0.00444457, 0.00868717, 0.00768974, 0.00640096, 0.00837491, 0.00954819, 0.00398, 0.00683167, 0.00984531, 0.0039534, 0.009749, 0.00400063, 0.00991461, 0.00606567, 0.00440899, 0.00444625, 0.00567564, 0.00539947, 0.00763157, 0.00376559, 0.00950689, 0.00972567, 0.00564352, 0.00935896, 0.0048021, 0.00521234, 0.00628709, 0.00711572, 0.00896158, 0.00718921, 0.00662406, 0.00812509, 0.00457621, 0.00860158, 0.00671412, 0.00923737, 0.00494798, 0.00689397, 0.00702736, 0.00516442, 0.00708561, 0.00913941, 0.00861241, 0.00748043, 0.00726866, 0.0043052, 0.00378209, 0.00561441, 0.00766901, 0.00806599, 0.00508668, 0.00676367, 0.00447274, 0.00713442, 0.00448711, 0.00489356, 0.00477453, 0.00422291, 0.00827235, 0.00458228, 0.00444074, 0.00682922, 0.00618394, 0.00479788, 0.00926038, 0.00426212, 0.0046935, 0.00491153, 0.00677685, 0.00726211, 0.00685161, 0.00752636, 0.00421476, 0.00875091, 0.00413148, 0.00897655, 0.00886392, 0.00970027, 0.00376238, 0.00549726, 0.00741603, 0.00623265, 0.00464825, 0.00683611, 0.00947297, 0.00852268, 0.00568333, 0.0097017, 0.00903982, 0.00972797, 0.0067305, 0.00955329, 0.00836505, 0.00647308, 0.00813504, 0.00938251, 0.00685527, 0.00656055, 0.00938659, 0.00670374, 0.0097784, 0.00434336, 0.00767599, 0.00667289, 0.00994099, 0.00579532, 0.00436657, 0.00390737, 0.00492105, 0.00435398, 0.00488301, 0.00878446, 0.00541529, 0.00470312, 0.00415343, 0.00912951, 0.00464206, 0.00910673];
GivenLatency = [540.159, 483.385, 401.165, 406.598, 679.804, 583.308, 599.662, 593.094, 438.896, 684.327, 788.48, 393.977, 476.042, 564.2, 479.906, 494.186, 915.204, 652.26, 409.619, 1006.92, 372.545, 983.287, 346.444, 597.756, 1112.59, 1060.29, 597.449, 619.685, 505.679, 1146.93, 438.492, 460.415, 659.502, 364.793, 829.515, 796.522, 569.591, 485.61, 389.012, 535.265, 552.809, 456.216, 1072.28, 529.715, 546.034, 380.874, 790.829, 547.87, 621.615, 698.008, 492.273, 451.406, 481.5, 575.417, 572.938, 810.852, 1102.03, 782.79, 435.528, 531.831, 779.15, 533.644, 856.142, 560.998, 967.223, 828.421, 807.247, 871.701, 518.54, 940.549, 863.118, 594.969, 734.893, 731.33, 515.68, 1157.86, 921.655, 992.576, 605.325, 502.643, 616.373, 579.145, 1017.18, 569.044, 1045.79, 483.421, 415.307, 378.609, 1253.16, 624.078, 493.719, 585.941, 777.635, 730.667, 476.095, 421.057, 782.396, 446.351, 553.018, 409.452, 615.4, 421.166, 419.289, 744.26, 544.424, 453.634, 714.549, 508.795, 362.179, 546.358, 383.788, 806.425, 543.751, 575.38, 393.77, 654.335, 982.296, 889.63, 687.992, 775.393, 974.903, 474.497, 617.989, 909.258, 1100.92, 372.643, 825.07, 493.046];
HighestPossibleCritFunctionValue = 1.1;
