NumDevices = 16;
NumSlotes = 128;


GivenBandwidthOld = [0.0223205, 0.0302209, 0.012545, 0.0333235, 0.0322618, 0.0137724, 0.0133477, 0.0255432, 0.0201547, 0.0297669, 0.0323151, 0.0347272, 0.0245081, 0.0233327, 0.0171409, 0.0270194];
GivenLatency = [14.8889, 11.3543, 47.4049, 10.1941, 11.2721, 26.4363, 22.8508, 20.1211, 24.6357, 18.9457, 18.0011, 12.5287, 21.2614, 18.2981, 24.1043, 12.6882];
HighestPossibleCritFunctionValue = 1.1;
