NumDevices = 64;
NumSlotes = 512;


GivenBandwidthOld = [0.0149358, 0.0180424, 0.0190208, 0.0131784, 0.00761961, 0.0178514, 0.00766988, 0.0126717, 0.0160377, 0.0125281, 0.0140219, 0.00925823, 0.00799982, 0.00799723, 0.0144364, 0.0132614, 0.0145986, 0.0138293, 0.00966262, 0.0172274, 0.00909805, 0.0159704, 0.00760519, 0.0129157, 0.0162026, 0.00911728, 0.0140974, 0.0141874, 0.0145729, 0.0187668, 0.01841, 0.00857532, 0.0179048, 0.018195, 0.00800974, 0.01227, 0.0146735, 0.0106875, 0.0178917, 0.0100085, 0.017623, 0.00757076, 0.00925046, 0.0150208, 0.0103104, 0.0172413, 0.0176239, 0.00988705, 0.0142256, 0.00784642, 0.0173414, 0.0122177, 0.00973352, 0.00872613, 0.0149928, 0.0133547, 0.00783005, 0.0170881, 0.0173529, 0.017497, 0.0143195, 0.0104126, 0.00900855, 0.0117658];
GivenLatency = [166.642, 175.947, 125.067, 203.667, 307.213, 130.861, 380.285, 253.468, 191.933, 207.337, 165.383, 243.565, 320.374, 384.972, 224.291, 242.571, 192.246, 188.466, 257.948, 169.988, 301.918, 155.501, 300.503, 198.751, 141.124, 333.246, 218.107, 216.284, 208.504, 132.793, 128.86, 366.938, 139.161, 130.544, 311.745, 207.925, 185.353, 222.795, 170.057, 232.546, 139.361, 403.918, 246.93, 176.779, 296.126, 169.422, 167.867, 316.867, 174.376, 405.316, 143.423, 250.539, 268.505, 344.532, 220.583, 233.827, 365.099, 161.165, 133.813, 144.792, 208.291, 259.221, 263.299, 241.026];
HighestPossibleCritFunctionValue = 1.1;
