NumDevices = 32;
NumSlotes = 256;


GivenBandwidthOld = [0.0135191, 0.0105822, 0.0122566, 0.0161995, 0.0102135, 0.0149587, 0.00576303, 0.0167469, 0.0100684, 0.0154054, 0.0131247, 0.00657845, 0.00902255, 0.0120284, 0.00662, 0.00735931, 0.00786531, 0.0122325, 0.0123857, 0.0108622, 0.00578166, 0.0173325, 0.0145242, 0.0159891, 0.0118365, 0.00634593, 0.0136275, 0.00691517, 0.00582456, 0.0133224, 0.0165562, 0.00537157];
GivenLatency = [28.5826, 44.3933, 29.4007, 37.1478, 49.7963, 31.6708, 93.8712, 18.5353, 31.8582, 22.3771, 44.9314, 65.1016, 37.858, 31.6143, 55.7456, 42.5434, 57.8739, 50.1434, 51.0002, 32.72, 53.091, 29.8056, 33.1445, 22.9702, 25.8072, 86.7635, 27.9495, 62.7715, 71.1234, 39.3821, 20.6997, 57.9308];
HighestPossibleCritFunctionValue = 1.1;
