NumDevices = 64;
NumSlotes = 512;


GivenBandwidthOld = [0.0130583, 0.0162496, 0.0112317, 0.0169402, 0.00816483, 0.0113505, 0.0121428, 0.00846314, 0.0149715, 0.0113385, 0.0103945, 0.016045, 0.0134199, 0.0136512, 0.0112209, 0.0139502, 0.0168327, 0.0121912, 0.0116782, 0.0111318, 0.0164441, 0.0117578, 0.0086765, 0.0109209, 0.0118814, 0.014877, 0.0131423, 0.0169997, 0.00940204, 0.0150098, 0.0155178, 0.0131528, 0.0136127, 0.0137444, 0.0169526, 0.00785487, 0.0117391, 0.0141951, 0.0113717, 0.00969937, 0.0122675, 0.0155061, 0.0154765, 0.00899037, 0.0160859, 0.0103425, 0.0121471, 0.0119194, 0.0144512, 0.0164352, 0.0112837, 0.0108159, 0.0174134, 0.0121874, 0.00894856, 0.0133984, 0.0113338, 0.0129799, 0.00869821, 0.0158194, 0.0112848, 0.00876432, 0.0169691, 0.014541];
GivenLatency = [74.5903, 60.9545, 82.0479, 63.5231, 142.318, 82.0033, 92.3955, 113.341, 76.0287, 93.4328, 108.777, 72.0722, 74.1107, 87.2274, 89.5656, 69.4065, 63.8404, 98.141, 79.8437, 102.307, 73.9617, 98.6424, 109.487, 90.207, 79.8355, 79.364, 78.1736, 57.7894, 129.49, 72.5902, 73.5635, 92.4648, 71.0034, 73.843, 57.8296, 124.816, 82.1172, 65.9286, 99.6108, 117.012, 83.0003, 62.3073, 79.1753, 124.875, 70.4831, 115.322, 91.6308, 89.9597, 64.0448, 58.5972, 84.7874, 111.434, 57.7257, 79.0454, 118.285, 77.3517, 86.6618, 88.0589, 114.374, 64.9123, 90.452, 113.155, 56.5904, 72.1237];
HighestPossibleCritFunctionValue = 1.1;
