NumDevices = 64;
NumSlotes = 512;


GivenBandwidthOld = [0.00275318, 0.00776848, 0.00608998, 0.00802107, 0.00764236, 0.00514163, 0.00659615, 0.002706, 0.00843766, 0.00292427, 0.00827936, 0.00503147, 0.00516045, 0.00412714, 0.00614644, 0.0069794, 0.00650184, 0.00525029, 0.00793518, 0.00777595, 0.00655979, 0.0040908, 0.00784606, 0.00374533, 0.00779699, 0.00396947, 0.00618531, 0.00393407, 0.00498641, 0.004014, 0.00457859, 0.00609382, 0.00376158, 0.00581944, 0.00480985, 0.00534728, 0.00673715, 0.00384537, 0.0079126, 0.00336897, 0.00730563, 0.00816876, 0.00866786, 0.00321109, 0.0037697, 0.00484448, 0.00622644, 0.00779391, 0.00856783, 0.00331701, 0.00271172, 0.00457731, 0.00340705, 0.00350507, 0.00728421, 0.00453257, 0.00757544, 0.00544634, 0.00283336, 0.00525277, 0.00579417, 0.00507083, 0.0042003, 0.0045003];
GivenLatency = [224.992, 76.8495, 51.3828, 74.7197, 49.6973, 97.8064, 69.7849, 142.109, 55.2244, 207.348, 39.0399, 70.0549, 100.891, 80.8919, 92.0387, 90.0686, 48.2213, 63.7124, 78.5097, 64.4563, 90.6872, 81.2913, 57.3339, 129.274, 73.4588, 160.631, 94.2888, 87.8784, 79.7514, 94.7216, 105.526, 51.2019, 97.2499, 57.4428, 70.2193, 61.2904, 54.1993, 81.0711, 43.182, 121.981, 64.8609, 38.0851, 69.9994, 178.446, 109.016, 65.5491, 78.7526, 40.279, 57.3224, 96.6878, 189.796, 130.057, 183.749, 92.8354, 46.7378, 98.1191, 81.2592, 83.0826, 137.973, 70.983, 87.2432, 77.9124, 83.1267, 133.371];
HighestPossibleCritFunctionValue = 1.1;
