NumDevices = 16;
NumSlotes = 128;


GivenBandwidthOld = [0.0236603, 0.0237892, 0.0146788, 0.0208793, 0.0334273, 0.0269598, 0.0291169, 0.0331613, 0.0313924, 0.0262151, 0.0127546, 0.0316115, 0.0340539, 0.0333571, 0.022976, 0.0228666];
GivenLatency = [26.0534, 12.7186, 22.2087, 24.906, 16.8013, 17.88, 13.5215, 11.2084, 19.2084, 20.817, 35.7952, 16.264, 9.29535, 16.323, 18.2303, 24.4316];
HighestPossibleCritFunctionValue = 1.1;
