NumDevices = 128;
NumSlotes = 1024;


GivenBandwidthOld = [0.00896418, 0.00715907, 0.00630463, 0.00821607, 0.00865941, 0.00376239, 0.00574477, 0.00479858, 0.00850096, 0.00945867, 0.00559999, 0.00905724, 0.00880867, 0.00603, 0.00495054, 0.00620265, 0.00673117, 0.00827327, 0.00758236, 0.00795805, 0.00969729, 0.00990366, 0.00948178, 0.00656041, 0.0070805, 0.00452235, 0.00969768, 0.00396543, 0.00572969, 0.00773014, 0.0042008, 0.00531359, 0.00793499, 0.00955375, 0.00988703, 0.0050736, 0.00575025, 0.00939602, 0.00886038, 0.00648053, 0.00829272, 0.00956083, 0.00382422, 0.00737368, 0.00691404, 0.00685117, 0.00632795, 0.00637967, 0.00694325, 0.00393436, 0.00856691, 0.0052878, 0.00579499, 0.00521843, 0.00861222, 0.00434513, 0.00615861, 0.0040906, 0.00942268, 0.00697931, 0.00375047, 0.00544871, 0.00388819, 0.00762789, 0.0044068, 0.00505529, 0.00429211, 0.00873237, 0.00497097, 0.00590778, 0.00706427, 0.00669434, 0.00799923, 0.00812318, 0.00376583, 0.00730723, 0.00881948, 0.00653789, 0.00976848, 0.00641665, 0.00956524, 0.0093021, 0.00532832, 0.00558401, 0.00913019, 0.00978672, 0.00658304, 0.00616696, 0.00678308, 0.0056968, 0.00482992, 0.00403297, 0.00964779, 0.00921202, 0.00394339, 0.00401454, 0.00618738, 0.0062495, 0.00662736, 0.00728867, 0.00937082, 0.00416218, 0.00627538, 0.00398616, 0.00422838, 0.00637448, 0.00705416, 0.00545829, 0.00870688, 0.00776443, 0.00556144, 0.00479937, 0.00930966, 0.0073953, 0.00772785, 0.00949001, 0.00741609, 0.00725786, 0.00402638, 0.00516078, 0.00852369, 0.00395099, 0.00671824, 0.0097524, 0.00482482, 0.00581153, 0.00815804, 0.00842855];
GivenLatency = [510.281, 529.426, 690.083, 506.375, 465.051, 1284.23, 774.291, 839.888, 404.101, 484.196, 662.005, 390.259, 565.065, 775.265, 673.574, 640.447, 555.395, 596.26, 541.633, 566.082, 474.087, 347.607, 367.054, 634.874, 542.395, 949.51, 414.145, 989.609, 612.491, 509.849, 1025.89, 809.081, 617.637, 430.154, 495.725, 857.853, 715.597, 401.616, 455.379, 564.602, 531.659, 397.145, 1038.56, 652.367, 627.73, 600.679, 578.552, 594.938, 631.945, 1066.97, 500.139, 907.258, 673.946, 948.329, 407.618, 943.921, 784.576, 1008.46, 443.367, 637.073, 971.098, 663.502, 1031.96, 456.852, 1036.87, 761.545, 954.436, 503.332, 730.19, 700.173, 626.202, 618.947, 432.532, 549.76, 918.937, 594.056, 408.301, 741.929, 341.634, 545.927, 402.018, 384.874, 892.516, 738.505, 374.903, 479.262, 553.46, 678.114, 514.182, 615.375, 868.375, 1152.83, 478.777, 428.462, 958.955, 846.715, 678.321, 534.204, 530.32, 608.121, 416.895, 942.467, 699.349, 1106.34, 861.256, 679.987, 584.121, 631.664, 388.338, 620.795, 746.886, 958.828, 371.811, 668.406, 580.33, 457.285, 666.965, 645.166, 1195.39, 794.356, 432.074, 951.808, 575.995, 394.433, 887.375, 666.199, 479.096, 509.243];
HighestPossibleCritFunctionValue = 1.1;
