NumDevices = 64;
NumSlotes = 512;


GivenBandwidthOld = [0.00406072, 0.00850708, 0.00723272, 0.00783693, 0.00652556, 0.00388162, 0.00460735, 0.00830369, 0.0076061, 0.00825846, 0.00363918, 0.00495739, 0.00384604, 0.00658171, 0.00384065, 0.003606, 0.00350516, 0.00870196, 0.00760289, 0.00422956, 0.00866774, 0.00736842, 0.00720937, 0.00292639, 0.00641429, 0.00874422, 0.0053684, 0.00542469, 0.00777224, 0.0067096, 0.00321033, 0.00359333, 0.00308903, 0.00853608, 0.00717524, 0.0042234, 0.00512291, 0.00454683, 0.0036454, 0.00326851, 0.00642152, 0.0052193, 0.00583473, 0.00550434, 0.00274892, 0.00477308, 0.00609962, 0.00763678, 0.00506862, 0.00462078, 0.00262819, 0.00699052, 0.00598422, 0.00561871, 0.006232, 0.00750558, 0.00635795, 0.0055416, 0.00385557, 0.00431997, 0.00324576, 0.00531342, 0.00635368, 0.00253582];
GivenLatency = [116.982, 72.9962, 58.9526, 56.6042, 61.395, 93.3336, 137.811, 51.8014, 40.7659, 50.1799, 104.717, 70.4062, 124.285, 55.5755, 141.855, 142.359, 101.186, 43.2544, 44.3912, 73.6644, 61.572, 53.0889, 72.7966, 121.229, 62.6021, 41.4327, 102.907, 68.4916, 42.6737, 46.7694, 182.901, 141.763, 105.41, 52.2734, 64.9307, 116.376, 71.1515, 68.166, 90.5434, 109.946, 76.9758, 69.0902, 80.1243, 95.5374, 228.758, 78.9674, 63.075, 46.551, 64.4358, 82.7601, 158.53, 59.9314, 53.4247, 71.8932, 67.5463, 85.4547, 99.3076, 112.622, 86.8155, 138.408, 119.32, 81.649, 72.1898, 171.864];
HighestPossibleCritFunctionValue = 1.1;
