NumDevices = 128;
NumSlotes = 1024;


GivenBandwidthOld = [0.00866995, 0.00834672, 0.00586483, 0.0077664, 0.00736551, 0.00461784, 0.00452304, 0.0062554, 0.00703156, 0.00691783, 0.00551552, 0.00687611, 0.00435008, 0.00433646, 0.00530594, 0.00439292, 0.00424644, 0.00742509, 0.00596398, 0.00418844, 0.00765655, 0.00613103, 0.00667896, 0.00583333, 0.00829526, 0.0059568, 0.00846161, 0.00677488, 0.00789271, 0.00527146, 0.00489754, 0.00552268, 0.00717269, 0.00394185, 0.00817219, 0.00742244, 0.00644983, 0.00473775, 0.00493142, 0.00489593, 0.00847123, 0.00838486, 0.00692595, 0.0069237, 0.00410469, 0.00497024, 0.00737404, 0.0079808, 0.00583398, 0.00421105, 0.00762912, 0.00520671, 0.00675313, 0.00733325, 0.00750179, 0.00514079, 0.00869221, 0.00743825, 0.007185, 0.00577725, 0.0058103, 0.00621149, 0.00401605, 0.00527959, 0.00659209, 0.00571892, 0.00539159, 0.00398776, 0.00480027, 0.00558013, 0.00777694, 0.00460178, 0.00462964, 0.00787368, 0.00548895, 0.00520068, 0.00540979, 0.0047761, 0.0044089, 0.00792851, 0.00704565, 0.00869286, 0.00833142, 0.00871312, 0.00382298, 0.00528967, 0.00595472, 0.00845434, 0.00456389, 0.00784258, 0.00781787, 0.00737227, 0.00827183, 0.00707481, 0.00385195, 0.00714184, 0.00544583, 0.00549224, 0.00549966, 0.00524791, 0.00419127, 0.00511229, 0.00471708, 0.00744247, 0.00801376, 0.00473302, 0.00531024, 0.00678515, 0.00550614, 0.00420025, 0.0060745, 0.00658955, 0.00805386, 0.00871642, 0.00435408, 0.00653859, 0.00662374, 0.00772064, 0.00822872, 0.00756887, 0.00748208, 0.00390137, 0.00780035, 0.00802828, 0.00874004, 0.00627697, 0.00449815, 0.00792669];
GivenLatency = [125.719, 125.448, 174.348, 137.622, 148.064, 279.166, 235.92, 172.647, 155.351, 152.441, 210.665, 155.092, 236.179, 223.972, 180.451, 254.98, 260.87, 159.519, 179.741, 255.002, 132.58, 184.651, 160.222, 174.755, 147.444, 181.107, 143.141, 190.454, 123.864, 192.277, 220.904, 197.427, 178.235, 314.664, 117.595, 152.331, 160.183, 217.439, 206.95, 217.047, 112.643, 147.516, 166.1, 168.168, 286.651, 197.803, 133.78, 156.953, 180.982, 232.175, 128.372, 220.777, 183.23, 140.444, 141.329, 237.359, 143.132, 157.172, 162.277, 217.849, 168.712, 156.946, 317.2, 232.564, 175.276, 168.043, 224.71, 249.613, 248.881, 185.82, 140.107, 223.515, 228.259, 127.778, 174.725, 227.094, 212.358, 239.955, 265.794, 126.587, 151.947, 133.337, 132.718, 143.248, 281.784, 235.105, 167.328, 149.249, 221.457, 127.175, 146.081, 169.534, 130.227, 135.29, 259.843, 147.593, 191.255, 186.96, 204.66, 193.492, 241.012, 198.496, 270.77, 144.051, 139.237, 225.149, 197.649, 185.255, 174.719, 236.214, 205.418, 144.929, 119.338, 148.105, 231.78, 186.758, 148.445, 139.57, 121.953, 142.049, 164.623, 308.671, 137.884, 129.959, 113.512, 169.424, 265.99, 142.162];
HighestPossibleCritFunctionValue = 1.1;
