NumDevices = 64;
NumSlotes = 512;


GivenBandwidthOld = [0.0153857, 0.0119345, 0.00773044, 0.010481, 0.00984616, 0.00939372, 0.015253, 0.0128735, 0.0104614, 0.0102364, 0.00861549, 0.0155393, 0.0141455, 0.00908299, 0.0127956, 0.0114311, 0.00790628, 0.0158107, 0.0160564, 0.0154216, 0.0154849, 0.00968446, 0.0116957, 0.0143273, 0.0134632, 0.0112527, 0.00841668, 0.0142078, 0.0147784, 0.0147529, 0.0161752, 0.0121893, 0.0107101, 0.00925785, 0.0117448, 0.00905081, 0.0119948, 0.0113165, 0.0110395, 0.0150788, 0.015194, 0.0106798, 0.0100316, 0.0163672, 0.0087398, 0.0147686, 0.011269, 0.0130494, 0.0159548, 0.0169018, 0.0143506, 0.0161454, 0.0111194, 0.00875383, 0.0105894, 0.0113401, 0.00770747, 0.0145103, 0.0102096, 0.00840062, 0.014292, 0.0108562, 0.015957, 0.015012];
GivenLatency = [71.7395, 101.02, 126.188, 101.464, 110.758, 111.191, 63.0336, 77.1532, 107.289, 102.535, 108.95, 62.6717, 72.9839, 111.419, 90.4337, 80.9632, 140.051, 60.7829, 58.4801, 74.5554, 71.6258, 95.9454, 84.6022, 79.8862, 85.8261, 90.6866, 141.552, 75.6681, 71.9558, 81.3203, 58.299, 75.0959, 98.5673, 109.358, 93.9587, 132.725, 103.971, 81.5481, 110.856, 61.1232, 79.8649, 105.11, 111.068, 58.341, 107.071, 75.0012, 103.054, 83.8276, 61.9482, 55.1741, 83.9408, 76.9312, 92.6627, 131.216, 87.5445, 92.537, 133.806, 81.1766, 106.746, 119.9, 84.16, 108.211, 72.8338, 73.5813];
HighestPossibleCritFunctionValue = 1.1;
