NumDevices = 128;
NumSlotes = 1024;


GivenBandwidthOld = [0.00383146, 0.00777451, 0.00872583, 0.00749284, 0.00461666, 0.00464743, 0.00683477, 0.00442347, 0.0078023, 0.00582241, 0.00469529, 0.00625408, 0.00486744, 0.00453257, 0.00635517, 0.00387551, 0.00818908, 0.00629996, 0.00589371, 0.00809204, 0.00541104, 0.00583764, 0.00575057, 0.00741107, 0.00541567, 0.00860546, 0.00439775, 0.00547981, 0.00666254, 0.00484742, 0.00800698, 0.00589507, 0.00596276, 0.00868551, 0.00482451, 0.00797834, 0.00446211, 0.0071823, 0.00544086, 0.00699959, 0.00459121, 0.0069981, 0.00454589, 0.00529151, 0.00684223, 0.00483134, 0.00775044, 0.00415998, 0.0043332, 0.00560224, 0.00431895, 0.00617208, 0.00665074, 0.0064515, 0.00782734, 0.00654916, 0.0041798, 0.00736646, 0.00561282, 0.0072468, 0.00452053, 0.00406568, 0.00430395, 0.0039734, 0.00836961, 0.00553789, 0.00777996, 0.00521816, 0.00409374, 0.00606853, 0.0062319, 0.00702343, 0.00533583, 0.00683267, 0.00426175, 0.00469307, 0.00390125, 0.00578135, 0.00456738, 0.00645704, 0.00600918, 0.00387008, 0.0069306, 0.00504816, 0.00692887, 0.00597351, 0.00430743, 0.00742577, 0.00741334, 0.00844947, 0.0077945, 0.00458202, 0.00752592, 0.00560619, 0.00580521, 0.0057284, 0.00475964, 0.00770621, 0.00575191, 0.00487048, 0.00572168, 0.00675461, 0.00726783, 0.00794868, 0.00602914, 0.00425301, 0.00787363, 0.00458386, 0.00851317, 0.0084323, 0.00418159, 0.00754173, 0.00639341, 0.00657101, 0.00638267, 0.00609857, 0.00615316, 0.00872523, 0.00738332, 0.00396727, 0.00536262, 0.00699311, 0.00566373, 0.00774734, 0.00711553, 0.00816889, 0.00710425, 0.00868643];
GivenLatency = [304.39, 125.912, 134.958, 153.464, 208.298, 276.202, 147.995, 245.085, 125.366, 219.676, 247.916, 204.917, 206.67, 241.456, 180.662, 315.87, 132.167, 195.006, 214.491, 141.985, 227.427, 210.069, 195.484, 131.215, 196.153, 121.456, 239.622, 213.599, 188.334, 211.091, 159.448, 177.416, 183.446, 144.945, 226.673, 158.053, 232.051, 155.36, 220.416, 140.733, 243.324, 172.843, 226.164, 222.876, 165.064, 262.147, 147.881, 296.988, 239.168, 189.192, 259.097, 156.108, 146.711, 185.094, 152.744, 159.823, 274.656, 169.717, 195.812, 146.573, 247.498, 240.725, 256.039, 248.764, 119.667, 176.357, 162.484, 210.264, 258.726, 203.464, 161.47, 177.313, 234.571, 181.701, 263.536, 246.408, 330.759, 206.181, 263.222, 166.767, 175.299, 267.674, 165.62, 217.194, 156.064, 196.397, 279.411, 156.245, 134.561, 126.87, 163.984, 251.981, 159.755, 181.804, 196.597, 176.092, 236.042, 130.031, 202.638, 213.639, 171.544, 146.399, 150.948, 122.896, 193.907, 305.031, 124.176, 280.019, 114.873, 145.959, 233.935, 160.632, 150.9, 192.207, 165.453, 157.442, 162.557, 124.95, 136.168, 303.892, 209.451, 148.914, 211.368, 141.249, 143.708, 138.095, 157.605, 131.084];
HighestPossibleCritFunctionValue = 1.1;
