NumDevices = 128;
NumSlotes = 1024;


GivenBandwidthOld = [0.00591225, 0.0071913, 0.00419662, 0.00377565, 0.00981923, 0.00927058, 0.00693411, 0.00663154, 0.00870676, 0.0058142, 0.00923885, 0.00489815, 0.00692991, 0.00470932, 0.00833561, 0.00530971, 0.00531446, 0.00383473, 0.00899038, 0.00998685, 0.00770648, 0.0065238, 0.00428045, 0.00653122, 0.0039079, 0.00752439, 0.00861626, 0.00979108, 0.00491338, 0.00670363, 0.00794018, 0.00940537, 0.00987594, 0.00622315, 0.00748611, 0.00900643, 0.00476233, 0.005557, 0.00517773, 0.00586005, 0.00483256, 0.00461407, 0.00742962, 0.00957866, 0.00985189, 0.0082966, 0.00593048, 0.00724524, 0.00451474, 0.00665266, 0.00745862, 0.00956726, 0.00566709, 0.00552028, 0.00689834, 0.0054504, 0.00735177, 0.00744325, 0.00748549, 0.00487039, 0.00921847, 0.00604164, 0.0069036, 0.00626785, 0.00867585, 0.00501209, 0.00951419, 0.0075377, 0.00730251, 0.00446778, 0.00493757, 0.00698915, 0.00662938, 0.00380574, 0.00925643, 0.00658244, 0.00849096, 0.0038846, 0.00973928, 0.00932871, 0.0088315, 0.00855824, 0.00966993, 0.0063098, 0.00759087, 0.00720858, 0.00715769, 0.00797134, 0.00806505, 0.00806449, 0.00484189, 0.00515212, 0.00672294, 0.00740233, 0.00715632, 0.00377364, 0.00736644, 0.00394928, 0.00929008, 0.00958531, 0.0089927, 0.00538312, 0.00791999, 0.00753209, 0.00682625, 0.00625787, 0.00979554, 0.00484397, 0.00885743, 0.00677301, 0.00523311, 0.00542304, 0.00997446, 0.00572829, 0.00917091, 0.00671826, 0.00383751, 0.00585849, 0.00988692, 0.00948338, 0.0083557, 0.0054721, 0.00963155, 0.00500404, 0.00539554, 0.00415141, 0.00651476, 0.00856065];
GivenLatency = [697.541, 503.004, 972.943, 990.682, 354.408, 392.344, 493.931, 513.769, 423.229, 624.349, 513.92, 714.998, 624.91, 981.163, 405.807, 655.736, 779.952, 1059.79, 378.742, 433.722, 496.458, 755.514, 959.707, 745.753, 1010.28, 601.726, 571.592, 343.245, 737.149, 517.561, 485.062, 390.999, 442.785, 717.648, 450.816, 419.564, 869.546, 833.655, 719.137, 638.701, 787.602, 812.985, 497.298, 503.188, 458.243, 501.44, 840.832, 497.409, 999.314, 588.106, 527.768, 500.508, 645.381, 607.895, 683.109, 872.313, 679.271, 549.838, 454.112, 933.733, 423.315, 713.961, 533.149, 732.219, 557.6, 989.861, 442.841, 518.015, 510.969, 842.972, 730.833, 549.511, 680.77, 1009.66, 405.022, 523.791, 434.445, 1017.62, 373.354, 455.085, 515.455, 506.855, 402.124, 719.098, 568.765, 589.236, 531.986, 499.213, 616.436, 594.861, 768.542, 755.715, 621.925, 455.341, 493.614, 970.73, 487.713, 893.71, 433.409, 350.106, 472.324, 774.022, 432.832, 597.814, 534.574, 652.345, 408.181, 740.74, 421.403, 663.535, 711.468, 768.065, 390.285, 649.134, 497.093, 672.571, 893.173, 609.826, 429.319, 374.912, 525.988, 840.48, 436.5, 671.102, 791.288, 831.009, 528.77, 503.187];
HighestPossibleCritFunctionValue = 1.1;
