NumDevices = 32;
NumSlotes = 256;


GivenBandwidthOld = [0.0394204, 0.0240784, 0.0199154, 0.0279148, 0.0236781, 0.0174081, 0.0377812, 0.0234162, 0.0166561, 0.0242954, 0.0180665, 0.0283096, 0.0339138, 0.0250386, 0.0335253, 0.0193766, 0.0226471, 0.0391562, 0.0336207, 0.0224806, 0.0161938, 0.029151, 0.0256818, 0.0186393, 0.0310044, 0.0257792, 0.0304658, 0.0228611, 0.0368763, 0.0156815, 0.0198116, 0.033503];
GivenLatency = [58.3665, 75.3913, 93.5952, 70.7216, 101.326, 129.017, 56.8311, 71.4361, 134.824, 92.0371, 115.728, 60.0149, 57.9171, 79.9455, 63.2105, 127.405, 92.0298, 43.3833, 62.4525, 89.9134, 117.4, 76.4284, 84.8969, 96.2873, 72.7798, 79.6905, 58.718, 104.24, 51.055, 111.462, 98.3725, 52.2175];
HighestPossibleCritFunctionValue = 1.1;
