NumDevices = 32;
NumSlotes = 256;


GivenBandwidthOld = [0.0156452, 0.00716446, 0.00814923, 0.00911056, 0.0162083, 0.00781017, 0.0104515, 0.0159738, 0.0162198, 0.0141221, 0.00730442, 0.0103374, 0.0108874, 0.0170106, 0.0168837, 0.00894917, 0.0162785, 0.0127311, 0.0167078, 0.0150148, 0.0113383, 0.00740103, 0.00915642, 0.0119402, 0.0120623, 0.0130802, 0.00925107, 0.0152374, 0.0157256, 0.00759597, 0.010446, 0.0107345];
GivenLatency = [28.1066, 47.0086, 37.5153, 40.5378, 27.6994, 66.2212, 36.8735, 22.0994, 20.0388, 33.98, 62.9898, 57.2784, 44.7191, 27.7137, 36.7775, 65.3572, 19.3531, 39.0588, 34.3959, 21.5212, 27.0278, 46.388, 50.7944, 45.209, 39.1978, 42.5474, 48.1659, 41.8417, 21.1175, 75.2304, 60.528, 28.9646];
HighestPossibleCritFunctionValue = 1.1;
