NumDevices = 8;
NumSlotes = 64;


GivenBandwidthOld = [0.0389094, 0.0306687, 0.0289819, 0.0286926, 0.0662347, 0.0368019, 0.0594266, 0.0621911];
GivenLatency = [14.1368, 10.5876, 16.2668, 12.3472, 4.49744, 14.3467, 7.3204, 7.55481];
HighestPossibleCritFunctionValue = 1.1;
