NumDevices = 128;
NumSlotes = 1024;


GivenBandwidthOld = [0.00258062, 0.00249612, 0.00411363, 0.00209406, 0.00291607, 0.00280581, 0.00289384, 0.00418353, 0.00191839, 0.00365652, 0.00395223, 0.00199653, 0.00131778, 0.00299551, 0.00373923, 0.00330912, 0.00262828, 0.0035336, 0.00351059, 0.0012503, 0.00325029, 0.00143401, 0.00328537, 0.00350514, 0.0034446, 0.00152215, 0.00334304, 0.00403146, 0.00235877, 0.00201023, 0.003423, 0.00404666, 0.00155604, 0.00416088, 0.00256325, 0.00428911, 0.0014529, 0.0019747, 0.00307429, 0.00268529, 0.00237752, 0.00153001, 0.00420399, 0.00209948, 0.00354242, 0.00185822, 0.00175783, 0.00205544, 0.00382882, 0.00281554, 0.00385387, 0.00194124, 0.00327923, 0.00332341, 0.00224917, 0.00363884, 0.00355715, 0.00244199, 0.00373285, 0.00241199, 0.00271521, 0.00199368, 0.00347996, 0.00202744, 0.00197664, 0.0014176, 0.00241102, 0.00195583, 0.00156448, 0.00241928, 0.00326766, 0.00271461, 0.00128226, 0.00274204, 0.00302832, 0.00202787, 0.0030712, 0.00391066, 0.00328056, 0.003939, 0.00156884, 0.0038057, 0.00169969, 0.00294734, 0.00350311, 0.00360658, 0.00200917, 0.00432953, 0.00273819, 0.00392563, 0.0018087, 0.00383919, 0.00206896, 0.00307232, 0.00394945, 0.00208461, 0.00362226, 0.00312383, 0.00415245, 0.00145256, 0.0024795, 0.00302535, 0.00198587, 0.00341537, 0.00396541, 0.00162079, 0.00190381, 0.00230748, 0.0024785, 0.00185342, 0.00224601, 0.00375914, 0.00361056, 0.00324076, 0.00363236, 0.00404918, 0.00326961, 0.00428001, 0.00164866, 0.00154887, 0.002566, 0.0036367, 0.00195178, 0.00235511, 0.00299499, 0.00431925, 0.00170047, 0.0035774];
GivenLatency = [190.08, 170.514, 110.828, 255.464, 136.446, 114.589, 155.561, 82.4361, 173.652, 146.364, 98.721, 240.092, 245.526, 124.426, 106.045, 149.771, 205.836, 99.1681, 101.968, 295.146, 126.176, 278.574, 108.625, 128.359, 154.31, 215.181, 144.281, 90.7818, 154.293, 321.526, 100.313, 84.5386, 359.161, 103.781, 122.896, 89.7591, 310.158, 286.24, 116.915, 206.722, 165.308, 383.778, 123.946, 282.82, 182.548, 312.984, 181.427, 186.932, 91.1927, 129.001, 100.868, 162.946, 111.797, 187.856, 167.269, 156.55, 138.549, 152.04, 93.6542, 134.688, 177.596, 270.316, 96.4509, 213.147, 166.313, 340.457, 250.523, 225.164, 236.924, 172.783, 122.848, 199.48, 391.896, 233.863, 147.519, 184.367, 104.646, 112.237, 141.608, 95.9431, 309.912, 92.4405, 213.756, 198.394, 119.949, 151.537, 200.806, 142.821, 148.115, 93.2109, 340.421, 104.115, 164.878, 145.663, 135.085, 261.537, 168.288, 188.981, 77.7738, 223.512, 158.069, 114.811, 182.343, 171.398, 106.746, 200.831, 172.389, 282.716, 129.363, 217.182, 140.35, 174.214, 103.968, 145.145, 90.1905, 157.597, 107.961, 75.8626, 208.735, 343.654, 145.204, 96.0585, 238.84, 207.292, 116.091, 85.6636, 204.283, 97.2922];
HighestPossibleCritFunctionValue = 1.1;
