NumDevices = 64;
NumSlotes = 512;


GivenBandwidthOld = [0.0191653, 0.01674, 0.0159694, 0.0148551, 0.0118564, 0.0127769, 0.0088512, 0.0171625, 0.0174898, 0.0179714, 0.0120747, 0.00765272, 0.011771, 0.0149868, 0.0133558, 0.0139918, 0.0156555, 0.0143535, 0.0197703, 0.00947793, 0.0131184, 0.0107198, 0.0102116, 0.018779, 0.0105939, 0.0186466, 0.0114017, 0.00919331, 0.0170061, 0.014003, 0.0153139, 0.0110001, 0.00821434, 0.013469, 0.0155996, 0.0123838, 0.0144309, 0.00831683, 0.0109662, 0.0134889, 0.01297, 0.0164171, 0.0143741, 0.015404, 0.0124986, 0.018726, 0.019634, 0.0190468, 0.012874, 0.0159544, 0.0134641, 0.00827499, 0.00783254, 0.00899744, 0.0124104, 0.0114917, 0.00917781, 0.0190326, 0.0108184, 0.0178931, 0.0101682, 0.0145832, 0.0178352, 0.0115289];
GivenLatency = [162.016, 135.948, 156.55, 175.378, 189.876, 178.547, 278.085, 140.209, 172.153, 154.6, 239.226, 368.282, 189.051, 156.73, 224.775, 215.789, 175.589, 224.926, 126.91, 246.98, 188.499, 230.794, 257.16, 175.119, 226.167, 152.538, 259.328, 277.277, 158.449, 233.152, 183.721, 214.544, 351.235, 198.498, 197.015, 215.948, 202.087, 299.606, 230.534, 166.128, 236.646, 149.862, 161.622, 215.134, 185.618, 128.781, 132.911, 127.472, 187.372, 169.836, 237.68, 271.671, 391.743, 366.496, 263.7, 228.121, 303.835, 163.321, 273.794, 134.804, 262.664, 213.187, 126.353, 230.037];
HighestPossibleCritFunctionValue = 1.1;
