NumDevices = 64;
NumSlotes = 512;


GivenBandwidthOld = [0.0150985, 0.0156254, 0.00943923, 0.0126371, 0.00991918, 0.0166824, 0.0112818, 0.0177852, 0.0088862, 0.0178175, 0.0131723, 0.0165666, 0.0144151, 0.0169703, 0.0126812, 0.0128893, 0.010346, 0.0150914, 0.00902993, 0.00846528, 0.0183832, 0.00839855, 0.00941767, 0.0128146, 0.0173633, 0.0177309, 0.00755937, 0.0177525, 0.00895922, 0.00760536, 0.0157184, 0.00902873, 0.0133282, 0.0124427, 0.0172947, 0.0140945, 0.0160319, 0.0158509, 0.0106095, 0.0181145, 0.0175827, 0.0175053, 0.0163475, 0.00787847, 0.0184673, 0.0101521, 0.0194923, 0.0119397, 0.013508, 0.00879125, 0.00946687, 0.0147034, 0.0121394, 0.0185631, 0.00782763, 0.0140075, 0.0166234, 0.0188958, 0.0117873, 0.0148503, 0.0184945, 0.0176382, 0.0135524, 0.0179657];
GivenLatency = [159.003, 179.979, 312.221, 178.855, 272.871, 147.557, 214.235, 135.73, 288.784, 138.901, 178.241, 180.794, 180.877, 173.81, 178.603, 177.365, 224.096, 183.136, 249.744, 327.149, 131.978, 341.606, 306.586, 223.244, 156.03, 135.144, 328.707, 150.008, 253.709, 303.122, 145.903, 258.752, 168.517, 208.08, 144.339, 232.852, 170.938, 200.413, 281.128, 139.856, 149.287, 147.708, 148.413, 366.757, 149.056, 236.116, 170.818, 242.016, 177.923, 306.458, 240.944, 152.515, 230.903, 139.105, 327.982, 198.898, 138.466, 141.431, 234.313, 192.742, 177.527, 148.715, 173.4, 133.946];
HighestPossibleCritFunctionValue = 1.1;
