NumDevices = 32;
NumSlotes = 256;


GivenBandwidthOld = [0.0199119, 0.0298207, 0.027092, 0.0248862, 0.0320629, 0.0318003, 0.0182703, 0.0186955, 0.0253142, 0.0261905, 0.0344043, 0.0228077, 0.0185137, 0.0299476, 0.0187107, 0.0209239, 0.0182436, 0.0295635, 0.0236353, 0.0284536, 0.0301106, 0.018699, 0.0233087, 0.019616, 0.0156265, 0.0244962, 0.0183303, 0.0281725, 0.0259031, 0.023517, 0.0197123, 0.0347794];
GivenLatency = [46.822, 38.278, 39.6232, 40.6765, 32.3565, 27.318, 52.045, 48.744, 40.6347, 41.892, 33.901, 42.4395, 58.6076, 35.9761, 54.1365, 41.3332, 47.4957, 28.6316, 35.2666, 30.3139, 29.2442, 53.7194, 50.0539, 57.374, 62.1803, 38.4914, 58.7949, 33.4506, 35.475, 42.8019, 49.4049, 26.2098];
HighestPossibleCritFunctionValue = 1.1;
