NumDevices = 64;
NumSlotes = 512;


GivenBandwidthOld = [0.00811764, 0.0131355, 0.0103405, 0.0107572, 0.0137007, 0.0108949, 0.0156677, 0.0192731, 0.0157733, 0.0186402, 0.0152188, 0.0126696, 0.017853, 0.0110503, 0.0157202, 0.0142823, 0.0108021, 0.0178762, 0.0127446, 0.0166274, 0.0121626, 0.00901931, 0.017559, 0.0188009, 0.0164413, 0.00813603, 0.00977539, 0.0125204, 0.0104178, 0.00894857, 0.0160596, 0.0194988, 0.00911661, 0.0153308, 0.0198202, 0.0109862, 0.0132363, 0.0166737, 0.0156417, 0.0192395, 0.012506, 0.0183775, 0.013428, 0.0144641, 0.0158564, 0.0163406, 0.0162946, 0.018758, 0.00853619, 0.0102652, 0.00800066, 0.00951768, 0.0186628, 0.00797079, 0.00764432, 0.00803721, 0.01136, 0.0197171, 0.0153093, 0.00802547, 0.01401, 0.00791861, 0.0181696, 0.0190995];
GivenLatency = [368.308, 212.426, 252.924, 231.651, 227.554, 266.045, 182.804, 121.029, 147.162, 139.209, 210.59, 197.601, 142.033, 280.735, 192.247, 158.043, 271.87, 167.124, 198.376, 179.788, 250.666, 267.204, 156.491, 135.131, 147.122, 282.521, 253.5, 215.052, 229.063, 292.878, 187.168, 158.906, 264.42, 171.921, 143.271, 227.966, 208.016, 157.391, 151.87, 126.324, 256.75, 142.576, 175.594, 220.26, 145.161, 182.565, 139.047, 121.527, 303.477, 277.634, 296.837, 251.988, 153.476, 325.128, 315.953, 346.868, 290.027, 159.956, 157.838, 311.975, 178.637, 359.05, 123.582, 127.563];
HighestPossibleCritFunctionValue = 1.1;
