NumDevices = 128;
NumSlotes = 1024;


GivenBandwidthOld = [0.00488195, 0.00837453, 0.00818994, 0.00587227, 0.00767834, 0.0074217, 0.00402417, 0.00679534, 0.00680756, 0.00713423, 0.00757524, 0.0045483, 0.00583535, 0.00717299, 0.00397651, 0.00577361, 0.00454818, 0.00378644, 0.00623774, 0.00528119, 0.00846232, 0.00874926, 0.00636626, 0.00519244, 0.00689264, 0.00705976, 0.00582257, 0.00743988, 0.00458332, 0.00431985, 0.00625408, 0.00483382, 0.00457777, 0.00603031, 0.00397319, 0.00495379, 0.00587025, 0.00383708, 0.00736808, 0.00783298, 0.00633165, 0.00860915, 0.00651776, 0.0064195, 0.00511824, 0.00478003, 0.00541748, 0.00407594, 0.00678371, 0.00623677, 0.00380766, 0.0078605, 0.00399671, 0.00516983, 0.0067536, 0.00517532, 0.0040232, 0.00545165, 0.00841765, 0.00787397, 0.0053845, 0.00471792, 0.00665093, 0.00460662, 0.00597125, 0.00627875, 0.00439398, 0.00715055, 0.0068192, 0.00781338, 0.00704249, 0.00561872, 0.00639802, 0.00400092, 0.00588585, 0.00590752, 0.00518059, 0.00774171, 0.00742969, 0.00823122, 0.00467869, 0.00720888, 0.00711547, 0.00712842, 0.00481301, 0.00473687, 0.00506973, 0.00450158, 0.00563478, 0.0061831, 0.00689965, 0.0048508, 0.00490684, 0.00678776, 0.00444659, 0.00627338, 0.00415148, 0.00647672, 0.00675926, 0.00536173, 0.0071178, 0.00639362, 0.00515763, 0.00686254, 0.0061276, 0.00404237, 0.00763095, 0.00590443, 0.00833876, 0.00709074, 0.00655349, 0.00705061, 0.00716191, 0.00765344, 0.00381288, 0.00563821, 0.00381723, 0.00866762, 0.00422595, 0.00805009, 0.00533695, 0.00569583, 0.00729642, 0.00841865, 0.00474246, 0.00404079, 0.00609306, 0.00862627];
GivenLatency = [258.609, 122.098, 118.358, 162.853, 137.891, 135.131, 292.302, 165.005, 142.038, 155.944, 138.654, 263.488, 191.01, 143.163, 324.694, 203.776, 224.98, 256.635, 167.156, 239.636, 145.79, 131.809, 182.799, 193.576, 177.993, 171.247, 179.54, 134.672, 254.879, 242.138, 154.199, 233.758, 223.106, 185.91, 321.138, 228.007, 167.57, 272.925, 158.8, 125.793, 177.294, 149.024, 164.891, 160.853, 187.534, 204.165, 236.367, 274.921, 156.702, 192.535, 296.186, 123.182, 278.995, 188.565, 162.639, 216.415, 245.955, 175.042, 137.603, 135.348, 188.129, 216.895, 168.407, 237.369, 167.773, 153.934, 246.399, 162.594, 184.93, 161.501, 136.669, 229.545, 158.047, 270.808, 166.693, 206.063, 195.399, 143.897, 135.94, 154.087, 212.619, 141.051, 143.233, 150.698, 236.998, 256.29, 239.063, 219.893, 211.687, 207.822, 166.765, 245.785, 214.192, 156.336, 231.314, 187.917, 231.828, 148.991, 162.667, 210.408, 171.539, 149.89, 243.628, 150.058, 204.598, 293.575, 144.638, 181.122, 152.472, 160.128, 170.628, 162.314, 174.752, 125.116, 262.331, 198.836, 252.125, 122.392, 228.685, 157.328, 180.976, 200.874, 150.348, 143.604, 270.037, 241.579, 210.777, 146.698];
HighestPossibleCritFunctionValue = 1.1;
