NumDevices = 64;
NumSlotes = 512;


GivenBandwidthOld = [0.0138253, 0.0170814, 0.0117192, 0.00924853, 0.0149758, 0.0127164, 0.0100146, 0.0101484, 0.00976659, 0.0120822, 0.0106024, 0.0097886, 0.0120348, 0.0144787, 0.00848087, 0.0129439, 0.0124465, 0.0135978, 0.0128932, 0.0111902, 0.0082876, 0.0147782, 0.0120632, 0.0105836, 0.0133082, 0.0164192, 0.0131414, 0.0120412, 0.0112276, 0.0165575, 0.00752068, 0.0151319, 0.0169199, 0.0173694, 0.0128193, 0.00863439, 0.0132071, 0.0166744, 0.0108598, 0.0156333, 0.0145927, 0.014283, 0.00949701, 0.0111726, 0.0125426, 0.00800926, 0.0165786, 0.0109764, 0.0157661, 0.0153777, 0.00801137, 0.012038, 0.00844081, 0.00969171, 0.0136359, 0.0138276, 0.0157507, 0.0167766, 0.00958496, 0.00941259, 0.0123598, 0.0154583, 0.0128927, 0.0124462];
GivenLatency = [89.7615, 57.567, 82.7566, 101.371, 73.4013, 74.9185, 108.408, 120.321, 98.1981, 98.4325, 109.371, 120.476, 91.1216, 63.0329, 114.107, 71.2338, 84.8173, 70.6344, 84.6637, 104.172, 149.262, 76.9941, 96.9898, 103.668, 82.0345, 69.0483, 72.9207, 79.4075, 99.8243, 70.3996, 141.072, 61.8821, 70.6636, 61.1702, 78.5255, 140.106, 71.4946, 67.9397, 89.9551, 62.0107, 83.9207, 72.2705, 99.5633, 91.8417, 93.0611, 138.683, 56.9091, 100.08, 71.2322, 75.5332, 119.258, 81.893, 112.545, 117.666, 85.5447, 90.2202, 62.4098, 58.8312, 120.127, 109.018, 80.8162, 78.3871, 83.447, 81.9137];
HighestPossibleCritFunctionValue = 1.1;
