NumDevices = 16;
NumSlotes = 128;


GivenBandwidthOld = [0.0292576, 0.0229915, 0.0328026, 0.0282394, 0.0101193, 0.0156873, 0.0218693, 0.021625, 0.0167247, 0.0315525, 0.0180318, 0.0261073, 0.0245576, 0.0297954, 0.0108888, 0.0224921];
GivenLatency = [17.7892, 24.3923, 9.31009, 10.6808, 32.5724, 29.9451, 18.6811, 18.2768, 24.4697, 11.0336, 18.4508, 23.2993, 25.6884, 10.3956, 44.7402, 14.702];
HighestPossibleCritFunctionValue = 1.1;
