NumDevices = 64;
NumSlotes = 512;


GivenBandwidthOld = [0.00822416, 0.00852169, 0.00287604, 0.00381671, 0.0074213, 0.0085785, 0.0076003, 0.00442527, 0.0043335, 0.00555253, 0.00644302, 0.00412245, 0.00848893, 0.00847067, 0.00779708, 0.00547458, 0.00254619, 0.0037826, 0.0028899, 0.00556335, 0.00691711, 0.00336157, 0.00793244, 0.00550949, 0.0079374, 0.00759056, 0.00324821, 0.0026185, 0.00656161, 0.00345966, 0.00652406, 0.00358469, 0.0078753, 0.00758342, 0.0083675, 0.00511595, 0.00620369, 0.00661454, 0.00563622, 0.00678714, 0.00645226, 0.00307537, 0.00394749, 0.00538139, 0.00500041, 0.00810728, 0.00653595, 0.00343768, 0.00585265, 0.0067502, 0.00433878, 0.00687542, 0.00264188, 0.0058775, 0.00571647, 0.00541212, 0.00278907, 0.00460084, 0.00501216, 0.00556491, 0.00822902, 0.00265053, 0.00746793, 0.00468707];
GivenLatency = [59.6618, 40.2926, 218.459, 142.535, 85.8483, 45.1373, 59.4104, 70.0209, 74.2506, 70.3023, 58.7816, 151.07, 46.9122, 45.7273, 45.1586, 56.5418, 138.238, 160.658, 153.002, 84.3785, 57.5952, 106.532, 44.6206, 68.1491, 38.9159, 69.0604, 112.553, 122.086, 49.6455, 138.77, 62.8189, 89.7143, 51.0866, 60.8025, 58.5349, 63.2926, 75.8201, 59.2051, 92.7778, 75.1633, 60.3779, 137.16, 101.901, 70.6616, 101.443, 38.4382, 49.7735, 166.893, 56.2407, 59.2769, 73.048, 64.2205, 148.225, 66.5125, 67.3353, 87.6902, 158.568, 91.8593, 78.7976, 86.6733, 65.2859, 197.6, 62.9024, 129.335];
HighestPossibleCritFunctionValue = 1.1;
