NumDevices = 128;
NumSlotes = 1024;


GivenBandwidthOld = [0.00764519, 0.0052161, 0.00452487, 0.00694674, 0.0064139, 0.00585698, 0.00576736, 0.00458064, 0.00436804, 0.00621028, 0.00865908, 0.0056273, 0.00547866, 0.00732703, 0.00784954, 0.00472218, 0.00822515, 0.0075367, 0.00687813, 0.00827747, 0.00696343, 0.00693371, 0.00730131, 0.00554829, 0.00768741, 0.00484572, 0.00452471, 0.00436882, 0.00418186, 0.0070199, 0.00600041, 0.00638031, 0.00640166, 0.00518414, 0.00740999, 0.00718418, 0.00698567, 0.00557772, 0.00729074, 0.00804683, 0.00551766, 0.00780874, 0.00393145, 0.00838185, 0.00625788, 0.0086525, 0.00513669, 0.00484317, 0.00662369, 0.00682933, 0.00804772, 0.00545675, 0.00411181, 0.00470454, 0.00663342, 0.00535216, 0.00623176, 0.00460579, 0.0069977, 0.0077926, 0.0076495, 0.00756576, 0.005219, 0.00822895, 0.00646769, 0.00500432, 0.0050267, 0.00624332, 0.0040191, 0.00654309, 0.0072582, 0.00613983, 0.0046207, 0.00766953, 0.00436663, 0.0075208, 0.0045589, 0.00398965, 0.00656734, 0.00483145, 0.00466763, 0.00631426, 0.00619095, 0.0038318, 0.00864527, 0.00850916, 0.00593515, 0.00454687, 0.00667139, 0.00859441, 0.00376621, 0.00619804, 0.00803883, 0.00620386, 0.00574996, 0.00707354, 0.00741282, 0.00475958, 0.0067845, 0.0045466, 0.00723169, 0.00549564, 0.00775706, 0.00544446, 0.00750423, 0.00613143, 0.0085153, 0.00409127, 0.0045442, 0.00684704, 0.00564349, 0.00762414, 0.00636497, 0.00860164, 0.00530804, 0.00476728, 0.00623738, 0.00414285, 0.00640201, 0.00616099, 0.00518804, 0.00785663, 0.00391841, 0.00426159, 0.00704216, 0.00507934, 0.00592464, 0.00788795];
GivenLatency = [153.644, 210.696, 278.844, 168.363, 162.188, 174.975, 171.372, 256.626, 240.499, 166.008, 135.748, 206.146, 200.969, 162.102, 134.024, 246.568, 127.96, 162.95, 148.503, 120.154, 165.958, 151.132, 145.005, 213.053, 131.041, 213.545, 264.287, 273.138, 239.652, 153.514, 180.837, 171.435, 151.855, 249.323, 138.954, 158.372, 166.831, 192.48, 137.542, 153.451, 217.89, 146.932, 254.61, 124.671, 169.945, 114.489, 233.468, 214.496, 169.353, 171.561, 149.881, 196.223, 293.553, 272.675, 163.257, 179.304, 169.564, 281.279, 140.762, 162.544, 126.521, 152.88, 241.298, 120.822, 156.701, 215.209, 202.629, 198.375, 322.425, 172.34, 152.12, 180.45, 269.534, 132.19, 259.125, 138.751, 242.998, 278.037, 152.56, 266.867, 204.077, 182.146, 207.538, 253.22, 116.136, 144.643, 208.938, 278.709, 191.218, 118.848, 301.5, 183.221, 129.124, 155.296, 179.52, 166.162, 145.664, 226.026, 140.68, 210.149, 151.757, 213.184, 127.198, 232.062, 149.827, 163.055, 147.024, 238.476, 246.474, 176.043, 181.664, 158.714, 161.149, 132.231, 219.917, 227.621, 173.685, 292.519, 151.16, 188.169, 215.985, 128.239, 314.298, 288.759, 138.686, 190.709, 168.02, 127.215];
HighestPossibleCritFunctionValue = 1.1;
