NumDevices = 16;
NumSlotes = 128;


GivenBandwidthOld = [0.0301079, 0.0129455, 0.0141916, 0.03301, 0.0148498, 0.0199326, 0.0225999, 0.027053, 0.0202478, 0.0191777, 0.0346141, 0.0247893, 0.0232495, 0.019908, 0.0336822, 0.0124173];
GivenLatency = [19.2417, 28.7324, 33.6473, 10.3382, 27.423, 30.058, 20.0093, 15.402, 23.7205, 18.1429, 10.9163, 18.105, 21.2736, 17.9181, 9.83199, 25.1093];
HighestPossibleCritFunctionValue = 1.1;
