NumDevices = 128;
NumSlotes = 1024;


GivenBandwidthOld = [0.00560952, 0.00677359, 0.00865797, 0.00454252, 0.00482869, 0.00828825, 0.00937021, 0.00632741, 0.00980402, 0.00993567, 0.00386261, 0.00890768, 0.00758012, 0.00774855, 0.00735535, 0.00511492, 0.00650052, 0.00665916, 0.00424399, 0.00621222, 0.00503982, 0.0068168, 0.00375017, 0.0065515, 0.00727338, 0.00864761, 0.00543129, 0.00486243, 0.00655924, 0.0061644, 0.00761831, 0.00589407, 0.00791393, 0.00571553, 0.00708673, 0.00923917, 0.00405304, 0.0094264, 0.00699483, 0.00836671, 0.00936387, 0.00602854, 0.00534668, 0.00796384, 0.00708472, 0.00662041, 0.00930852, 0.006977, 0.00869924, 0.00440743, 0.00937955, 0.00706978, 0.00555572, 0.00878078, 0.00605204, 0.00668941, 0.00646933, 0.0076111, 0.00974271, 0.00442937, 0.00936101, 0.00802614, 0.00401055, 0.00786309, 0.00751589, 0.00955709, 0.00967961, 0.00639582, 0.00961609, 0.00759506, 0.00894609, 0.00948704, 0.00744022, 0.00659633, 0.00457111, 0.00409463, 0.00837165, 0.00489475, 0.00604306, 0.00568798, 0.00667812, 0.00422253, 0.00812957, 0.00497848, 0.00712344, 0.00743521, 0.00983525, 0.00971051, 0.00704174, 0.00933976, 0.0071568, 0.0056368, 0.0089424, 0.009984, 0.00983277, 0.00566217, 0.00416472, 0.00514049, 0.00503583, 0.0084056, 0.00662499, 0.00503961, 0.00953129, 0.00737648, 0.00406973, 0.00869284, 0.00937791, 0.00448736, 0.00900108, 0.0086663, 0.00700867, 0.0096944, 0.00497745, 0.0085642, 0.00981395, 0.00810188, 0.00827968, 0.00905133, 0.00938683, 0.00438732, 0.00899283, 0.00755083, 0.00934886, 0.0038162, 0.00394654, 0.00696345, 0.00601617, 0.00377655];
GivenLatency = [747.149, 676.219, 553.249, 864.744, 844.647, 507.626, 359.937, 589.548, 462, 336.224, 1212.76, 474.62, 452.181, 499.448, 459.221, 853.907, 618.555, 537.057, 836.131, 704.23, 794.46, 669.227, 1105.75, 622.655, 563.041, 442.012, 781.116, 961.081, 556.066, 586.585, 598.49, 635.878, 475.447, 595.216, 531.534, 472.554, 1158.5, 491.636, 685.864, 421.915, 465.363, 678.778, 765.852, 616.833, 523.98, 624.044, 383.4, 662.833, 426.686, 950.693, 499.977, 647.215, 798.011, 400.22, 688.561, 566.03, 577.063, 599.82, 372.37, 1059.06, 419.533, 447.157, 839.374, 527.625, 465.461, 408.606, 377.159, 758.877, 400.33, 650.656, 542.046, 447.705, 634.327, 598.867, 777.395, 1063.53, 461.629, 761.369, 593.556, 645.286, 512.693, 1032.51, 458.448, 822.153, 693.111, 515.832, 389.435, 438.11, 645.85, 441.228, 647.875, 664.942, 393.263, 362.184, 351.488, 881.362, 967.651, 698.704, 900.69, 429.843, 752.122, 664.865, 473.319, 456.242, 926.073, 501.882, 418.43, 954.735, 391.341, 492.684, 478.242, 388.479, 834.945, 508.867, 410.995, 463.985, 463.875, 383.221, 373.97, 803.539, 496.08, 443.953, 356.641, 1248.39, 1067.75, 532.251, 814.862, 1037.84];
HighestPossibleCritFunctionValue = 1.1;
