NumDevices = 64;
NumSlotes = 512;


GivenBandwidthOld = [0.011615, 0.00889317, 0.0125411, 0.0135958, 0.00891761, 0.0132904, 0.0171311, 0.016585, 0.00891513, 0.0115327, 0.0146317, 0.00927631, 0.0119632, 0.0112821, 0.0135138, 0.0117856, 0.0156891, 0.0117228, 0.0108737, 0.00878112, 0.0092476, 0.00949936, 0.0106865, 0.0131581, 0.0132721, 0.00853762, 0.01686, 0.0112852, 0.0151769, 0.0137712, 0.0173178, 0.0146277, 0.0126506, 0.0134035, 0.00828638, 0.0141138, 0.0149489, 0.0105151, 0.0118459, 0.00911626, 0.0120642, 0.0173183, 0.0139837, 0.00949942, 0.011786, 0.0115866, 0.0107077, 0.00970816, 0.0100015, 0.0106717, 0.0140046, 0.0106866, 0.0148769, 0.0102857, 0.0170224, 0.0110155, 0.0122982, 0.0108038, 0.0152394, 0.0127982, 0.0149114, 0.0105575, 0.0142948, 0.0173158];
GivenLatency = [90.8751, 102.699, 87.4564, 86.1106, 127.144, 78.7971, 68.5231, 62.0819, 114.129, 87.3004, 63.4343, 108.782, 78.2987, 105.53, 68.0482, 93.2986, 77.3374, 87.464, 87.561, 116.799, 131.15, 99.8389, 100.902, 90.7196, 70.3104, 132.867, 62.875, 83.2342, 76.5475, 82.1949, 64.273, 65.3577, 92.5631, 77.8473, 114.508, 81.6412, 69.2277, 95.8596, 85.2025, 119.544, 90.0695, 69.0445, 65.8867, 106.675, 82.2228, 90.5562, 92.3712, 96.6053, 99.8862, 87.3544, 84.9306, 92.4543, 65.1368, 115.987, 71.5191, 110.863, 79.7328, 88.8461, 73.5641, 82.9349, 64.2356, 98.9302, 78.3262, 60.0114];
HighestPossibleCritFunctionValue = 1.1;
