NumDevices = 64;
NumSlotes = 512;


GivenBandwidthOld = [0.00972573, 0.0154142, 0.00951729, 0.0120982, 0.0148625, 0.0122902, 0.0162728, 0.0145204, 0.0122256, 0.0179613, 0.0182726, 0.0121672, 0.0108848, 0.00871456, 0.00813202, 0.0174144, 0.0141432, 0.00958004, 0.0166619, 0.0159048, 0.016704, 0.0121332, 0.0151276, 0.0166024, 0.0168328, 0.014618, 0.0139156, 0.00923006, 0.00967705, 0.0097228, 0.016041, 0.0185155, 0.0192528, 0.0111065, 0.0102154, 0.00832391, 0.0175307, 0.0182444, 0.0131379, 0.0130366, 0.0105487, 0.0087454, 0.0140062, 0.0198799, 0.0131801, 0.010746, 0.0133544, 0.0145768, 0.00951582, 0.0124355, 0.00805188, 0.00796369, 0.0132777, 0.0134231, 0.0198267, 0.0192025, 0.0168194, 0.0128595, 0.00908015, 0.0150866, 0.0162822, 0.0107545, 0.019212, 0.0142709];
GivenLatency = [241.03, 167.389, 344.847, 206.499, 163.172, 185.036, 201.554, 213.869, 226.892, 160.576, 123.414, 187.592, 258.777, 267.542, 328.902, 165.19, 165.182, 237.614, 195.558, 178.175, 136.174, 189.953, 151.089, 156.502, 197.34, 166.788, 190.883, 314.676, 310.923, 287.498, 195.774, 123.56, 153.099, 282.179, 252.629, 275.524, 166.361, 163.184, 252.959, 245.063, 223.501, 369.837, 194.246, 119.462, 185.242, 258.306, 234.739, 157.921, 326.486, 246.062, 304.324, 386.24, 212.703, 182.119, 143.988, 135.957, 188.309, 180.255, 252.868, 213.354, 189.161, 280.228, 127.042, 158.643];
HighestPossibleCritFunctionValue = 1.1;
