NumDevices = 32;
NumSlotes = 256;


GivenBandwidthOld = [0.0310446, 0.0172004, 0.0178729, 0.0198944, 0.0152168, 0.0185326, 0.0266576, 0.023645, 0.0317214, 0.0314781, 0.0226705, 0.0337868, 0.0248198, 0.0157627, 0.0335258, 0.0181165, 0.0335258, 0.0187316, 0.032396, 0.0293099, 0.0222964, 0.0248148, 0.0324884, 0.0225216, 0.0312551, 0.0152191, 0.0181168, 0.0184824, 0.0242436, 0.0323586, 0.0216115, 0.0344432];
GivenLatency = [37.0967, 55.0428, 58.4541, 50.5454, 54.8248, 60.1941, 43.8985, 37.3016, 29.4639, 33.9276, 43.6532, 27.3024, 41.2812, 60.9323, 34.5364, 62.1972, 29.3272, 51.2552, 36.1238, 35.0938, 37.6678, 37.784, 28.4132, 44.9195, 31.7834, 69.8666, 47.808, 56.3692, 39.4522, 27.5032, 50.0261, 32.7249];
HighestPossibleCritFunctionValue = 1.1;
