NumDevices = 16;
NumSlotes = 128;


GivenBandwidthOld = [0.031352, 0.0238519, 0.0184593, 0.0349216, 0.0175835, 0.0166414, 0.0322024, 0.0154345, 0.022862, 0.0311598, 0.0174064, 0.0147488, 0.0233397, 0.0108472, 0.0231326, 0.030367];
GivenLatency = [14.65, 18.3014, 30.7895, 10.957, 29.096, 25.8809, 13.0892, 25.0849, 17.7959, 10.065, 27.8437, 31.8498, 26.6577, 50.4043, 21.4495, 14.2658];
HighestPossibleCritFunctionValue = 1.1;
