NumDevices = 16;
NumSlotes = 128;


GivenBandwidthOld = [0.0593996, 0.0491216, 0.0565379, 0.0517064, 0.0490439, 0.050102, 0.034153, 0.0794034, 0.0531378, 0.0577682, 0.0307756, 0.0653169, 0.0516864, 0.0639551, 0.0636644, 0.0778214];
GivenLatency = [25.2254, 37.9101, 31.1478, 32.4859, 38.8892, 36.8535, 44.8829, 23.324, 36.171, 31.0933, 46.291, 22.6892, 32.2742, 28.6688, 29.1471, 24.4318];
HighestPossibleCritFunctionValue = 1.1;
