NumDevices = 16;
NumSlotes = 128;


GivenBandwidthOld = [0.010705, 0.0338388, 0.0181386, 0.02044, 0.0242661, 0.0296721, 0.0144083, 0.025053, 0.0315778, 0.0179947, 0.026735, 0.0246067, 0.0295112, 0.0341979, 0.0295067, 0.0334635];
GivenLatency = [55.8046, 11.8959, 16.8577, 17.4119, 14.0108, 21.1891, 26.809, 14.192, 16.4774, 24.255, 20.4506, 21.8824, 17.3784, 11.1156, 13.1811, 10.065];
HighestPossibleCritFunctionValue = 1.1;
