NumDevices = 64;
NumSlotes = 512;


GivenBandwidthOld = [0.0139592, 0.0177521, 0.0148808, 0.0185175, 0.0166648, 0.0156603, 0.00832682, 0.0162987, 0.0114425, 0.0193567, 0.00843799, 0.00973719, 0.00793822, 0.0101829, 0.012161, 0.00791778, 0.0166702, 0.018381, 0.00885253, 0.0144417, 0.014467, 0.015197, 0.00817216, 0.0169879, 0.00764972, 0.0113077, 0.0165595, 0.00857912, 0.0192387, 0.0124237, 0.010864, 0.00814164, 0.0166133, 0.011788, 0.0136307, 0.00884125, 0.0124243, 0.00818694, 0.0153638, 0.0112982, 0.0193017, 0.00894998, 0.014753, 0.0087102, 0.00977889, 0.00877394, 0.0185356, 0.00755295, 0.00993126, 0.019746, 0.0130983, 0.0101453, 0.0171078, 0.0115169, 0.0196427, 0.0147072, 0.0142738, 0.0174634, 0.0121612, 0.0115545, 0.0139919, 0.0167841, 0.0196026, 0.0155578];
GivenLatency = [222.529, 153.137, 206.382, 123.142, 175.021, 163.052, 319.104, 170.992, 274.468, 124.035, 337.049, 290.29, 289.449, 268.707, 240.039, 308.317, 161.077, 135.704, 281.488, 170.226, 153.887, 155.625, 345.121, 159.728, 388.804, 248.923, 142.118, 319.547, 131.242, 257.038, 275.552, 280.64, 156.019, 263.643, 236.144, 377, 187.207, 273.734, 165.448, 205.178, 135.748, 349.425, 218.196, 323.641, 295.927, 356.861, 151.67, 299.163, 251.174, 115.34, 226.447, 300.15, 150.021, 216.098, 122.862, 154.571, 229.452, 184.074, 272.142, 266.528, 185.248, 170.576, 131.819, 147.758];
HighestPossibleCritFunctionValue = 1.1;
