NumDevices = 32;
NumSlotes = 256;


GivenBandwidthOld = [0.0211931, 0.023045, 0.0276412, 0.0156849, 0.0258279, 0.0200948, 0.0225272, 0.0244337, 0.0272942, 0.0235133, 0.0185311, 0.0217974, 0.0191225, 0.0216397, 0.0276801, 0.0288516, 0.0186898, 0.0294781, 0.0291441, 0.0156645, 0.0235202, 0.0345168, 0.0334024, 0.0242127, 0.0323837, 0.0235511, 0.0333387, 0.0333159, 0.0295411, 0.0267771, 0.0335254, 0.0306183];
GivenLatency = [40.8504, 43.4502, 40.047, 60.8191, 36.979, 42.5564, 47.9247, 47.3625, 39.5385, 47.8484, 51.705, 45.676, 53.6888, 39.7234, 40.7859, 29.7225, 56.3127, 29.7506, 35.1244, 60.5829, 41.1569, 29.4253, 31.1937, 35.6841, 34.0947, 36.9742, 26.723, 34.5788, 36.4213, 37.1, 29.439, 28.7133];
HighestPossibleCritFunctionValue = 1.1;
