NumDevices = 128;
NumSlotes = 1024;


GivenBandwidthOld = [0.00484641, 0.00618726, 0.00671919, 0.00700878, 0.00410049, 0.00442691, 0.00560141, 0.00540696, 0.00723063, 0.00774211, 0.00414999, 0.00644146, 0.00407872, 0.00861091, 0.00602305, 0.00690774, 0.00584884, 0.00389763, 0.00491101, 0.00692401, 0.00428116, 0.00603639, 0.00606822, 0.00605781, 0.00607631, 0.00710128, 0.00864396, 0.00651342, 0.0085854, 0.00723502, 0.00652838, 0.00492052, 0.00663661, 0.00395074, 0.00751234, 0.00743063, 0.00408017, 0.00790732, 0.0058787, 0.00573812, 0.00807788, 0.00749247, 0.00837783, 0.00864192, 0.00727415, 0.00417756, 0.00473516, 0.00641223, 0.00784425, 0.00585071, 0.00534104, 0.0044171, 0.00575659, 0.00851743, 0.0050086, 0.00696919, 0.00868403, 0.00493442, 0.00532378, 0.00419001, 0.0040475, 0.00378722, 0.0043837, 0.00430393, 0.00872201, 0.00837586, 0.00549494, 0.00593772, 0.00773449, 0.00612468, 0.00499545, 0.00609719, 0.00802288, 0.00800001, 0.00874595, 0.00560788, 0.00408615, 0.00844506, 0.00859363, 0.00559717, 0.00413883, 0.00874344, 0.00855938, 0.00495793, 0.00539866, 0.00778935, 0.00804374, 0.00868722, 0.00854525, 0.007461, 0.00453718, 0.00391743, 0.00768268, 0.00528402, 0.00610112, 0.00400418, 0.00573825, 0.00519946, 0.00475608, 0.00786857, 0.00451968, 0.00481687, 0.00463379, 0.00758973, 0.00805968, 0.00651395, 0.00740094, 0.00508421, 0.00780724, 0.00384261, 0.00532516, 0.00738862, 0.0080976, 0.00385906, 0.00675874, 0.00663838, 0.00378376, 0.00614545, 0.00413409, 0.00417204, 0.00702893, 0.00764269, 0.00822888, 0.00533753, 0.00529002, 0.00684015, 0.00487102, 0.00476618];
GivenLatency = [207.68, 209.436, 181.033, 161.018, 237.428, 273.492, 196.793, 235.765, 148.738, 140.298, 232.905, 159.867, 298.691, 147.559, 179.919, 155.887, 202.251, 310.339, 244.613, 161.779, 239.11, 159.25, 172.794, 188.337, 186.283, 158.448, 122.489, 153.262, 132.934, 138.04, 172.214, 225.982, 167.756, 265.826, 127.021, 173.465, 274.267, 127.299, 192.963, 183.013, 141.325, 165.143, 129.249, 131.763, 131.893, 292.183, 210.542, 180.597, 140.344, 182.297, 200.338, 276.042, 184.639, 142.404, 193.033, 164.12, 142.299, 229.281, 187.01, 301.232, 237.9, 284.809, 226.505, 271.719, 115.74, 115.496, 179.108, 200.478, 131.83, 171.311, 209.117, 209.074, 126.056, 143.944, 146.372, 198.903, 270.543, 131.277, 125.428, 196.633, 242.07, 117.608, 122.816, 224.947, 183.9, 148.609, 142.668, 142.143, 120.923, 143.318, 226.732, 270.599, 150.231, 203.8, 187.195, 279.743, 182.783, 191.813, 208.016, 134.127, 250.842, 225.492, 276.027, 161.575, 147.662, 171.125, 160.97, 216.293, 125.02, 251.978, 197.871, 130.182, 133.345, 335.4, 185.293, 154.245, 279.547, 194.086, 238.918, 246.27, 182.243, 136.475, 116.414, 218.015, 195.302, 156.84, 264.052, 255.815];
HighestPossibleCritFunctionValue = 1.1;
