NumDevices = 16;
NumSlotes = 128;


GivenBandwidthOld = [0.0557469, 0.0379036, 0.0651672, 0.0460318, 0.0357375, 0.0596824, 0.0619963, 0.031484, 0.0520375, 0.0534486, 0.0511226, 0.0377639, 0.0377981, 0.0520037, 0.0469673, 0.0386945];
GivenLatency = [18.2549, 20.6824, 14.9474, 18.7557, 23.9811, 15.2696, 17.3637, 30.5416, 15.2593, 19.1058, 18.2305, 21.2158, 29.081, 17.0658, 18.7063, 24.8597];
HighestPossibleCritFunctionValue = 1.1;
