NumDevices = 64;
NumSlotes = 512;


GivenBandwidthOld = [0.0129833, 0.0145012, 0.0160334, 0.0079047, 0.00924295, 0.0113039, 0.00981459, 0.00881456, 0.011382, 0.0118938, 0.0143208, 0.0153521, 0.00770858, 0.0131775, 0.00888041, 0.00799091, 0.00824067, 0.0159602, 0.0086499, 0.0139488, 0.0120012, 0.00909693, 0.017112, 0.0159932, 0.0125533, 0.00805144, 0.0155182, 0.00894718, 0.0102449, 0.0112568, 0.0077508, 0.0127344, 0.0125519, 0.0146176, 0.0124422, 0.0103794, 0.0108469, 0.00893918, 0.0157759, 0.0108037, 0.0122393, 0.0117333, 0.0162793, 0.0107889, 0.0139573, 0.0158805, 0.00927113, 0.0149068, 0.0133265, 0.0128245, 0.0162162, 0.00997909, 0.0135929, 0.0110261, 0.0106803, 0.00926321, 0.0117652, 0.0129976, 0.0155317, 0.0168639, 0.0163576, 0.0174318, 0.0117786, 0.00842614];
GivenLatency = [79.4434, 76.2118, 58.5597, 120.724, 120.053, 107.052, 107.682, 112.44, 104.732, 89.2838, 68.8965, 70.7137, 160.562, 91.6548, 110.349, 137.549, 134.009, 75.2544, 120.331, 89.4647, 84.3557, 127.968, 60.0179, 65.2536, 85.6711, 149.599, 67.9348, 134.843, 108.436, 104.813, 143.765, 86.6261, 73.3976, 66.8147, 100.155, 99.0515, 85.9439, 111.047, 72.9643, 93.4407, 90.543, 93.8788, 56.4262, 96.0057, 72.8591, 64.4221, 98.5237, 70.3503, 88.6317, 78.4193, 59.1137, 108.477, 67.8416, 101.943, 89.1717, 107.033, 80.7017, 70.5051, 62.9746, 58.0946, 65.3268, 58.336, 92.4372, 134.058];
HighestPossibleCritFunctionValue = 1.1;
