NumDevices = 32;
NumSlotes = 256;


GivenBandwidthOld = [0.015743, 0.0126782, 0.0154928, 0.00788533, 0.0112521, 0.00971936, 0.0107369, 0.0119179, 0.011241, 0.00993581, 0.0111299, 0.00573375, 0.012081, 0.0148384, 0.00885595, 0.0118886, 0.00669344, 0.0167148, 0.008111, 0.0165809, 0.00780043, 0.00928833, 0.0164883, 0.0146783, 0.0064927, 0.00536787, 0.0128357, 0.0125462, 0.0092818, 0.00677772, 0.00809882, 0.0119158];
GivenLatency = [23.3654, 24.8349, 23.352, 58.851, 55.6834, 65.1798, 29.2564, 28.5322, 36.0747, 31.7419, 34.8763, 63.7269, 27.4258, 37.01, 40.7858, 32.9131, 46.1148, 22.8586, 66.3726, 27.9506, 42.0284, 55.1519, 26.7954, 32.3421, 52.1502, 85.606, 24.2593, 41.3994, 52.5431, 58.9151, 53.7473, 29.8983];
HighestPossibleCritFunctionValue = 1.1;
