NumDevices = 32;
NumSlotes = 256;


GivenBandwidthOld = [0.0232712, 0.0289244, 0.0181193, 0.0158067, 0.0237635, 0.0279366, 0.0152464, 0.031714, 0.02762, 0.0198352, 0.0304151, 0.022081, 0.0249829, 0.0223724, 0.0222519, 0.0220215, 0.0254299, 0.035645, 0.0201421, 0.0388403, 0.0232982, 0.0332559, 0.0175855, 0.0187175, 0.0195656, 0.0236233, 0.0220817, 0.0363716, 0.0328732, 0.0352266, 0.0382272, 0.0199946];
GivenLatency = [77.1993, 68.2809, 104.837, 147.964, 87.683, 68.6039, 116.397, 72.237, 67.4529, 118.644, 77.7627, 98.1477, 69.075, 92.9708, 77.8613, 95.0292, 78.3052, 63.8868, 120.804, 57.5771, 84.0877, 53.3557, 99.9893, 96.8447, 109.887, 98.0522, 88.16, 55.0145, 70.0654, 70.8218, 44.8107, 99.8651];
HighestPossibleCritFunctionValue = 1.1;
