NumDevices = 128;
NumSlotes = 1024;


GivenBandwidthOld = [0.0041969, 0.00481093, 0.00471903, 0.00528273, 0.00438427, 0.00400351, 0.00442206, 0.00405389, 0.00624269, 0.00834957, 0.00870727, 0.00563456, 0.00758798, 0.00870128, 0.00499, 0.00438224, 0.00482959, 0.00835475, 0.00585847, 0.00585514, 0.00487974, 0.00623058, 0.00484742, 0.00801313, 0.00415223, 0.00411294, 0.00872586, 0.00804679, 0.0048613, 0.00639213, 0.0050911, 0.00868854, 0.00573351, 0.00564034, 0.00473995, 0.00685369, 0.00743061, 0.00380961, 0.00564599, 0.00460271, 0.00520306, 0.00531449, 0.00807339, 0.00704544, 0.00528866, 0.0039974, 0.00684415, 0.00706835, 0.00518825, 0.00637224, 0.00569285, 0.00717232, 0.00768142, 0.00412238, 0.00739114, 0.00532955, 0.00623304, 0.00619389, 0.00820175, 0.00440123, 0.00400039, 0.00705809, 0.00785938, 0.00515742, 0.00832541, 0.00762425, 0.00821701, 0.00570383, 0.00675149, 0.0047345, 0.00527644, 0.0086447, 0.00404, 0.00770759, 0.00388952, 0.00858353, 0.00585003, 0.00395188, 0.00668166, 0.00622357, 0.00708595, 0.0061417, 0.00599247, 0.00794717, 0.00563249, 0.00781511, 0.00604705, 0.00531927, 0.0085001, 0.00868307, 0.00393153, 0.00474685, 0.00776351, 0.00377675, 0.0083062, 0.00477704, 0.00529538, 0.00688084, 0.00384298, 0.00654289, 0.00389979, 0.00630187, 0.00804287, 0.00401817, 0.00595355, 0.00384956, 0.00700842, 0.00795667, 0.00529015, 0.00408941, 0.00817365, 0.00695776, 0.00649646, 0.0084206, 0.00745575, 0.0062107, 0.0056672, 0.00613969, 0.00726442, 0.00558766, 0.00427228, 0.00672558, 0.00432674, 0.00694742, 0.00784474, 0.00403114, 0.00389872, 0.00832407];
GivenLatency = [279.547, 204.566, 253.819, 227.111, 267.245, 251.861, 215.643, 277.014, 207.038, 125.764, 132.001, 217.915, 134.078, 131.909, 211.162, 235.372, 265.72, 150.894, 176.136, 169.027, 209.535, 185.137, 233.429, 139.365, 263.158, 246.508, 127.501, 154.732, 262.047, 184.878, 228.24, 119.582, 223.404, 187.047, 203.201, 166.974, 158.758, 269.611, 205.399, 222.018, 223.796, 181.048, 144.628, 182.646, 198.415, 254.322, 181.016, 182.143, 248.155, 173.348, 171.788, 158.413, 128.823, 310.668, 129.491, 212.596, 167.883, 156.339, 122.072, 247.386, 316.832, 151.86, 142.459, 209.55, 130.509, 135.776, 148.671, 171.492, 148.861, 257.919, 201.784, 111.638, 250.514, 138.508, 313.297, 139.31, 186.785, 273.273, 161.138, 175.177, 175.482, 177.492, 196.543, 146.675, 195.205, 154.458, 200.946, 197.992, 145, 144.504, 289.615, 219.428, 165.937, 261.693, 139.189, 218.256, 232.37, 170.921, 258.429, 165.3, 285.735, 187.17, 121.06, 307.542, 203.313, 285.78, 147.769, 129.429, 205.202, 286.811, 120.312, 157.192, 190.331, 116.87, 139.775, 186.086, 170.939, 179.852, 144.54, 199.925, 288.197, 158.006, 279.94, 141.277, 146.01, 270.4, 274.039, 120.756];
HighestPossibleCritFunctionValue = 1.1;
