NumDevices = 128;
NumSlotes = 1024;


GivenBandwidthOld = [0.0072411, 0.00869145, 0.0047456, 0.00683094, 0.00517782, 0.00619935, 0.0049612, 0.00538685, 0.00426191, 0.00737156, 0.00639386, 0.00414681, 0.00798853, 0.00571637, 0.00760111, 0.00441953, 0.0065913, 0.00745009, 0.00622557, 0.00572451, 0.0043666, 0.00700582, 0.00437244, 0.00515945, 0.00738866, 0.00874723, 0.00715317, 0.00577851, 0.00689258, 0.0061283, 0.00585271, 0.00407246, 0.00833787, 0.00702709, 0.00682652, 0.00581883, 0.00449349, 0.00456857, 0.00649818, 0.00745404, 0.00753073, 0.00649642, 0.00776835, 0.00509648, 0.00406314, 0.00676521, 0.00531812, 0.00420583, 0.00488934, 0.00768678, 0.00416312, 0.00702079, 0.00588429, 0.00468429, 0.0063792, 0.00765903, 0.00783141, 0.00500637, 0.004555, 0.00834167, 0.00602351, 0.00460861, 0.00442855, 0.00808848, 0.00558807, 0.00623877, 0.00745694, 0.00629218, 0.00518935, 0.00494578, 0.00617167, 0.00472295, 0.0061745, 0.00733021, 0.00633213, 0.00661275, 0.00797911, 0.00742422, 0.0063824, 0.00653153, 0.00793458, 0.00401749, 0.00439209, 0.00530971, 0.00782423, 0.00434254, 0.00755252, 0.0077262, 0.00674957, 0.00744909, 0.00427742, 0.00801353, 0.00592928, 0.00597214, 0.00626448, 0.00466227, 0.00633136, 0.00862555, 0.0072004, 0.00461849, 0.00547374, 0.00458626, 0.0037764, 0.00747567, 0.00609794, 0.00566442, 0.00441231, 0.00524262, 0.00523347, 0.00636638, 0.00727077, 0.00740997, 0.00683109, 0.00765835, 0.00644361, 0.00529004, 0.00725291, 0.00717397, 0.00539088, 0.00694975, 0.0069245, 0.00758788, 0.00695628, 0.00666706, 0.00584158, 0.00690292, 0.00490766, 0.00562349];
GivenLatency = [148.987, 122.236, 222.558, 162.918, 222.898, 164.78, 200.806, 215.884, 233.12, 158.768, 150.398, 230.711, 144.983, 181.051, 147.939, 218.854, 172.819, 135.744, 157.525, 223.277, 279.129, 179.986, 239.984, 202.253, 139.207, 121.496, 154.426, 222.02, 156.345, 188.674, 201.872, 248.732, 137.981, 170.039, 144.544, 169.864, 229.006, 274.308, 178.967, 142.649, 139.761, 179.947, 133.024, 190.525, 235.661, 166.403, 194.681, 228.105, 212.492, 141.02, 233.293, 177.338, 177.882, 248.92, 167.312, 129.945, 122.949, 201.858, 226.696, 124.677, 193.592, 230.282, 225.447, 125.94, 179.63, 186.123, 131.062, 169.522, 226.514, 196.904, 159.966, 222.983, 154.497, 172.691, 194.591, 166.536, 132.936, 173.55, 154.075, 154.508, 157.999, 255.253, 236.713, 191.748, 155.025, 243.229, 160.464, 154.729, 172.731, 149.718, 287.906, 141.449, 161.639, 165.784, 154.587, 209.759, 157.528, 139.593, 146.185, 211.866, 189.729, 269.605, 261.008, 152.079, 196.068, 213.385, 249.154, 218.116, 247.221, 188.778, 157.649, 175.048, 179.344, 160.518, 184.148, 222.373, 144.019, 156.366, 227.921, 164.593, 158.483, 148.576, 150.105, 159.959, 211.704, 146.567, 247.39, 199.128];
HighestPossibleCritFunctionValue = 1.1;
