NumDevices = 128;
NumSlotes = 1024;


GivenBandwidthOld = [0.00618059, 0.00475402, 0.00833863, 0.0047984, 0.00413535, 0.00525174, 0.00853827, 0.0051296, 0.00566721, 0.00627012, 0.00434166, 0.00775035, 0.00767673, 0.00529159, 0.00828158, 0.00594595, 0.00612525, 0.00450574, 0.00555583, 0.0043862, 0.00629432, 0.00618216, 0.00605274, 0.00582199, 0.00769441, 0.00741414, 0.0070166, 0.00552331, 0.00774213, 0.00440936, 0.00560376, 0.0048391, 0.00827628, 0.0069293, 0.00821517, 0.00490742, 0.00647434, 0.0067939, 0.00764658, 0.00854001, 0.00449496, 0.00425979, 0.00677755, 0.0077949, 0.00636568, 0.00553455, 0.00663131, 0.00498006, 0.00738677, 0.00701357, 0.0045682, 0.00532255, 0.00861617, 0.00448309, 0.00485032, 0.00679665, 0.00378173, 0.00709738, 0.00819442, 0.00611021, 0.0067355, 0.00607004, 0.00661591, 0.00602781, 0.00685981, 0.0053773, 0.00385573, 0.00582321, 0.00817426, 0.00720971, 0.00613359, 0.00472227, 0.00472981, 0.00633416, 0.00577935, 0.00605858, 0.00412866, 0.00793207, 0.006864, 0.00568444, 0.00581792, 0.00422843, 0.00471662, 0.00476343, 0.00642448, 0.00868101, 0.00426705, 0.00389098, 0.00822649, 0.00519893, 0.00598592, 0.00793855, 0.00575168, 0.00606554, 0.00599522, 0.00411512, 0.00533319, 0.00750087, 0.00464152, 0.00757195, 0.00421423, 0.00605024, 0.00386796, 0.00622729, 0.00452399, 0.00711941, 0.00847044, 0.0051279, 0.00703968, 0.00840251, 0.00852597, 0.0085383, 0.00569271, 0.00481107, 0.00707305, 0.00421865, 0.00535308, 0.00679019, 0.00515173, 0.00759795, 0.00632235, 0.00727911, 0.00748022, 0.0075638, 0.00734285, 0.00375768, 0.0077468, 0.00798165];
GivenLatency = [192.356, 226.566, 151.127, 228.094, 231.672, 212.001, 128.475, 224.455, 190.426, 180.231, 297.973, 130.286, 144.83, 196.913, 149.972, 168.764, 171.159, 272.072, 209.37, 223.323, 175.777, 191.289, 188.221, 172.812, 160.855, 142.686, 146.017, 174.566, 135.009, 220.513, 204.258, 254.001, 118.04, 138.682, 132.568, 227.498, 197.282, 161.424, 153.788, 124.398, 249.018, 229.957, 147.191, 139.186, 179.67, 173.499, 186.79, 230.538, 129.815, 155.702, 253.314, 239.452, 117.115, 259.077, 266.64, 165.33, 282.414, 167.926, 149.737, 176.121, 145.103, 196.554, 184.465, 191.322, 169.634, 181.811, 274.367, 199.842, 119.247, 151.02, 167.134, 262.812, 249.872, 155.722, 194.666, 203.308, 238.708, 157.904, 156.039, 182.204, 198.808, 260.453, 261.155, 232.657, 196.449, 110.035, 228.275, 323.098, 116.138, 211.288, 166.63, 147.111, 173.594, 184.029, 198.612, 293.045, 224.63, 159.947, 253.349, 136.871, 237.559, 199.231, 269.354, 168.796, 267.855, 150.759, 121.158, 198.193, 168.383, 140.196, 118, 117.093, 196.419, 200.452, 170.817, 293.429, 233.407, 188.909, 210.005, 144.937, 199.427, 144.031, 135.299, 162.593, 146.991, 266.903, 155.594, 147.39];
HighestPossibleCritFunctionValue = 1.1;
