NumDevices = 128;
NumSlotes = 1024;


GivenBandwidthOld = [0.0015184, 0.00285885, 0.00360699, 0.00261614, 0.00264339, 0.00127117, 0.00388059, 0.00416417, 0.0015683, 0.0039964, 0.00378319, 0.00162921, 0.00283173, 0.00417368, 0.00203552, 0.00342838, 0.00387504, 0.00159778, 0.00260348, 0.00237936, 0.00433499, 0.00379512, 0.00211167, 0.00202175, 0.00338476, 0.00200194, 0.00153282, 0.00141505, 0.00332101, 0.00250003, 0.00429059, 0.00126887, 0.00279862, 0.00386124, 0.00394001, 0.0028084, 0.00261425, 0.00213316, 0.00382599, 0.00220005, 0.00319725, 0.00363736, 0.00372887, 0.0042321, 0.00272879, 0.0020916, 0.00234083, 0.00360797, 0.00347754, 0.00196045, 0.00429997, 0.00273317, 0.00396416, 0.00257478, 0.00436254, 0.00128799, 0.00224492, 0.00406752, 0.00224058, 0.00298733, 0.00376056, 0.0025491, 0.0039094, 0.00411762, 0.00364097, 0.00195858, 0.00417748, 0.00341329, 0.00342981, 0.00298033, 0.00171843, 0.00220464, 0.00221053, 0.00429591, 0.00326675, 0.00309565, 0.00233907, 0.00205814, 0.00238418, 0.00402682, 0.00246054, 0.00312734, 0.00367457, 0.00412773, 0.00158028, 0.0023186, 0.00184694, 0.00273885, 0.0025266, 0.00395451, 0.00290072, 0.00428265, 0.00220166, 0.00202783, 0.00233728, 0.00332957, 0.00264148, 0.00339788, 0.00382116, 0.002158, 0.00259081, 0.00178352, 0.00248265, 0.00278026, 0.00160185, 0.00230924, 0.00396286, 0.00255096, 0.00406887, 0.00307856, 0.00253547, 0.00304991, 0.0022718, 0.00270379, 0.00387501, 0.00413773, 0.00411776, 0.00289526, 0.00317935, 0.00277923, 0.00297824, 0.00403968, 0.00300072, 0.0037228, 0.00219293, 0.00218631, 0.00344902, 0.00399364];
GivenLatency = [208.709, 197.349, 114.441, 193.483, 139.236, 272.615, 108.928, 94.9548, 263.751, 114.704, 101.085, 241.871, 203.151, 147.502, 297.642, 164.81, 143.075, 198.718, 212.036, 251.666, 92.6444, 100.244, 260.429, 299.963, 97.3992, 226.69, 405.866, 302.802, 109.533, 139.95, 82.4204, 348.871, 205.148, 103.579, 94.9771, 129.522, 157.645, 218.781, 87.3662, 163.355, 184.67, 132.756, 133.761, 74.1372, 127.258, 214.236, 170.206, 172.438, 108.64, 192.987, 81.1825, 209.497, 118.761, 167.173, 85.8739, 259.911, 280.833, 151.368, 212.709, 117.453, 157.346, 130.612, 126.806, 148.694, 136.953, 219.027, 110.707, 126.879, 93.1862, 122.979, 193.02, 155.539, 271.689, 118.646, 126.805, 158.675, 205.729, 271.208, 194.701, 79.723, 186.678, 131.019, 107.502, 146.273, 388.813, 172.255, 275.964, 137.304, 160.179, 152.507, 122.087, 83.6328, 297.012, 217.649, 166.709, 109.695, 153.763, 109.625, 160.627, 148.711, 206.851, 288.695, 201.872, 233.025, 315.131, 277.69, 100.91, 135.767, 129.071, 110.041, 136.051, 184.27, 188.77, 136.555, 131.599, 86.4681, 118.973, 159.321, 118.024, 153.019, 124.946, 162.281, 193.009, 158.876, 149.155, 209.755, 106.466, 86.9987];
HighestPossibleCritFunctionValue = 1.1;
