NumDevices = 64;
NumSlotes = 512;


GivenBandwidthOld = [0.00856237, 0.00520427, 0.00309172, 0.00377005, 0.00448515, 0.00435902, 0.00330726, 0.00768931, 0.00681763, 0.00644879, 0.00733979, 0.00741491, 0.00743173, 0.00266784, 0.00456185, 0.00604694, 0.00334469, 0.00543057, 0.00665479, 0.00707656, 0.00823881, 0.0046345, 0.00822888, 0.00658671, 0.00664297, 0.0084461, 0.00728607, 0.00449158, 0.00627478, 0.00764952, 0.00674818, 0.00784622, 0.00636751, 0.00371079, 0.00856014, 0.00529544, 0.00426717, 0.00339329, 0.00351864, 0.00395907, 0.00635899, 0.00427453, 0.00829361, 0.00701896, 0.00259296, 0.00865671, 0.00333206, 0.00565175, 0.00527542, 0.0052848, 0.0066862, 0.00374178, 0.00427754, 0.00267465, 0.00653757, 0.00565877, 0.00447204, 0.00276146, 0.00307888, 0.00667304, 0.00756183, 0.00793328, 0.00705982, 0.00822367];
GivenLatency = [44.3591, 98.4458, 125.264, 96.8291, 109.108, 101.474, 95.7099, 40.5181, 69.6115, 59.8999, 48.8257, 77.3156, 84.4087, 215.975, 106.387, 54.868, 103.889, 111.828, 60.7221, 52.391, 68.46, 119.649, 38.0294, 90.0893, 52.9257, 45.3206, 48.136, 81.0359, 102.797, 81.1477, 53.407, 43.932, 81.1335, 96.9438, 60.7507, 119.841, 91.9238, 183.273, 175.541, 160.521, 65.6365, 84.9661, 76.4113, 65.017, 250.058, 46.4447, 127.746, 96.6637, 90.4035, 65.356, 58.2387, 158.344, 119.521, 161.076, 54.8662, 76.3993, 72.5802, 112.804, 111.598, 77.5069, 41.7662, 73.9284, 51.0056, 56.7101];
HighestPossibleCritFunctionValue = 1.1;
