NumDevices = 64;
NumSlotes = 512;


GivenBandwidthOld = [0.00941996, 0.0162492, 0.0157602, 0.0162417, 0.00937198, 0.00987023, 0.0139117, 0.00971679, 0.0151394, 0.0134376, 0.0106913, 0.0135476, 0.00944751, 0.00927719, 0.0167281, 0.0138963, 0.0107344, 0.00819199, 0.00772084, 0.00917581, 0.0128944, 0.0110127, 0.015882, 0.0143822, 0.0165308, 0.00811483, 0.0109458, 0.0105527, 0.0149076, 0.0171849, 0.0120475, 0.0167844, 0.0101137, 0.0158509, 0.0108157, 0.014464, 0.012172, 0.00908289, 0.0110962, 0.00800043, 0.00821056, 0.00993459, 0.0156508, 0.00843427, 0.00974649, 0.0142112, 0.0124812, 0.0157649, 0.0159871, 0.00998746, 0.0142918, 0.016874, 0.0155843, 0.0103559, 0.0160865, 0.0105282, 0.0120015, 0.014466, 0.0146654, 0.0163563, 0.0157168, 0.0170316, 0.0158992, 0.0124948];
GivenLatency = [103.514, 65.4477, 60.5369, 64.1427, 112.064, 103.496, 83.2887, 97.1895, 63.015, 82.6693, 86.48, 79.9498, 96.6177, 103.761, 56.5099, 80.7319, 99.63, 125.365, 134.421, 107.389, 76.078, 84.3827, 58.0512, 84.4578, 56.2328, 145.687, 96.8221, 89.421, 61.8093, 55.6188, 100.906, 72.223, 93.7411, 69.5994, 102.415, 85.0991, 92.8713, 105.052, 101.93, 143.773, 151.35, 104.731, 74.7498, 114.955, 108.544, 79.7636, 75.4971, 62.8052, 60.9634, 118.126, 68.2345, 56.0111, 74.9854, 115.504, 59.5075, 95.0099, 77.3562, 66.1084, 74.911, 62.909, 59.6166, 59.4785, 59.9708, 81.5581];
HighestPossibleCritFunctionValue = 1.1;
