NumDevices = 64;
NumSlotes = 512;


GivenBandwidthOld = [0.00758451, 0.00779694, 0.00309502, 0.00305381, 0.00420692, 0.00318385, 0.00851461, 0.008745, 0.00599004, 0.00335818, 0.00718289, 0.00790422, 0.00618078, 0.00294663, 0.00279854, 0.00762748, 0.00503366, 0.0044909, 0.00730914, 0.00478989, 0.00745116, 0.00415295, 0.0086147, 0.00350282, 0.00694739, 0.00598523, 0.00378262, 0.00330074, 0.00422511, 0.00272399, 0.00462693, 0.00613261, 0.00574827, 0.00873572, 0.00624529, 0.00581391, 0.0056537, 0.00677379, 0.00707284, 0.0082612, 0.00590442, 0.008027, 0.00728295, 0.00826548, 0.00297261, 0.008129, 0.00291425, 0.0085406, 0.00806221, 0.0052949, 0.00767611, 0.00367069, 0.00334891, 0.00758239, 0.00351581, 0.00640219, 0.00531145, 0.00450675, 0.00488354, 0.00648062, 0.00471573, 0.00484031, 0.00487291, 0.00278729];
GivenLatency = [52.9948, 45.0378, 110.402, 162.219, 76.1527, 127.662, 50.5889, 37.2607, 56.291, 134.862, 59.8491, 52.1426, 63.4189, 116.543, 212.691, 56.2838, 63.4789, 101.168, 80.4073, 67.7494, 58.0617, 154.639, 56.9766, 90.6786, 60.9958, 97.5568, 101.931, 156.676, 119.683, 118.376, 74.4264, 102.714, 103.874, 50.1302, 61.479, 55.6219, 104.802, 75.2431, 75.2157, 41.2557, 67.1119, 51.593, 66.002, 68.5295, 112.406, 47.5001, 109.81, 44.9409, 43.2177, 104.842, 67.8221, 176.279, 105.498, 43.9933, 99.3142, 93.2549, 109.531, 84.2044, 64.4396, 98.4068, 105.703, 81.131, 85.9738, 156.991];
HighestPossibleCritFunctionValue = 1.1;
