NumDevices = 32;
NumSlotes = 256;


GivenBandwidthOld = [0.0128677, 0.0116004, 0.0125195, 0.0108626, 0.0133894, 0.00528367, 0.0101227, 0.015083, 0.00738923, 0.01086, 0.00643472, 0.00584901, 0.0118871, 0.00573553, 0.0170444, 0.0105487, 0.0127221, 0.0153849, 0.00688106, 0.00743363, 0.00710029, 0.0171211, 0.0110726, 0.0169078, 0.0137796, 0.0132442, 0.0155944, 0.0155573, 0.017042, 0.00797891, 0.00897748, 0.0169761];
GivenLatency = [30.7946, 48.4505, 45.5378, 55.3836, 27.9939, 91.4436, 35.5527, 22.442, 75.5442, 40.6379, 58.3399, 52.2854, 35.3808, 89.6154, 24.6725, 34.7758, 36.8127, 21.957, 50.0125, 54.3841, 82.504, 37.1836, 39.2617, 21.4686, 35.4916, 28.2023, 33.0168, 22.7482, 28.1514, 73.7441, 48.108, 24.2181];
HighestPossibleCritFunctionValue = 1.1;
