NumDevices = 128;
NumSlotes = 1024;


GivenBandwidthOld = [0.00430175, 0.00131544, 0.00414734, 0.00310673, 0.00411103, 0.00221479, 0.00391039, 0.00197144, 0.00143591, 0.00392849, 0.00296533, 0.00263674, 0.00200834, 0.00291273, 0.00306543, 0.00376424, 0.00176068, 0.00296741, 0.00333733, 0.00175479, 0.00407781, 0.00333636, 0.00418153, 0.00275153, 0.00308099, 0.00281763, 0.00156864, 0.00350504, 0.00178771, 0.00415029, 0.0025988, 0.00180697, 0.00282982, 0.00323199, 0.00315871, 0.00289319, 0.00276132, 0.00195798, 0.00340156, 0.00309679, 0.00277059, 0.00159282, 0.00366201, 0.00246874, 0.00335823, 0.00302587, 0.00146438, 0.00430504, 0.00352734, 0.00153269, 0.00234644, 0.00408427, 0.00250955, 0.00182502, 0.00306171, 0.00383493, 0.00236538, 0.00376713, 0.00351485, 0.0040501, 0.00311806, 0.00390778, 0.00184737, 0.00379986, 0.00355139, 0.00266624, 0.00404646, 0.00129748, 0.00230057, 0.00188107, 0.00131254, 0.00244209, 0.00226022, 0.00186357, 0.00412512, 0.00156107, 0.00125285, 0.0023449, 0.00316825, 0.0038524, 0.0022375, 0.0012894, 0.00401404, 0.003324, 0.00279813, 0.00185948, 0.00416202, 0.00297567, 0.00153938, 0.00233149, 0.00289864, 0.00368693, 0.00256157, 0.00409906, 0.00422812, 0.00136826, 0.00132872, 0.00243216, 0.00425306, 0.00179099, 0.00304838, 0.00163501, 0.00331828, 0.00349363, 0.00364215, 0.00305797, 0.0034071, 0.00254904, 0.00299409, 0.00161224, 0.00198728, 0.00201737, 0.00163417, 0.0017022, 0.00141493, 0.00138024, 0.00275596, 0.00257455, 0.00356913, 0.00380302, 0.00364776, 0.00352929, 0.00295878, 0.00196521, 0.00311637, 0.00369988, 0.00142702, 0.00134378];
GivenLatency = [109.123, 333.489, 92.0258, 115.357, 111.385, 250.777, 99.6698, 162.938, 250.164, 83.3796, 138.225, 119.315, 312.178, 168.779, 130.715, 110.877, 275.051, 130.859, 101.359, 265.891, 78.104, 123.042, 98.0465, 113.762, 114.303, 200.831, 202.112, 128.109, 290.642, 80.3986, 196.659, 261.715, 202.921, 127.866, 141.623, 108.324, 133.966, 189.107, 130.143, 163.237, 117.85, 403.25, 165.902, 172.646, 116.045, 115.356, 286.23, 100.452, 123.632, 347.746, 153.351, 121.675, 146.252, 172.787, 118.341, 109.808, 182.125, 141.402, 124.207, 138.425, 207.497, 121.441, 263.049, 109.156, 180.346, 167.651, 114.952, 449.518, 188.686, 271.29, 304.932, 200.266, 217.444, 284.961, 119.201, 207.074, 304.482, 140.326, 102.226, 114.893, 268.888, 252.418, 97.4741, 131.563, 117.489, 217.032, 146.865, 167.264, 274.61, 199.662, 153.516, 109.387, 194.705, 131.236, 88.4966, 350.612, 318.705, 134.907, 112.522, 290.873, 153.085, 276.501, 106.515, 163.605, 116.423, 114.622, 145.644, 207.396, 169.726, 349.939, 191.001, 270.387, 365.171, 352.367, 240.79, 429.839, 218.956, 176.059, 108.879, 104.429, 100.591, 162.723, 137.068, 202.713, 175.39, 91.3759, 246.681, 395.64];
HighestPossibleCritFunctionValue = 1.1;
