NumDevices = 128;
NumSlotes = 1024;


GivenBandwidthOld = [0.00617744, 0.0068127, 0.00860149, 0.00770851, 0.00449095, 0.00692961, 0.00850153, 0.00776411, 0.00386725, 0.00431876, 0.00794092, 0.00561721, 0.0060162, 0.00682712, 0.00593136, 0.00578493, 0.00476143, 0.00792014, 0.00632917, 0.00688498, 0.00831547, 0.00565766, 0.00577543, 0.00510092, 0.00863455, 0.00840664, 0.0078392, 0.00585908, 0.00600003, 0.00507993, 0.00585145, 0.00778767, 0.00488079, 0.00390272, 0.00546149, 0.00872078, 0.00761637, 0.0058542, 0.00404257, 0.00596632, 0.00836361, 0.00465892, 0.00501746, 0.00596706, 0.00588705, 0.006166, 0.00442982, 0.00456216, 0.00870967, 0.00589759, 0.00834291, 0.0067275, 0.00664643, 0.00408196, 0.00802722, 0.00602943, 0.00415467, 0.00499034, 0.00519716, 0.0060908, 0.00555309, 0.00831999, 0.00658487, 0.00436559, 0.00490998, 0.0045434, 0.0084497, 0.00662699, 0.0073215, 0.00489614, 0.0069893, 0.0065937, 0.00785236, 0.00703775, 0.00596941, 0.00540889, 0.0046347, 0.007854, 0.00475785, 0.00768817, 0.00756549, 0.0056572, 0.00814069, 0.00801552, 0.00430867, 0.00832319, 0.00540759, 0.00788843, 0.00827125, 0.00736565, 0.00701811, 0.00584729, 0.00785166, 0.00544052, 0.00630187, 0.00810838, 0.00498946, 0.0053701, 0.00775116, 0.00627019, 0.00564506, 0.00405359, 0.00618709, 0.00388456, 0.00533729, 0.00640884, 0.00593563, 0.00763569, 0.00557926, 0.00814109, 0.00473031, 0.00478476, 0.00502148, 0.00846128, 0.00619511, 0.00868434, 0.00523503, 0.00757924, 0.0067846, 0.0063156, 0.00871794, 0.00496662, 0.00644638, 0.00682313, 0.00384912, 0.00462604, 0.00730725, 0.00545789];
GivenLatency = [159.009, 176.847, 144.914, 147.351, 253.279, 146.959, 113.891, 156.859, 284.009, 235.166, 152.427, 204.888, 180.719, 183.588, 194.494, 168.093, 272.68, 133.383, 173.864, 159.878, 140.244, 196.461, 224.445, 199.836, 132.825, 151.586, 164.478, 196.802, 161.217, 213.029, 172.498, 123.327, 214.464, 254.691, 181.713, 113.254, 145.115, 170.069, 247.676, 161.014, 121.851, 214.663, 191.576, 209.835, 203.309, 171.16, 259.145, 223.812, 136.062, 203.518, 135.368, 176.203, 171.357, 268.578, 121.173, 180.464, 309.827, 195.795, 212.57, 166.438, 223.987, 139.475, 175.079, 257.454, 214.6, 233.537, 113.743, 159.553, 148.702, 238.226, 180.711, 148.625, 140.986, 163.732, 165.813, 178.39, 218.941, 129.104, 208.478, 140.238, 135.432, 218.038, 128.254, 124.201, 231.867, 134.226, 223.974, 132.888, 139.918, 165.838, 142.8, 170.276, 128.486, 202.287, 155.756, 126.287, 207.401, 239.841, 164.992, 183.18, 208.006, 280.252, 186.374, 287.468, 206.801, 196.304, 192.682, 143.085, 185.835, 119.362, 233.027, 216.096, 204.82, 127.638, 192.09, 136.709, 199.943, 162.2, 167.125, 170.414, 139.031, 214.765, 154.556, 182.162, 298.019, 207.994, 145.277, 221.547];
HighestPossibleCritFunctionValue = 1.1;
