NumDevices = 16;
NumSlotes = 128;


GivenBandwidthOld = [0.0408126, 0.0581635, 0.0740033, 0.0427598, 0.0338053, 0.0354977, 0.0799198, 0.0328553, 0.0686416, 0.0792762, 0.0643747, 0.0648298, 0.0651645, 0.0396078, 0.0590934, 0.0529246];
GivenLatency = [34.2092, 24.5475, 25.6745, 43.5148, 42.5887, 53.7127, 22.3625, 54.7293, 24.4251, 21.6325, 26.8198, 24.1815, 22.8815, 42.4719, 23.6477, 28.7129];
HighestPossibleCritFunctionValue = 1.1;
