NumDevices = 64;
NumSlotes = 512;


GivenBandwidthOld = [0.00310481, 0.00501699, 0.00557063, 0.00425686, 0.00503716, 0.0069826, 0.00397605, 0.00429122, 0.00761445, 0.00483966, 0.00642059, 0.00841234, 0.00870212, 0.00408008, 0.00271606, 0.00253732, 0.00474001, 0.00661284, 0.00824186, 0.00594887, 0.00514062, 0.00844222, 0.00459794, 0.00636491, 0.00383715, 0.00722225, 0.00692739, 0.00746403, 0.0079397, 0.00256749, 0.00550261, 0.00484911, 0.00281003, 0.00685178, 0.0053048, 0.00519493, 0.00869635, 0.00701481, 0.0079235, 0.00531466, 0.00850948, 0.00377551, 0.00251429, 0.00524102, 0.00830518, 0.0076545, 0.00284363, 0.00291793, 0.00793774, 0.00704896, 0.00694455, 0.00822291, 0.00611814, 0.00639324, 0.00499908, 0.00454567, 0.00282107, 0.00489503, 0.00584031, 0.0055906, 0.00251642, 0.0034074, 0.00313542, 0.00695134];
GivenLatency = [175.343, 65.0582, 69.311, 101.849, 62.7202, 45.9403, 91.6667, 112.442, 58.8959, 109.677, 69.6516, 69.8788, 73.0458, 146.038, 203.534, 134.547, 101.26, 50.2895, 48.7498, 52.3661, 105.469, 46.9692, 81.9635, 70.5623, 96.594, 58.2536, 55.24, 61.9221, 56.8773, 165.022, 58.8026, 93.1977, 202.302, 83.1289, 92.3581, 68.5591, 54.0348, 81.1904, 47.1722, 74.6494, 56.2916, 150.814, 136.285, 64.2174, 50.8048, 49.1636, 209.319, 148.763, 54.1864, 67.1219, 71.6565, 61.1312, 67.4553, 72.9662, 114.673, 70.0334, 168.85, 120.3, 62.5477, 56.3496, 151.515, 95.7132, 192.244, 51.9475];
HighestPossibleCritFunctionValue = 1.1;
