NumDevices = 32;
NumSlotes = 256;


GivenBandwidthOld = [0.0166432, 0.0314514, 0.0330602, 0.0325183, 0.0244856, 0.0187729, 0.0266835, 0.020126, 0.0278273, 0.0234359, 0.017372, 0.0209669, 0.0212584, 0.020354, 0.0189498, 0.019076, 0.0197605, 0.0243544, 0.0343394, 0.0320032, 0.0282609, 0.0301398, 0.0289028, 0.0195153, 0.0234111, 0.0207745, 0.0271348, 0.0250701, 0.0230047, 0.0295577, 0.0259669, 0.0157803];
GivenLatency = [54.8257, 33.7619, 28.1426, 32.5915, 38.5014, 56.6623, 35.4937, 51.4187, 32.2627, 46.5185, 51.122, 55.4449, 51.5311, 56.7534, 58.4304, 44.2444, 50.0234, 42.8477, 25.3571, 34.7931, 33.457, 30.147, 36.6804, 45.7173, 36.9789, 48.4779, 38.9695, 33.4369, 36.4349, 36.2766, 41.7845, 62.8704];
HighestPossibleCritFunctionValue = 1.1;
