NumDevices = 128;
NumSlotes = 1024;


GivenBandwidthOld = [0.00763405, 0.0079557, 0.00394095, 0.00796535, 0.00621163, 0.00641867, 0.00606517, 0.00486995, 0.00672292, 0.00460581, 0.00726837, 0.007027, 0.00525956, 0.00498057, 0.00597391, 0.00593241, 0.00850574, 0.00854055, 0.0084929, 0.00759713, 0.00743845, 0.00555832, 0.0061947, 0.00681627, 0.00859135, 0.00735072, 0.00606808, 0.00376257, 0.00498918, 0.00572844, 0.00531977, 0.00686571, 0.00442482, 0.00546043, 0.00587286, 0.00766358, 0.00425101, 0.00429647, 0.00827291, 0.00522357, 0.00511731, 0.00421361, 0.005703, 0.00775825, 0.00543081, 0.00818457, 0.00555483, 0.00753019, 0.0074408, 0.00499751, 0.00562436, 0.00604825, 0.00544165, 0.00530719, 0.00552697, 0.00428572, 0.00759096, 0.00872748, 0.0051895, 0.00737974, 0.00376609, 0.00420013, 0.00407228, 0.00527721, 0.00654428, 0.00725317, 0.00651173, 0.00520995, 0.00619958, 0.00376012, 0.00382921, 0.0050853, 0.0061456, 0.0066109, 0.00693586, 0.00844524, 0.00664994, 0.00807651, 0.00435122, 0.00849971, 0.0071571, 0.00680458, 0.00702696, 0.00464425, 0.00847967, 0.00528347, 0.00685904, 0.00734554, 0.00396932, 0.00484517, 0.00525309, 0.00615502, 0.00500284, 0.00526137, 0.0053011, 0.00809584, 0.00429139, 0.00791434, 0.00873337, 0.00422461, 0.00549704, 0.00618131, 0.00672899, 0.00667751, 0.00638978, 0.0055292, 0.00674636, 0.00861008, 0.00715598, 0.00799319, 0.00411476, 0.00424788, 0.00660908, 0.0062793, 0.00874837, 0.00637645, 0.0065245, 0.00479706, 0.00675533, 0.00439659, 0.0060051, 0.00526511, 0.00812196, 0.00824446, 0.00720369, 0.00496626, 0.00544997, 0.00520061];
GivenLatency = [165.155, 139.692, 271.242, 122.449, 155.097, 161.252, 183.946, 206.95, 188.683, 240.827, 170.449, 156.837, 226, 212.299, 161.422, 173.798, 131.043, 130.177, 130.796, 139.52, 144.361, 213.183, 191.163, 188.044, 111.434, 147.811, 160.034, 331.69, 224.312, 172.045, 190.564, 184.131, 234.056, 217.993, 172.044, 137.013, 299.289, 233.727, 128.943, 193.119, 191.62, 252.831, 180.646, 127.035, 197.676, 121.565, 172.323, 162.749, 141.581, 194.233, 181.015, 205.519, 178.087, 218.618, 202.906, 302.578, 126.367, 112.97, 211.724, 150.67, 290.967, 255.855, 279.117, 192.716, 184.892, 139.418, 156.916, 216.635, 189.68, 320.913, 332.002, 192.51, 199.787, 166.66, 182.374, 142.147, 190.007, 145.679, 256.786, 130.789, 165.423, 155.025, 176.285, 213.771, 124.388, 184.568, 149.062, 145.757, 241.58, 201.139, 244.891, 170.765, 222.735, 219.433, 228.016, 154.102, 242.023, 159.128, 122.933, 228.366, 204.547, 162.806, 158.046, 177.521, 155.362, 207.114, 168.522, 133.861, 139.632, 128.907, 298.045, 261.09, 177.84, 196.583, 131.523, 171.653, 172.359, 235.974, 175.88, 252.367, 215.077, 207.905, 117.748, 127.289, 149.511, 213.004, 232.453, 202.875];
HighestPossibleCritFunctionValue = 1.1;
