NumDevices = 128;
NumSlotes = 1024;


GivenBandwidthOld = [0.00611087, 0.00788882, 0.00866423, 0.00973254, 0.00853756, 0.00578601, 0.00426894, 0.00690308, 0.00378689, 0.00508573, 0.00963225, 0.00427671, 0.00614702, 0.00928972, 0.00987602, 0.00743815, 0.00915561, 0.00576016, 0.00732875, 0.00809081, 0.00972291, 0.00924269, 0.00683695, 0.00488547, 0.00640988, 0.00837931, 0.00849731, 0.00422305, 0.00428456, 0.00682995, 0.00590912, 0.00464985, 0.00880392, 0.00745069, 0.0075067, 0.00510853, 0.00531961, 0.0091431, 0.00805235, 0.00706446, 0.00988491, 0.0068449, 0.00730037, 0.0060918, 0.00611094, 0.00913727, 0.00390777, 0.00544903, 0.00933329, 0.00464977, 0.00736465, 0.00515145, 0.00793795, 0.00934927, 0.00442465, 0.00504873, 0.00654743, 0.00759303, 0.00602587, 0.00432134, 0.00626832, 0.00417098, 0.00408379, 0.00757615, 0.00981309, 0.00608347, 0.00996156, 0.00770332, 0.00972647, 0.00661397, 0.00726725, 0.00559747, 0.00412003, 0.00402735, 0.00895626, 0.00539083, 0.00618246, 0.00487417, 0.0039866, 0.00522066, 0.00858307, 0.00810665, 0.00720755, 0.0086094, 0.00700299, 0.00792914, 0.00499384, 0.0089756, 0.00549205, 0.00731592, 0.00491896, 0.00677972, 0.00545856, 0.00700278, 0.00441656, 0.0066903, 0.00886194, 0.00757971, 0.00722018, 0.00829915, 0.0050679, 0.00998782, 0.00528463, 0.0088112, 0.00491415, 0.00705145, 0.00994531, 0.00957482, 0.00779907, 0.00649988, 0.00850488, 0.00649243, 0.00832445, 0.00528242, 0.00912754, 0.00901734, 0.0069953, 0.00376978, 0.00497233, 0.00378289, 0.0064999, 0.00882018, 0.00582107, 0.00602387, 0.00814961, 0.00423761, 0.00533556, 0.00855528];
GivenLatency = [551.891, 431.132, 566.974, 411.919, 394.486, 632.155, 1057.25, 625.046, 1045.62, 792.02, 434.139, 949.575, 579.91, 500.618, 416.47, 535.071, 469.243, 665.816, 470.426, 530.198, 388.956, 370.12, 625.866, 748.858, 684.603, 541.655, 476.675, 1121.48, 970.365, 506.843, 785.966, 749.017, 392.178, 488.121, 591.41, 768.324, 805.074, 506.918, 469.577, 484.336, 373.177, 715.59, 459.792, 603.153, 740.925, 371.432, 985.27, 850.788, 435.01, 786.136, 613.004, 787.084, 516.46, 450.74, 785.783, 889.561, 627.796, 528.424, 712.005, 1139.67, 613.596, 957.701, 858.333, 440.392, 399.113, 558.074, 372.651, 594.244, 445.055, 523.612, 479.145, 769.757, 1082.63, 837.959, 531.08, 653.98, 592.841, 849.592, 1129.2, 951.397, 402.686, 518.879, 674.368, 480.74, 568.072, 459.163, 834.791, 544.407, 697.102, 548.059, 850.285, 506.448, 910.965, 566.937, 867.024, 518.158, 502.178, 579.22, 472.148, 412.752, 771.221, 407.899, 894.582, 500.737, 1010.78, 576.729, 389.962, 515.606, 620.898, 550.47, 507.781, 597.23, 548.853, 717.351, 484.409, 472.172, 477.573, 939.658, 797.217, 960.892, 680.772, 478.263, 704.388, 607.966, 436.788, 1016.51, 812.63, 395.569];
HighestPossibleCritFunctionValue = 1.1;
