NumDevices = 32;
NumSlotes = 256;


GivenBandwidthOld = [0.0162005, 0.03107, 0.0239367, 0.033648, 0.0325534, 0.015466, 0.02657, 0.0326341, 0.0320437, 0.0291091, 0.0268968, 0.0240866, 0.0333029, 0.03105, 0.0268842, 0.033064, 0.0172904, 0.0296355, 0.0342042, 0.0193863, 0.0163702, 0.0247076, 0.0312659, 0.0168098, 0.0331231, 0.0305222, 0.0172376, 0.0215633, 0.0246155, 0.0233873, 0.0203307, 0.0272975];
GivenLatency = [68.0432, 34.6364, 36.5498, 29.1847, 26.816, 57.642, 31.862, 27.6195, 32.8468, 37.1022, 36.9868, 36.8275, 29.4472, 33.9858, 37.6517, 29.2419, 64.003, 30.3294, 33.1159, 55.8857, 57.6248, 36.8697, 32.3117, 58.2784, 29.9729, 33.4983, 48.6666, 53.0336, 34.8342, 43.3585, 53.9321, 31.8717];
HighestPossibleCritFunctionValue = 1.1;
