NumDevices = 32;
NumSlotes = 256;


GivenBandwidthOld = [0.0343036, 0.0309133, 0.030472, 0.0336824, 0.0294367, 0.0321376, 0.0259901, 0.0255882, 0.0316668, 0.0345252, 0.0349669, 0.0181399, 0.0272363, 0.0313483, 0.0217164, 0.0177324, 0.0191454, 0.0268169, 0.0220156, 0.0265771, 0.0317005, 0.0195529, 0.0155662, 0.0315058, 0.0277976, 0.0245049, 0.0233779, 0.021677, 0.0153483, 0.0289689, 0.0308214, 0.0247923];
GivenLatency = [24.6305, 35.5111, 33.61, 24.8995, 28.4999, 28.2698, 43.5995, 41.4681, 36.339, 27.0836, 26.6437, 61.8812, 32.8155, 34.8818, 44.5041, 47.1336, 53.2167, 39.0665, 50.0624, 41.2431, 26.9979, 53.4071, 61.2449, 29.1246, 35.0686, 43.1284, 39.6839, 53.7844, 61.7968, 32.4621, 29.3685, 42.387];
HighestPossibleCritFunctionValue = 1.1;
