NumDevices = 128;
NumSlotes = 1024;


GivenBandwidthOld = [0.00437832, 0.00394193, 0.00446616, 0.00522264, 0.00445577, 0.00565732, 0.00500262, 0.00651301, 0.00659285, 0.00848283, 0.00839721, 0.00437365, 0.00542067, 0.00767612, 0.00502954, 0.0039607, 0.00491341, 0.00719252, 0.00711254, 0.00798633, 0.00377975, 0.00869459, 0.00754538, 0.00770718, 0.00714545, 0.00615611, 0.00818784, 0.0055467, 0.00582551, 0.00690312, 0.00826972, 0.00662652, 0.0044866, 0.00873181, 0.0080573, 0.00653313, 0.00489865, 0.00418591, 0.00507457, 0.00572948, 0.00779578, 0.00614281, 0.0046631, 0.00515226, 0.00646715, 0.00586308, 0.00823246, 0.00544897, 0.00837176, 0.00674596, 0.00683378, 0.00779287, 0.00723708, 0.00607104, 0.00839071, 0.00517678, 0.00863925, 0.00731057, 0.00616939, 0.00637441, 0.00719331, 0.00547791, 0.00467097, 0.00743464, 0.00657763, 0.00780356, 0.00697325, 0.00688313, 0.00719337, 0.00643546, 0.00831935, 0.00574582, 0.00742128, 0.00687506, 0.0066297, 0.00779192, 0.00629148, 0.00835072, 0.00799516, 0.007225, 0.0080144, 0.00548516, 0.00652742, 0.00382297, 0.00511013, 0.00847786, 0.00486825, 0.00812987, 0.00616216, 0.00489413, 0.00816878, 0.00511522, 0.00401526, 0.00699691, 0.00460419, 0.00503425, 0.00814719, 0.00741544, 0.00383801, 0.00786883, 0.00394542, 0.00812069, 0.00688744, 0.00465283, 0.00760476, 0.00574422, 0.00566096, 0.00629295, 0.00813178, 0.00832834, 0.00691496, 0.00715286, 0.00569117, 0.00404184, 0.00377874, 0.00680071, 0.00704896, 0.00439277, 0.00685044, 0.00778894, 0.00617262, 0.0057438, 0.00863065, 0.00787093, 0.00420493, 0.00479459, 0.0050971, 0.00440017];
GivenLatency = [251.481, 301.007, 235.101, 211.156, 224.075, 204.21, 196.729, 159.585, 155.774, 150.303, 139.848, 230.597, 186.358, 141.717, 189.777, 268.78, 209.661, 138.677, 139.624, 159.989, 274.622, 138.193, 137.898, 127.392, 168.396, 161.694, 123.785, 200.649, 187.352, 139.576, 154.541, 184.817, 217.295, 139.546, 133.059, 198.184, 211.872, 256.746, 197.701, 200.443, 135.959, 210.705, 234.271, 243.639, 177.002, 213.659, 146.905, 220.094, 133.525, 141.294, 169.803, 130.09, 173.695, 167.23, 129.011, 226.929, 142.342, 149.938, 186.3, 161.193, 146.189, 213.67, 220.268, 139.63, 148.335, 156.679, 150.957, 183.818, 164.748, 155.27, 117.175, 200.386, 136.081, 143.504, 183.568, 123.594, 155.412, 132.112, 159.748, 138.91, 160.711, 181.994, 196.206, 259.174, 239.235, 113.458, 221.151, 152.093, 203.82, 234.582, 116.911, 203.463, 304.668, 138.448, 229.771, 242.302, 143.265, 174.669, 318.823, 161.165, 290.536, 130.324, 141.595, 222.772, 130.616, 200.691, 219.882, 176.917, 130.312, 127.018, 170.898, 137.588, 183.967, 246.356, 329.572, 167.603, 157.526, 220.343, 165.591, 135.378, 208.098, 180.618, 113.282, 150.879, 258.243, 214.741, 213.86, 269.453];
HighestPossibleCritFunctionValue = 1.1;
