NumDevices = 16;
NumSlotes = 128;


GivenBandwidthOld = [0.0681688, 0.0529222, 0.0427629, 0.0558931, 0.056039, 0.0682493, 0.0467028, 0.0336965, 0.0368136, 0.0665247, 0.0614324, 0.0348428, 0.0627483, 0.030325, 0.0522297, 0.0449427];
GivenLatency = [13.0581, 15.0644, 25.9701, 14.1253, 13.7655, 14.9617, 20.381, 30.2917, 23.7581, 11.6836, 15.8753, 24.191, 16.5173, 27.7078, 15.5041, 22.8471];
HighestPossibleCritFunctionValue = 1.1;
