NumDevices = 16;
NumSlotes = 128;


GivenBandwidthOld = [0.0685554, 0.0309079, 0.0393026, 0.0793306, 0.0792604, 0.0494575, 0.0527776, 0.0539319, 0.0536973, 0.0610441, 0.0377388, 0.0459216, 0.0746182, 0.077433, 0.0372447, 0.042044];
GivenLatency = [23.4718, 55.4883, 42.5888, 19.3384, 18.5719, 31.3494, 25.3711, 27.936, 35.1574, 24.2465, 49.9775, 41.1991, 25.3156, 23.7599, 36.4719, 46.6128];
HighestPossibleCritFunctionValue = 1.1;
