NumDevices = 32;
NumSlotes = 256;


GivenBandwidthOld = [0.0155122, 0.00773923, 0.00579149, 0.00763597, 0.00768581, 0.00796108, 0.00930042, 0.00713585, 0.0147376, 0.0152199, 0.00761218, 0.00796379, 0.0173539, 0.011976, 0.0124605, 0.00654584, 0.0109771, 0.0126448, 0.0161306, 0.0150463, 0.0156819, 0.0107303, 0.0146129, 0.00713112, 0.0103147, 0.0174478, 0.0147969, 0.0123269, 0.0104923, 0.0145202, 0.0109027, 0.0110268];
GivenLatency = [29.3416, 73.242, 98.4851, 72.6217, 54.9646, 70.7623, 32.8831, 54.1289, 28.6731, 33.5668, 70.8452, 43.2125, 18.8694, 52.2664, 36.4335, 61.1992, 34.5388, 32.2766, 25.477, 24.2593, 21.6253, 47.1507, 21.5627, 45.5754, 47.9547, 29.7509, 22.6313, 44.4452, 31.0119, 21.8535, 33.9601, 32.6108];
HighestPossibleCritFunctionValue = 1.1;
