NumDevices = 128;
NumSlotes = 1024;


GivenBandwidthOld = [0.0083435, 0.00669693, 0.00776941, 0.00803151, 0.00803152, 0.00825563, 0.00484019, 0.00659859, 0.00504512, 0.00583496, 0.00573126, 0.00785385, 0.00714502, 0.0037976, 0.00872867, 0.00531066, 0.00379848, 0.00849116, 0.00846355, 0.00433747, 0.0073025, 0.00566512, 0.00610268, 0.00520984, 0.00423731, 0.00394819, 0.00468481, 0.00503097, 0.00808, 0.00806891, 0.00667446, 0.0050891, 0.00505859, 0.00720017, 0.00579284, 0.00782982, 0.00837069, 0.00871217, 0.00785851, 0.00556328, 0.00455035, 0.00515574, 0.00497, 0.00832554, 0.00479837, 0.00375686, 0.00408431, 0.00746488, 0.00480922, 0.00604361, 0.00740386, 0.00426402, 0.00785264, 0.00690254, 0.00854314, 0.00712111, 0.0069702, 0.00564111, 0.00759848, 0.00515116, 0.00808485, 0.00451011, 0.00389787, 0.00407186, 0.00833138, 0.00807268, 0.00508577, 0.00410615, 0.00461442, 0.0071113, 0.00713368, 0.00818164, 0.00631808, 0.00554738, 0.00735215, 0.00509981, 0.00501022, 0.00424757, 0.00641002, 0.00572664, 0.00513284, 0.00509381, 0.00424869, 0.00520959, 0.00501678, 0.00456518, 0.00440271, 0.00377433, 0.00769188, 0.0049485, 0.00692427, 0.00871324, 0.00588581, 0.00536218, 0.00462752, 0.00716286, 0.00868849, 0.00501012, 0.00760258, 0.00414002, 0.00382199, 0.00375486, 0.00541202, 0.00731211, 0.00713693, 0.00783627, 0.00665011, 0.00597637, 0.00739017, 0.00416172, 0.00849723, 0.00538522, 0.00687948, 0.00585068, 0.00482889, 0.00658425, 0.00394431, 0.0044528, 0.00572058, 0.00828004, 0.00508434, 0.00502735, 0.00716698, 0.0078869, 0.00767155, 0.00817984, 0.00601145, 0.00690502];
GivenLatency = [140.874, 180.225, 148.482, 129.504, 130.677, 127.472, 250.749, 144.787, 229.966, 200.867, 199.924, 123.646, 157.149, 294.106, 131.177, 228.981, 264.947, 135.647, 113.219, 296.607, 150.946, 173.751, 160.989, 241.634, 279.855, 307.712, 208.148, 224.269, 131.659, 141.157, 170.133, 201.198, 213.139, 165.727, 165.591, 161.678, 141.264, 120.215, 154.845, 181.488, 220.973, 226.631, 244.364, 122.867, 261.542, 306.401, 294.881, 145.771, 219.043, 180.79, 151.7, 264.986, 131.544, 139.202, 119.842, 139.062, 162.593, 220.127, 146.919, 229.212, 118.617, 213.957, 267.24, 253.933, 150.427, 133.297, 202.769, 257.131, 258.688, 145.704, 138.244, 130.797, 156.396, 207.964, 174.092, 247.019, 247.771, 229.065, 173.672, 173.699, 197.415, 187.17, 229.681, 196.036, 194.274, 258.149, 255.764, 312.515, 148.832, 224.06, 147.956, 148.537, 187.098, 224.373, 234.078, 160.63, 119.275, 190.271, 140.256, 308.243, 295.34, 324.228, 212.117, 167.899, 166.563, 159.668, 157.182, 179.631, 139.522, 234.746, 148.757, 223.656, 170.532, 179.754, 266.801, 182.534, 264.267, 286.409, 200.827, 117.746, 209.852, 196.922, 167.413, 155.203, 128.941, 127.783, 182.499, 141.195];
HighestPossibleCritFunctionValue = 1.1;
