NumDevices = 16;
NumSlotes = 128;


GivenBandwidthOld = [0.054835, 0.0321993, 0.0332038, 0.036756, 0.0580331, 0.063194, 0.0416918, 0.0547971, 0.0351328, 0.057249, 0.0435293, 0.0572946, 0.0500687, 0.0439247, 0.0630373, 0.0471797];
GivenLatency = [16.6068, 30.5075, 23.4946, 27.9378, 13.8127, 13.9741, 26.6248, 15.9973, 27.9229, 18.2278, 22.2153, 13.7846, 17.3796, 20.4546, 16.6376, 23.2242];
HighestPossibleCritFunctionValue = 1.1;
