NumDevices = 64;
NumSlotes = 512;


GivenBandwidthOld = [0.0151368, 0.00888354, 0.0107267, 0.0141243, 0.0177434, 0.0177885, 0.0131352, 0.0177171, 0.0136884, 0.0161216, 0.0113192, 0.0087553, 0.0178788, 0.0186033, 0.00833907, 0.00981794, 0.0151489, 0.0130118, 0.0191151, 0.00964343, 0.0195823, 0.012811, 0.0187659, 0.0156897, 0.0146061, 0.0138995, 0.014084, 0.0155844, 0.0191294, 0.0127442, 0.00951521, 0.0146976, 0.0151828, 0.0192516, 0.0165739, 0.0122807, 0.018841, 0.0164639, 0.0144116, 0.00824858, 0.0139356, 0.00893153, 0.0172405, 0.0167112, 0.01957, 0.0172695, 0.0164835, 0.0175095, 0.0127011, 0.0102583, 0.0163602, 0.00780364, 0.0108533, 0.0167634, 0.0103024, 0.0193298, 0.0182461, 0.0174376, 0.0168425, 0.0140835, 0.0187105, 0.0105321, 0.0178597, 0.010286];
GivenLatency = [152.68, 314.878, 280.07, 208.253, 146.801, 149.707, 219.236, 177.913, 185.723, 143.367, 233.018, 256.714, 146.503, 153.093, 300.461, 334.635, 206.641, 229.927, 131.277, 322.328, 169.782, 259.331, 124.687, 210.656, 167.805, 220.085, 177.041, 174.203, 124.211, 177.805, 298.326, 217.894, 213.093, 161.463, 185.955, 246.94, 141.845, 158.414, 175.95, 356.726, 164.497, 372.015, 132.93, 149.979, 139.47, 155.839, 172.533, 161.437, 177.418, 308.579, 187.22, 376.383, 303.761, 167.441, 258.347, 127.906, 123.144, 163.015, 187.068, 183.809, 149.599, 214.737, 148.855, 258.836];
HighestPossibleCritFunctionValue = 1.1;
