NumDevices = 128;
NumSlotes = 1024;


GivenBandwidthOld = [0.00244493, 0.00310496, 0.00263027, 0.00256741, 0.00231873, 0.00396943, 0.00350094, 0.00157871, 0.00406201, 0.00333561, 0.00407973, 0.00430456, 0.00176759, 0.00352474, 0.00162204, 0.00408145, 0.00186981, 0.00277625, 0.00300633, 0.00434416, 0.00169564, 0.00359827, 0.00300431, 0.00147816, 0.00159018, 0.00297949, 0.00316439, 0.00144387, 0.00329831, 0.00222691, 0.00136274, 0.00223778, 0.00285787, 0.00285059, 0.00233573, 0.00215724, 0.00237176, 0.00148606, 0.00313202, 0.00421008, 0.00138607, 0.00385334, 0.00238281, 0.00280989, 0.00276713, 0.0027478, 0.0029358, 0.00315966, 0.00321779, 0.00210533, 0.00178175, 0.00396322, 0.00234889, 0.00153888, 0.00341135, 0.00203304, 0.00246721, 0.00259502, 0.00389403, 0.00194578, 0.00142655, 0.00286176, 0.00266942, 0.00429857, 0.0041375, 0.0033838, 0.00156143, 0.00419637, 0.00217371, 0.00418755, 0.00392313, 0.00349859, 0.00274898, 0.00399042, 0.00328256, 0.00311061, 0.00376416, 0.00365102, 0.00205922, 0.00187522, 0.00307992, 0.00359132, 0.00178122, 0.00134929, 0.00134954, 0.00232737, 0.00229647, 0.00171903, 0.002951, 0.00243583, 0.00330877, 0.00306674, 0.00391584, 0.0029448, 0.001295, 0.00131846, 0.00186246, 0.00423956, 0.00302028, 0.00428004, 0.00217452, 0.00215507, 0.00340985, 0.00187572, 0.00204044, 0.00185969, 0.00145216, 0.00203886, 0.00342554, 0.00305226, 0.004334, 0.00270363, 0.00433364, 0.00294648, 0.00146829, 0.00134516, 0.00375125, 0.00231219, 0.00344354, 0.002445, 0.00433366, 0.0032409, 0.00288046, 0.00127288, 0.0013459, 0.0037247, 0.00291443, 0.00345465];
GivenLatency = [228.601, 210.207, 179.664, 153.53, 153.742, 80.7298, 105.183, 319.143, 91.8202, 147.69, 156.823, 129.513, 255.775, 108.694, 372.045, 113.738, 267.414, 157.038, 180.162, 120.083, 294.235, 122.181, 215.654, 233.524, 244.584, 112.587, 127.374, 376.564, 122.212, 252.879, 275.033, 145.158, 140.981, 128.221, 179.827, 186.351, 182.627, 386.031, 120.222, 97.4267, 271.493, 102.225, 266.419, 137.127, 164.306, 158.555, 222.96, 146.833, 185.828, 234.168, 361.545, 94.3441, 183.29, 244.784, 128.681, 208.288, 159.352, 163.244, 108.001, 212.51, 256.747, 117.765, 194.349, 150.897, 79.1689, 192.075, 401.395, 92.1887, 168.617, 110.801, 143.362, 165.767, 140.649, 126.36, 165.132, 123.136, 126.615, 131.282, 192.45, 187.043, 184.21, 100.181, 193.117, 251.512, 251.876, 145.035, 200.799, 227.451, 206.843, 190.503, 98.0098, 108.112, 119.549, 110.535, 425.552, 458.389, 189.777, 79.5996, 139.17, 120.363, 233.44, 179.836, 97.8618, 196.164, 178.859, 173.557, 367.982, 267.542, 105.603, 107.311, 72.8016, 169.837, 80.1181, 170.352, 252.42, 368.626, 174.8, 190.117, 101.994, 142.87, 78.0124, 101.426, 180.167, 260.664, 318.12, 146.946, 117.345, 150.954];
HighestPossibleCritFunctionValue = 1.1;
