NumDevices = 16;
NumSlotes = 128;


GivenBandwidthOld = [0.0397342, 0.0322371, 0.0793223, 0.0395386, 0.0447871, 0.0576421, 0.0607217, 0.070038, 0.0483783, 0.0643189, 0.0777908, 0.0496737, 0.0355697, 0.0397059, 0.0573784, 0.0792569];
GivenLatency = [45.3061, 45.9718, 24.7858, 47.1603, 30.6733, 23.9662, 27.8345, 27.4355, 29.9737, 23.4277, 25.1805, 28.3082, 52.3926, 40.0948, 26.209, 20.9525];
HighestPossibleCritFunctionValue = 1.1;
