NumDevices = 128;
NumSlotes = 1024;


GivenBandwidthOld = [0.00620533, 0.00796279, 0.00806162, 0.00666888, 0.00504221, 0.00942616, 0.00926062, 0.00826722, 0.00583447, 0.00621263, 0.0056153, 0.00381606, 0.00784672, 0.00731468, 0.00899071, 0.009441, 0.00862914, 0.00751782, 0.00444598, 0.00727261, 0.00832386, 0.00790486, 0.00942934, 0.00648527, 0.00664693, 0.00489903, 0.00932026, 0.00436082, 0.00732655, 0.00856758, 0.00410077, 0.00534564, 0.00923913, 0.00951135, 0.00980702, 0.00404396, 0.00678931, 0.00412801, 0.00693834, 0.00898972, 0.00530483, 0.00450767, 0.00659216, 0.00942649, 0.00851461, 0.00761095, 0.00722237, 0.00765103, 0.0058346, 0.00835084, 0.00506113, 0.00866262, 0.00767932, 0.00640373, 0.00500891, 0.00607418, 0.0099627, 0.00804149, 0.00588698, 0.00743707, 0.00987306, 0.00783095, 0.00474602, 0.0062881, 0.00530037, 0.00460545, 0.00626285, 0.00591296, 0.0065436, 0.00584509, 0.00969811, 0.00494558, 0.00405471, 0.00634438, 0.00754236, 0.00442689, 0.0052868, 0.0077523, 0.00784119, 0.00808012, 0.00507301, 0.00830587, 0.00544396, 0.00534787, 0.00915666, 0.00467169, 0.0070447, 0.00900874, 0.00614281, 0.00716838, 0.00644026, 0.00650074, 0.00420192, 0.00535034, 0.00699642, 0.00387688, 0.00497964, 0.00785885, 0.00496057, 0.00610098, 0.00417709, 0.00679232, 0.00476295, 0.00972585, 0.0086082, 0.00544522, 0.00782068, 0.00724888, 0.00934642, 0.006474, 0.00475623, 0.00913687, 0.0095982, 0.0068859, 0.00881005, 0.00426967, 0.00658076, 0.00536891, 0.00654947, 0.00438784, 0.00510874, 0.00878547, 0.00983047, 0.00439675, 0.00490882, 0.0050262, 0.00905207, 0.00946463];
GivenLatency = [690.394, 429.408, 490.856, 726.171, 787.354, 360.484, 392.548, 464.784, 804.132, 543.851, 757.529, 1294.79, 550.615, 565.786, 384.144, 459.693, 534.224, 520.014, 863.13, 617.781, 588.83, 485.711, 474.946, 555.401, 691.82, 989.393, 419.712, 867.075, 585.37, 437.981, 971.789, 671.228, 463.724, 451.344, 366.738, 1155.23, 650.866, 1141.65, 504.769, 547.658, 697.892, 930.097, 583.711, 485.177, 465.996, 471.569, 660.99, 449.587, 728.569, 486.28, 668.276, 564.025, 472.517, 775.842, 773.077, 679.645, 357.598, 454.23, 625.414, 461.338, 376.658, 631.485, 1043.62, 613.437, 811.861, 952.84, 536.742, 840.407, 556.175, 596.83, 350.027, 684.625, 918.215, 626.953, 479.189, 903.009, 754.902, 617.047, 604.386, 491.243, 810.877, 525.302, 641.775, 821.285, 495.917, 995.361, 481.454, 464.729, 646.56, 472.54, 522.743, 571.648, 1131.59, 850.083, 516.41, 913.404, 699.256, 483.042, 732.552, 567.339, 943.874, 531.281, 868.922, 344.2, 445.614, 684.531, 601.03, 678.391, 436.69, 592.58, 775.301, 487.813, 410.974, 575.022, 400.807, 870.712, 579.902, 840.564, 757.026, 768.479, 806.244, 419.303, 420.097, 960.463, 801.766, 736.459, 390.696, 366.864];
HighestPossibleCritFunctionValue = 1.1;
