NumDevices = 64;
NumSlotes = 512;


GivenBandwidthOld = [0.00434521, 0.00866165, 0.00503375, 0.00591828, 0.00358537, 0.00678306, 0.00663553, 0.00840767, 0.0051648, 0.00855873, 0.00664303, 0.00316285, 0.00549135, 0.00313901, 0.00478232, 0.00522252, 0.00368167, 0.00653243, 0.00688166, 0.00754933, 0.00400011, 0.00863957, 0.00267453, 0.00463767, 0.00528859, 0.00780754, 0.00632537, 0.0080022, 0.00296207, 0.00593722, 0.00303035, 0.00361171, 0.00568135, 0.00274156, 0.00619343, 0.00304995, 0.00806345, 0.00745491, 0.00461736, 0.0077452, 0.00860575, 0.00303936, 0.00498489, 0.0035175, 0.00363293, 0.00618784, 0.00269461, 0.00461237, 0.0051651, 0.00736672, 0.00372706, 0.00699245, 0.00710536, 0.00478536, 0.00638047, 0.00273187, 0.00572656, 0.00631712, 0.00678298, 0.00535445, 0.00856597, 0.00326862, 0.00826527, 0.00555586];
GivenLatency = [92.0392, 52.8092, 75.8235, 66.3422, 94.5873, 73.7714, 85.5451, 43.0672, 89.6655, 69.7278, 85.1313, 121.443, 65.6209, 110.482, 106.321, 72.189, 132.165, 53.5513, 64.559, 41.449, 80.8406, 36.7158, 121.721, 86.0695, 61.3767, 50.4471, 53.6927, 45.9216, 120.394, 52.1935, 126.229, 108.625, 61.7011, 118.019, 74.4248, 195.09, 58.2736, 42.5047, 98.3574, 41.4851, 69.6493, 171.354, 65.856, 133.494, 121.901, 102.893, 126.794, 99.7341, 73.3593, 46.2464, 130.947, 89.6787, 46.5969, 93.7873, 83.3376, 128.421, 98.4317, 88.8516, 50.9289, 58.4551, 49.9371, 190.326, 42.0832, 96.7402];
HighestPossibleCritFunctionValue = 1.1;
