NumDevices = 16;
NumSlotes = 128;


GivenBandwidthOld = [0.0729954, 0.0531145, 0.0662083, 0.0334277, 0.038783, 0.0457337, 0.0662152, 0.0494571, 0.0456842, 0.0346576, 0.0608136, 0.063497, 0.0641532, 0.0422631, 0.0357303, 0.0383969];
GivenLatency = [21.583, 36.5089, 22.0199, 41.6685, 41.5734, 29.9664, 23.0719, 29.9053, 42.455, 54.7017, 22.3473, 30.6803, 26.5037, 31.7039, 40.8887, 48.4127];
HighestPossibleCritFunctionValue = 1.1;
