NumDevices = 128;
NumSlotes = 1024;


GivenBandwidthOld = [0.00990614, 0.00747945, 0.00954048, 0.00560282, 0.00663888, 0.00709446, 0.00789962, 0.00884165, 0.00411738, 0.00956682, 0.00461827, 0.00920117, 0.0090974, 0.00870393, 0.00820595, 0.00747458, 0.00897044, 0.00612835, 0.00788599, 0.00478872, 0.00526302, 0.00805561, 0.0055876, 0.00702789, 0.00777749, 0.00619802, 0.0038316, 0.00643743, 0.00889802, 0.0078362, 0.00556889, 0.00511652, 0.00832041, 0.00607268, 0.00978742, 0.00589993, 0.00635694, 0.00609146, 0.0066813, 0.00759231, 0.00640292, 0.00393173, 0.00806931, 0.00459975, 0.00429263, 0.00503352, 0.00704063, 0.00937285, 0.00707013, 0.00509117, 0.00730222, 0.00589634, 0.00858318, 0.00383041, 0.00521561, 0.00504913, 0.00694969, 0.00599662, 0.00638214, 0.00458379, 0.00468074, 0.00912387, 0.00987549, 0.00485677, 0.00527124, 0.00876953, 0.00453676, 0.00813052, 0.00844007, 0.00475969, 0.00490463, 0.00957992, 0.00601244, 0.00984129, 0.00507036, 0.00753943, 0.00518289, 0.00505269, 0.00433971, 0.00879549, 0.00957437, 0.00643768, 0.00689036, 0.00871638, 0.00490632, 0.00678709, 0.00438124, 0.00676812, 0.00436567, 0.00751261, 0.00446933, 0.00596754, 0.00512929, 0.00423314, 0.00511232, 0.00646032, 0.00603272, 0.00690018, 0.00501096, 0.00913346, 0.00864047, 0.00412547, 0.00795187, 0.00578223, 0.00952258, 0.00481354, 0.00988473, 0.00386761, 0.00535943, 0.00965964, 0.00825107, 0.00949078, 0.00772781, 0.00879493, 0.00646628, 0.00631018, 0.00766154, 0.00752051, 0.00596096, 0.00705101, 0.00879558, 0.00474036, 0.004912, 0.00853327, 0.0087415, 0.00831875, 0.00947788, 0.00967843];
GivenLatency = [446.923, 563.929, 501.042, 653.005, 622.444, 702.833, 440.958, 400.304, 1106.56, 373.633, 920.971, 468.858, 391.118, 530.314, 442.084, 564.941, 428.626, 590.627, 468.889, 957.375, 712.981, 476.188, 890.002, 529.438, 634.2, 759.003, 928.804, 613.271, 526.636, 567.898, 825.973, 673.024, 510.996, 788.299, 504.767, 614.285, 540.572, 554.92, 526.653, 531.466, 637.332, 953.716, 475.135, 841.734, 1102.83, 790.169, 707.074, 371.309, 491.826, 677.293, 636.422, 804.825, 459.745, 964.006, 915.092, 833.45, 526.354, 571.751, 652.908, 1061.29, 786.299, 430.753, 405.835, 830.284, 669.291, 381.205, 952.959, 418.703, 512.746, 801.376, 981.052, 419.404, 597.161, 506.239, 910.613, 561.456, 891.906, 675.936, 772.943, 549.467, 386.147, 563.383, 706.133, 537.72, 682.315, 640.111, 826.563, 576.09, 975.728, 477.101, 758.455, 713.629, 660.747, 980.355, 656.364, 667.505, 635.913, 553.222, 915.371, 448.568, 399.677, 815.861, 493.757, 759.057, 510.888, 709.59, 491.112, 1055.21, 811.182, 457.87, 515.168, 421.055, 617.007, 409.962, 555.308, 528.548, 561.688, 610.477, 602.238, 635.347, 566.441, 925.41, 704.027, 440.397, 390.644, 416.461, 362.329, 444.317];
HighestPossibleCritFunctionValue = 1.1;
