NumDevices = 64;
NumSlotes = 512;


GivenBandwidthOld = [0.0086494, 0.0129402, 0.0165506, 0.00832584, 0.0123879, 0.00893145, 0.0158369, 0.0129089, 0.0142554, 0.00836837, 0.0146794, 0.00967946, 0.0127492, 0.0183713, 0.00954978, 0.00813276, 0.0172557, 0.00943709, 0.0141675, 0.0188218, 0.0174019, 0.015708, 0.00870045, 0.00841379, 0.0156136, 0.00987679, 0.0167502, 0.0126, 0.0105973, 0.013506, 0.0127068, 0.0186546, 0.00808984, 0.00842637, 0.0144535, 0.0129043, 0.0117385, 0.0183361, 0.0181503, 0.0193159, 0.0105291, 0.0179514, 0.0145321, 0.00814387, 0.0165657, 0.0118636, 0.00928461, 0.0139157, 0.0109218, 0.0182142, 0.0182583, 0.00900014, 0.00781341, 0.0125179, 0.0178884, 0.0178098, 0.00923324, 0.0130838, 0.0170122, 0.0164794, 0.0115832, 0.0087425, 0.0151461, 0.0153243];
GivenLatency = [354.101, 199.752, 151.06, 337.691, 250.178, 295.992, 163.93, 247.996, 166.953, 301.583, 160.892, 312.108, 185.885, 149.059, 267.79, 290.982, 175.09, 281.85, 202.444, 169.357, 138.783, 173.199, 295.469, 279.695, 157.443, 225.666, 137.346, 187.953, 220.158, 209.126, 241.702, 162.691, 284.726, 354.904, 161.639, 177.659, 264.062, 129.038, 136.142, 140.584, 234.711, 176.758, 162.202, 362.906, 147.321, 206.493, 241.657, 188.134, 265.697, 143.281, 129.391, 341.852, 328.014, 204.481, 130.537, 146.597, 290.858, 173.848, 181.346, 151.648, 234.622, 260.257, 150.362, 167.476];
HighestPossibleCritFunctionValue = 1.1;
