NumDevices = 16;
NumSlotes = 128;


GivenBandwidthOld = [0.0799791, 0.0791403, 0.0317655, 0.0533836, 0.0381933, 0.0350016, 0.0411453, 0.048685, 0.0692537, 0.066443, 0.0768632, 0.0592902, 0.0603028, 0.0795994, 0.0467276, 0.0708432];
GivenLatency = [24.524, 20.8693, 46.0082, 36.0794, 39.5469, 49.3029, 40.4203, 36.6589, 25.5017, 27.9948, 17.8486, 27.5225, 27.9512, 22.5076, 38.8695, 26.2557];
HighestPossibleCritFunctionValue = 1.1;
