NumDevices = 128;
NumSlotes = 1024;


GivenBandwidthOld = [0.0048845, 0.00621975, 0.007865, 0.00454046, 0.00406605, 0.0056799, 0.00452095, 0.00613547, 0.00633411, 0.00492909, 0.00579328, 0.00516646, 0.00518174, 0.00703132, 0.00795843, 0.00489081, 0.00736559, 0.00595509, 0.00472721, 0.00775878, 0.00428635, 0.00819185, 0.00797689, 0.00515446, 0.00856993, 0.00731684, 0.0066076, 0.00647539, 0.00432485, 0.00531895, 0.00812765, 0.00391071, 0.00488008, 0.00707054, 0.00702955, 0.0081485, 0.00429417, 0.00469783, 0.00388111, 0.00726896, 0.00692438, 0.0055772, 0.00858313, 0.00410374, 0.00403619, 0.00867196, 0.00710311, 0.00439114, 0.00441788, 0.00376852, 0.00495556, 0.00552714, 0.00721227, 0.00417377, 0.00600363, 0.00552658, 0.00769666, 0.00526943, 0.00582869, 0.00535018, 0.00797873, 0.00593233, 0.00710252, 0.00447282, 0.00723665, 0.00392173, 0.00493662, 0.00727101, 0.00633024, 0.00476686, 0.00414227, 0.00658794, 0.0060631, 0.00500414, 0.00705745, 0.00712188, 0.00491591, 0.00426954, 0.005696, 0.00521413, 0.00636376, 0.0081846, 0.00610322, 0.00438301, 0.00770572, 0.00761225, 0.00662468, 0.00851844, 0.00685791, 0.00835791, 0.00382613, 0.00821694, 0.00458153, 0.00423267, 0.0059313, 0.00484752, 0.00482286, 0.00529268, 0.00650962, 0.00468912, 0.00747893, 0.00588875, 0.00475396, 0.00737391, 0.00579294, 0.00444531, 0.00474323, 0.00698475, 0.0051255, 0.00671259, 0.00601079, 0.00587019, 0.00783053, 0.00529315, 0.00443249, 0.00433819, 0.00441475, 0.0061768, 0.00601141, 0.006327, 0.00546927, 0.00456413, 0.00687375, 0.00464409, 0.0057836, 0.00748853, 0.00715962, 0.00425484];
GivenLatency = [229.819, 164.693, 123.408, 236.363, 256.829, 195.092, 286.024, 201.57, 203.626, 230.015, 178.264, 234.966, 243.378, 168.547, 154.95, 231.784, 129.44, 181.759, 222.478, 161.885, 269.448, 122.272, 162.707, 195.363, 115.024, 153.771, 151.963, 148.946, 269.628, 197.225, 145.1, 268.576, 212.727, 162.941, 166.666, 123.142, 229.872, 222.641, 247.997, 166.261, 138.149, 206.678, 119.395, 236.883, 295.771, 113.991, 153.086, 221.678, 233.394, 257.542, 193.684, 234.153, 135.074, 286.637, 162.697, 172.641, 136.861, 230.917, 171.247, 232.455, 120.238, 177.921, 167.209, 226.898, 135.4, 264.395, 217.251, 134.623, 201.178, 229.075, 286.601, 149.786, 164.227, 220.99, 157.919, 140.817, 252.709, 257.508, 187.869, 206.082, 155.617, 157.492, 176.411, 280.45, 134.273, 157.042, 177.403, 128.762, 155.553, 124.541, 257.157, 119.053, 283.227, 243.864, 188.252, 210.445, 208.983, 199.566, 159.563, 233.104, 134.037, 162.127, 243.384, 137.361, 170.02, 273.15, 253.554, 145.946, 201.075, 142.563, 214.354, 199.446, 136.492, 199.581, 242.479, 284.847, 231.939, 172.822, 215.443, 158.024, 198.409, 229.007, 142.242, 230.203, 223.68, 144.99, 159.695, 235.279];
HighestPossibleCritFunctionValue = 1.1;
