NumDevices = 16;
NumSlotes = 128;


GivenBandwidthOld = [0.0222, 0.0300935, 0.0206753, 0.0297485, 0.0230082, 0.0133597, 0.027119, 0.0291377, 0.0315552, 0.0136467, 0.0243748, 0.0318372, 0.0282918, 0.0148169, 0.0182657, 0.0323933];
GivenLatency = [17.5907, 19.6853, 17.3838, 17.2964, 13.576, 25.5796, 15.2625, 17.4683, 10.2568, 28.6895, 14.2573, 15.8997, 19.2791, 28.6281, 17.4075, 17.5378];
HighestPossibleCritFunctionValue = 1.1;
