NumDevices = 64;
NumSlotes = 512;


GivenBandwidthOld = [0.0105621, 0.01255, 0.0131365, 0.00958162, 0.0133071, 0.00821025, 0.0146927, 0.0155865, 0.0166576, 0.00964763, 0.0126986, 0.0101869, 0.0166923, 0.0127657, 0.00763373, 0.0150309, 0.00868752, 0.0160808, 0.014696, 0.010724, 0.0135289, 0.014703, 0.008743, 0.00865122, 0.0160559, 0.0167914, 0.0174505, 0.0161396, 0.0136087, 0.0165669, 0.0149789, 0.0146839, 0.00750475, 0.0172681, 0.00957507, 0.013177, 0.0105476, 0.0083925, 0.00769808, 0.0165783, 0.0160446, 0.0159135, 0.0131279, 0.0150442, 0.0134357, 0.00911995, 0.0140564, 0.0102459, 0.00840451, 0.00967538, 0.00910746, 0.0141639, 0.00829008, 0.0163986, 0.0160744, 0.0170189, 0.0109503, 0.0166048, 0.0115255, 0.0138989, 0.0134259, 0.0144649, 0.0163005, 0.00767493];
GivenLatency = [117.887, 75.2041, 71.6139, 98.9095, 78.0084, 144.323, 78.9118, 77.1274, 69.5469, 110.255, 74.2673, 107.437, 56.9329, 95.596, 160.675, 83.1419, 105.536, 56.5675, 81.8145, 103.363, 72.6449, 62.9663, 137.824, 112.091, 59.8554, 68.766, 70.6849, 57.9096, 77.4709, 67.0515, 63.5727, 81.235, 145.198, 64.0595, 97.4737, 84.2208, 87.078, 139.801, 129.387, 59.9619, 74.3293, 59.283, 72.391, 77.3428, 80.832, 116.506, 70.4787, 118.045, 128.552, 105.323, 129.994, 69.6911, 116.356, 62.6449, 65.4547, 67.8051, 86.123, 64.2384, 95.912, 79.4907, 68.6604, 73.6288, 58.1604, 119.498];
HighestPossibleCritFunctionValue = 1.1;
