NumDevices = 16;
NumSlotes = 128;


GivenBandwidthOld = [0.0649184, 0.053675, 0.035149, 0.0698507, 0.0512203, 0.079837, 0.0399572, 0.0307968, 0.0720585, 0.0571456, 0.0657514, 0.0539778, 0.0740371, 0.0611088, 0.0750958, 0.0550942];
GivenLatency = [28.5688, 29.4686, 56.8932, 24.3588, 32.4318, 20.8763, 33.4595, 48.2481, 23.8901, 29.5051, 27.3361, 33.4859, 26.7784, 30.3122, 20.6017, 35.0406];
HighestPossibleCritFunctionValue = 1.1;
