NumDevices = 16;
NumSlotes = 128;


GivenBandwidthOld = [0.0356802, 0.0563668, 0.0575894, 0.045469, 0.0569375, 0.0491966, 0.0669893, 0.0697779, 0.0567214, 0.0561105, 0.0693406, 0.0680048, 0.0570231, 0.0466856, 0.0640128, 0.0434308];
GivenLatency = [30.837, 15.6639, 18.0409, 24.3417, 15.5644, 19.0515, 16.0881, 14.9792, 19.2105, 13.7348, 13.8172, 13.5964, 17.7748, 22.5201, 16.9152, 23.3608];
HighestPossibleCritFunctionValue = 1.1;
