NumDevices = 128;
NumSlotes = 1024;


GivenBandwidthOld = [0.00152461, 0.00410973, 0.00222245, 0.00139526, 0.00208716, 0.00260996, 0.0018841, 0.00237303, 0.00406077, 0.00430682, 0.0021716, 0.00311678, 0.00431429, 0.00282677, 0.00207681, 0.0036828, 0.0017722, 0.00278669, 0.00335775, 0.00436718, 0.00415802, 0.0012756, 0.00346677, 0.00220817, 0.00216941, 0.00385177, 0.00424205, 0.00418283, 0.00269178, 0.00192272, 0.00132899, 0.00375464, 0.00306751, 0.00430793, 0.00208554, 0.00348205, 0.0028564, 0.00310388, 0.00312123, 0.00410239, 0.00392071, 0.00354524, 0.00233657, 0.00387577, 0.00136231, 0.00134389, 0.00432591, 0.00429876, 0.00417859, 0.00326283, 0.00273572, 0.0030574, 0.00316491, 0.00394864, 0.00413157, 0.00373045, 0.00261656, 0.00336373, 0.00170268, 0.0031344, 0.00362963, 0.00197422, 0.00133748, 0.00274749, 0.00402122, 0.00219538, 0.00273821, 0.00424984, 0.00388657, 0.00166466, 0.00165068, 0.00420513, 0.00245874, 0.00403284, 0.00371816, 0.00235245, 0.00193066, 0.00365112, 0.00367772, 0.00388981, 0.00288555, 0.0024386, 0.00304592, 0.00398403, 0.00205117, 0.00405082, 0.00266819, 0.00245991, 0.00180562, 0.00211657, 0.00319235, 0.0025792, 0.00353197, 0.00431978, 0.00436263, 0.00267837, 0.00159404, 0.00221428, 0.00161979, 0.00387696, 0.00254426, 0.00392218, 0.00322281, 0.00199692, 0.00162985, 0.00417609, 0.00199415, 0.00200379, 0.00152329, 0.00373187, 0.00148808, 0.00274007, 0.00419237, 0.00365944, 0.00299913, 0.00203366, 0.00340758, 0.00434929, 0.00358508, 0.00321919, 0.00362954, 0.00347757, 0.00254672, 0.00146347, 0.00153061, 0.00178389, 0.00246056, 0.00333334];
GivenLatency = [240.493, 112.34, 219.441, 244.456, 205.32, 139.233, 227.157, 169.045, 108.479, 124.153, 218.687, 138.916, 94.9166, 112.151, 282.442, 96.0151, 214.022, 125.253, 131.705, 87.3789, 145.221, 347.014, 158.401, 178.821, 250.809, 164.165, 79.4457, 97.9737, 153.087, 278.129, 365.378, 156.725, 126.138, 74.8275, 185.413, 149.179, 117.888, 100.826, 111.824, 90.3462, 102.162, 100.863, 147.878, 162.46, 237.252, 425.085, 77.896, 126.909, 106.683, 133.996, 140.201, 130.512, 198.291, 94.5527, 155.052, 129.261, 150.119, 99.9553, 299.295, 102.106, 103.871, 169.321, 345.51, 159.155, 80.2785, 156.794, 125.997, 88.4844, 120.514, 248.77, 251.316, 120.816, 232.532, 101.687, 96.2346, 160.611, 200.121, 103.23, 110.127, 128.223, 133.671, 189.211, 149.941, 98.2273, 203.651, 78.3559, 193.417, 145.209, 201.361, 256.222, 100.091, 248.207, 93.7115, 152.015, 106.743, 145.291, 213.47, 179.34, 324.286, 140.306, 125.993, 156.796, 184.991, 170.316, 281.489, 104.813, 210.541, 203.628, 205.798, 163.445, 376.397, 131.872, 146.542, 109.902, 145.716, 217.474, 97.0141, 78.7491, 105.088, 117.069, 126.845, 115.853, 127.782, 281.4, 355.895, 189.254, 227.235, 156.784];
HighestPossibleCritFunctionValue = 1.1;
