NumDevices = 128;
NumSlotes = 1024;


GivenBandwidthOld = [0.0061999, 0.00416912, 0.00788304, 0.0078136, 0.00571803, 0.00536786, 0.00510351, 0.00715562, 0.00702739, 0.00680499, 0.00397893, 0.00637302, 0.00379724, 0.00772941, 0.00567685, 0.00831677, 0.00752579, 0.00840154, 0.00726798, 0.00548717, 0.00531072, 0.00483927, 0.00604392, 0.00763732, 0.00792526, 0.00735357, 0.00395251, 0.00733097, 0.00403421, 0.00546984, 0.00408295, 0.00470858, 0.00461721, 0.00400655, 0.00564103, 0.00626999, 0.00726931, 0.00785943, 0.00594347, 0.00432316, 0.00684478, 0.007743, 0.00418132, 0.00791737, 0.00466053, 0.00705428, 0.00377922, 0.004921, 0.00473874, 0.00647284, 0.00658806, 0.00809995, 0.00837119, 0.00712058, 0.00811196, 0.00525329, 0.00449258, 0.0042926, 0.00815102, 0.00664986, 0.00668423, 0.0044364, 0.00509092, 0.00559188, 0.00517688, 0.00528251, 0.00564225, 0.00684086, 0.00684936, 0.00466631, 0.00424346, 0.00739381, 0.00526492, 0.00504749, 0.00559746, 0.00398695, 0.00614169, 0.00583226, 0.00536865, 0.00839155, 0.00424691, 0.0053017, 0.00822473, 0.00549681, 0.00732232, 0.0087341, 0.00658327, 0.00747598, 0.00632361, 0.00844556, 0.00708594, 0.00593571, 0.00391789, 0.00541509, 0.00396102, 0.00538142, 0.00804127, 0.00710497, 0.00578075, 0.00460167, 0.00781451, 0.00597217, 0.0067246, 0.00776884, 0.00836825, 0.00766681, 0.00858629, 0.00722905, 0.00622672, 0.00504297, 0.0046121, 0.00807102, 0.00718508, 0.00715293, 0.00686501, 0.007737, 0.00824299, 0.00744075, 0.00414306, 0.00498634, 0.0078372, 0.0073135, 0.00544405, 0.0056578, 0.00818974, 0.00753549, 0.00654237, 0.00509258];
GivenLatency = [155.349, 259.845, 122.061, 155.871, 167.872, 201.304, 240.991, 155.367, 160.764, 140.34, 304.703, 181.731, 253.372, 146.766, 192.502, 148.215, 130.529, 141.253, 150.303, 192.929, 236.41, 260.117, 159.715, 154.96, 125.845, 131.206, 266.264, 154.714, 279.464, 180.169, 304.253, 247.46, 262.993, 256.45, 201.361, 192.177, 170.882, 138.62, 202.956, 223.056, 152.057, 163.197, 248.911, 163.738, 275.189, 140.898, 315.133, 239.977, 238.267, 183.362, 154.96, 123.661, 118.032, 154.921, 150.501, 245.542, 264.109, 263.947, 124.229, 176.667, 181.743, 232.854, 236.053, 186.719, 190.862, 206.998, 171.262, 148.9, 154.441, 224.027, 298.15, 161.652, 212.617, 215.355, 194.856, 287.05, 188.715, 177.779, 217.61, 146.33, 245.145, 194.278, 146.714, 192.667, 139.403, 127.91, 158.223, 168.79, 199.795, 132.793, 169.036, 197.912, 260.135, 223.947, 320.717, 184.61, 133.268, 145.174, 212.197, 241.814, 129.731, 171.92, 145.029, 140.079, 151.499, 162.187, 137.157, 169.267, 201.376, 256.325, 216.398, 156.115, 158.936, 154.42, 138.888, 163.677, 148.042, 163.386, 305.994, 236.214, 132.778, 163.654, 186.788, 211.112, 124.951, 126.71, 196.583, 244.582];
HighestPossibleCritFunctionValue = 1.1;
