NumDevices = 64;
NumSlotes = 512;


GivenBandwidthOld = [0.00401334, 0.00600276, 0.00463815, 0.00708214, 0.0082693, 0.00469526, 0.00442528, 0.00449032, 0.00374096, 0.00313467, 0.00682447, 0.00256245, 0.00836537, 0.00670357, 0.00822635, 0.00769792, 0.0076915, 0.00606278, 0.0071189, 0.00738523, 0.00860024, 0.00416995, 0.00687711, 0.00609318, 0.00559296, 0.00468931, 0.00446983, 0.00318682, 0.00841789, 0.00814354, 0.00345595, 0.00669436, 0.00341881, 0.007364, 0.00801715, 0.0042908, 0.00672108, 0.00868987, 0.00433036, 0.00285412, 0.00414556, 0.00318825, 0.00737469, 0.00649571, 0.00843239, 0.00819756, 0.0051613, 0.00589432, 0.00710156, 0.00339656, 0.00849296, 0.00744532, 0.00607088, 0.00584713, 0.00773121, 0.00471503, 0.00544438, 0.00740127, 0.00311515, 0.00388424, 0.00484634, 0.00623995, 0.0035751, 0.00292307];
GivenLatency = [91.6508, 52.7585, 101.418, 66.9233, 69.7699, 81.6294, 77.373, 130.64, 131.454, 103.536, 46.9935, 227.446, 73.3867, 93.5926, 48.9748, 76.7623, 45.8867, 57.0557, 65.2476, 63.3022, 56.4413, 131.024, 46.4246, 51.171, 100.786, 84.7105, 128.046, 131.276, 45.3336, 40.7846, 113.475, 50.967, 165.718, 43.7992, 38.9356, 85.3901, 82.757, 54.8088, 99.1561, 125.603, 111.061, 97.4377, 61.2591, 51.5647, 67.6816, 44.5406, 65.3535, 61.8573, 69.2903, 126.528, 53.1732, 83.3105, 59.3724, 71.1072, 60.1137, 94.0929, 98.5618, 45.2545, 104.989, 115.64, 100.771, 58.4657, 146.886, 151.267];
HighestPossibleCritFunctionValue = 1.1;
