NumDevices = 32;
NumSlotes = 256;


GivenBandwidthOld = [0.0274421, 0.0291779, 0.0231522, 0.0290772, 0.0297475, 0.0168731, 0.0167673, 0.0172966, 0.0345594, 0.0302994, 0.0319141, 0.0310179, 0.0273653, 0.0188391, 0.0185753, 0.0257952, 0.0306152, 0.0201593, 0.0268251, 0.019431, 0.0270613, 0.0299476, 0.0185692, 0.0227207, 0.0168993, 0.0171691, 0.0312036, 0.0296715, 0.0195439, 0.0248249, 0.0216297, 0.0203684];
GivenLatency = [37.5323, 29.2217, 36.2704, 34.672, 36.3205, 56.3414, 57.858, 67.1925, 33.6506, 30.6394, 27.5103, 30.9109, 31.4562, 47.7774, 50.1043, 39.6764, 35.3321, 57.5815, 31.4537, 47.8108, 39.0579, 36.3466, 60.0293, 37.0324, 58.7176, 62.7567, 36.2996, 38.2507, 43.6796, 44.6405, 42.2595, 42.3375];
HighestPossibleCritFunctionValue = 1.1;
