NumDevices = 64;
NumSlotes = 512;


GivenBandwidthOld = [0.0170984, 0.00792379, 0.0101383, 0.0100166, 0.0132263, 0.00896667, 0.00775225, 0.017039, 0.00920684, 0.0142775, 0.0166673, 0.0130521, 0.0120313, 0.0145835, 0.00978821, 0.0154131, 0.0129869, 0.0159299, 0.00824024, 0.00874229, 0.0166094, 0.00938432, 0.0173305, 0.00918455, 0.00981279, 0.00862544, 0.0127795, 0.0101482, 0.015648, 0.0103212, 0.0133016, 0.0151567, 0.0132761, 0.0172069, 0.0112516, 0.0103866, 0.0127129, 0.0114613, 0.0149249, 0.00832438, 0.0127742, 0.011205, 0.00787772, 0.0158568, 0.0109449, 0.0152487, 0.0106552, 0.0163137, 0.0092335, 0.0124177, 0.00856238, 0.0129266, 0.0115937, 0.0111002, 0.0162955, 0.0137805, 0.0135456, 0.015124, 0.0145228, 0.00891496, 0.00870477, 0.0160827, 0.0164052, 0.00791108];
GivenLatency = [54.6647, 116.344, 101.725, 108.513, 82.0411, 135.396, 158.419, 70.6333, 100.688, 83.6428, 57.088, 71.202, 88.5237, 66.3652, 110.299, 67.0844, 78.4184, 59.9567, 140.147, 140.187, 74.0889, 110.045, 57.2327, 108.089, 92.7257, 129.617, 81.3652, 90.7035, 62.0241, 98.4705, 82.9824, 73.1141, 85.2278, 53.7017, 108.374, 102.381, 96.122, 102.854, 72.1134, 117.844, 71.9925, 91.256, 133.863, 69.5197, 96.1408, 60.9367, 90.9231, 57.9498, 104.072, 85.5629, 117.021, 93.6562, 86.6762, 99.286, 59.622, 67.7734, 73.3971, 75.6387, 75.0107, 102.192, 128.874, 75.8697, 75.1482, 135.619];
HighestPossibleCritFunctionValue = 1.1;
