NumDevices = 64;
NumSlotes = 512;


GivenBandwidthOld = [0.00884238, 0.00880437, 0.0100144, 0.0168078, 0.0141771, 0.00950648, 0.0103801, 0.013421, 0.0114957, 0.0139547, 0.0118651, 0.012066, 0.00813081, 0.00957102, 0.015209, 0.0119418, 0.0115279, 0.0152139, 0.0148326, 0.0171805, 0.0174144, 0.00928287, 0.0122007, 0.0123278, 0.00916301, 0.0077673, 0.0100073, 0.0172564, 0.0126405, 0.0130754, 0.0140494, 0.0134689, 0.0170138, 0.0153311, 0.0142485, 0.0101975, 0.0148397, 0.0150914, 0.0159999, 0.0157263, 0.0162907, 0.0136116, 0.0154204, 0.0148985, 0.0140019, 0.0150122, 0.0156068, 0.0078496, 0.0131985, 0.0127286, 0.0152452, 0.0103054, 0.0079063, 0.0161456, 0.0145584, 0.00777332, 0.011124, 0.0167945, 0.0109593, 0.0173664, 0.0120844, 0.00834586, 0.0139257, 0.0142617];
GivenLatency = [126.622, 122.419, 95.9718, 68.4351, 65.7718, 130.316, 105.924, 71.8381, 92.5192, 68.8222, 103.245, 75.5712, 147.797, 127.443, 60.0781, 90.8878, 99.369, 63.4189, 65.3641, 55.6814, 64.7197, 98.5626, 79.1361, 83.8266, 102.68, 150.448, 91.1061, 71.5521, 88.7417, 73.9553, 72.5491, 81.9323, 66.2902, 76.2816, 66.1739, 102.7, 83.759, 82.0866, 73.8381, 71.4722, 62.5578, 67.4975, 77.3857, 61.2827, 68.9207, 74.4172, 58.9614, 145.218, 74.6429, 79.2528, 79.9714, 114.905, 133.744, 62.3705, 69.8873, 156.99, 92.1593, 64.6374, 103.417, 55.8293, 76.0086, 137.747, 79.1903, 80.8839];
HighestPossibleCritFunctionValue = 1.1;
