NumDevices = 64;
NumSlotes = 512;


GivenBandwidthOld = [0.00608334, 0.00268402, 0.00780602, 0.00571617, 0.00666239, 0.00358945, 0.00655835, 0.00497507, 0.00720468, 0.00525832, 0.00532955, 0.00872227, 0.00516501, 0.00579993, 0.00818399, 0.00827948, 0.00696551, 0.00436423, 0.00336986, 0.00344373, 0.00750315, 0.00292227, 0.00585705, 0.00563543, 0.00590463, 0.00544987, 0.00589481, 0.00287066, 0.00711296, 0.00746373, 0.0028419, 0.00503496, 0.00753093, 0.00735256, 0.00321035, 0.00379877, 0.00595597, 0.00567579, 0.0029912, 0.00811338, 0.00280155, 0.00821801, 0.00509422, 0.00354917, 0.00461004, 0.00339884, 0.00301449, 0.00584468, 0.00401682, 0.008141, 0.0044797, 0.00655811, 0.00714601, 0.00678161, 0.00723692, 0.00349735, 0.00251792, 0.00375559, 0.00518999, 0.00688646, 0.00698836, 0.00711998, 0.00672833, 0.00555309];
GivenLatency = [94.2732, 128.653, 42.9569, 84.754, 55.5552, 109.899, 93.1069, 83.9735, 58.6417, 114.069, 81.8268, 72.4503, 70.8126, 63.6611, 43.8782, 66.8145, 55.8781, 91.4436, 94.3743, 111.807, 49.4182, 109.347, 82.57, 67.7536, 58.227, 76.1906, 68.7686, 198.731, 51.0072, 60.7346, 144.246, 103.739, 44.1367, 61.5048, 194.893, 147.246, 65.4665, 92.1058, 146.675, 40.1302, 154.397, 38.3246, 97.9241, 120.06, 104.308, 110.214, 209.663, 81.5333, 113.684, 78.4923, 94.6021, 60.3065, 61.6299, 73.3495, 87.9588, 161.412, 253.304, 97.9436, 100.497, 52.0778, 90.0305, 60.7029, 66.7854, 84.8899];
HighestPossibleCritFunctionValue = 1.1;
