NumDevices = 128;
NumSlotes = 1024;


GivenBandwidthOld = [0.00149611, 0.00322126, 0.00410592, 0.00382745, 0.00173059, 0.0034664, 0.00233145, 0.0021533, 0.00176789, 0.00233596, 0.00296541, 0.00397324, 0.002052, 0.0023141, 0.00430014, 0.00250941, 0.00252223, 0.00234272, 0.00409145, 0.0043529, 0.00166529, 0.00288175, 0.00426612, 0.00253998, 0.00379209, 0.00426922, 0.00155853, 0.00234643, 0.00389735, 0.0014367, 0.00153915, 0.00161497, 0.00402244, 0.00391207, 0.00201087, 0.00175538, 0.001355, 0.00356242, 0.00357535, 0.00216196, 0.00358692, 0.00281814, 0.0038935, 0.0024884, 0.00256391, 0.0028092, 0.00361288, 0.00170248, 0.00292551, 0.00224822, 0.00327456, 0.00310597, 0.00389374, 0.00338833, 0.00269596, 0.00347254, 0.00234276, 0.0016134, 0.00259531, 0.00251523, 0.00354828, 0.00351288, 0.00225372, 0.00199268, 0.00217388, 0.00389768, 0.00389794, 0.00201283, 0.00331755, 0.00371207, 0.00318205, 0.00141985, 0.0027543, 0.00277184, 0.00373169, 0.00170124, 0.00390888, 0.00150971, 0.0037613, 0.00236866, 0.00252489, 0.00328909, 0.00348848, 0.00148669, 0.00426042, 0.00365972, 0.00136999, 0.00232117, 0.00431867, 0.00142015, 0.00164133, 0.00338753, 0.00167505, 0.00130658, 0.00212933, 0.00209564, 0.00142126, 0.00157219, 0.00382827, 0.00296366, 0.00278959, 0.0021579, 0.00413948, 0.00217876, 0.00162569, 0.00303557, 0.00187065, 0.00431713, 0.0035891, 0.00196118, 0.00403153, 0.00362065, 0.00417329, 0.00172487, 0.00421402, 0.00194858, 0.00165844, 0.00339754, 0.00436744, 0.00238433, 0.00347459, 0.00241706, 0.00358441, 0.00130575, 0.00386764, 0.0021823, 0.00172909, 0.00339389];
GivenLatency = [309.061, 132.199, 76.7957, 169.256, 238.222, 173.822, 256.101, 180.105, 230.844, 220.995, 124.055, 132.592, 238.763, 151.083, 73.455, 145.004, 219.67, 144.103, 104.033, 121.638, 373.337, 111.639, 78.4148, 239.938, 163.348, 114.868, 216.051, 249.696, 94.8424, 248.521, 239.021, 384.622, 105.5, 82.1298, 221.621, 346.475, 285.065, 126.079, 120.039, 184.764, 134.373, 121.41, 89.5767, 249.879, 143.334, 181.503, 133.092, 361.712, 167.465, 177.164, 118.379, 122.82, 96.2706, 96.7308, 123.781, 128.525, 134.875, 253.212, 136.517, 144.794, 151.6, 117.479, 278.97, 195.047, 206.744, 166.442, 97.9542, 158.064, 97.8064, 136.944, 130.578, 265.282, 122.95, 124.701, 95.2134, 365.376, 148.539, 241.201, 94.3674, 141.935, 144.776, 122.813, 182.546, 283.536, 87.5871, 158.227, 466.899, 152.805, 99.7805, 289.911, 319.684, 101.784, 297.629, 333.995, 199.518, 178.262, 349.777, 236.579, 125.916, 153.835, 132.282, 245.496, 142.713, 248.853, 196.269, 136.901, 178.371, 76.5111, 172.898, 290.375, 80.9291, 171.261, 103.858, 339.415, 82.7068, 190.625, 249.883, 175.336, 110.365, 171.051, 168.219, 158.892, 107.246, 390.207, 115.532, 181.551, 182.886, 113.374];
HighestPossibleCritFunctionValue = 1.1;
