NumDevices = 8;
NumSlotes = 64;


GivenBandwidthOld = [0.155955, 0.0840424, 0.1407, 0.0894564, 0.133903, 0.154771, 0.0807902, 0.0812129];
GivenLatency = [9.47355, 13.6971, 8.43455, 14.1302, 8.81355, 7.74823, 19.3694, 14.57];
HighestPossibleCritFunctionValue = 1.1;
