NumDevices = 128;
NumSlotes = 1024;


GivenBandwidthOld = [0.00474704, 0.00476061, 0.00781852, 0.00828734, 0.0065269, 0.00642642, 0.00515506, 0.00605142, 0.00867244, 0.00388385, 0.0096242, 0.00642856, 0.00972532, 0.00599341, 0.00880892, 0.00408983, 0.00909414, 0.00388599, 0.00800913, 0.00570153, 0.00930079, 0.00829611, 0.00401816, 0.00444754, 0.00858408, 0.00646382, 0.00868754, 0.00780786, 0.00416072, 0.00678544, 0.00794429, 0.0096119, 0.0059476, 0.00762341, 0.0042019, 0.00500202, 0.00899274, 0.00596751, 0.00468221, 0.00888699, 0.00990829, 0.00607153, 0.00920428, 0.00510666, 0.00508725, 0.00398651, 0.00383329, 0.00979379, 0.00664569, 0.00912198, 0.00937719, 0.00488172, 0.00588883, 0.00724406, 0.00970086, 0.00740075, 0.00563202, 0.00987796, 0.00884152, 0.00815374, 0.00492556, 0.00512542, 0.00787792, 0.00671409, 0.00871657, 0.00818029, 0.00733232, 0.00547765, 0.00908456, 0.00547026, 0.00986423, 0.0094084, 0.00455022, 0.00929826, 0.00963883, 0.00861888, 0.00381416, 0.00711113, 0.00677831, 0.00684944, 0.00846684, 0.00470656, 0.00571921, 0.00655397, 0.00506125, 0.00434285, 0.00525844, 0.00603885, 0.00996426, 0.0093739, 0.00589052, 0.004464, 0.00389068, 0.00565876, 0.00935036, 0.0039277, 0.00905513, 0.00456012, 0.00686321, 0.00866533, 0.00938365, 0.00732449, 0.00515689, 0.00562631, 0.00758271, 0.00753331, 0.00866723, 0.00389003, 0.0072581, 0.00812481, 0.00613988, 0.00791826, 0.00969226, 0.0065215, 0.0093358, 0.00937019, 0.00604923, 0.00945776, 0.009139, 0.00796698, 0.00986218, 0.00619954, 0.00435647, 0.00920757, 0.0041233, 0.00900989, 0.00680719, 0.00473831];
GivenLatency = [781.942, 809.538, 521.118, 464.989, 584.401, 558.904, 843.846, 773.21, 392.838, 928.491, 361.265, 698.631, 469.101, 825.061, 491.402, 906.683, 526.148, 1082.34, 428.525, 605.024, 495.817, 406.191, 1097.85, 868.985, 407.512, 547.225, 473.76, 579.965, 922.204, 726.554, 538.973, 405.432, 716.984, 448.568, 881.997, 980.531, 432.903, 653.711, 833.632, 536.266, 349.769, 658.138, 427.023, 925.771, 693.676, 953.336, 1152.95, 405.276, 565.435, 403.498, 433.008, 822.33, 588.763, 588.667, 356.493, 633.361, 837.588, 434.772, 424.893, 445.895, 797.456, 753.682, 528.425, 621.278, 403.452, 450.734, 477.192, 647.289, 510.396, 710.263, 381.869, 462.164, 851.672, 410.898, 496.723, 454.07, 1097.45, 510.216, 722.049, 677.961, 468.462, 859.345, 687.464, 539.555, 951.323, 967.433, 870.933, 649.062, 406.266, 381.802, 704.46, 944.517, 936.134, 804.912, 429.699, 850.508, 484.351, 764.536, 537.344, 488.665, 488.033, 616.437, 927.729, 801.864, 546.605, 628.051, 389.976, 980.145, 541.96, 439.071, 766.636, 630.857, 382.09, 566.279, 419.257, 411.694, 565.027, 447.941, 408.659, 436.284, 420.765, 767.525, 934.715, 366.1, 1072.03, 449.932, 595.759, 1040];
HighestPossibleCritFunctionValue = 1.1;
