NumDevices = 128;
NumSlotes = 1024;


GivenBandwidthOld = [0.00516366, 0.00688571, 0.00569848, 0.00813355, 0.00929479, 0.00754271, 0.00411505, 0.00793933, 0.00759545, 0.00914566, 0.00731192, 0.00636865, 0.00907036, 0.00431207, 0.00675459, 0.00820779, 0.00707921, 0.0077243, 0.00607804, 0.00604952, 0.0080157, 0.0098407, 0.00770654, 0.00760448, 0.00468266, 0.00395861, 0.00989143, 0.00394049, 0.00527441, 0.00577049, 0.00590207, 0.00480047, 0.00900362, 0.00760161, 0.00653787, 0.00945685, 0.00624634, 0.00980582, 0.00892716, 0.00995289, 0.0056529, 0.00462237, 0.00949227, 0.00784928, 0.00661421, 0.00495973, 0.00443613, 0.00432855, 0.00866474, 0.00587231, 0.00471245, 0.00461385, 0.00998239, 0.00780543, 0.00717516, 0.00785771, 0.00460773, 0.00705712, 0.00534401, 0.0067175, 0.0098409, 0.00480139, 0.00563879, 0.00497977, 0.00992531, 0.00461931, 0.00799124, 0.00501129, 0.00857177, 0.00569911, 0.0062687, 0.00435088, 0.00891998, 0.0080462, 0.00992866, 0.00474676, 0.00623657, 0.00808986, 0.00626333, 0.00781299, 0.0092414, 0.00391989, 0.00912955, 0.00543805, 0.00607189, 0.00904951, 0.00380817, 0.00648471, 0.00982582, 0.00753758, 0.00532659, 0.00778683, 0.00695638, 0.00591366, 0.00580091, 0.00470366, 0.00696098, 0.00820595, 0.0073765, 0.00438753, 0.00619915, 0.00417652, 0.00979928, 0.00518072, 0.00602776, 0.00481412, 0.00709481, 0.00740713, 0.00668761, 0.00739519, 0.00590294, 0.00691626, 0.00664509, 0.00526334, 0.0072758, 0.00560251, 0.00764531, 0.00967063, 0.00552881, 0.00648639, 0.00672791, 0.00964897, 0.00406346, 0.00957668, 0.00774669, 0.00739731, 0.00410781, 0.004998];
GivenLatency = [962.484, 626.137, 654.453, 519.891, 453.876, 539.214, 837.076, 580.362, 441.374, 400.45, 472.428, 628.422, 454.569, 788.078, 521.539, 504.762, 580.784, 604.315, 687.361, 738.442, 418.488, 446.932, 437.913, 513.237, 753.205, 1080.56, 410.06, 990.872, 942.149, 623.414, 610.158, 782.879, 543.632, 540.627, 590.596, 421.516, 569.669, 394.813, 443.231, 433.427, 688.807, 747.029, 359.076, 440.14, 614.969, 694.964, 837.999, 824.41, 514.947, 575.724, 797.77, 1079.56, 372.502, 449.707, 687.955, 499.479, 740.725, 637.935, 775.775, 637.175, 388.676, 742.167, 794.104, 936.742, 364.674, 856.63, 464.058, 828.825, 412.808, 683.172, 754.188, 937.535, 408.783, 442.805, 434.205, 798.176, 686.708, 424.324, 727.911, 545.575, 484.659, 985.093, 545.508, 789.2, 646.354, 394.296, 1094.43, 540.485, 505.818, 561.181, 785.592, 485.415, 516.464, 627.895, 709.104, 810.782, 535.562, 445.505, 507.383, 776.81, 687.465, 1029.05, 369.818, 752.3, 809.892, 792.359, 520.718, 607.117, 530.902, 556.305, 716.238, 569.394, 692.18, 891.926, 578.15, 643.263, 477.315, 430.448, 805.388, 632.264, 576.745, 364.13, 883.167, 355.495, 502.042, 462.394, 964.143, 851.908];
HighestPossibleCritFunctionValue = 1.1;
