NumDevices = 32;
NumSlotes = 256;


GivenBandwidthOld = [0.0376033, 0.0333841, 0.0222894, 0.0278228, 0.0270969, 0.0279211, 0.0299838, 0.0234729, 0.0187627, 0.0296244, 0.0323611, 0.0273973, 0.0262646, 0.0397304, 0.0339767, 0.0320115, 0.0268314, 0.0399438, 0.0207174, 0.0329978, 0.029346, 0.0284492, 0.0300565, 0.0188067, 0.0200514, 0.0384226, 0.0284326, 0.0267005, 0.0399301, 0.0150299, 0.0179043, 0.0274407];
GivenLatency = [50.1976, 56.6323, 95.0641, 77.1504, 87.6023, 65.504, 72.2829, 79.0899, 128.471, 66.5262, 75.5212, 62.1235, 67.6321, 59.5075, 49.7171, 57.8088, 63.5777, 60.4425, 113.704, 55.9136, 61.1129, 72.164, 62.0296, 97.545, 124.526, 52.341, 85.4115, 89.4608, 62.5202, 112.51, 100.934, 76.8228];
HighestPossibleCritFunctionValue = 1.1;
