NumDevices = 128;
NumSlotes = 1024;


GivenBandwidthOld = [0.00507494, 0.00709098, 0.00565611, 0.00481685, 0.00424983, 0.00434584, 0.00806257, 0.00513847, 0.00484027, 0.00794653, 0.00479837, 0.0087396, 0.00404349, 0.00635515, 0.00848568, 0.00629185, 0.00459886, 0.00553064, 0.00595594, 0.00405397, 0.00754531, 0.00649903, 0.0066571, 0.00836252, 0.00636698, 0.00726826, 0.00509592, 0.00462572, 0.00692337, 0.00864035, 0.00594425, 0.00751611, 0.00575194, 0.00541266, 0.00800195, 0.00631331, 0.00525572, 0.00539906, 0.00442677, 0.0082688, 0.00622689, 0.00784238, 0.00436354, 0.00553872, 0.00675077, 0.00766608, 0.00637637, 0.00512577, 0.00636357, 0.00497215, 0.00444501, 0.00484443, 0.00787932, 0.00530815, 0.00654226, 0.00835004, 0.0066519, 0.00595868, 0.00510659, 0.0040367, 0.00734037, 0.00704187, 0.00528995, 0.00571749, 0.006433, 0.00696074, 0.00667362, 0.00598403, 0.00607991, 0.00750825, 0.00859259, 0.0080762, 0.00417713, 0.00755259, 0.00392254, 0.00861586, 0.00427864, 0.00853658, 0.00681344, 0.00603051, 0.00721218, 0.0075251, 0.00691087, 0.00848743, 0.00575312, 0.00518703, 0.0059813, 0.00516655, 0.00673179, 0.00874795, 0.00437052, 0.00784269, 0.00458079, 0.00691674, 0.00714868, 0.00531028, 0.00733601, 0.00379336, 0.00748085, 0.00816403, 0.00541155, 0.00449619, 0.00495173, 0.00624718, 0.00381612, 0.00498322, 0.00551436, 0.00735007, 0.00506476, 0.00584008, 0.00679855, 0.00574846, 0.00687767, 0.00557687, 0.00798755, 0.00418904, 0.007677, 0.00488039, 0.00717521, 0.00623649, 0.00416385, 0.00425622, 0.00680076, 0.0078208, 0.00664944, 0.00464731, 0.00486495, 0.00767757];
GivenLatency = [242.689, 138.591, 180.312, 225.824, 295.739, 255.663, 155.505, 216.921, 253.538, 156.126, 244.422, 122.809, 301.409, 180.166, 148.593, 191.061, 209.543, 214.071, 172.779, 264.463, 138.148, 150.26, 164.947, 117.386, 195.864, 177.752, 206.782, 252.024, 163.117, 141.967, 161.105, 151.752, 205.033, 176.183, 141.736, 197.296, 192.582, 186.427, 259.693, 134.315, 159.879, 123.267, 219.914, 191.2, 170.564, 160.488, 193.73, 215.548, 185.725, 210.536, 264.898, 231.189, 140.61, 212, 153.828, 119.723, 181.601, 175.23, 223.541, 262.522, 131.007, 135.843, 184.678, 173.21, 192.437, 167.999, 162.388, 167.758, 184.344, 148.237, 131.125, 124.603, 307.825, 135.104, 272.83, 143.827, 254.42, 114.992, 164.1, 208.32, 132.606, 147.075, 138.371, 142.167, 180.692, 206.638, 173.056, 216.181, 156.585, 140.155, 218.211, 162.493, 212.508, 155.005, 159.526, 185.42, 146.948, 253.332, 172.524, 151.251, 219.528, 262.456, 250.424, 161.108, 336.745, 207.477, 206.233, 130.357, 214.94, 191.729, 185.305, 217.986, 152.33, 228.013, 162.284, 278.278, 138.755, 229.67, 158.05, 162.731, 279.535, 284.048, 167.564, 142.383, 189.145, 243.796, 204.345, 155.624];
HighestPossibleCritFunctionValue = 1.1;
