NumDevices = 128;
NumSlotes = 1024;


GivenBandwidthOld = [0.00652491, 0.00409558, 0.00560692, 0.00668281, 0.00796858, 0.00534931, 0.00835095, 0.00687362, 0.00867013, 0.00892688, 0.00529116, 0.00599151, 0.00803474, 0.00490775, 0.00587411, 0.00994336, 0.00812811, 0.00541043, 0.00442001, 0.00843311, 0.00650674, 0.00509678, 0.00779897, 0.00482083, 0.00746665, 0.00706562, 0.00442177, 0.00673122, 0.0091711, 0.00993299, 0.00880611, 0.00671711, 0.00954517, 0.00945594, 0.00970998, 0.00434224, 0.00755691, 0.00524834, 0.00509438, 0.00502663, 0.00378594, 0.0077701, 0.00711553, 0.00572904, 0.00922216, 0.00551333, 0.00878779, 0.00505818, 0.00911515, 0.00706748, 0.00439478, 0.00930435, 0.0057688, 0.00868492, 0.00747099, 0.00493, 0.00477739, 0.00853646, 0.00599745, 0.00784961, 0.00596373, 0.00988659, 0.0039315, 0.00416512, 0.00572414, 0.00807766, 0.00741521, 0.00485425, 0.00658276, 0.00761333, 0.00967716, 0.00904017, 0.0093452, 0.00482183, 0.0054732, 0.0094027, 0.00875179, 0.00636305, 0.00880517, 0.00976189, 0.00809359, 0.00653336, 0.00862368, 0.00949713, 0.00828921, 0.00677295, 0.00427414, 0.00668343, 0.00595982, 0.00675432, 0.00978535, 0.00862546, 0.00815188, 0.00496615, 0.00609919, 0.00539447, 0.00486677, 0.00448476, 0.00915899, 0.00634012, 0.00467457, 0.0055746, 0.00724179, 0.00904227, 0.0072561, 0.00576539, 0.00772881, 0.00684023, 0.00991542, 0.00713654, 0.00886152, 0.00685241, 0.00838783, 0.00795935, 0.00649217, 0.00383608, 0.00668303, 0.00544779, 0.00728325, 0.00581444, 0.00704492, 0.00642896, 0.00411067, 0.00925676, 0.00578619, 0.00727652, 0.00523084, 0.00471715];
GivenLatency = [552.139, 915.329, 887.848, 504.035, 489.76, 850.125, 565.51, 506.271, 534.797, 485.388, 789.017, 795.625, 614.64, 731.646, 677.606, 474.321, 472.736, 802.834, 758.524, 408.42, 664.992, 710.135, 444.167, 878.247, 545.885, 517.001, 862.44, 663.896, 459.773, 350.399, 387.119, 548.875, 454.549, 354.516, 507.368, 1000.23, 637.586, 775.117, 832.2, 832.133, 886.112, 451.664, 588.41, 738.88, 361.642, 614.226, 474.245, 921.461, 451.436, 654.162, 1130.14, 495.41, 591.811, 558.612, 460.504, 798.76, 937.979, 469.727, 611.379, 474.661, 666.018, 451.618, 863.381, 1081.3, 613.592, 599.312, 481.951, 718.884, 597.143, 488.389, 466.625, 392.046, 409.508, 783.595, 815.179, 356.122, 463.459, 662.123, 553.571, 350.794, 421.228, 686.316, 447.488, 379.598, 547.715, 532.289, 1053.15, 734.095, 792.637, 712.217, 355.491, 478.955, 607.205, 823.976, 559.01, 763.468, 828.007, 837.161, 474.852, 720.957, 1020.05, 751.417, 625.824, 451.313, 532.448, 848.849, 541.053, 516.416, 399.402, 599.315, 390.47, 499.174, 484.863, 449.148, 591.643, 1104.12, 591.751, 636.142, 655.158, 717.027, 652.389, 609.677, 988.152, 428.26, 598.066, 494.081, 748.65, 1042.59];
HighestPossibleCritFunctionValue = 1.1;
