NumDevices = 16;
NumSlotes = 128;


GivenBandwidthOld = [0.0225867, 0.0301712, 0.0266081, 0.0177105, 0.0261165, 0.0305867, 0.0348896, 0.0291638, 0.0205834, 0.0106988, 0.0294188, 0.0311039, 0.0275608, 0.0298072, 0.034233, 0.0195224];
GivenLatency = [21.3168, 20.4318, 15.2222, 26.7917, 18.605, 12.9892, 9.40684, 17.1844, 29.0919, 54.7795, 12.4074, 15.6547, 12.2175, 17.0488, 17.6292, 18.2857];
HighestPossibleCritFunctionValue = 1.1;
