NumDevices = 32;
NumSlotes = 256;


GivenBandwidthOld = [0.035376, 0.0251707, 0.0286508, 0.0192952, 0.0295173, 0.032238, 0.0344563, 0.0167903, 0.0289108, 0.0385752, 0.0183841, 0.0157958, 0.0394936, 0.0285992, 0.0268367, 0.0290204, 0.031207, 0.0305329, 0.0266875, 0.0220385, 0.0359316, 0.0368107, 0.0367129, 0.0183953, 0.029097, 0.0189456, 0.0293104, 0.0302132, 0.0288375, 0.0313861, 0.0169423, 0.0349457];
GivenLatency = [68.3873, 74.3383, 58.7437, 125.275, 77.0274, 60.6883, 62.6933, 104.113, 62.9153, 57.8203, 105.53, 119.629, 45.3006, 87.2197, 82.4615, 69.7344, 79.8341, 71.4135, 92.9934, 113.414, 64.8638, 57.3167, 53.4703, 113.375, 60.6687, 111.926, 61.0614, 56.8851, 85.3023, 54.5543, 108.233, 51.8522];
HighestPossibleCritFunctionValue = 1.1;
