NumDevices = 128;
NumSlotes = 1024;


GivenBandwidthOld = [0.00779285, 0.00692117, 0.00654822, 0.00838188, 0.0067642, 0.00848971, 0.00402301, 0.00721345, 0.00400011, 0.00739389, 0.00659916, 0.00460961, 0.00619279, 0.00466144, 0.00730032, 0.00399435, 0.00553482, 0.00624848, 0.00569818, 0.0067466, 0.0076589, 0.00559992, 0.00529453, 0.00758751, 0.00572281, 0.00576494, 0.00387061, 0.00583235, 0.00678608, 0.00620036, 0.00692681, 0.0064271, 0.0076991, 0.00619504, 0.00757276, 0.00792298, 0.00395533, 0.00470637, 0.00738487, 0.00494471, 0.00821978, 0.00729064, 0.00635461, 0.00441711, 0.00582597, 0.00459993, 0.00844978, 0.00790261, 0.00666559, 0.00600761, 0.0073743, 0.00732573, 0.00601014, 0.00483975, 0.00412961, 0.00393007, 0.00522981, 0.00485761, 0.00443233, 0.00672993, 0.00747378, 0.0043691, 0.0039752, 0.00865363, 0.00403604, 0.00624011, 0.00502388, 0.0039274, 0.00535564, 0.00466867, 0.00386238, 0.00758877, 0.00697312, 0.00479806, 0.00855354, 0.00684355, 0.00704445, 0.00856226, 0.00840965, 0.00848363, 0.00688615, 0.00803996, 0.0050836, 0.00764474, 0.0076824, 0.00559231, 0.00748557, 0.00750366, 0.00645041, 0.00455981, 0.00419785, 0.00579726, 0.00709354, 0.00860398, 0.00460999, 0.00768182, 0.00593003, 0.00856309, 0.00728498, 0.00617054, 0.00578384, 0.0065656, 0.00545498, 0.00429139, 0.00784726, 0.00645452, 0.008687, 0.00486541, 0.00536608, 0.00524877, 0.00850515, 0.00851916, 0.003959, 0.00642824, 0.00699728, 0.00575767, 0.00662018, 0.00783177, 0.00608167, 0.00707842, 0.00452908, 0.00777492, 0.00550432, 0.00868653, 0.00694226, 0.00611319, 0.00686676, 0.00716434];
GivenLatency = [123.099, 148.773, 180.534, 117.586, 177.753, 129.466, 322.793, 144.547, 265.001, 161.715, 179.361, 248.835, 185.552, 206.313, 168.371, 246.654, 230.851, 204.747, 174.07, 192.31, 126.894, 204.414, 237.352, 167.142, 223.885, 193.238, 256.494, 175.274, 151.728, 203.853, 171.512, 166.516, 136.585, 186.277, 135.56, 133.207, 296.203, 273.883, 166.727, 199.192, 150.043, 171.361, 174.019, 245.689, 198.48, 263.897, 126.987, 140.241, 156.019, 186.736, 133.173, 149.242, 158.467, 255.6, 235.089, 278.794, 243.853, 202.445, 219.202, 144.483, 164.633, 259.73, 313.556, 122.575, 249.155, 176.772, 202.189, 282.099, 181.049, 225.593, 276.596, 160.117, 158.795, 236.6, 117.467, 171.064, 167.836, 149.028, 126.163, 129.329, 187.54, 147.721, 192.391, 147.262, 155.562, 227.964, 128.106, 138.242, 195.719, 247.936, 235.958, 196.817, 178.483, 146.312, 233.149, 146.563, 162.455, 133.159, 150.539, 186.32, 203.96, 163.651, 197.995, 257.535, 163.697, 180.601, 120.922, 206.907, 231.532, 192.713, 112.684, 138.068, 253.219, 169.915, 139.422, 190.413, 178.636, 136.474, 196.686, 162.402, 224.768, 132.081, 203.789, 139.868, 170.892, 158.239, 181.191, 144.571];
HighestPossibleCritFunctionValue = 1.1;
