NumDevices = 64;
NumSlotes = 512;


GivenBandwidthOld = [0.0154768, 0.0138516, 0.0094676, 0.0170324, 0.00809008, 0.0149613, 0.0087602, 0.00772811, 0.011314, 0.0089854, 0.0125588, 0.0106678, 0.0092339, 0.00921345, 0.0154546, 0.0101399, 0.0166763, 0.0135478, 0.0129362, 0.0135616, 0.0153565, 0.0117791, 0.0170582, 0.0114389, 0.00832896, 0.009912, 0.0160603, 0.00971802, 0.0157681, 0.00942421, 0.00764348, 0.00897882, 0.0120042, 0.00971092, 0.0164571, 0.00872841, 0.0134079, 0.0123802, 0.00866167, 0.0116551, 0.013044, 0.0158359, 0.00952507, 0.0128548, 0.0153659, 0.00891706, 0.0140839, 0.012654, 0.0102642, 0.0158324, 0.0107929, 0.0119928, 0.00834203, 0.00945356, 0.0109551, 0.00752568, 0.00911675, 0.0102398, 0.0156379, 0.0119715, 0.00918673, 0.0164252, 0.0129214, 0.0149252];
GivenLatency = [68.7575, 73.8797, 125.392, 63.24, 148.328, 62.9852, 110.241, 127.547, 95.3616, 108.326, 83.6575, 97.9601, 131.885, 111.486, 65.1567, 90.9816, 70.4861, 74.7874, 80.2585, 82.8271, 68.1782, 81.3007, 53.4489, 108.55, 146.531, 115.836, 57.7127, 117.738, 58.1518, 122.758, 161.024, 110.384, 81.5503, 108.272, 59.5457, 137.647, 81.2275, 80.7755, 109.952, 80.588, 86.5311, 78.7374, 125.74, 74.3336, 76.3289, 106.808, 66.8939, 91.078, 97.5728, 72.3001, 100.822, 89.1156, 110.254, 117.652, 92.7057, 163.441, 114.373, 88.8789, 69.3389, 96.9644, 103.085, 74.1592, 79.9521, 81.6479];
HighestPossibleCritFunctionValue = 1.1;
