NumDevices = 128;
NumSlotes = 1024;


GivenBandwidthOld = [0.00709671, 0.00688383, 0.00401416, 0.00847992, 0.00448588, 0.00673207, 0.00840132, 0.00845091, 0.00687713, 0.00648298, 0.00699692, 0.00480689, 0.00686296, 0.00832504, 0.00645386, 0.00750946, 0.00391176, 0.00740098, 0.00571685, 0.00566435, 0.00819883, 0.00530857, 0.00862826, 0.00766343, 0.00671061, 0.00778813, 0.00756335, 0.004684, 0.00653589, 0.00615653, 0.0052558, 0.00666548, 0.00421396, 0.00654401, 0.00769799, 0.0075729, 0.00524428, 0.00806329, 0.00724493, 0.00801399, 0.00870732, 0.00651444, 0.00572381, 0.00762963, 0.00873108, 0.00573891, 0.00631611, 0.00734573, 0.00722427, 0.00575357, 0.00772856, 0.00645164, 0.00523305, 0.00429217, 0.00592176, 0.00453726, 0.0052701, 0.00701629, 0.00532989, 0.00689667, 0.00482966, 0.00454922, 0.0061557, 0.00633942, 0.00406287, 0.00716635, 0.00739843, 0.00796246, 0.00748532, 0.0083304, 0.00655564, 0.00813385, 0.00818801, 0.00832326, 0.00648661, 0.00800328, 0.00857702, 0.00645934, 0.00463713, 0.00375031, 0.0038929, 0.00551903, 0.00589735, 0.00421794, 0.00842088, 0.00730532, 0.00794343, 0.00772707, 0.00640069, 0.00381925, 0.00755267, 0.0052335, 0.00685306, 0.00694813, 0.00472693, 0.00798955, 0.00778901, 0.00742061, 0.0057595, 0.00745533, 0.00422097, 0.00426861, 0.00502644, 0.0068316, 0.00616793, 0.00682297, 0.00617884, 0.0052481, 0.00732737, 0.00861937, 0.00832574, 0.00813683, 0.00817346, 0.00386857, 0.00655841, 0.00466585, 0.00636892, 0.00499058, 0.00419197, 0.006924, 0.0041777, 0.00710683, 0.00696586, 0.00770306, 0.00789343, 0.00746083, 0.00671413, 0.00692187];
GivenLatency = [137.599, 166.341, 267.486, 115.475, 244.596, 156.887, 134.958, 142.83, 157.51, 170.689, 149.041, 217.453, 187.012, 116.847, 161.744, 130.146, 286.245, 132.724, 223.764, 189.872, 118.804, 208.79, 130.167, 128.321, 164.994, 142.977, 168.57, 215.233, 179.722, 190.977, 246.034, 185.88, 232.92, 188.55, 146.695, 157.836, 217.626, 126.778, 161.266, 147.473, 117.131, 163.496, 184.227, 151.163, 139.656, 166.115, 198.223, 169.02, 142.663, 188.914, 166.675, 185.304, 233.326, 298.22, 165.873, 226.938, 199.435, 146.122, 229.268, 182.362, 262.192, 224.327, 190.983, 181.052, 299.783, 170.468, 135.289, 159.844, 149.257, 118.502, 155.32, 139.263, 138.25, 122.691, 185.223, 137.64, 140.365, 198.176, 265.344, 314.549, 306.336, 191.25, 173.139, 237.657, 119.969, 132.987, 130.418, 130.107, 173.543, 285.534, 171.831, 193.262, 187.862, 153.207, 232.029, 125.247, 126.58, 165.236, 181.661, 134.596, 244.332, 301.542, 239.863, 142.103, 172.913, 184.315, 184.174, 197.316, 168.335, 149.424, 142.899, 121.3, 130.314, 329.744, 161.842, 261.668, 189.56, 224.364, 268.547, 180.09, 267.144, 160.007, 160.083, 150.182, 123.308, 129.561, 162.22, 150.345];
HighestPossibleCritFunctionValue = 1.1;
