NumDevices = 32;
NumSlotes = 256;


GivenBandwidthOld = [0.0200621, 0.0180957, 0.0190501, 0.0353242, 0.0294687, 0.0156061, 0.0265285, 0.024513, 0.0250729, 0.0354232, 0.0176816, 0.0338271, 0.0170793, 0.0371823, 0.0334451, 0.0224725, 0.0310756, 0.023296, 0.0214869, 0.039903, 0.0343533, 0.0353808, 0.0298652, 0.0299284, 0.0160602, 0.0335469, 0.0327823, 0.0325328, 0.0388844, 0.0395213, 0.019999, 0.0325722];
GivenLatency = [103.263, 136.753, 103.66, 66.0342, 77.8391, 132.221, 75.6814, 100.045, 81.0481, 55.3628, 120.994, 63.6482, 98.2671, 55.0247, 50.9799, 88.5159, 76.4694, 95.4844, 89.4491, 59.0419, 63.1095, 63.1772, 76.504, 57.9232, 111.621, 65.761, 61.7839, 71.8556, 56.6236, 43.0487, 104.55, 73.7309];
HighestPossibleCritFunctionValue = 1.1;
