NumDevices = 32;
NumSlotes = 256;


GivenBandwidthOld = [0.0190585, 0.0255813, 0.0156661, 0.0303677, 0.0191145, 0.0267876, 0.0284522, 0.0264596, 0.0167647, 0.0342493, 0.0172633, 0.0343457, 0.0185935, 0.0313819, 0.0261528, 0.0193365, 0.0189732, 0.0317742, 0.0192797, 0.0236825, 0.0209538, 0.0207378, 0.0300818, 0.0349163, 0.0285958, 0.0197635, 0.0345657, 0.0160653, 0.0188446, 0.0315662, 0.0235941, 0.0165962];
GivenLatency = [54.1705, 35.9173, 74.2503, 35.8208, 51.9192, 38.4929, 37.0129, 34.5845, 55.8544, 28.2947, 55.1023, 33.0353, 52.6502, 31.5666, 35.3629, 48.8019, 61.331, 26.5054, 57.5651, 40.0646, 42.1981, 51.1294, 31.7118, 31.4377, 35.2782, 47.1796, 25.858, 57.5486, 48.5775, 30.3579, 42.6062, 51.8559];
HighestPossibleCritFunctionValue = 1.1;
