NumDevices = 64;
NumSlotes = 512;


GivenBandwidthOld = [0.0118632, 0.00934363, 0.0133771, 0.0134947, 0.0106614, 0.0108115, 0.0144115, 0.00979171, 0.0142968, 0.0117358, 0.00902878, 0.0117568, 0.0115724, 0.0129771, 0.011786, 0.0125327, 0.0123109, 0.0148356, 0.016216, 0.016903, 0.0139807, 0.00791027, 0.0128325, 0.0104282, 0.0120466, 0.0125816, 0.0145434, 0.0162045, 0.0146618, 0.0157753, 0.0103678, 0.0158065, 0.0149285, 0.00843387, 0.0129715, 0.0172095, 0.0151779, 0.0106917, 0.0107003, 0.0157782, 0.0096493, 0.0108432, 0.0158576, 0.0141036, 0.0136781, 0.0125515, 0.00854, 0.0167728, 0.0150664, 0.016087, 0.00854097, 0.0130198, 0.00830695, 0.00984346, 0.0141093, 0.0105109, 0.0122506, 0.0111736, 0.00974102, 0.0122987, 0.00927409, 0.0146413, 0.0117703, 0.00818966];
GivenLatency = [101.356, 97.9542, 79.2079, 67.6792, 109.252, 101.179, 73.9782, 120.906, 75.9585, 81.7258, 114.308, 90.3253, 103.049, 93.6435, 87.5896, 98.7488, 88.6506, 75.5209, 64.1051, 63.6609, 71.0643, 123.149, 77.9049, 93.03, 96.1753, 93.0979, 74.2955, 69.0438, 66.1159, 68.4628, 92.3132, 78.8406, 63.4493, 130.337, 73.6364, 57.7332, 63.2526, 104.521, 95.5557, 57.6752, 107.691, 106.827, 70.3186, 72.3649, 72.3301, 85.2527, 143.513, 68.1663, 79.283, 76.3835, 143.215, 87.9374, 138.727, 98.1716, 72.9403, 101.147, 101.366, 108.983, 98.9036, 80.2459, 128.894, 63.4514, 89.5624, 126.048];
HighestPossibleCritFunctionValue = 1.1;
