NumDevices = 16;
NumSlotes = 128;


GivenBandwidthOld = [0.0314831, 0.0563799, 0.0476343, 0.059559, 0.0777235, 0.0683352, 0.030066, 0.0390376, 0.0751533, 0.071083, 0.0616067, 0.0445693, 0.0462384, 0.0491018, 0.07442, 0.0470132];
GivenLatency = [45.2168, 32.9172, 33.0973, 32.8856, 17.2047, 20.274, 44.8487, 36.2688, 21.5656, 25.4294, 22.2389, 42.9901, 29.0494, 30.7594, 19.7469, 30.2223];
HighestPossibleCritFunctionValue = 1.1;
