NumDevices = 128;
NumSlotes = 1024;


GivenBandwidthOld = [0.00465495, 0.00822186, 0.00737966, 0.00747779, 0.00676482, 0.00388019, 0.00687899, 0.00772933, 0.00438151, 0.00749746, 0.00728891, 0.00721821, 0.00396252, 0.00555224, 0.00395629, 0.00593998, 0.00569579, 0.00661611, 0.00449642, 0.00874983, 0.00587807, 0.00530095, 0.00559899, 0.00479084, 0.0071484, 0.00558178, 0.00549286, 0.00594782, 0.0075374, 0.00851837, 0.00574515, 0.00631519, 0.00686142, 0.00734118, 0.00573571, 0.00761555, 0.00712777, 0.00386208, 0.00745988, 0.00565673, 0.00518424, 0.00406934, 0.00582602, 0.00542608, 0.00857869, 0.00460042, 0.00677351, 0.00491719, 0.00570601, 0.00835542, 0.00696965, 0.00636835, 0.00531171, 0.00640937, 0.00482204, 0.00655955, 0.00386432, 0.00514013, 0.00762619, 0.00589808, 0.00659573, 0.00700972, 0.00490263, 0.00605957, 0.0057514, 0.00630182, 0.00723202, 0.00604563, 0.00646415, 0.00540264, 0.00465878, 0.00769017, 0.00623269, 0.00531042, 0.00466952, 0.00810027, 0.00376372, 0.00428737, 0.00529106, 0.00436718, 0.0067745, 0.00655116, 0.00783248, 0.00801708, 0.00549378, 0.00653556, 0.00569235, 0.00386056, 0.00691966, 0.00615811, 0.00677803, 0.00586807, 0.00719798, 0.00387058, 0.00529515, 0.00803231, 0.00645104, 0.00518176, 0.00728392, 0.00834055, 0.00705259, 0.0052986, 0.00601768, 0.00663495, 0.00612377, 0.00464509, 0.00748335, 0.00519011, 0.00768401, 0.00773334, 0.00672338, 0.00742247, 0.00694966, 0.00539859, 0.00666532, 0.00658661, 0.00865084, 0.0072133, 0.00643036, 0.00761884, 0.00736965, 0.00413204, 0.00473422, 0.0055074, 0.00543581, 0.00715889, 0.00695645, 0.00450956];
GivenLatency = [260.812, 155.381, 168.716, 170.326, 160.625, 253.177, 151.115, 127.613, 250.669, 128.62, 141.174, 138.873, 313.148, 186.379, 250.319, 179.312, 191.627, 159.694, 225.054, 118.101, 167.917, 210.156, 176.289, 212.326, 142.354, 208.414, 189.944, 187.656, 145.53, 132.873, 175.777, 182.031, 168.504, 145.621, 171.593, 169.995, 166.707, 313.091, 138.562, 193.022, 234.248, 276.101, 198.677, 218.197, 129.165, 230.406, 142.612, 237.564, 194.505, 119.175, 150.395, 163.991, 198.017, 189.303, 206.092, 181.204, 282.886, 229.293, 127.315, 164.347, 144.481, 146.998, 197.285, 188.279, 204.593, 199.829, 148.572, 187.34, 152.749, 224.974, 228.441, 141.026, 202.945, 225.057, 218.662, 136.33, 339.579, 241.045, 242.232, 266.909, 189.464, 161.014, 136.665, 141.765, 199.833, 176.551, 172.491, 295.682, 175.467, 169.376, 184.335, 179.848, 180.308, 297.472, 213.804, 135.316, 172.051, 194.449, 138.609, 148.918, 139.482, 241.971, 201.93, 144.88, 203.014, 270.918, 132.019, 226.102, 150.685, 135.63, 152.706, 135.946, 169.031, 194.611, 176.768, 174.547, 138.889, 133.003, 178.257, 134.584, 150.149, 281.377, 273.821, 191.343, 231.361, 161.459, 155.514, 229.77];
HighestPossibleCritFunctionValue = 1.1;
