NumDevices = 64;
NumSlotes = 512;


GivenBandwidthOld = [0.016401, 0.0194975, 0.0119997, 0.0086184, 0.01696, 0.0136459, 0.0146617, 0.0114611, 0.0199085, 0.0189928, 0.0173279, 0.0104882, 0.0182321, 0.0197675, 0.0118366, 0.0172848, 0.0113871, 0.0124967, 0.0114343, 0.0180759, 0.0195424, 0.0166966, 0.0116733, 0.0101243, 0.0141004, 0.0160249, 0.0110357, 0.00783808, 0.0146262, 0.015734, 0.00812747, 0.0158582, 0.00951869, 0.0105493, 0.0188352, 0.0175227, 0.00876123, 0.0174302, 0.0167685, 0.00803739, 0.014496, 0.0144088, 0.0113619, 0.0141333, 0.018842, 0.0198646, 0.0189473, 0.0151916, 0.0169424, 0.0188086, 0.00864542, 0.00858181, 0.0145436, 0.0142949, 0.00867282, 0.0190928, 0.0104588, 0.0117779, 0.0181528, 0.011971, 0.0144936, 0.0116883, 0.0130148, 0.00782203];
GivenLatency = [135.677, 138.972, 208.592, 342.828, 159.655, 229.155, 170.254, 219.962, 113.542, 144.879, 151.999, 270.214, 137.691, 165.463, 193.394, 157.554, 205.853, 246.824, 197.675, 164.904, 136.416, 156.03, 229.456, 225.914, 228.743, 193.644, 233.784, 376.01, 152.258, 159.988, 322.865, 169.561, 294.933, 242.211, 148.589, 170.626, 263.567, 149.499, 197.264, 358.872, 162.911, 227.874, 256.531, 214.764, 161.224, 137.254, 133.499, 156.897, 188.405, 121.344, 291.966, 300.299, 176.141, 173.341, 279.697, 150.416, 290.239, 241.703, 145.345, 249.859, 187.901, 201.388, 193.975, 311.352];
HighestPossibleCritFunctionValue = 1.1;
