NumDevices = 128;
NumSlotes = 1024;


GivenBandwidthOld = [0.00612764, 0.00476142, 0.00766524, 0.00714341, 0.00681963, 0.00508068, 0.00842874, 0.00427473, 0.00785777, 0.00801072, 0.0087227, 0.00489157, 0.00519641, 0.0086088, 0.00553861, 0.00483781, 0.00654222, 0.00754549, 0.00456728, 0.00473156, 0.00587303, 0.0055647, 0.00833601, 0.00585533, 0.00799706, 0.00404697, 0.0050033, 0.00794717, 0.00567057, 0.00774645, 0.00706695, 0.00665216, 0.00541271, 0.00391952, 0.00780359, 0.0074237, 0.00754052, 0.00605769, 0.00404381, 0.0067377, 0.00794178, 0.00507416, 0.00393384, 0.00853433, 0.00404155, 0.00375355, 0.00836001, 0.00420566, 0.00702282, 0.0049988, 0.00737978, 0.00453022, 0.00689207, 0.00759791, 0.00558284, 0.00827351, 0.00533333, 0.00471284, 0.00616659, 0.00430416, 0.00750101, 0.00705455, 0.00830279, 0.00744717, 0.00705891, 0.00666259, 0.00572362, 0.00432006, 0.00468892, 0.00413828, 0.00464157, 0.00840021, 0.00485835, 0.00676149, 0.00781142, 0.00398402, 0.00697467, 0.00585115, 0.00772342, 0.00506653, 0.00558886, 0.00442737, 0.00836063, 0.00460088, 0.00445916, 0.0076559, 0.00524451, 0.00695797, 0.00505213, 0.0086685, 0.00406573, 0.00513863, 0.0074785, 0.00867722, 0.00557446, 0.00740583, 0.00721538, 0.00640206, 0.00699058, 0.00819358, 0.00702079, 0.0058324, 0.00758876, 0.00671591, 0.00680866, 0.00558463, 0.00830696, 0.00764919, 0.0074686, 0.00728834, 0.00759471, 0.00680977, 0.00435793, 0.00628783, 0.00702567, 0.0080063, 0.0043799, 0.00546894, 0.0039068, 0.0041259, 0.00655892, 0.00824249, 0.00402713, 0.00641699, 0.00781879, 0.00789263, 0.00388643, 0.00665518];
GivenLatency = [181.583, 252.401, 154.037, 179.005, 154.604, 197.891, 144.587, 241.054, 137.453, 128.438, 117.335, 195.224, 217.247, 114.846, 193.481, 245.651, 183.029, 141.178, 233.866, 260.959, 217.022, 184.355, 132.407, 180.286, 147.741, 301.121, 197.929, 128.505, 193.197, 157.64, 169.528, 188.763, 207.904, 325.866, 129.492, 130.532, 156.815, 186.387, 258.112, 167.184, 146.095, 192.861, 243.639, 121.17, 298.447, 345.008, 116.765, 240.124, 155.541, 200.07, 164.035, 218.165, 177.588, 137.897, 196.131, 121.792, 210.625, 229.711, 176.736, 238.421, 167.845, 180.649, 134.251, 162.038, 144.157, 145.305, 212.92, 292.623, 251.987, 245.8, 257.406, 129.272, 203.675, 175.644, 157.542, 264.473, 154.177, 175.321, 150.402, 232.428, 172.874, 235.604, 142.187, 276.139, 237.151, 150.848, 182.474, 145.786, 251.192, 116.334, 298.116, 252.673, 127.98, 133.777, 208.785, 138.893, 146.885, 199.264, 166.201, 144.073, 135.768, 172.779, 156.586, 166.362, 177.292, 190.054, 140.089, 162.776, 144.459, 143.866, 125.855, 176.723, 250.415, 184.776, 158.678, 139.202, 281.25, 205.632, 250.955, 242.841, 163.245, 126.537, 290.668, 154.858, 161.354, 139.225, 317.56, 162.286];
HighestPossibleCritFunctionValue = 1.1;
