NumDevices = 128;
NumSlotes = 1024;


GivenBandwidthOld = [0.00659969, 0.00845165, 0.00429739, 0.00866432, 0.00375311, 0.0061, 0.00514956, 0.00607976, 0.00508368, 0.00384351, 0.00532541, 0.00665951, 0.00392628, 0.00646141, 0.00442898, 0.00538367, 0.00590653, 0.00862774, 0.00400441, 0.00461719, 0.0086157, 0.00664389, 0.0063402, 0.00728173, 0.00646359, 0.0061217, 0.00491503, 0.00434082, 0.0086805, 0.00561809, 0.00582362, 0.00500691, 0.00864489, 0.00724802, 0.00504695, 0.00651108, 0.0042726, 0.00714064, 0.00532235, 0.00526985, 0.00787102, 0.00568271, 0.00675974, 0.00849403, 0.00671808, 0.00832786, 0.00392321, 0.00497126, 0.00442852, 0.00763263, 0.0041696, 0.00600678, 0.00838001, 0.00526444, 0.00691154, 0.00483211, 0.00569623, 0.0041038, 0.00498678, 0.00525171, 0.00792554, 0.00703616, 0.00432653, 0.00855129, 0.00399464, 0.00543565, 0.00455373, 0.00697291, 0.00616596, 0.00383913, 0.0067476, 0.00439798, 0.00427889, 0.00773566, 0.00578291, 0.00595402, 0.00676746, 0.00813099, 0.00508311, 0.00433537, 0.00703966, 0.00808766, 0.00676076, 0.00553619, 0.0041979, 0.0065851, 0.00834498, 0.00661374, 0.00462552, 0.00869578, 0.00745652, 0.00430938, 0.0052017, 0.00754323, 0.00664421, 0.00680223, 0.00750407, 0.00841795, 0.00804877, 0.00817002, 0.00595696, 0.00611815, 0.005304, 0.00678525, 0.00717899, 0.00474478, 0.00793409, 0.005762, 0.00438702, 0.0051477, 0.00490557, 0.0054775, 0.00783401, 0.00865368, 0.00488027, 0.00522132, 0.00716999, 0.00851713, 0.00495754, 0.0037961, 0.00856513, 0.00672578, 0.00767642, 0.00512075, 0.00692264, 0.00628761, 0.00827633, 0.00785582];
GivenLatency = [176.659, 122.531, 301.764, 111.748, 336.731, 163.388, 205.257, 165.335, 228.152, 248.607, 191.909, 186.639, 314.735, 196.902, 252.875, 206.875, 189.929, 129.485, 266.478, 208.378, 112.411, 151.027, 152.192, 157.557, 148.074, 158.76, 228.045, 290.646, 120.552, 221.355, 208.953, 224.662, 115.127, 145.98, 218.636, 160.136, 303.101, 133.852, 218.598, 198.944, 151.299, 172.561, 174.263, 117.065, 158.386, 127.935, 269.787, 256.616, 282.357, 143.994, 241.967, 168.841, 150.986, 219.186, 170.186, 223.169, 208.64, 299.276, 228.671, 184.577, 161.651, 165.452, 293.805, 129.485, 317.686, 217.714, 250.924, 149.579, 197.655, 266.756, 163.44, 281.023, 265.001, 161.732, 199.753, 183.837, 148.923, 142.57, 214.76, 258.044, 137.465, 124.627, 145.655, 226.721, 228.096, 174.534, 150.464, 149.171, 239.761, 143.209, 147.349, 221.619, 206.133, 139.556, 162.422, 166.563, 145.037, 146.897, 146.63, 147.983, 191.222, 170.226, 188.379, 188.774, 175.69, 243.021, 159.286, 172.345, 240.193, 190.821, 195.096, 233.27, 148.904, 128.862, 228.699, 241.217, 144.274, 112.189, 239.189, 341.596, 143.316, 142.527, 127.871, 230.71, 146.618, 162.289, 142.705, 163.011];
HighestPossibleCritFunctionValue = 1.1;
