NumDevices = 8;
NumSlotes = 64;


GivenBandwidthOld = [0.0602022, 0.0988576, 0.0989406, 0.135018, 0.0835121, 0.107612, 0.108524, 0.0876546];
GivenLatency = [12.3582, 9.26753, 10.1585, 6.42584, 8.67764, 8.01562, 6.77335, 10.2719];
HighestPossibleCritFunctionValue = 1.1;
