NumDevices = 16;
NumSlotes = 128;


GivenBandwidthOld = [0.04294, 0.0333633, 0.0373905, 0.0415095, 0.0698118, 0.0677114, 0.0448276, 0.0379531, 0.0574096, 0.0629164, 0.0558343, 0.0674869, 0.0323524, 0.04599, 0.0537272, 0.0526385];
GivenLatency = [24.4221, 31.4649, 23.5109, 25.4025, 14.4145, 12.7226, 19.4923, 23.1434, 16.2882, 12.4758, 17.5293, 12.8153, 31.9832, 20.6086, 17.6359, 16.2084];
HighestPossibleCritFunctionValue = 1.1;
