NumDevices = 128;
NumSlotes = 1024;


GivenBandwidthOld = [0.00228963, 0.00238643, 0.00431091, 0.00227203, 0.0035293, 0.00316491, 0.00384171, 0.00387154, 0.00214773, 0.00193413, 0.00255635, 0.00392279, 0.00413733, 0.00364044, 0.00233708, 0.00297079, 0.00377536, 0.00437004, 0.00225634, 0.00227175, 0.00195525, 0.00435768, 0.0039612, 0.00272421, 0.0032888, 0.00172667, 0.00325572, 0.00193598, 0.00233406, 0.00234205, 0.00227097, 0.00138829, 0.00366949, 0.00309273, 0.00322239, 0.00427942, 0.00422568, 0.00414546, 0.00266179, 0.00418428, 0.00199116, 0.00168051, 0.00244214, 0.00310909, 0.00315592, 0.00271738, 0.004151, 0.00214434, 0.00433064, 0.00261994, 0.00396675, 0.00229892, 0.00229262, 0.00273312, 0.00302226, 0.00325198, 0.00163702, 0.00274461, 0.00245789, 0.00232945, 0.00292101, 0.00161866, 0.00356312, 0.00288407, 0.00255938, 0.00173224, 0.00321157, 0.00370508, 0.0013197, 0.00399502, 0.00247644, 0.00150362, 0.00139486, 0.00149136, 0.00152351, 0.00432498, 0.00430279, 0.00318851, 0.00365379, 0.00180476, 0.00315958, 0.0017547, 0.00256295, 0.0023393, 0.00281262, 0.00171865, 0.0028625, 0.00246438, 0.00189213, 0.00287474, 0.00197496, 0.00432753, 0.00342637, 0.00139863, 0.00232178, 0.00210088, 0.00203305, 0.00257983, 0.001756, 0.00252687, 0.00220783, 0.00265507, 0.0038213, 0.00154585, 0.00171113, 0.00151234, 0.00419876, 0.00164601, 0.0039226, 0.0040344, 0.00170183, 0.00139447, 0.00434044, 0.00163309, 0.00227213, 0.00212341, 0.00251218, 0.00227326, 0.00236458, 0.00280123, 0.0039379, 0.00182533, 0.00205076, 0.00333848, 0.00227686, 0.00346528, 0.00227326, 0.00238217];
GivenLatency = [266.14, 238.659, 74.3024, 214.628, 167.862, 177.691, 90.2191, 93.3881, 211.361, 179.468, 154.665, 114.745, 133.461, 113.26, 279.001, 157.297, 133.464, 137.989, 148.675, 156.157, 273.775, 88.0008, 105.267, 167.193, 159.38, 264.35, 158.316, 163.724, 139.057, 155.668, 166.672, 379.031, 113.131, 139.623, 141.604, 136.104, 81.0921, 103.314, 170.554, 119.187, 188.625, 344.995, 234.069, 109.63, 146.994, 116.365, 95.9655, 199.756, 141.211, 134.071, 98.9937, 258.631, 184.876, 136.575, 123.01, 140.772, 201.503, 128.027, 195.248, 265.788, 116.24, 227.238, 170.583, 207.055, 158.267, 295.616, 199.094, 95.4665, 456.989, 84.5849, 132.322, 329.58, 413.697, 293.937, 355.526, 92.0271, 81.701, 123.163, 105.885, 324.264, 140.713, 235.507, 171.12, 185.917, 186.093, 333.454, 191.307, 210.258, 165.525, 205.832, 178.784, 79.1781, 122.996, 370.754, 197.302, 206.351, 245.022, 149.856, 202.41, 233.844, 230.475, 244.183, 114.073, 211.099, 249.749, 349.969, 108.606, 383.027, 107.274, 137.355, 371.878, 384.104, 108.469, 219.638, 168.893, 237.932, 259.672, 202.818, 135.971, 155.948, 98.1417, 229.484, 188.925, 95.0828, 169.93, 136.26, 146.535, 272.93];
HighestPossibleCritFunctionValue = 1.1;
