NumDevices = 128;
NumSlotes = 1024;


GivenBandwidthOld = [0.00894758, 0.00945233, 0.00525851, 0.00729107, 0.00601037, 0.00622545, 0.00866163, 0.00972198, 0.00611049, 0.00779736, 0.00895505, 0.00385263, 0.00991848, 0.00864251, 0.00723274, 0.0068707, 0.00967134, 0.00493609, 0.00718783, 0.00827776, 0.0080425, 0.00403744, 0.00967523, 0.00789594, 0.00964208, 0.00688766, 0.00722903, 0.00712074, 0.00579667, 0.00840402, 0.00511977, 0.00676729, 0.00904434, 0.00454064, 0.00457535, 0.00669597, 0.00418438, 0.00430107, 0.00933265, 0.00637843, 0.00480105, 0.00624158, 0.00474451, 0.00596001, 0.00988349, 0.00813149, 0.00602341, 0.00669088, 0.00612685, 0.00770587, 0.00875815, 0.00695219, 0.00417023, 0.00399611, 0.00880825, 0.00532554, 0.00879411, 0.00503588, 0.00934051, 0.0071359, 0.00431788, 0.00440611, 0.00600279, 0.00386303, 0.00971628, 0.00401124, 0.00693864, 0.00765933, 0.00788634, 0.00454066, 0.00494852, 0.00983213, 0.00739064, 0.00456267, 0.00609049, 0.00912614, 0.00419716, 0.00660986, 0.00694626, 0.00453565, 0.00824193, 0.00580338, 0.00873982, 0.00513233, 0.00524444, 0.00822321, 0.00999972, 0.00526133, 0.00465772, 0.00986754, 0.00881137, 0.00775693, 0.00443666, 0.006911, 0.00563555, 0.00675868, 0.00806883, 0.00907963, 0.00387212, 0.00625706, 0.00870138, 0.00906652, 0.00852544, 0.00832668, 0.0051907, 0.00515886, 0.00744624, 0.00767962, 0.00504198, 0.00561717, 0.00396335, 0.00835197, 0.00529839, 0.00880777, 0.0096663, 0.00778941, 0.00662483, 0.00849516, 0.00564192, 0.00752366, 0.00892356, 0.00582093, 0.00988193, 0.00691311, 0.00986102, 0.00538899, 0.00656834, 0.00913074];
GivenLatency = [454.6, 414.714, 655.722, 551.583, 670.234, 583.042, 546.592, 348.764, 740.958, 625.024, 494.649, 1098, 474.47, 406.58, 564.684, 679.483, 390.244, 792.62, 502.216, 427.324, 437.807, 917.432, 437.065, 615.164, 412.429, 486.435, 640.399, 587.465, 694.331, 476.061, 686.477, 609.733, 546.954, 1004.95, 931.535, 568.713, 1157.87, 913.795, 402.168, 661.172, 990.021, 572.083, 956.202, 623.536, 430.21, 489.185, 555.761, 593.434, 609.417, 644.68, 412.753, 702.743, 1143.61, 1097.28, 421.984, 829.659, 403.91, 757.938, 479.829, 654.824, 1136.94, 1126.73, 716.404, 1164.22, 434.529, 1163.43, 499.639, 495.071, 566.081, 891.26, 841.599, 476.355, 464.052, 1043.64, 638.749, 464.011, 959.069, 548.712, 527.609, 993.067, 404.625, 714.798, 391.065, 835.359, 757.525, 537.793, 416.526, 751.862, 1052.51, 350.349, 524.75, 602.2, 776.101, 514.064, 652.313, 708.7, 477.997, 406.604, 1283.32, 605.768, 408.325, 395.797, 439.432, 514.238, 831.189, 937.418, 467.05, 650.346, 744.354, 690.422, 856.122, 453.594, 812.975, 479.34, 354.143, 487.597, 704.527, 455.884, 708.85, 638.45, 511.085, 613.441, 346.489, 680.421, 409.22, 703.794, 592.281, 482.321];
HighestPossibleCritFunctionValue = 1.1;
