NumDevices = 128;
NumSlotes = 1024;


GivenBandwidthOld = [0.00413831, 0.00131476, 0.00214505, 0.00372988, 0.00245909, 0.00365988, 0.00414278, 0.00139028, 0.00271426, 0.00167877, 0.00128896, 0.00289025, 0.00336952, 0.00208995, 0.00272972, 0.00210501, 0.00266354, 0.00242511, 0.00133833, 0.00143027, 0.00295362, 0.00269015, 0.00272689, 0.00142491, 0.00349806, 0.00315479, 0.00255782, 0.00367946, 0.00190145, 0.0033558, 0.00288376, 0.00352494, 0.00180952, 0.00203922, 0.00321116, 0.00313631, 0.00132467, 0.00313553, 0.00380744, 0.00284323, 0.00371027, 0.00420045, 0.00202103, 0.00371079, 0.00352537, 0.00273161, 0.00264328, 0.00242842, 0.0038672, 0.00422104, 0.00420888, 0.00299374, 0.00196977, 0.00156158, 0.00364529, 0.00269984, 0.00312415, 0.00329355, 0.0033637, 0.00426063, 0.00406059, 0.00141277, 0.00258888, 0.00381123, 0.0040952, 0.00174176, 0.00382519, 0.00434081, 0.00157861, 0.00233762, 0.00270033, 0.00186459, 0.00247268, 0.00399621, 0.00372352, 0.00184794, 0.0039698, 0.00351859, 0.00134713, 0.00238922, 0.00131063, 0.00156222, 0.00190694, 0.00186043, 0.00134744, 0.00140745, 0.0037035, 0.00283979, 0.00213512, 0.0024667, 0.00348673, 0.00327779, 0.00425185, 0.00334918, 0.00397436, 0.00209639, 0.00149988, 0.00408846, 0.0041609, 0.00288054, 0.00253825, 0.00291491, 0.0021877, 0.00179107, 0.00130256, 0.00334567, 0.00125492, 0.00267984, 0.00138367, 0.00408133, 0.00307258, 0.00211232, 0.0036304, 0.00244692, 0.00219244, 0.00329437, 0.00153052, 0.00343934, 0.0037745, 0.0023915, 0.00208383, 0.00291336, 0.00416901, 0.00161745, 0.00193397, 0.00290436, 0.00290212, 0.00272888];
GivenLatency = [84.6531, 261.785, 291.008, 147.906, 128.224, 136.021, 98.3075, 241.812, 170.44, 215.794, 501.523, 157.297, 99.325, 182.462, 209.386, 165.847, 129.988, 203.862, 432.579, 454.801, 198.927, 162.396, 171.465, 232.667, 135.409, 167.63, 125.19, 96.6644, 304.426, 134.017, 173.611, 92.1172, 244.144, 192.095, 140.563, 123.107, 338.081, 191.581, 100.815, 140.897, 119.329, 97.9436, 196.413, 94.57, 141.076, 127.37, 166.37, 157.484, 106.356, 79.0161, 100.63, 211.305, 259.273, 271.739, 135.511, 122.323, 178.537, 132.256, 123.029, 127.423, 85.9393, 247.793, 127.731, 88.251, 107.725, 197.543, 118.129, 111.534, 366.007, 188.762, 124.841, 180.692, 236.473, 83.0788, 102.637, 185.669, 113.625, 116.732, 314.856, 271.114, 461.732, 382.78, 240.257, 250.137, 384.016, 260.857, 126.56, 157.363, 206.753, 229.325, 92.2693, 109.945, 75.3289, 114.71, 96.7853, 202.864, 322.77, 103.494, 82.1541, 125.071, 237.708, 163.263, 224.786, 348.802, 388.348, 105.357, 486.727, 173.155, 453.731, 97.7154, 115.554, 209.446, 153.536, 153.126, 168.73, 190.544, 214.62, 119.231, 113.945, 175.522, 184.986, 189.914, 75.5246, 216.441, 240.004, 110.162, 127.137, 135.46];
HighestPossibleCritFunctionValue = 1.1;
