NumDevices = 128;
NumSlotes = 1024;


GivenBandwidthOld = [0.00491596, 0.00503117, 0.00629586, 0.00694606, 0.00490135, 0.00442831, 0.00411644, 0.00752983, 0.00642565, 0.00834199, 0.00626385, 0.00402311, 0.00386216, 0.00375056, 0.00821106, 0.00583595, 0.00735584, 0.00713498, 0.00508029, 0.00694158, 0.0045752, 0.00794028, 0.00479612, 0.00595112, 0.00790641, 0.0056197, 0.00782795, 0.00693725, 0.00691676, 0.00742272, 0.00610593, 0.00485637, 0.00842773, 0.00732567, 0.00501994, 0.00767879, 0.00494425, 0.00551538, 0.00451893, 0.00714136, 0.00734749, 0.00676595, 0.00789252, 0.00702391, 0.00829235, 0.00709423, 0.00530045, 0.00717669, 0.00605782, 0.00625894, 0.00653556, 0.00569415, 0.00411425, 0.00570888, 0.00664764, 0.0043145, 0.00622869, 0.00801824, 0.00500946, 0.00653332, 0.00801167, 0.00465652, 0.00464752, 0.00840595, 0.00629213, 0.00434876, 0.00712964, 0.00538204, 0.00840553, 0.00430937, 0.0050188, 0.00850513, 0.00814783, 0.00814864, 0.00673373, 0.00634177, 0.00861609, 0.00810158, 0.00579996, 0.00734517, 0.00786045, 0.00802463, 0.00751885, 0.00679455, 0.00853568, 0.00666848, 0.00462591, 0.00524109, 0.00448182, 0.00837441, 0.00618678, 0.00377539, 0.00549613, 0.00592043, 0.00724976, 0.0041916, 0.00573804, 0.00670995, 0.00666017, 0.00490159, 0.00847861, 0.00755256, 0.00839618, 0.00704192, 0.00604269, 0.00702196, 0.00555289, 0.00493043, 0.00822651, 0.00547857, 0.00583109, 0.00571671, 0.0083209, 0.00683893, 0.00440694, 0.00501926, 0.00616953, 0.00376145, 0.00621869, 0.00510118, 0.0079612, 0.00644206, 0.00412946, 0.00641151, 0.00571189, 0.00728691, 0.00852663, 0.0045691];
GivenLatency = [237.218, 233.87, 167.682, 145.46, 239.871, 219.706, 304.672, 156.803, 186.794, 138.577, 152.519, 241.74, 315.427, 323.35, 118.275, 172.196, 160.22, 139.556, 245.916, 144.95, 210.169, 123.038, 237.271, 176.802, 140.781, 214.739, 124.347, 186.285, 150.691, 163.334, 174.26, 252.842, 137.435, 136.805, 211.752, 162.246, 221.099, 181.558, 212.333, 175.653, 160.917, 143.789, 130.953, 171.08, 116.561, 172.377, 195.685, 139.288, 211.003, 168.004, 174.527, 212, 232.379, 167.136, 157.147, 298.42, 153.887, 127.287, 242.726, 173.942, 145.092, 237.574, 223.323, 115.378, 200.976, 255.578, 139.125, 209.258, 120.756, 244.007, 252.046, 130.699, 124.7, 127.784, 146.701, 171.906, 111.181, 118.32, 184.047, 170.011, 148.281, 124.749, 129.641, 149.478, 123.101, 170.78, 225.66, 222.668, 278.037, 123.304, 159.343, 327.816, 195.655, 164.058, 145.553, 277.314, 219.246, 149.926, 146.64, 263.454, 134.967, 136.676, 136.934, 138.655, 175.409, 181.851, 211.753, 237.111, 138.227, 222.228, 164.727, 178.832, 134.62, 149.468, 279.508, 237.7, 157.887, 303.713, 173.613, 201.087, 147.032, 192.565, 311.165, 153.963, 171.854, 161.984, 118.763, 264.232];
HighestPossibleCritFunctionValue = 1.1;
