NumDevices = 16;
NumSlotes = 128;


GivenBandwidthOld = [0.0526476, 0.0689179, 0.0424154, 0.0551088, 0.0340371, 0.041407, 0.0680009, 0.031213, 0.0569941, 0.0402038, 0.0445475, 0.0504148, 0.0619318, 0.0679836, 0.0607408, 0.0498638];
GivenLatency = [18.7807, 13.598, 18.3024, 16.7904, 22.9974, 20.9141, 11.9898, 30.3479, 15.1462, 25.1984, 19.5408, 16.657, 14.624, 15.8091, 17.9958, 16.5675];
HighestPossibleCritFunctionValue = 1.1;
