NumDevices = 128;
NumSlotes = 1024;


GivenBandwidthOld = [0.00637049, 0.00638165, 0.00382123, 0.00596281, 0.00452805, 0.00552509, 0.0076693, 0.00544206, 0.00723925, 0.00749206, 0.00658775, 0.00777231, 0.00665267, 0.0039096, 0.00620766, 0.00461176, 0.00740567, 0.004611, 0.0045723, 0.00420751, 0.00818918, 0.00806719, 0.00778396, 0.00755182, 0.00590408, 0.00734369, 0.00782964, 0.00532064, 0.00646306, 0.00713038, 0.00772712, 0.00716642, 0.00847644, 0.00597739, 0.0045624, 0.00779957, 0.00491492, 0.00757218, 0.00811344, 0.00514936, 0.00777355, 0.00760276, 0.00715317, 0.00587043, 0.0068039, 0.00571281, 0.00769851, 0.00642366, 0.00501351, 0.00456611, 0.00509262, 0.00415511, 0.00746155, 0.00380047, 0.00704347, 0.00714203, 0.00858017, 0.00440332, 0.00409712, 0.007746, 0.00447834, 0.00498202, 0.0053802, 0.0075786, 0.00603485, 0.00521745, 0.00713975, 0.00525092, 0.00466278, 0.00481193, 0.00665741, 0.00857148, 0.00831494, 0.00672452, 0.00657097, 0.00585209, 0.00849422, 0.00489035, 0.00453953, 0.00842846, 0.00462923, 0.00597286, 0.00835963, 0.00776389, 0.00524246, 0.00759218, 0.00433595, 0.00680861, 0.0048702, 0.00587997, 0.00721736, 0.00459131, 0.00863107, 0.00490539, 0.00734198, 0.00419225, 0.00671542, 0.00858467, 0.00501916, 0.00445638, 0.00579732, 0.00799169, 0.00388055, 0.00787677, 0.00737096, 0.0062982, 0.00631931, 0.00612514, 0.00768545, 0.00683938, 0.00692233, 0.00615339, 0.00751425, 0.00443038, 0.00394993, 0.00394423, 0.00825959, 0.0064694, 0.00869261, 0.00428523, 0.00433433, 0.00464943, 0.00546471, 0.00795681, 0.0076498, 0.00773253, 0.00817829, 0.00497253];
GivenLatency = [177.204, 191.457, 284.817, 215.096, 212.785, 201.399, 128.351, 224.382, 160.969, 156.633, 150.511, 138.776, 186.61, 303.806, 153.687, 238.155, 139.851, 256.176, 238.63, 257.421, 149.784, 132.262, 142.129, 135.364, 171.631, 152.264, 132.086, 194.536, 161.296, 155.465, 147.805, 166.879, 145.861, 176.499, 259.598, 129.698, 247.351, 163.86, 123.01, 195.101, 161.857, 134.936, 179.364, 164.06, 163.291, 172.227, 125.089, 151.79, 198.618, 239.363, 207.1, 245.229, 158.194, 298.211, 152.351, 141.905, 114.083, 235.615, 251.637, 133.19, 272.849, 216.763, 195.438, 158.799, 200.053, 207.277, 152.055, 233.34, 210.325, 249.026, 153.3, 128.786, 122.572, 192.962, 188.908, 168.852, 131.35, 254.976, 261.186, 134.124, 214.961, 204.907, 130.982, 153.608, 237.896, 166.269, 274.052, 180.437, 195.643, 161.985, 160.669, 211.676, 110.671, 214.223, 154.492, 238.552, 161.066, 112.635, 242.164, 248.546, 172.908, 119.37, 306.325, 128.355, 150.329, 177.342, 166.693, 167.759, 146.208, 169.34, 147.349, 170.002, 164.798, 272.978, 250.661, 295.323, 147.962, 149.479, 115.932, 300.459, 229.466, 228.082, 178.773, 145.281, 140.908, 125.541, 137.817, 210.983];
HighestPossibleCritFunctionValue = 1.1;
