NumDevices = 8;
NumSlotes = 64;


GivenBandwidthOld = [0.0894686, 0.139564, 0.0916143, 0.101886, 0.143515, 0.0898017, 0.137171, 0.0746012];
GivenLatency = [18.367, 8.99686, 14.8865, 13.5049, 9.17357, 15.3953, 9.41745, 18.9155];
HighestPossibleCritFunctionValue = 1.1;
