NumDevices = 32;
NumSlotes = 256;


GivenBandwidthOld = [0.0204335, 0.0356868, 0.0231953, 0.0276367, 0.0255681, 0.032318, 0.0294388, 0.0375462, 0.0247742, 0.0156353, 0.0182857, 0.0376821, 0.0326344, 0.0211561, 0.0312976, 0.0284913, 0.0390917, 0.0235116, 0.0192492, 0.031713, 0.0359238, 0.0319833, 0.0286912, 0.0222883, 0.0343161, 0.0362662, 0.035796, 0.0329494, 0.0154249, 0.0319227, 0.0355727, 0.0299083];
GivenLatency = [95.3592, 54.1306, 104.554, 80.6916, 65.3547, 63.521, 74.639, 66.3784, 84.6475, 131.427, 98.1744, 58.6502, 54.2559, 111.571, 53.3917, 77.2747, 43.7054, 73.0331, 107.779, 62.1408, 50.0216, 55.1374, 85.4866, 107.034, 49.3833, 52.4642, 51.8741, 51.5363, 110.191, 70.1719, 61.7864, 78.7696];
HighestPossibleCritFunctionValue = 1.1;
