NumDevices = 16;
NumSlotes = 128;


GivenBandwidthOld = [0.0489716, 0.0350226, 0.0440468, 0.0651284, 0.0332986, 0.0700691, 0.0708339, 0.0745966, 0.0655582, 0.0561503, 0.0387169, 0.0353566, 0.0583695, 0.0365232, 0.0661074, 0.0369756];
GivenLatency = [29.2319, 50.6668, 44.4998, 22.9734, 42.1348, 24.9831, 27.6876, 20.4185, 25.2959, 23.862, 43.9508, 41.1513, 24.4801, 53.1694, 25.8379, 36.4515];
HighestPossibleCritFunctionValue = 1.1;
