NumDevices = 32;
NumSlotes = 256;


GivenBandwidthOld = [0.0140599, 0.0116434, 0.0101734, 0.0169726, 0.0164084, 0.00816867, 0.0108838, 0.00624597, 0.00848698, 0.0106122, 0.0165224, 0.0112827, 0.0109262, 0.00649811, 0.00877585, 0.0156677, 0.00922671, 0.00575417, 0.0054006, 0.0129235, 0.0133599, 0.00942507, 0.0145758, 0.00755242, 0.0160547, 0.0130732, 0.0162089, 0.00510555, 0.0165029, 0.00964997, 0.00699182, 0.00643684];
GivenLatency = [22.7483, 28.207, 53.6367, 19.2546, 19.1192, 62.6848, 37.8226, 58.4446, 47.3978, 32.9777, 20.6348, 40.4651, 51.373, 51.9863, 55.9221, 31.674, 36.2466, 84.8858, 68.1383, 35.5098, 38.1613, 40.2032, 31.5047, 51.5311, 35.771, 35.0724, 18.8973, 64.8853, 35.6585, 45.7184, 43.8313, 63.9022];
HighestPossibleCritFunctionValue = 1.1;
