NumDevices = 16;
NumSlotes = 128;


GivenBandwidthOld = [0.0371171, 0.046891, 0.0673259, 0.0670399, 0.0588755, 0.0399634, 0.0356095, 0.0590018, 0.0625217, 0.0729807, 0.056013, 0.0302002, 0.0443703, 0.0511003, 0.0623852, 0.0787733];
GivenLatency = [40.7771, 41.0425, 26.242, 25.1237, 23.9936, 39.4034, 41.6225, 30.2079, 27.3721, 21.2063, 26.0263, 49.8924, 34.5624, 33.3322, 24.2617, 18.0828];
HighestPossibleCritFunctionValue = 1.1;
