NumDevices = 128;
NumSlotes = 1024;


GivenBandwidthOld = [0.00695547, 0.00800457, 0.00532482, 0.00669197, 0.00437237, 0.00385714, 0.00450072, 0.00602161, 0.00777121, 0.0083102, 0.00708398, 0.00790416, 0.00776383, 0.00415053, 0.00543998, 0.0072814, 0.00594221, 0.00818523, 0.0066943, 0.0085525, 0.00438601, 0.00819653, 0.00655255, 0.00613213, 0.00522002, 0.00543033, 0.00508381, 0.00605183, 0.0056854, 0.00703525, 0.00394075, 0.00472895, 0.00704779, 0.00472781, 0.00776937, 0.0072981, 0.00662539, 0.00548089, 0.00473633, 0.00598077, 0.00637977, 0.00728398, 0.00431865, 0.00598766, 0.00707374, 0.00581792, 0.00422045, 0.00554808, 0.004046, 0.00860134, 0.00525843, 0.00592868, 0.00590547, 0.00578448, 0.0073166, 0.00759917, 0.00676643, 0.00594698, 0.00848088, 0.00573166, 0.00458425, 0.005039, 0.0079285, 0.00678937, 0.00648798, 0.00603515, 0.00521454, 0.00835979, 0.00547111, 0.00547876, 0.00402918, 0.00600308, 0.00632371, 0.00504234, 0.00408317, 0.00831157, 0.00501105, 0.0082507, 0.00710901, 0.00865924, 0.00841513, 0.00555417, 0.00649885, 0.00861303, 0.00673982, 0.00867691, 0.00529945, 0.00527893, 0.00545019, 0.0039199, 0.00420873, 0.0086072, 0.00871423, 0.0076189, 0.00841474, 0.00403058, 0.00449092, 0.00635277, 0.00850886, 0.00587384, 0.00405927, 0.00670953, 0.0045541, 0.00819378, 0.00529225, 0.00428553, 0.00439146, 0.0047643, 0.00617773, 0.00661931, 0.00819176, 0.00649517, 0.00676272, 0.00859231, 0.00838061, 0.00545038, 0.00702744, 0.00760289, 0.00425643, 0.00533561, 0.00817819, 0.00834926, 0.0085659, 0.0045154, 0.00778367, 0.00767012, 0.00420872, 0.00852397];
GivenLatency = [173.354, 133.136, 214.004, 147.828, 257.509, 288.751, 287.872, 179.114, 123.539, 118.295, 161.994, 142.291, 130.552, 273.67, 204.778, 143.496, 210.039, 155.899, 153.973, 126.298, 227.009, 146.949, 149.832, 176.858, 188.584, 225.91, 236.882, 182.339, 196.106, 148.546, 257.616, 206.033, 140.774, 261.581, 124.658, 158.753, 175.195, 190.824, 246.521, 189.062, 170.281, 157.759, 245.492, 168.908, 161.968, 195.13, 253.349, 206.231, 269.404, 147.774, 221.195, 164.056, 192.929, 169.519, 147.734, 134.9, 161.31, 195.013, 149.471, 201.263, 222.096, 256.959, 133.169, 144.169, 156.613, 177.812, 194.072, 154.174, 174.753, 226.04, 245.049, 159.518, 166.738, 194.476, 274.838, 116.318, 258.331, 128.555, 159.811, 149.224, 122.482, 189.382, 183.445, 123.419, 163.667, 143.903, 216.057, 239.485, 208.586, 250.533, 307.727, 144.352, 115.81, 168.563, 124.297, 246.122, 220.009, 192.502, 147.884, 216.906, 270.332, 155.306, 243.09, 155.191, 238.827, 263.151, 245.562, 253.7, 185.295, 150.304, 122.327, 177.702, 167.107, 125.473, 136.355, 223.001, 172.711, 146.464, 234.578, 237.086, 136.954, 122.913, 142.912, 216.157, 136.75, 124.864, 244.739, 134.772];
HighestPossibleCritFunctionValue = 1.1;
