NumDevices = 16;
NumSlotes = 128;


GivenBandwidthOld = [0.0300057, 0.0212376, 0.0305926, 0.0100708, 0.0253325, 0.0276201, 0.0252462, 0.0281221, 0.0126945, 0.0209946, 0.0206438, 0.0258935, 0.0325695, 0.0110105, 0.0188957, 0.0205396];
GivenLatency = [13.2447, 20.408, 12.0108, 55.2099, 12.903, 15.0902, 15.4925, 17.5854, 38.8331, 19.1191, 21.612, 17.4505, 15.8661, 33.329, 16.0258, 27.7912];
HighestPossibleCritFunctionValue = 1.1;
