NumDevices = 32;
NumSlotes = 256;


GivenBandwidthOld = [0.0306063, 0.0345385, 0.0232886, 0.0221018, 0.0249707, 0.0172972, 0.0244354, 0.0202035, 0.0201581, 0.0324463, 0.0356869, 0.0240571, 0.0382357, 0.0366042, 0.0161638, 0.0254308, 0.0254266, 0.0305626, 0.0256123, 0.0258024, 0.0207372, 0.0158007, 0.0218841, 0.0163563, 0.035745, 0.0265542, 0.0317454, 0.0295751, 0.0294758, 0.0345724, 0.0179847, 0.0293341];
GivenLatency = [64.6907, 65.3643, 88.593, 102.971, 70.5241, 136.2, 93.4371, 107.597, 105.959, 60.926, 67.6621, 95.904, 56.2858, 56.1448, 134.063, 95.9817, 65.6706, 56.3365, 70.9875, 64.7767, 100.615, 147.666, 86.1935, 104.279, 57.0395, 82.6777, 76.9529, 62.6745, 57.9054, 65.9794, 123.907, 70.0017];
HighestPossibleCritFunctionValue = 1.1;
