NumDevices = 128;
NumSlotes = 1024;


GivenBandwidthOld = [0.0065082, 0.00585078, 0.00653003, 0.00763788, 0.00731714, 0.00664548, 0.0080073, 0.00624878, 0.00570212, 0.00806221, 0.00403375, 0.00773476, 0.00568311, 0.00852247, 0.00463908, 0.00649897, 0.00561361, 0.00542923, 0.00650937, 0.00544617, 0.00624016, 0.0057974, 0.00446469, 0.00560765, 0.00535446, 0.00491229, 0.00841995, 0.00662777, 0.00539235, 0.00681381, 0.00721592, 0.00547228, 0.00507939, 0.00686963, 0.00541817, 0.00576685, 0.00595857, 0.00813298, 0.00849498, 0.00756824, 0.00694486, 0.00471186, 0.00468468, 0.00795691, 0.00425076, 0.00510248, 0.004803, 0.00644352, 0.00868462, 0.00490643, 0.00485423, 0.00748931, 0.00540634, 0.00682661, 0.00732575, 0.00643691, 0.00759533, 0.00728783, 0.00412177, 0.00702726, 0.00470205, 0.00477526, 0.00522294, 0.00450679, 0.00817272, 0.00634348, 0.0074284, 0.00657636, 0.0064573, 0.00528684, 0.00847895, 0.00813155, 0.00445077, 0.00651782, 0.00749598, 0.00748331, 0.00451407, 0.00544987, 0.00854561, 0.00852499, 0.0069885, 0.00825514, 0.00668465, 0.00633108, 0.00396307, 0.00487849, 0.00530385, 0.00424414, 0.00383224, 0.00603074, 0.00611601, 0.00423152, 0.00662361, 0.00546648, 0.00771498, 0.00812397, 0.00707109, 0.00628165, 0.00817551, 0.00823791, 0.00712428, 0.00532616, 0.00425026, 0.00665833, 0.00407954, 0.00741521, 0.00500453, 0.00868713, 0.00712453, 0.00440632, 0.00450304, 0.00515898, 0.00444607, 0.00762293, 0.00609194, 0.00469213, 0.00806169, 0.00539806, 0.00762395, 0.00821455, 0.0043804, 0.00394165, 0.00474318, 0.00611363, 0.00431199, 0.0040622, 0.00595786, 0.00621283];
GivenLatency = [165.505, 218.129, 148.66, 153.292, 132.475, 173.608, 128.373, 181.682, 179.769, 158.018, 238.087, 132.974, 225.454, 127.688, 222.703, 171.962, 182.705, 210.237, 162.764, 220.987, 161.012, 187.509, 264.214, 225.231, 183.494, 241.048, 136.394, 148.667, 199.928, 178.555, 148.38, 222.084, 213.523, 170.845, 233.631, 199.376, 170.325, 120.525, 128.819, 141.293, 163.065, 216.129, 261.978, 135.179, 268.713, 245.029, 199.318, 161.633, 114.218, 239.281, 209.919, 134.442, 190.044, 156.419, 130.566, 154.092, 158.147, 153.194, 239.917, 151.501, 223.823, 221.859, 213.321, 257.434, 139.075, 151.24, 149.537, 165.77, 189.001, 237.383, 142.086, 121.709, 235.973, 180.873, 127.931, 163.67, 274.173, 200.316, 151.734, 119.264, 152.509, 139.42, 174.342, 152.946, 251.698, 229.326, 193.136, 285.192, 336.841, 165.205, 188.914, 256.642, 191.87, 218.769, 153.72, 141.279, 136.103, 185.501, 143.074, 146.819, 163.315, 204.694, 240.503, 186.823, 309.71, 142.7, 253.714, 111.397, 175.926, 216.165, 234.045, 185.773, 265.136, 139.404, 156.818, 221.763, 157.816, 203.712, 145.826, 149.195, 222.342, 281.805, 224.728, 187.133, 264.95, 249.743, 194.045, 189.331];
HighestPossibleCritFunctionValue = 1.1;
