NumDevices = 128;
NumSlotes = 1024;


GivenBandwidthOld = [0.00541877, 0.00696614, 0.00745059, 0.00578783, 0.00987181, 0.00550072, 0.00935787, 0.00529783, 0.00565316, 0.00896107, 0.00493146, 0.00432724, 0.00541453, 0.00446718, 0.00731656, 0.00939363, 0.00629925, 0.0053217, 0.0067448, 0.00618117, 0.0081873, 0.00652565, 0.00412285, 0.00781751, 0.00384178, 0.00880224, 0.00422787, 0.00412254, 0.00883856, 0.00847919, 0.00596888, 0.00897505, 0.00859184, 0.00560069, 0.00833901, 0.00622283, 0.0083095, 0.00399257, 0.00567206, 0.00777177, 0.00394449, 0.00378423, 0.00402179, 0.00929101, 0.00653422, 0.00439194, 0.00534892, 0.00796962, 0.00408361, 0.0045581, 0.00430354, 0.0070311, 0.00550444, 0.00933739, 0.00484025, 0.00878384, 0.0075608, 0.00817097, 0.00692203, 0.00978872, 0.00901778, 0.00812924, 0.00556234, 0.00748116, 0.00709954, 0.00573942, 0.00872001, 0.00969633, 0.00616971, 0.0093305, 0.00777578, 0.00881123, 0.00542056, 0.00586845, 0.00858219, 0.00585492, 0.00616913, 0.00577773, 0.00883558, 0.00828252, 0.00679751, 0.00450462, 0.00535884, 0.00600297, 0.00689673, 0.00955141, 0.00802426, 0.00994602, 0.00905973, 0.00694094, 0.00896002, 0.0061344, 0.00960144, 0.00522443, 0.00955546, 0.00736171, 0.00581842, 0.0052115, 0.00467615, 0.0069837, 0.00881566, 0.00475136, 0.00854501, 0.00596214, 0.00813317, 0.00926706, 0.0040444, 0.00794599, 0.00695226, 0.00542514, 0.00775832, 0.00914914, 0.00950763, 0.00969083, 0.00752292, 0.00890069, 0.00885035, 0.00650096, 0.00782014, 0.00441403, 0.00778194, 0.006066, 0.00993309, 0.00417768, 0.00427471, 0.0099954, 0.00764671, 0.00825177];
GivenLatency = [656.566, 656.933, 587.652, 672.215, 458.685, 732.12, 379.566, 657.534, 731.963, 511.38, 854.441, 1111.42, 765.744, 906.053, 565.289, 488.168, 759.243, 755.358, 551.197, 562.925, 507.922, 529.793, 856.054, 593.788, 921.293, 473.355, 906.552, 930.012, 441.522, 544.382, 561.21, 509.326, 395.788, 765.121, 405.074, 634.059, 507.575, 891.278, 660.118, 464.854, 1008.37, 1244.82, 1060.72, 445.32, 628.139, 823.961, 684.542, 560.153, 1039.3, 806.697, 982.993, 542.507, 679.679, 426.449, 918.752, 536.925, 596.158, 532.295, 588.31, 400.853, 532.06, 576.107, 897.216, 608.115, 620.5, 834.12, 383.761, 491.701, 577.055, 483.463, 593.74, 550.113, 652.21, 578.465, 449.404, 612.357, 652.579, 624.332, 426.256, 447.269, 732.772, 1083.87, 775.977, 642.323, 607.247, 482.339, 540.975, 392.102, 456.565, 617.763, 413.521, 766.568, 502.186, 657.169, 433.446, 625.146, 593.164, 652.739, 727.216, 685.626, 404.796, 776.933, 564.563, 570.105, 555.8, 492.854, 1015.59, 499.105, 486.181, 618.265, 467.449, 448.719, 371.806, 387.752, 519.846, 486.906, 505.868, 531.673, 430.048, 871.962, 520.877, 632.85, 466.896, 850.728, 948.824, 341.192, 549.35, 434.766];
HighestPossibleCritFunctionValue = 1.1;
