NumDevices = 128;
NumSlotes = 1024;


GivenBandwidthOld = [0.00388819, 0.00763136, 0.00652669, 0.00910515, 0.00781811, 0.00764783, 0.00838411, 0.00803383, 0.00831049, 0.00813212, 0.00401921, 0.00955223, 0.00925685, 0.0072981, 0.00541086, 0.00526149, 0.00732295, 0.00423918, 0.00673131, 0.00444279, 0.00998956, 0.00959341, 0.00763558, 0.0086451, 0.00696424, 0.00665351, 0.00935772, 0.00900622, 0.00750646, 0.00738269, 0.00830112, 0.00691689, 0.00466877, 0.00797806, 0.00849976, 0.00788584, 0.0085313, 0.00677203, 0.00752798, 0.00643502, 0.00589441, 0.00735967, 0.00898507, 0.00830503, 0.00385581, 0.00706966, 0.00971124, 0.00680234, 0.00440022, 0.00706442, 0.00921722, 0.00377735, 0.00722132, 0.00875242, 0.004406, 0.00418169, 0.00916395, 0.00855287, 0.00685867, 0.00741208, 0.00859366, 0.00494221, 0.00995686, 0.00991609, 0.00597891, 0.00875099, 0.0053656, 0.00709152, 0.00837817, 0.00809295, 0.00824612, 0.00762395, 0.00701395, 0.00471269, 0.00870024, 0.00872214, 0.00795682, 0.00774185, 0.00728134, 0.00504138, 0.00802139, 0.00557721, 0.007349, 0.00471103, 0.00572048, 0.00915841, 0.00920464, 0.00485459, 0.00610964, 0.00601531, 0.00807814, 0.00928536, 0.00524211, 0.00668973, 0.00557458, 0.00691475, 0.00615695, 0.0073987, 0.00867301, 0.00721788, 0.00708323, 0.00653852, 0.00782719, 0.00401296, 0.00462302, 0.00779476, 0.0090977, 0.00752777, 0.00915401, 0.00390496, 0.00810096, 0.00537836, 0.00912648, 0.00381341, 0.00700896, 0.00841551, 0.00449204, 0.00642473, 0.0079115, 0.0085319, 0.00443085, 0.00936543, 0.00728336, 0.0077319, 0.00880301, 0.0047329, 0.00464299, 0.00597992];
GivenLatency = [1018.21, 482.966, 560.447, 426.706, 467.287, 443.397, 559.813, 442.909, 431.434, 424.754, 1051.99, 357.358, 369.254, 622.436, 707.819, 745.932, 542.918, 883.718, 566.384, 786.349, 452.841, 448.161, 502.555, 556.604, 481.459, 642.445, 521.298, 440.744, 645.951, 630.771, 501.122, 541.559, 804.433, 493.74, 532.525, 480.949, 514.999, 650.296, 515.163, 549.005, 718.231, 535.13, 386.688, 459.326, 1123.73, 578.591, 416.287, 693.386, 968.499, 661.423, 437.163, 1007.78, 541.648, 538.794, 1063.04, 930.255, 490.099, 432.045, 486.341, 463.589, 549.5, 857.888, 408.811, 493.736, 674.032, 386.347, 803.936, 498.819, 479.18, 571.129, 584.568, 575.334, 502.7, 1035.84, 514.782, 507.37, 428.092, 485.496, 510.712, 872.3, 485.574, 755.112, 617.974, 795.29, 589.784, 442.167, 451.33, 801.028, 646.503, 685.187, 458.7, 413.516, 817.347, 645.48, 765.412, 528.491, 682.113, 623.208, 484.666, 615.436, 600.722, 515.298, 636.742, 950.573, 859.101, 507.264, 482.434, 621.541, 437.387, 1199.15, 526.589, 684.115, 459.518, 883.294, 540.698, 432.936, 961.942, 653.541, 435.949, 402.551, 918.678, 434.106, 528.227, 513.594, 416.776, 817.281, 996.038, 629.416];
HighestPossibleCritFunctionValue = 1.1;
