NumDevices = 128;
NumSlotes = 1024;


GivenBandwidthOld = [0.0057736, 0.00447837, 0.00546937, 0.00623827, 0.00412201, 0.00617856, 0.00563332, 0.00672828, 0.00471917, 0.0075687, 0.00459912, 0.00498404, 0.00424584, 0.00737243, 0.00593663, 0.0043763, 0.0049081, 0.00792526, 0.00736249, 0.00390559, 0.00872103, 0.00689536, 0.00782449, 0.00869643, 0.00833944, 0.00852299, 0.00840446, 0.00619093, 0.00846236, 0.00440398, 0.00515992, 0.00535567, 0.00526942, 0.005703, 0.0078533, 0.00795725, 0.00501121, 0.00586068, 0.00798829, 0.00670012, 0.00635437, 0.00543634, 0.0061031, 0.00728687, 0.00793993, 0.00383881, 0.00635985, 0.00746924, 0.00801903, 0.00839835, 0.00848901, 0.00726056, 0.00578321, 0.00587125, 0.00564437, 0.00739887, 0.0053745, 0.00666296, 0.00690684, 0.00574958, 0.00567372, 0.00567501, 0.00739749, 0.00710537, 0.00745739, 0.00383105, 0.00593685, 0.00810646, 0.007791, 0.0057559, 0.00689512, 0.00376245, 0.00795362, 0.00406512, 0.00493152, 0.00655289, 0.00699404, 0.00636565, 0.00503863, 0.00673937, 0.00604882, 0.00502116, 0.00821757, 0.00521936, 0.00434044, 0.00735339, 0.00586634, 0.00803497, 0.00618751, 0.00596332, 0.00797823, 0.00753264, 0.0085137, 0.00728275, 0.00868932, 0.00382034, 0.0058951, 0.00640143, 0.00637853, 0.00650282, 0.00531823, 0.00606577, 0.0048447, 0.0072916, 0.00736697, 0.00415476, 0.00653492, 0.00483733, 0.00857916, 0.00744988, 0.00759813, 0.00427508, 0.00385582, 0.00725618, 0.00708558, 0.00476618, 0.00767949, 0.00673961, 0.00506203, 0.00496817, 0.00751469, 0.00683401, 0.00672444, 0.00524495, 0.00440464, 0.00628448, 0.00579849, 0.0077865];
GivenLatency = [203.835, 287.695, 205.034, 188.701, 244.112, 156.349, 177.325, 191.25, 265.431, 139.893, 281.843, 249.205, 275.111, 146.643, 202.897, 230.619, 254.576, 137.366, 164.666, 327.454, 121.062, 182.557, 157.373, 127.464, 141.298, 125.365, 124.367, 207.383, 148.473, 221.189, 245.191, 238.676, 193.373, 195.089, 150.591, 123.633, 230.655, 170.145, 145.249, 157.699, 199.079, 199.512, 156.294, 161.064, 134.092, 301.287, 179.531, 140.171, 127.2, 136.71, 114.947, 155.985, 220.268, 185.399, 216.192, 135.839, 181.464, 178.948, 157.019, 191.284, 184.206, 190.472, 140.674, 179.25, 150.102, 267.288, 201.689, 143.07, 124.581, 214.592, 165.168, 298.363, 134.125, 308.03, 238.014, 179.497, 153.837, 150.293, 219.755, 143.042, 180.116, 223.34, 141.371, 202.103, 243.982, 167.704, 213.104, 144.513, 208.961, 178.05, 126.092, 157.276, 127.943, 156.702, 115.197, 257.809, 215.225, 179.498, 162.054, 160.068, 196.929, 158.907, 238.438, 165.424, 160.177, 260.968, 195.351, 260.351, 142.009, 146.169, 159.184, 237.719, 252.398, 149.318, 138.313, 250.512, 144.389, 176.801, 217.831, 259.571, 144.518, 179.197, 169.421, 224.109, 233.698, 156.321, 192.262, 166.284];
HighestPossibleCritFunctionValue = 1.1;
