NumDevices = 128;
NumSlotes = 1024;


GivenBandwidthOld = [0.00823583, 0.0070726, 0.00663822, 0.00613993, 0.00636524, 0.0081002, 0.00757098, 0.00792845, 0.00603996, 0.00608708, 0.00804752, 0.00717116, 0.00823297, 0.00403422, 0.00572154, 0.00433822, 0.00497574, 0.00480546, 0.00780091, 0.00736846, 0.00422485, 0.00455861, 0.00403184, 0.005667, 0.00774997, 0.00627531, 0.00658854, 0.00602039, 0.00724355, 0.00481875, 0.00621847, 0.00635289, 0.00556833, 0.0043851, 0.00782178, 0.00819849, 0.00458878, 0.00620886, 0.00484778, 0.00414145, 0.00784417, 0.00452641, 0.00783191, 0.00844053, 0.00756777, 0.00397319, 0.00492468, 0.00654968, 0.00798529, 0.00618959, 0.00593885, 0.00680348, 0.00860318, 0.00614101, 0.00443688, 0.00806067, 0.0081523, 0.00818857, 0.00788485, 0.00817545, 0.00735948, 0.00832294, 0.0061848, 0.00535946, 0.0038636, 0.00810047, 0.00712749, 0.00422871, 0.00445854, 0.00719389, 0.00513314, 0.00520944, 0.00760853, 0.00407239, 0.00708901, 0.00754224, 0.00488526, 0.00401727, 0.00582542, 0.00525121, 0.00458877, 0.00601117, 0.00720325, 0.00755101, 0.00734184, 0.00682599, 0.00692287, 0.00509353, 0.00444502, 0.00494598, 0.00458213, 0.0042872, 0.00752773, 0.00600495, 0.00764734, 0.00636258, 0.0083763, 0.00790757, 0.00498069, 0.00798133, 0.00471738, 0.00749286, 0.00500614, 0.00562546, 0.00453363, 0.00414729, 0.00596387, 0.00732631, 0.00587062, 0.00495672, 0.00505307, 0.00452453, 0.00633606, 0.00763127, 0.00617953, 0.00678104, 0.00641198, 0.00862216, 0.00516014, 0.00393788, 0.00643043, 0.00381502, 0.00660519, 0.00584949, 0.00482038, 0.00865197, 0.00615785, 0.00745803];
GivenLatency = [148.105, 138.939, 148.043, 157.759, 165.603, 160.169, 152.807, 158.013, 178.577, 176.981, 124.315, 168.64, 117.107, 270.39, 198.383, 250.283, 225.072, 249.178, 133.436, 136.033, 239.871, 210.351, 245.209, 217.84, 132.119, 179.303, 159.202, 163.825, 170.788, 200.554, 178.827, 176.443, 199.868, 226.775, 123.869, 120.206, 242.467, 170.258, 256.902, 312.037, 143.055, 227.437, 144.09, 124.777, 139.209, 271.942, 202.833, 161.266, 128.178, 197.557, 216.684, 161.03, 111.069, 203.668, 220.45, 149.873, 156.868, 118.494, 143.959, 123.559, 151.58, 145.854, 185.709, 216.323, 293.484, 148.605, 138.93, 267.742, 228.613, 163.924, 194.116, 235.889, 158.133, 291.131, 168.365, 156.167, 228.496, 316.105, 166.707, 202.007, 244.708, 170.123, 135.543, 128.287, 163.119, 175.782, 171.753, 215.4, 223.082, 199.818, 240.662, 285.832, 130.302, 161.091, 153.124, 155.506, 130.155, 141.222, 201.305, 128.481, 258.867, 162.225, 224.989, 195.146, 210.136, 266.247, 203.96, 150.87, 197.397, 255.773, 203.52, 215.71, 166.81, 159.618, 158.308, 170.384, 176.953, 113.145, 185.168, 269.343, 149.734, 301.09, 194.769, 169.489, 256.816, 145.8, 179.512, 130.351];
HighestPossibleCritFunctionValue = 1.1;
