NumDevices = 32;
NumSlotes = 256;


GivenBandwidthOld = [0.0110108, 0.0164836, 0.00944026, 0.00741577, 0.00681327, 0.00555446, 0.0113173, 0.0169898, 0.017435, 0.0128337, 0.0158566, 0.00981008, 0.0104826, 0.0142644, 0.0115795, 0.0124773, 0.0142501, 0.00974888, 0.00698326, 0.0126622, 0.00901528, 0.0148844, 0.00753334, 0.00788727, 0.00638517, 0.0104692, 0.0140784, 0.0109742, 0.0133333, 0.0126331, 0.00703781, 0.0170288];
GivenLatency = [38.3862, 29.3109, 61.3756, 66.5932, 74.0123, 98.4619, 37.9564, 36.9175, 23.3019, 39.9485, 20.5449, 47.5485, 30.4256, 23.8344, 34.0955, 38.4386, 35.8143, 35.4659, 44.2028, 37.9942, 43.3976, 39.3322, 58.1835, 44.5951, 66.3168, 33.5433, 24.5071, 29.423, 25.9428, 27.2435, 44.9341, 21.1858];
HighestPossibleCritFunctionValue = 1.1;
