NumDevices = 64;
NumSlotes = 512;


GivenBandwidthOld = [0.0190945, 0.0138593, 0.0127477, 0.0181911, 0.0173029, 0.0144043, 0.0110207, 0.0166062, 0.0180924, 0.00923773, 0.0135192, 0.0104254, 0.012828, 0.018211, 0.0148562, 0.0181334, 0.0107382, 0.0196402, 0.010559, 0.00764576, 0.0198512, 0.019018, 0.0148814, 0.0172079, 0.0176828, 0.0115401, 0.0102517, 0.0177139, 0.00976111, 0.0099251, 0.0161818, 0.00972066, 0.0177082, 0.0135409, 0.0116752, 0.0179438, 0.0112381, 0.00916329, 0.0124315, 0.0156098, 0.00902615, 0.0199798, 0.0183744, 0.0113713, 0.00994317, 0.0198361, 0.0154206, 0.0166533, 0.0101781, 0.0186237, 0.0130442, 0.0144221, 0.00895497, 0.0112695, 0.0109428, 0.00819292, 0.0158726, 0.0139676, 0.00786614, 0.0112386, 0.0164248, 0.0189797, 0.0101179, 0.0185848];
GivenLatency = [160.204, 206.049, 233.116, 140.525, 157.783, 215.413, 236.532, 166.311, 173.51, 278.316, 176.299, 241.95, 255.286, 136.546, 182.008, 174.925, 219.272, 140.227, 235.642, 380.223, 134.226, 173.12, 216.129, 130.521, 163.722, 205.114, 312.36, 159.905, 228.847, 252.664, 145.689, 260.044, 133.343, 232.035, 239.525, 139.468, 248.28, 324.35, 233.911, 176.367, 362.346, 116.597, 180.345, 211.397, 305.475, 156.629, 153.872, 165.369, 228.896, 154.495, 237.056, 215.212, 256.913, 261.366, 241.959, 358.284, 144.719, 227.25, 287.176, 202.566, 148.109, 159.221, 291.066, 129.117];
HighestPossibleCritFunctionValue = 1.1;
