NumDevices = 64;
NumSlotes = 512;


GivenBandwidthOld = [0.0130833, 0.0153987, 0.0116443, 0.0106877, 0.0138031, 0.0141726, 0.0147049, 0.01087, 0.0173254, 0.0132354, 0.0118234, 0.0109771, 0.0170307, 0.0103469, 0.0158637, 0.0163459, 0.010981, 0.0120278, 0.0158929, 0.0173919, 0.0106535, 0.0089556, 0.0117951, 0.0157852, 0.0174017, 0.0157884, 0.0112932, 0.0105284, 0.0164253, 0.0148853, 0.0130177, 0.0137569, 0.0170701, 0.0115221, 0.017398, 0.0139874, 0.0105184, 0.00798962, 0.0164856, 0.00773978, 0.0174237, 0.0150041, 0.00825602, 0.0138675, 0.0162514, 0.0121624, 0.00874805, 0.0135147, 0.0171233, 0.0168694, 0.00925302, 0.0104697, 0.00937464, 0.014513, 0.015186, 0.0158154, 0.0142894, 0.00767488, 0.016734, 0.0130952, 0.0156222, 0.00787054, 0.0152105, 0.0172717];
GivenLatency = [88.4653, 76.3887, 91.1905, 98.9228, 76.8618, 87.3078, 61.8375, 90.3701, 56.8434, 84.2233, 81.2946, 98.4742, 58.5903, 110.252, 65.6619, 74.2011, 97.5149, 99.8727, 57.7602, 63.4721, 93.9971, 126.2, 80.8159, 73.7085, 55.3007, 61.3945, 87.6087, 94.4981, 57.1792, 74.0592, 71.4, 85.7507, 65.4405, 100.338, 55.3133, 67.6675, 117.728, 148.581, 64.4501, 139.458, 54.9497, 64.0818, 119.859, 89.5076, 76.1624, 79.8367, 122.234, 79.4232, 60.4673, 69.8703, 123.337, 110.545, 106.174, 84.3346, 61.1836, 62.9379, 80.4873, 147.463, 62.562, 87.3236, 68.9374, 137.599, 81.0943, 68.177];
HighestPossibleCritFunctionValue = 1.1;
