NumDevices = 16;
NumSlotes = 128;


GivenBandwidthOld = [0.0420035, 0.0532522, 0.0690218, 0.0699751, 0.0509302, 0.0433806, 0.0380904, 0.045074, 0.0594376, 0.067684, 0.0646255, 0.0613343, 0.0661686, 0.0363571, 0.033779, 0.0632712];
GivenLatency = [21.7122, 15.9231, 12.8164, 13.888, 19.154, 22.5376, 26.3433, 22.2387, 14.5287, 12.0376, 17.0376, 16.9543, 15.3347, 30.528, 22.9081, 13.4357];
HighestPossibleCritFunctionValue = 1.1;
