NumDevices = 64;
NumSlotes = 512;


GivenBandwidthOld = [0.0116894, 0.0188722, 0.0145695, 0.0114026, 0.011538, 0.0113058, 0.00839784, 0.00995164, 0.0122576, 0.019051, 0.00784478, 0.0147513, 0.0178416, 0.0181813, 0.0158823, 0.0139699, 0.00950914, 0.0126206, 0.0197734, 0.0107158, 0.0179982, 0.0140333, 0.0123615, 0.015148, 0.0105689, 0.0115162, 0.0199018, 0.0188855, 0.0128246, 0.00999143, 0.018404, 0.00820213, 0.00827185, 0.0174378, 0.00756783, 0.00995021, 0.0131089, 0.0134846, 0.0153978, 0.00860363, 0.0187326, 0.018427, 0.0192787, 0.00945695, 0.0104929, 0.00927189, 0.0126444, 0.0190363, 0.00998748, 0.0146255, 0.0156452, 0.0170952, 0.0121975, 0.00828149, 0.0169479, 0.010484, 0.0087575, 0.0173641, 0.0191614, 0.0132454, 0.0199458, 0.00826154, 0.0191496, 0.0146221];
GivenLatency = [273.21, 169.306, 184.031, 252.751, 214.845, 236.22, 282.562, 307.436, 211.45, 116.827, 304.801, 155.909, 129.505, 124.524, 164.934, 180.318, 308.409, 181.167, 116.911, 229.776, 184.387, 168.718, 213.21, 159.336, 245.863, 215.851, 154.5, 168.107, 192.243, 314.672, 179.989, 351.593, 310.361, 150.379, 323.901, 268.792, 175.366, 213.05, 184.456, 263.803, 176.268, 153.68, 138.202, 339.243, 315.119, 271.402, 220.748, 135.85, 237.363, 160.799, 167.668, 148.802, 272.721, 280.903, 170.625, 270.471, 339.72, 155.097, 130.194, 168.504, 138.306, 275.013, 127.524, 183.825];
HighestPossibleCritFunctionValue = 1.1;
