NumDevices = 128;
NumSlotes = 1024;


GivenBandwidthOld = [0.00622692, 0.00837113, 0.00605651, 0.00423429, 0.00815368, 0.00642064, 0.004259, 0.00846004, 0.00546384, 0.00823733, 0.00729706, 0.00424479, 0.00464942, 0.00532693, 0.00723405, 0.00521811, 0.00819696, 0.00381107, 0.00519605, 0.00759807, 0.00820193, 0.00739431, 0.0086544, 0.00697949, 0.00672259, 0.00399586, 0.00598183, 0.00413205, 0.004845, 0.0074248, 0.00602915, 0.00435151, 0.00827669, 0.00387684, 0.00562508, 0.00830798, 0.00478295, 0.00459823, 0.00490587, 0.00551627, 0.00449277, 0.00747221, 0.00800821, 0.00642411, 0.00747333, 0.00678194, 0.00663955, 0.00840811, 0.0075454, 0.00803331, 0.00832509, 0.00722988, 0.00513884, 0.00595748, 0.00485481, 0.00725228, 0.00656247, 0.00790775, 0.00813957, 0.00426338, 0.00713752, 0.00785911, 0.0055185, 0.00693224, 0.00768162, 0.00752431, 0.0085792, 0.00807297, 0.00497913, 0.00679281, 0.00428607, 0.00851978, 0.00452119, 0.0052233, 0.00549393, 0.00392296, 0.00563694, 0.00748607, 0.00584915, 0.00414004, 0.00418302, 0.00659303, 0.00648553, 0.0048427, 0.00868959, 0.00842353, 0.00681826, 0.00700576, 0.00833338, 0.00654501, 0.00444806, 0.00606246, 0.00431089, 0.00566214, 0.00601411, 0.00665417, 0.00406539, 0.00457013, 0.00768455, 0.00671245, 0.00871234, 0.00585257, 0.00665951, 0.0039224, 0.00635021, 0.00540435, 0.00835186, 0.00718675, 0.00524295, 0.00571733, 0.00857916, 0.00736398, 0.00397091, 0.00650667, 0.00517062, 0.00513575, 0.00400851, 0.00845152, 0.00713923, 0.00646155, 0.00680749, 0.00603287, 0.00692, 0.00698934, 0.00729553, 0.00850351, 0.00594502, 0.00541999];
GivenLatency = [175.817, 144.137, 177.83, 248.787, 117.788, 172.201, 258.719, 125.612, 220.337, 148.862, 139.876, 258.526, 210.919, 180.169, 162.784, 212.612, 156.704, 330.096, 203.101, 129.172, 120.125, 139.372, 119.12, 142.662, 165.888, 299.693, 174.84, 265.19, 256.721, 143.865, 203.535, 267.517, 148.802, 275.987, 220.17, 130.459, 207.453, 255.184, 201.853, 176.129, 213.546, 130.294, 154.609, 155.323, 144.1, 189.281, 174.805, 124.619, 166.132, 137.896, 128.342, 178.456, 249.92, 193.296, 203.689, 159.555, 175.698, 163.759, 136.972, 236.348, 148.974, 122.043, 229.64, 158.762, 142.837, 159.573, 137.335, 120.043, 228.808, 171.451, 245.061, 136.039, 212.348, 206.029, 218.773, 269.849, 185.968, 134.69, 180.124, 268.262, 274.566, 152.448, 157.927, 263.154, 137.2, 143.501, 177.972, 146.459, 139.394, 195.218, 250.189, 181.472, 244.653, 210.41, 213.892, 190.466, 258.445, 253.566, 131.364, 155.643, 118.287, 167.52, 171.764, 305.397, 166.851, 195.704, 117.064, 150.57, 181.961, 198.229, 125.117, 150.935, 304.516, 153.76, 203.095, 210.042, 288.404, 135.1, 158.119, 180.293, 154.124, 204.504, 158.8, 140.847, 162.503, 127.364, 183.327, 200.85];
HighestPossibleCritFunctionValue = 1.1;
