NumDevices = 16;
NumSlotes = 128;


GivenBandwidthOld = [0.030517, 0.0142762, 0.0308663, 0.0346169, 0.0209828, 0.0237365, 0.0292012, 0.0243559, 0.0144827, 0.0249052, 0.0223651, 0.0306063, 0.0155766, 0.0104609, 0.0305917, 0.0203242];
GivenLatency = [11.4151, 28.8511, 12.2811, 11.0754, 21.3829, 14.7442, 20.1043, 14.2751, 42.1283, 12.9612, 18.7386, 14.417, 20.7197, 56.2883, 11.8138, 24.0512];
HighestPossibleCritFunctionValue = 1.1;
