NumDevices = 32;
NumSlotes = 256;


GivenBandwidthOld = [0.0132126, 0.00838126, 0.00889801, 0.00639413, 0.0112171, 0.0091174, 0.00622286, 0.00754871, 0.0162553, 0.0101162, 0.00616821, 0.0140585, 0.0143993, 0.0159719, 0.0105259, 0.0160034, 0.0146265, 0.0100844, 0.00853776, 0.0141887, 0.0143675, 0.00737352, 0.00917806, 0.0132135, 0.0117914, 0.0104233, 0.0170086, 0.00783721, 0.0149747, 0.0131158, 0.00646096, 0.0093524];
GivenLatency = [45.3617, 66.6496, 68.2028, 48.8084, 34.3266, 34.5445, 71.5153, 57.0834, 35.4401, 49.8141, 103.265, 32.4023, 32.0865, 20.5168, 38.7759, 28.6541, 30.3799, 31.6481, 46.1329, 34.1548, 42.7018, 58.3455, 38.5751, 44.0245, 47.7036, 48.1117, 21.419, 47.2399, 26.0765, 40.2923, 51.4121, 44.3225];
HighestPossibleCritFunctionValue = 1.1;
