NumDevices = 16;
NumSlotes = 128;


GivenBandwidthOld = [0.0345493, 0.0508565, 0.0452587, 0.043113, 0.0600534, 0.0572935, 0.0313567, 0.0328578, 0.0613845, 0.0697523, 0.0672813, 0.0566603, 0.0301549, 0.0333081, 0.0685604, 0.0346893];
GivenLatency = [28.1996, 21.4054, 17.8895, 19.6464, 13.5318, 14.9155, 27.1922, 28.749, 14.2232, 11.9974, 13.2616, 16.0778, 36.0326, 27.4477, 12.1387, 24.5372];
HighestPossibleCritFunctionValue = 1.1;
