NumDevices = 128;
NumSlotes = 1024;


GivenBandwidthOld = [0.00528554, 0.00523653, 0.00668536, 0.00702119, 0.00755111, 0.00774817, 0.00716136, 0.00726072, 0.00844089, 0.00597335, 0.00909968, 0.00956067, 0.00747298, 0.00707346, 0.00481761, 0.00963013, 0.00614721, 0.00618861, 0.00828296, 0.008017, 0.00666962, 0.00507834, 0.00418888, 0.00494811, 0.00919884, 0.00740597, 0.0059318, 0.00454946, 0.00909083, 0.00459278, 0.0058699, 0.00792777, 0.00709672, 0.00833995, 0.00947623, 0.00704058, 0.00861042, 0.00532323, 0.00746519, 0.00742968, 0.00437803, 0.00910295, 0.00830271, 0.00856348, 0.00384239, 0.00658614, 0.00820361, 0.00548844, 0.00922847, 0.00545894, 0.00720821, 0.00714478, 0.00982271, 0.00532356, 0.00689611, 0.00534954, 0.00591875, 0.0039009, 0.00864137, 0.00669436, 0.00830916, 0.00451959, 0.00698659, 0.00735245, 0.00640208, 0.00857167, 0.00398529, 0.00820943, 0.00970291, 0.00439078, 0.00451059, 0.00572234, 0.00910789, 0.00384229, 0.00491379, 0.00729461, 0.00929869, 0.00429497, 0.00683969, 0.00723558, 0.00459238, 0.00541143, 0.00866844, 0.00554973, 0.00814624, 0.00387909, 0.00468703, 0.00872957, 0.00794535, 0.00880972, 0.00498026, 0.00577854, 0.00986693, 0.00471922, 0.00589679, 0.00978364, 0.00494417, 0.00536968, 0.0068919, 0.00971073, 0.00454953, 0.00388663, 0.00632972, 0.00488108, 0.00755165, 0.00436882, 0.00426122, 0.00831307, 0.00783838, 0.00459265, 0.00991145, 0.00918029, 0.0081924, 0.00462241, 0.00380122, 0.00836369, 0.00850181, 0.00492884, 0.00400627, 0.00461994, 0.00603243, 0.00829181, 0.00671263, 0.00921211, 0.00547139, 0.00387346, 0.00993147, 0.00820463];
GivenLatency = [925.914, 791.323, 603.378, 583.242, 584.636, 433.902, 479.126, 467.103, 532.658, 748.398, 388.64, 432.757, 504.148, 534.728, 1023.71, 399.224, 788.413, 695.18, 592.119, 491.764, 575.44, 811.39, 931.42, 938.807, 441.401, 490.617, 607.708, 765.286, 497.314, 890.506, 585.017, 624.716, 529.328, 556.565, 420.587, 563.844, 516.435, 786.975, 563.642, 535.585, 805.782, 459.502, 597.915, 445.64, 893.473, 710.563, 499.832, 755.384, 533.083, 663.794, 479.277, 620.202, 376.595, 786.61, 592.709, 835.531, 826.917, 904.409, 416.588, 600.325, 588.011, 1019.75, 500.015, 495.028, 679.145, 563.267, 996.342, 490.696, 348.218, 888.852, 880.734, 584.008, 385.296, 1000.11, 818.427, 659.215, 514.978, 832.044, 494.886, 588.391, 825.501, 669.119, 420.74, 738.266, 421.288, 970.25, 817.077, 496.871, 522.678, 392.37, 680.243, 681.838, 489.291, 711.324, 799.366, 379.331, 737.451, 896.235, 538.383, 510.217, 1015.16, 930.051, 647.389, 738.968, 651.089, 810.067, 1004.42, 540.055, 611.374, 802.837, 381.785, 448.895, 417.936, 917.945, 1295.01, 494.309, 559.894, 681.787, 971.723, 850.342, 562.731, 483.316, 676.921, 378.591, 739.707, 1151.54, 458.319, 608.019];
HighestPossibleCritFunctionValue = 1.1;
