NumDevices = 64;
NumSlotes = 512;


GivenBandwidthOld = [0.00697188, 0.00515309, 0.00541484, 0.00478126, 0.00614586, 0.00351839, 0.00609221, 0.00794398, 0.00573492, 0.00310797, 0.0081329, 0.00583697, 0.00576247, 0.00351937, 0.00375987, 0.00844484, 0.00485449, 0.00568908, 0.00769559, 0.0059831, 0.00551807, 0.00849337, 0.00805401, 0.00503363, 0.00404377, 0.00489089, 0.00486333, 0.00419581, 0.00399472, 0.00545269, 0.00328509, 0.00380753, 0.00318245, 0.00360911, 0.00584767, 0.00431851, 0.00363506, 0.00447904, 0.00805257, 0.0058141, 0.00263247, 0.00393829, 0.00704851, 0.00562312, 0.00527821, 0.00838932, 0.00303937, 0.00515443, 0.00295484, 0.00318322, 0.00419632, 0.00626489, 0.00406575, 0.0055191, 0.00702365, 0.00648545, 0.00477731, 0.00846911, 0.00664253, 0.00716728, 0.00790021, 0.00758923, 0.00594755, 0.00805652];
GivenLatency = [80.7773, 63.5915, 63.7501, 67.0565, 54.7228, 89.6987, 81.9036, 54.6225, 55.9478, 127.465, 43.6061, 53.3198, 107.325, 115.894, 88.6867, 40.9207, 116.128, 54.6432, 56.3706, 52.2356, 83.3466, 60.5152, 77.2569, 74.8716, 103.967, 77.0963, 122.704, 144.489, 104.96, 101.952, 94.8225, 163.527, 153.687, 123.437, 58.6022, 81.8593, 121.994, 69.4696, 78.3808, 65.4678, 176.602, 95.309, 47.087, 57.388, 73.9476, 48.3785, 101.989, 76.4176, 144.686, 103.518, 99.8345, 56.137, 76.4279, 106.238, 71.9931, 57.7416, 100.162, 36.9226, 82.0042, 53.1977, 58.7308, 53.3809, 62.7175, 79.5725];
HighestPossibleCritFunctionValue = 1.1;
