NumDevices = 32;
NumSlotes = 256;


GivenBandwidthOld = [0.0105993, 0.0127303, 0.0152198, 0.00667028, 0.014891, 0.00525337, 0.0134326, 0.0064235, 0.0173078, 0.0116576, 0.0112761, 0.0128082, 0.0122563, 0.0112069, 0.0114699, 0.00793353, 0.00887762, 0.013707, 0.00552951, 0.0169686, 0.0108502, 0.0164188, 0.00755691, 0.0164656, 0.00793085, 0.0137909, 0.0159517, 0.00771901, 0.0158898, 0.00539135, 0.00741622, 0.0144035];
GivenLatency = [38.0346, 25.2757, 22.5329, 73.8249, 22.9518, 62.2061, 25.6154, 73.1972, 19.4042, 27.3197, 54.6296, 49.1084, 29.6728, 55.1867, 27.5608, 71.5439, 67.5707, 23.6127, 90.6572, 31.5904, 41.4679, 36.3161, 62.509, 27.6287, 40.4177, 33.5114, 19.9613, 68.3701, 20.5926, 93.3348, 72.9662, 22.0462];
HighestPossibleCritFunctionValue = 1.1;
