NumDevices = 32;
NumSlotes = 256;


GivenBandwidthOld = [0.0278859, 0.0277106, 0.0226062, 0.0331469, 0.0305846, 0.0259231, 0.0201632, 0.0334851, 0.0341262, 0.0296084, 0.0182352, 0.0289265, 0.016936, 0.0328317, 0.032354, 0.0232389, 0.0255557, 0.0247987, 0.0210557, 0.0326301, 0.0234797, 0.0339008, 0.0206869, 0.0153949, 0.0313321, 0.0284439, 0.0259376, 0.0236709, 0.0260256, 0.0216636, 0.030564, 0.0195406];
GivenLatency = [33.2162, 31.9885, 37.8979, 29.888, 27.2536, 34.9583, 44.0595, 31.3957, 31.0892, 28.1894, 50.8995, 32.0193, 49.3784, 29.1181, 32.6982, 49.6033, 34.4777, 35.0572, 49.8708, 28.8206, 41.8909, 31.5701, 56.3283, 59.3623, 30.6386, 37.0721, 40.2825, 41.2452, 41.5104, 48.6349, 29.7544, 54.6798];
HighestPossibleCritFunctionValue = 1.1;
