NumDevices = 16;
NumSlotes = 128;


GivenBandwidthOld = [0.0581331, 0.0627199, 0.0526746, 0.0726353, 0.0520844, 0.052004, 0.0514431, 0.0738401, 0.0513932, 0.0349852, 0.066916, 0.0763956, 0.0510285, 0.055673, 0.0657164, 0.0655166];
GivenLatency = [27.1027, 29.8142, 25.6427, 18.8261, 33.3474, 34.0579, 33.1043, 21.4161, 29.4451, 47.1025, 25.6957, 21.0853, 37.418, 31.9789, 21.417, 21.7304];
HighestPossibleCritFunctionValue = 1.1;
