NumDevices = 16;
NumSlotes = 128;


GivenBandwidthOld = [0.0129818, 0.0255451, 0.0264273, 0.0284608, 0.0300615, 0.0339243, 0.0308354, 0.0154494, 0.0230184, 0.0346551, 0.0131112, 0.0250443, 0.0340601, 0.0135335, 0.023138, 0.0200001];
GivenLatency = [25.0923, 19.4029, 16.6537, 14.0663, 17.7302, 9.16014, 10.8285, 23.2169, 14.6372, 13.7944, 44.6744, 20.9335, 10.0192, 33.868, 23.5563, 23.3874];
HighestPossibleCritFunctionValue = 1.1;
