NumDevices = 64;
NumSlotes = 512;


GivenBandwidthOld = [0.00645743, 0.00869895, 0.00694388, 0.00321335, 0.0043129, 0.00312887, 0.0031371, 0.00397018, 0.00558217, 0.00452583, 0.00688667, 0.00432954, 0.00780618, 0.00845295, 0.00378268, 0.00432555, 0.00327636, 0.0070184, 0.00574515, 0.00617255, 0.00833523, 0.00643418, 0.00558706, 0.00543265, 0.0040966, 0.00522395, 0.00265041, 0.00547973, 0.00790621, 0.00849397, 0.00571264, 0.00358264, 0.00475198, 0.00776212, 0.00548749, 0.00696966, 0.00540656, 0.00310518, 0.00501987, 0.00393646, 0.00762903, 0.00606006, 0.00511693, 0.00391797, 0.00308735, 0.00532999, 0.0037031, 0.00430981, 0.00739715, 0.00266259, 0.00384336, 0.00535376, 0.00321064, 0.00870948, 0.00266325, 0.00870773, 0.00463304, 0.00874629, 0.00261151, 0.00790648, 0.00675372, 0.00732461, 0.00850943, 0.00292425];
GivenLatency = [51.8748, 43.7673, 89.5044, 186.345, 96.4469, 149.768, 125.571, 80.5951, 91.1144, 74.917, 78.9678, 109.668, 45.7447, 37.813, 98.125, 106.546, 122.236, 46.1068, 61.939, 61.7758, 64.038, 55.1548, 62.145, 112.811, 103.902, 59.5229, 129.774, 89.6845, 41.4719, 36.3401, 57.875, 100.192, 95.9274, 78.3181, 64.3754, 71.6323, 86.8739, 111.47, 94.7551, 96.3394, 67.5523, 67.9114, 80.2027, 135.783, 118.456, 113.689, 154.388, 95.6732, 47.6323, 229.153, 114.501, 78.4873, 113.5, 66.6609, 168.61, 57.7015, 98.5548, 39.4921, 180.079, 54.9044, 63.9553, 55.247, 62.9724, 134.069];
HighestPossibleCritFunctionValue = 1.1;
