NumDevices = 128;
NumSlotes = 1024;


GivenBandwidthOld = [0.00274528, 0.00430248, 0.00434486, 0.00412571, 0.00212341, 0.0024459, 0.00393762, 0.00333201, 0.00298292, 0.00144036, 0.00376472, 0.00364166, 0.00420291, 0.00261042, 0.00340982, 0.00136505, 0.00357477, 0.00173742, 0.00265605, 0.00147662, 0.00383863, 0.00214105, 0.00216122, 0.00361315, 0.00312218, 0.00131092, 0.00330002, 0.00273133, 0.00417104, 0.0014405, 0.00300592, 0.00369769, 0.002027, 0.00411969, 0.00392446, 0.00406304, 0.00192642, 0.00424875, 0.00130815, 0.00356505, 0.00402299, 0.00368844, 0.00289655, 0.00293362, 0.00407926, 0.00266813, 0.00130192, 0.0020567, 0.00322535, 0.00410549, 0.00279673, 0.00334261, 0.00300276, 0.00371341, 0.00378172, 0.00189234, 0.00323658, 0.00222302, 0.0016387, 0.0029014, 0.00314707, 0.00411327, 0.00227852, 0.00323603, 0.00236104, 0.00268347, 0.00291494, 0.002687, 0.0028659, 0.00343585, 0.0012908, 0.00263977, 0.00284168, 0.00268317, 0.00415382, 0.00256047, 0.00134817, 0.0042395, 0.00208828, 0.00268475, 0.00263698, 0.00284077, 0.00290636, 0.00225786, 0.00288672, 0.00342917, 0.00161423, 0.00409453, 0.00307033, 0.00180323, 0.00247011, 0.00133046, 0.00351324, 0.00205502, 0.00306336, 0.00336147, 0.00431312, 0.00182111, 0.0030122, 0.00292078, 0.00391825, 0.00279245, 0.00325016, 0.00228873, 0.00288937, 0.00406877, 0.00139102, 0.00261096, 0.00301357, 0.00414538, 0.00143312, 0.0039847, 0.00403938, 0.00415964, 0.00360556, 0.00356957, 0.00196721, 0.00232119, 0.00160869, 0.00162243, 0.00434981, 0.00286905, 0.00332271, 0.00292668, 0.00306712, 0.0041437, 0.00136099, 0.00408391];
GivenLatency = [157.51, 96.7769, 130.675, 78.0104, 274.858, 144.467, 85.9449, 161.424, 155.467, 365.012, 162.535, 167.044, 124.287, 183.853, 120.708, 288.561, 118.473, 231.615, 198.579, 368.077, 136.439, 276.276, 233.113, 96.7048, 155.597, 262.586, 182.886, 125.779, 146.899, 404.039, 153.486, 124.442, 171.518, 89.5207, 142.749, 105.046, 256.115, 123.969, 423.687, 103.181, 116.693, 91.6831, 203.609, 127.076, 116.558, 203.455, 255.733, 264.859, 105.414, 78.7851, 209.536, 162.006, 114.078, 97.344, 121.925, 209.122, 188.841, 161.065, 297.272, 183.969, 169.379, 98.6857, 217.027, 129.465, 155.701, 191.238, 198.284, 184.545, 136.424, 158.781, 314.397, 211.775, 216.903, 163.686, 158.29, 123.023, 358.466, 94.6875, 280.628, 132.26, 139.386, 136.459, 212.086, 169.258, 148.335, 96.714, 248.751, 138.312, 112.399, 225.223, 148.961, 292.001, 102.467, 183.987, 108.027, 133.339, 87.2502, 185.706, 216.249, 108.397, 160.029, 156.932, 122.827, 157.964, 118.199, 95.7555, 381.978, 125.602, 124.192, 144.935, 252.736, 155.629, 80.3068, 92.0557, 99.5163, 174.319, 272.632, 148.688, 368.541, 206.795, 92.5259, 137.38, 145.694, 180.319, 150.35, 75.4217, 335.67, 133.981];
HighestPossibleCritFunctionValue = 1.1;
