NumDevices = 32;
NumSlotes = 256;


GivenBandwidthOld = [0.0188363, 0.0159088, 0.0392389, 0.0226224, 0.0242375, 0.0203018, 0.0224119, 0.0365911, 0.0209951, 0.025413, 0.0259645, 0.0205789, 0.0291579, 0.0176083, 0.0280595, 0.0311884, 0.0181489, 0.0379502, 0.0395268, 0.0369709, 0.0304664, 0.034062, 0.0154703, 0.0191285, 0.0284142, 0.016654, 0.0382417, 0.0379378, 0.0312718, 0.0203511, 0.026206, 0.0292416];
GivenLatency = [112.586, 138.93, 53.6268, 80.2461, 96.4697, 110.357, 99.4347, 47.2232, 82.7771, 69.1576, 92.7397, 116.294, 82.4695, 94.9805, 65.4706, 54.1919, 125.679, 52.6771, 55.6325, 52.6141, 69.9491, 53.482, 113.136, 111.695, 58.847, 119.226, 51.3174, 59.8949, 61.3491, 99.0195, 77.7419, 80.9604];
HighestPossibleCritFunctionValue = 1.1;
