NumDevices = 16;
NumSlotes = 128;


GivenBandwidthOld = [0.0493704, 0.0683632, 0.040879, 0.0332741, 0.058534, 0.0409046, 0.0641549, 0.0314602, 0.0519181, 0.0471679, 0.0517159, 0.0499214, 0.0485136, 0.0687031, 0.0335447, 0.0458997];
GivenLatency = [17.5248, 11.9989, 23.7431, 24.4089, 18.5241, 22.8107, 16.8575, 27.4331, 20.1, 23.0817, 15.323, 15.7103, 17.0461, 13.5513, 23.7231, 20.794];
HighestPossibleCritFunctionValue = 1.1;
