NumDevices = 64;
NumSlotes = 512;


GivenBandwidthOld = [0.0079269, 0.00612858, 0.00676305, 0.0078859, 0.00455555, 0.00645121, 0.0042355, 0.00862441, 0.00422469, 0.00809578, 0.0070816, 0.00552769, 0.00757468, 0.00516568, 0.00458688, 0.00787149, 0.00616248, 0.00785296, 0.00712505, 0.00446591, 0.00596909, 0.00748329, 0.00672076, 0.00324242, 0.00534715, 0.00446467, 0.00395436, 0.00846224, 0.00357004, 0.00542865, 0.00563202, 0.00492548, 0.00510474, 0.00531706, 0.00507849, 0.00785447, 0.00750758, 0.00864252, 0.00862257, 0.00445771, 0.00575493, 0.00804401, 0.00574048, 0.00275732, 0.00855337, 0.00405418, 0.00490464, 0.0048529, 0.00388607, 0.00441042, 0.00471365, 0.00729471, 0.00595561, 0.0059101, 0.00354246, 0.00430501, 0.00799421, 0.00626077, 0.00348414, 0.00549894, 0.00573832, 0.00396209, 0.00716186, 0.0043697];
GivenLatency = [42.0466, 80.1669, 60.3691, 44.3238, 84.3751, 56.0694, 151.328, 46.765, 96.0356, 50.84, 85.8293, 71.2649, 44.3105, 75.7954, 98.606, 58.5558, 85.9979, 40.3891, 67.0468, 107.306, 82.9695, 63.6666, 53.5309, 98.0847, 94.6349, 110.559, 86.5837, 58.9059, 141.729, 107.298, 63.0615, 106.699, 74.3121, 62.6774, 67.2762, 62.6599, 47.4967, 59.1324, 66.0779, 77.0186, 55.9992, 60.7632, 64.7268, 137.978, 64.4966, 155.957, 123.406, 122.905, 109.134, 98.8303, 103.909, 87.931, 52.5256, 108.379, 103.389, 87.7734, 41.8962, 96.1728, 130.204, 116.296, 80.7484, 121.767, 89.2527, 102.708];
HighestPossibleCritFunctionValue = 1.1;
