NumDevices = 128;
NumSlotes = 1024;


GivenBandwidthOld = [0.00547415, 0.00661155, 0.00409982, 0.00812061, 0.0042723, 0.00709529, 0.00925743, 0.00454834, 0.00890366, 0.00878948, 0.00850699, 0.00440294, 0.00894113, 0.00725776, 0.00863255, 0.00854261, 0.00932083, 0.0077239, 0.00561961, 0.0076123, 0.00494125, 0.00626356, 0.0054392, 0.00661942, 0.00509584, 0.00457364, 0.00923156, 0.0073329, 0.0090718, 0.00978082, 0.00751211, 0.00859986, 0.00902901, 0.00927027, 0.00789862, 0.00465842, 0.00912495, 0.00931417, 0.00821486, 0.00718016, 0.00439238, 0.00641569, 0.00600353, 0.00380427, 0.00958331, 0.0067342, 0.00923741, 0.00567808, 0.00897539, 0.00805886, 0.0039886, 0.00760927, 0.00404451, 0.00978704, 0.0058227, 0.00838212, 0.00571873, 0.00473215, 0.00441922, 0.00759874, 0.00821175, 0.00488896, 0.00867045, 0.00807091, 0.00652897, 0.00987463, 0.00918879, 0.00724737, 0.00903232, 0.00868092, 0.00892679, 0.00998454, 0.00644756, 0.00410869, 0.00726308, 0.00430039, 0.0040797, 0.00749797, 0.00846115, 0.0091105, 0.00385794, 0.00534042, 0.00892673, 0.00898516, 0.00989412, 0.00553158, 0.00925779, 0.00450396, 0.0068601, 0.00644451, 0.00917971, 0.00470507, 0.00566696, 0.00952201, 0.00770237, 0.006154, 0.00775169, 0.00381492, 0.00735373, 0.0091723, 0.00509983, 0.00916226, 0.00509375, 0.00685542, 0.00908392, 0.00713582, 0.00927722, 0.00593062, 0.00974009, 0.00422315, 0.00598924, 0.00740443, 0.00494336, 0.00438171, 0.00841782, 0.00574846, 0.00441217, 0.00782967, 0.008318, 0.0094395, 0.0083486, 0.004943, 0.00452435, 0.00583273, 0.00816275, 0.00641516, 0.00958616, 0.00464846];
GivenLatency = [886.49, 555.287, 1070.01, 566.701, 969.479, 480.024, 417.683, 930.122, 538.832, 498.208, 580.446, 1077.88, 546.886, 511.618, 400.866, 530.727, 427.934, 502.796, 734.053, 576.474, 764.633, 594.567, 812.995, 646.787, 861.554, 796.099, 436.52, 635.056, 478.659, 443.376, 570.947, 549.181, 465.185, 493.17, 572.274, 975.551, 373.041, 420.466, 459.14, 465.756, 1083.43, 622.746, 682.94, 1198.41, 352.293, 533.628, 393.517, 675.313, 496.787, 494.01, 1043.77, 474.774, 1125.15, 490.824, 683.792, 470.45, 594.328, 769.336, 967.997, 445.34, 440.695, 798.862, 554.287, 511.289, 556.924, 480.854, 507.487, 486.998, 484.581, 470.008, 426.536, 364.888, 761.369, 1048.59, 593.107, 969.005, 928.568, 472.742, 434.705, 402.979, 875.51, 824.46, 557.696, 389.074, 423.452, 816.216, 511.841, 764.515, 709.266, 692.425, 518.143, 845.154, 650.229, 426.685, 632.584, 691.035, 531.082, 1010.87, 610.951, 363.69, 771.103, 401.082, 738.741, 628.707, 383.159, 491.097, 369.456, 697.89, 468.861, 1182.17, 635.417, 630.625, 728.264, 1078.32, 573.033, 652.709, 782.911, 460.122, 520.444, 394.884, 570.795, 905.43, 737.748, 840.757, 458.471, 556.011, 436.248, 872.45];
HighestPossibleCritFunctionValue = 1.1;
