NumDevices = 128;
NumSlotes = 1024;


GivenBandwidthOld = [0.00478797, 0.00396406, 0.00648534, 0.00665189, 0.00573336, 0.00813367, 0.00515948, 0.00780307, 0.00867311, 0.00645498, 0.00630299, 0.0069178, 0.00501722, 0.00686514, 0.00495922, 0.00708256, 0.00401593, 0.00826152, 0.00391573, 0.00410857, 0.00516183, 0.00729176, 0.00507928, 0.00489062, 0.00411538, 0.00462705, 0.00439296, 0.00494549, 0.00638033, 0.00663136, 0.00581823, 0.0044262, 0.00856555, 0.00870408, 0.00702984, 0.00805023, 0.00772627, 0.00786717, 0.00604523, 0.00471742, 0.00825237, 0.00509079, 0.00834395, 0.00423568, 0.00654384, 0.00485811, 0.0077711, 0.00629707, 0.00727642, 0.00732516, 0.00648364, 0.00809789, 0.00866328, 0.00622999, 0.00496541, 0.00616724, 0.00531414, 0.00723062, 0.00750971, 0.00813537, 0.00874142, 0.00446306, 0.00808779, 0.00403001, 0.00491786, 0.00696107, 0.00719086, 0.00420547, 0.00382982, 0.005212, 0.00552044, 0.0044494, 0.00851456, 0.00662907, 0.00732032, 0.00504632, 0.00598567, 0.00870515, 0.00498901, 0.00781268, 0.00525911, 0.0073249, 0.00702492, 0.00536229, 0.0065332, 0.00595658, 0.00480642, 0.00402399, 0.00376106, 0.0046071, 0.00395082, 0.00391909, 0.00569036, 0.00535881, 0.00797529, 0.00812578, 0.00755707, 0.00411243, 0.005031, 0.00851029, 0.0050165, 0.00485507, 0.00667336, 0.0066013, 0.00557624, 0.00730584, 0.00681196, 0.00608708, 0.00812758, 0.00780274, 0.00807542, 0.00602507, 0.00593037, 0.0042907, 0.00624217, 0.00459151, 0.00700314, 0.00427679, 0.0074511, 0.00818809, 0.00480733, 0.00433969, 0.0046625, 0.00510829, 0.00744673, 0.00477284, 0.00458566, 0.00861484];
GivenLatency = [218.104, 264.399, 174.277, 151.237, 220.752, 117.531, 224.894, 144.842, 132.651, 159.712, 183.656, 153.538, 200.788, 185.762, 203.602, 149.993, 264.406, 147.754, 279.816, 233.621, 190.639, 133.874, 214.122, 203.175, 299.831, 231.967, 275.115, 192.653, 158.054, 152.446, 165, 259.968, 111.98, 116.195, 179.591, 134.689, 162.759, 131.565, 188.66, 225.763, 146.86, 212.866, 149.918, 237.122, 176.764, 230.834, 130.982, 164.73, 149.153, 165.788, 163.722, 139.697, 123.059, 180.233, 215.895, 159.912, 185.163, 141.506, 161.366, 155.25, 112.533, 238.516, 148.638, 318.718, 245.087, 154.612, 166.074, 306.09, 323.016, 189.552, 211.407, 248.273, 131.968, 164.099, 146.725, 190.879, 180.259, 128.367, 223.897, 158.247, 203.654, 149.386, 175.083, 196.774, 145.893, 202.426, 247.312, 264.745, 270.043, 210.773, 305.995, 329.013, 209.238, 184.167, 131.488, 124.037, 151.671, 312.256, 220.15, 120.294, 254.228, 210.508, 151.81, 159.274, 208.219, 155.601, 161.367, 184.93, 119.313, 125.778, 126.825, 175.054, 161.368, 250.44, 160.447, 237.967, 175.783, 244.49, 164.828, 157.335, 249.747, 224.887, 227.771, 212.365, 147.699, 252.992, 255.34, 119.189];
HighestPossibleCritFunctionValue = 1.1;
