NumDevices = 8;
NumSlotes = 64;


GivenBandwidthOld = [0.148253, 0.12759, 0.150065, 0.0875432, 0.0782346, 0.128658, 0.101331, 0.109983];
GivenLatency = [8.47623, 11.0881, 7.95044, 14.2093, 18.0744, 11.9982, 14.924, 14.4372];
HighestPossibleCritFunctionValue = 1.1;
