NumDevices = 64;
NumSlotes = 512;


GivenBandwidthOld = [0.017403, 0.0105658, 0.0095303, 0.0182978, 0.0110933, 0.0126883, 0.0193936, 0.0164047, 0.0190434, 0.0172765, 0.0089917, 0.0159758, 0.0107507, 0.0167991, 0.00926957, 0.0111108, 0.00753901, 0.0131684, 0.0132582, 0.0098466, 0.00933838, 0.0176144, 0.0129352, 0.0185798, 0.0130838, 0.0161149, 0.010672, 0.018933, 0.0120049, 0.00838232, 0.0116535, 0.0160433, 0.00789951, 0.0094987, 0.012099, 0.0158756, 0.0129352, 0.0194221, 0.0198382, 0.0131377, 0.0103924, 0.00800693, 0.0149873, 0.00905914, 0.0119687, 0.012819, 0.0167224, 0.00890979, 0.0142861, 0.0110209, 0.0087586, 0.0107306, 0.0163215, 0.00809017, 0.0139097, 0.0106163, 0.00888311, 0.0159871, 0.0133819, 0.0139302, 0.0174502, 0.0151214, 0.0124958, 0.0087423];
GivenLatency = [163.501, 313.46, 236.586, 125.222, 294.893, 176.934, 123.648, 173.374, 136.364, 152.372, 297.725, 170.911, 209.102, 188.599, 342.326, 283.165, 376.217, 203.769, 175.611, 288.783, 338.584, 159.238, 249.049, 174.815, 184.562, 154.394, 214.411, 148.219, 203.573, 391.087, 263.494, 150.218, 363.419, 291.511, 268.704, 158.428, 175.12, 168.169, 115.878, 232.381, 302.059, 317.083, 164.295, 346.845, 211.389, 213.092, 174.061, 295.433, 159.313, 243.129, 351.385, 231.915, 172.988, 306.264, 190.22, 279.497, 325.225, 152.775, 248.618, 205.079, 182.996, 153.882, 210.382, 332.143];
HighestPossibleCritFunctionValue = 1.1;
