NumDevices = 32;
NumSlotes = 256;


GivenBandwidthOld = [0.0272896, 0.0265815, 0.0257504, 0.0174892, 0.0308827, 0.015594, 0.0182911, 0.0287422, 0.0207186, 0.0280821, 0.0262218, 0.0192732, 0.0340777, 0.0347383, 0.0157789, 0.0259633, 0.0348293, 0.0259125, 0.0215539, 0.0264837, 0.0223779, 0.0347957, 0.0213819, 0.0162349, 0.0291679, 0.015273, 0.0230141, 0.028008, 0.0205643, 0.0344518, 0.0220287, 0.0259011];
GivenLatency = [33.019, 33.0198, 42.6647, 50.2947, 35.3802, 57.955, 60.4356, 29.4437, 45.272, 35.4631, 34.3903, 50.6362, 25.1111, 24.9444, 55.1242, 43.5374, 27.3772, 39.5649, 45.2598, 33.7636, 45.7196, 28.4928, 50.2901, 64.0904, 28.6178, 73.9328, 40.6857, 35.2578, 42.7691, 32.7741, 46.0789, 35.967];
HighestPossibleCritFunctionValue = 1.1;
