NumDevices = 64;
NumSlotes = 512;


GivenBandwidthOld = [0.00290652, 0.00363964, 0.00651317, 0.00802537, 0.0049674, 0.00339942, 0.00649962, 0.00530513, 0.00453203, 0.00480697, 0.00698673, 0.00465299, 0.00660606, 0.00686711, 0.00679494, 0.00630695, 0.00470834, 0.0055381, 0.00759695, 0.00445259, 0.00724792, 0.00706922, 0.00355782, 0.00623069, 0.00418415, 0.00795894, 0.00713727, 0.00366915, 0.00870497, 0.00823343, 0.00802706, 0.00825821, 0.00576811, 0.00459082, 0.00541857, 0.00487162, 0.0060922, 0.00790945, 0.00657443, 0.00649948, 0.00308919, 0.00500154, 0.00835506, 0.008435, 0.00826931, 0.00479945, 0.00552209, 0.00723617, 0.00327085, 0.00809851, 0.00296863, 0.0038439, 0.00825191, 0.00608698, 0.00757552, 0.00681933, 0.00367195, 0.00578895, 0.00486012, 0.00659325, 0.00398406, 0.00759613, 0.00310921, 0.00406403];
GivenLatency = [114.037, 107.653, 86.2661, 47.7186, 70.3837, 151.216, 63.8636, 75.8314, 68.3031, 69.4206, 63.5616, 107.521, 83.7611, 92.9935, 66.6867, 51.3319, 95.5105, 69.1443, 42.0779, 90.8085, 79.0691, 82.361, 142.066, 55.0291, 108.977, 41.4311, 48.8924, 148.57, 35.5019, 54.3863, 56.4064, 37.6052, 107.843, 111.456, 69.7736, 88.6697, 102.54, 41.6342, 82.4039, 57.035, 118.919, 66.5033, 37.3641, 73.9536, 45.6072, 113.225, 56.4118, 42.9983, 123.413, 46.8517, 215.446, 100.983, 60.3617, 86.1455, 41.058, 63.5469, 171.097, 102.867, 128.038, 69.5042, 84.4895, 58.3348, 101.134, 85.9095];
HighestPossibleCritFunctionValue = 1.1;
