NumDevices = 16;
NumSlotes = 128;


GivenBandwidthOld = [0.057857, 0.0720601, 0.0344271, 0.0367502, 0.0307901, 0.0595994, 0.0577833, 0.0339755, 0.0455696, 0.0584109, 0.0318206, 0.0792443, 0.0782613, 0.057958, 0.0705493, 0.042786];
GivenLatency = [24.0322, 22.8249, 40.1481, 37.2762, 46.3651, 32.6142, 34.1155, 50.7758, 31.843, 24.3634, 42.1334, 19.9279, 19.8109, 23.816, 24.2336, 40.4844];
HighestPossibleCritFunctionValue = 1.1;
