NumDevices = 128;
NumSlotes = 1024;


GivenBandwidthOld = [0.0049705, 0.0067365, 0.0078016, 0.0040186, 0.00808784, 0.00475109, 0.00415197, 0.00465743, 0.00492076, 0.00571489, 0.00763445, 0.00466771, 0.00772112, 0.00642375, 0.00644452, 0.00559298, 0.00874776, 0.00603848, 0.00628708, 0.0043929, 0.00391632, 0.00416118, 0.00453149, 0.00832588, 0.00553448, 0.00543255, 0.00733705, 0.00631957, 0.00557286, 0.00561045, 0.00734398, 0.00779231, 0.00777441, 0.00701984, 0.00488578, 0.00776852, 0.00809167, 0.00423236, 0.00570004, 0.00801686, 0.00689142, 0.00666475, 0.00689663, 0.00408459, 0.00715178, 0.00752903, 0.00784686, 0.00462187, 0.00725181, 0.00375097, 0.00504141, 0.00846749, 0.00556671, 0.00715786, 0.00469523, 0.00528706, 0.00705834, 0.00693896, 0.00554487, 0.00515565, 0.00859201, 0.00846718, 0.00536929, 0.00422813, 0.00475682, 0.00532095, 0.00666364, 0.00833291, 0.00868569, 0.00788583, 0.00464186, 0.00826191, 0.00547465, 0.00500961, 0.00398012, 0.00632807, 0.00832643, 0.00473152, 0.00509122, 0.00559735, 0.00714235, 0.0040004, 0.00721388, 0.00611906, 0.00548136, 0.00775628, 0.00735611, 0.00659961, 0.00712691, 0.00455368, 0.00612946, 0.00533853, 0.00725356, 0.00802288, 0.0080728, 0.00704738, 0.00773737, 0.00453238, 0.00818037, 0.00491406, 0.0081121, 0.00758069, 0.00620002, 0.00620331, 0.00652725, 0.00597092, 0.00576707, 0.00456437, 0.00588042, 0.00475704, 0.00415027, 0.00613031, 0.00468298, 0.00431549, 0.00790359, 0.00808734, 0.00648696, 0.00379765, 0.00455154, 0.00519371, 0.00814205, 0.00596603, 0.00861089, 0.00570632, 0.00857345, 0.00650145, 0.00732679, 0.00382092];
GivenLatency = [229.623, 172.292, 131.688, 297.378, 157.299, 238.679, 263.523, 264.853, 208.798, 208.408, 153.196, 253.141, 125.865, 187.762, 200.132, 189.427, 108.936, 162.526, 156.556, 246.295, 286.223, 263.941, 214.26, 119.928, 196.039, 198.134, 135.041, 154.726, 206.418, 171.025, 141.273, 131.264, 131.367, 137.7, 200.144, 132.526, 121.529, 239.488, 188.454, 121.274, 147.292, 159.575, 176.263, 245.452, 140.793, 126.98, 156.177, 217.502, 159.3, 260.42, 201.504, 134.867, 178.737, 143.616, 224.226, 193.717, 144.022, 174.467, 187.434, 244.133, 144.724, 115.43, 198.162, 240.785, 244.834, 199.97, 161.856, 147.351, 124.637, 154.379, 235.455, 119.556, 191.66, 251.018, 297.007, 196.854, 138.655, 203.21, 190.483, 189.958, 163.984, 307.563, 142.319, 176.082, 190.824, 146.989, 165.482, 160.926, 139.997, 253.973, 171.687, 181.629, 149.629, 160.966, 123.999, 148.467, 153.63, 257.526, 153.476, 200.916, 153.917, 126.177, 192.561, 204.976, 162.389, 177.593, 167.949, 246.635, 182.711, 248.747, 261.761, 209.733, 241.81, 294.944, 138.122, 159.763, 167.589, 309.146, 261.702, 217.726, 137.575, 166.712, 139.521, 200.33, 132.176, 147.8, 152.824, 295.699];
HighestPossibleCritFunctionValue = 1.1;
