NumDevices = 128;
NumSlotes = 1024;


GivenBandwidthOld = [0.00398933, 0.00747929, 0.00691767, 0.00525157, 0.00940528, 0.008219, 0.00802918, 0.00514433, 0.00704037, 0.00502858, 0.00541026, 0.00774442, 0.00671368, 0.00804224, 0.00594434, 0.00899604, 0.00513999, 0.00910106, 0.00769865, 0.00618407, 0.00684306, 0.00755076, 0.00810041, 0.00857266, 0.00823005, 0.00616772, 0.00715242, 0.00693084, 0.00791401, 0.00699396, 0.00628443, 0.00611856, 0.00580209, 0.00570463, 0.00522792, 0.00560477, 0.00816537, 0.00659643, 0.00618124, 0.0092782, 0.0099991, 0.0073097, 0.00666277, 0.00868508, 0.00397582, 0.00540932, 0.00437827, 0.00676633, 0.00548522, 0.00511471, 0.00912461, 0.00977402, 0.00577075, 0.00397266, 0.00855853, 0.00814427, 0.0082735, 0.00527108, 0.00599416, 0.00877075, 0.00631567, 0.0062536, 0.00675792, 0.00787167, 0.00792693, 0.00535513, 0.00609897, 0.00794397, 0.00426209, 0.0041483, 0.00416036, 0.00692109, 0.0065473, 0.00545393, 0.00428204, 0.00821918, 0.00483758, 0.00764561, 0.00843269, 0.00565045, 0.00710726, 0.00413895, 0.00961761, 0.00814488, 0.00599293, 0.00695428, 0.00806121, 0.0060302, 0.00837531, 0.00381663, 0.00489763, 0.00445444, 0.00569566, 0.00437949, 0.00862732, 0.00811085, 0.00909337, 0.00982984, 0.00644273, 0.00413042, 0.00993961, 0.00750492, 0.00645705, 0.00747412, 0.00747659, 0.00524176, 0.00697741, 0.00929912, 0.00539017, 0.0075202, 0.00699806, 0.00634088, 0.00495313, 0.0059703, 0.00780414, 0.00416174, 0.00504278, 0.00649537, 0.00761996, 0.0086996, 0.00411765, 0.00780422, 0.00552543, 0.00593025, 0.00975023, 0.00578889, 0.00881092, 0.00638737];
GivenLatency = [1136.54, 568.098, 589.227, 841.341, 356.713, 464.602, 428.749, 952.232, 505.395, 670.695, 826.273, 496.946, 520.128, 518.183, 788.732, 473.65, 951.426, 382.05, 450.218, 765.979, 638.474, 483.412, 412.471, 459.715, 448.29, 735.549, 685.992, 565.377, 425.952, 504.351, 554.81, 610.212, 737.954, 757.247, 695.804, 717.719, 424.61, 566.635, 684.142, 392.602, 376.084, 547.415, 634.061, 443.215, 903.674, 902.407, 859.07, 530.282, 744.887, 807.469, 494.567, 402.341, 605.635, 1180.9, 447.573, 601.525, 568.795, 748.286, 780.173, 467.802, 532.347, 742.736, 535.991, 583.962, 459, 708.06, 745.022, 549.517, 787.194, 1178.26, 872.28, 708.334, 527.869, 670.809, 1162.27, 595.864, 853.643, 594.269, 408.695, 603.118, 479.136, 872.105, 355.102, 419.561, 683.603, 504.918, 429.469, 664.895, 492.171, 1279.37, 877.777, 769.86, 818.845, 853.61, 387.449, 494.299, 490.57, 347.897, 627.051, 1048.71, 341.712, 533.569, 639.588, 564.794, 551.142, 897.299, 561.658, 382.087, 694.673, 502.979, 565.328, 578.469, 799.479, 612.784, 505.66, 824.693, 873.727, 589.967, 652.781, 444.547, 1023.78, 638.322, 857.461, 570.772, 507.169, 627.138, 408.719, 596.811];
HighestPossibleCritFunctionValue = 1.1;
