NumDevices = 16;
NumSlotes = 128;


GivenBandwidthOld = [0.0782091, 0.0306025, 0.055654, 0.0471546, 0.0474262, 0.0623658, 0.0525131, 0.0569059, 0.0381738, 0.0575564, 0.0710885, 0.0542913, 0.0439792, 0.077827, 0.0591541, 0.0737058];
GivenLatency = [22.6159, 53.983, 27.4193, 37.7098, 28.8442, 28.8212, 28.2772, 25.3706, 45.5843, 23.4532, 20.3642, 24.6124, 37.6078, 18.7462, 28.5793, 25.7214];
HighestPossibleCritFunctionValue = 1.1;
