NumDevices = 16;
NumSlotes = 128;


GivenBandwidthOld = [0.0397577, 0.0780053, 0.0545389, 0.0550543, 0.0669158, 0.0743255, 0.0592835, 0.0480653, 0.0527565, 0.0485823, 0.0422338, 0.0436543, 0.0683514, 0.0523591, 0.0688782, 0.0566218];
GivenLatency = [38.1645, 18.8332, 26.604, 27.7811, 27.0201, 25.5913, 28.4512, 27.9456, 33.7491, 35.6616, 37.4829, 37.1249, 20.7432, 34.7552, 23.2987, 28.2874];
HighestPossibleCritFunctionValue = 1.1;
