NumDevices = 16;
NumSlotes = 128;


GivenBandwidthOld = [0.030679, 0.0426223, 0.0536676, 0.0517201, 0.0392323, 0.0376885, 0.0498849, 0.035805, 0.0351756, 0.0556502, 0.0527937, 0.0432716, 0.0464382, 0.0672882, 0.0522524, 0.0654091];
GivenLatency = [35.6428, 21.4847, 16.5823, 17.0381, 21.2158, 27.4454, 18.7198, 22.1897, 24.9458, 16.5537, 19.2499, 17.8596, 17.321, 13.4053, 21.0608, 13.7911];
HighestPossibleCritFunctionValue = 1.1;
