NumDevices = 32;
NumSlotes = 256;


GivenBandwidthOld = [0.0164475, 0.0233933, 0.0208939, 0.0331679, 0.0226211, 0.0234948, 0.0271519, 0.0325121, 0.0213342, 0.033356, 0.0236491, 0.0205603, 0.0262936, 0.0257393, 0.0302712, 0.0175759, 0.0282154, 0.0266793, 0.0292385, 0.0216804, 0.033118, 0.0246291, 0.0310587, 0.0340491, 0.0328017, 0.0281995, 0.0182942, 0.0201616, 0.0266175, 0.030161, 0.0267615, 0.0306783];
GivenLatency = [64.4783, 46.6351, 42.6547, 34.1109, 42.5117, 43.5845, 41.2027, 29.7904, 48.3418, 32.7065, 43.2889, 50.8257, 36.2351, 38.7188, 36.7093, 61.5976, 31.3545, 38.0121, 31.5327, 49.8555, 30.7983, 41.2281, 34.9291, 34.2094, 25.4215, 41.1103, 45.8959, 57.9124, 33.6883, 37.8292, 43.7577, 27.9691];
HighestPossibleCritFunctionValue = 1.1;
