NumDevices = 16;
NumSlotes = 128;


GivenBandwidthOld = [0.0312202, 0.0334298, 0.0194629, 0.0279599, 0.0117648, 0.0205963, 0.0268897, 0.0253558, 0.019161, 0.028615, 0.0223131, 0.0314206, 0.0267739, 0.0288751, 0.0189475, 0.0151425];
GivenLatency = [16.4338, 9.54253, 19.3444, 11.6348, 26.7551, 25.5146, 19.6153, 16.0292, 24.1128, 12.5949, 18.3032, 11.1497, 20.2075, 12.6496, 24.7799, 37.6555];
HighestPossibleCritFunctionValue = 1.1;
