NumDevices = 128;
NumSlotes = 1024;


GivenBandwidthOld = [0.0058954, 0.00645151, 0.0081094, 0.00717104, 0.00619561, 0.00711722, 0.00654406, 0.00853588, 0.0050085, 0.00535007, 0.00614642, 0.00530537, 0.00478448, 0.00530394, 0.00577103, 0.00619702, 0.00585107, 0.00646349, 0.0044557, 0.00446606, 0.00863589, 0.00582691, 0.00545627, 0.00598162, 0.00561946, 0.00871261, 0.00542211, 0.00697019, 0.00542385, 0.00610948, 0.00454742, 0.00595718, 0.0048916, 0.00559086, 0.00811332, 0.00804684, 0.00580446, 0.00801098, 0.00808848, 0.00561593, 0.00451329, 0.00741189, 0.00408665, 0.00684072, 0.00444048, 0.0086505, 0.00648135, 0.00446971, 0.00483692, 0.00659953, 0.00573503, 0.00621574, 0.00550093, 0.00670582, 0.00726422, 0.00722639, 0.00642303, 0.0043518, 0.00826808, 0.0040743, 0.00425339, 0.00430937, 0.00508012, 0.0041037, 0.00831553, 0.00667243, 0.00596504, 0.00688699, 0.00721066, 0.00700664, 0.00808729, 0.00566401, 0.00759922, 0.00765191, 0.00813234, 0.00766704, 0.00740759, 0.00686949, 0.00808134, 0.00555638, 0.00854344, 0.00708334, 0.00718939, 0.00463959, 0.00512812, 0.00589037, 0.00696735, 0.00767857, 0.00628296, 0.00516502, 0.00601513, 0.00872989, 0.00584232, 0.0043742, 0.00471538, 0.00392638, 0.00824426, 0.00873712, 0.00727607, 0.00640659, 0.00800443, 0.00790706, 0.00638076, 0.00399821, 0.00536514, 0.0043819, 0.00405498, 0.00451315, 0.00502754, 0.0054418, 0.00790128, 0.00438454, 0.00844779, 0.00447043, 0.00709215, 0.0053066, 0.00555301, 0.00687082, 0.00539033, 0.0077061, 0.0039583, 0.00469789, 0.00487196, 0.00561063, 0.0053362, 0.00797716, 0.00457922, 0.00543152];
GivenLatency = [200.333, 169.4, 152.658, 153.855, 162.852, 173.294, 190.513, 119.344, 226.767, 197.889, 172.202, 222.089, 248.239, 188.817, 185.948, 202.793, 198.609, 199.554, 249.52, 245.441, 133.823, 167.172, 186.64, 180.861, 181.595, 114.824, 193.689, 161.813, 185.902, 181.563, 227.469, 171.57, 240.104, 177.721, 129.058, 138.757, 223.193, 132.683, 132.896, 189.504, 250.112, 150.972, 241.816, 169.679, 288.705, 124.445, 159.643, 224.479, 257.734, 181.882, 189.115, 163.032, 214.773, 147.618, 162.642, 166.851, 157.758, 240.608, 116.251, 253.461, 262.096, 248.377, 213.865, 311.122, 125.236, 166.961, 187.664, 176.058, 150.097, 154.866, 128.378, 207.131, 147.531, 130.203, 130.543, 127.898, 167.411, 158.047, 135.547, 178.659, 134.951, 137.951, 134.084, 227.206, 201.456, 163.293, 178.307, 150.425, 183.181, 191.281, 184.691, 124.716, 189.759, 283.969, 217.996, 281.924, 126.492, 124.24, 140.192, 187.236, 128.873, 129.777, 163.186, 258.62, 241.121, 246.619, 264.054, 250.535, 234.987, 181.673, 158.662, 254.702, 129.998, 238.798, 144.548, 199.57, 197.619, 175.637, 181.216, 142.496, 243.845, 252.761, 214.24, 181.779, 183.467, 142.025, 240.87, 195.571];
HighestPossibleCritFunctionValue = 1.1;
