NumDevices = 128;
NumSlotes = 1024;


GivenBandwidthOld = [0.00712718, 0.00394126, 0.00818656, 0.00401624, 0.00839726, 0.00532768, 0.00487704, 0.00596489, 0.00448062, 0.00828694, 0.00603822, 0.00693123, 0.00572153, 0.0042182, 0.00784376, 0.00759784, 0.00440114, 0.00738288, 0.00648573, 0.00812942, 0.00864141, 0.00865662, 0.00423441, 0.00527095, 0.00633847, 0.00816681, 0.00708023, 0.00498458, 0.00826601, 0.00427709, 0.00751664, 0.00470609, 0.00779607, 0.00605108, 0.00792924, 0.00425204, 0.00660413, 0.00817218, 0.00739137, 0.00424481, 0.00498462, 0.0040904, 0.00481, 0.00420326, 0.00661774, 0.00683302, 0.00511697, 0.00837389, 0.007467, 0.00529104, 0.00404838, 0.0085827, 0.00696836, 0.00471936, 0.00574366, 0.00619133, 0.00517312, 0.00713811, 0.00772147, 0.00720454, 0.00420098, 0.00835211, 0.0064947, 0.00390305, 0.00611087, 0.00795777, 0.00376214, 0.00786543, 0.00674522, 0.00446537, 0.00704938, 0.00636615, 0.00833505, 0.00468707, 0.00802667, 0.00668001, 0.00845526, 0.00509442, 0.00445631, 0.00468515, 0.00581431, 0.00858624, 0.00639977, 0.00848269, 0.00610303, 0.00604412, 0.00605455, 0.0062697, 0.0073054, 0.00435961, 0.00448984, 0.00818374, 0.00656062, 0.00678428, 0.00589826, 0.00457637, 0.00751865, 0.00841156, 0.00566907, 0.00748993, 0.00581314, 0.00393888, 0.00827873, 0.00810383, 0.00851859, 0.00450749, 0.00481839, 0.00522993, 0.00692585, 0.00526592, 0.0067704, 0.0076509, 0.0061031, 0.00722457, 0.00589913, 0.00422044, 0.0055048, 0.00664203, 0.00510391, 0.0039232, 0.00472586, 0.00506117, 0.00562776, 0.00819472, 0.00609005, 0.00791472, 0.0051805, 0.00610835];
GivenLatency = [161.715, 246.234, 151.518, 237.939, 138.688, 240.839, 232.524, 192.188, 271.813, 122.31, 160.395, 137.659, 186.887, 243.19, 138.173, 131.218, 227.495, 138.791, 194.215, 128.053, 119.489, 129.442, 280.744, 207.036, 186.305, 158.562, 138.272, 239.205, 152.63, 246.359, 134.921, 209.051, 145.806, 176.064, 153.422, 262.736, 169.585, 135.42, 136.984, 252.629, 224.166, 315.79, 247.927, 308.543, 151.998, 160.793, 213.251, 147.365, 140.405, 208.768, 266.929, 149.258, 166.79, 251.055, 184.916, 173.459, 241.155, 176.235, 123.72, 165.788, 235.193, 144.778, 198.574, 301.385, 183.829, 141.852, 287.734, 151.582, 168.684, 241.789, 180.837, 151.518, 128.717, 263.025, 151.222, 154.931, 145.107, 236.904, 215.47, 229.587, 208.036, 146.313, 165.468, 118.586, 160.028, 187.541, 201.057, 187.474, 160.383, 266.81, 240.443, 128.081, 166.028, 155.851, 175.482, 228.979, 151.52, 147.209, 225.927, 164.069, 186.409, 263.268, 153.821, 129.936, 124.051, 285.66, 251.639, 243.347, 146.364, 188.758, 189.042, 147.707, 208.538, 161.724, 213.812, 282.188, 212.682, 174.704, 250.074, 314.602, 222.184, 197.898, 216.509, 125.24, 211.686, 145.535, 188.819, 161.93];
HighestPossibleCritFunctionValue = 1.1;
