NumDevices = 64;
NumSlotes = 512;


GivenBandwidthOld = [0.0168235, 0.0197009, 0.0180947, 0.00935116, 0.0199848, 0.0151588, 0.0171289, 0.0158944, 0.0174687, 0.0139709, 0.0135817, 0.00967546, 0.00793323, 0.0138364, 0.0159426, 0.0155843, 0.0180125, 0.0156576, 0.0126907, 0.00959065, 0.0076384, 0.00853872, 0.0152191, 0.0172998, 0.0122527, 0.011604, 0.00887137, 0.0185396, 0.0122937, 0.0125592, 0.0125969, 0.00937232, 0.0131635, 0.0186421, 0.0107774, 0.0157867, 0.019734, 0.0117076, 0.012031, 0.0103854, 0.014761, 0.0174402, 0.0107629, 0.00941988, 0.0124379, 0.0112749, 0.015181, 0.0138958, 0.0133877, 0.0117527, 0.0197737, 0.017159, 0.00812656, 0.0130598, 0.0143158, 0.00993583, 0.00895604, 0.0165845, 0.0162657, 0.00814276, 0.0104348, 0.0078705, 0.00942499, 0.0108104];
GivenLatency = [196.61, 119.499, 142.26, 257.783, 135.662, 168.054, 132.906, 196.728, 156.651, 193.597, 202.811, 269.77, 366.06, 236.022, 192.852, 208.01, 160.033, 192.637, 189.188, 318.245, 358.265, 362.886, 169.117, 157.455, 265.204, 229.587, 300.22, 133.793, 197.909, 241.547, 195.966, 318.316, 224.849, 163.994, 283.411, 186.501, 154.897, 218.27, 205.134, 286.449, 204.219, 150.132, 292.335, 292.437, 220.941, 257.144, 185.125, 239.421, 187.518, 234.326, 124.3, 131.985, 292.222, 216.384, 203.476, 272.381, 270.346, 146.074, 190.264, 274.341, 242.498, 301.062, 245.685, 281.274];
HighestPossibleCritFunctionValue = 1.1;
