NumDevices = 64;
NumSlotes = 512;


GivenBandwidthOld = [0.0142014, 0.00772771, 0.0145791, 0.0154572, 0.0139548, 0.0138833, 0.0117154, 0.0160752, 0.0116805, 0.00989647, 0.0149472, 0.0129231, 0.0140584, 0.0149968, 0.0164376, 0.0110951, 0.0111827, 0.0132345, 0.017438, 0.0153148, 0.0115562, 0.00929895, 0.0123876, 0.0140343, 0.00968324, 0.0111576, 0.0115482, 0.0164207, 0.01699, 0.0153046, 0.0093214, 0.00982604, 0.0111742, 0.00975408, 0.0117449, 0.0107233, 0.0116201, 0.0141738, 0.0145726, 0.0174375, 0.0167721, 0.0141143, 0.0134216, 0.0120091, 0.0126117, 0.00916258, 0.0105477, 0.0103438, 0.0140148, 0.0116533, 0.011282, 0.0107688, 0.0162218, 0.0146784, 0.0147756, 0.00809282, 0.0110361, 0.00881891, 0.0144886, 0.0142651, 0.00897178, 0.0137534, 0.00843929, 0.0140745];
GivenLatency = [67.7794, 129.886, 63.7017, 78.2772, 70.8117, 73.6223, 100.454, 72.956, 82.4323, 92.4117, 78.5635, 70.7887, 71.2382, 62.6728, 65.5249, 84.543, 90.1166, 71.9115, 69.7315, 80.2813, 92.536, 100.107, 76.9566, 75.3532, 94.4684, 108.278, 94.4299, 68.1874, 64.337, 61.2555, 127.966, 110.209, 106.09, 99.0055, 103.033, 93.7205, 97.0886, 75.3726, 85.1678, 57.2563, 71.8861, 76.677, 79.8725, 101.713, 93.0384, 134.187, 102.686, 115.552, 89.1706, 91.2642, 97.2434, 98.5984, 62.3965, 75.8296, 78.1847, 113.854, 84.4865, 128.224, 73.9057, 85.7739, 104.379, 75.456, 133.186, 73.6991];
HighestPossibleCritFunctionValue = 1.1;
