NumDevices = 32;
NumSlotes = 256;


GivenBandwidthOld = [0.0172632, 0.0321288, 0.0191997, 0.0186184, 0.0289164, 0.0276889, 0.016594, 0.0259162, 0.02406, 0.0261825, 0.0198441, 0.0299393, 0.0202003, 0.0156724, 0.0156998, 0.0162207, 0.031689, 0.0262907, 0.0182564, 0.025249, 0.0298619, 0.019519, 0.0265392, 0.0150967, 0.0201121, 0.0337262, 0.026163, 0.0318713, 0.0316049, 0.0328957, 0.028206, 0.0279167];
GivenLatency = [55.3022, 26.183, 55.5546, 55.6722, 29.8691, 34.7703, 50.4386, 33.1064, 36.1738, 34.1066, 42.7038, 35.9389, 43.9752, 57.961, 53.8097, 54.6739, 29.1828, 40.2634, 48.5067, 36.3156, 35.0828, 53.8032, 40.7411, 76.7703, 57.5065, 32.7754, 35.5283, 29.4962, 30.3871, 25.3433, 33.7441, 34.1731];
HighestPossibleCritFunctionValue = 1.1;
