NumDevices = 128;
NumSlotes = 1024;


GivenBandwidthOld = [0.00985086, 0.00963567, 0.00539008, 0.00611522, 0.00599875, 0.00476795, 0.00615476, 0.0080118, 0.00677471, 0.00877104, 0.00484739, 0.00380371, 0.00646965, 0.00663602, 0.0091398, 0.00894399, 0.00543336, 0.00856436, 0.00613364, 0.00939039, 0.00809215, 0.00733902, 0.00559964, 0.00939916, 0.00550451, 0.00429481, 0.00408251, 0.00479493, 0.00955991, 0.00708652, 0.0056005, 0.00509689, 0.00962198, 0.00658225, 0.00530886, 0.00976416, 0.00881034, 0.00916819, 0.00483236, 0.00749007, 0.00691704, 0.00715173, 0.00791346, 0.00401075, 0.00500675, 0.00726716, 0.00419239, 0.0077265, 0.00550935, 0.00442476, 0.00702274, 0.00866604, 0.00889542, 0.0078054, 0.0065378, 0.00824909, 0.0074993, 0.00573701, 0.00561211, 0.00647877, 0.00989497, 0.00725601, 0.00418774, 0.00467705, 0.00972487, 0.00464851, 0.00500087, 0.00829504, 0.00478986, 0.00573962, 0.00579074, 0.00867984, 0.00950792, 0.00833148, 0.00466462, 0.00694399, 0.00395122, 0.00441782, 0.00904719, 0.00855067, 0.00735061, 0.0066444, 0.00618193, 0.00847902, 0.00931926, 0.00629665, 0.0052925, 0.00984338, 0.00890734, 0.00821279, 0.00982322, 0.00760788, 0.0055993, 0.00989566, 0.00632167, 0.00701473, 0.00530459, 0.00679014, 0.00558257, 0.00378094, 0.0049468, 0.00583974, 0.00723136, 0.00867687, 0.00960929, 0.0057835, 0.00583936, 0.00718133, 0.00529586, 0.00996505, 0.00389356, 0.00403243, 0.00676031, 0.00430592, 0.00958959, 0.00601927, 0.00586852, 0.00967548, 0.00586181, 0.0095101, 0.0075846, 0.00808885, 0.00801235, 0.00988637, 0.00641266, 0.00507113, 0.0080087, 0.00474006];
GivenLatency = [422.349, 400.648, 683.94, 590.228, 587.065, 778.67, 664.887, 469.331, 662.882, 528.348, 782.978, 1031.84, 638.728, 533.547, 376.956, 482.388, 634.005, 421.706, 611.783, 466.621, 445.945, 638.521, 700.132, 397.199, 690.44, 847.933, 1022.9, 802.802, 396.953, 650.351, 636.435, 654.283, 385.432, 553.883, 695.478, 442.84, 461.471, 468.171, 899.826, 664.648, 519.675, 659.607, 584.202, 909.2, 716.491, 565.348, 1143.52, 443.428, 841.722, 831.915, 578.394, 560.606, 389.328, 455.754, 518.117, 603.784, 546.142, 601.771, 699.789, 644.426, 412.69, 502.039, 915.757, 766.7, 377.894, 803.806, 774.642, 495.982, 931.249, 809.026, 651.722, 518.61, 371.533, 551.366, 1014.8, 627.541, 1254.65, 796.059, 549.365, 465.993, 564.629, 680.211, 548.623, 472.922, 403.906, 575.121, 934.806, 344.755, 499.317, 605.104, 382.541, 462.84, 708.112, 468.044, 590.621, 635.477, 821.129, 538.058, 676.096, 1063.51, 846.447, 578.67, 570.967, 551.243, 406.092, 582.633, 711.415, 505.904, 832.364, 369.848, 1062.56, 869.265, 709.271, 806.949, 465.373, 599.516, 777.316, 369.486, 806.467, 402.533, 449.081, 442.457, 505.572, 430.046, 743.581, 931.647, 593.567, 812.67];
HighestPossibleCritFunctionValue = 1.1;
