NumDevices = 16;
NumSlotes = 128;


GivenBandwidthOld = [0.0603961, 0.0477115, 0.0565351, 0.0555523, 0.0378227, 0.0566157, 0.0596625, 0.0678126, 0.0460763, 0.0739053, 0.045824, 0.0345876, 0.0340059, 0.0563286, 0.0354642, 0.067434];
GivenLatency = [32.1194, 32.0547, 25.4314, 26.9959, 49.5426, 32.0067, 23.1046, 21.2443, 32.4709, 22.7717, 35.2636, 45.4382, 42.263, 29.8048, 42.0294, 28.7995];
HighestPossibleCritFunctionValue = 1.1;
