NumDevices = 128;
NumSlotes = 1024;


GivenBandwidthOld = [0.00876147, 0.00646429, 0.00400697, 0.00385621, 0.0076332, 0.00611537, 0.00860077, 0.00572195, 0.00881172, 0.00734785, 0.00398217, 0.00585802, 0.00821214, 0.00510755, 0.00754658, 0.00656477, 0.00534613, 0.00490594, 0.00669328, 0.00896073, 0.00545662, 0.00565155, 0.00678894, 0.00424536, 0.00432178, 0.00735432, 0.00654458, 0.00976002, 0.00791074, 0.00835328, 0.00860828, 0.00693854, 0.00605277, 0.00646688, 0.00390815, 0.00554269, 0.00853747, 0.00429367, 0.00997908, 0.00838574, 0.00405643, 0.00386294, 0.0082209, 0.00875048, 0.00937423, 0.00520194, 0.00646625, 0.00578263, 0.00994251, 0.00624926, 0.0088255, 0.00770941, 0.00582792, 0.00863919, 0.00768718, 0.00720992, 0.00459848, 0.00788184, 0.00381805, 0.00992057, 0.0062407, 0.00866956, 0.00547115, 0.00616953, 0.00621879, 0.00917333, 0.00985766, 0.00524467, 0.00594465, 0.0080282, 0.00745954, 0.00630061, 0.00927237, 0.00578198, 0.0052534, 0.00884433, 0.00537654, 0.00970377, 0.00624101, 0.00766048, 0.00850098, 0.00977353, 0.00377963, 0.00800386, 0.00462679, 0.00867192, 0.0077023, 0.00511637, 0.00580731, 0.0059668, 0.00519593, 0.005476, 0.00646721, 0.00942824, 0.006611, 0.00738882, 0.00508141, 0.00570101, 0.00690534, 0.00425633, 0.00737646, 0.00996275, 0.00892548, 0.00683015, 0.00930821, 0.00815546, 0.00889041, 0.00493611, 0.0074775, 0.00807014, 0.00613449, 0.00482544, 0.00997261, 0.00587283, 0.00713093, 0.008368, 0.00593725, 0.00869155, 0.00641731, 0.00830249, 0.00497465, 0.00511753, 0.00654311, 0.00381905, 0.00799193, 0.00412509, 0.00785615, 0.00954939];
GivenLatency = [508.364, 621.631, 1195.32, 1061.24, 606.668, 578.671, 447.627, 791.105, 389.724, 465.878, 1091.7, 720.361, 594.605, 753.845, 618.007, 535.902, 815.067, 750.776, 547.175, 407.092, 641.06, 802.629, 548.443, 950.48, 872.022, 551.871, 612.318, 449.891, 505.924, 582.877, 408.48, 639.403, 720.839, 520.399, 1190.28, 825.458, 462.89, 837.559, 417.206, 562.626, 859.858, 889.5, 552.985, 432.611, 396.127, 753.542, 658.956, 849.404, 378.136, 536.286, 485.748, 452.176, 638.29, 510.368, 572.078, 469.536, 780.844, 610.341, 1101.19, 502.981, 680.825, 409.772, 662.056, 562.229, 637.201, 377.414, 471.375, 901.396, 706.516, 452.392, 613.029, 679.247, 392.681, 738.104, 674.442, 416.907, 812.577, 497.284, 679.848, 478.846, 530.633, 391.953, 980.117, 523.196, 935.31, 405.198, 459.665, 974.055, 699.164, 585.956, 914.338, 621.119, 720.639, 435.777, 532.633, 584.966, 872.523, 612.514, 532.196, 962.041, 644.846, 405.555, 387.869, 639.185, 411.641, 455.211, 390.912, 877.869, 656.922, 539.655, 627.274, 945.73, 378.536, 569.287, 607.247, 570.647, 641.271, 552.888, 555.781, 401.681, 814.352, 829.899, 606.737, 1028.85, 504.735, 1034.94, 435.819, 364.325];
HighestPossibleCritFunctionValue = 1.1;
