NumDevices = 128;
NumSlotes = 1024;


GivenBandwidthOld = [0.00400626, 0.00452969, 0.00798731, 0.00771794, 0.0054033, 0.00948991, 0.00559827, 0.00514023, 0.0067727, 0.00631795, 0.00709342, 0.00907448, 0.00472404, 0.00569319, 0.00674776, 0.00586096, 0.00760988, 0.00798708, 0.00388121, 0.00896899, 0.0068983, 0.00472079, 0.00724147, 0.00988709, 0.00607694, 0.00639469, 0.00924832, 0.0078073, 0.00724037, 0.00386041, 0.00943063, 0.00928092, 0.00567291, 0.0095433, 0.0093175, 0.00800685, 0.00488705, 0.00783782, 0.00771597, 0.00988169, 0.00913884, 0.00520247, 0.00910485, 0.00903707, 0.00729706, 0.00667034, 0.00464621, 0.0038813, 0.00432467, 0.00601976, 0.0078477, 0.00504916, 0.00749544, 0.00954101, 0.00818576, 0.0055808, 0.00520616, 0.00867163, 0.00910538, 0.00544206, 0.00470874, 0.00482353, 0.009116, 0.00893342, 0.00894236, 0.00926617, 0.00785127, 0.00873653, 0.00609793, 0.00914544, 0.00987296, 0.0060322, 0.00450174, 0.00707239, 0.00566724, 0.00804531, 0.00759935, 0.00609001, 0.00721715, 0.00730302, 0.00681147, 0.00793373, 0.00719065, 0.00579018, 0.00554098, 0.00477248, 0.00737924, 0.00665042, 0.00730743, 0.00593184, 0.00513801, 0.0069825, 0.00736301, 0.00885982, 0.00952403, 0.00407753, 0.00859509, 0.00385294, 0.0088803, 0.00376619, 0.00717945, 0.00507637, 0.00852371, 0.00420074, 0.00441791, 0.00425724, 0.00399716, 0.007746, 0.00819307, 0.00973987, 0.00668372, 0.00453644, 0.00900249, 0.00728261, 0.00764495, 0.00986679, 0.00858335, 0.00660207, 0.00725117, 0.00420145, 0.00377735, 0.00718395, 0.00565948, 0.00889059, 0.00787731, 0.00895039, 0.00677276, 0.00722063];
GivenLatency = [850.953, 790.557, 600.363, 432.253, 859.814, 421.652, 748.31, 805.964, 519.224, 530.715, 501.076, 395.004, 829.362, 685.337, 602.507, 606.353, 446.654, 568.691, 1247.64, 483.954, 554.876, 740.683, 534.679, 483.765, 580.556, 558.262, 415.483, 511.077, 574.093, 1268.76, 430.201, 424.215, 637.087, 418.97, 383.038, 573.065, 695.403, 486.059, 631.654, 456.099, 414.699, 880.555, 541.616, 539.693, 666.867, 604.502, 822.007, 1083.82, 966.306, 767.168, 575.185, 960.878, 446.293, 387.431, 478.199, 863.807, 957.856, 496.175, 541.072, 788.158, 868.531, 1027.82, 429.482, 552.754, 519.522, 509.538, 636.605, 473.792, 650.709, 417.789, 413.578, 564.455, 1039.19, 618.842, 813.217, 619.107, 464.898, 670.694, 473.885, 473.878, 540.796, 538.706, 596.299, 704.883, 716.711, 895.603, 536.008, 747.285, 540.368, 708.066, 806.988, 502.932, 499.924, 454.719, 368.338, 936.162, 510.985, 990.504, 468.593, 1122.26, 576.394, 840.788, 434.543, 1028.9, 769.623, 912.573, 910.625, 588.499, 485.826, 446.454, 499.231, 776.25, 373.38, 491.93, 491.864, 464.499, 448.078, 538.447, 485.94, 812.829, 1133.74, 591.796, 701.073, 454.611, 529.424, 471.308, 684.299, 619.519];
HighestPossibleCritFunctionValue = 1.1;
