NumDevices = 16;
NumSlotes = 128;


GivenBandwidthOld = [0.0675633, 0.0372637, 0.0317415, 0.0598303, 0.0670773, 0.0686477, 0.0613844, 0.0671198, 0.0632309, 0.0612542, 0.0385965, 0.0317201, 0.0594485, 0.0507622, 0.0597039, 0.0637217];
GivenLatency = [15.9502, 26.8129, 27.5557, 13.4328, 11.5857, 16.0828, 18.055, 15.3542, 15.1204, 17.5315, 26.3629, 28.7828, 18.6791, 16.153, 15.7108, 15.3372];
HighestPossibleCritFunctionValue = 1.1;
