NumDevices = 128;
NumSlotes = 1024;


GivenBandwidthOld = [0.00163992, 0.00145589, 0.00220419, 0.00388226, 0.00410054, 0.00407452, 0.00417033, 0.00203136, 0.00231426, 0.00394157, 0.00407907, 0.00261349, 0.0018231, 0.00211569, 0.00407629, 0.00263601, 0.00208755, 0.00293817, 0.00248637, 0.00281393, 0.00184634, 0.00203425, 0.0039732, 0.00437379, 0.00283753, 0.00169269, 0.00398134, 0.00374459, 0.00284698, 0.0041157, 0.00248988, 0.00237384, 0.00210239, 0.00241697, 0.00206162, 0.00150168, 0.00307334, 0.00239117, 0.00270877, 0.00321946, 0.00201128, 0.00230982, 0.00422146, 0.00196967, 0.0029663, 0.00331735, 0.00342749, 0.00145859, 0.00397497, 0.00289105, 0.00418496, 0.00410292, 0.00344217, 0.00437352, 0.00140771, 0.00188027, 0.00349015, 0.00153422, 0.00313929, 0.00141549, 0.00138331, 0.00434088, 0.0028332, 0.00388111, 0.00359474, 0.00303901, 0.00360074, 0.00383803, 0.00137251, 0.00410851, 0.00355645, 0.00333573, 0.00292859, 0.00395684, 0.00140238, 0.00295458, 0.00322411, 0.00195673, 0.00431605, 0.00420075, 0.00393049, 0.00223435, 0.00144147, 0.00365366, 0.00265813, 0.00203051, 0.00369867, 0.00292888, 0.00248374, 0.00234954, 0.00312178, 0.00400697, 0.00330978, 0.00435817, 0.0026983, 0.00224979, 0.00153905, 0.00313825, 0.00274199, 0.00206035, 0.00201981, 0.00198544, 0.00248903, 0.00371268, 0.00404314, 0.0017819, 0.00346893, 0.0042211, 0.00208661, 0.00273679, 0.00216541, 0.00217645, 0.00340769, 0.00303634, 0.00244359, 0.00258894, 0.00171789, 0.00261701, 0.00156583, 0.00313727, 0.00180208, 0.00200485, 0.00370012, 0.00229872, 0.00211768, 0.00314686, 0.00363569, 0.00379042];
GivenLatency = [193.446, 373.084, 154.367, 87.6431, 85.7604, 88.5889, 114.768, 177.135, 172.219, 109.234, 124.947, 167.209, 229.078, 256.304, 93.7781, 183.559, 230.223, 136.239, 138.4, 116.594, 333.12, 258.296, 122.886, 96.3567, 151.285, 287.27, 108.611, 172.663, 125.033, 77.8501, 130.18, 260.609, 164.719, 250.418, 202.405, 329.198, 118.637, 181.384, 139.921, 97.9456, 217.591, 231.148, 125.816, 229.057, 129.773, 161.786, 105.05, 261.043, 136.247, 226.657, 85.5913, 77.1289, 188.871, 83.8238, 341.821, 253.555, 102.09, 219.039, 185.463, 312.505, 263.171, 146.812, 145.128, 130.573, 95.9529, 137.822, 94.1652, 85.7033, 255.956, 77.0031, 109.009, 123.092, 154.496, 106.423, 237.79, 125.759, 199.015, 301.257, 78.7208, 125.802, 126.333, 283.524, 246.285, 117.791, 182.918, 308.853, 86.4902, 135.994, 218.272, 248.484, 161.157, 83.9304, 105.67, 72.354, 144.634, 149.227, 208.003, 174.778, 124.875, 157.513, 291.115, 195.228, 203.1, 121.429, 117.347, 230.39, 132.137, 74.7001, 298.16, 124.681, 145.006, 236.421, 97.4697, 148.988, 224.674, 133.858, 262.306, 126.221, 214.759, 130.24, 198.628, 188.363, 90.133, 144.188, 152.515, 150.704, 109.218, 96.3431];
HighestPossibleCritFunctionValue = 1.1;
