NumDevices = 128;
NumSlotes = 1024;


GivenBandwidthOld = [0.00966855, 0.00811161, 0.00936092, 0.00650053, 0.00693509, 0.00427313, 0.00852236, 0.00657354, 0.00894172, 0.00467998, 0.00891825, 0.00399755, 0.00809152, 0.0091977, 0.00695755, 0.00673271, 0.00913639, 0.00775128, 0.00950084, 0.00815637, 0.005426, 0.00974591, 0.00828721, 0.00440968, 0.00966629, 0.00752527, 0.00472448, 0.00681554, 0.00744997, 0.0078794, 0.00655102, 0.00556513, 0.00444774, 0.00565941, 0.00772578, 0.00594388, 0.00751578, 0.00780031, 0.00855672, 0.00911366, 0.00699429, 0.00549924, 0.00945124, 0.00569084, 0.00477581, 0.00703124, 0.00772512, 0.00736267, 0.00937789, 0.00414221, 0.00818462, 0.00522159, 0.00553785, 0.00840923, 0.00512734, 0.00889663, 0.00937994, 0.00738038, 0.00707297, 0.00910971, 0.00937482, 0.00881556, 0.00936276, 0.00614273, 0.00582034, 0.00612837, 0.00820653, 0.00458326, 0.0082735, 0.00514507, 0.00698577, 0.00602507, 0.00954855, 0.00995108, 0.00651502, 0.00670335, 0.00945499, 0.00618299, 0.00754335, 0.00856052, 0.0041585, 0.00685622, 0.00379938, 0.00868877, 0.00962419, 0.00619885, 0.00534124, 0.00397721, 0.00992755, 0.00487142, 0.00764202, 0.0043765, 0.00832969, 0.00585202, 0.00731429, 0.00876014, 0.00914764, 0.00936463, 0.00639264, 0.00611483, 0.00573687, 0.00957343, 0.00946896, 0.00978609, 0.00862461, 0.00639855, 0.0054185, 0.00865894, 0.00839077, 0.00750379, 0.00613312, 0.00679797, 0.00591067, 0.00555587, 0.00496434, 0.00690516, 0.00744182, 0.00836129, 0.00575378, 0.0062332, 0.00765875, 0.00435182, 0.00599793, 0.00967471, 0.0054372, 0.00429043, 0.00553793, 0.0096613];
GivenLatency = [471.599, 600.519, 359.903, 544.768, 646.621, 1136.8, 419.046, 551.06, 501.032, 740.513, 395.92, 961.941, 465.422, 419.651, 584.357, 563.891, 426.184, 486.023, 364.386, 514.998, 666.895, 409.174, 525.613, 832.756, 430.539, 475.442, 871.389, 517.994, 563.147, 558.474, 522.214, 748.368, 1020.23, 699.969, 462.292, 594.731, 540.443, 477.61, 506.641, 393.186, 491.325, 663.686, 421.047, 623.278, 706.59, 609.808, 597.561, 545.733, 389.49, 823.216, 535.896, 699.986, 877.709, 411.32, 689.813, 376.423, 396.43, 544.711, 541.533, 407.45, 432.412, 558.737, 371.256, 578.115, 650.355, 563.012, 576.059, 1081.31, 571.548, 762.959, 663.794, 651.051, 461.127, 347.741, 587.433, 643.91, 356.355, 701.847, 614.946, 432.965, 865.738, 498.448, 1003.65, 478.083, 460.776, 588.89, 923.97, 926.387, 449.173, 753.788, 525.924, 881.625, 556.965, 807.937, 580.913, 449.574, 447.365, 438.111, 692.526, 755.417, 643.234, 400.581, 518.25, 500.235, 450.931, 605.643, 809.192, 407.085, 497.51, 606.245, 649.879, 621.484, 672.97, 874.592, 775.375, 627.147, 580.844, 531.469, 692.428, 665.165, 466.472, 1012.49, 693.978, 358.272, 726.362, 1113.54, 879.034, 453.24];
HighestPossibleCritFunctionValue = 1.1;
