NumDevices = 32;
NumSlotes = 256;


GivenBandwidthOld = [0.00500661, 0.0161318, 0.00969763, 0.00805837, 0.00707889, 0.00746231, 0.0140471, 0.0101727, 0.0173627, 0.00970034, 0.0161635, 0.0050684, 0.0171803, 0.00746399, 0.0173014, 0.0171743, 0.00647154, 0.012241, 0.0166461, 0.0153379, 0.0172135, 0.0149358, 0.00822973, 0.012049, 0.0142028, 0.0142639, 0.0158033, 0.0129106, 0.00856699, 0.0054675, 0.0122893, 0.0160597];
GivenLatency = [67.7414, 21.1146, 55.3195, 38.3505, 80.0673, 51.7579, 22.1901, 34.6891, 32.981, 44.3673, 19.4641, 69.8158, 18.5522, 45.0754, 34.9966, 21.8695, 60.843, 47.0722, 21.9833, 31.9288, 21.9202, 32.2778, 57.3409, 44.7959, 30.298, 38.0171, 38.7162, 45.3674, 54.8882, 60.7176, 48.5553, 37.0672];
HighestPossibleCritFunctionValue = 1.1;
