NumDevices = 16;
NumSlotes = 128;


GivenBandwidthOld = [0.0337191, 0.0567181, 0.0412217, 0.0327403, 0.0460866, 0.0368798, 0.0595641, 0.0331722, 0.0644831, 0.066754, 0.0341105, 0.0344897, 0.0484273, 0.0570788, 0.0634913, 0.0383622];
GivenLatency = [26.2742, 17.7594, 26.6776, 27.3467, 20.1287, 28.9498, 13.3979, 26.8923, 16.5787, 11.5619, 29.8693, 30.1567, 15.951, 15.585, 13.5133, 28.546];
HighestPossibleCritFunctionValue = 1.1;
