NumDevices = 128;
NumSlotes = 1024;


GivenBandwidthOld = [0.00495708, 0.00622381, 0.00615128, 0.00713037, 0.00762103, 0.0041717, 0.00624629, 0.00397486, 0.0079025, 0.0048078, 0.00722515, 0.00556094, 0.00525066, 0.00538715, 0.00440289, 0.00691384, 0.00841791, 0.00724547, 0.00713144, 0.00562669, 0.00526861, 0.00707475, 0.00781436, 0.00851958, 0.00607024, 0.004951, 0.00388316, 0.00673379, 0.00725127, 0.00462245, 0.00699607, 0.00553179, 0.00522583, 0.00810749, 0.00507948, 0.0083876, 0.00782987, 0.00419712, 0.0084449, 0.00600251, 0.00672396, 0.00710678, 0.00615102, 0.00764625, 0.00804531, 0.00510235, 0.00765321, 0.00498618, 0.00523669, 0.00559494, 0.00668562, 0.00768522, 0.00795593, 0.00787186, 0.00479252, 0.00531879, 0.00532718, 0.00640167, 0.00540567, 0.00558708, 0.00459282, 0.00407765, 0.00555438, 0.00493051, 0.00464469, 0.00578347, 0.0052935, 0.00541387, 0.00840815, 0.00833829, 0.00412663, 0.00870028, 0.00807475, 0.00478766, 0.00871265, 0.00594488, 0.00803675, 0.00608134, 0.00664504, 0.00573504, 0.00633603, 0.00723674, 0.00535962, 0.00671675, 0.00585883, 0.00682572, 0.00742756, 0.00741878, 0.00486006, 0.00548321, 0.0087363, 0.00850976, 0.00604107, 0.00468887, 0.00837776, 0.00745701, 0.00745303, 0.00553178, 0.00510519, 0.00545249, 0.00742344, 0.00829581, 0.00522291, 0.00394126, 0.00825214, 0.0063029, 0.00536986, 0.00381579, 0.00446649, 0.00584288, 0.0087145, 0.00717326, 0.0085421, 0.0046577, 0.00446894, 0.0069274, 0.00633336, 0.00731213, 0.00740964, 0.0062705, 0.00571757, 0.00764022, 0.00666456, 0.00379457, 0.00776688, 0.00542628, 0.00696274, 0.00522464];
GivenLatency = [200.59, 183.36, 208.372, 177.389, 126.035, 272.937, 175.554, 245.888, 130.728, 218.422, 165.095, 233.116, 244.626, 184.516, 272.604, 165.263, 141.461, 137.115, 142.989, 212.214, 228.352, 144.384, 146.806, 148.267, 204.888, 229.581, 302.648, 146.419, 134.618, 259.086, 161.408, 184.796, 231.869, 151.23, 191.428, 134.058, 130.415, 253.177, 119.889, 180.806, 157.864, 144.49, 170.409, 157.723, 155.065, 243.321, 163.619, 259.549, 227.756, 220.568, 150.576, 135.482, 150.959, 157.654, 215.331, 187.559, 181.108, 198.615, 234.711, 208.905, 229.174, 259.997, 190.609, 197.779, 257.22, 214.137, 214.407, 239.688, 122.014, 135.458, 269.606, 115.717, 159.032, 259.935, 115.848, 200.979, 139.867, 206.042, 174.973, 224.109, 156.646, 157.198, 207.126, 154.065, 197.147, 175.413, 141.204, 134.343, 200.65, 175.086, 122.09, 117.009, 211.809, 226.949, 152.3, 132.731, 132.178, 226.639, 215.561, 222.91, 156.163, 149.519, 226.835, 327.064, 141.398, 193.156, 181.569, 257.574, 257.035, 200.3, 115.187, 148.565, 128.505, 254.881, 230.652, 140.618, 169.988, 171.531, 131.408, 204.332, 218.816, 132.657, 170.188, 318.244, 128.871, 217.715, 137.166, 192.371];
HighestPossibleCritFunctionValue = 1.1;
