NumDevices = 64;
NumSlotes = 512;


GivenBandwidthOld = [0.006919, 0.00382974, 0.007737, 0.00831141, 0.00615986, 0.00752259, 0.00473511, 0.00555477, 0.00656418, 0.00298161, 0.00313259, 0.00318857, 0.00658814, 0.00555928, 0.00734022, 0.00825497, 0.00748035, 0.00719681, 0.00431605, 0.00612669, 0.00632707, 0.00528049, 0.00293052, 0.00692741, 0.00780873, 0.00760716, 0.0072594, 0.00617436, 0.00741613, 0.00284369, 0.00387309, 0.00505267, 0.00520601, 0.00732658, 0.00413444, 0.00371834, 0.00414462, 0.00619487, 0.0084264, 0.00749718, 0.0026767, 0.00361217, 0.00721756, 0.00307643, 0.00306582, 0.00598339, 0.00403898, 0.00560691, 0.00783589, 0.00778749, 0.0068719, 0.00604238, 0.00796734, 0.00463431, 0.00508811, 0.00715022, 0.00250464, 0.00553159, 0.0044639, 0.00355161, 0.00822626, 0.00624574, 0.00710491, 0.00349525];
GivenLatency = [68.5741, 81.106, 53.4813, 46.7927, 64.9402, 51.1386, 100.341, 57.3504, 50.1246, 149.849, 127.228, 112.501, 67.6676, 70.8211, 53.1023, 38.7214, 57.1377, 43.7369, 81.466, 70.7172, 66.404, 116.052, 117.548, 48.183, 66.0979, 57.0133, 89.1726, 78.5623, 66.3038, 118.577, 100.206, 93.1111, 90.6071, 86.9545, 122.366, 103.837, 90.4906, 81.1687, 49.02, 58.2007, 159.678, 88.3167, 58.9386, 124.747, 101.375, 55.8562, 102.75, 90.4071, 55.6118, 63.2778, 53.9966, 58.0833, 50.8398, 99.577, 73.3407, 66.2201, 130.445, 63.7426, 78.3223, 131.266, 70.7917, 60.2012, 55.683, 120.007];
HighestPossibleCritFunctionValue = 1.1;
