NumDevices = 64;
NumSlotes = 512;


GivenBandwidthOld = [0.0150438, 0.00800465, 0.014185, 0.013124, 0.0170219, 0.0165734, 0.0163625, 0.0101519, 0.0154343, 0.00959658, 0.0196484, 0.0111978, 0.0196543, 0.00936526, 0.0195058, 0.0147074, 0.0176412, 0.013241, 0.00829619, 0.0140069, 0.0187554, 0.014211, 0.0111368, 0.018088, 0.0100968, 0.0139562, 0.0161971, 0.016932, 0.0192984, 0.0152183, 0.016399, 0.0100308, 0.016946, 0.0169499, 0.0186777, 0.00918991, 0.00982704, 0.0179997, 0.0131102, 0.0110687, 0.0124162, 0.00860162, 0.00998576, 0.0107056, 0.00885472, 0.0137537, 0.0139631, 0.00844539, 0.00919955, 0.00930617, 0.0138415, 0.0147765, 0.016156, 0.0136624, 0.0165604, 0.0105016, 0.0187189, 0.0138566, 0.0170602, 0.0107663, 0.0173388, 0.0186948, 0.00901676, 0.0122491];
GivenLatency = [177.678, 292.358, 181.616, 214.335, 143.068, 149.118, 154.845, 286.17, 206.925, 322.479, 161.592, 207.15, 127.44, 248.79, 166.876, 191.627, 168.431, 224.234, 270.163, 208.592, 138.563, 164.864, 247.475, 150.01, 221.921, 182.702, 141.979, 165.052, 116.626, 204.812, 182.768, 252.58, 142.454, 139.453, 119.257, 288.1, 238.955, 146.682, 221.811, 229.413, 188.206, 264.605, 231.069, 237.067, 286.96, 209.63, 159.182, 311.145, 243.788, 253.741, 233.837, 153.508, 163.15, 179.978, 177.802, 295.928, 165.409, 197.049, 154.822, 300.254, 189.457, 123.454, 331.95, 195.458];
HighestPossibleCritFunctionValue = 1.1;
