NumDevices = 32;
NumSlotes = 256;


GivenBandwidthOld = [0.0246655, 0.0234666, 0.0338948, 0.0203397, 0.0199674, 0.0216846, 0.0232204, 0.034905, 0.0190507, 0.0150107, 0.0155006, 0.0294232, 0.0263305, 0.0272036, 0.0203838, 0.0213686, 0.03157, 0.0270062, 0.0231093, 0.0281161, 0.0171034, 0.0275073, 0.0251125, 0.0164252, 0.0281737, 0.0247169, 0.0272059, 0.0193463, 0.0238316, 0.0268818, 0.032477, 0.0302134];
GivenLatency = [39.0397, 43.7093, 31.2025, 46.254, 42.2582, 49.5823, 41.0296, 25.0252, 45.9133, 78.2191, 62.7938, 39.3966, 31.8554, 34.7307, 46.3883, 54.0163, 28.9424, 32.3131, 40.5527, 32.067, 50.1903, 34.8181, 43.1995, 65.3134, 29.6076, 43.6727, 37.0345, 44.8087, 36.9214, 33.6612, 32.8117, 29.7768];
HighestPossibleCritFunctionValue = 1.1;
