NumDevices = 128;
NumSlotes = 1024;


GivenBandwidthOld = [0.00406831, 0.00987867, 0.00830192, 0.00791791, 0.00389654, 0.00410671, 0.00525952, 0.00549812, 0.00943116, 0.00571932, 0.00833652, 0.00818672, 0.00915004, 0.00605911, 0.00668676, 0.00565594, 0.0056233, 0.0070656, 0.00396163, 0.00438139, 0.00930069, 0.0066718, 0.00417234, 0.00828545, 0.00611577, 0.00895349, 0.00882692, 0.00649179, 0.00378164, 0.00431201, 0.00577556, 0.0099026, 0.00432593, 0.00845936, 0.00397643, 0.0093738, 0.00427824, 0.00685753, 0.00697177, 0.00836502, 0.00596965, 0.00946682, 0.00507016, 0.00418554, 0.005058, 0.00608693, 0.0055588, 0.00430549, 0.00860206, 0.00855546, 0.00665175, 0.00473286, 0.00394943, 0.00551556, 0.0087377, 0.00695611, 0.00766985, 0.00969718, 0.00807272, 0.00578836, 0.00616782, 0.0087487, 0.00445696, 0.00431454, 0.0044215, 0.00832209, 0.0093316, 0.00738962, 0.00614945, 0.00622109, 0.00415456, 0.00945785, 0.00430822, 0.00445064, 0.0044423, 0.00791783, 0.00878538, 0.00846902, 0.00382639, 0.00639049, 0.00746919, 0.00586133, 0.00764568, 0.00963374, 0.00426826, 0.00793901, 0.00848482, 0.00690978, 0.00391901, 0.00682735, 0.00598089, 0.00458589, 0.00883875, 0.00531288, 0.00850163, 0.00816706, 0.00997695, 0.00380182, 0.00599541, 0.00488967, 0.00824375, 0.00526768, 0.00510672, 0.00613408, 0.00423779, 0.00826766, 0.00711549, 0.00509349, 0.00878165, 0.00813863, 0.00728051, 0.00977871, 0.00951072, 0.00550062, 0.00758687, 0.0086906, 0.00911382, 0.00966934, 0.00886523, 0.00660036, 0.00980594, 0.00461756, 0.00978112, 0.00632494, 0.00582289, 0.0053894, 0.00717405, 0.00794471];
GivenLatency = [1182.87, 477.738, 496.706, 431.004, 1241.22, 895.792, 737.152, 657.371, 455.885, 736.832, 588.997, 428.19, 521.95, 658.54, 725.429, 846.367, 670.169, 488.613, 860.202, 1064.89, 438.78, 506.866, 877.444, 527.389, 555.05, 421.338, 381.97, 626.315, 1096.83, 1089.84, 784.502, 353.102, 998.934, 540.353, 1031.77, 509.442, 806.059, 494.143, 542.007, 444.55, 729.907, 493.382, 807.798, 1163.48, 719.614, 650.314, 614.953, 1057.91, 461.256, 391.413, 659.423, 731.118, 1130.74, 800.903, 566.367, 660.117, 467.987, 497.258, 443.988, 842.365, 660.828, 477.215, 1049.82, 1147.53, 1067.79, 414.009, 392.436, 672.397, 693.884, 699.518, 1158.35, 495.81, 1059.17, 756.752, 880.395, 430.709, 499.853, 463.845, 1141.18, 534.119, 453.514, 668.572, 440.258, 396.231, 836.696, 598.307, 487.142, 641.752, 944.627, 535.505, 813.288, 861.972, 560.238, 853.111, 508.598, 429.185, 495.12, 954.246, 698.347, 990.379, 515.821, 764.132, 800.452, 745.393, 1028.26, 439.858, 630.968, 658.423, 515.922, 538.131, 624.054, 359.818, 389.592, 799.982, 573.549, 565.658, 539.774, 376.698, 481.625, 670.9, 391.517, 870.75, 365.92, 607.909, 712.005, 720.477, 628.6, 537.452];
HighestPossibleCritFunctionValue = 1.1;
