NumDevices = 8;
NumSlotes = 64;


GivenBandwidthOld = [0.11416, 0.120654, 0.0664887, 0.116302, 0.130671, 0.125043, 0.142728, 0.0737657];
GivenLatency = [11.2372, 10.6107, 19.5793, 13.4729, 9.68408, 11.8336, 8.03943, 22.0681];
HighestPossibleCritFunctionValue = 1.1;
