NumDevices = 128;
NumSlotes = 1024;


GivenBandwidthOld = [0.00500275, 0.00879599, 0.00540892, 0.00388883, 0.00586063, 0.00832468, 0.00913642, 0.00826709, 0.00991319, 0.00726964, 0.00833625, 0.00993665, 0.00781608, 0.00494391, 0.00734403, 0.00865402, 0.00682815, 0.00699933, 0.00898524, 0.00493924, 0.00381918, 0.00402102, 0.00875111, 0.00734851, 0.00883437, 0.00668161, 0.006587, 0.00398531, 0.0086708, 0.00760553, 0.00982452, 0.00443587, 0.00610098, 0.00425193, 0.00837242, 0.00523885, 0.00806774, 0.0094449, 0.00549244, 0.00768483, 0.00514273, 0.0051183, 0.00697482, 0.00949484, 0.00730593, 0.00570432, 0.00623171, 0.00753694, 0.00702777, 0.00569675, 0.00398282, 0.00421163, 0.00606673, 0.00981837, 0.00729953, 0.00441961, 0.00794573, 0.00887971, 0.00628263, 0.00721634, 0.00631471, 0.00883261, 0.00841373, 0.00573735, 0.00517466, 0.0041998, 0.0072727, 0.00972586, 0.00875538, 0.00417775, 0.00542328, 0.00773792, 0.00995028, 0.0055252, 0.00823904, 0.00728645, 0.00961623, 0.00995417, 0.008546, 0.00379382, 0.0089228, 0.00554067, 0.00571234, 0.0098121, 0.00816184, 0.00980948, 0.00794105, 0.00519858, 0.00625443, 0.00814552, 0.00424406, 0.00748596, 0.00656484, 0.00658299, 0.00530914, 0.00816939, 0.00538095, 0.0089089, 0.00941396, 0.00410248, 0.00907806, 0.00862751, 0.00513286, 0.00800415, 0.00952492, 0.00659663, 0.0095432, 0.00755143, 0.00693284, 0.00407356, 0.00431899, 0.00420906, 0.0066228, 0.00572716, 0.0088862, 0.00912527, 0.00849327, 0.00515639, 0.00961963, 0.00462233, 0.00871849, 0.00912259, 0.00711051, 0.0087945, 0.00540533, 0.0061075, 0.00742235, 0.00611634];
GivenLatency = [845.505, 509.517, 777.519, 1284.91, 680.557, 435.074, 450.86, 549.381, 430.553, 510.006, 440.639, 360.596, 611.698, 945.524, 459.003, 450.644, 676.593, 526.136, 373.609, 682.191, 966.482, 839.577, 464.144, 549.471, 504.278, 645.568, 654.789, 1064.51, 428.316, 439.361, 382.911, 824.335, 555.131, 1019.4, 458.217, 759.889, 470.048, 404.178, 849.784, 536.838, 862.957, 951.267, 614.773, 499.766, 460.181, 730.052, 697.376, 485.021, 602.486, 845.071, 955.069, 1186.51, 729.152, 466.935, 639.606, 947.44, 442.586, 475.583, 683.112, 607.898, 594.937, 394.486, 427.887, 697.885, 802.822, 909.398, 539.381, 357.159, 390.785, 1108.53, 885.491, 621.881, 357.869, 651.651, 461.793, 471.755, 460.978, 409.649, 437.189, 1300.36, 496.507, 884.281, 711.443, 370.104, 558.724, 378.462, 583.771, 895.464, 730.348, 464.705, 1124.46, 474.496, 683.976, 625.421, 932.584, 562.451, 688.992, 503.108, 389.832, 1017.19, 440.428, 550.582, 653.023, 595.963, 419.357, 507.862, 415.585, 518.268, 597.415, 1144.64, 1131.62, 1077.74, 682.084, 623.876, 476.919, 380.788, 496.531, 723.102, 349.916, 787.563, 489.85, 400.562, 653.15, 380.947, 728.445, 633.019, 660.948, 646.041];
HighestPossibleCritFunctionValue = 1.1;
