NumDevices = 32;
NumSlotes = 256;


GivenBandwidthOld = [0.0382326, 0.0352779, 0.024907, 0.0212772, 0.0155302, 0.0264237, 0.0388985, 0.0263287, 0.0160659, 0.0300591, 0.0390359, 0.0367944, 0.03825, 0.0269437, 0.028523, 0.0214898, 0.0393954, 0.0280179, 0.0323173, 0.0165695, 0.0183843, 0.0201627, 0.0342909, 0.0374789, 0.017144, 0.0248197, 0.029959, 0.0302526, 0.0162279, 0.0274505, 0.0212002, 0.0213823];
GivenLatency = [48.0357, 57.8174, 92.1358, 99.2347, 109.098, 63.251, 54.2518, 90.0308, 106.232, 62.3624, 59.6613, 66.5525, 54.8568, 69.5723, 64.3881, 109.748, 59.5319, 69.9852, 59.0126, 112.081, 131.052, 106.23, 67.6552, 50.996, 137.629, 86.4273, 71.5503, 73.2438, 153.405, 68.4421, 87.8336, 96.3364];
HighestPossibleCritFunctionValue = 1.1;
