NumDevices = 16;
NumSlotes = 128;


GivenBandwidthOld = [0.0381658, 0.03209, 0.0361443, 0.0568815, 0.0680187, 0.05037, 0.0689772, 0.0393846, 0.0372662, 0.0331618, 0.0504202, 0.0326845, 0.0686059, 0.0387117, 0.0467176, 0.0421577];
GivenLatency = [24.9819, 24.5577, 27.556, 13.9701, 13.369, 16.4481, 15.5621, 22.9646, 24.7076, 24.4833, 17.1872, 26.0177, 12.2114, 20.2841, 16.7763, 23.0973];
HighestPossibleCritFunctionValue = 1.1;
