NumDevices = 16;
NumSlotes = 128;


GivenBandwidthOld = [0.0675176, 0.0677613, 0.0449048, 0.0546867, 0.0588824, 0.056195, 0.0488164, 0.0376551, 0.0494665, 0.0430706, 0.0680081, 0.0324976, 0.047574, 0.0354334, 0.0689499, 0.0616716];
GivenLatency = [16.0649, 15.2203, 19.9889, 17.9879, 13.2013, 16.6004, 16.9747, 23.6846, 20.4942, 19.4357, 16.1114, 25.891, 22.8582, 23.8459, 13.2055, 17.439];
HighestPossibleCritFunctionValue = 1.1;
