NumDevices = 32;
NumSlotes = 256;


GivenBandwidthOld = [0.0176193, 0.0171127, 0.0239021, 0.0326253, 0.0229149, 0.0212789, 0.0243882, 0.0217638, 0.0347348, 0.0182006, 0.0277174, 0.0166981, 0.015238, 0.034299, 0.0325083, 0.0170182, 0.0342283, 0.0248961, 0.0179871, 0.0197239, 0.0298003, 0.0242014, 0.0223737, 0.0254538, 0.0313175, 0.022856, 0.0306531, 0.0162388, 0.0158649, 0.0308266, 0.0320183, 0.0211243];
GivenLatency = [54.8261, 59.9219, 44.6168, 29.7373, 40.3965, 50.9195, 34.7649, 49.6897, 25.1336, 63.4005, 36.7993, 62.2812, 75.5072, 26.8982, 28.253, 62.8224, 29.9993, 39.6133, 61.371, 44.7122, 30.9967, 36.3623, 50.3425, 41.872, 32.7869, 41.684, 31.026, 52.0634, 66.8674, 27.6716, 35.8845, 48.1331];
HighestPossibleCritFunctionValue = 1.1;
