NumDevices = 32;
NumSlotes = 256;


GivenBandwidthOld = [0.00957997, 0.00551604, 0.0156149, 0.00980683, 0.00596063, 0.0128402, 0.0123827, 0.0117658, 0.00542908, 0.0165253, 0.0105166, 0.0105554, 0.0120688, 0.0110595, 0.00948561, 0.00720208, 0.0153497, 0.0155899, 0.013771, 0.00606234, 0.00970659, 0.00860377, 0.0110776, 0.0139233, 0.0156904, 0.0159426, 0.0173722, 0.00656029, 0.0162403, 0.00896854, 0.0167678, 0.0114946];
GivenLatency = [45.511, 75.465, 26.2077, 54.7044, 62.116, 46.3383, 37.2339, 48.15, 69.3993, 34.6573, 29.2205, 49.0966, 27.333, 52.6865, 54.6029, 57.9756, 22.9972, 22.6014, 27.2284, 70.3869, 56.8838, 41.4488, 50.7164, 39.5729, 36.3449, 26.4828, 25.3862, 70.0686, 35.3498, 56.8326, 27.7275, 32.7884];
HighestPossibleCritFunctionValue = 1.1;
