NumDevices = 128;
NumSlotes = 1024;


GivenBandwidthOld = [0.00715143, 0.00652248, 0.0058829, 0.00642722, 0.00474182, 0.00821544, 0.00433988, 0.00790066, 0.00386813, 0.00414879, 0.00626492, 0.00703014, 0.00797818, 0.00680995, 0.00731434, 0.0046873, 0.00693613, 0.00809363, 0.00720383, 0.00730157, 0.00501058, 0.0052727, 0.00577622, 0.00848393, 0.0069369, 0.00595154, 0.00497828, 0.00750738, 0.00401906, 0.00590321, 0.00772865, 0.00784869, 0.00538592, 0.0086202, 0.00726356, 0.00615298, 0.00557965, 0.00471551, 0.00607617, 0.00470159, 0.00718505, 0.00658756, 0.0045752, 0.00780852, 0.00535746, 0.00533552, 0.00653144, 0.00648326, 0.00665005, 0.00494114, 0.00822925, 0.00646772, 0.00555103, 0.00859889, 0.0040531, 0.00802407, 0.00799846, 0.00765217, 0.0074415, 0.0067155, 0.00491996, 0.00733888, 0.00705842, 0.00838957, 0.0060739, 0.00660212, 0.00439397, 0.00687463, 0.00445448, 0.00394775, 0.00733209, 0.00790977, 0.0069919, 0.00544297, 0.00751025, 0.00731273, 0.00758255, 0.00737597, 0.00540549, 0.00754795, 0.00583893, 0.00741893, 0.00753515, 0.00575688, 0.00841345, 0.0074181, 0.00854665, 0.00603356, 0.0084628, 0.00681156, 0.00436102, 0.00823708, 0.00803279, 0.00456554, 0.00553357, 0.00521605, 0.00867708, 0.00811584, 0.00546737, 0.00758144, 0.00375637, 0.00582678, 0.00825999, 0.00818982, 0.00387592, 0.00501934, 0.00761612, 0.00654852, 0.00852842, 0.00469831, 0.00699353, 0.00776326, 0.0046211, 0.00437145, 0.00846307, 0.00624833, 0.00813312, 0.00589423, 0.00679258, 0.00531243, 0.0084963, 0.00480898, 0.00708507, 0.00624831, 0.00787008, 0.00490917, 0.0058977, 0.0050815];
GivenLatency = [145.264, 175.603, 190.721, 190.231, 225.261, 146.067, 251.003, 129.175, 250.295, 231.133, 202.583, 155.056, 155.573, 162.418, 165.038, 239.157, 153.789, 136.266, 133.522, 169.707, 242.147, 210.765, 223.166, 118.827, 171.59, 211.665, 202.863, 140.456, 237.946, 191.62, 163.394, 144.355, 194.803, 127.724, 176.672, 162.113, 203.902, 219.26, 189.304, 245.493, 171.631, 148.563, 266.01, 127.79, 223.493, 231.073, 146.713, 198.059, 150.167, 194.013, 146.852, 166.437, 178.078, 145.669, 290.795, 121.346, 127.638, 140.469, 139.486, 191.419, 213.21, 145.704, 168.279, 154.159, 162.116, 151.048, 220.413, 145.326, 280.259, 247.239, 159.975, 163.798, 152.033, 224.959, 170.52, 149.82, 143.912, 163.965, 195.351, 159.851, 203.714, 154.001, 164.141, 204.046, 145.522, 162.069, 146.821, 206.628, 121.337, 180.794, 239.312, 129.337, 152.781, 234.482, 184.643, 191.145, 110.622, 123.627, 234.93, 129.648, 263.779, 166.899, 116.101, 128.457, 292.625, 256.299, 164.798, 151.062, 113.433, 242.463, 146.442, 143.562, 242.152, 223.191, 118.371, 198.587, 143.751, 180.678, 158.183, 202.179, 119.108, 228.285, 166.944, 178.742, 147.7, 255.011, 203.71, 220.553];
HighestPossibleCritFunctionValue = 1.1;
