NumDevices = 32;
NumSlotes = 256;


GivenBandwidthOld = [0.016156, 0.0166671, 0.00594582, 0.0138218, 0.011126, 0.0155199, 0.0135959, 0.0143208, 0.00973293, 0.0139253, 0.0128514, 0.0139218, 0.0169428, 0.015832, 0.00914303, 0.011965, 0.0156119, 0.00860947, 0.00678883, 0.00728424, 0.00874725, 0.00996719, 0.0135678, 0.0171116, 0.0151415, 0.0162222, 0.0157861, 0.0121943, 0.00687528, 0.0102457, 0.00670291, 0.013285];
GivenLatency = [36.0031, 23.0984, 97.8578, 30.366, 30.473, 34.5179, 29.0315, 26.7639, 33.7084, 36.3139, 25.8076, 28.8726, 34.3207, 22.5225, 62.4236, 44.174, 35.1388, 40.7508, 45.2377, 42.1743, 35.6054, 34.8935, 31.4198, 31.5015, 41.3646, 20.6378, 26.1738, 27.5086, 80.1621, 52.1615, 64.775, 44.6094];
HighestPossibleCritFunctionValue = 1.1;
