NumDevices = 64;
NumSlotes = 512;


GivenBandwidthOld = [0.00787981, 0.00842691, 0.00358217, 0.00308707, 0.00695275, 0.00863009, 0.00585812, 0.00498978, 0.00444306, 0.00321143, 0.00331248, 0.0079326, 0.00820073, 0.00842218, 0.00539819, 0.00619576, 0.00462247, 0.00603331, 0.00563303, 0.00313567, 0.00489064, 0.00705306, 0.00696343, 0.0069261, 0.00438081, 0.00697212, 0.00290016, 0.00297958, 0.00658691, 0.00361793, 0.00398592, 0.00765415, 0.00326157, 0.00842454, 0.00751924, 0.00457034, 0.00503861, 0.00644274, 0.00560223, 0.00413495, 0.00605426, 0.00767511, 0.00551358, 0.00805363, 0.00479499, 0.00560207, 0.00765839, 0.0057552, 0.00644845, 0.00790731, 0.0081875, 0.00476996, 0.00363986, 0.00391974, 0.00787422, 0.008219, 0.00297418, 0.00326253, 0.00577397, 0.00311478, 0.0038885, 0.00775874, 0.00485764, 0.00857044];
GivenLatency = [70.6857, 44.2765, 178.774, 110.125, 52.8703, 37.4007, 59.4688, 77.6036, 97.2357, 100.55, 117.593, 48.2993, 44.0319, 69.3182, 96.7077, 57.8164, 67.641, 69.3376, 64.1086, 120.862, 75.5194, 46.7512, 58.3552, 54.9414, 84.3051, 46.324, 161.582, 195.686, 48.7168, 164.64, 103.959, 48.5001, 110.249, 69.2044, 63.9055, 102.889, 97.4232, 79.9689, 64.85, 103.325, 52.8001, 58.5956, 108.543, 46.0047, 81.1693, 74.7912, 80.1059, 94.136, 79.5299, 51.6384, 56.9931, 74.1034, 108.478, 100.625, 58.8622, 68.229, 110.421, 113.692, 67.8924, 107.398, 163.561, 58.4326, 71.8734, 38.1361];
HighestPossibleCritFunctionValue = 1.1;
