NumDevices = 64;
NumSlotes = 512;


GivenBandwidthOld = [0.0170682, 0.0106683, 0.0172912, 0.00868172, 0.00868983, 0.0150372, 0.0158749, 0.0142197, 0.015839, 0.0115763, 0.00779928, 0.0174624, 0.016282, 0.0157881, 0.0154624, 0.0122455, 0.0153482, 0.0113641, 0.0107705, 0.0147839, 0.00789009, 0.0137308, 0.00798977, 0.00908602, 0.0138006, 0.0124041, 0.0106834, 0.010826, 0.0174364, 0.00776602, 0.00854189, 0.00856482, 0.0139233, 0.0133586, 0.0133474, 0.0141086, 0.00774487, 0.0130721, 0.00799625, 0.00799183, 0.0136917, 0.0118077, 0.0173451, 0.0147987, 0.0170643, 0.0148914, 0.0140046, 0.0110832, 0.00989658, 0.0168074, 0.0168246, 0.0163314, 0.0169602, 0.0145545, 0.0133146, 0.0127471, 0.0158004, 0.0126077, 0.0131223, 0.0123299, 0.0141823, 0.0162311, 0.0111335, 0.0164447];
GivenLatency = [66.2774, 105.914, 54.6228, 105.514, 121.642, 60.6415, 67.449, 82.8053, 60.0142, 103.361, 140.951, 65.8181, 76.3917, 74.1679, 60.5812, 87.8268, 66.8024, 90.4874, 95.1057, 66.8642, 127.866, 68.8707, 125.834, 111.349, 69.9792, 73.321, 96.0402, 112.733, 60.7667, 159.697, 117.398, 143.387, 68.0601, 79.5682, 84.1017, 82.5596, 142.486, 80.1033, 125.944, 120.095, 85.0023, 90.0665, 59.1392, 65.642, 70.9261, 61.7145, 71.2112, 111.833, 98.4923, 59.2321, 56.9058, 66.8981, 63.6883, 64.4137, 73.1679, 83.9766, 75.5327, 77.2723, 76.4175, 85.7371, 66.598, 75.8335, 84.3814, 61.1477];
HighestPossibleCritFunctionValue = 1.1;
