NumDevices = 128;
NumSlotes = 1024;


GivenBandwidthOld = [0.00788933, 0.00475758, 0.00697392, 0.00693133, 0.00988086, 0.00769562, 0.00533967, 0.0087755, 0.00479485, 0.00833586, 0.00957645, 0.00392811, 0.00971625, 0.00982605, 0.0051155, 0.00378088, 0.00407245, 0.00435247, 0.00444927, 0.00635744, 0.00826948, 0.00643691, 0.00632365, 0.00901374, 0.00890052, 0.00599308, 0.00952084, 0.00673461, 0.00985055, 0.00445295, 0.00567255, 0.0098258, 0.00714827, 0.00589374, 0.00864458, 0.00447888, 0.00407339, 0.00769989, 0.00827803, 0.00643422, 0.00495536, 0.00599676, 0.00880606, 0.005981, 0.00634409, 0.00880285, 0.00829851, 0.00675377, 0.00682694, 0.00540816, 0.00987486, 0.00670406, 0.00882724, 0.00575283, 0.00900939, 0.0044947, 0.00749908, 0.00836242, 0.00592398, 0.00426393, 0.00380262, 0.00692918, 0.00496458, 0.00463917, 0.00425287, 0.00550056, 0.00660343, 0.00514541, 0.00633255, 0.0086637, 0.00708205, 0.00551011, 0.00460588, 0.00727298, 0.00819213, 0.00632074, 0.00388997, 0.0062259, 0.00993477, 0.00749295, 0.00519899, 0.00685323, 0.00979181, 0.00473898, 0.00684984, 0.00909451, 0.00389845, 0.00500876, 0.00969021, 0.0096701, 0.00907031, 0.00968508, 0.00462332, 0.0066589, 0.00621536, 0.00782555, 0.00783271, 0.00940624, 0.00573127, 0.00918283, 0.00702572, 0.00879981, 0.00708182, 0.00784805, 0.00462037, 0.00698015, 0.00530712, 0.00553732, 0.00577219, 0.00943046, 0.00641314, 0.00693889, 0.00561312, 0.00469291, 0.00752188, 0.0040172, 0.00701432, 0.0047121, 0.00494619, 0.00804444, 0.00545372, 0.00696072, 0.00381012, 0.00796146, 0.00449072, 0.00925287, 0.00921824, 0.00851679];
GivenLatency = [513.091, 743.004, 504.872, 579.712, 420.999, 625.059, 843.414, 464.621, 1007.6, 414.248, 506.8, 925.316, 357.1, 375.275, 714.689, 1270.8, 854.436, 781.48, 912.201, 618.862, 520.465, 534.95, 532.56, 513.121, 468.605, 651.573, 427.614, 678.656, 350.767, 762.494, 828.204, 397.249, 535.263, 810.822, 554.304, 1090.01, 1128, 500.175, 413.289, 559.782, 878.732, 678.787, 451.397, 693.815, 594.297, 426.974, 548.077, 508.794, 586.782, 792.673, 408.312, 535.033, 410.952, 763.092, 478.36, 789.545, 650.181, 476.478, 588.865, 982.473, 906.748, 494.707, 705.981, 738.418, 1034.19, 634.379, 634.728, 669.743, 757.199, 548.192, 494.456, 649.869, 775.379, 605.919, 488.17, 645.817, 1269.52, 705.481, 483.024, 468.685, 851.275, 626.289, 347.364, 1008.2, 519.129, 459.984, 1210.54, 696.751, 406.381, 351.986, 534.017, 388.172, 809.392, 587.047, 602.133, 458.838, 503.165, 358.351, 711.146, 450.606, 500.484, 392.775, 562.74, 558.73, 736.021, 592.729, 672.229, 858.863, 577.711, 356.534, 524.205, 699.941, 885.242, 733.444, 569.234, 836.266, 685.255, 852.044, 841.872, 599.458, 703.73, 548.734, 1213.54, 535.326, 811.462, 387.566, 500.844, 529.081];
HighestPossibleCritFunctionValue = 1.1;
