NumDevices = 64;
NumSlotes = 512;


GivenBandwidthOld = [0.00452021, 0.0061744, 0.00818321, 0.00769115, 0.00638973, 0.00849872, 0.00430486, 0.00556383, 0.00259488, 0.0034464, 0.0086836, 0.00528233, 0.00267377, 0.00429435, 0.00391769, 0.00461115, 0.00337607, 0.00781663, 0.00284483, 0.00425186, 0.00856545, 0.00698171, 0.00792996, 0.00759796, 0.00269511, 0.00669932, 0.0053997, 0.00649112, 0.00629697, 0.00563251, 0.00689161, 0.00597473, 0.0085343, 0.00848698, 0.0069003, 0.00836139, 0.00858063, 0.00580233, 0.00482456, 0.00260708, 0.00852496, 0.00779788, 0.00642767, 0.00860501, 0.00307865, 0.00291761, 0.0087263, 0.00419195, 0.00791059, 0.0069446, 0.0028207, 0.00494904, 0.00733977, 0.00702462, 0.00405666, 0.00282492, 0.00725309, 0.00636077, 0.00287377, 0.00312437, 0.00251994, 0.00641392, 0.00252245, 0.00486527];
GivenLatency = [93.0016, 74.0099, 41.8439, 59.4326, 77.1139, 61.6007, 125.821, 72.5968, 181.153, 104.03, 38.3755, 67.2874, 238.43, 76.6301, 82.3222, 101.169, 120.208, 40.019, 119.968, 79.5147, 54.7344, 55.5588, 61.7436, 45.7134, 206.272, 55.3268, 114.59, 48.6127, 60.7218, 106.426, 60.0436, 53.9034, 45.1771, 73.377, 67.6168, 62.0219, 74.4889, 62.5509, 76.7226, 247.029, 38.0446, 46.5804, 85.7659, 43.4618, 199.46, 119.357, 37.3973, 79.8014, 46.0274, 50.9949, 126.29, 115.482, 74.3737, 52.0552, 96.8149, 143.223, 64.6593, 59.2054, 163.883, 103.066, 168.483, 52.3791, 137.699, 100.223];
HighestPossibleCritFunctionValue = 1.1;
