NumDevices = 128;
NumSlotes = 1024;


GivenBandwidthOld = [0.00796601, 0.00719555, 0.00812744, 0.00535461, 0.0073976, 0.00390227, 0.00787586, 0.007035, 0.00471389, 0.00380033, 0.00472538, 0.00696456, 0.00583979, 0.00682075, 0.00376907, 0.0042246, 0.00533346, 0.00704153, 0.00457776, 0.00588975, 0.00655452, 0.0042822, 0.00851388, 0.0053375, 0.00486109, 0.00791167, 0.00392134, 0.0084457, 0.00443334, 0.00872219, 0.0064002, 0.00564241, 0.00450237, 0.00390497, 0.00836823, 0.00739383, 0.00554824, 0.00671542, 0.00851012, 0.00712172, 0.00731568, 0.00715481, 0.00838376, 0.0082943, 0.0047768, 0.00618454, 0.00599993, 0.00836947, 0.00826785, 0.00524451, 0.00689446, 0.00762298, 0.00693132, 0.0071199, 0.0067325, 0.0056247, 0.00691016, 0.00658728, 0.00491549, 0.00718253, 0.00428271, 0.00692672, 0.0049098, 0.00646811, 0.00699123, 0.00407169, 0.00533866, 0.00433788, 0.00416662, 0.00588221, 0.00475051, 0.00430804, 0.00774288, 0.00710256, 0.00516546, 0.0083309, 0.00499274, 0.0054733, 0.00717152, 0.00421823, 0.0082154, 0.00866971, 0.00431986, 0.00638439, 0.004938, 0.00540638, 0.00755501, 0.0045477, 0.00562424, 0.00416311, 0.00693462, 0.00765324, 0.00546969, 0.00664124, 0.00689175, 0.00709077, 0.00704515, 0.00525446, 0.00428825, 0.00505472, 0.00725074, 0.00565429, 0.00416002, 0.00494914, 0.00762617, 0.00545781, 0.00693746, 0.00543232, 0.00853946, 0.00523863, 0.00820237, 0.00480694, 0.00769737, 0.00722632, 0.00531528, 0.00649327, 0.00489077, 0.00673463, 0.00637861, 0.00782614, 0.00638514, 0.00759167, 0.00570225, 0.00523993, 0.00508099, 0.00869369, 0.00737557, 0.00867011];
GivenLatency = [138.997, 146.857, 121.286, 184.753, 166.694, 272.116, 137.892, 158.055, 264.404, 283.491, 221.229, 164.526, 197.551, 187.679, 324.972, 294.076, 220.897, 156.851, 208.755, 177.952, 170.433, 269.777, 122.089, 196.407, 200.914, 162.485, 262.312, 113.861, 238.015, 124.672, 163.494, 211.733, 267.934, 260.547, 133.4, 164.166, 223.756, 162.547, 135.954, 165.751, 139.195, 147.199, 126.955, 141.644, 210.284, 160.128, 186.547, 127.758, 149.72, 202.872, 176.993, 135.895, 174.329, 137.227, 192.421, 218.452, 178.256, 194.3, 214.177, 170.069, 298.287, 139.177, 221.829, 177.074, 175.012, 246.697, 203.189, 233.214, 268.583, 187.486, 205.005, 240.217, 140.431, 174.655, 202.184, 139.79, 243.995, 225.026, 140.255, 290.509, 133.198, 126.548, 249.219, 181.226, 202.742, 208.011, 133.497, 229.977, 208.55, 252.788, 145.661, 146.287, 224.419, 153.081, 145.95, 148.804, 170.68, 184.325, 277.22, 221.141, 145.717, 174.506, 278.122, 192.551, 136.062, 191.081, 165.511, 224.071, 123.728, 183.728, 135.691, 244.815, 153.325, 138.556, 180.467, 157.074, 262.294, 177.888, 159.119, 163.678, 153.47, 153.316, 226.903, 239.858, 225.904, 121.192, 138.139, 115.117];
HighestPossibleCritFunctionValue = 1.1;
