NumDevices = 32;
NumSlotes = 256;


GivenBandwidthOld = [0.0174359, 0.0151748, 0.0134643, 0.0141826, 0.0112278, 0.0132767, 0.0113846, 0.0106831, 0.00791275, 0.00952327, 0.0151218, 0.0101518, 0.0157816, 0.0119703, 0.0166265, 0.0121858, 0.0143618, 0.0110463, 0.0121489, 0.00707272, 0.0162683, 0.0162865, 0.00913226, 0.00593667, 0.0100821, 0.0074791, 0.00874674, 0.0139013, 0.00960294, 0.0165316, 0.0158053, 0.0091404];
GivenLatency = [36.1472, 29.4045, 32.1942, 22.6156, 40.8395, 28.9741, 52.705, 35.1619, 49.7503, 41.5692, 22.7215, 34.0503, 23.3221, 50.2295, 32.8147, 40.9107, 41.1717, 28.4751, 45.9717, 73.1103, 23.8176, 34.9312, 48.7556, 63.3476, 43.5502, 78.4636, 44.6462, 22.0403, 33.9123, 19.0682, 22.7897, 40.5805];
HighestPossibleCritFunctionValue = 1.1;
