NumDevices = 16;
NumSlotes = 128;


GivenBandwidthOld = [0.0390362, 0.0612627, 0.062777, 0.0334684, 0.0429361, 0.0469525, 0.0308584, 0.0574359, 0.0649444, 0.060663, 0.0622729, 0.0399213, 0.0572773, 0.0396787, 0.060572, 0.0529383];
GivenLatency = [27.1545, 17.5657, 14.3003, 29.0467, 20.471, 17.2124, 29.2892, 18.5885, 14.2268, 18.2159, 17.6742, 24.8589, 15.9507, 20.7724, 14.0514, 17.8703];
HighestPossibleCritFunctionValue = 1.1;
