NumDevices = 128;
NumSlotes = 1024;


GivenBandwidthOld = [0.00985614, 0.00459634, 0.00941591, 0.00562897, 0.00858002, 0.00690913, 0.00556941, 0.00763587, 0.0072678, 0.00864113, 0.00902711, 0.00867986, 0.00988823, 0.00649587, 0.00986074, 0.00697384, 0.00560916, 0.00696578, 0.0076215, 0.009633, 0.00441033, 0.00812731, 0.00448601, 0.00511835, 0.00779155, 0.00503515, 0.00944383, 0.00621215, 0.00382273, 0.00729652, 0.0039275, 0.00572286, 0.00530837, 0.00775715, 0.00815541, 0.00791315, 0.00497693, 0.00598542, 0.00575148, 0.00515551, 0.00741555, 0.00432019, 0.00563421, 0.00923786, 0.00693445, 0.00601222, 0.00606844, 0.00731325, 0.00382626, 0.0042871, 0.00586651, 0.00720846, 0.00505616, 0.00635889, 0.00761844, 0.00815438, 0.00934926, 0.00425511, 0.0056114, 0.00699713, 0.00958455, 0.00870559, 0.00486797, 0.00591432, 0.00451405, 0.0075754, 0.00979129, 0.00844934, 0.00422631, 0.00917475, 0.00878498, 0.00786381, 0.00698353, 0.00599371, 0.00758551, 0.00462849, 0.00605738, 0.00891634, 0.00942695, 0.00997594, 0.00554361, 0.00514633, 0.00937601, 0.00389362, 0.00508713, 0.00812149, 0.00656815, 0.005928, 0.0093141, 0.00710587, 0.00577558, 0.00386822, 0.009442, 0.00663599, 0.00853757, 0.0058612, 0.00535382, 0.0091867, 0.00969472, 0.00423101, 0.00675894, 0.00619905, 0.00874121, 0.00978082, 0.00751965, 0.00395498, 0.00504913, 0.00697102, 0.00818709, 0.00915664, 0.00440539, 0.00647146, 0.00578765, 0.00682207, 0.00476313, 0.00635395, 0.00580767, 0.00582992, 0.00479014, 0.00407064, 0.00521869, 0.00683758, 0.00926295, 0.00989451, 0.00581885, 0.00612801, 0.00843453, 0.00533217];
GivenLatency = [384.123, 753.295, 428.655, 621.018, 536.854, 556.859, 618.444, 511.42, 623.996, 578.373, 395.458, 455.731, 440.358, 752.122, 411.421, 699.102, 620.692, 621.394, 482.149, 500.484, 782.957, 539.258, 958.982, 686.836, 466.516, 961.746, 514.659, 569.791, 1069.68, 630.621, 1102.29, 596.953, 671.611, 546.312, 487.418, 458.197, 919.436, 586.356, 617.501, 944.066, 523.643, 942.071, 675.749, 362.86, 569.475, 747.567, 708.802, 675.633, 905.71, 1048.47, 700.174, 671.345, 707.548, 762.72, 588.187, 456.361, 376.337, 812.914, 676.426, 673.117, 424.658, 506.154, 826.817, 714.569, 836.788, 479.946, 385.724, 500.551, 1085.26, 458.465, 415.815, 469.662, 598.081, 609.713, 519.932, 801.802, 815.511, 502.421, 401.046, 417.926, 798.501, 810.103, 401.734, 1081.89, 843.505, 428.571, 701.406, 575.705, 467.68, 591.489, 633.324, 1149.44, 522.139, 737.78, 431.882, 615.711, 821.415, 415.107, 376.502, 927.735, 564.599, 655.855, 417.656, 453.955, 607.374, 1252.68, 665.185, 550.812, 516.703, 513.263, 964.619, 682.789, 661.645, 540.831, 830.451, 578.28, 743.552, 737.318, 800.324, 945.546, 879.002, 571.741, 518.283, 403.259, 770.829, 544.084, 446.02, 897.164];
HighestPossibleCritFunctionValue = 1.1;
