NumDevices = 16;
NumSlotes = 128;


GivenBandwidthOld = [0.0254978, 0.0313772, 0.0208491, 0.0261306, 0.017224, 0.0232981, 0.0111251, 0.0201073, 0.0326125, 0.0324807, 0.0174153, 0.0132536, 0.0180044, 0.0151654, 0.0249871, 0.0237394];
GivenLatency = [13.9409, 17.6263, 21.2909, 15.3148, 27.1878, 19.5669, 28.2037, 16.9208, 11.4375, 16.8016, 31.6264, 27.2291, 17.5009, 27.4644, 18.9145, 26.0654];
HighestPossibleCritFunctionValue = 1.1;
