NumDevices = 64;
NumSlotes = 512;


GivenBandwidthOld = [0.0145169, 0.00992704, 0.00876034, 0.00996755, 0.00953667, 0.00789229, 0.0107075, 0.0166851, 0.0122155, 0.0105599, 0.0158047, 0.0140135, 0.00970154, 0.00883226, 0.00873689, 0.0159858, 0.00782021, 0.00929139, 0.0154715, 0.0141236, 0.011088, 0.0104663, 0.0122981, 0.00915475, 0.00891201, 0.00920079, 0.0127421, 0.0111729, 0.0174046, 0.0145448, 0.00882893, 0.0127844, 0.0120846, 0.0115826, 0.0140087, 0.00995475, 0.01454, 0.00830639, 0.0104665, 0.0160546, 0.0146623, 0.0143546, 0.0120911, 0.0103607, 0.0172031, 0.00787952, 0.0160316, 0.0075178, 0.0166806, 0.0154118, 0.0110529, 0.0107556, 0.0138764, 0.0150556, 0.0138052, 0.0087479, 0.01103, 0.0165064, 0.0172917, 0.0170091, 0.00752717, 0.0142122, 0.00878826, 0.00921567];
GivenLatency = [71.8474, 123.652, 116.712, 105.859, 127.641, 146.471, 91.4605, 56.8202, 91.1663, 90.7596, 66.8767, 78.4565, 122.357, 108.393, 133.242, 65.8219, 129.681, 103.992, 65.5079, 82.8472, 102.39, 108.269, 88.6844, 123.985, 110.312, 112.879, 71.7259, 104.646, 63.6207, 81.5996, 108.043, 95.6913, 95.9628, 83.2397, 69.6479, 118.403, 78.013, 137.536, 110.402, 71.4869, 80.3424, 83.0915, 85.9628, 93.6431, 52.9543, 143.428, 72.6145, 154.671, 63.7563, 80.4101, 102.997, 86.7568, 87.0636, 71.4153, 75.5586, 110.145, 94.6857, 58.5753, 58.9111, 58.8004, 135.813, 79.1484, 115.83, 127.241];
HighestPossibleCritFunctionValue = 1.1;
