NumDevices = 64;
NumSlotes = 512;


GivenBandwidthOld = [0.0126816, 0.0147297, 0.00766127, 0.00803315, 0.00821148, 0.01535, 0.011686, 0.0115692, 0.00915183, 0.0098557, 0.00982169, 0.00813414, 0.015454, 0.00973915, 0.0108481, 0.00941093, 0.0144299, 0.00786915, 0.0117354, 0.0123069, 0.0165813, 0.0172733, 0.00755183, 0.00866115, 0.0128668, 0.016631, 0.0115075, 0.0121189, 0.00786855, 0.0117163, 0.0115766, 0.013316, 0.0171339, 0.0149175, 0.0136796, 0.00776042, 0.0143864, 0.0166277, 0.0163143, 0.010014, 0.0104593, 0.0146695, 0.0151373, 0.0171526, 0.00862101, 0.00837257, 0.0127734, 0.0171727, 0.0172005, 0.0132944, 0.0141908, 0.0102304, 0.00778204, 0.00766905, 0.00873939, 0.00792681, 0.0109346, 0.0128767, 0.0140094, 0.0117829, 0.0102299, 0.00974193, 0.00758391, 0.00783585];
GivenLatency = [84.1748, 68.5952, 131.52, 122.869, 111.407, 69.1449, 96.5296, 92.2536, 102.978, 104.981, 127.036, 130.469, 78.532, 122.396, 93.1631, 107.93, 68.8894, 152.083, 84.181, 77.12, 57.9436, 60.7654, 153.469, 105.354, 73.3308, 60.3103, 104.409, 85.8216, 134.688, 83.4098, 92.9189, 72.5998, 68.9207, 76.0008, 69.2708, 122.28, 64.3982, 55.7865, 67.2667, 95.8397, 92.3826, 85.1668, 77.3559, 63.6859, 105.509, 140.663, 72.2201, 59.4975, 53.6643, 68.7995, 73.0973, 101.945, 118.975, 133.846, 141.141, 152.587, 88.9145, 96.0758, 67.9253, 93.5589, 89.9365, 119.244, 124.563, 124.713];
HighestPossibleCritFunctionValue = 1.1;
