NumDevices = 128;
NumSlotes = 1024;


GivenBandwidthOld = [0.00532871, 0.00588037, 0.00891308, 0.00460847, 0.00698589, 0.00807269, 0.00519448, 0.00616603, 0.00997235, 0.00776163, 0.0085206, 0.00827474, 0.0072678, 0.0087283, 0.00527923, 0.00548413, 0.00560408, 0.00894098, 0.00476868, 0.00593325, 0.00396495, 0.0038795, 0.00526363, 0.00588739, 0.00816017, 0.00675385, 0.00828289, 0.00679731, 0.00732745, 0.00496141, 0.00768238, 0.00775396, 0.00452815, 0.00704656, 0.00910858, 0.00920022, 0.00554483, 0.00694089, 0.00807467, 0.00717212, 0.00674937, 0.00792826, 0.00901173, 0.00635376, 0.00889621, 0.0086404, 0.00927024, 0.00734985, 0.00639314, 0.00827427, 0.00559023, 0.00749213, 0.00403571, 0.00568269, 0.00527032, 0.00583867, 0.00805677, 0.00639702, 0.00465746, 0.00548605, 0.0065249, 0.00406236, 0.00989343, 0.00633272, 0.00532208, 0.00691835, 0.0041429, 0.00722803, 0.00898799, 0.00741276, 0.00743818, 0.00975457, 0.00376151, 0.00974857, 0.00915872, 0.00806555, 0.00396292, 0.00722024, 0.00925084, 0.00631294, 0.004095, 0.00839067, 0.00580727, 0.0053512, 0.00892678, 0.00989488, 0.00576777, 0.00395522, 0.0091025, 0.00703572, 0.00812852, 0.00604309, 0.00621724, 0.00817105, 0.00828245, 0.00559474, 0.00836291, 0.00798842, 0.00757738, 0.00556172, 0.00962995, 0.00939883, 0.00616775, 0.00768896, 0.00591833, 0.00938138, 0.00657707, 0.00580835, 0.00463927, 0.00600456, 0.00862388, 0.00649214, 0.00964462, 0.00587967, 0.00958509, 0.00529925, 0.00441245, 0.00637831, 0.00906858, 0.00564773, 0.00519386, 0.00826503, 0.00661246, 0.0069011, 0.00807809, 0.00851519, 0.00485165, 0.00665349];
GivenLatency = [659.482, 815.151, 390.552, 757.043, 693.968, 609.333, 689.101, 735.188, 410.708, 516.865, 418.882, 417.628, 504.727, 486.003, 712.996, 849.942, 787.778, 379.924, 799.204, 655.063, 901.129, 904.823, 723.71, 695.911, 451.904, 518.57, 421.689, 507.827, 494.969, 870.756, 524.932, 506.149, 1054.14, 576.289, 386.193, 384.134, 728.249, 488.949, 498.77, 523.982, 582.634, 475.894, 472.23, 560.809, 423.964, 548.233, 410.473, 496.359, 574.139, 433.256, 848.98, 653.563, 835.125, 665.003, 726.324, 602.147, 614.249, 675.19, 946.093, 784.854, 532.835, 867.013, 421.25, 584.389, 667.604, 681.336, 971.952, 476.175, 384.825, 452.13, 605.481, 427.499, 923.398, 488.194, 391.38, 496.521, 1256.92, 525.011, 444.832, 607.435, 889.65, 463.905, 787.941, 817.767, 390.346, 467.317, 580.416, 1024.77, 523.689, 501.243, 450.287, 630.913, 796.944, 453.525, 476.726, 604.233, 578.08, 571.235, 621.793, 642.377, 407.458, 424.582, 581.983, 569.091, 639.263, 450.322, 670.779, 595.042, 911.426, 712.618, 509.895, 639.551, 373.58, 622.01, 373.295, 832.751, 863.462, 773.765, 428.472, 790.211, 815.931, 503.214, 624.343, 648.849, 537.497, 489.663, 770.835, 567.615];
HighestPossibleCritFunctionValue = 1.1;
