NumDevices = 64;
NumSlotes = 512;


GivenBandwidthOld = [0.00738259, 0.00788858, 0.0059234, 0.00831919, 0.00557716, 0.00783743, 0.00868328, 0.00621109, 0.00598739, 0.00254072, 0.00570987, 0.00700684, 0.00528829, 0.00284401, 0.00298802, 0.00463433, 0.00543184, 0.00287545, 0.00649589, 0.00512207, 0.00293501, 0.00746538, 0.005617, 0.00863552, 0.00345394, 0.00403887, 0.00376879, 0.00829212, 0.00693251, 0.00590529, 0.00399708, 0.00766544, 0.00561813, 0.00272355, 0.0033981, 0.00319437, 0.00402492, 0.00678622, 0.00345301, 0.00728395, 0.00636248, 0.00664325, 0.00692303, 0.00282166, 0.00871606, 0.0069882, 0.00449174, 0.00262274, 0.00286829, 0.00493488, 0.00675751, 0.00845197, 0.0059627, 0.00627049, 0.00443821, 0.00295909, 0.0059501, 0.00703326, 0.00547378, 0.00780563, 0.00548662, 0.00488337, 0.00349813, 0.00313101];
GivenLatency = [45.3487, 73.7526, 64.6917, 37.9128, 86.1877, 57.5956, 46.7946, 52.4352, 83.609, 233.585, 76.0183, 47.1837, 70.2867, 215.799, 137.106, 113.414, 63.3128, 144.419, 90.7467, 91.9966, 123.574, 52.6528, 70.8141, 73.141, 110.542, 81.0235, 138.966, 41.8763, 83.5626, 97.2233, 92.4943, 69.1665, 61.4638, 168.38, 162.932, 134.552, 80.2692, 49.8947, 152.504, 84.6371, 66.9224, 50.8769, 50.4598, 129.635, 38.4174, 86.2468, 119.741, 154.912, 197.702, 108.438, 50.8456, 38.806, 61.8102, 55.6285, 89.2706, 106.407, 61.1068, 44.1137, 68.3501, 43.394, 63.8103, 81.7372, 120.726, 199.935];
HighestPossibleCritFunctionValue = 1.1;
