NumDevices = 16;
NumSlotes = 128;


GivenBandwidthOld = [0.0543093, 0.0359898, 0.0611184, 0.0371476, 0.0394356, 0.0534103, 0.0464514, 0.0491711, 0.0379919, 0.030105, 0.0345727, 0.0426652, 0.0541929, 0.0403401, 0.0564938, 0.0317038];
GivenLatency = [14.5815, 25.1355, 13.4871, 26.6081, 20.9152, 15.209, 17.2223, 22.0378, 26.4049, 26.5146, 31.1933, 19.2335, 16.041, 21.0514, 17.3658, 24.8238];
HighestPossibleCritFunctionValue = 1.1;
