NumDevices = 32;
NumSlotes = 256;


GivenBandwidthOld = [0.0276055, 0.0258245, 0.016968, 0.0154554, 0.0197035, 0.0171251, 0.0322665, 0.0388011, 0.0393158, 0.0153214, 0.0166652, 0.0264807, 0.0216645, 0.0249207, 0.0274591, 0.0155235, 0.0386953, 0.0363478, 0.0328395, 0.018627, 0.0239208, 0.0220778, 0.0214319, 0.0164992, 0.0372854, 0.0158251, 0.0322038, 0.0347824, 0.0232363, 0.0168732, 0.0225533, 0.0389521];
GivenLatency = [72.3821, 77.9214, 138.851, 151.801, 120.778, 114.03, 62.3766, 45.1517, 42.6397, 115.988, 101.382, 83.0272, 86.4418, 86.429, 66.1532, 113.53, 51.9625, 48.571, 55.5719, 97.0836, 73.2305, 90.0608, 82.5745, 116.386, 45.3886, 136.026, 62.1519, 59.2131, 103.57, 103.31, 98.7775, 47.2395];
HighestPossibleCritFunctionValue = 1.1;
