NumDevices = 128;
NumSlotes = 1024;


GivenBandwidthOld = [0.00845042, 0.00996611, 0.00913902, 0.00824115, 0.00529532, 0.00724848, 0.00894391, 0.00395986, 0.00578729, 0.00704161, 0.00703681, 0.00759053, 0.00779821, 0.00452452, 0.0086446, 0.0047237, 0.00623982, 0.00647887, 0.00542747, 0.00955937, 0.00427241, 0.00886116, 0.00704299, 0.00522169, 0.00720624, 0.00522721, 0.0062919, 0.0066385, 0.00703577, 0.00900493, 0.00455903, 0.00734573, 0.00588613, 0.00572365, 0.00616813, 0.00772784, 0.00935799, 0.00728803, 0.00489058, 0.00467197, 0.00554345, 0.00870592, 0.00411712, 0.00511905, 0.00712115, 0.00647404, 0.00536086, 0.00875311, 0.00983187, 0.00922515, 0.00590894, 0.00773531, 0.00982139, 0.00816119, 0.00519242, 0.00900588, 0.00804111, 0.00569656, 0.00709699, 0.00655836, 0.00390426, 0.00892676, 0.00953668, 0.00419763, 0.00834413, 0.00475928, 0.00419522, 0.00539026, 0.00911981, 0.00417773, 0.00512367, 0.00980697, 0.00943404, 0.00407483, 0.00699323, 0.0065051, 0.00868951, 0.00966423, 0.00423046, 0.00383139, 0.0092339, 0.00913267, 0.00782019, 0.00509849, 0.00533362, 0.00722395, 0.00925369, 0.00425239, 0.00987405, 0.00559111, 0.0098591, 0.00446807, 0.00980273, 0.00706093, 0.00673286, 0.00542712, 0.00984998, 0.00732363, 0.00943858, 0.00540003, 0.00460876, 0.00573381, 0.0081042, 0.00975324, 0.00639028, 0.00388016, 0.00384802, 0.00746252, 0.00628293, 0.00595257, 0.00986165, 0.00970591, 0.00477934, 0.0038241, 0.00544076, 0.00786882, 0.00997672, 0.00621162, 0.00744121, 0.00449821, 0.00384027, 0.00845346, 0.00480797, 0.00376702, 0.00854284, 0.00700373, 0.00792878, 0.00521162];
GivenLatency = [480.163, 441.096, 460.21, 433.59, 851.064, 513.96, 498.099, 973.313, 782.635, 480.064, 532.979, 634.057, 567.253, 974.261, 407.248, 870.346, 650.998, 517.113, 743.937, 474.765, 961.504, 458.883, 682.288, 732.718, 675.27, 756.266, 689.57, 626.68, 613.299, 390.457, 736.375, 610.48, 645, 837.596, 614.517, 477.404, 517.164, 460.052, 952.017, 985.79, 671.856, 415.897, 1035.65, 924.285, 501.774, 720.413, 674.347, 486.184, 387.219, 413.27, 796.916, 459.993, 380.493, 424.166, 831.629, 423.635, 470.763, 610.518, 511.64, 700.549, 1241.39, 559.274, 425.93, 900.648, 589.041, 1014.05, 812.996, 830.516, 476.38, 884.698, 931.651, 474.614, 354.456, 841.034, 505.988, 577.134, 537.559, 392.742, 855.621, 1093.25, 395.366, 378.868, 625.182, 682.303, 670.138, 611.089, 447.766, 958.997, 398.239, 678.149, 359.526, 840.238, 500.039, 520.461, 713.715, 691.798, 442.746, 461.689, 405.477, 750.588, 725.024, 763.894, 417.907, 347.375, 529.704, 1241.06, 954.213, 477.734, 751.554, 741.429, 377.028, 505.766, 779.574, 1187.3, 657.331, 526.939, 475.734, 540.153, 448.781, 1009.54, 1029.91, 397.03, 897.342, 1003.13, 425.029, 686.17, 466.031, 898.986];
HighestPossibleCritFunctionValue = 1.1;
