NumDevices = 64;
NumSlotes = 512;


GivenBandwidthOld = [0.00551589, 0.00308862, 0.00789536, 0.00722967, 0.00651747, 0.00536426, 0.00463266, 0.0085298, 0.00783617, 0.00623155, 0.00619878, 0.0054745, 0.00735022, 0.00760413, 0.00633409, 0.00458491, 0.0060902, 0.0055334, 0.00364556, 0.00601014, 0.00368082, 0.0047362, 0.0050925, 0.0059474, 0.00552038, 0.00354617, 0.00415285, 0.00691334, 0.0025819, 0.00404541, 0.00742968, 0.0055948, 0.00431062, 0.00856361, 0.00727035, 0.00282951, 0.00308069, 0.0059404, 0.00660914, 0.00851611, 0.00276923, 0.00251251, 0.00657301, 0.00758611, 0.00352174, 0.00613464, 0.00861009, 0.00730068, 0.00621247, 0.00431266, 0.00536551, 0.00680934, 0.00456096, 0.00354452, 0.00773649, 0.00586592, 0.00485034, 0.00472937, 0.00275604, 0.00576565, 0.00696021, 0.00281076, 0.00673891, 0.00841687];
GivenLatency = [99.3644, 190.824, 69.5852, 45.7351, 47.8099, 58.0376, 87.4199, 43.0357, 73.0899, 71.6558, 60.6792, 111.053, 51.8411, 50.7867, 50.6759, 116.848, 59.7128, 68.7545, 128.113, 104.05, 146.717, 70.3785, 66.1466, 72.8838, 71.1637, 98.0025, 107.946, 46.9446, 168.154, 107.719, 69.7029, 75.6675, 136.854, 43.7768, 50.8206, 166.449, 124.345, 75.5142, 90.0339, 50.5183, 118.148, 233.26, 47.1118, 80.4042, 131.785, 60.9159, 43.5681, 43.5058, 75.1874, 97.4693, 88.1797, 50.9895, 106.251, 97.3932, 48.315, 89.7329, 99.1498, 80.124, 116.453, 60.3226, 54.0994, 129.364, 67.428, 51.2992];
HighestPossibleCritFunctionValue = 1.1;
