NumDevices = 128;
NumSlotes = 1024;


GivenBandwidthOld = [0.00652148, 0.0040539, 0.00637906, 0.00539553, 0.00513001, 0.00761311, 0.00605709, 0.00406511, 0.00474243, 0.00859993, 0.00656946, 0.00537847, 0.00838217, 0.00668543, 0.00445089, 0.00864961, 0.00641641, 0.008039, 0.00393025, 0.00825384, 0.00474358, 0.00777278, 0.00455441, 0.00840665, 0.00800911, 0.00654446, 0.00519158, 0.00737429, 0.00722817, 0.00639161, 0.00621941, 0.00705572, 0.00798646, 0.00590355, 0.00844647, 0.00738364, 0.00430023, 0.00652683, 0.0040157, 0.00445012, 0.00567059, 0.00809468, 0.00484083, 0.00731097, 0.00805033, 0.00439774, 0.00539258, 0.00567389, 0.0086261, 0.00635126, 0.00820421, 0.00566263, 0.00437326, 0.00387724, 0.0072199, 0.00730978, 0.00805165, 0.00654539, 0.00589081, 0.00428504, 0.00616818, 0.00603724, 0.00533162, 0.00604594, 0.00666391, 0.0077937, 0.0062788, 0.00525132, 0.00645755, 0.00460422, 0.00564209, 0.00402951, 0.00650279, 0.0049005, 0.00523632, 0.00441062, 0.00684081, 0.00591567, 0.00720819, 0.00552853, 0.00543307, 0.0061335, 0.00821656, 0.00817474, 0.00542623, 0.00608047, 0.00696978, 0.0085708, 0.00701836, 0.00508112, 0.00584892, 0.00525167, 0.00726374, 0.0042008, 0.00534049, 0.00509613, 0.00819705, 0.00524686, 0.00646098, 0.00717245, 0.00486189, 0.00620785, 0.00781193, 0.00754955, 0.00784922, 0.004318, 0.00506706, 0.00450567, 0.00437554, 0.00717237, 0.00845568, 0.00715576, 0.00442566, 0.0045871, 0.00789584, 0.00782619, 0.00732564, 0.00448767, 0.00679382, 0.00622629, 0.00771991, 0.00601911, 0.0057271, 0.00784314, 0.00717656, 0.00394396, 0.00856005, 0.00631606];
GivenLatency = [165.084, 269.46, 175.756, 218.716, 212.916, 140.741, 171.998, 243.829, 254.965, 112.687, 160.818, 222.421, 151.82, 155.301, 265.572, 111.719, 167.372, 126.706, 294.39, 140.739, 218.104, 129.785, 226.371, 121.544, 138.488, 191.214, 228.882, 136.847, 150.039, 178.873, 158.658, 163.47, 128.714, 188.795, 151.246, 157.215, 294.661, 176.354, 270.244, 282.074, 195.217, 118.689, 266.789, 153.902, 155.994, 223.849, 233.671, 206.334, 122.2, 167.427, 131.202, 177.947, 285.95, 304.402, 170.02, 135.788, 131.948, 171.052, 185.208, 232.122, 175.303, 182.361, 206.667, 195.52, 144.707, 154.976, 196.073, 191.73, 181.597, 266.516, 227.369, 260.572, 162.332, 217.792, 229.595, 233.595, 161.414, 188.674, 169.504, 200.27, 229.215, 182.195, 129.175, 116.951, 219.826, 180.152, 154.948, 149.665, 146.511, 204.387, 178.919, 205.279, 141.449, 299.442, 221.182, 194.186, 130.146, 220.233, 171.278, 154.962, 221.92, 168.752, 122.296, 134.618, 140.744, 277.5, 198.643, 212.869, 282.639, 164.962, 150.01, 137.646, 216.418, 279.539, 153.72, 162.727, 147.875, 282.845, 142.313, 167.718, 141.722, 207.13, 196.353, 143.688, 175.787, 304.081, 129.243, 203.215];
HighestPossibleCritFunctionValue = 1.1;
