NumDevices = 64;
NumSlotes = 512;


GivenBandwidthOld = [0.00493437, 0.00437864, 0.00810787, 0.00400978, 0.00855067, 0.00858019, 0.0047452, 0.00624655, 0.00822548, 0.00571273, 0.00508687, 0.00506486, 0.00385505, 0.00804284, 0.0048327, 0.00811218, 0.00758042, 0.00781845, 0.00845566, 0.00560363, 0.00265935, 0.00569364, 0.00295749, 0.00409699, 0.00565625, 0.00583026, 0.00547143, 0.00573854, 0.00765066, 0.00717141, 0.00865806, 0.00717595, 0.00377023, 0.00755753, 0.00448409, 0.00534409, 0.00314829, 0.00458606, 0.00673287, 0.00683598, 0.00848823, 0.00297265, 0.00263963, 0.00549303, 0.00643285, 0.00812191, 0.00861079, 0.00652203, 0.00706933, 0.00551358, 0.00795184, 0.00648163, 0.00301034, 0.00484011, 0.00770132, 0.00861054, 0.00853327, 0.00370327, 0.00717108, 0.00304038, 0.00349585, 0.00846503, 0.00672597, 0.00332067];
GivenLatency = [67.191, 119.562, 54.0467, 132.387, 36.9998, 57.8832, 113.85, 50.0348, 78.058, 61.2839, 62.2719, 109.417, 105.706, 38.838, 66.7161, 61.2462, 53.7384, 54.6774, 50.7556, 56.578, 181.133, 96.4329, 177.386, 80.1607, 98.3581, 74.2344, 73.425, 53.7941, 82.8837, 47.8529, 39.1436, 61.4762, 112.29, 65.9762, 87.4884, 66.2692, 204.891, 101.816, 49.1942, 55.3466, 50.271, 114.869, 123.239, 91.0916, 84.6956, 45.7014, 38.0848, 97.188, 43.6932, 99.2115, 53.3951, 58.7067, 125.482, 106.264, 42.7102, 40.7812, 46.921, 85.3626, 77.6093, 105.396, 154.792, 39.5421, 46.7765, 113.091];
HighestPossibleCritFunctionValue = 1.1;
