NumDevices = 128;
NumSlotes = 1024;


GivenBandwidthOld = [0.00569941, 0.00741444, 0.00699214, 0.00435674, 0.00626966, 0.00664423, 0.00704727, 0.00595222, 0.00642059, 0.0083844, 0.00411222, 0.00656908, 0.00408509, 0.00555828, 0.00555572, 0.00741356, 0.00719482, 0.0058607, 0.00828698, 0.0068398, 0.00403149, 0.00481863, 0.00416471, 0.00386422, 0.0083977, 0.00771073, 0.00670718, 0.00502361, 0.00437582, 0.00692418, 0.00728144, 0.00670516, 0.00614651, 0.00687913, 0.00506061, 0.00620015, 0.00843281, 0.00769696, 0.00525905, 0.00643015, 0.00396729, 0.00578383, 0.00635687, 0.00734217, 0.00729744, 0.00564824, 0.0075523, 0.0040455, 0.00518549, 0.00504408, 0.00841362, 0.00524561, 0.00551875, 0.00612436, 0.00458246, 0.00495909, 0.00493586, 0.00451602, 0.0082777, 0.00577104, 0.00638302, 0.00684661, 0.00842398, 0.00427609, 0.00567946, 0.00720095, 0.00384222, 0.00867626, 0.00446071, 0.00859613, 0.00763949, 0.0043522, 0.00486164, 0.00703005, 0.00662524, 0.00787251, 0.0058223, 0.00783899, 0.0074638, 0.00661909, 0.00460103, 0.00695797, 0.0050409, 0.00491178, 0.00477209, 0.00697569, 0.00795752, 0.00447079, 0.00806543, 0.00823496, 0.00742504, 0.00511776, 0.0066651, 0.00783109, 0.00458551, 0.00622142, 0.00587131, 0.00659613, 0.00870929, 0.00453773, 0.00810551, 0.00673058, 0.00837623, 0.0067695, 0.00741323, 0.0066334, 0.00510845, 0.00514503, 0.00505606, 0.00463259, 0.00742082, 0.00426043, 0.00759641, 0.00537172, 0.00493887, 0.00513091, 0.00774962, 0.00540087, 0.00498244, 0.00744358, 0.00674778, 0.00739418, 0.00654801, 0.00489919, 0.00810617, 0.00789936, 0.00700755, 0.00845664];
GivenLatency = [171.614, 135.496, 168.08, 254.493, 162.498, 148.042, 173.415, 161.554, 172.549, 132.383, 259.087, 145.941, 257.067, 183.035, 203.005, 130.792, 162.222, 216.037, 150.871, 165.271, 274.868, 214.412, 263.727, 335.029, 129.735, 128.824, 145.836, 201.361, 233.405, 152.167, 165.755, 190.976, 202.66, 166.301, 201.951, 156.97, 133.506, 161.845, 244.809, 180.396, 267.745, 184.696, 164.03, 136.99, 161.877, 170.93, 148.869, 284.854, 190.675, 188.931, 145.763, 244.431, 216.951, 178.772, 214.675, 205.17, 260.83, 284.519, 127.195, 170.758, 153.709, 156.237, 116.615, 242.281, 224.528, 140.545, 269.922, 122.307, 224.246, 111.561, 134.804, 239.815, 248.789, 141.111, 150.481, 125.422, 195.14, 156.621, 130.603, 159.906, 218.321, 139.997, 244.55, 213.375, 221.403, 141.831, 125.179, 226.28, 132.586, 135.745, 163.375, 201.83, 150.883, 136.332, 230.048, 171.782, 179.352, 147.249, 149.113, 258.148, 130.875, 141.786, 144.537, 164.743, 135.339, 171.828, 225.391, 185.422, 197.368, 213.895, 136.227, 256.673, 145.388, 215.683, 225.625, 188.72, 138.899, 202.771, 194.402, 138.276, 151.697, 136.184, 170.479, 237.559, 134.77, 152.362, 160.308, 153.278];
HighestPossibleCritFunctionValue = 1.1;
