NumDevices = 64;
NumSlotes = 512;


GivenBandwidthOld = [0.0135668, 0.011383, 0.00936188, 0.0100871, 0.00865097, 0.0118705, 0.013013, 0.0148363, 0.00922207, 0.0103455, 0.0115732, 0.016459, 0.0114106, 0.0133728, 0.0122012, 0.0103341, 0.00968953, 0.0168998, 0.00991923, 0.0174849, 0.0135089, 0.00877694, 0.00907747, 0.0101062, 0.00915245, 0.0102863, 0.0168088, 0.0111273, 0.0114173, 0.0152748, 0.0087037, 0.00812319, 0.0113813, 0.010154, 0.0136925, 0.0147006, 0.00875119, 0.0163383, 0.0135321, 0.00965525, 0.0107994, 0.0109726, 0.0112652, 0.00932747, 0.0118606, 0.0161488, 0.00790902, 0.0119368, 0.0163723, 0.0138408, 0.00800791, 0.0139686, 0.0148834, 0.00977052, 0.00807908, 0.0101008, 0.0098967, 0.0088968, 0.0134679, 0.0102843, 0.0127859, 0.0174239, 0.00884853, 0.0122483];
GivenLatency = [78.0478, 87.3196, 130.655, 94.2913, 120.645, 99.5199, 85.3375, 79.491, 107.81, 88.8793, 94.5043, 75.3862, 80.2401, 76.029, 94.7221, 117.706, 102.088, 67.9373, 97.4119, 61.7582, 73.5587, 136.54, 113.205, 112.395, 99.7219, 109.881, 58.0823, 84.3809, 92.008, 70.9265, 119.449, 135.886, 101.062, 114.693, 71.7328, 63.056, 109.243, 62.218, 87.3801, 99.5969, 87.0981, 113.608, 104.014, 120.212, 92.8904, 67.7346, 120.492, 100.806, 65.5316, 89.5644, 139.709, 67.0292, 61.5288, 108.282, 114.923, 105.236, 92.4761, 137.103, 77.9006, 97.8945, 77.0848, 63.3955, 114.131, 77.9513];
HighestPossibleCritFunctionValue = 1.1;
