NumDevices = 128;
NumSlotes = 1024;


GivenBandwidthOld = [0.00297113, 0.00325808, 0.00415563, 0.00183478, 0.00151026, 0.00354706, 0.00172468, 0.00417952, 0.00326851, 0.00128987, 0.00258928, 0.0043587, 0.00231081, 0.00218802, 0.00410586, 0.00287537, 0.00328366, 0.00282896, 0.0012929, 0.00351887, 0.00288288, 0.0043584, 0.0034476, 0.00194047, 0.00291121, 0.00241137, 0.00167348, 0.00307506, 0.00307498, 0.00185982, 0.00356293, 0.00278033, 0.00268094, 0.00411784, 0.00415793, 0.00287119, 0.00164163, 0.00213562, 0.00145895, 0.0036442, 0.00301155, 0.00140773, 0.00229739, 0.00154321, 0.00418663, 0.00400804, 0.00249435, 0.0024737, 0.00229691, 0.00295116, 0.00200674, 0.00418018, 0.0018763, 0.00249519, 0.00419421, 0.00333297, 0.00344659, 0.00367145, 0.00162556, 0.00384286, 0.00131285, 0.00138476, 0.00365237, 0.00293851, 0.00194625, 0.0030486, 0.00225175, 0.00321268, 0.00367564, 0.00327866, 0.00324438, 0.00205059, 0.00366103, 0.00147232, 0.00335327, 0.00406899, 0.00196373, 0.0032303, 0.00291565, 0.0019999, 0.00167882, 0.00223277, 0.00302539, 0.00277384, 0.0030543, 0.00425375, 0.00408939, 0.00407523, 0.00364206, 0.00148927, 0.00392669, 0.00403227, 0.00355827, 0.0025791, 0.00185537, 0.00376211, 0.00356248, 0.00147886, 0.0039076, 0.00193259, 0.00161189, 0.00220799, 0.00214672, 0.00371155, 0.00374026, 0.00189961, 0.00370358, 0.00421572, 0.00230039, 0.00197988, 0.00267148, 0.00146293, 0.0017703, 0.00221174, 0.00263449, 0.00165014, 0.00135282, 0.00427557, 0.00205546, 0.00428192, 0.00240636, 0.00180449, 0.00179231, 0.00342248, 0.00156681, 0.00396342, 0.00253804, 0.00244844];
GivenLatency = [142.41, 125.24, 145.52, 176.542, 242.443, 160.034, 250.217, 76.9503, 115.628, 321.665, 158.55, 101.116, 180.107, 291.987, 88.4013, 206.414, 143.327, 173.12, 277.95, 130.963, 203.799, 117.913, 138.552, 253.312, 194.697, 145.062, 270.447, 102.534, 210.515, 289.3, 144.716, 209.199, 149.255, 132.6, 102, 172.77, 339.958, 194.45, 324.808, 86.4807, 135.184, 461.71, 181.405, 295.033, 101.773, 78.859, 182.154, 241.902, 258.171, 182.817, 235.807, 74.9027, 167.941, 227.54, 127.63, 149.836, 181.056, 128.645, 213.127, 84.571, 394.346, 379.735, 100.735, 131.253, 291.155, 158.798, 167.122, 175.156, 92.9202, 97.4951, 125.752, 213.946, 177.216, 318.172, 123.649, 89.0706, 170.989, 113.913, 119.483, 170.715, 196.862, 157.382, 169.609, 122.749, 129.439, 95.1036, 78.4503, 111.616, 107.188, 386.315, 124.901, 95.5542, 148.405, 147.536, 313.902, 169.012, 129.089, 251.158, 155.395, 166.192, 209.388, 154.317, 172.264, 124.761, 134.752, 169.602, 137.134, 120.265, 173.937, 218.98, 162.905, 338.647, 325.26, 157.113, 188.369, 197.046, 385.546, 102.988, 254.75, 141.506, 179.73, 358.459, 360.595, 100.477, 241.46, 126.697, 224.536, 172.401];
HighestPossibleCritFunctionValue = 1.1;
