NumDevices = 128;
NumSlotes = 1024;


GivenBandwidthOld = [0.00871611, 0.00420143, 0.00600501, 0.00874777, 0.00623328, 0.00526262, 0.00640937, 0.00471811, 0.00473772, 0.00442564, 0.00426638, 0.00747728, 0.00812009, 0.00684323, 0.00668628, 0.00384636, 0.00833791, 0.00784381, 0.0084524, 0.00701222, 0.00692801, 0.00649363, 0.00598407, 0.00679496, 0.00545826, 0.00447285, 0.0076455, 0.00545578, 0.00775865, 0.0071539, 0.00809072, 0.00819475, 0.00675302, 0.00548075, 0.00750734, 0.00836102, 0.00620598, 0.00643316, 0.0045456, 0.0053166, 0.00853182, 0.00675223, 0.00720758, 0.00533785, 0.00573682, 0.0062215, 0.00717303, 0.00461875, 0.0047645, 0.00452092, 0.00561627, 0.00511725, 0.00807202, 0.00394353, 0.00638793, 0.00442932, 0.00609148, 0.00707312, 0.00536725, 0.00483887, 0.00442727, 0.00664509, 0.00651772, 0.00577254, 0.00654698, 0.00766607, 0.00610432, 0.00787226, 0.00652257, 0.00729357, 0.00545584, 0.00382312, 0.00760846, 0.00797059, 0.0041992, 0.00842498, 0.00611968, 0.00604559, 0.00575116, 0.00731014, 0.00401393, 0.00466315, 0.00613736, 0.00812854, 0.00390498, 0.00852457, 0.00486114, 0.00376455, 0.0082518, 0.00553569, 0.00583147, 0.00703189, 0.00747753, 0.00732946, 0.00378489, 0.0052308, 0.00652657, 0.00453272, 0.00394738, 0.00616401, 0.00600587, 0.0081034, 0.00639425, 0.00565894, 0.0072936, 0.00601484, 0.00390963, 0.0067186, 0.00705626, 0.00709913, 0.00758486, 0.0062814, 0.00395799, 0.00449695, 0.00775023, 0.00564982, 0.00397753, 0.00783721, 0.00744154, 0.00740226, 0.00736087, 0.0067059, 0.0086075, 0.00871466, 0.0047425, 0.0047672, 0.00477287, 0.00513424];
GivenLatency = [148.934, 261.473, 184.488, 135.019, 182.534, 203.168, 148.972, 241.514, 208.258, 235.97, 264.71, 140.961, 145.21, 172.591, 145.642, 274.686, 130.481, 131.312, 141.452, 170.031, 143.695, 157.46, 173.102, 142.152, 181.313, 253.467, 129.134, 229.683, 123.097, 149.951, 158.378, 142.951, 150.725, 228.211, 156.134, 153.159, 168.643, 173.858, 250.752, 199.355, 112.35, 180.952, 137.98, 191.495, 175.897, 192.978, 172.046, 213.031, 214.509, 284.06, 194.916, 187.398, 143.835, 313.832, 162.284, 286.056, 204.653, 179.184, 187.871, 225.098, 216.029, 152.354, 190.408, 166.915, 192.102, 153.1, 177.142, 122.693, 149.491, 148.397, 225.432, 269.216, 154.421, 120.868, 253.949, 145.021, 205.847, 198.34, 168.128, 145.059, 262.781, 275.116, 156.483, 153.611, 309.618, 145.55, 209.149, 278.659, 133.324, 175.536, 203.899, 179.026, 142.412, 172.735, 274.76, 202.84, 148.655, 214.414, 282.885, 157.062, 184.549, 136.423, 160.938, 179.005, 142.945, 197.801, 259.351, 143.615, 150.391, 174.352, 159.412, 177.782, 248.241, 227.286, 160.175, 188.874, 317.039, 133.238, 166.912, 137.792, 150.516, 175.997, 114.091, 130.444, 231.496, 206.418, 229.02, 229.581];
HighestPossibleCritFunctionValue = 1.1;
