NumDevices = 64;
NumSlotes = 512;


GivenBandwidthOld = [0.00479567, 0.00450249, 0.00839382, 0.00366538, 0.00776281, 0.00454307, 0.00294175, 0.00819225, 0.0034084, 0.00751611, 0.00830658, 0.00621084, 0.00807161, 0.00701454, 0.003387, 0.00400787, 0.007857, 0.0063431, 0.00606492, 0.00566716, 0.00793742, 0.00796427, 0.00292759, 0.00777263, 0.00710541, 0.00559525, 0.0055752, 0.00621511, 0.00491553, 0.0064868, 0.00870328, 0.00484015, 0.00833545, 0.00395982, 0.0064545, 0.00333021, 0.00588649, 0.00670846, 0.00278588, 0.00722871, 0.00296725, 0.00556256, 0.00618296, 0.00832238, 0.00294527, 0.00496922, 0.00268791, 0.00444895, 0.00852233, 0.00734679, 0.00631735, 0.00448178, 0.00399546, 0.00548128, 0.00269269, 0.0034749, 0.00641332, 0.00489215, 0.00731863, 0.00797223, 0.00550254, 0.00365232, 0.00696588, 0.00438041];
GivenLatency = [78.5338, 116.537, 43.1821, 101.084, 76.494, 128.062, 115.164, 74.4364, 128.049, 70.171, 73.8522, 56.2158, 40.7993, 87.2834, 121.928, 91.5601, 63.0208, 77.7851, 79.7067, 100.067, 56.3131, 69.1645, 126.302, 63.9135, 82.3684, 91.8887, 56.1747, 76.8663, 91.4821, 76.8035, 38.2663, 111.832, 43.6509, 93.4916, 51.5897, 157.424, 53.3618, 95.4458, 168.404, 45.8146, 206.902, 81.6156, 62.5948, 39.6956, 213.66, 89.118, 141.4, 140.494, 38.3258, 63.4841, 99.1328, 97.4225, 90.367, 63.5414, 133.966, 93.8609, 53.6446, 106.832, 70.4472, 57.9674, 102.89, 142.648, 93.0819, 105.316];
HighestPossibleCritFunctionValue = 1.1;
