NumDevices = 32;
NumSlotes = 256;


GivenBandwidthOld = [0.0328999, 0.0190545, 0.0190054, 0.0336867, 0.0230218, 0.0167292, 0.0183504, 0.0258586, 0.0157864, 0.0325869, 0.0178574, 0.0199808, 0.0279033, 0.0208946, 0.0249494, 0.0343459, 0.0215226, 0.0207145, 0.0190006, 0.0337349, 0.0324394, 0.0194393, 0.0261978, 0.0155914, 0.0344267, 0.018901, 0.0195693, 0.0316877, 0.0256862, 0.0187216, 0.0231173, 0.0216596];
GivenLatency = [30.587, 45.2593, 55.3642, 25.4916, 38.9965, 63.552, 52.3152, 38.3027, 56.5581, 27.4929, 60.329, 49.1762, 38.6799, 41.089, 40.3618, 32.8795, 41.4659, 44.6715, 44.3618, 25.8623, 29.156, 47.3824, 38.1735, 70.6503, 27.0337, 47.8648, 46.5097, 28.6185, 41.2082, 47.1738, 41.5147, 50.4467];
HighestPossibleCritFunctionValue = 1.1;
