NumDevices = 128;
NumSlotes = 1024;


GivenBandwidthOld = [0.00446239, 0.00688955, 0.00515891, 0.00837668, 0.00429956, 0.00518071, 0.0047381, 0.00574637, 0.00681484, 0.00444759, 0.00813963, 0.00531951, 0.00750434, 0.00801931, 0.00806055, 0.00620709, 0.00512902, 0.00596004, 0.00797842, 0.00572646, 0.00711198, 0.00848066, 0.0069284, 0.00813842, 0.00485465, 0.00460364, 0.00588652, 0.00717659, 0.00446867, 0.00751106, 0.00587489, 0.00678486, 0.00572669, 0.0060461, 0.00423831, 0.00583374, 0.00509348, 0.00862572, 0.00491263, 0.00403897, 0.00549814, 0.00478948, 0.00426253, 0.00778169, 0.00440969, 0.00623205, 0.00458176, 0.00806571, 0.00787842, 0.00511012, 0.00831147, 0.00837487, 0.00396072, 0.00526035, 0.00826266, 0.00809647, 0.00494668, 0.00635138, 0.00515532, 0.00803322, 0.00678008, 0.00535513, 0.00609218, 0.00383494, 0.00627447, 0.00751931, 0.00448478, 0.008224, 0.00823609, 0.00653879, 0.00499241, 0.0048731, 0.00464952, 0.0070519, 0.00382025, 0.00440914, 0.00697929, 0.00837403, 0.00489552, 0.0064667, 0.00837985, 0.00771864, 0.00464213, 0.00775488, 0.00868807, 0.00791297, 0.00584785, 0.00734372, 0.00841611, 0.00710479, 0.00774788, 0.00607801, 0.00564005, 0.00487304, 0.00376475, 0.00670495, 0.00763857, 0.00401173, 0.0076431, 0.00503802, 0.00650165, 0.00581046, 0.00392117, 0.00568675, 0.00473227, 0.00773401, 0.00805569, 0.00453588, 0.00701001, 0.00473686, 0.00497824, 0.00682484, 0.00760856, 0.00456306, 0.00385064, 0.00521791, 0.00495528, 0.00585922, 0.0084716, 0.00471342, 0.0060122, 0.00449933, 0.00777436, 0.00621376, 0.00715129, 0.00419836, 0.00442133, 0.00687074];
GivenLatency = [285.863, 146.796, 201.012, 121.597, 228.178, 225.459, 253.58, 180.114, 153.305, 218.912, 139.024, 179.321, 138.616, 119.896, 137.171, 158.159, 224.044, 160.757, 133.61, 195.14, 172.978, 115.493, 141.548, 124.574, 226.444, 246.528, 176.681, 178.052, 221.315, 152.604, 176.703, 184.352, 171.861, 180.461, 241.888, 188.491, 216.234, 130.038, 221.074, 266.725, 235.203, 242.426, 250.384, 141.326, 288.815, 179.204, 236.234, 121.79, 123.681, 247.781, 121.262, 135.847, 264.894, 206.361, 149.764, 120.669, 244.952, 169.814, 248.488, 145.023, 164.08, 181.617, 162.143, 264.544, 184.637, 149.586, 236.912, 121.095, 126.5, 149.793, 234.047, 197.792, 243.844, 181.278, 267.63, 221.644, 160.951, 154.598, 259.93, 147.792, 144.695, 130.34, 268.38, 137.051, 135.975, 126.782, 218.797, 130.131, 119.862, 147.176, 167.317, 162.082, 197.97, 220.616, 306.651, 165.172, 128.651, 246.767, 150.557, 201.345, 155.34, 188.141, 325.207, 222.014, 210.98, 159.527, 120.885, 284.62, 153.129, 248.802, 238.174, 163.502, 146.231, 239.635, 256.174, 227.539, 214.292, 212.849, 136.976, 244.632, 207.086, 211.945, 128.525, 168.064, 136.624, 254.058, 280.969, 187.544];
HighestPossibleCritFunctionValue = 1.1;
