NumDevices = 64;
NumSlotes = 512;


GivenBandwidthOld = [0.00286396, 0.00711658, 0.00583062, 0.00527307, 0.003189, 0.00752098, 0.00265279, 0.00801479, 0.00837979, 0.00543166, 0.00621404, 0.0056887, 0.00744222, 0.00383593, 0.00555306, 0.00279968, 0.00803829, 0.00327926, 0.0057759, 0.0042615, 0.0080193, 0.0027921, 0.00554654, 0.00567196, 0.00743721, 0.00714621, 0.00390267, 0.00842283, 0.00382229, 0.00746256, 0.00825372, 0.00525401, 0.00797281, 0.00273644, 0.00755998, 0.00816777, 0.0043823, 0.00711208, 0.00522746, 0.0053406, 0.0070238, 0.00269753, 0.00367124, 0.00620841, 0.0047409, 0.00283057, 0.00847324, 0.00723743, 0.00580167, 0.00621459, 0.00856782, 0.00301731, 0.00313654, 0.00711601, 0.00872356, 0.00809968, 0.00376587, 0.00301779, 0.00504969, 0.0051396, 0.00368727, 0.00702009, 0.00289347, 0.00304161];
GivenLatency = [151.625, 49.5994, 68.327, 60.201, 107.679, 43.6018, 220.333, 59.5169, 49.3823, 57.9193, 64.0475, 68.6798, 59.551, 127.794, 67.5424, 224.978, 39.6625, 128.127, 53.9196, 80.7687, 64.9631, 175.576, 55.8854, 65.1287, 44.4198, 72.9176, 94.3817, 53.0969, 166.731, 82.0065, 42.7275, 66.1379, 39.432, 115.612, 77.2341, 38.6013, 72.5968, 55.8343, 72.6728, 105.61, 61.2479, 179.496, 152.34, 94.8651, 120.53, 158.814, 51.2822, 77.9324, 102.638, 60.9527, 46.299, 116.188, 121.169, 62.59, 66.1626, 39.1254, 83.6536, 130.793, 88.4743, 70.6583, 103.24, 46.1578, 135.163, 175.063];
HighestPossibleCritFunctionValue = 1.1;
