NumDevices = 128;
NumSlotes = 1024;


GivenBandwidthOld = [0.00789623, 0.0043868, 0.0065073, 0.00576111, 0.00443991, 0.00401839, 0.00463703, 0.00710955, 0.00765331, 0.00664126, 0.00719044, 0.00723045, 0.00472227, 0.00463675, 0.00734986, 0.00663207, 0.00770852, 0.00452621, 0.00450735, 0.00750351, 0.00398295, 0.00398365, 0.0057299, 0.00487692, 0.00390276, 0.00624651, 0.00761862, 0.00860821, 0.00575568, 0.00826032, 0.0086675, 0.00717384, 0.00818435, 0.00684345, 0.00533799, 0.00806293, 0.0062252, 0.00440887, 0.00731771, 0.00617897, 0.00747549, 0.00798188, 0.00389407, 0.00515328, 0.0086926, 0.00395789, 0.00776635, 0.00645683, 0.00742295, 0.00496711, 0.00468183, 0.00509146, 0.0046615, 0.00840036, 0.00728816, 0.00464088, 0.00681777, 0.00379723, 0.00755504, 0.00501493, 0.0084302, 0.00380085, 0.0083475, 0.00385731, 0.00733312, 0.00520483, 0.00511534, 0.0060862, 0.00821103, 0.00532849, 0.00844566, 0.00868589, 0.00620574, 0.0073139, 0.00726156, 0.00756737, 0.00720788, 0.00537216, 0.00741904, 0.004345, 0.00387039, 0.00714421, 0.00526111, 0.0059703, 0.00534539, 0.0075303, 0.00427733, 0.00665487, 0.00596926, 0.00788821, 0.00460158, 0.00626986, 0.00501661, 0.00668018, 0.00628555, 0.00376244, 0.007787, 0.00862561, 0.00809421, 0.00689159, 0.00437956, 0.00472458, 0.00845875, 0.00870955, 0.00382834, 0.00540941, 0.00845834, 0.0068448, 0.00808823, 0.00631315, 0.00766813, 0.00571785, 0.00741712, 0.00706893, 0.00505902, 0.0044614, 0.00523731, 0.0058917, 0.00437659, 0.00482736, 0.006002, 0.00808776, 0.00844601, 0.00456811, 0.00869193, 0.00771801, 0.00411421, 0.00509533];
GivenLatency = [153.396, 218.438, 178.755, 185.265, 273.528, 240.59, 209.154, 154.903, 162.055, 195.4, 149.196, 156.109, 224.433, 270.125, 138.368, 185.011, 140.231, 252.333, 219.482, 166.008, 260.86, 242.069, 182.816, 205.15, 265.733, 160.987, 168.826, 131.668, 175.46, 125.737, 128.601, 149.358, 117.019, 172.786, 190.51, 125.31, 164.984, 246.975, 165.206, 201.998, 156.948, 137.849, 279.492, 217.782, 111.342, 252.085, 136.349, 149.86, 151.072, 203.298, 267.453, 210.076, 269.182, 138.465, 164.5, 257.406, 186.201, 256.31, 153.676, 215.027, 122.197, 306.856, 137.287, 290.19, 152.995, 218.492, 233.413, 178.213, 123.773, 181.357, 133.077, 132.988, 194.319, 162.529, 163.047, 138.379, 159.003, 241.515, 160.428, 247.329, 284.456, 154.523, 184.223, 210.436, 213.66, 139.161, 261.177, 155.788, 217.271, 137.557, 241.758, 188.699, 219.707, 153.646, 159.19, 260.688, 148.28, 149.539, 136.332, 145.144, 255.422, 212.289, 123.223, 148.022, 275.941, 220.871, 149.011, 178.41, 119.663, 204.576, 167.141, 192.401, 169.003, 178.206, 191.753, 217.766, 183.091, 199.761, 219.014, 225.351, 187.373, 124.671, 136.846, 260.341, 143.182, 126.198, 273.491, 201.642];
HighestPossibleCritFunctionValue = 1.1;
