NumDevices = 128;
NumSlotes = 1024;


GivenBandwidthOld = [0.00533526, 0.00965024, 0.00662946, 0.00504069, 0.00884729, 0.00512974, 0.00561522, 0.00872487, 0.00388039, 0.00767512, 0.00444092, 0.00978548, 0.00461708, 0.00804074, 0.00574803, 0.00959667, 0.00617065, 0.00638322, 0.00394493, 0.00499261, 0.00706756, 0.00574546, 0.00401025, 0.00907981, 0.006848, 0.00935678, 0.00568008, 0.00504606, 0.00535788, 0.00857029, 0.00581796, 0.00998164, 0.00766335, 0.00671964, 0.00816317, 0.00719994, 0.00564915, 0.00396485, 0.00841685, 0.00818503, 0.00583023, 0.00992849, 0.00813333, 0.00567045, 0.00571513, 0.00676288, 0.0099298, 0.00516759, 0.00426496, 0.00874418, 0.00961117, 0.00615042, 0.00387379, 0.0093394, 0.00723224, 0.00472096, 0.00384599, 0.00457898, 0.00520061, 0.00918062, 0.00735878, 0.00656503, 0.00963205, 0.00703718, 0.00755785, 0.00848922, 0.00586501, 0.00692596, 0.0070969, 0.00503594, 0.00401602, 0.00605146, 0.00936977, 0.00515077, 0.00905841, 0.00965531, 0.00428618, 0.00900692, 0.00673423, 0.00968611, 0.0094039, 0.00377301, 0.00929423, 0.00445028, 0.00456312, 0.00742116, 0.00494984, 0.00698477, 0.00799421, 0.00487221, 0.00852203, 0.00720122, 0.00841105, 0.00448411, 0.00451316, 0.00525358, 0.00566755, 0.0069775, 0.00452366, 0.00668156, 0.00578543, 0.00704947, 0.00801821, 0.00823233, 0.00697002, 0.0039097, 0.0066002, 0.00702621, 0.00443365, 0.00641081, 0.00526434, 0.00521935, 0.0053104, 0.00435248, 0.0046689, 0.00388662, 0.00619384, 0.00855623, 0.00710425, 0.0098059, 0.00409006, 0.0066342, 0.00977623, 0.005304, 0.0093776, 0.00557489, 0.00588758, 0.00500565];
GivenLatency = [724.667, 384.24, 672.241, 739.837, 436.74, 707.944, 796.274, 562.126, 955.181, 645.216, 1073.14, 450.748, 926.61, 428.172, 678.29, 368.681, 572.067, 618.113, 1058.89, 773.847, 501.739, 831.93, 1043.93, 458.467, 619.363, 506.845, 689.75, 725.113, 677.803, 561.953, 684.042, 400.434, 615.425, 569.071, 418.908, 512.419, 595.066, 900.189, 555.097, 467.504, 766.844, 461.806, 565.606, 610.631, 739.294, 634.625, 349.44, 665.757, 984.023, 387.087, 348.005, 769.276, 1038.89, 476.767, 556.365, 907.256, 1223.41, 795.456, 652.138, 364.307, 502.275, 538.779, 433.586, 561.853, 463.886, 554.75, 769.18, 523.172, 508.671, 668.084, 840.455, 716.72, 382.898, 741.949, 392.164, 348.11, 985.024, 484.006, 597.67, 489.491, 443.433, 1016.23, 378.031, 926.419, 794.924, 592.109, 752.08, 543.109, 437.97, 930.774, 530.408, 577.659, 407.13, 973.069, 867.317, 647.785, 864.832, 538.196, 756.631, 516.092, 580.56, 500.057, 484.025, 448.748, 677.519, 1017.26, 581.158, 536.666, 959.645, 539.999, 788.277, 882.421, 926.387, 1073.86, 797.253, 1121.48, 554.527, 441.436, 473.339, 423.749, 903.655, 615.837, 445.998, 722.049, 451.453, 695.277, 625.317, 850.981];
HighestPossibleCritFunctionValue = 1.1;
