NumDevices = 64;
NumSlotes = 512;


GivenBandwidthOld = [0.0156256, 0.0148089, 0.00892676, 0.0171117, 0.0110729, 0.0173766, 0.0140975, 0.0113532, 0.00884036, 0.0149837, 0.0152475, 0.0090806, 0.01267, 0.00982207, 0.0145315, 0.0157574, 0.00908556, 0.0160525, 0.00867846, 0.0138584, 0.0126089, 0.0125436, 0.015982, 0.0139014, 0.0157065, 0.0136885, 0.00804471, 0.0124556, 0.0167061, 0.0137426, 0.016337, 0.0104429, 0.00950343, 0.00908999, 0.0105264, 0.0120167, 0.0103152, 0.0117747, 0.0130384, 0.0112385, 0.00964903, 0.0162133, 0.0120483, 0.0106631, 0.0100195, 0.0134369, 0.00885414, 0.0165892, 0.00906585, 0.0147122, 0.0122645, 0.0146958, 0.0171637, 0.0156737, 0.0122859, 0.0142115, 0.00750725, 0.00933246, 0.015725, 0.0151022, 0.0174116, 0.0124634, 0.00763683, 0.017277];
GivenLatency = [72.5472, 76.3723, 103.145, 59.3414, 101.095, 69.1713, 84.6108, 98.981, 138.623, 62.7781, 64.8412, 133.832, 76.4109, 123.713, 70.4978, 73.0766, 135.156, 71.7085, 110.394, 89.8705, 85.7232, 75.1209, 60.3582, 85.002, 65.151, 77.4956, 125.735, 77.6208, 61.1936, 79.1581, 72.3824, 87.777, 101.588, 117.399, 111.627, 83.2688, 121.114, 82.7794, 79.9131, 87.771, 108.769, 66.5294, 98.4377, 105.773, 115.379, 76.9129, 127.803, 56.0356, 118.856, 66.9402, 89.7966, 62.2312, 72.7141, 73.3783, 79.3145, 72.4791, 164.822, 100.633, 65.8238, 81.9935, 67.4507, 99.3326, 133.805, 56.8211];
HighestPossibleCritFunctionValue = 1.1;
