NumDevices = 32;
NumSlotes = 256;


GivenBandwidthOld = [0.0233864, 0.025655, 0.0328986, 0.0173908, 0.0171463, 0.0279307, 0.0211106, 0.0157054, 0.0305643, 0.0244792, 0.0310956, 0.0329637, 0.0305338, 0.0308903, 0.0226088, 0.0155779, 0.0279646, 0.0304016, 0.0301995, 0.0323734, 0.0301133, 0.023877, 0.0304523, 0.0215626, 0.031859, 0.0246849, 0.0289918, 0.0151014, 0.0196358, 0.0291915, 0.0318418, 0.0158618];
GivenLatency = [46.0366, 43.8807, 27.9597, 49.8785, 65.818, 32.7637, 46.523, 56.0742, 28.7445, 35.0667, 35.376, 34.4873, 34.309, 28.3461, 46.9274, 64.261, 34.4505, 31.1006, 31.9039, 35.5466, 29.8525, 41.773, 31.3883, 50.1006, 28.0212, 44.481, 31.3813, 59.5092, 53.6177, 33.3942, 36.251, 73.8884];
HighestPossibleCritFunctionValue = 1.1;
