NumDevices = 16;
NumSlotes = 128;


GivenBandwidthOld = [0.0441968, 0.0355159, 0.0363629, 0.0712576, 0.0461532, 0.0669216, 0.072109, 0.0555624, 0.0565213, 0.0733698, 0.0457232, 0.0402037, 0.0737938, 0.0720105, 0.0495832, 0.0653894];
GivenLatency = [32.3396, 46.1941, 54.8531, 20.7526, 31.915, 21.6877, 24.6174, 35.8223, 26.73, 18.6798, 34.4551, 37.3238, 25.4532, 25.7953, 38.9151, 24.3775];
HighestPossibleCritFunctionValue = 1.1;
