NumDevices = 8;
NumSlotes = 64;


GivenBandwidthOld = [0.0637274, 0.0666855, 0.103548, 0.128771, 0.131738, 0.0787751, 0.0931691, 0.0928521];
GivenLatency = [11.9075, 13.5388, 7.96594, 5.86948, 5.83515, 9.14805, 11.0442, 9.14303];
HighestPossibleCritFunctionValue = 1.1;
