NumDevices = 16;
NumSlotes = 128;


GivenBandwidthOld = [0.0417783, 0.0675441, 0.0329666, 0.0488139, 0.0350092, 0.0600589, 0.06967, 0.0434393, 0.063821, 0.0589677, 0.0493196, 0.0551077, 0.0555562, 0.0333356, 0.0518173, 0.0331375];
GivenLatency = [23.5241, 14.9941, 31.8389, 19.2488, 28.978, 16.3935, 15.225, 22.8335, 16.8832, 15.486, 16.0095, 19.0563, 17.5706, 30.8349, 19.2465, 28.2076];
HighestPossibleCritFunctionValue = 1.1;
