NumDevices = 32;
NumSlotes = 256;


GivenBandwidthOld = [0.0306947, 0.0153363, 0.0271748, 0.0162764, 0.0278375, 0.0340966, 0.0319649, 0.024838, 0.0218241, 0.0281456, 0.0323126, 0.0273909, 0.0287354, 0.0266786, 0.0167713, 0.0246147, 0.0289519, 0.0241419, 0.0235049, 0.0164444, 0.031669, 0.0302828, 0.0327056, 0.0330723, 0.0154781, 0.0302687, 0.0155845, 0.0179977, 0.0169957, 0.0169937, 0.0230002, 0.0338789];
GivenLatency = [28.225, 64.8499, 32.7178, 55.0251, 30.4585, 25.5275, 36.5694, 33.9934, 42.4056, 35.303, 33.5139, 41.5675, 32.2221, 42.7413, 57.1586, 36.9397, 37.7362, 36.0168, 46.6736, 55.7929, 27.4251, 36.2214, 29.0939, 26.185, 61.3666, 38.2895, 69.5256, 53.4165, 58.652, 55.4636, 37.3337, 25.4285];
HighestPossibleCritFunctionValue = 1.1;
