NumDevices = 64;
NumSlotes = 512;


GivenBandwidthOld = [0.015303, 0.012907, 0.0132142, 0.0154315, 0.0126263, 0.0156802, 0.0125215, 0.0136882, 0.0118112, 0.0152381, 0.012179, 0.00808549, 0.00788772, 0.0138302, 0.0094075, 0.0169203, 0.0145251, 0.00781898, 0.00858047, 0.0170227, 0.0157595, 0.0152439, 0.00852595, 0.0106033, 0.0149869, 0.00921176, 0.017122, 0.0149316, 0.00962521, 0.0158592, 0.0109493, 0.0106528, 0.0172596, 0.016463, 0.00896753, 0.0122986, 0.0171182, 0.00992683, 0.0151722, 0.0138378, 0.0171646, 0.0105663, 0.0129122, 0.010467, 0.0136703, 0.0114532, 0.00878148, 0.0153615, 0.0155041, 0.0120082, 0.0160547, 0.0157103, 0.0172644, 0.00764376, 0.0136134, 0.0147362, 0.0165146, 0.0153057, 0.00750339, 0.0144693, 0.0107906, 0.0119811, 0.0106078, 0.0101362];
GivenLatency = [65.1618, 82.0261, 72.5485, 79.7101, 72.4074, 59.3572, 73.2321, 86.7673, 87.5233, 68.5147, 80.9053, 122.312, 128.376, 90.2661, 113.059, 66.3359, 81.218, 118.432, 116.043, 60.4602, 69.8567, 66.4618, 126.603, 110.751, 78.921, 126.789, 63.7729, 71.1514, 123.764, 77.51, 92.7191, 112.97, 60.2486, 55.546, 117.438, 91.0403, 70.5971, 111.473, 81.9995, 85.7242, 69.0813, 103.348, 79.2815, 95.2872, 79.2966, 107.28, 136.327, 66.8997, 61.7928, 91.4904, 75.3501, 71.4993, 61.4403, 151.315, 73.1103, 70.1967, 58.5118, 65.3735, 125.847, 70.6743, 114.187, 85.7202, 89.734, 94.4799];
HighestPossibleCritFunctionValue = 1.1;
