NumDevices = 16;
NumSlotes = 128;


GivenBandwidthOld = [0.0273343, 0.0225341, 0.0200102, 0.0257882, 0.0130012, 0.0264598, 0.0242696, 0.0142337, 0.0163027, 0.0149069, 0.0310755, 0.0264591, 0.0132526, 0.0267778, 0.0195808, 0.0345825];
GivenLatency = [17.1463, 15.6323, 26.1827, 12.7819, 38.4871, 19.0787, 17.2252, 21.7801, 37.857, 35.3144, 9.81497, 16.585, 44.8745, 15.4175, 31.0212, 11.821];
HighestPossibleCritFunctionValue = 1.1;
