NumDevices = 32;
NumSlotes = 256;


GivenBandwidthOld = [0.0118407, 0.0142145, 0.0103324, 0.0149332, 0.0141238, 0.011767, 0.0126293, 0.00601294, 0.0168985, 0.0074681, 0.0112801, 0.0169124, 0.0159294, 0.00750995, 0.0147889, 0.0144965, 0.0133191, 0.011476, 0.00951462, 0.00722394, 0.00770053, 0.00538616, 0.00775189, 0.00602825, 0.0118702, 0.00933398, 0.00877953, 0.0149861, 0.0166866, 0.0088478, 0.012397, 0.0139805];
GivenLatency = [29.4612, 23.9622, 34.9765, 21.2666, 31.7233, 43.6439, 30.9008, 88.9795, 37.8378, 47.6822, 47.3385, 20.8779, 28.2069, 44.5806, 24.4405, 22.933, 23.6794, 26.8469, 46.8987, 50.1563, 62.2461, 91.1831, 51.9518, 52.1034, 29.3077, 40.3544, 48.5584, 40.5896, 22.965, 41.1443, 32.1398, 43.9922];
HighestPossibleCritFunctionValue = 1.1;
