NumDevices = 64;
NumSlotes = 512;


GivenBandwidthOld = [0.0143664, 0.0113357, 0.0119981, 0.0193902, 0.00818279, 0.00812984, 0.0181636, 0.0189303, 0.0164433, 0.0170718, 0.0174901, 0.0113678, 0.0142885, 0.0151475, 0.0145135, 0.00848307, 0.0174438, 0.00799374, 0.018319, 0.0172569, 0.0165818, 0.0197369, 0.0104058, 0.00789863, 0.0197718, 0.00994308, 0.0183408, 0.00848196, 0.0113115, 0.0168373, 0.0142834, 0.0156547, 0.0134601, 0.015865, 0.0106999, 0.0136814, 0.0103272, 0.0123821, 0.0101511, 0.0149323, 0.00922491, 0.0105816, 0.0125006, 0.0142832, 0.012232, 0.0136969, 0.00826748, 0.019031, 0.00874927, 0.0165011, 0.0135953, 0.0131388, 0.0166316, 0.0196542, 0.00803556, 0.00873564, 0.0123632, 0.0179838, 0.00858732, 0.0196304, 0.00862659, 0.01714, 0.0142516, 0.0193137];
GivenLatency = [202.923, 255.655, 272.976, 123.159, 387.22, 363.029, 155.851, 169.461, 143.927, 174.647, 166.695, 257.27, 168.763, 163.41, 167.668, 323.025, 166.259, 358.432, 128.827, 147.658, 184.789, 146.058, 286.114, 354.726, 149.814, 241.497, 156.603, 330.801, 245.37, 197.06, 170.316, 146.779, 174.401, 183.9, 301.277, 172.899, 310.026, 189.062, 295.601, 184.677, 331.063, 291.141, 264.194, 227.242, 243.267, 189.266, 273.043, 130.371, 325.872, 139.456, 232.468, 193.331, 164.709, 143.371, 342.593, 261.625, 184.082, 185.152, 347.559, 131.784, 289.339, 168.728, 170.123, 122.742];
HighestPossibleCritFunctionValue = 1.1;
