NumDevices = 64;
NumSlotes = 512;


GivenBandwidthOld = [0.00513858, 0.00535133, 0.00608635, 0.00327445, 0.00622235, 0.00782937, 0.00448016, 0.0080388, 0.0056347, 0.00607874, 0.00662099, 0.00765529, 0.0036782, 0.00450137, 0.00828569, 0.00514374, 0.00451365, 0.00838457, 0.00448525, 0.00609784, 0.00271534, 0.00305177, 0.00741069, 0.00525976, 0.00459702, 0.00330252, 0.00295021, 0.0065968, 0.00745601, 0.004371, 0.00467715, 0.00640635, 0.00646345, 0.00366533, 0.00687926, 0.0047489, 0.0060734, 0.00445892, 0.00731709, 0.00714247, 0.00351344, 0.00412721, 0.00725299, 0.00477842, 0.00839934, 0.00264582, 0.00331296, 0.0033679, 0.00808046, 0.00582596, 0.00811664, 0.00763716, 0.00519697, 0.00545178, 0.00679818, 0.00449835, 0.00754333, 0.00325009, 0.00296213, 0.00702112, 0.0076919, 0.0064763, 0.00710806, 0.00642415];
GivenLatency = [80.9898, 75.5213, 54.9358, 146.323, 85.5883, 42.5038, 80.5414, 54.0718, 75.2744, 56.0964, 51.8423, 51.3935, 105.136, 96.7086, 47.665, 65.1152, 100.346, 39.9049, 110.672, 65.0187, 124.392, 107.503, 49.2283, 67.9294, 100.476, 153.301, 140.138, 51.7001, 49.4794, 109.119, 69.3675, 99.3703, 49.4309, 84.6621, 67.1104, 94.5406, 70.7958, 124.885, 42.7129, 83.5457, 99.2656, 154.056, 43.658, 73.4363, 43.847, 168.678, 140.13, 114.515, 73.9273, 55.0969, 49.9081, 48.3478, 116.381, 66.7685, 46.5923, 76.8603, 53.6012, 162.414, 180.459, 44.0765, 48.7983, 91.2389, 67.376, 69.0525];
HighestPossibleCritFunctionValue = 1.1;
