NumDevices = 16;
NumSlotes = 128;


GivenBandwidthOld = [0.0684652, 0.0653186, 0.0795914, 0.0619387, 0.0744407, 0.0448667, 0.0450626, 0.0363784, 0.031149, 0.0412147, 0.0661966, 0.0358373, 0.0371302, 0.0670656, 0.0409971, 0.058206];
GivenLatency = [27.0865, 23.3746, 24.391, 30.188, 21.2753, 33.979, 34.0257, 41.0144, 44.739, 40.2363, 23.4523, 54.2482, 44.9393, 20.3069, 37.0545, 28.3509];
HighestPossibleCritFunctionValue = 1.1;
