NumDevices = 128;
NumSlotes = 1024;


GivenBandwidthOld = [0.00411554, 0.00994938, 0.00922127, 0.00944777, 0.00989427, 0.0080706, 0.0075826, 0.00578808, 0.00781259, 0.00862572, 0.00614524, 0.00436066, 0.00460982, 0.00476287, 0.0083533, 0.0089186, 0.00991184, 0.0095538, 0.00444461, 0.00937911, 0.00602443, 0.00510651, 0.00877969, 0.00658157, 0.00645906, 0.0099138, 0.00497209, 0.00599688, 0.00453467, 0.00412806, 0.0078146, 0.00503933, 0.00476571, 0.00612306, 0.00654398, 0.00589439, 0.00699746, 0.00875181, 0.00669621, 0.00820439, 0.00618595, 0.0072564, 0.00451869, 0.00444255, 0.00587764, 0.00671163, 0.00482183, 0.00548235, 0.00688749, 0.00436551, 0.00491039, 0.00647688, 0.00942044, 0.00682699, 0.00620649, 0.00880136, 0.00816945, 0.00650726, 0.00759084, 0.00671489, 0.00958959, 0.00594311, 0.00709142, 0.00669119, 0.00512272, 0.00626893, 0.00808802, 0.00653593, 0.00806008, 0.00573322, 0.00443242, 0.00436654, 0.00968813, 0.00590854, 0.00734238, 0.00594104, 0.00980878, 0.00869357, 0.00908435, 0.00822075, 0.00606438, 0.00771112, 0.00951029, 0.00450785, 0.00965716, 0.00416277, 0.00994892, 0.00771886, 0.00844172, 0.00754237, 0.00468242, 0.00624558, 0.00951607, 0.00776799, 0.00918042, 0.00409044, 0.00681259, 0.00787696, 0.00937552, 0.00812971, 0.00726452, 0.00973925, 0.00877729, 0.00992222, 0.00894076, 0.00740158, 0.00702813, 0.0055477, 0.00512134, 0.00814548, 0.00979395, 0.0093587, 0.00669624, 0.00871213, 0.00844996, 0.00840167, 0.009446, 0.00521707, 0.00460485, 0.0087311, 0.00867034, 0.00608668, 0.00758912, 0.00906279, 0.00829753, 0.00910371, 0.00853611, 0.00640056];
GivenLatency = [906.293, 429.741, 414.817, 461.075, 414.732, 415.962, 500.48, 589.966, 519.171, 432.114, 593.821, 764.769, 914.186, 833.471, 584.542, 458.115, 370.258, 443.383, 854.911, 370.809, 627.316, 915.557, 453.737, 550.698, 748.327, 338.607, 896.959, 585.359, 800.386, 839.942, 527.778, 815.14, 931.833, 690.712, 565.748, 601.057, 712.796, 457.43, 608.16, 433.239, 730.286, 654.706, 1023.48, 1004.71, 665.166, 496.675, 826.266, 881.661, 613.578, 981.997, 882.169, 713.394, 455.208, 704.034, 589.15, 556.159, 518.12, 765.891, 454.825, 579.041, 386.271, 795.118, 506.683, 542.908, 682.555, 627.883, 594.464, 735.364, 446.243, 773.397, 944.656, 798.78, 406.003, 605.127, 660.943, 580.084, 456.172, 405.9, 496.303, 444.314, 564.006, 557.333, 448.229, 1010.09, 408.247, 1085.09, 426.773, 465.433, 566.913, 643.333, 853.652, 686.542, 384.967, 522.313, 379.58, 878.263, 526.503, 542.676, 364.782, 422.033, 526.719, 459.278, 538.439, 391.618, 494.989, 463.628, 574.474, 720.925, 945.512, 438.695, 348.206, 372.064, 547.079, 456.774, 520.422, 575.556, 418.202, 705.133, 740.788, 415.505, 549.488, 690.081, 477.614, 473.603, 505.558, 440.861, 473.222, 542.965];
HighestPossibleCritFunctionValue = 1.1;
