NumDevices = 16;
NumSlotes = 128;


GivenBandwidthOld = [0.0335499, 0.0523566, 0.0577404, 0.0632306, 0.0559992, 0.0388641, 0.0480825, 0.0634039, 0.0495283, 0.0417478, 0.0360846, 0.0532812, 0.0365242, 0.0419679, 0.0548802, 0.0316761];
GivenLatency = [29.7665, 20.8782, 15.0065, 15.6872, 16.605, 21.4229, 16.8818, 13.5107, 21.8233, 26.51, 25.2921, 20.2583, 25.6077, 22.7201, 18.3782, 29.2029];
HighestPossibleCritFunctionValue = 1.1;
