NumDevices = 128;
NumSlotes = 1024;


GivenBandwidthOld = [0.00746307, 0.00927431, 0.00702281, 0.0098761, 0.00878169, 0.00883327, 0.00708132, 0.00572359, 0.0050765, 0.00442273, 0.00408315, 0.00919431, 0.00635034, 0.00772096, 0.00620157, 0.00730663, 0.00500531, 0.00798556, 0.00952201, 0.00762919, 0.00752568, 0.00534192, 0.00918619, 0.00723006, 0.00565391, 0.00898267, 0.00552716, 0.00992235, 0.00497685, 0.00458949, 0.00684274, 0.00850123, 0.00768139, 0.0098738, 0.00777634, 0.0057425, 0.00417639, 0.00750703, 0.00440679, 0.00492396, 0.0094236, 0.00998056, 0.00824845, 0.00915758, 0.00765542, 0.00472687, 0.0095507, 0.00868037, 0.00595067, 0.00916299, 0.00486349, 0.00565067, 0.00460525, 0.00926358, 0.00803387, 0.00907649, 0.00739313, 0.00889012, 0.00618389, 0.00385021, 0.00667846, 0.00990267, 0.00539565, 0.00595867, 0.00605638, 0.00449715, 0.00482021, 0.00947281, 0.00583872, 0.00894311, 0.00930152, 0.0082102, 0.00386349, 0.00491454, 0.00744022, 0.00644621, 0.00651191, 0.00439004, 0.00463881, 0.00450318, 0.00613217, 0.00956344, 0.00395427, 0.00571835, 0.00455146, 0.00517926, 0.00656815, 0.00598117, 0.00919895, 0.00924952, 0.00922991, 0.00460564, 0.00949597, 0.00749535, 0.00807474, 0.00833115, 0.00542368, 0.00835394, 0.0072297, 0.00585183, 0.00413321, 0.00690404, 0.0073919, 0.00690195, 0.0098192, 0.00878505, 0.00915858, 0.00576636, 0.0051992, 0.00426671, 0.00680833, 0.00511777, 0.00436004, 0.00660855, 0.00982508, 0.00754958, 0.00702127, 0.00907207, 0.00797307, 0.00586066, 0.00893073, 0.00759389, 0.00795422, 0.00788278, 0.00718259, 0.00773825, 0.00920412, 0.0086526];
GivenLatency = [501.191, 445.552, 599.453, 491.204, 522.227, 517.858, 547.365, 583.072, 762.262, 1036.84, 1168.64, 363.899, 742.693, 504.386, 655.951, 472.672, 761.196, 478.058, 411.079, 538.94, 574.649, 751.484, 515.113, 595.003, 654.155, 470.897, 674.056, 492.849, 769.617, 892.296, 508.777, 556.15, 612.783, 461.378, 542.991, 668.937, 911.595, 509.335, 1118.94, 702.243, 372.675, 370.373, 407.179, 394.522, 458.984, 845.896, 367.679, 473.195, 608.079, 403.07, 854.461, 675.468, 797.212, 414.824, 442.403, 420.674, 527.495, 426.263, 745.721, 1195.46, 718.813, 408.955, 796.543, 682.259, 810.91, 749.842, 804.976, 456.712, 844.472, 391.721, 504.349, 479.483, 985.706, 690.324, 474.494, 656.804, 671.984, 1073.46, 890.984, 963.393, 595.946, 393.221, 845.324, 675.603, 756.485, 815.568, 515.457, 652.068, 441.696, 425.966, 429.65, 815.256, 397.131, 550.599, 570.834, 401.509, 697.792, 413.607, 480.204, 570.447, 1125.38, 484.348, 486.655, 688.34, 404.308, 522.986, 539.918, 650.546, 808.405, 926.759, 711.754, 865.117, 834.789, 553.325, 400.132, 538.954, 639.093, 539.655, 492.08, 852.257, 543.207, 480.165, 623.582, 539.812, 592.807, 496.658, 533.88, 575.414];
HighestPossibleCritFunctionValue = 1.1;
