NumDevices = 128;
NumSlotes = 1024;


GivenBandwidthOld = [0.00752312, 0.00859405, 0.00778099, 0.00767456, 0.00386869, 0.00851547, 0.00700515, 0.00803579, 0.00504257, 0.00796736, 0.00485813, 0.00815443, 0.00401793, 0.0068251, 0.00700862, 0.00642293, 0.00771883, 0.00790858, 0.00702382, 0.00690337, 0.00742528, 0.00424589, 0.00824452, 0.00819236, 0.00647735, 0.0072923, 0.00417853, 0.00598462, 0.00608717, 0.00461643, 0.00589386, 0.00565388, 0.00733292, 0.00690578, 0.00799151, 0.00577473, 0.00842092, 0.0079549, 0.00557985, 0.00796881, 0.00436164, 0.00849995, 0.00616514, 0.00493664, 0.00762456, 0.00854982, 0.00423729, 0.00866198, 0.00434789, 0.00754434, 0.00524468, 0.00477104, 0.00433701, 0.00466749, 0.00397589, 0.00533061, 0.00407364, 0.00815885, 0.00831397, 0.00530946, 0.00855643, 0.00547129, 0.00841428, 0.00622276, 0.00844733, 0.00681519, 0.00537775, 0.00629478, 0.00380622, 0.00858905, 0.00874661, 0.00672042, 0.00761847, 0.00610796, 0.00403619, 0.00380606, 0.00600311, 0.00668834, 0.00838789, 0.00773513, 0.00682121, 0.00663664, 0.0045592, 0.00391768, 0.0069664, 0.00683468, 0.0078962, 0.00386064, 0.00822181, 0.0064153, 0.00439154, 0.00607702, 0.00401094, 0.0043, 0.00757839, 0.0075439, 0.00778705, 0.00438578, 0.00435957, 0.00383653, 0.00806687, 0.00740635, 0.00596452, 0.00815312, 0.00695829, 0.00546931, 0.00517932, 0.00640159, 0.00400044, 0.00797722, 0.00565722, 0.00844646, 0.0071969, 0.00580861, 0.00778385, 0.00562356, 0.00762384, 0.0063044, 0.00561014, 0.00712868, 0.00429873, 0.00627783, 0.00403818, 0.00711795, 0.00384073, 0.00873554, 0.00575665, 0.0045576];
GivenLatency = [139.311, 132.393, 147.304, 134, 286.796, 125.912, 137.326, 141.758, 240.2, 120.192, 219.381, 122.853, 290.457, 160.946, 145.272, 182.506, 127.654, 161.811, 152.325, 185.117, 168.49, 226.742, 115.526, 119.4, 183.024, 134.614, 234.315, 174.107, 191.795, 239.546, 197.649, 223.928, 149.262, 146.505, 127.577, 169.071, 138.846, 126.531, 177.609, 124.582, 241.586, 148.106, 186.923, 236.8, 155.377, 136.682, 255.092, 143.813, 258.442, 127.405, 212.802, 208.804, 296.331, 210.255, 257.433, 232.063, 239.097, 139.483, 123.443, 200.454, 135.747, 226.309, 142.847, 181.447, 131.256, 162.667, 209.047, 186.017, 315.937, 123.651, 138.864, 152.738, 148.555, 184.528, 296.648, 318.709, 184.85, 179.474, 122.512, 146.044, 146.374, 150.276, 248.589, 288.031, 142.859, 171.215, 145.533, 272.032, 126.506, 193.995, 242.06, 178.689, 269.723, 232.102, 133.703, 146.379, 127.386, 285.45, 296.872, 286.337, 143.524, 162.377, 183.788, 121.453, 153.987, 220.719, 245.417, 154.461, 314.043, 139.248, 177.411, 143.757, 174.65, 174.679, 135.612, 173.193, 135.931, 199.324, 176.365, 141.521, 243.646, 201.99, 247.504, 133.899, 304.645, 128.68, 180.916, 234.712];
HighestPossibleCritFunctionValue = 1.1;
