NumDevices = 32;
NumSlotes = 256;


GivenBandwidthOld = [0.0329083, 0.0249165, 0.0317584, 0.0241837, 0.0396764, 0.0265836, 0.0250853, 0.0179734, 0.0393235, 0.0208283, 0.0204553, 0.0280198, 0.0387431, 0.0151156, 0.0321049, 0.0224362, 0.0195368, 0.0157217, 0.0189199, 0.0212322, 0.0347645, 0.0227397, 0.0208823, 0.0289655, 0.0336768, 0.0163707, 0.0265759, 0.0211981, 0.0359285, 0.0353059, 0.0213944, 0.0364403];
GivenLatency = [52.7724, 95.1697, 65.2436, 75.875, 56.2079, 69.4695, 85.7717, 97.2193, 51.7038, 84.3096, 105.718, 59.7192, 51.4303, 150.002, 54.318, 83.3218, 106.69, 127.916, 102.085, 106.969, 57.9199, 85.5324, 113.544, 59.3447, 63.4205, 106.405, 69.5223, 82.0143, 57.5076, 69.7246, 109.676, 56.9247];
HighestPossibleCritFunctionValue = 1.1;
