NumDevices = 128;
NumSlotes = 1024;


GivenBandwidthOld = [0.00685886, 0.00431175, 0.00765439, 0.00608159, 0.00958589, 0.00626099, 0.00598495, 0.00406276, 0.003978, 0.00443444, 0.00719231, 0.00860715, 0.00661871, 0.00568396, 0.00784376, 0.00751358, 0.00823242, 0.00859708, 0.00604375, 0.00472415, 0.00752207, 0.00716252, 0.00790715, 0.00429602, 0.00570108, 0.00803757, 0.00866372, 0.00735392, 0.00605402, 0.00869576, 0.00838194, 0.00894404, 0.00616547, 0.00685233, 0.007039, 0.00699367, 0.00763742, 0.0083524, 0.00632946, 0.00670052, 0.00568767, 0.00772339, 0.00955497, 0.00545018, 0.0099245, 0.00984138, 0.00660232, 0.00523935, 0.00395217, 0.00794945, 0.00894664, 0.00618772, 0.00576397, 0.00871311, 0.0061662, 0.00650893, 0.0042911, 0.00429557, 0.00440421, 0.00529268, 0.00664659, 0.00551483, 0.00901658, 0.00658937, 0.00634658, 0.00693337, 0.00663253, 0.00667643, 0.00702945, 0.00902879, 0.00564123, 0.00839837, 0.00394305, 0.00467534, 0.00597597, 0.00945866, 0.00538565, 0.00656607, 0.00841791, 0.00724951, 0.00753782, 0.00945794, 0.00579674, 0.00961584, 0.00960204, 0.00905636, 0.00653415, 0.00938777, 0.00766837, 0.00971673, 0.00539997, 0.00985831, 0.00984393, 0.00563136, 0.00493356, 0.00833836, 0.00780367, 0.00882593, 0.00858718, 0.00847425, 0.00424132, 0.0050617, 0.0058118, 0.00644044, 0.009428, 0.00887313, 0.00813098, 0.00986202, 0.00964285, 0.00743931, 0.00997143, 0.0048363, 0.00493917, 0.00893749, 0.00865685, 0.00447152, 0.00528943, 0.00819184, 0.00768327, 0.0039355, 0.00889726, 0.00741051, 0.00726277, 0.00542411, 0.00932846, 0.00476194, 0.00512474, 0.00906999];
GivenLatency = [696.08, 778.612, 465.597, 638.74, 481.277, 704.436, 816.864, 833.7, 1074.09, 850.404, 607.55, 430.727, 595.581, 593.704, 496.865, 466.252, 424.721, 515.091, 584.263, 821.273, 639.12, 474.011, 504.307, 842.08, 843.648, 426.272, 456.258, 597.68, 616.945, 426.838, 494.755, 542.014, 683.781, 612.386, 630.238, 540.685, 461.694, 421.163, 774.705, 540.011, 779.6, 450.758, 371.545, 787.902, 361.055, 366.34, 572.675, 800.903, 896.042, 456.773, 480.761, 751.24, 852.323, 392.104, 663.378, 564.896, 1117.69, 806.69, 956.853, 938.244, 657.432, 659.681, 532.597, 604.075, 605.089, 583.589, 647.904, 711.168, 551.643, 513.156, 757.89, 451.616, 1024.18, 1042.46, 818.259, 365.277, 923.056, 642.372, 536.083, 489.507, 594.729, 369.921, 847.773, 516.174, 405.271, 404.441, 720.749, 410.923, 646.418, 367.625, 720.149, 476.528, 383.783, 761.277, 846.227, 557.472, 512.065, 426.703, 438.014, 404.898, 850.162, 667.094, 694.324, 708.165, 476.548, 383.444, 542.307, 394.892, 418.964, 570.865, 430.53, 741.919, 846.625, 447.299, 487.94, 1093.04, 772.654, 583.315, 483.42, 1204.52, 381.806, 502.751, 515.873, 734.946, 429.432, 954.628, 657.341, 422.499];
HighestPossibleCritFunctionValue = 1.1;
