NumDevices = 128;
NumSlotes = 1024;


GivenBandwidthOld = [0.00536633, 0.00682878, 0.0050416, 0.0053522, 0.00697584, 0.00789657, 0.0077292, 0.00713058, 0.00857863, 0.0085867, 0.00667708, 0.00544333, 0.00722436, 0.00976303, 0.00850734, 0.00410563, 0.00576068, 0.00969329, 0.00505633, 0.00922359, 0.00455946, 0.00831497, 0.00838036, 0.00746298, 0.00776607, 0.00804681, 0.00778544, 0.00866814, 0.00667703, 0.00465912, 0.00838798, 0.00435975, 0.00801412, 0.00832844, 0.00980021, 0.00832274, 0.0078117, 0.00622372, 0.00458129, 0.0064068, 0.00660988, 0.0072353, 0.00614059, 0.00744098, 0.00682607, 0.00949986, 0.00406878, 0.00516092, 0.00454579, 0.00976511, 0.00588834, 0.00536882, 0.00506344, 0.00990031, 0.00954818, 0.00384167, 0.00690126, 0.00452124, 0.00981231, 0.00558808, 0.00889702, 0.00965102, 0.0071318, 0.00409502, 0.00874932, 0.00852642, 0.00596509, 0.00781908, 0.00520354, 0.00832249, 0.00977476, 0.00557815, 0.00454352, 0.00918048, 0.00502579, 0.00847249, 0.00590803, 0.00504941, 0.00547417, 0.00687427, 0.00715894, 0.00409677, 0.00683392, 0.00392549, 0.00944361, 0.0087773, 0.00379362, 0.0056707, 0.00997914, 0.0093383, 0.00759947, 0.00797572, 0.00667509, 0.00943287, 0.0094442, 0.00611979, 0.0077881, 0.00964643, 0.00500161, 0.00824587, 0.00954069, 0.0090791, 0.00743592, 0.00933845, 0.00382196, 0.00697933, 0.00406397, 0.00560923, 0.00810388, 0.00443223, 0.00756445, 0.0069892, 0.00747302, 0.00775719, 0.00878763, 0.00870009, 0.00621936, 0.00631639, 0.00585488, 0.00545228, 0.00773845, 0.0063606, 0.005047, 0.00864836, 0.00546164, 0.00886602, 0.00748781, 0.00634156];
GivenLatency = [929.953, 595.054, 673.644, 910.339, 501.885, 538.116, 492.842, 625.516, 481.89, 391.787, 747.006, 885.786, 536.568, 379.996, 395.701, 1089.92, 859.794, 510.277, 910.741, 486.018, 747.382, 523.955, 448.75, 591.918, 481.262, 526.287, 495.682, 443.199, 543.647, 727.376, 427.936, 931.953, 576.161, 582.005, 381.242, 455.055, 592.943, 674.399, 812.819, 619.531, 632.977, 523.032, 635.821, 603.619, 604.004, 466.663, 1020.98, 843.844, 944.039, 431.974, 738.233, 683.371, 823.173, 477.684, 394.988, 1198.6, 646.203, 1068.46, 409.267, 686.746, 417.059, 366.478, 617.488, 881.291, 394.41, 491.689, 620.734, 462.689, 794.361, 459.04, 452.554, 618.18, 749.424, 445.674, 692.044, 424.72, 712.732, 764.6, 696.81, 628.177, 501.674, 1109.61, 558.177, 1067.81, 505.035, 442.524, 1030.83, 737.007, 413.244, 370.994, 499.965, 578.739, 626.675, 467.721, 475.008, 562.176, 441.226, 346.384, 735.721, 424.605, 505.606, 416.628, 579.733, 402.89, 1100.53, 504.971, 1167.53, 619.671, 557.004, 774.339, 492.185, 610.036, 628.971, 584.147, 438.473, 388.77, 633.114, 584.663, 589.706, 747.266, 579.403, 560.086, 712.887, 406.097, 627.167, 492.464, 538.803, 587.752];
HighestPossibleCritFunctionValue = 1.1;
