NumDevices = 32;
NumSlotes = 256;


GivenBandwidthOld = [0.0229805, 0.0189906, 0.035178, 0.022177, 0.0386129, 0.0276673, 0.0386247, 0.0255776, 0.0168846, 0.0396132, 0.0394269, 0.0327252, 0.0222211, 0.0293383, 0.023607, 0.0221129, 0.0370497, 0.0288352, 0.0184854, 0.0188957, 0.0150519, 0.0366746, 0.0249034, 0.0356181, 0.0187494, 0.0318135, 0.025186, 0.0355784, 0.0259964, 0.0310567, 0.0301614, 0.0320713];
GivenLatency = [80.5946, 100.122, 47.3846, 109.492, 46.382, 84.8138, 44.3332, 73.8754, 117.843, 58.6309, 61.1522, 68.5943, 109.103, 68.2232, 71.6875, 88.117, 54.378, 79.7336, 101.091, 107.1, 118.229, 63.523, 80.5114, 53.1503, 94.8131, 53.4315, 68.8935, 47.3183, 76.1692, 70.2156, 69.3372, 75.7404];
HighestPossibleCritFunctionValue = 1.1;
