NumDevices = 64;
NumSlotes = 512;


GivenBandwidthOld = [0.00383568, 0.00759908, 0.00270467, 0.00491694, 0.00524433, 0.00777453, 0.00771607, 0.00645967, 0.00261653, 0.00473654, 0.00454108, 0.0068994, 0.0056456, 0.00817347, 0.00654759, 0.00532089, 0.00694308, 0.00866738, 0.00762518, 0.00385966, 0.00426079, 0.00860952, 0.00391299, 0.00689749, 0.00483371, 0.00639368, 0.00600442, 0.00750795, 0.00853994, 0.00326671, 0.00729816, 0.0077173, 0.00838982, 0.00520736, 0.00512724, 0.00856686, 0.00564856, 0.00780708, 0.00489721, 0.00496092, 0.00691566, 0.00399217, 0.0063225, 0.00346497, 0.00822256, 0.00652527, 0.00521328, 0.00465073, 0.00605656, 0.00253038, 0.00692749, 0.00284402, 0.00315042, 0.00279343, 0.00299227, 0.00736569, 0.00516606, 0.00477519, 0.0041108, 0.00640825, 0.00726742, 0.00351311, 0.00487204, 0.00692859];
GivenLatency = [167.818, 48.0195, 196.34, 113.358, 82.3919, 58.6376, 56.6912, 49.0144, 203.819, 112.656, 83.4468, 51.9606, 78.1975, 66.9567, 48.6327, 69.9804, 48.932, 74.5699, 66.1833, 135.896, 88.019, 45.3164, 85.5762, 82.5506, 128.488, 80.6326, 57.4913, 54.6535, 49.7298, 172.104, 47.6805, 43.0012, 49.2589, 105.384, 81.309, 45.3262, 71.1977, 39.8087, 79.0403, 109.738, 89.8946, 94.7124, 94.6011, 153.352, 42.4468, 87.9443, 64.6258, 118.792, 53.8536, 129.49, 50.7888, 180.197, 171.668, 187.719, 150.039, 48.4092, 72.2863, 112.471, 147.609, 49.6601, 58.213, 92.7525, 92.7306, 48.302];
HighestPossibleCritFunctionValue = 1.1;
