NumDevices = 128;
NumSlotes = 1024;


GivenBandwidthOld = [0.00394601, 0.00369387, 0.00346753, 0.00260618, 0.00391061, 0.00246535, 0.00263415, 0.00207947, 0.00153633, 0.00420732, 0.0018611, 0.00321827, 0.00386051, 0.00417229, 0.00375576, 0.00307805, 0.00334277, 0.00263084, 0.00272172, 0.0021214, 0.00317593, 0.00160173, 0.00334729, 0.00358954, 0.00316927, 0.00214463, 0.0029899, 0.00319994, 0.00205896, 0.00375214, 0.00157157, 0.00279748, 0.00341188, 0.0016208, 0.00204219, 0.00306, 0.00315011, 0.00198606, 0.00348673, 0.00335625, 0.00416818, 0.00329253, 0.00194193, 0.00246294, 0.00281572, 0.00383574, 0.00352969, 0.003452, 0.00408453, 0.00377324, 0.00308683, 0.00409367, 0.00413797, 0.00179856, 0.00212436, 0.00282742, 0.00355799, 0.00407323, 0.00129101, 0.00303421, 0.00415185, 0.00381276, 0.0016933, 0.00174244, 0.00274151, 0.00351237, 0.0030621, 0.00403505, 0.00339454, 0.00387968, 0.00145435, 0.00145871, 0.00276572, 0.00400025, 0.00282523, 0.00430553, 0.0023725, 0.00147685, 0.00142267, 0.00335924, 0.0012635, 0.00307965, 0.0022572, 0.00417931, 0.00299444, 0.00132031, 0.00173906, 0.00205656, 0.00400491, 0.00303566, 0.003438, 0.00306448, 0.0034862, 0.0038165, 0.00212031, 0.00361895, 0.00371776, 0.00186668, 0.0033083, 0.00130557, 0.00394168, 0.00276693, 0.00253684, 0.00411465, 0.00375234, 0.00190734, 0.00236028, 0.00236282, 0.00134257, 0.00400978, 0.0035687, 0.00286037, 0.00422096, 0.00286179, 0.00308801, 0.00201495, 0.00159091, 0.00274945, 0.00253414, 0.0025916, 0.00270061, 0.00346764, 0.00129183, 0.00433895, 0.00161791, 0.00340045, 0.00319474, 0.00217833];
GivenLatency = [88.4633, 108.012, 91.0461, 122.84, 92.294, 145.545, 167.732, 272.223, 304.627, 84.7102, 230.765, 128.363, 107.96, 128.844, 113.809, 141.865, 93.7765, 154.277, 121.355, 218.897, 164.088, 233.695, 164.603, 90.1304, 104.026, 287.395, 119.466, 128.009, 193.964, 88.8748, 221.511, 180.92, 169.521, 295.219, 220.357, 125.407, 130.347, 164.062, 115.034, 183.635, 93.6255, 178.043, 226.764, 144.328, 213.924, 141.034, 107.812, 94.669, 114.531, 166.854, 106.119, 142.384, 127.498, 183.305, 225.107, 122.006, 131.557, 100.757, 246.366, 168.112, 117.268, 130.254, 195.047, 272.184, 132.942, 105.622, 180.081, 161.992, 99.2846, 120.071, 356.317, 229.679, 128.442, 83.5827, 128.441, 84.4101, 151.067, 273.702, 379.404, 99.8733, 339.99, 187.396, 195.259, 110.661, 107.888, 407.114, 248.986, 153.428, 146.581, 175.66, 115.56, 146.786, 97.2444, 127.201, 268.212, 159.37, 122.349, 228.591, 111.62, 363.286, 116.965, 125.413, 174.43, 78.8732, 96.5098, 169.354, 152.327, 256.585, 239.371, 143.521, 118.878, 207.713, 81.1649, 113.064, 163.241, 183.846, 225.071, 113.929, 251.414, 129.099, 119.614, 142.804, 409.171, 130.192, 297.041, 144.918, 103.111, 198.571];
HighestPossibleCritFunctionValue = 1.1;
