NumDevices = 16;
NumSlotes = 128;


GivenBandwidthOld = [0.0231673, 0.0126951, 0.0310912, 0.0142559, 0.0134296, 0.0256385, 0.0207043, 0.017668, 0.0116228, 0.0348515, 0.0137598, 0.0253388, 0.0345825, 0.0173314, 0.0293901, 0.0246487];
GivenLatency = [26.31, 35.2326, 10.542, 26.218, 25.6298, 16.3364, 25.3535, 22.7447, 51.0539, 12.2901, 32.6335, 13.5746, 12.6789, 17.5384, 11.6408, 18.2199];
HighestPossibleCritFunctionValue = 1.1;
