NumDevices = 128;
NumSlotes = 1024;


GivenBandwidthOld = [0.0023004, 0.00221523, 0.0020094, 0.00205672, 0.00361474, 0.0016465, 0.00277277, 0.00386996, 0.00358772, 0.00386718, 0.00377339, 0.00253345, 0.00348057, 0.00299051, 0.0039405, 0.00173908, 0.00251981, 0.0023088, 0.00278693, 0.00435096, 0.00351524, 0.00131729, 0.00404174, 0.0032972, 0.00222277, 0.00377445, 0.00159434, 0.004138, 0.00228876, 0.00341151, 0.00156952, 0.00269734, 0.00174117, 0.0031628, 0.00276935, 0.0025441, 0.00424358, 0.00184865, 0.00340538, 0.00168634, 0.00363247, 0.00283963, 0.00257115, 0.00271009, 0.00340189, 0.00237544, 0.00395836, 0.00188749, 0.00297333, 0.00277984, 0.00386444, 0.00155582, 0.00373618, 0.00215233, 0.0041477, 0.002819, 0.00268937, 0.00214183, 0.00280558, 0.00216728, 0.00239954, 0.00277421, 0.00296035, 0.00337552, 0.00295696, 0.00261103, 0.00419673, 0.0018705, 0.00194271, 0.0029184, 0.00137649, 0.00218964, 0.00307541, 0.00281815, 0.00397637, 0.00139473, 0.00253525, 0.00251747, 0.00366101, 0.00430786, 0.00413539, 0.00222841, 0.00157526, 0.002292, 0.00172199, 0.00270917, 0.00366656, 0.00387976, 0.00274282, 0.00356419, 0.00213941, 0.00276978, 0.00358649, 0.00183007, 0.00363647, 0.00132377, 0.00358909, 0.00176907, 0.00331489, 0.00274626, 0.00199583, 0.00207909, 0.00132525, 0.00340027, 0.00327609, 0.00379358, 0.00432776, 0.00423177, 0.00342583, 0.00168958, 0.00182213, 0.00148968, 0.00138321, 0.00256227, 0.00338768, 0.00423784, 0.00230241, 0.00168962, 0.0024479, 0.00313295, 0.00425125, 0.00263188, 0.00145811, 0.00201828, 0.00131351, 0.00304164, 0.00394115, 0.00329681];
GivenLatency = [225.137, 236.897, 281.932, 168.986, 91.7647, 260.603, 119.657, 100.824, 135.752, 113.198, 85.4139, 158.831, 126.598, 129.637, 82.9921, 224.405, 191.142, 168.47, 132.958, 119.816, 93.0576, 398.32, 156.269, 189.574, 164.597, 91.0926, 287.9, 86.629, 173.129, 103.263, 225.83, 148.713, 211.553, 172.089, 204.5, 166.942, 93.0112, 178.262, 141.354, 234.359, 142.325, 156.6, 132.463, 188.061, 105.289, 236.513, 118.375, 335.532, 174.104, 228.416, 128.174, 202.352, 105.647, 150.604, 95.9678, 115.551, 128.441, 194.439, 124.961, 149.709, 155.064, 143.298, 220.872, 100.17, 109.402, 131.005, 88.0454, 247.964, 179.846, 214.504, 299.511, 200.045, 105.705, 135.612, 94.6214, 239.596, 134.618, 176.156, 103.357, 101.037, 106.213, 241.104, 227.882, 185.213, 354.095, 135.088, 151.484, 121.88, 196.057, 119.759, 248.929, 139.915, 104.254, 246.579, 142.21, 277.773, 113.606, 303.709, 115.75, 131.497, 205.351, 252.282, 259.124, 170.291, 98.0098, 102.326, 100.898, 126.885, 170.08, 282.572, 180.271, 243.594, 268.689, 141.58, 172.273, 90.4629, 243.462, 219.55, 200.162, 157.421, 122.318, 186.24, 273.47, 199.693, 298.747, 207.068, 95.055, 183.051];
HighestPossibleCritFunctionValue = 1.1;
