NumDevices = 128;
NumSlotes = 1024;


GivenBandwidthOld = [0.00566467, 0.00853212, 0.00814872, 0.00806958, 0.00911914, 0.00536051, 0.00904935, 0.00742587, 0.00914389, 0.00892077, 0.00879883, 0.00947588, 0.0073515, 0.00908778, 0.00950195, 0.00794602, 0.00743177, 0.00833099, 0.00900191, 0.0038194, 0.0077403, 0.00629648, 0.00863775, 0.00834331, 0.00974201, 0.00521632, 0.00451305, 0.00965587, 0.00748999, 0.00550599, 0.00421064, 0.0082464, 0.00600853, 0.00665364, 0.00529436, 0.00984211, 0.00641095, 0.00761298, 0.00388746, 0.00774506, 0.00489051, 0.00978705, 0.00591994, 0.00523913, 0.00661486, 0.00971003, 0.00530215, 0.00941663, 0.00524111, 0.00853306, 0.0051783, 0.00913014, 0.00904228, 0.00737305, 0.00893322, 0.00555584, 0.00454313, 0.00895582, 0.00420788, 0.00563451, 0.00788702, 0.00962349, 0.00702631, 0.00620134, 0.00961449, 0.00567142, 0.00958477, 0.00620056, 0.0090217, 0.00528353, 0.00896874, 0.0087783, 0.00813044, 0.00709222, 0.00773624, 0.00675055, 0.00892752, 0.00975477, 0.00721392, 0.00935536, 0.00680647, 0.005105, 0.00841052, 0.0080913, 0.00555716, 0.00801117, 0.00872202, 0.0060444, 0.00941121, 0.00789833, 0.00601508, 0.00426714, 0.00778153, 0.005453, 0.00737456, 0.00914811, 0.00485746, 0.00432512, 0.00721772, 0.00453379, 0.00810403, 0.00689348, 0.00498249, 0.00569543, 0.00683982, 0.00931397, 0.00484625, 0.00959981, 0.0089441, 0.00729922, 0.00549516, 0.00966499, 0.00444841, 0.00438135, 0.00857753, 0.00883017, 0.00499057, 0.00401326, 0.00967303, 0.00837467, 0.00565438, 0.00439195, 0.00554374, 0.00743843, 0.0076836, 0.00957983, 0.00437795, 0.00774635];
GivenLatency = [663.803, 416.778, 436.407, 461.154, 522.56, 733.648, 492.777, 504.945, 393.315, 449.012, 458.647, 467.187, 507.475, 431.362, 398.365, 531.654, 589.874, 425.434, 379.546, 1019.9, 503.984, 547.996, 429.006, 550.072, 467.661, 887.844, 1023.95, 373.02, 580.044, 733.031, 1154.66, 565.749, 593.252, 725.302, 715.52, 408.188, 707.107, 617.604, 908.297, 446.86, 747.001, 504.721, 792.061, 680.589, 663.15, 504.968, 855.826, 429.707, 690.572, 496.911, 752.605, 402.832, 532.413, 642.655, 490.893, 823.361, 758.158, 375.171, 975.226, 747.906, 426.217, 444.136, 558.417, 628.266, 487.756, 711.458, 460.012, 567.65, 421.623, 838.105, 382.834, 446.221, 560.273, 517.624, 458.411, 722.413, 556.782, 445.201, 551.771, 523.541, 567.103, 699.817, 447.644, 601.76, 806.26, 551.823, 464.749, 675.708, 377.159, 628.265, 607.74, 803.231, 462.002, 914.891, 489.26, 422.246, 868.066, 1064.63, 659.745, 1073.12, 439.545, 706.546, 864.061, 854.589, 528.873, 410.412, 713.326, 347.811, 411.742, 629.199, 786.271, 353.885, 1090.85, 991.503, 559.077, 461.751, 814.032, 1106.02, 432.124, 454.302, 849.707, 978.008, 805.469, 672.18, 581.012, 363.797, 1063.19, 532.651];
HighestPossibleCritFunctionValue = 1.1;
