NumDevices = 64;
NumSlotes = 512;


GivenBandwidthOld = [0.0176814, 0.0133371, 0.0118827, 0.018225, 0.0132487, 0.0140772, 0.0124081, 0.0103709, 0.00801044, 0.0115041, 0.0167793, 0.0147471, 0.00953445, 0.0129275, 0.0156311, 0.0165638, 0.0186205, 0.00912211, 0.00786931, 0.0144061, 0.0160905, 0.0137305, 0.010691, 0.0128758, 0.00934129, 0.0164892, 0.0141241, 0.0138113, 0.0190595, 0.0125762, 0.0111577, 0.0197687, 0.00828943, 0.0130159, 0.0136357, 0.0183733, 0.0172087, 0.0196016, 0.0110399, 0.015272, 0.0185513, 0.00932136, 0.019145, 0.0132424, 0.00764598, 0.0109502, 0.00831406, 0.0144339, 0.00820416, 0.0173565, 0.015159, 0.0193065, 0.0146397, 0.0177045, 0.015137, 0.0119059, 0.0198321, 0.0100096, 0.0119581, 0.00917637, 0.0196989, 0.0101718, 0.0117704, 0.0184112];
GivenLatency = [139.241, 248.24, 209.366, 133.91, 235.367, 167.391, 247.632, 219.394, 301.87, 240.001, 132.851, 202.125, 339.848, 206.312, 172.424, 134.525, 145.282, 260.072, 402.884, 200.882, 151.023, 239.471, 210.608, 239.383, 340.723, 139.599, 198.701, 196.775, 166.684, 244.413, 261.172, 158.039, 299.219, 196.445, 228.382, 129.754, 170.185, 134.764, 236.06, 187.967, 163.141, 338.324, 150.522, 197.857, 397.028, 292.889, 273.378, 204.095, 276.326, 147.631, 148.017, 133.056, 177.947, 147.853, 210.896, 207.026, 157.465, 262.745, 209.47, 265.912, 124.468, 221.424, 245.204, 176.677];
HighestPossibleCritFunctionValue = 1.1;
