NumDevices = 16;
NumSlotes = 128;


GivenBandwidthOld = [0.0400228, 0.0432937, 0.0571361, 0.0661926, 0.0396834, 0.0589837, 0.0395147, 0.0636135, 0.051906, 0.0437221, 0.0574362, 0.0300193, 0.0350263, 0.066988, 0.0470128, 0.0448647];
GivenLatency = [20.552, 21.7531, 15.0912, 15.5266, 23.9567, 15.4859, 22.3526, 14.9796, 18.9479, 23.5054, 18.831, 30.7483, 23.3429, 13.2221, 17.1613, 21.4194];
HighestPossibleCritFunctionValue = 1.1;
