NumDevices = 128;
NumSlotes = 1024;


GivenBandwidthOld = [0.00420501, 0.00355192, 0.00205382, 0.00163145, 0.00292007, 0.00139624, 0.00285936, 0.00280729, 0.0027485, 0.00217239, 0.00385415, 0.00361283, 0.00387613, 0.00431025, 0.00369877, 0.00148447, 0.00129347, 0.00366115, 0.0035712, 0.00432172, 0.00262381, 0.00332943, 0.00328899, 0.00178893, 0.00285888, 0.00421717, 0.00179201, 0.00138459, 0.00396536, 0.00391123, 0.00357898, 0.0038062, 0.00398334, 0.00305203, 0.00367003, 0.00281089, 0.00392076, 0.00126808, 0.00198958, 0.00329483, 0.00312941, 0.00418468, 0.00257326, 0.00382584, 0.00269195, 0.00166659, 0.00293551, 0.00144183, 0.00343977, 0.00158829, 0.00249652, 0.0015462, 0.00132563, 0.00356544, 0.00128181, 0.00153112, 0.00410778, 0.00375169, 0.00340887, 0.00419844, 0.00249474, 0.00288734, 0.00434135, 0.00129641, 0.00312016, 0.00176998, 0.00312926, 0.0016486, 0.00357513, 0.00151871, 0.00185826, 0.00239811, 0.00370467, 0.00380297, 0.00282117, 0.00170858, 0.00235542, 0.00196988, 0.00332161, 0.00318857, 0.00153047, 0.00262242, 0.00182075, 0.00323846, 0.00260975, 0.00137816, 0.00206044, 0.0035416, 0.00368624, 0.0033464, 0.00411427, 0.00355266, 0.00202719, 0.00412553, 0.00209739, 0.00265212, 0.00417857, 0.00299749, 0.00256865, 0.00130071, 0.00349216, 0.00397439, 0.00260591, 0.00252094, 0.0026062, 0.00434277, 0.00331759, 0.00434053, 0.00316644, 0.00152722, 0.00423489, 0.002731, 0.00177936, 0.00125892, 0.00424564, 0.0021361, 0.00335084, 0.00383548, 0.00228456, 0.00168138, 0.00150395, 0.00383098, 0.00168595, 0.00320526, 0.00390934, 0.00309792, 0.00300034, 0.0036689];
GivenLatency = [105.511, 179.696, 188.569, 355.161, 177.561, 326.628, 196.163, 138.825, 142.168, 259.178, 84.0147, 138.752, 103.933, 88.407, 120.848, 228.246, 251.852, 102.712, 119.417, 131.985, 161.236, 156.137, 168.863, 225.122, 130.973, 87.4499, 225.986, 374.713, 161.439, 136.178, 117.781, 138.386, 90.1309, 122.237, 123.673, 120.746, 123.027, 292.975, 193.233, 132.483, 171.66, 91.3487, 176.002, 89.2315, 180.977, 258.046, 217.8, 216.916, 103.355, 288.421, 210.708, 241.138, 335.732, 162.896, 314.99, 328.324, 106.824, 159.507, 154.056, 98.2141, 204.272, 120.337, 90.899, 271.347, 125.888, 323.03, 105.849, 207.891, 121.566, 345.66, 194.32, 161.133, 113.412, 126.909, 112.039, 302.218, 137.021, 161.869, 147.489, 143.306, 296.574, 194.603, 352.132, 159.007, 154.118, 272.642, 184.684, 97.8545, 109.054, 117.762, 84.3161, 119.449, 250.102, 98.7501, 303.96, 121.761, 92.3236, 109.005, 148.026, 299.097, 96.6384, 93.068, 227.485, 154.254, 210.848, 126.922, 113.378, 93.1493, 202.461, 230.301, 132.885, 125.857, 216.159, 255.269, 138.069, 284.287, 105.421, 138.815, 169.131, 185.893, 353.401, 135.904, 235.737, 179.305, 95.1907, 102.254, 194.916, 149.407];
HighestPossibleCritFunctionValue = 1.1;
