NumDevices = 64;
NumSlotes = 512;


GivenBandwidthOld = [0.0181281, 0.0091754, 0.015986, 0.0197783, 0.0186751, 0.0152641, 0.0115584, 0.0172937, 0.00954543, 0.00997, 0.00827194, 0.0189289, 0.0188049, 0.00915422, 0.00992527, 0.0189625, 0.00759679, 0.00927914, 0.00943276, 0.0163747, 0.0141427, 0.0136903, 0.00979719, 0.0164445, 0.0119957, 0.0173143, 0.0186168, 0.0103619, 0.0198422, 0.0173621, 0.0098148, 0.0122968, 0.0143189, 0.0127588, 0.0176707, 0.00831096, 0.0122668, 0.00985618, 0.00785604, 0.016539, 0.0134876, 0.0159983, 0.0138749, 0.0124376, 0.0192568, 0.0159159, 0.0154432, 0.00966652, 0.00772652, 0.0146355, 0.00830202, 0.0120255, 0.0177448, 0.0161069, 0.0141865, 0.0123844, 0.0127902, 0.00778632, 0.0197409, 0.0145132, 0.0158311, 0.0152621, 0.0149552, 0.0196703];
GivenLatency = [138.278, 271.222, 168.953, 154.628, 158.993, 194.133, 204.131, 135.602, 236.708, 253.876, 350.881, 119.737, 121.728, 352.29, 235.615, 164.037, 361.043, 264.642, 334.382, 154.511, 162.121, 195.742, 324.111, 196.252, 200.74, 149.339, 157.763, 265.199, 142.338, 155.064, 278.403, 201.649, 165.913, 181.107, 127.007, 362.567, 237.323, 288.646, 357.455, 191.159, 241.38, 186.575, 160.588, 242.689, 155.937, 164.073, 180.931, 306.85, 299.943, 169.646, 351.086, 214.348, 143.768, 162.702, 180.068, 193.12, 205.719, 412.537, 152.834, 183.168, 145.245, 217.911, 189.002, 132.472];
HighestPossibleCritFunctionValue = 1.1;
