NumDevices = 32;
NumSlotes = 256;


GivenBandwidthOld = [0.0168733, 0.0192969, 0.0329405, 0.0213117, 0.015195, 0.0329406, 0.0230061, 0.0331262, 0.0214929, 0.0207596, 0.0172331, 0.0261567, 0.025919, 0.0314443, 0.0338286, 0.026931, 0.019644, 0.0274731, 0.0309285, 0.024506, 0.0219171, 0.0310203, 0.0283476, 0.0285744, 0.0205087, 0.0196921, 0.0342879, 0.0268009, 0.0331352, 0.033789, 0.0219327, 0.0332156];
GivenLatency = [58.6328, 60.4836, 34.2508, 40.9214, 70.3983, 26.0769, 37.2967, 34.8581, 38.9544, 55.8267, 59.4922, 42.7341, 45.0852, 35.2467, 30.69, 41.5742, 43.0724, 36.7622, 28.5084, 36.4177, 39.808, 28.8272, 30.6645, 29.1666, 55.7019, 53.0847, 24.975, 31.6564, 31.0548, 30.4505, 44.6389, 29.6012];
HighestPossibleCritFunctionValue = 1.1;
