NumDevices = 128;
NumSlotes = 1024;


GivenBandwidthOld = [0.0039483, 0.00532633, 0.00965572, 0.0049968, 0.00874936, 0.00919019, 0.00576375, 0.00509546, 0.00446785, 0.00614381, 0.00525075, 0.00804967, 0.00575732, 0.0095069, 0.00991703, 0.00924244, 0.00890909, 0.00629783, 0.00637129, 0.00983919, 0.00735659, 0.0072039, 0.00973634, 0.00986537, 0.00975088, 0.00430651, 0.00695429, 0.00825222, 0.00387434, 0.0061177, 0.00399642, 0.00774802, 0.00467708, 0.00387832, 0.00417149, 0.00645522, 0.00795934, 0.00644095, 0.00558568, 0.0059407, 0.00415599, 0.00848764, 0.00425026, 0.00544671, 0.00785797, 0.00896481, 0.00536012, 0.00874447, 0.00834564, 0.00510136, 0.0097359, 0.00875873, 0.00419636, 0.00572124, 0.00942997, 0.00453844, 0.00509468, 0.00381055, 0.00889127, 0.00686334, 0.00463038, 0.00661614, 0.0062708, 0.00836048, 0.00457367, 0.00975642, 0.00983582, 0.00685372, 0.00550529, 0.00496497, 0.00505029, 0.00770858, 0.00438534, 0.00696384, 0.00625076, 0.00898302, 0.00517462, 0.00982838, 0.00692232, 0.00841328, 0.00443491, 0.0087091, 0.00756388, 0.00989539, 0.00809176, 0.00689057, 0.0061231, 0.0072215, 0.00545629, 0.00630569, 0.00727042, 0.00893999, 0.00697745, 0.00377957, 0.00697636, 0.00410943, 0.00713818, 0.00517311, 0.00943769, 0.00920314, 0.00459675, 0.00999441, 0.00984912, 0.00547364, 0.00414924, 0.00748406, 0.00577594, 0.00994545, 0.0056066, 0.00764121, 0.00948157, 0.00920084, 0.0097805, 0.00837522, 0.00864028, 0.00713574, 0.00788447, 0.00420911, 0.00755047, 0.00956561, 0.00922955, 0.00474872, 0.00805988, 0.00866244, 0.0046268, 0.0088058, 0.00782059, 0.00568991];
GivenLatency = [954.1, 739.562, 410.544, 982.332, 459.477, 507.806, 639.691, 881.087, 783.788, 610.909, 894.665, 516.435, 732.982, 359.011, 347.951, 372.904, 395.714, 671.683, 622.987, 458.05, 617.57, 523.825, 397.234, 351.964, 369.991, 792.544, 532.656, 529.864, 1038.25, 769.408, 1070.64, 541.264, 830.964, 937.421, 874.135, 624.557, 481.254, 703.97, 617.957, 590.753, 1103.7, 437.192, 1159.52, 824.119, 488.921, 499.539, 907.647, 543.18, 486.339, 723.38, 377.582, 426.336, 857.775, 796.196, 522.539, 939.601, 953.069, 954.116, 430.982, 514.401, 1052.5, 571.655, 590.64, 410.222, 731.398, 410.868, 433.257, 537.857, 627.294, 829.97, 668.444, 597.089, 919.417, 590.072, 717.539, 454.334, 748.958, 404.29, 571.677, 466.222, 1039.49, 498.646, 584.975, 375.941, 575.982, 702.001, 689.379, 604.617, 888.521, 584.637, 635.959, 407.273, 669.786, 1240.37, 576.003, 1172.56, 515.036, 721.371, 512.293, 516.358, 892.853, 392.921, 426.611, 883.684, 805.586, 499.018, 694.703, 342.273, 725.652, 493.962, 493.931, 426.362, 424.452, 454.529, 545.087, 487.744, 559.137, 1124.44, 455.97, 356.061, 506.887, 970.048, 501.165, 478.428, 733.476, 383.915, 436.38, 650.921];
HighestPossibleCritFunctionValue = 1.1;
