NumDevices = 128;
NumSlotes = 1024;


GivenBandwidthOld = [0.00588246, 0.00393816, 0.00623234, 0.00448263, 0.00702864, 0.00793118, 0.00682273, 0.00715554, 0.00561735, 0.00829939, 0.00534606, 0.008672, 0.00778791, 0.0039476, 0.00488357, 0.00565506, 0.00708883, 0.00445595, 0.00861619, 0.00483649, 0.00443914, 0.00615497, 0.00412844, 0.00420199, 0.00529648, 0.00540985, 0.00587179, 0.00469924, 0.00767362, 0.00806412, 0.00610609, 0.00761751, 0.00495938, 0.00488334, 0.00678649, 0.00796015, 0.00874519, 0.00785598, 0.00799104, 0.00791334, 0.00700118, 0.00629889, 0.00798858, 0.00659801, 0.00533295, 0.00835908, 0.00852866, 0.00867939, 0.00697791, 0.00530053, 0.00847696, 0.00474594, 0.00752717, 0.00666848, 0.00464298, 0.00699347, 0.00670142, 0.0082317, 0.00761936, 0.00610642, 0.00805339, 0.00584552, 0.00811592, 0.00682211, 0.00677257, 0.00403764, 0.00816462, 0.00526879, 0.00502498, 0.00729898, 0.00650183, 0.00382397, 0.00688881, 0.00773804, 0.00567231, 0.00709494, 0.00719559, 0.00383013, 0.00547492, 0.00442145, 0.00380436, 0.00738227, 0.00628554, 0.00861475, 0.00566894, 0.00535318, 0.00836622, 0.00857382, 0.00761971, 0.00699267, 0.00828154, 0.00538637, 0.00617339, 0.00872521, 0.0070714, 0.00652872, 0.0057125, 0.0074921, 0.00722548, 0.00612897, 0.00715235, 0.0070156, 0.008746, 0.00650106, 0.00583622, 0.00690245, 0.00703993, 0.00765814, 0.00785597, 0.00771027, 0.00399519, 0.00466024, 0.00722541, 0.00496394, 0.00643721, 0.00760734, 0.00408736, 0.0037701, 0.00657175, 0.00384088, 0.00623818, 0.00759517, 0.00447148, 0.00459101, 0.00867404, 0.00715882, 0.00582104, 0.00666495];
GivenLatency = [198.846, 296.171, 157.992, 215.142, 154.574, 133.393, 143.396, 142.343, 216.329, 151.654, 221.852, 119.267, 124.316, 282.709, 228.044, 211.202, 145.315, 271.442, 130.603, 197.132, 232.452, 161.586, 280.325, 231.433, 214.177, 182.805, 189.97, 240.912, 141.164, 148.655, 168.902, 160.348, 196.056, 201.766, 145.347, 127.881, 133.64, 124.481, 123.397, 126.265, 172.958, 159.305, 136.55, 178.312, 200.4, 118.944, 138.776, 114.927, 151.786, 210.592, 124.574, 251.026, 142.821, 143.31, 233.668, 145.595, 148.285, 157.409, 147.917, 198.082, 125.401, 164.009, 134.506, 154.114, 184.885, 274.604, 148.574, 203.93, 197.389, 160.222, 194.279, 324.288, 161.867, 149.238, 212.392, 165.188, 143.53, 313.862, 177.862, 225.154, 277.647, 169.439, 180.614, 141.006, 170.323, 204.27, 126.787, 129.931, 167.873, 146.086, 136.861, 176.926, 161.093, 138.901, 139.092, 191.627, 210, 166.109, 134.955, 179.132, 157.837, 141.123, 148.278, 174.346, 199.292, 185.899, 142.789, 128.023, 138.095, 125.402, 276.914, 274.547, 162.697, 198.751, 164.313, 150.41, 238.557, 280.633, 179.292, 281.094, 179.238, 140.251, 271.721, 261.608, 109.807, 162.09, 170.12, 176.434];
HighestPossibleCritFunctionValue = 1.1;
