NumDevices = 32;
NumSlotes = 256;


GivenBandwidthOld = [0.00594966, 0.0160017, 0.0104455, 0.0148644, 0.00881369, 0.0142393, 0.0150845, 0.00709933, 0.0134743, 0.00717342, 0.00867741, 0.0112261, 0.0103375, 0.0129231, 0.0066335, 0.00927305, 0.00958162, 0.00819654, 0.0167525, 0.0161005, 0.00871347, 0.0173246, 0.00770693, 0.0128406, 0.00613132, 0.00653586, 0.00571832, 0.0152906, 0.00937898, 0.0150698, 0.00999043, 0.0166494];
GivenLatency = [75.9951, 20.323, 31.2758, 42.6682, 64.2157, 34.549, 39.1273, 67.9043, 41.2256, 61.4289, 52.0739, 45.8402, 36.031, 28.5012, 95.0253, 58.9122, 49.735, 49.9017, 26.3917, 23.9356, 58.9629, 21.9428, 47.6743, 41.5266, 57.1706, 52.9596, 64.9573, 38.3437, 34.7757, 24.5353, 44.6849, 38.4003];
HighestPossibleCritFunctionValue = 1.1;
