NumDevices = 32;
NumSlotes = 256;


GivenBandwidthOld = [0.028056, 0.0278399, 0.0152693, 0.0206993, 0.0230928, 0.0300921, 0.0287174, 0.0240416, 0.0178261, 0.0330834, 0.0220385, 0.0317705, 0.0170039, 0.0338254, 0.0333961, 0.0190811, 0.0252756, 0.0172581, 0.0261166, 0.0310157, 0.0307911, 0.0164475, 0.0237837, 0.0219987, 0.0227614, 0.0200897, 0.0179246, 0.0288361, 0.0190976, 0.0231062, 0.0166607, 0.0261308];
GivenLatency = [32.2191, 30.0284, 55.1462, 40.4193, 42.8011, 30.0309, 34.7982, 35.5837, 53.4044, 28.4178, 41.5516, 29.5567, 51.0917, 29.8759, 35.2249, 54.3777, 37.0975, 57.4175, 40.6838, 33.0652, 36.3511, 66.4029, 37.8159, 50.294, 37.8824, 54.9702, 61.5259, 32.575, 57.6042, 42.2745, 62.727, 33.4242];
HighestPossibleCritFunctionValue = 1.1;
