NumDevices = 128;
NumSlotes = 1024;


GivenBandwidthOld = [0.00374361, 0.00199091, 0.00378376, 0.0017172, 0.00347665, 0.00275008, 0.00370143, 0.00249462, 0.00397347, 0.00272832, 0.00353991, 0.00340267, 0.00299505, 0.00214923, 0.00218801, 0.00395557, 0.00193879, 0.00267521, 0.00156314, 0.00174704, 0.00194324, 0.00260423, 0.00240938, 0.00258381, 0.00291596, 0.00409788, 0.00299385, 0.00391707, 0.0016825, 0.00144452, 0.00183579, 0.00289741, 0.00182609, 0.00240227, 0.001788, 0.00274757, 0.00218894, 0.00394954, 0.00359731, 0.00241038, 0.00371501, 0.00262326, 0.00349516, 0.00130974, 0.00211757, 0.00130693, 0.00179881, 0.0032017, 0.00350671, 0.00159947, 0.00295329, 0.00336924, 0.00373506, 0.00211151, 0.00247603, 0.00402561, 0.004047, 0.00423358, 0.00251018, 0.00293293, 0.00179676, 0.00320241, 0.00286818, 0.00426879, 0.00372574, 0.00160121, 0.0041058, 0.00186457, 0.00226726, 0.00154033, 0.00269508, 0.00434026, 0.00174471, 0.0033992, 0.00407296, 0.00306186, 0.00315278, 0.00316962, 0.00180085, 0.00317884, 0.00360387, 0.00337258, 0.00362765, 0.00299003, 0.00218613, 0.00353837, 0.00252407, 0.00200294, 0.00279966, 0.00271164, 0.00142804, 0.00292102, 0.00163827, 0.0019797, 0.00286991, 0.00205127, 0.00260513, 0.00197803, 0.00286065, 0.0027244, 0.00335664, 0.00130051, 0.0032807, 0.00318214, 0.00284826, 0.00379486, 0.0039382, 0.0037389, 0.00400665, 0.00419737, 0.00336523, 0.00193293, 0.00432893, 0.00191206, 0.00346201, 0.00346909, 0.00367442, 0.00160274, 0.00170138, 0.00327653, 0.00172313, 0.00308388, 0.00144411, 0.00431021, 0.00292144, 0.00252971, 0.00315611, 0.00279508];
GivenLatency = [93.1771, 175.056, 139.792, 285.793, 115.716, 124.902, 102.228, 191.853, 99.4307, 190.969, 104.928, 135.072, 131.689, 263.44, 161.95, 145.451, 178.244, 130.337, 289.63, 184.424, 215.842, 193.41, 155.764, 172.244, 125.957, 81.2224, 121.289, 138.425, 186.14, 294.016, 189.067, 117.756, 282.942, 246.532, 186.217, 199.351, 212.771, 94.2548, 110.038, 137.438, 116.043, 135.642, 161.145, 255.029, 207.738, 312.828, 331.01, 140.58, 128.466, 223.082, 178.369, 93.3568, 142.618, 265.344, 180.866, 81.8871, 80.8892, 78.0958, 249.343, 154.788, 295.411, 126.951, 184.696, 88.234, 123.251, 236.145, 106.109, 181.809, 156.902, 217.304, 128.188, 125.365, 206.086, 96.0905, 154.54, 137.503, 113.825, 100.656, 217.633, 145.254, 90.3466, 154.475, 136.906, 197.686, 173.55, 92.3902, 138.239, 278.341, 170.257, 144.83, 360.876, 175.436, 214.128, 182.664, 152.137, 204.273, 131.988, 219.558, 188.097, 231.764, 114.128, 402.211, 161.304, 158.093, 128.608, 117.333, 99.1295, 105.378, 131.889, 103.555, 100.695, 221.93, 83.5486, 271.673, 113.032, 183.407, 145.241, 287.398, 294.738, 115.388, 212.043, 194.71, 320.099, 93.5023, 222.193, 168.348, 117.654, 177.217];
HighestPossibleCritFunctionValue = 1.1;
