NumDevices = 32;
NumSlotes = 256;


GivenBandwidthOld = [0.0150657, 0.0193124, 0.0192137, 0.0343697, 0.0365896, 0.0213497, 0.0346297, 0.0309148, 0.0198472, 0.0318082, 0.0346566, 0.0333869, 0.0192233, 0.0217845, 0.0166536, 0.0318972, 0.0318299, 0.0248174, 0.0156217, 0.038445, 0.0299772, 0.037225, 0.0248731, 0.0277721, 0.0250608, 0.0325011, 0.0309106, 0.0240332, 0.0364588, 0.0232507, 0.034662, 0.0246633];
GivenLatency = [134.48, 105.958, 101.524, 62.6647, 51.2505, 115.057, 66.6185, 65.5807, 105.944, 68.5633, 52.1139, 56.2666, 102.644, 78.4146, 120.843, 69.7597, 74.233, 83.4246, 148.305, 51.6911, 60.7495, 61.8937, 74.422, 85.7685, 75.8732, 66.8652, 55.0066, 100.11, 50.8205, 92.2027, 57.9478, 71.882];
HighestPossibleCritFunctionValue = 1.1;
