NumDevices = 16;
NumSlotes = 128;


GivenBandwidthOld = [0.0410942, 0.0496299, 0.0304837, 0.0402925, 0.0566392, 0.0350171, 0.0325725, 0.0654067, 0.030961, 0.0610867, 0.063346, 0.0361956, 0.0394952, 0.0557055, 0.0627044, 0.0528296];
GivenLatency = [22.6171, 21.5386, 33.4496, 25.0224, 17.3564, 30.7929, 28.3819, 13.0118, 35.1359, 13.1823, 12.2915, 26.9676, 25.506, 15.5516, 12.8299, 14.5925];
HighestPossibleCritFunctionValue = 1.1;
