NumDevices = 16;
NumSlotes = 128;


GivenBandwidthOld = [0.0566645, 0.0596333, 0.0373915, 0.0596961, 0.0520624, 0.0331349, 0.0376582, 0.0611487, 0.0660084, 0.0633138, 0.0545088, 0.0693029, 0.0343162, 0.0527776, 0.0527159, 0.0566712];
GivenLatency = [14.646, 16.3126, 23.0386, 14.9242, 19.1467, 25.2023, 28.2038, 13.3296, 16.2094, 13.7806, 16.1674, 12.1777, 30.8878, 19.1671, 18.6711, 16.7628];
HighestPossibleCritFunctionValue = 1.1;
