NumDevices = 64;
NumSlotes = 512;


GivenBandwidthOld = [0.0120123, 0.00780741, 0.0115728, 0.00863159, 0.0136937, 0.0179329, 0.0162981, 0.015005, 0.0189911, 0.0135502, 0.0177528, 0.0135723, 0.0142661, 0.0133854, 0.0113827, 0.0146571, 0.00996112, 0.00906759, 0.0164302, 0.0103159, 0.00971106, 0.0188215, 0.0126096, 0.00933184, 0.00767153, 0.0154718, 0.0139149, 0.010693, 0.0101555, 0.0142622, 0.0104256, 0.0151785, 0.00979723, 0.0170246, 0.0122343, 0.0140588, 0.0160578, 0.0142334, 0.0126919, 0.0170443, 0.0181619, 0.0151429, 0.0109298, 0.0148503, 0.0194092, 0.0161172, 0.0124244, 0.0101999, 0.00938288, 0.0154871, 0.00911565, 0.0116834, 0.0185557, 0.00858549, 0.0137841, 0.0113095, 0.00904842, 0.0192873, 0.0163222, 0.019033, 0.0175451, 0.0104778, 0.0184976, 0.0186385];
GivenLatency = [234.242, 311.979, 199.483, 258.444, 202.157, 176.374, 187.578, 179.683, 170.845, 168.827, 172.045, 239.015, 162.914, 185.493, 257.72, 159.95, 312.916, 365.242, 141.37, 219.224, 305.62, 120.323, 250.577, 284.786, 388.215, 196.636, 189.188, 268.863, 290.456, 209.818, 234.37, 209.239, 229.512, 137.234, 265.779, 168.442, 179.266, 175.553, 195.088, 146.531, 152.771, 158.156, 222.315, 196.281, 160.937, 186.025, 234.513, 307.881, 264.429, 208.434, 296.762, 245.007, 141.896, 266.464, 200.469, 249.321, 354.377, 170.038, 193.587, 138.407, 136.893, 302.01, 154.929, 125.615];
HighestPossibleCritFunctionValue = 1.1;
