NumDevices = 64;
NumSlotes = 512;


GivenBandwidthOld = [0.00773231, 0.00439505, 0.00259901, 0.00403931, 0.00486144, 0.00372285, 0.00487326, 0.0085925, 0.00538942, 0.00255556, 0.00508304, 0.00310801, 0.00254046, 0.00747751, 0.00327713, 0.00748014, 0.0036972, 0.00512197, 0.00748434, 0.00555402, 0.00633048, 0.00646185, 0.00813325, 0.00545768, 0.00597369, 0.00348915, 0.00832352, 0.003389, 0.00649564, 0.00723779, 0.00559842, 0.00270393, 0.00493481, 0.00559236, 0.00701376, 0.00272035, 0.0059821, 0.00746574, 0.00541023, 0.00843286, 0.00354853, 0.00647136, 0.00540075, 0.00536483, 0.00802098, 0.00603223, 0.00620805, 0.00496871, 0.00654104, 0.00781794, 0.00617717, 0.00473167, 0.00384469, 0.00266175, 0.0085893, 0.00778466, 0.0030499, 0.00721248, 0.00518678, 0.00295617, 0.00689304, 0.00515806, 0.00783333, 0.00851496];
GivenLatency = [40.9181, 97.8667, 137.702, 126.481, 126.406, 153.677, 97.8531, 66.4557, 76.3041, 138.921, 85.9646, 152.059, 212.707, 55.4528, 103.651, 67.5306, 102.061, 103.367, 74.93, 115.735, 79.649, 68.4432, 43.2247, 63.7872, 63.9884, 91.6345, 49.2349, 122.256, 67.9001, 64.6544, 61.3573, 225.965, 68.7203, 55.4507, 66.0991, 209.146, 68.8213, 45.2758, 93.309, 39.302, 101.701, 61.2613, 67.8534, 99.9276, 53.3687, 77.9884, 100.889, 74.0312, 47.9628, 44.0889, 69.4164, 119.028, 82.1798, 154.736, 41.9322, 56.1869, 108.811, 49.7595, 99.1339, 168.739, 63.1864, 66.0445, 67.2396, 69.7441];
HighestPossibleCritFunctionValue = 1.1;
