NumDevices = 64;
NumSlotes = 512;


GivenBandwidthOld = [0.00415001, 0.00292836, 0.00822757, 0.00328401, 0.00436254, 0.00627201, 0.00499341, 0.00293816, 0.00414599, 0.00422621, 0.00868513, 0.00589427, 0.0063018, 0.00562883, 0.0075741, 0.00788497, 0.00766881, 0.00595528, 0.00660949, 0.00822677, 0.00859291, 0.00597096, 0.00774661, 0.00727371, 0.00307504, 0.0046524, 0.00296427, 0.00543457, 0.00500568, 0.00303865, 0.00561718, 0.00540401, 0.00386249, 0.00809404, 0.00277498, 0.00537621, 0.00538519, 0.00638168, 0.00438966, 0.00580237, 0.00539261, 0.00603417, 0.00755375, 0.00344777, 0.00658972, 0.00718645, 0.0051357, 0.00701734, 0.00665856, 0.00787071, 0.00547075, 0.00683415, 0.00282422, 0.00798604, 0.00640207, 0.00332678, 0.0044179, 0.0053189, 0.00479029, 0.00785392, 0.00452765, 0.0061963, 0.0074309, 0.00740775];
GivenLatency = [98.0532, 133.187, 51.5266, 143.507, 78.4661, 77.3028, 67.3304, 130.902, 148.935, 83.7607, 49.4263, 70.0456, 58.4532, 56.4902, 42.2117, 50.905, 45.4819, 61.0698, 52.2078, 44.6395, 37.8465, 53.5105, 53.15, 49.9094, 161.805, 72.6961, 145.702, 72.8387, 95.9152, 142.626, 62.2365, 66.8041, 112.984, 55.522, 182.839, 85.6063, 109.549, 79.5525, 82.7753, 65.3932, 74.5086, 66.5594, 50.2452, 131.183, 61.4235, 80.1793, 68.6096, 48.3999, 56.868, 81.2026, 68.3969, 67.7529, 166.426, 44.5188, 59.559, 177.875, 141.638, 83.6564, 80.4753, 47.0042, 108.002, 55.3731, 68.1962, 82.676];
HighestPossibleCritFunctionValue = 1.1;
