NumDevices = 64;
NumSlotes = 512;


GivenBandwidthOld = [0.0138843, 0.00855769, 0.00907995, 0.0117779, 0.0178939, 0.00971446, 0.0134025, 0.0111021, 0.0100789, 0.01301, 0.0133603, 0.0138185, 0.014573, 0.00905317, 0.011651, 0.0104602, 0.008818, 0.00915068, 0.0129541, 0.0113295, 0.0199844, 0.0196904, 0.0169299, 0.00883562, 0.0178369, 0.0145081, 0.0177861, 0.0111995, 0.00932175, 0.0132008, 0.00837065, 0.0154441, 0.0117333, 0.0182905, 0.0130963, 0.0151269, 0.0183866, 0.0152933, 0.0148108, 0.017655, 0.0193286, 0.0107591, 0.00873428, 0.0144707, 0.0133766, 0.0127396, 0.00756205, 0.0128188, 0.013072, 0.018897, 0.0185737, 0.0101331, 0.0127999, 0.00769209, 0.0110364, 0.0186146, 0.0105836, 0.00898235, 0.00892662, 0.0097058, 0.0178703, 0.0136336, 0.0191071, 0.0122087];
GivenLatency = [225.263, 273.413, 285.537, 197.799, 129.135, 256.779, 167.851, 225.559, 227.399, 203.055, 166.926, 219.261, 158.276, 332.342, 253.842, 260.507, 258.038, 359.225, 234.884, 213.776, 128.909, 128.072, 155.063, 354.293, 181.395, 211.646, 155.49, 201.114, 332.73, 232.233, 273.685, 208.349, 250.147, 145.153, 217.908, 189.591, 132.553, 156.988, 193.217, 126.23, 115.339, 304.186, 260.27, 168.846, 200.802, 222.263, 324.513, 254.265, 187.043, 154.282, 178.304, 228.378, 227.347, 308.88, 202.933, 127.429, 253.042, 359.812, 322.835, 286.436, 163.778, 195.608, 118.495, 222.647];
HighestPossibleCritFunctionValue = 1.1;
