NumDevices = 32;
NumSlotes = 256;


GivenBandwidthOld = [0.0392775, 0.0211916, 0.0278565, 0.0194508, 0.0191819, 0.0243636, 0.0390264, 0.0259975, 0.0253352, 0.0189065, 0.0207713, 0.0388944, 0.0329587, 0.0216794, 0.0253052, 0.015281, 0.0371234, 0.0186421, 0.0272332, 0.0181862, 0.0399829, 0.0274604, 0.0363943, 0.0388034, 0.0279507, 0.0266126, 0.0373382, 0.027857, 0.027132, 0.016944, 0.0382071, 0.0311983];
GivenLatency = [45.2041, 102.001, 88.2541, 122.298, 93.9639, 70.9613, 45.8921, 72.2991, 96.3267, 124.931, 81.8053, 52.2677, 71.8993, 104.137, 75.1274, 110.98, 51.4752, 94.4015, 73.1604, 92.588, 53.5775, 68.5743, 56.4104, 51.9806, 60.6255, 87.1247, 49.8124, 74.6486, 74.2623, 138.153, 43.6994, 61.3811];
HighestPossibleCritFunctionValue = 1.1;
