NumDevices = 128;
NumSlotes = 1024;


GivenBandwidthOld = [0.00884356, 0.00499296, 0.00673537, 0.00389975, 0.00802956, 0.00539394, 0.00838498, 0.00385853, 0.00912857, 0.00761591, 0.00934394, 0.00866989, 0.00487008, 0.00392867, 0.00672275, 0.00423886, 0.00751024, 0.00837988, 0.00561655, 0.00610212, 0.00461847, 0.0063574, 0.00763124, 0.00453028, 0.00545962, 0.00609548, 0.00548231, 0.00612144, 0.00428239, 0.00781695, 0.00697865, 0.00524728, 0.00607813, 0.00767065, 0.00442429, 0.00528813, 0.00509824, 0.00742812, 0.00934112, 0.0049128, 0.00948172, 0.00544975, 0.00897414, 0.00593207, 0.00901084, 0.00388485, 0.00768417, 0.00651104, 0.00856167, 0.00466239, 0.00707939, 0.00456518, 0.00446113, 0.00570392, 0.00578561, 0.00377173, 0.0065317, 0.00574356, 0.00957387, 0.00433729, 0.00557519, 0.00464533, 0.0077815, 0.00495334, 0.00950889, 0.00597083, 0.0041631, 0.0092168, 0.00929217, 0.00727907, 0.00433476, 0.00681357, 0.00568291, 0.00898467, 0.00785081, 0.00737015, 0.00388306, 0.00890854, 0.00964739, 0.00860573, 0.00776409, 0.00597203, 0.00573931, 0.00676117, 0.00618218, 0.00635263, 0.00868561, 0.00654585, 0.00606389, 0.00574118, 0.00701563, 0.00793301, 0.00765673, 0.00789291, 0.00860251, 0.00984651, 0.00531541, 0.00726853, 0.00841748, 0.00630737, 0.00424319, 0.00525204, 0.00477489, 0.00400343, 0.00682078, 0.00806823, 0.00531677, 0.00521442, 0.00994798, 0.00443885, 0.00623216, 0.00886643, 0.00812081, 0.00764356, 0.00531964, 0.00972249, 0.00845923, 0.00797097, 0.00807748, 0.00451945, 0.00462263, 0.00761354, 0.00706451, 0.00454932, 0.00664123, 0.0090872, 0.00612659, 0.00955305];
GivenLatency = [542.336, 808.469, 500.09, 963.889, 543.14, 670.214, 543.604, 947.156, 500.916, 521.1, 441.65, 395.796, 813.281, 866.865, 563.399, 817.512, 512.823, 500.819, 812.244, 740.205, 778.877, 719.724, 437.733, 833.531, 728.222, 781.083, 645.51, 693.536, 995.376, 595.633, 630.375, 649.411, 653.524, 523.407, 785.787, 648.008, 787.067, 453.776, 532.212, 1013.33, 428.976, 616.077, 436.787, 726.979, 390.029, 1261.56, 590.899, 689.146, 444.288, 972.191, 655.156, 789.69, 934.237, 765.086, 592.453, 948.325, 600.615, 620.151, 371.501, 931.963, 612.51, 937.315, 614.084, 937.8, 499.549, 562.166, 926.682, 434.149, 500.908, 464.407, 1051.94, 667.571, 774.104, 378.163, 576.604, 510.738, 1076.82, 378.95, 441.608, 427.87, 466.209, 749.284, 664.839, 522.494, 556.019, 661.206, 400.506, 536.367, 574.085, 698.69, 679.753, 425.376, 486.872, 630.818, 407.97, 468.923, 784.687, 533.388, 547.291, 534.02, 1110.37, 918.399, 935.772, 942.738, 583.978, 434.73, 812.052, 718.455, 379.367, 938.091, 729.361, 537.248, 596.159, 444.803, 904.427, 358.423, 407.568, 539.122, 527.703, 801.581, 856.719, 487.043, 502.812, 923.967, 708.358, 461.869, 707.606, 406.961];
HighestPossibleCritFunctionValue = 1.1;
