NumDevices = 128;
NumSlotes = 1024;


GivenBandwidthOld = [0.00327512, 0.00310163, 0.00280382, 0.0038082, 0.0030986, 0.00192528, 0.00378203, 0.00401448, 0.00129953, 0.00246375, 0.00387809, 0.00274092, 0.00296505, 0.00425718, 0.00226004, 0.00201572, 0.0019963, 0.00362943, 0.00175024, 0.00258477, 0.00339633, 0.00270493, 0.0042248, 0.00179964, 0.00154252, 0.00193487, 0.0024892, 0.00342276, 0.00319584, 0.0018236, 0.00429594, 0.00373795, 0.00374261, 0.003877, 0.00316264, 0.00330167, 0.00236333, 0.00359047, 0.0031512, 0.0015638, 0.00348189, 0.00330224, 0.00255555, 0.00302931, 0.00294598, 0.00250117, 0.00146678, 0.00403833, 0.00213657, 0.00184518, 0.00134829, 0.00322723, 0.00133919, 0.00334148, 0.00274009, 0.00148151, 0.00156371, 0.00195201, 0.00304204, 0.00136893, 0.00321149, 0.00235535, 0.00389497, 0.00214841, 0.00396134, 0.00204884, 0.00233043, 0.00383125, 0.00306373, 0.00329139, 0.00150014, 0.00215991, 0.0035559, 0.00341552, 0.003375, 0.00366954, 0.00392367, 0.00321099, 0.00331324, 0.00309516, 0.00341699, 0.00309415, 0.00212439, 0.00333102, 0.0019786, 0.00303945, 0.00149372, 0.00369104, 0.00286624, 0.0028618, 0.00326638, 0.00296836, 0.00355845, 0.00254761, 0.00400746, 0.00218331, 0.00300181, 0.00334383, 0.00163148, 0.00344923, 0.00436994, 0.0037242, 0.00391433, 0.00259834, 0.00342538, 0.00340827, 0.00335349, 0.00155437, 0.00435868, 0.00198298, 0.00177392, 0.00368793, 0.00366797, 0.002621, 0.00305104, 0.00258654, 0.00194804, 0.00197968, 0.00240972, 0.00200433, 0.00426219, 0.00210027, 0.00427209, 0.00292424, 0.00275821, 0.00280516, 0.00127704, 0.00261486];
GivenLatency = [126.114, 139, 160.704, 131.086, 103.682, 306.387, 127.456, 116.363, 297.21, 170.973, 128.28, 167.114, 134.186, 151.229, 167.436, 158.645, 181.284, 121.267, 223.305, 179.659, 95.101, 122.529, 117.489, 253.084, 242.743, 186.143, 171.044, 109.157, 166.28, 214.674, 107.459, 100.944, 171.29, 153.677, 115.535, 110.095, 150.789, 118.25, 137.972, 250.819, 126.006, 105.643, 172.402, 163.699, 135.669, 201.291, 318.292, 142.166, 289.899, 266.608, 261.748, 185.371, 328.989, 120.551, 205.524, 372.258, 276.44, 171.803, 118.186, 305.323, 190.422, 159.916, 163.871, 196.802, 90.8595, 174.994, 161.86, 110.831, 114.234, 140.501, 221.749, 190.378, 95.4014, 102.923, 147.967, 115.58, 115.193, 108.392, 117.443, 134.398, 170.205, 183.43, 224.494, 115.052, 174.07, 132.763, 282.247, 93.9696, 113.952, 137.824, 125.273, 140.951, 112.623, 171.264, 111.859, 148.408, 124.768, 94.54, 209.988, 170.542, 85.6349, 161.251, 103.512, 195.352, 104.439, 131.789, 175.253, 204.289, 86.0986, 176.423, 205.637, 113.896, 89.7431, 193.508, 134.478, 192.402, 250.208, 202.566, 151.928, 186.002, 125.273, 229.601, 99.3986, 117.501, 202.763, 124.967, 467.257, 189.349];
HighestPossibleCritFunctionValue = 1.1;
