NumDevices = 32;
NumSlotes = 256;


GivenBandwidthOld = [0.0226451, 0.0316629, 0.0183203, 0.019194, 0.0290423, 0.0244539, 0.031406, 0.0249778, 0.0374445, 0.0399438, 0.0208677, 0.0335234, 0.0369682, 0.0345317, 0.0341874, 0.0228231, 0.023308, 0.0226252, 0.0209236, 0.0228041, 0.02817, 0.0378243, 0.0224389, 0.0162252, 0.0326853, 0.0263596, 0.0350605, 0.0210385, 0.0292397, 0.0167165, 0.0384056, 0.0183683];
GivenLatency = [91.6803, 74.7602, 94.0446, 99.4648, 70.448, 87.9579, 65.0496, 90.3213, 64.9014, 51.3208, 89.1901, 68.9635, 64.4404, 57.4732, 57.3931, 82.7081, 101.227, 106.95, 85.8112, 81.4528, 88.4797, 52.1652, 104.464, 140.419, 60.8008, 86.8465, 51.2847, 101.962, 57.0517, 122.548, 54.5251, 135.632];
HighestPossibleCritFunctionValue = 1.1;
