NumDevices = 128;
NumSlotes = 1024;


GivenBandwidthOld = [0.00629969, 0.0063061, 0.0078435, 0.00940581, 0.00466987, 0.00783114, 0.00803373, 0.00659656, 0.00842863, 0.00617618, 0.0055399, 0.00531165, 0.00660479, 0.00918393, 0.0068814, 0.00815567, 0.0060868, 0.00967323, 0.00550366, 0.0087723, 0.00726728, 0.00612164, 0.00761339, 0.00444381, 0.00829885, 0.00622656, 0.00847397, 0.00568734, 0.00845101, 0.00734744, 0.00963977, 0.00565829, 0.00761907, 0.00626346, 0.00997009, 0.00727214, 0.00666429, 0.0092056, 0.00857807, 0.00532913, 0.00667782, 0.00540286, 0.00831097, 0.00996343, 0.0079008, 0.00996779, 0.00616682, 0.00442827, 0.00969268, 0.00735608, 0.00480797, 0.00997544, 0.00974834, 0.00535046, 0.00884995, 0.00613567, 0.00593261, 0.00554291, 0.00589137, 0.00622878, 0.00831235, 0.0081718, 0.00837987, 0.00546276, 0.00888459, 0.00697389, 0.00638231, 0.00750503, 0.00823227, 0.00603291, 0.00390379, 0.00730793, 0.00815603, 0.00596656, 0.00753524, 0.0097596, 0.00715531, 0.005557, 0.00531185, 0.00383889, 0.00401877, 0.00848071, 0.00647815, 0.00574172, 0.00982901, 0.00484068, 0.00987263, 0.00679475, 0.00803159, 0.00815073, 0.00437724, 0.0082968, 0.00936586, 0.00825735, 0.00872091, 0.00612806, 0.00938748, 0.0092021, 0.00590138, 0.00568775, 0.00905569, 0.00764707, 0.00808868, 0.00525977, 0.00972417, 0.00529831, 0.00745317, 0.00544151, 0.00792574, 0.00413668, 0.00897575, 0.00791225, 0.00873268, 0.00391979, 0.00734989, 0.00706714, 0.00489416, 0.00862607, 0.00586818, 0.00403424, 0.00592412, 0.00669387, 0.00631951, 0.00821412, 0.00723085, 0.006377, 0.00572474, 0.0057218];
GivenLatency = [656.19, 602.766, 592.39, 526.611, 829.916, 594.729, 483.272, 637.668, 451.588, 771.279, 738.219, 806.129, 602.873, 531.247, 712.395, 586.894, 726.805, 471.861, 663.89, 475.972, 499.278, 583.108, 438.469, 761.502, 470.098, 568.106, 580.071, 626.795, 567.224, 608.079, 363.104, 662.115, 584.332, 790.388, 374.998, 570.894, 501.699, 506.685, 394.39, 839.695, 526.329, 685.765, 410.246, 484.876, 467.565, 412.723, 569.935, 957.991, 472.892, 491.335, 868.921, 347.498, 360.506, 873.863, 459.995, 693.658, 646.062, 861.547, 707.752, 749.81, 543.634, 429.778, 567.391, 745.567, 392.225, 688.96, 741.516, 569.374, 486.727, 659.395, 1224.54, 518.336, 488.149, 751.151, 499.307, 344.798, 656.37, 601.039, 696.677, 1101.36, 902.962, 451.65, 527.692, 748.75, 480.137, 811.216, 441.291, 637.027, 545.56, 577.523, 872.568, 427.505, 397.38, 547.602, 489.053, 554.751, 370.872, 453.622, 745.687, 649.768, 376.336, 495.116, 539.07, 652.633, 419.789, 763.621, 476.09, 799.423, 573.377, 901.561, 473.425, 424.15, 421.741, 875.218, 550.372, 618.143, 942.993, 392.792, 617.681, 1018.46, 578.945, 542.615, 684.497, 412.355, 636.579, 741.817, 696.079, 585.92];
HighestPossibleCritFunctionValue = 1.1;
