NumDevices = 16;
NumSlotes = 128;


GivenBandwidthOld = [0.0267494, 0.0176395, 0.0323117, 0.0279384, 0.026452, 0.0194444, 0.0173849, 0.0279872, 0.0212548, 0.0199071, 0.0181584, 0.028926, 0.0250531, 0.0319239, 0.0102534, 0.0183803];
GivenLatency = [11.6488, 28.2396, 14.642, 22.5992, 12.3568, 18.0512, 17.4041, 15.8606, 18.4898, 17.307, 29.5199, 18.7176, 13.8522, 13.1617, 59.9577, 23.8061];
HighestPossibleCritFunctionValue = 1.1;
