NumDevices = 128;
NumSlotes = 1024;


GivenBandwidthOld = [0.00585381, 0.00740632, 0.00547193, 0.00416473, 0.00415931, 0.00803001, 0.0078094, 0.0051104, 0.0080123, 0.00523194, 0.00574144, 0.00387559, 0.00457614, 0.00874215, 0.00682496, 0.00465492, 0.00774853, 0.00697423, 0.00846791, 0.00760484, 0.00711767, 0.0042274, 0.00747094, 0.00664343, 0.00865083, 0.00706256, 0.00801256, 0.00466034, 0.0037681, 0.00803505, 0.00758029, 0.0044281, 0.00550136, 0.00391011, 0.00477127, 0.00825955, 0.00574922, 0.00458535, 0.00848348, 0.00434919, 0.00440824, 0.00684039, 0.00391123, 0.00851856, 0.00387727, 0.007738, 0.00511136, 0.00412398, 0.00418412, 0.00508192, 0.00438317, 0.00552177, 0.00688149, 0.00475369, 0.00771565, 0.00450144, 0.00815753, 0.00618471, 0.00392504, 0.00561779, 0.00575702, 0.00573131, 0.00864944, 0.00861887, 0.00485663, 0.00780783, 0.00376418, 0.00709456, 0.00581162, 0.00845634, 0.0082136, 0.00850884, 0.0055688, 0.00737398, 0.0069921, 0.0086652, 0.0085907, 0.00635796, 0.00572161, 0.00563912, 0.00418689, 0.00652211, 0.00462584, 0.00393866, 0.0046208, 0.00431472, 0.00492508, 0.00831558, 0.00740313, 0.00699063, 0.0039779, 0.00408022, 0.00381976, 0.00621173, 0.00798461, 0.00480351, 0.00516084, 0.00573457, 0.0083385, 0.00771717, 0.00494903, 0.00590644, 0.00700193, 0.00400199, 0.00394558, 0.00593055, 0.00724183, 0.00585363, 0.00446838, 0.00750164, 0.00748283, 0.00648629, 0.00753675, 0.00772045, 0.00503192, 0.00398624, 0.00415415, 0.00637523, 0.00603072, 0.00586423, 0.00766087, 0.00380039, 0.00569174, 0.00859295, 0.00420695, 0.00864579, 0.00720371, 0.00521013];
GivenLatency = [215.319, 162.226, 207.841, 250.815, 296.631, 156.399, 134.824, 247.315, 138.978, 193.453, 220.715, 329.602, 233.935, 119.681, 169.011, 257.409, 125.295, 175.962, 152.535, 157.332, 157.659, 294.175, 170.356, 161.628, 145.57, 173.682, 150.919, 274.182, 270.995, 149.099, 146.801, 249.637, 195.433, 295.844, 249.163, 119.981, 178.258, 219.63, 117.015, 264.653, 224.96, 165.225, 256.803, 115.938, 267.373, 155.335, 247.634, 277.743, 247.632, 189.444, 225.426, 185.35, 139.237, 267.127, 137.835, 259.748, 129.582, 196.483, 287.942, 185.865, 180.487, 166.46, 118.91, 134.665, 203.999, 146.407, 279.136, 167.879, 198.269, 118.271, 144.412, 112.423, 172.421, 159.639, 153.151, 120.212, 141.078, 150.52, 166.842, 211.614, 245.581, 176.63, 222.498, 274.63, 241.708, 220.818, 229.947, 130.785, 156.877, 141.67, 241.211, 274.243, 267.297, 178.68, 133.037, 233.747, 212.997, 191.751, 134.777, 139.638, 213.025, 167.526, 145.129, 252.682, 310.949, 167.032, 137.427, 217.118, 217.817, 163.774, 162.669, 151.572, 158.583, 140.993, 195.555, 251.355, 289.336, 167.953, 197.497, 189.915, 143.918, 322.683, 172.345, 150.824, 254.924, 122.243, 144.116, 184.294];
HighestPossibleCritFunctionValue = 1.1;
