NumDevices = 64;
NumSlotes = 512;


GivenBandwidthOld = [0.0163536, 0.00948314, 0.00807121, 0.00790674, 0.0135325, 0.0151843, 0.00830062, 0.0134646, 0.0138239, 0.0133977, 0.00995697, 0.0117588, 0.0154655, 0.0144686, 0.00886247, 0.0165535, 0.0100923, 0.0160566, 0.00904229, 0.00881183, 0.0153747, 0.0170062, 0.00843432, 0.0105516, 0.0155035, 0.0116006, 0.017104, 0.0117528, 0.014319, 0.0137714, 0.0116874, 0.0148056, 0.0122141, 0.0169452, 0.0128904, 0.0134067, 0.010899, 0.0142638, 0.0166152, 0.0168539, 0.00894406, 0.00786717, 0.00855577, 0.0118002, 0.010486, 0.0137985, 0.0168318, 0.00775948, 0.00862766, 0.0100297, 0.0147739, 0.00962738, 0.0123161, 0.0115895, 0.00892074, 0.0158906, 0.00813601, 0.0168389, 0.0160003, 0.0115309, 0.0152375, 0.010967, 0.0170502, 0.00770314];
GivenLatency = [66.1399, 97.0198, 117.472, 152.888, 69.5975, 79.2045, 114.257, 82.9359, 84.5592, 93.0516, 105.393, 80.9578, 72.1293, 83.228, 105.424, 73.143, 123.074, 69.8773, 126.109, 132.787, 67.1076, 66.5629, 118.687, 115.369, 61.8044, 85.3649, 71.2333, 92.3559, 66.8532, 75.8288, 89.2074, 70.5126, 84.5771, 65.7115, 83.7787, 72.0419, 113.294, 85.5581, 60.1794, 59.6779, 127.452, 155.374, 114.229, 78.9406, 96.2117, 74.6244, 64.5993, 145.431, 118.437, 97.4026, 81.2663, 113.824, 81.3504, 95.9764, 107.674, 60.0473, 130.651, 65.2641, 72.9272, 89.2824, 61.9085, 100.181, 59.7737, 126.167];
HighestPossibleCritFunctionValue = 1.1;
