NumDevices = 16;
NumSlotes = 128;


GivenBandwidthOld = [0.0579096, 0.0665439, 0.0639399, 0.057709, 0.0557442, 0.0332313, 0.0579956, 0.0313011, 0.0574765, 0.0669126, 0.0604775, 0.0645782, 0.0665427, 0.0439078, 0.058848, 0.0385857];
GivenLatency = [18.3996, 14.7868, 16.6377, 16.4277, 17.0601, 26.3346, 13.6182, 26.8012, 17.3655, 14.2774, 17.0154, 13.6956, 16.6951, 17.5439, 17.4803, 26.0718];
HighestPossibleCritFunctionValue = 1.1;
