NumDevices = 128;
NumSlotes = 1024;


GivenBandwidthOld = [0.00395379, 0.00385832, 0.00559061, 0.00763667, 0.00823551, 0.00426119, 0.00786061, 0.00956, 0.00865996, 0.00670069, 0.00857438, 0.00586444, 0.00985553, 0.00693478, 0.00529023, 0.00906876, 0.00871498, 0.00649726, 0.00818586, 0.00733229, 0.00504103, 0.00842021, 0.00838835, 0.00417, 0.00640615, 0.00811461, 0.00979673, 0.00622344, 0.00612064, 0.00963423, 0.00623898, 0.00483746, 0.00562019, 0.00477523, 0.0097156, 0.00506968, 0.00855771, 0.00684868, 0.00829223, 0.00754711, 0.00929005, 0.00913157, 0.00808944, 0.00541457, 0.00517859, 0.0078515, 0.00641742, 0.00384625, 0.00886358, 0.00388484, 0.00753678, 0.00449007, 0.00456894, 0.0052071, 0.00565635, 0.00629, 0.0060522, 0.00933272, 0.00753517, 0.00858614, 0.0097082, 0.00573401, 0.0052077, 0.00955123, 0.00507577, 0.00472856, 0.00669966, 0.00998687, 0.00806292, 0.00974794, 0.00488034, 0.00767816, 0.00562577, 0.00474683, 0.0074545, 0.00908603, 0.00511906, 0.00737321, 0.00531292, 0.00932477, 0.00515392, 0.00576671, 0.00482945, 0.00853961, 0.0089221, 0.00616126, 0.00486427, 0.0063562, 0.00620941, 0.00781879, 0.0066346, 0.00389577, 0.00996521, 0.00660911, 0.00685647, 0.00791698, 0.00693544, 0.00400179, 0.00438295, 0.00417423, 0.00876062, 0.00473223, 0.00582767, 0.00446793, 0.00758455, 0.00721332, 0.00554442, 0.00626348, 0.00404571, 0.00506624, 0.00706823, 0.00441765, 0.00627494, 0.00914978, 0.00777789, 0.00666798, 0.00878705, 0.00527973, 0.00773411, 0.00843522, 0.00451875, 0.00534414, 0.00903083, 0.00869474, 0.00381703, 0.0052681, 0.00598576, 0.0051553];
GivenLatency = [1252.01, 1163.47, 825.537, 594.509, 533.595, 1085.72, 432.672, 367.54, 563.701, 710.716, 412.501, 690.873, 394.694, 560.64, 671.677, 455.56, 459.062, 514.087, 598.586, 564.925, 925.458, 424.333, 519.416, 1008.06, 647.974, 427.282, 360.011, 713.427, 569.919, 413.631, 633.934, 848.999, 625.627, 823.818, 445.183, 920.638, 410.506, 602.021, 482.984, 457.231, 519.763, 366.328, 432.594, 690.515, 797.694, 469.488, 605.644, 987.663, 381.05, 1175.84, 613.42, 897.313, 1029.46, 752.131, 804.876, 552.459, 562.067, 516.375, 603.871, 511.081, 437.252, 835.221, 682.3, 370.337, 871.72, 725.24, 623.363, 394.422, 442.594, 348.992, 698.081, 500.008, 878.028, 967.017, 544.824, 472.344, 822.904, 458.937, 776.062, 441.491, 805.679, 752.891, 796.396, 525.874, 406.227, 571.192, 966.836, 753.311, 560.654, 517.517, 718.759, 996.836, 385.73, 743.734, 613.379, 559.107, 561.477, 1114.6, 955.623, 1151.06, 414.019, 771.651, 835.235, 1022.71, 475.568, 471.823, 637.665, 758.027, 852.696, 869.77, 526.383, 780.945, 582.395, 369.673, 580.804, 538.192, 420.095, 862.039, 495.707, 488.278, 1006.72, 744.374, 452.605, 571.705, 1161.45, 928.369, 568.299, 726.69];
HighestPossibleCritFunctionValue = 1.1;
