NumDevices = 128;
NumSlotes = 1024;


GivenBandwidthOld = [0.00903686, 0.0038314, 0.00927142, 0.00844194, 0.0050032, 0.00375256, 0.00928657, 0.00685955, 0.00977382, 0.00856012, 0.00375119, 0.00502518, 0.00452219, 0.0069203, 0.00574286, 0.00404098, 0.00676457, 0.00717742, 0.00842234, 0.00672681, 0.00993735, 0.00707501, 0.00593215, 0.0042005, 0.00651098, 0.00753318, 0.00645281, 0.00484499, 0.00720472, 0.00468654, 0.00672985, 0.00478498, 0.00496213, 0.00724277, 0.00666338, 0.00635712, 0.0090333, 0.00634164, 0.00518785, 0.00725439, 0.00822668, 0.00584046, 0.00683293, 0.00605389, 0.00656126, 0.00891655, 0.00676001, 0.00544168, 0.00457771, 0.00877642, 0.00770669, 0.00376461, 0.00549452, 0.00511758, 0.00744955, 0.00711125, 0.00875584, 0.00566005, 0.00604163, 0.00662865, 0.00393093, 0.00706638, 0.00455965, 0.00523518, 0.00897778, 0.00456633, 0.00510169, 0.00915571, 0.00755935, 0.00872202, 0.00605932, 0.00390512, 0.00452098, 0.0053169, 0.00735468, 0.00642248, 0.0076318, 0.00771042, 0.00405689, 0.00536579, 0.00412595, 0.00985518, 0.00731148, 0.00525711, 0.00880472, 0.00847348, 0.00382394, 0.00901448, 0.00895005, 0.00726426, 0.00543245, 0.00560459, 0.00503595, 0.00413973, 0.00392062, 0.00890639, 0.00468942, 0.00511055, 0.00807895, 0.00413514, 0.00806235, 0.00636304, 0.00867569, 0.00863361, 0.00754804, 0.00624024, 0.0071557, 0.00584109, 0.00499484, 0.00705479, 0.00991422, 0.00585784, 0.00514733, 0.00740971, 0.00625241, 0.00542311, 0.00494596, 0.00423858, 0.00902157, 0.0092876, 0.00548409, 0.0049135, 0.0086254, 0.00704406, 0.00454224, 0.00641584, 0.0084683, 0.00416431];
GivenLatency = [519.542, 1087.97, 433.809, 484.893, 844.33, 1330.01, 511.611, 510.117, 438.495, 411.703, 937.198, 711.922, 1008.2, 650.857, 656.252, 982.119, 558.877, 606.889, 477.211, 599.057, 421.278, 515.008, 710.183, 800.561, 536.257, 628.67, 591.521, 901.152, 536.327, 869.36, 644.373, 752.444, 811.679, 461.137, 540.11, 599.104, 461.239, 684.188, 671.471, 537.628, 573.919, 803.009, 650.24, 614.156, 518.501, 381.644, 603.478, 738.87, 987.534, 484.976, 455.558, 996.588, 688.529, 912.378, 496.985, 489.94, 495.915, 668.758, 595.461, 520.027, 1111.28, 617.269, 785.025, 816.277, 410.415, 1086.53, 870.757, 400.539, 570.019, 434.327, 629.5, 960.217, 868.312, 719.668, 490.898, 600.666, 489.298, 639.587, 1226.44, 786.636, 1070.7, 507.196, 670.938, 861.872, 424.149, 470.365, 882.705, 454.966, 389.161, 629.5, 636.173, 657.822, 733.634, 986.584, 1079.34, 375.928, 797.744, 972.348, 589.482, 1154.9, 435.011, 674.601, 519.184, 484.011, 640.358, 718.342, 526.471, 760.748, 678.422, 575.081, 419.038, 677.872, 685.549, 475.205, 559.768, 751.583, 696.848, 1031.78, 521.778, 444.437, 874.714, 856.324, 396.949, 679.345, 783.925, 658.085, 453.669, 891.659];
HighestPossibleCritFunctionValue = 1.1;
