NumDevices = 64;
NumSlotes = 512;


GivenBandwidthOld = [0.0133679, 0.00905086, 0.0128885, 0.0116165, 0.0136112, 0.00833741, 0.0118848, 0.0136293, 0.0120563, 0.0159292, 0.00759638, 0.0173504, 0.0133712, 0.0152049, 0.0138876, 0.0146911, 0.00913474, 0.0126105, 0.00966757, 0.00780971, 0.0128226, 0.0140552, 0.0104309, 0.0170864, 0.0154525, 0.014944, 0.00808924, 0.0108534, 0.0174279, 0.0160183, 0.0139997, 0.0174356, 0.0145399, 0.0075722, 0.0109066, 0.0127193, 0.00869343, 0.01546, 0.0115298, 0.0171052, 0.012904, 0.0130837, 0.012491, 0.0111879, 0.0102307, 0.0125527, 0.00784319, 0.0155196, 0.0127012, 0.0145318, 0.0116383, 0.0105257, 0.0105597, 0.0121471, 0.0111436, 0.0151103, 0.0132796, 0.0152962, 0.00759963, 0.0119893, 0.00865461, 0.0130892, 0.0147457, 0.0152271];
GivenLatency = [70.0714, 130.971, 82.3888, 86.1236, 86.5998, 148.32, 85.8513, 78.6377, 77.5318, 69.5206, 123.289, 66.4608, 81.5802, 61.6833, 70.1274, 65.1347, 104.303, 72.4315, 111.914, 123.744, 93.2105, 65.0187, 116.368, 54.3997, 71.7544, 79.9771, 115.078, 89.1884, 70.3071, 71.5924, 68.2795, 54.7303, 74.177, 136.367, 105.774, 81.826, 104.638, 76.5048, 85.8655, 59.0086, 85.4908, 69.8937, 79.851, 90.1111, 102.845, 79.1069, 137.531, 76.5179, 75.6264, 68.5516, 91.1259, 87.8568, 113.041, 80.2093, 84.8482, 78.4864, 79.1658, 71.4738, 122.565, 85.7708, 130.529, 80.8952, 64.5058, 80.4397];
HighestPossibleCritFunctionValue = 1.1;
