NumDevices = 64;
NumSlotes = 512;


GivenBandwidthOld = [0.0148103, 0.00894352, 0.0187608, 0.0184201, 0.0160056, 0.0104183, 0.0176433, 0.0104654, 0.00923151, 0.00898067, 0.0180932, 0.0100283, 0.0127026, 0.0104935, 0.0185158, 0.0127144, 0.00837244, 0.00812455, 0.0168288, 0.00881419, 0.00766757, 0.0112862, 0.0172488, 0.0185946, 0.0118752, 0.01692, 0.0163086, 0.0156455, 0.00811906, 0.0120866, 0.0195778, 0.0116698, 0.0139326, 0.00763115, 0.0117026, 0.0155002, 0.0164521, 0.0154221, 0.0175719, 0.0113711, 0.0192692, 0.0121861, 0.0171822, 0.0110923, 0.00892499, 0.0197257, 0.00910013, 0.0133361, 0.00779759, 0.00906552, 0.0191753, 0.00888323, 0.0178765, 0.0182481, 0.014, 0.0163251, 0.0192921, 0.00948033, 0.0159007, 0.0107154, 0.0108049, 0.016008, 0.0135648, 0.0140787];
GivenLatency = [187.299, 301.632, 124.747, 135.701, 170.668, 295.516, 160.924, 220.442, 359.14, 270.697, 181.969, 231.593, 209.457, 260.5, 146.218, 233.517, 309.542, 379.293, 190.572, 361.627, 357.195, 227.569, 166.229, 122.972, 257.25, 144.495, 153.029, 202.143, 332.484, 269.812, 142.422, 228.118, 169.718, 325.67, 193.438, 173.954, 163.827, 203.816, 155.785, 283.422, 134.193, 213.184, 192.342, 224.032, 287.49, 129.887, 330.745, 245.04, 379.006, 310.253, 145.259, 268.913, 135.678, 167.928, 199.871, 169.3, 169.728, 246.583, 170.987, 245.483, 280.328, 188.953, 224.415, 209.242];
HighestPossibleCritFunctionValue = 1.1;
