NumDevices = 16;
NumSlotes = 128;


GivenBandwidthOld = [0.0340454, 0.0161757, 0.0292673, 0.0348684, 0.0229321, 0.0348112, 0.0115892, 0.0201615, 0.0196737, 0.0201206, 0.0320676, 0.025745, 0.0119124, 0.0259146, 0.0110747, 0.0223058];
GivenLatency = [9.03637, 25.1923, 10.9587, 11.5475, 13.1422, 11.8489, 46.4659, 19.1696, 17.9287, 29.1828, 10.7684, 18.4158, 31.9676, 17.4692, 27.615, 21.8467];
HighestPossibleCritFunctionValue = 1.1;
