NumDevices = 16;
NumSlotes = 128;


GivenBandwidthOld = [0.0503836, 0.0579555, 0.0372829, 0.0337472, 0.0484935, 0.05066, 0.0629075, 0.0661149, 0.0538152, 0.0518661, 0.0539283, 0.0325434, 0.0571289, 0.0662041, 0.0317613, 0.0319955];
GivenLatency = [18.4503, 17.4976, 27.2156, 23.2124, 19.5973, 19.8493, 16.0348, 16.1048, 14.4721, 17.6505, 14.7773, 28.2562, 15.517, 16.5396, 25.843, 25.7356];
HighestPossibleCritFunctionValue = 1.1;
