NumDevices = 8;
NumSlotes = 64;


GivenBandwidthOld = [0.0694865, 0.039645, 0.044264, 0.0253876, 0.0690544, 0.0263764, 0.0381706, 0.06386];
GivenLatency = [8.22213, 11.1447, 11.7466, 12.0003, 5.69808, 18.7447, 10.9336, 6.92317];
HighestPossibleCritFunctionValue = 1.1;
