NumDevices = 16;
NumSlotes = 128;


GivenBandwidthOld = [0.0297853, 0.0165747, 0.010291, 0.0254851, 0.0176944, 0.0294848, 0.0156891, 0.0270708, 0.0193726, 0.0348828, 0.0144791, 0.0151627, 0.0286593, 0.0173794, 0.0347945, 0.0317541];
GivenLatency = [11.1291, 20.1841, 50.9016, 21.8779, 23.4131, 19.9984, 21.7285, 12.6116, 17.141, 9.82248, 30.8911, 36.8904, 11.0966, 28.3206, 14.0943, 10.0071];
HighestPossibleCritFunctionValue = 1.1;
