NumDevices = 32;
NumSlotes = 256;


GivenBandwidthOld = [0.0194146, 0.0367392, 0.0353791, 0.0263949, 0.0283395, 0.0377994, 0.0290295, 0.0337644, 0.0387527, 0.0273317, 0.0243975, 0.0344986, 0.02849, 0.0156556, 0.033605, 0.0341119, 0.028893, 0.0394314, 0.0336999, 0.0285879, 0.0368936, 0.0312289, 0.0233893, 0.0388249, 0.0156232, 0.039696, 0.0307378, 0.0197065, 0.0176794, 0.0223206, 0.0274896, 0.0283767];
GivenLatency = [89.4573, 53.9584, 50.4715, 71.3955, 75.9542, 52.6137, 59.3063, 66.3876, 45.286, 75.5651, 81.6853, 52.4534, 80.1438, 138.441, 56.9544, 58.1213, 65.5105, 54.3098, 49.6664, 67.7767, 47.8898, 60.8139, 77.6061, 52.9998, 107.302, 61.538, 55.7649, 122.669, 97.4385, 96.6452, 61.5471, 62.6232];
HighestPossibleCritFunctionValue = 1.1;
