NumDevices = 128;
NumSlotes = 1024;


GivenBandwidthOld = [0.00318271, 0.00304628, 0.00377887, 0.00397818, 0.00373901, 0.00282228, 0.00147511, 0.00341367, 0.00353299, 0.00271014, 0.00427005, 0.00299064, 0.00308999, 0.00408665, 0.00184404, 0.00401183, 0.00368551, 0.00362099, 0.0036878, 0.00150772, 0.00156409, 0.00195325, 0.00199216, 0.00278623, 0.00195452, 0.00144154, 0.00174231, 0.00359457, 0.00328959, 0.0024346, 0.00139332, 0.00377031, 0.00389639, 0.0040713, 0.00314931, 0.0041397, 0.00286939, 0.00269403, 0.00222907, 0.00332606, 0.00290924, 0.00371915, 0.00345374, 0.00204198, 0.00271931, 0.00221513, 0.00342053, 0.00317534, 0.00424424, 0.00362574, 0.00215737, 0.00142014, 0.00140483, 0.00347999, 0.00260172, 0.0039729, 0.00256938, 0.00417273, 0.00166677, 0.00275403, 0.00134, 0.00146271, 0.00133619, 0.00291941, 0.00278042, 0.0043278, 0.00170691, 0.00240785, 0.0018252, 0.00293756, 0.0016224, 0.00394731, 0.00375224, 0.00333275, 0.00291036, 0.00384704, 0.0028583, 0.00381958, 0.0038444, 0.0021589, 0.00213688, 0.00390606, 0.00409199, 0.00412005, 0.00383301, 0.00136248, 0.00414319, 0.00210428, 0.00293237, 0.00186452, 0.00140947, 0.00333769, 0.0016155, 0.00360252, 0.0025406, 0.00166313, 0.00408601, 0.00361744, 0.0032689, 0.00165731, 0.00314972, 0.00164628, 0.00220517, 0.00166123, 0.00344038, 0.00244353, 0.00149129, 0.00354311, 0.00397057, 0.00400983, 0.00128222, 0.0021512, 0.00399743, 0.00229858, 0.0028528, 0.00206403, 0.00135549, 0.00236451, 0.00152562, 0.00242266, 0.00385288, 0.00406238, 0.00331337, 0.00216648, 0.0014059, 0.00268522, 0.00430922, 0.00196682];
GivenLatency = [168.373, 165.872, 113.155, 80.3691, 92.9128, 125.982, 342.244, 96.6222, 130.794, 171.355, 150.878, 113.061, 108.352, 136.501, 202.573, 88.1064, 110.15, 168.257, 88.9077, 217.477, 204.719, 248.46, 165.212, 135.521, 250.18, 233.216, 348.334, 111.239, 166.499, 252.344, 271.922, 102.441, 117.279, 114.44, 133.18, 83.011, 112.164, 144.774, 154.13, 160.999, 118.607, 109.369, 124.62, 234.711, 206.861, 234.746, 109.515, 103.449, 135.263, 95.2952, 301.726, 277.897, 226.463, 152.853, 230.109, 156.636, 139.469, 146.236, 260.829, 166.729, 255.431, 244.932, 293.384, 144.913, 129.173, 106.25, 374.02, 136.826, 266.522, 197.083, 234.88, 102.235, 90.0298, 174.374, 170.705, 126.13, 210.359, 163.978, 119.841, 285.281, 300.064, 83.0094, 80.0417, 78.7743, 169.047, 407.266, 86.333, 263.962, 135.841, 234.011, 380.109, 104.039, 283.546, 114.769, 245.611, 370.268, 115.017, 95.4962, 146.678, 249.298, 168.385, 255.701, 284.476, 329.098, 116.509, 129.073, 359.842, 146.525, 90.2499, 107.861, 327.079, 149.984, 122.829, 154.91, 147.109, 184.653, 332.806, 236.724, 250.816, 259.142, 100.578, 83.0865, 179.683, 220.625, 247.749, 139.926, 97.1232, 321.209];
HighestPossibleCritFunctionValue = 1.1;
