NumDevices = 16;
NumSlotes = 128;


GivenBandwidthOld = [0.0459686, 0.0636199, 0.0793536, 0.0654925, 0.0524562, 0.0509885, 0.0338073, 0.0701403, 0.0687853, 0.0442534, 0.0375855, 0.0701758, 0.065317, 0.0531191, 0.0419472, 0.0772186];
GivenLatency = [41.9443, 29.5124, 18.2796, 24.4133, 28.1894, 39.1976, 56.9648, 21.8453, 21.1989, 40.2578, 38.0709, 22.5225, 20.8904, 30.4157, 40.3263, 18.2379];
HighestPossibleCritFunctionValue = 1.1;
