NumDevices = 32;
NumSlotes = 256;


GivenBandwidthOld = [0.00796369, 0.015665, 0.0136213, 0.015332, 0.0173474, 0.0148073, 0.0112524, 0.0139025, 0.0160404, 0.0110175, 0.0165034, 0.0173646, 0.017078, 0.0129931, 0.00678633, 0.0152761, 0.0155252, 0.0139552, 0.0157516, 0.00730523, 0.0114719, 0.0161566, 0.0134325, 0.00524475, 0.00607265, 0.00805098, 0.00783313, 0.00890265, 0.00926582, 0.0131996, 0.0159578, 0.00990361];
GivenLatency = [55.8602, 35.663, 32.1706, 28.9424, 35.7673, 41.7567, 47.0416, 28.5055, 24.9487, 31.0062, 23.7454, 25.7291, 22.1514, 34.411, 57.6368, 27.815, 30.0464, 22.1522, 32.4107, 47.9705, 40.8663, 26.5179, 26.6682, 86.8592, 91.7965, 53.4793, 62.6489, 51.0871, 54.3378, 39.4352, 22.938, 37.9779];
HighestPossibleCritFunctionValue = 1.1;
