NumDevices = 128;
NumSlotes = 1024;


GivenBandwidthOld = [0.00407003, 0.00749365, 0.00827602, 0.00754907, 0.00480359, 0.00649872, 0.00646176, 0.00529031, 0.00666397, 0.00384443, 0.00588454, 0.00404385, 0.00753101, 0.00626968, 0.00700765, 0.00500446, 0.00748535, 0.00383947, 0.00743107, 0.00648204, 0.00608584, 0.00716821, 0.00868689, 0.00802034, 0.00533253, 0.00629406, 0.00673655, 0.00864294, 0.00433082, 0.00565997, 0.00464028, 0.00662999, 0.00776996, 0.007217, 0.00867195, 0.00699808, 0.00415402, 0.00419445, 0.00868375, 0.00521923, 0.00709486, 0.00587352, 0.00380927, 0.00484586, 0.00694791, 0.00609878, 0.00470172, 0.00427375, 0.00639246, 0.00552358, 0.00735573, 0.00527778, 0.00616316, 0.00679862, 0.0068989, 0.00727484, 0.00578121, 0.00726369, 0.0083091, 0.0085826, 0.00520375, 0.00689427, 0.00441166, 0.00434608, 0.0071441, 0.00841037, 0.00557185, 0.00857683, 0.00824036, 0.00814487, 0.00828129, 0.00609364, 0.00835429, 0.00798401, 0.00476729, 0.00636284, 0.0076936, 0.00375533, 0.0083226, 0.00544685, 0.00777239, 0.00804361, 0.006463, 0.00616355, 0.00820646, 0.00846294, 0.00413239, 0.00557672, 0.00543932, 0.00614291, 0.00636212, 0.00569068, 0.00582654, 0.00422022, 0.00667203, 0.00429873, 0.0062875, 0.00648734, 0.00529052, 0.00527365, 0.00670308, 0.00617125, 0.0076577, 0.00543625, 0.0046256, 0.00492554, 0.00598918, 0.00757365, 0.00789693, 0.00625925, 0.00670116, 0.00392277, 0.00751703, 0.0062622, 0.00634351, 0.00785145, 0.0068515, 0.00570299, 0.00761972, 0.00721196, 0.00397037, 0.0074475, 0.00755009, 0.0068632, 0.0073078, 0.00471887, 0.00750187, 0.00637739];
GivenLatency = [253.312, 141.362, 133.199, 151.008, 212.955, 189.554, 153.225, 192.792, 151.025, 290.951, 192.361, 281.853, 136.535, 160.138, 141.13, 245.068, 149.273, 321.562, 142.219, 182.779, 210.607, 155.401, 114.03, 134.709, 232.112, 194.253, 167.802, 110.537, 267.002, 203.122, 225.627, 155.332, 161.911, 141.707, 133.136, 146.405, 288.301, 267.136, 144.932, 220.438, 137.508, 210.416, 323.557, 199.835, 184.581, 176.854, 212.572, 246.063, 153.505, 219.322, 169.555, 207.135, 168.832, 176.716, 172.048, 178.278, 179.214, 135.506, 155.5, 128.035, 249.322, 179.468, 237.701, 242.324, 136.826, 132.171, 228.083, 143.404, 131.633, 141.434, 135.804, 160.691, 151.509, 151.213, 217.443, 172.761, 155.837, 281.155, 119.84, 207.401, 156.256, 157.344, 187.341, 204.999, 118.333, 135.779, 248.73, 209.498, 219.266, 181.309, 164.726, 226.021, 176.11, 288.335, 167.24, 226.51, 162.396, 183.165, 238.208, 217.698, 160.971, 155.498, 128.308, 220.417, 211.112, 195.824, 183.592, 142.546, 154.508, 202.177, 161.72, 329.264, 161.718, 152.09, 165.672, 157.899, 163.1, 196.781, 144.12, 152.993, 246.946, 139.271, 126.883, 151.954, 168.799, 255.666, 170.641, 163.818];
HighestPossibleCritFunctionValue = 1.1;
