NumDevices = 128;
NumSlotes = 1024;


GivenBandwidthOld = [0.00375425, 0.00636387, 0.00377318, 0.00587484, 0.0096298, 0.00686803, 0.00845762, 0.00604043, 0.00529848, 0.00410578, 0.00826869, 0.00554961, 0.00600436, 0.00527492, 0.00815048, 0.00640472, 0.00912165, 0.0039044, 0.00504492, 0.00497715, 0.00967306, 0.00889092, 0.00721573, 0.00850802, 0.00925307, 0.00634733, 0.00702893, 0.00651032, 0.00899184, 0.00958552, 0.0063015, 0.00558173, 0.00832759, 0.00809676, 0.00982849, 0.00860538, 0.00811462, 0.00985944, 0.00391997, 0.00415829, 0.00956841, 0.00628647, 0.00924794, 0.00756518, 0.00667877, 0.00882805, 0.00679651, 0.0063681, 0.00617236, 0.00390207, 0.00955615, 0.0064014, 0.00960437, 0.00442388, 0.00459629, 0.00854649, 0.00592493, 0.00777379, 0.0066126, 0.00928893, 0.00900726, 0.00619899, 0.0077569, 0.00393763, 0.00723278, 0.0076012, 0.00582964, 0.00624785, 0.00394451, 0.00418978, 0.00764555, 0.0075643, 0.00446074, 0.00547422, 0.00779025, 0.00826282, 0.00700466, 0.00484873, 0.00767104, 0.00462938, 0.00851157, 0.00642292, 0.0088238, 0.00409894, 0.0059627, 0.00504311, 0.00583242, 0.00915847, 0.00394898, 0.00423057, 0.00576583, 0.00876457, 0.00865565, 0.00929998, 0.0072606, 0.00645201, 0.00393294, 0.00964718, 0.0050959, 0.00549877, 0.00782023, 0.00585452, 0.00563396, 0.00494808, 0.00860643, 0.00706752, 0.00508145, 0.00635104, 0.00694075, 0.00575087, 0.00738648, 0.00961161, 0.0073544, 0.00792955, 0.00576585, 0.00921757, 0.00972725, 0.00718054, 0.00450355, 0.00618567, 0.00881434, 0.00764837, 0.00488429, 0.00527386, 0.00901341, 0.00968414, 0.00760284, 0.00851102];
GivenLatency = [903.133, 595.441, 957.984, 580.826, 370.42, 682.783, 453.396, 727.548, 679.191, 1116.52, 577.294, 809.352, 585.651, 847.935, 594.416, 527.527, 432.225, 1216.76, 684.097, 712.226, 428.783, 401.15, 578.98, 447.324, 522.883, 597.62, 656.238, 556.987, 505.136, 387.757, 651.396, 599.387, 410.855, 449.025, 429.733, 416.005, 503.039, 369.643, 1091.14, 804.621, 426.811, 704.504, 370.225, 537.669, 574.579, 380.115, 645.366, 599.401, 660.364, 1271.13, 383.031, 761.905, 356.609, 920.858, 801.787, 523.825, 579.409, 459.592, 520.024, 378.01, 479.963, 589.933, 501.48, 1056.35, 607.357, 498.043, 615.927, 556.811, 969.612, 814.37, 633.572, 538.16, 844.368, 833.621, 462.989, 596.251, 477.949, 995.122, 509.22, 723.434, 501.932, 740.745, 445.603, 1146.48, 659.453, 688.09, 674.949, 459.499, 952.293, 939.755, 761.388, 460.955, 426.343, 534.896, 633.174, 517.239, 1222.79, 371.887, 723.912, 895.518, 606.959, 609.64, 660.114, 779.417, 441.38, 696.716, 809.798, 564.462, 575.386, 653.451, 586.024, 456.804, 591.596, 529.394, 829.097, 394.186, 420.729, 572.928, 768.139, 718.672, 559.799, 464.085, 840.77, 889.178, 460.369, 377.265, 512.779, 453.861];
HighestPossibleCritFunctionValue = 1.1;
