NumDevices = 128;
NumSlotes = 1024;


GivenBandwidthOld = [0.00576578, 0.00793043, 0.00794377, 0.00719023, 0.00500623, 0.00470389, 0.00448916, 0.00807317, 0.00709579, 0.00523872, 0.00583301, 0.00672372, 0.00808775, 0.00837278, 0.00511768, 0.00905963, 0.00522271, 0.00566075, 0.00520844, 0.00958154, 0.00825725, 0.0071846, 0.00401025, 0.00906274, 0.0074312, 0.00494267, 0.00524948, 0.00544752, 0.00900315, 0.00595422, 0.0062943, 0.00951635, 0.00636447, 0.00770573, 0.00643621, 0.00715678, 0.00523873, 0.00610165, 0.0092583, 0.00674044, 0.00778856, 0.0048531, 0.0060837, 0.00752917, 0.00769216, 0.00955757, 0.0054152, 0.00946607, 0.00490157, 0.00814576, 0.00825043, 0.00500182, 0.00565181, 0.00495208, 0.00718776, 0.00724536, 0.00656402, 0.00525037, 0.00798971, 0.00423774, 0.00743841, 0.00736473, 0.00648707, 0.00568361, 0.00812004, 0.00718622, 0.00635759, 0.00455107, 0.00480081, 0.00853271, 0.0054986, 0.00495284, 0.00744739, 0.00823404, 0.004506, 0.00975983, 0.00464563, 0.00661018, 0.0060404, 0.00472007, 0.00764112, 0.00806284, 0.00843829, 0.00617572, 0.00407256, 0.00625932, 0.00905924, 0.00487166, 0.00550756, 0.00559451, 0.0043609, 0.00864045, 0.00379588, 0.00606676, 0.0041031, 0.0071189, 0.00615325, 0.00771599, 0.00395121, 0.00416904, 0.00903974, 0.00849649, 0.00925954, 0.00880584, 0.0085168, 0.00679828, 0.00490707, 0.00691215, 0.00624207, 0.00677109, 0.00420942, 0.00640185, 0.00461226, 0.00819615, 0.0052544, 0.00698461, 0.00536557, 0.00668973, 0.00555697, 0.00470472, 0.00604498, 0.0066859, 0.00994672, 0.00830971, 0.00748284, 0.0040929, 0.00441027, 0.00720395];
GivenLatency = [834.26, 474.535, 464.844, 644.33, 762.859, 911.339, 1069.73, 497.62, 497.875, 647.745, 769.994, 592.939, 592.409, 483.381, 955.152, 533.044, 956.603, 710.13, 684.338, 472.573, 578.627, 503.211, 937.517, 486.182, 530.543, 793.76, 638.399, 810.077, 374.764, 691.989, 723.275, 502.243, 597.122, 482.975, 551.274, 505.788, 752.384, 605.472, 443.498, 608.063, 498.205, 767.167, 812.062, 458.633, 452.152, 439.005, 750.751, 361.545, 764.825, 484.028, 510.375, 691.548, 805.252, 879.683, 628.742, 486.33, 534.435, 662.522, 621.404, 1130.7, 665.045, 455.709, 544.881, 615.99, 464.196, 595.032, 740.06, 847.983, 963.094, 539.804, 739.47, 675.578, 509.746, 528.895, 761.908, 342.531, 855.618, 508.984, 710.462, 789.152, 574.903, 510.324, 450.184, 759.606, 1059.87, 569.519, 523.735, 978.085, 718.461, 739.934, 793.786, 486.957, 1257.83, 555.827, 891.004, 565.485, 547.176, 603.032, 894.038, 854.56, 551.484, 517.301, 529.669, 435.354, 447.865, 656.609, 758.812, 696.038, 600.376, 587.084, 896.258, 574.315, 884.285, 534.97, 940.64, 691.866, 692.606, 507.074, 810.195, 877.514, 801.306, 616.108, 445.174, 405.663, 543.943, 1023.62, 1079.89, 553.123];
HighestPossibleCritFunctionValue = 1.1;
