NumDevices = 128;
NumSlotes = 1024;


GivenBandwidthOld = [0.00566153, 0.00575891, 0.00742885, 0.00418751, 0.00695627, 0.00646268, 0.00573224, 0.00426993, 0.00725947, 0.00740709, 0.00843314, 0.00823799, 0.00835537, 0.00622023, 0.00596744, 0.00732408, 0.00836599, 0.00469522, 0.00512266, 0.0041071, 0.00544916, 0.00659885, 0.00437983, 0.0043543, 0.00529501, 0.00581592, 0.00560713, 0.00653254, 0.00485981, 0.00632275, 0.00390581, 0.00749851, 0.00492419, 0.0082893, 0.0057691, 0.00377425, 0.00636386, 0.00495892, 0.00703517, 0.0076656, 0.00827713, 0.00627265, 0.00686181, 0.00400338, 0.00727787, 0.00664607, 0.00805257, 0.00697293, 0.00646724, 0.00738628, 0.00377448, 0.0051348, 0.00815369, 0.00656954, 0.00676542, 0.0038513, 0.0062826, 0.00413402, 0.00799558, 0.00426861, 0.00505066, 0.00394105, 0.0047664, 0.00634513, 0.00509344, 0.00792678, 0.00793046, 0.00470567, 0.00574811, 0.00601134, 0.00511239, 0.00646224, 0.00839615, 0.00666653, 0.00683268, 0.00441268, 0.00639931, 0.00574989, 0.00584914, 0.00398355, 0.00408495, 0.00826461, 0.00577614, 0.00716178, 0.00560066, 0.00776643, 0.00791825, 0.00447413, 0.00414892, 0.00842097, 0.0087177, 0.00591037, 0.00804154, 0.00669674, 0.00465874, 0.00702223, 0.00514016, 0.00817419, 0.00617401, 0.00408039, 0.00669196, 0.0042646, 0.0075818, 0.00481543, 0.0054093, 0.00656636, 0.00824221, 0.00427961, 0.00493701, 0.00385232, 0.00842935, 0.00461638, 0.00491795, 0.00854939, 0.00712727, 0.00552758, 0.00458084, 0.00765899, 0.0071925, 0.00691903, 0.00571452, 0.00643815, 0.00857008, 0.00487544, 0.0039413, 0.00396732, 0.00622598, 0.00758421];
GivenLatency = [206.627, 165.493, 167.704, 241.587, 152.519, 156.571, 184.392, 301.111, 151.884, 161.294, 128.243, 122.233, 139.923, 187.045, 185.86, 134.062, 126.765, 215.663, 196.758, 246.361, 177.027, 172.481, 248.614, 231.913, 236.949, 174.33, 205.734, 166.66, 204.962, 185.321, 319.45, 131.331, 203.519, 149.445, 225.033, 298.05, 183.686, 249.91, 137.801, 163.828, 129.877, 182.372, 179.258, 310.914, 131.391, 184.1, 147.991, 146.444, 151.378, 149.965, 297.591, 225.129, 122.375, 153.607, 151.732, 275.972, 186.388, 294.104, 147.837, 255.127, 240.78, 280.054, 220.646, 162.477, 219.408, 140.701, 121.23, 273.503, 185.938, 201.983, 247.584, 172.112, 116.795, 161.203, 162.699, 279.53, 196.626, 214.87, 204.449, 318.717, 267.449, 124.26, 212.9, 138.039, 193.699, 149.227, 131.515, 264.639, 278.576, 116.646, 148.855, 177.624, 119.826, 179.605, 231.027, 142.03, 185.721, 148.375, 164.893, 276.549, 184.295, 280.588, 127.216, 248.527, 186.419, 147.106, 135.176, 233.204, 214.031, 286.423, 149.275, 250.045, 196.125, 112.83, 139.082, 227.628, 236.474, 130.81, 154.128, 168.352, 175.449, 169.546, 117.648, 242.114, 268.056, 289.048, 174.562, 142.51];
HighestPossibleCritFunctionValue = 1.1;
