NumDevices = 32;
NumSlotes = 256;


GivenBandwidthOld = [0.0335219, 0.0377961, 0.0234961, 0.0343695, 0.0339582, 0.0200569, 0.0312302, 0.0212742, 0.0151828, 0.0372557, 0.0170805, 0.0320975, 0.0227893, 0.0296655, 0.0236676, 0.0161275, 0.0155064, 0.0258095, 0.0154834, 0.0399975, 0.0227756, 0.0239023, 0.035946, 0.0287408, 0.0308391, 0.0223459, 0.0272388, 0.0380228, 0.033996, 0.0316225, 0.0387666, 0.0357602];
GivenLatency = [55.3966, 62.075, 80.0489, 57.7274, 50.1495, 92.8379, 61.5284, 114.979, 162.885, 57.6484, 126.91, 70.1116, 104.079, 64.6209, 87.125, 131.122, 113.426, 67.6758, 140.228, 59.8167, 106.093, 72.8067, 65.8352, 83.4546, 57.8791, 107.643, 83.9723, 48.2955, 58.219, 57.4353, 50.5881, 61.0388];
HighestPossibleCritFunctionValue = 1.1;
