NumDevices = 16;
NumSlotes = 128;


GivenBandwidthOld = [0.0706619, 0.0350044, 0.039684, 0.0394702, 0.0456817, 0.0416286, 0.0726312, 0.0332158, 0.0786604, 0.0646302, 0.0590718, 0.0394492, 0.0426772, 0.0454633, 0.0723763, 0.0483405];
GivenLatency = [19.0213, 40.8081, 47.9162, 47.881, 31.7393, 43.7803, 22.4015, 58.6941, 20.7817, 23.3989, 23.372, 35.3403, 35.898, 32.1344, 27.1707, 35.3967];
HighestPossibleCritFunctionValue = 1.1;
