NumDevices = 128;
NumSlotes = 1024;


GivenBandwidthOld = [0.0069648, 0.00987391, 0.00955249, 0.00742141, 0.00908172, 0.00778791, 0.00635153, 0.0088428, 0.00465522, 0.00533515, 0.00782215, 0.00686848, 0.00980502, 0.00802616, 0.00444247, 0.00460478, 0.00748461, 0.00881124, 0.00552152, 0.00895592, 0.00589085, 0.00994162, 0.00386649, 0.00535124, 0.00946113, 0.00938737, 0.00722115, 0.00579298, 0.00878564, 0.00647417, 0.00759969, 0.00553163, 0.00392935, 0.00557852, 0.00438679, 0.00624755, 0.00502192, 0.00589926, 0.00767052, 0.00834242, 0.00735415, 0.0099925, 0.00887131, 0.00884273, 0.00977324, 0.00503831, 0.00645736, 0.00636002, 0.00793372, 0.00706685, 0.00627679, 0.00905929, 0.00575071, 0.0046675, 0.00548979, 0.0068704, 0.0046406, 0.00951799, 0.00880925, 0.00958952, 0.00484209, 0.00844096, 0.00718996, 0.00664885, 0.00590801, 0.00463598, 0.00699051, 0.00452313, 0.00396572, 0.00441745, 0.0090649, 0.00629364, 0.00466494, 0.00619466, 0.00989139, 0.00967346, 0.00930928, 0.00734389, 0.00632773, 0.00886485, 0.00651237, 0.00596665, 0.00903751, 0.00843804, 0.00809691, 0.00594983, 0.00748308, 0.00805471, 0.00923285, 0.00406311, 0.00992325, 0.0075431, 0.00430278, 0.0068133, 0.00742082, 0.00541136, 0.00749243, 0.00910284, 0.00650151, 0.00471365, 0.00600002, 0.00737484, 0.00765371, 0.0071502, 0.00720408, 0.00648726, 0.00888601, 0.00591661, 0.00546647, 0.00864188, 0.00916523, 0.00504437, 0.00830758, 0.00921203, 0.0040553, 0.00375491, 0.00509348, 0.00869639, 0.00644886, 0.00715503, 0.00710883, 0.00567763, 0.00771398, 0.00759458, 0.00705809, 0.0090286, 0.00860861, 0.00608947];
GivenLatency = [679.4, 390.074, 363.537, 484.46, 513.446, 509.887, 553.524, 501.632, 992.144, 780.998, 616.384, 512.872, 467.953, 566.654, 986.654, 950.62, 447.442, 506.893, 824.073, 475.672, 724.983, 381.259, 931.836, 902.417, 355.073, 359.338, 559.952, 675.29, 482.707, 539.763, 554.755, 846.968, 1162.46, 763.123, 770.307, 789.802, 824.559, 815.971, 529.342, 543.218, 625.635, 348.297, 556.639, 505.187, 356.267, 684.41, 662.89, 542.805, 593.006, 569.517, 577.743, 433.778, 583.713, 1055.3, 721.439, 715.079, 1052.17, 409.251, 464.934, 409.368, 886.296, 518.313, 560.827, 563.091, 639.038, 811.549, 515.046, 894.841, 975.713, 881.553, 382.595, 640.739, 1049.69, 584.18, 387.612, 414.933, 410.083, 595.013, 627.982, 430.672, 693.695, 706.602, 474.276, 527.669, 517.522, 831.877, 478.536, 432.566, 373.877, 1012.28, 339.09, 561.825, 831.649, 512.073, 497.082, 653.873, 505.097, 509.732, 533.263, 741.255, 738.869, 569.775, 492.878, 635.593, 637.365, 604.601, 384.012, 638.05, 670.018, 419.942, 379.215, 893.753, 580.407, 443.169, 973.024, 1077.18, 696.877, 395.751, 551.469, 642.213, 610.605, 660.943, 482.618, 466.418, 635.642, 371.158, 447.572, 571.036];
HighestPossibleCritFunctionValue = 1.1;
