NumDevices = 64;
NumSlotes = 512;


GivenBandwidthOld = [0.00841992, 0.00479664, 0.00838274, 0.00497962, 0.002547, 0.00492298, 0.00681241, 0.00618927, 0.00801579, 0.00631048, 0.00767431, 0.00464497, 0.00303081, 0.00506388, 0.00612922, 0.0050518, 0.00312108, 0.00343727, 0.00514119, 0.00553187, 0.00284975, 0.0058162, 0.0065938, 0.00691826, 0.0038684, 0.00748228, 0.00837728, 0.00695356, 0.00345801, 0.00369466, 0.00619072, 0.00744037, 0.00401182, 0.00548635, 0.00659324, 0.00385512, 0.00301107, 0.00451153, 0.00405311, 0.00559001, 0.00511875, 0.00332151, 0.00339217, 0.00344543, 0.00492481, 0.00624858, 0.00484224, 0.00606091, 0.00702992, 0.0055865, 0.00862617, 0.00254638, 0.00701773, 0.00692885, 0.00696834, 0.00818227, 0.00435875, 0.0049491, 0.00823966, 0.00640392, 0.00325112, 0.00774041, 0.002996, 0.00756171];
GivenLatency = [48.3313, 113.553, 75.8576, 109.651, 192.911, 121.022, 51.7441, 72.5296, 58.6332, 78.9075, 57.6736, 72.484, 108.808, 100.751, 55.1296, 97.1735, 161.292, 90.3004, 61.6799, 62.6885, 121.278, 71.8257, 56.1202, 50.4959, 80.2061, 41.4377, 43.8198, 49.1506, 89.5386, 130.646, 55.5713, 62.2157, 137.616, 107.253, 67.9601, 159.123, 162.13, 99.2437, 95.9292, 91.7621, 79.5468, 162.276, 179.591, 133.239, 66.5942, 53.9586, 105.639, 89.8144, 57.1218, 58.3086, 48.0826, 123.41, 55.7334, 88.4007, 55.5909, 52.5245, 71.9934, 92.984, 53.576, 70.7814, 102.905, 45.5893, 154.211, 58.7665];
HighestPossibleCritFunctionValue = 1.1;
