NumDevices = 128;
NumSlotes = 1024;


GivenBandwidthOld = [0.00195328, 0.00254433, 0.00193824, 0.00289626, 0.00126663, 0.00263581, 0.00184941, 0.00368427, 0.00158682, 0.00287755, 0.00240004, 0.0017914, 0.00364452, 0.00222624, 0.00268514, 0.00287981, 0.00282298, 0.00391546, 0.00270715, 0.00408157, 0.00402289, 0.00214388, 0.002878, 0.00373702, 0.00366745, 0.00313892, 0.00152225, 0.00202968, 0.00215203, 0.00221199, 0.0038578, 0.00238417, 0.00393356, 0.00385559, 0.00274267, 0.00419659, 0.00274811, 0.00191973, 0.0042526, 0.00337455, 0.00224762, 0.00257656, 0.00303757, 0.00435501, 0.0028112, 0.00275335, 0.00249903, 0.00312842, 0.00304019, 0.00153778, 0.00351077, 0.00422912, 0.00255168, 0.0036397, 0.00250871, 0.00325029, 0.00142291, 0.00416614, 0.00336509, 0.00273473, 0.00190863, 0.0020697, 0.00291191, 0.00171946, 0.00388345, 0.00232745, 0.00370309, 0.00213406, 0.0033538, 0.00351407, 0.00344042, 0.00306575, 0.00290651, 0.00152749, 0.00246434, 0.0012951, 0.00297178, 0.00172021, 0.00398887, 0.00223564, 0.00135895, 0.00417763, 0.00283025, 0.00420629, 0.00324145, 0.00278971, 0.00417356, 0.00316076, 0.00284323, 0.00365889, 0.00307266, 0.00349984, 0.00176102, 0.00245047, 0.0026277, 0.00314097, 0.00150727, 0.00323674, 0.00175299, 0.00190305, 0.00207562, 0.00241292, 0.00269907, 0.00263625, 0.00301201, 0.00285898, 0.00275014, 0.00162531, 0.00289957, 0.00362924, 0.00169568, 0.00433911, 0.00428912, 0.00160571, 0.00150001, 0.0031432, 0.00157912, 0.00153283, 0.00170812, 0.00400012, 0.00380808, 0.00430475, 0.00173701, 0.0021359, 0.0030351, 0.0034272, 0.002836, 0.00394229];
GivenLatency = [180.023, 123.424, 184.277, 113.831, 361.633, 206.157, 259.119, 99.4019, 228.196, 168.95, 177.947, 273.481, 88.8008, 205.471, 222.295, 215.118, 156.888, 83.9115, 119.679, 91.7187, 125.299, 169.207, 144.135, 107.958, 90.6876, 192.226, 225.978, 168.862, 159.65, 158.773, 82.777, 166.178, 137.81, 101.727, 159.894, 117.507, 123.188, 311.42, 101.509, 99.5917, 247.438, 249.095, 187.631, 91.0705, 134.202, 230.868, 135.07, 117.035, 152.082, 210.583, 92.1849, 139.199, 155.847, 116.421, 131.259, 119.546, 306.848, 94.9356, 108.57, 200.57, 199.25, 151.137, 139.386, 215.255, 147.592, 145.847, 138.901, 237.638, 120.808, 149.377, 163.873, 183.151, 125.444, 362.165, 143.253, 437.508, 129.363, 255.043, 111.98, 168.163, 242.604, 121.091, 130.643, 139.204, 165.209, 114.59, 85.9199, 183.104, 146.068, 126.885, 149.445, 182.461, 196.416, 180.887, 188.389, 107.868, 417.679, 123.316, 186.792, 181.186, 206.836, 183.094, 202.551, 129.619, 128.665, 182.127, 139.847, 248.288, 164.985, 165.979, 263.686, 73.2839, 91.9773, 237.851, 381.523, 120.334, 332.12, 214.786, 327.249, 86.8875, 103.491, 106.165, 189.36, 173.262, 114.964, 101.963, 203.145, 113.329];
HighestPossibleCritFunctionValue = 1.1;
