NumDevices = 64;
NumSlotes = 512;


GivenBandwidthOld = [0.00511634, 0.00665541, 0.00492253, 0.00547362, 0.00514511, 0.00253765, 0.00407662, 0.00700235, 0.00473844, 0.00526273, 0.00438407, 0.0056149, 0.00467708, 0.00522853, 0.00459844, 0.00853687, 0.00790097, 0.00785947, 0.00408436, 0.00578821, 0.00492011, 0.008529, 0.00682443, 0.00821143, 0.00708535, 0.00593736, 0.00551278, 0.00700388, 0.00549449, 0.00583028, 0.00580155, 0.00416687, 0.00502766, 0.00360729, 0.00644609, 0.00564813, 0.00692095, 0.00541987, 0.00805561, 0.00685881, 0.0047453, 0.00796791, 0.00788988, 0.00263081, 0.00731683, 0.00263893, 0.00630959, 0.00521215, 0.00438427, 0.00261104, 0.00619105, 0.00670351, 0.00709035, 0.00873797, 0.00657898, 0.00799613, 0.00720439, 0.00670934, 0.00507419, 0.0044563, 0.0070038, 0.00416934, 0.00276642, 0.0051529];
GivenLatency = [61.0949, 79.4055, 94.8603, 102.198, 88.9348, 129.188, 89.7458, 62.6907, 113.438, 70.6116, 112.971, 72.7974, 69.147, 71.7227, 92.9284, 49.1471, 49.0852, 68.3614, 92.0796, 66.4131, 106.428, 60.867, 45.9356, 62.9677, 56.6059, 54.4357, 65.6647, 46.2449, 70.8159, 66.7089, 77.2908, 80.4765, 102.909, 152.342, 76.2613, 97.7061, 51.1506, 61.839, 47.8989, 84.5043, 105.314, 40.9086, 51.429, 142.276, 43.7336, 121.596, 53.3584, 89.109, 114.599, 232.355, 59.6214, 51.1204, 49.2755, 35.7903, 51.7831, 48.4056, 58.7632, 58.0727, 64.754, 75.0263, 44.3273, 101.476, 178.674, 95.8497];
HighestPossibleCritFunctionValue = 1.1;
