NumDevices = 16;
NumSlotes = 128;


GivenBandwidthOld = [0.0402782, 0.0548889, 0.0579716, 0.0686541, 0.0497517, 0.0372111, 0.0669883, 0.0527868, 0.0481833, 0.036956, 0.0599042, 0.0303324, 0.0566295, 0.0328237, 0.0487125, 0.0509338];
GivenLatency = [20.0264, 15.9576, 16.9237, 13.8128, 21.3244, 21.6439, 14.2829, 17.049, 20.0571, 22.3713, 15.5961, 26.935, 18.3743, 30.5419, 22.4929, 18.3676];
HighestPossibleCritFunctionValue = 1.1;
