NumDevices = 16;
NumSlotes = 128;


GivenBandwidthOld = [0.0684098, 0.0342057, 0.0645137, 0.0522505, 0.0449331, 0.0606728, 0.0469661, 0.0795816, 0.0472023, 0.0486919, 0.0340004, 0.0643007, 0.0720748, 0.0311319, 0.0537925, 0.0606577];
GivenLatency = [25.7083, 39.0234, 22.1142, 32.5145, 36.5644, 32.0193, 34.7955, 17.1401, 42.0795, 29.7792, 56.8353, 24.9099, 24.4447, 48.1686, 33.7553, 28.899];
HighestPossibleCritFunctionValue = 1.1;
