NumDevices = 64;
NumSlotes = 512;


GivenBandwidthOld = [0.00999324, 0.0114716, 0.00862973, 0.0198689, 0.0162243, 0.0123862, 0.0168182, 0.0189425, 0.00988087, 0.0103525, 0.0120146, 0.00988418, 0.0159367, 0.0164051, 0.0136133, 0.0169374, 0.0100595, 0.0125725, 0.0110346, 0.01358, 0.0195236, 0.0135528, 0.0124472, 0.0179959, 0.0123599, 0.0121263, 0.0118838, 0.0108305, 0.00750317, 0.0107494, 0.00837986, 0.00777142, 0.0192001, 0.0133683, 0.0104599, 0.017012, 0.0137039, 0.0133509, 0.01776, 0.0106099, 0.0135831, 0.00857015, 0.0184542, 0.0149456, 0.00816042, 0.0197369, 0.00980425, 0.0100754, 0.0170577, 0.0194473, 0.018519, 0.0162315, 0.00784465, 0.012598, 0.0143634, 0.010322, 0.0115316, 0.0172241, 0.015626, 0.0188825, 0.0136323, 0.0108009, 0.0114316, 0.0107304];
GivenLatency = [265.239, 260.182, 339.006, 130.191, 148.815, 240.097, 132.966, 124.035, 258.723, 232.279, 221.281, 238.32, 192.975, 183.334, 220.654, 175.751, 298.316, 209.883, 201.896, 175.18, 155.124, 213.526, 214.408, 165.132, 203.694, 188.575, 196.991, 216.274, 407.176, 282.583, 323.207, 331.927, 131.496, 187.242, 288.183, 136.195, 183.973, 175.791, 175.064, 228.957, 190.376, 266.703, 170.967, 193.518, 327.247, 130.969, 286.082, 226.855, 143.262, 119.871, 142.927, 141.975, 332.74, 181.278, 156.569, 227.588, 238.573, 160.762, 143.056, 123.799, 193.216, 215.81, 196.149, 244.041];
HighestPossibleCritFunctionValue = 1.1;
