NumDevices = 64;
NumSlotes = 512;


GivenBandwidthOld = [0.00406041, 0.00323832, 0.00517163, 0.00461149, 0.00289019, 0.0041476, 0.00616462, 0.00632403, 0.0041358, 0.00792245, 0.0062898, 0.00396194, 0.00449801, 0.00801718, 0.00467977, 0.00664915, 0.00602438, 0.00549192, 0.00638582, 0.00516712, 0.00380567, 0.00320112, 0.00502708, 0.00641932, 0.00575081, 0.00765499, 0.00487202, 0.00658545, 0.00418982, 0.00334257, 0.00731971, 0.00742074, 0.00535497, 0.00479042, 0.00376796, 0.00679818, 0.00454042, 0.00830894, 0.00837869, 0.00570659, 0.00814502, 0.00334752, 0.00309111, 0.00600591, 0.00764233, 0.00464656, 0.00475894, 0.00594683, 0.00845025, 0.00831671, 0.00774233, 0.00416547, 0.0064742, 0.00313387, 0.00597894, 0.00432611, 0.00641996, 0.00399862, 0.00853311, 0.00724339, 0.00596193, 0.00594757, 0.00838767, 0.00655907];
GivenLatency = [116.539, 102.891, 68.1539, 115.675, 150.101, 129.755, 80.0312, 54.5793, 79.2846, 67.0421, 61.3078, 147.833, 94.9401, 39.9979, 90.851, 76.2545, 60.4156, 57.0356, 72.9798, 65.7941, 101.934, 183.678, 105.354, 53.6822, 88.002, 75.5508, 93.8907, 61.0437, 150.937, 181.59, 45.882, 51.559, 68.8809, 65.9385, 95.9475, 70.6083, 106.755, 55.5354, 70.3007, 91.1621, 73.8403, 177.253, 118.669, 61.579, 47.6189, 92.7505, 71.0431, 52.583, 72.9089, 42.914, 54.0565, 139.495, 74.0403, 132.459, 76.0615, 99.8059, 75.104, 133.688, 66.0166, 43.0186, 56.4253, 69.164, 47.2367, 55.4307];
HighestPossibleCritFunctionValue = 1.1;
