NumDevices = 64;
NumSlotes = 512;


GivenBandwidthOld = [0.0164523, 0.00940511, 0.0166254, 0.00775366, 0.0107011, 0.00792475, 0.0162965, 0.0103032, 0.0108624, 0.00885603, 0.00833526, 0.0157959, 0.0165806, 0.0147946, 0.00844091, 0.0113112, 0.0127504, 0.0112369, 0.0142225, 0.0123011, 0.00880939, 0.014355, 0.00983562, 0.0122636, 0.00889365, 0.0105311, 0.0105237, 0.016391, 0.0092101, 0.00920373, 0.0120183, 0.0167638, 0.0145221, 0.00833238, 0.0172538, 0.00923416, 0.0134564, 0.0160357, 0.0164532, 0.0146723, 0.0126502, 0.0172799, 0.00785942, 0.00828546, 0.00873964, 0.0121178, 0.00942015, 0.00952675, 0.0111551, 0.00863854, 0.0128742, 0.0121339, 0.0096398, 0.0110612, 0.0101056, 0.00918643, 0.0113823, 0.0165476, 0.0106358, 0.0109448, 0.0148365, 0.0125599, 0.00858137, 0.0121311];
GivenLatency = [65.9224, 100.834, 58.5336, 122.985, 98.1855, 119.538, 60.3501, 92.2986, 112.218, 114.836, 123.974, 73.8826, 56.1383, 74.8318, 121.227, 84.0005, 96.2149, 98.8725, 80.0779, 78.2522, 126.778, 68.6933, 99.9548, 79.836, 137.661, 94.985, 108.216, 55.9819, 116.591, 117.136, 84.5463, 57.412, 67.8557, 139.274, 66.0279, 104.029, 80.5844, 63.6021, 65.2402, 82.9679, 76.7511, 57.2551, 151.403, 150.002, 130.78, 79.9409, 122.866, 128.037, 91.9605, 137.844, 89.7147, 100.467, 103.512, 95.9298, 91.6535, 99.8975, 84.8343, 70.9577, 115.476, 107.949, 76.3335, 72.4041, 141.62, 76.7824];
HighestPossibleCritFunctionValue = 1.1;
