NumDevices = 128;
NumSlotes = 1024;


GivenBandwidthOld = [0.0084278, 0.00850444, 0.0065839, 0.00817439, 0.00453387, 0.00825284, 0.00805678, 0.00776623, 0.00455682, 0.00399412, 0.00666304, 0.00818931, 0.00518923, 0.00793984, 0.00737888, 0.00430085, 0.00685244, 0.00642342, 0.00599788, 0.00384239, 0.00655785, 0.00535892, 0.00491971, 0.00803156, 0.00392134, 0.00844445, 0.0083873, 0.00782534, 0.00801618, 0.00539965, 0.0044689, 0.00637783, 0.00474988, 0.0087064, 0.00599737, 0.00535508, 0.0054035, 0.00416727, 0.00678414, 0.00860095, 0.00863173, 0.0059104, 0.00854509, 0.00483803, 0.00530517, 0.00657172, 0.00838422, 0.00600824, 0.00802462, 0.00723628, 0.00762271, 0.00740552, 0.00710547, 0.00406481, 0.00471967, 0.00593595, 0.00796381, 0.00519005, 0.00668838, 0.00415362, 0.00739232, 0.00524594, 0.00596555, 0.0055057, 0.00688447, 0.00481165, 0.00695857, 0.00525654, 0.00421358, 0.00506507, 0.00611314, 0.006041, 0.00861232, 0.00469731, 0.00516691, 0.00783413, 0.00573444, 0.00617432, 0.0042303, 0.00618731, 0.00767871, 0.00854161, 0.00631299, 0.00493309, 0.00786472, 0.0048032, 0.00490058, 0.0065564, 0.00588935, 0.0047905, 0.00643342, 0.00405812, 0.00737448, 0.00544849, 0.00524529, 0.00514133, 0.0078255, 0.00572164, 0.00603995, 0.00589471, 0.00484869, 0.00439234, 0.00461273, 0.00861553, 0.00870473, 0.00798155, 0.008481, 0.0076998, 0.00804953, 0.0058874, 0.00697043, 0.0044304, 0.00424937, 0.00658001, 0.00771922, 0.00442345, 0.00736712, 0.0066637, 0.00426135, 0.0080135, 0.0053452, 0.00430701, 0.00543929, 0.00560293, 0.00591243, 0.00770148, 0.00626069, 0.00594467];
GivenLatency = [145.295, 113.774, 150.543, 118.519, 243.814, 139.168, 152.117, 122.846, 225.802, 265.321, 149.216, 156.045, 231.686, 162.847, 150.156, 246.931, 146.255, 159.045, 174.607, 310.291, 171.34, 187.902, 246.706, 160.795, 325.864, 144.58, 132.104, 157.342, 125.6, 208.077, 253.105, 176.974, 269.297, 139.025, 188.702, 191.542, 218.248, 272.758, 179.418, 115.523, 114.467, 169.064, 120.275, 240.604, 216.177, 166.092, 130.959, 169.46, 140.322, 144.54, 131.481, 140.22, 138.839, 308.091, 247.349, 207.606, 121.401, 229.928, 150.421, 264.843, 174.091, 212.071, 195.304, 223.096, 138.422, 231.177, 167.651, 223.467, 254.805, 201.371, 188.812, 163.994, 111.211, 256.094, 191.566, 160.587, 208.935, 155.09, 302.583, 171.331, 132.745, 129.286, 153.755, 211.145, 131.413, 218, 208.38, 164.408, 181.285, 250.394, 148.134, 264.607, 175.545, 222.876, 182.913, 191.421, 126.284, 198.306, 203.221, 199.899, 207.747, 231.845, 243.188, 128.46, 112.454, 123.465, 134.484, 142.468, 140.46, 205.384, 139.451, 293.077, 297.756, 188.553, 145.726, 248.715, 166.715, 156.024, 294.587, 137.465, 181.856, 275.296, 189.477, 210.788, 164.156, 145.255, 153.235, 173.559];
HighestPossibleCritFunctionValue = 1.1;
