NumDevices = 64;
NumSlotes = 512;


GivenBandwidthOld = [0.00623121, 0.00662347, 0.00568245, 0.00864131, 0.00696125, 0.0076899, 0.00415704, 0.00865027, 0.00754592, 0.00309389, 0.0028122, 0.00589388, 0.00589141, 0.00825479, 0.00452731, 0.00677301, 0.00651039, 0.00508223, 0.00825901, 0.006624, 0.00836473, 0.00854103, 0.002788, 0.00545203, 0.0047349, 0.00813812, 0.00611044, 0.00813816, 0.00679578, 0.00798784, 0.00545934, 0.00265658, 0.00297036, 0.00788883, 0.0038586, 0.00522351, 0.00774574, 0.00511204, 0.00304329, 0.00850447, 0.00713994, 0.00469097, 0.00745849, 0.00862478, 0.00417112, 0.00774532, 0.00440039, 0.00478651, 0.00687531, 0.00711447, 0.00782371, 0.00302526, 0.0056006, 0.00801966, 0.00260113, 0.00838579, 0.00614481, 0.00451965, 0.00305203, 0.00549924, 0.00448262, 0.00565738, 0.00600315, 0.00496826];
GivenLatency = [69.1403, 64.9143, 57.8258, 60.3352, 80.3248, 46.6345, 113.487, 74.8176, 46.578, 145.046, 138.74, 105.906, 69.0021, 47.4246, 71.9702, 86.6461, 71.5429, 67.2111, 77.0358, 53.6748, 46.2774, 40.1185, 147.1, 84.0615, 81.2629, 62.6476, 74.3093, 64.2889, 76.0538, 59.7908, 98.9591, 148.584, 163.163, 41.6909, 94.0555, 112.146, 41.8666, 76.6946, 174.976, 37.3718, 70.1283, 79.4912, 45.0384, 74.6691, 108.538, 53.952, 82.4318, 90.7033, 52.4171, 43.7994, 40.1226, 118.906, 82.1671, 51.6351, 143.886, 54.1379, 58.1465, 73.3843, 110.848, 58.7346, 93.5709, 84.7575, 54.2351, 89.6474];
HighestPossibleCritFunctionValue = 1.1;
