NumDevices = 128;
NumSlotes = 1024;


GivenBandwidthOld = [0.00869718, 0.00725001, 0.00973654, 0.00696657, 0.00840965, 0.00603294, 0.00432422, 0.00460349, 0.00457944, 0.00657834, 0.00837527, 0.00947339, 0.00933329, 0.00457101, 0.00876566, 0.0081229, 0.005271, 0.00462894, 0.00739783, 0.00666228, 0.00672121, 0.00967294, 0.00692861, 0.00783169, 0.00464108, 0.00508218, 0.00620193, 0.00711845, 0.00470489, 0.0088928, 0.00749856, 0.00583334, 0.00587646, 0.00566135, 0.00911683, 0.00402, 0.0041028, 0.00822302, 0.00673544, 0.00499412, 0.0073729, 0.00638065, 0.00450624, 0.0076173, 0.00771529, 0.0046734, 0.00459588, 0.00803544, 0.00414609, 0.00450355, 0.00611333, 0.00541191, 0.00427167, 0.00898713, 0.00550671, 0.00375943, 0.00606547, 0.00734712, 0.00426487, 0.00711595, 0.00649646, 0.00718567, 0.00958041, 0.00794545, 0.00414202, 0.00488258, 0.00778455, 0.00620735, 0.00443544, 0.00522028, 0.00852893, 0.0044183, 0.00462053, 0.00967814, 0.00674325, 0.00505455, 0.00430548, 0.00844617, 0.00723714, 0.00593824, 0.00649555, 0.00439202, 0.00662227, 0.00916775, 0.00981954, 0.00818457, 0.00428306, 0.00669072, 0.0096635, 0.00437683, 0.00761548, 0.00831801, 0.00959881, 0.0047147, 0.00498384, 0.0096711, 0.0072258, 0.00910069, 0.00781713, 0.00997606, 0.00757592, 0.00597147, 0.00868805, 0.00386663, 0.0076695, 0.0038482, 0.00412887, 0.00887335, 0.00560829, 0.00473362, 0.00417755, 0.00831464, 0.00911825, 0.00914879, 0.00993765, 0.0057589, 0.00482013, 0.00821321, 0.00440383, 0.00523903, 0.00492935, 0.00640314, 0.00750095, 0.00837759, 0.00465694, 0.0091853, 0.00478214, 0.00712756];
GivenLatency = [433.688, 470.452, 485.67, 640.934, 436.69, 650.755, 799.573, 751.062, 994.185, 568.137, 428.304, 492.714, 485.556, 877.429, 383.287, 510.538, 722.799, 925.767, 464.711, 726.897, 677.815, 355.353, 514.979, 480.018, 969.199, 810.22, 609.684, 539.915, 1047.4, 398.157, 517.005, 600.515, 602.752, 595.934, 464.101, 1114.63, 846.675, 592.185, 595.47, 703.938, 520.657, 650.776, 821.032, 601.502, 439.998, 909.721, 1086.75, 474.942, 1057.55, 1076.52, 604.848, 774.531, 791.384, 545.354, 651.604, 985.584, 778.721, 642.241, 948.597, 568.414, 750.432, 487.381, 433.591, 616.139, 960.405, 752.781, 441.14, 562.162, 1117.53, 829.697, 577.989, 785.361, 801.326, 493.753, 636.132, 694.999, 893.402, 590.492, 462.481, 690.001, 554, 1073.27, 536.742, 449.018, 407.821, 578.697, 808.961, 616.012, 470.102, 822.647, 523.723, 445.352, 364.171, 912.365, 927.66, 375.853, 516.299, 390.107, 532.563, 453.03, 621.953, 661.573, 491.274, 1226.75, 531.863, 1062.6, 807.338, 526.014, 703.08, 1015.43, 1106.32, 540.159, 383.34, 461.501, 407.096, 799.427, 787.61, 590.794, 1098.29, 645.285, 683.415, 690.389, 584.846, 421.321, 852.984, 430.219, 966.821, 565.896];
HighestPossibleCritFunctionValue = 1.1;
