NumDevices = 32;
NumSlotes = 256;


GivenBandwidthOld = [0.00883758, 0.0157832, 0.0135445, 0.0123977, 0.0136672, 0.0119185, 0.00888172, 0.00759213, 0.00839096, 0.00944281, 0.0127501, 0.0104931, 0.0151532, 0.0128881, 0.0170377, 0.00998373, 0.0165466, 0.0058669, 0.0124865, 0.0173041, 0.0123971, 0.0163401, 0.010639, 0.00500397, 0.0092871, 0.0083689, 0.0135775, 0.0167658, 0.0149972, 0.0151124, 0.0149369, 0.0149479];
GivenLatency = [46.6016, 24.0647, 36.5861, 38.0894, 43.5328, 26.0587, 42.9616, 40.8951, 45.0599, 45.0626, 38.9485, 42.6072, 24.4084, 32.3046, 28.5955, 33.5318, 18.5996, 53.27, 37.7229, 21.8811, 27.9834, 27.1296, 53.8875, 85.2876, 44.2009, 51.0474, 36.3934, 23.5206, 23.2749, 30.3208, 31.4499, 31.5342];
HighestPossibleCritFunctionValue = 1.1;
