NumDevices = 128;
NumSlotes = 1024;


GivenBandwidthOld = [0.00953321, 0.00848745, 0.00723726, 0.00780439, 0.00835902, 0.00500856, 0.00637966, 0.00668571, 0.00676902, 0.00692928, 0.0065819, 0.00567309, 0.0063427, 0.00430032, 0.00920304, 0.00931126, 0.00935249, 0.00855744, 0.00868432, 0.00979705, 0.00531019, 0.00716627, 0.0084309, 0.00689738, 0.00798685, 0.00627085, 0.00920499, 0.00457313, 0.00679321, 0.00730162, 0.00826843, 0.00756999, 0.00637309, 0.00879614, 0.00803637, 0.00734065, 0.00798489, 0.00452366, 0.0065874, 0.00447142, 0.00992294, 0.00863381, 0.0046265, 0.00386731, 0.00665416, 0.00775907, 0.00924132, 0.00890975, 0.00490144, 0.00603611, 0.00766753, 0.00811469, 0.00489219, 0.00671344, 0.00412059, 0.00732503, 0.00808668, 0.00915857, 0.00567777, 0.00385586, 0.00800897, 0.00921215, 0.0061086, 0.00726574, 0.0053723, 0.00717506, 0.00626339, 0.00871606, 0.00580793, 0.00382901, 0.00662165, 0.00511766, 0.00872501, 0.00616016, 0.00506069, 0.00754874, 0.00545235, 0.00888354, 0.00823322, 0.0095507, 0.00864579, 0.00596807, 0.00783197, 0.00945322, 0.00773544, 0.00582935, 0.00763518, 0.00830041, 0.0074355, 0.0084689, 0.00804031, 0.00476279, 0.00702208, 0.00391295, 0.00491907, 0.00853292, 0.00906733, 0.00954001, 0.00402924, 0.00946107, 0.00845667, 0.0086618, 0.00640257, 0.00418526, 0.00671025, 0.00674695, 0.00479468, 0.0054358, 0.00574906, 0.00812597, 0.00690987, 0.00542622, 0.00728901, 0.00889835, 0.00700161, 0.00981929, 0.00399668, 0.00591263, 0.00728281, 0.0047279, 0.00812809, 0.00505487, 0.00974388, 0.00533881, 0.00695794, 0.00706522, 0.00395944, 0.00502511];
GivenLatency = [358.371, 432.383, 489.142, 457.553, 536.519, 738.879, 625.915, 522.595, 582.419, 619.89, 507.204, 861.373, 576.906, 917.616, 526.387, 366.162, 401.534, 409.152, 502.137, 361.462, 741.812, 585.623, 415.944, 694.63, 512.955, 577.785, 521.386, 946.832, 616.331, 640.03, 538.109, 565.004, 623.255, 557.238, 565.209, 516.506, 566.519, 1056.02, 567.419, 824.138, 423.476, 490.015, 934.918, 1023.61, 532.718, 576.451, 408.258, 477.746, 798.709, 618.947, 589.559, 429.273, 799.032, 597.071, 997.915, 670.647, 467.608, 429.225, 853.624, 1120.22, 570.434, 496.73, 817.768, 486.423, 919.529, 587.302, 657.931, 560.683, 650.319, 1181.04, 652.242, 693.913, 447.387, 598.22, 764.557, 639.315, 662.994, 561.845, 504.486, 469.364, 455.16, 740.38, 490.106, 440.608, 554.097, 852.609, 462.588, 447.574, 584.208, 522.85, 497.91, 894.775, 480.163, 979.521, 893.99, 453.607, 487.322, 514.305, 919.585, 481.784, 574.573, 435.93, 560.827, 905.951, 611.651, 618.2, 931.902, 625.883, 626.502, 431.972, 550.951, 696.255, 659.292, 387.637, 591.632, 444.008, 990.065, 698.541, 484.554, 831.142, 457.214, 834.78, 368.136, 790.905, 575.685, 475.385, 1157.92, 692.22];
HighestPossibleCritFunctionValue = 1.1;
