NumDevices = 16;
NumSlotes = 128;


GivenBandwidthOld = [0.0763802, 0.0421834, 0.0472137, 0.040873, 0.0733109, 0.0563504, 0.0512543, 0.0503069, 0.0779883, 0.0694356, 0.074162, 0.060656, 0.0650623, 0.0713371, 0.0323981, 0.0356025];
GivenLatency = [23.5262, 36.7111, 39.6784, 43.0185, 19.9018, 28.1195, 34.001, 38.9898, 20.3271, 20.7303, 18.3452, 24.5314, 22.0584, 25.5149, 53.7706, 38.151];
HighestPossibleCritFunctionValue = 1.1;
