NumDevices = 128;
NumSlotes = 1024;


GivenBandwidthOld = [0.00565068, 0.0085118, 0.00534819, 0.00452933, 0.00697576, 0.0040698, 0.00862124, 0.00469382, 0.00659171, 0.00430482, 0.00859732, 0.00764596, 0.00808465, 0.00619071, 0.00477579, 0.00418656, 0.00605093, 0.00550428, 0.00792608, 0.00607308, 0.00772206, 0.00712669, 0.00583572, 0.00844551, 0.0062522, 0.00821514, 0.00428291, 0.00541654, 0.00826722, 0.0046593, 0.0063783, 0.00764669, 0.00533464, 0.00676747, 0.0083382, 0.00754605, 0.00398627, 0.0048019, 0.00810027, 0.00870521, 0.0060424, 0.00714128, 0.00595745, 0.0043394, 0.00483124, 0.00617398, 0.00850332, 0.00775315, 0.00470616, 0.00401432, 0.00622318, 0.00545369, 0.00773158, 0.00715231, 0.00635913, 0.00535633, 0.00632664, 0.00426316, 0.00838658, 0.00574338, 0.00655573, 0.00468351, 0.00832775, 0.00695508, 0.00650598, 0.00858012, 0.00859071, 0.00652857, 0.00824539, 0.00783514, 0.00775976, 0.00584789, 0.0079361, 0.0045113, 0.00387163, 0.00797636, 0.00623021, 0.00866087, 0.00568005, 0.00703517, 0.00764991, 0.00454387, 0.00628397, 0.0072683, 0.00580507, 0.0082647, 0.00732162, 0.00692881, 0.00498363, 0.00740798, 0.00846462, 0.00734465, 0.00404929, 0.00383661, 0.00437896, 0.00471653, 0.00819678, 0.00584774, 0.00538564, 0.0039769, 0.00720923, 0.00807137, 0.00804288, 0.00424123, 0.00478051, 0.00860124, 0.00853718, 0.00682294, 0.00562696, 0.00486097, 0.00581808, 0.00690532, 0.00524399, 0.0082298, 0.00582235, 0.00872306, 0.00597235, 0.00479629, 0.00871993, 0.0083451, 0.00867059, 0.00407163, 0.00433051, 0.0052977, 0.00586704, 0.00486546, 0.00633882, 0.00408045];
GivenLatency = [178.635, 148.326, 201.152, 248.499, 180.622, 260.347, 126.526, 240.604, 163.639, 270.428, 136.541, 158.419, 144.829, 190.729, 265.199, 238.012, 177.801, 216.483, 125.537, 180.14, 165.033, 146.787, 204.892, 116.02, 203.033, 122.71, 254.14, 207.17, 155.813, 270.616, 176.938, 130.227, 195.236, 183.791, 146.451, 129.9, 319.065, 222.59, 123.591, 122.285, 158.282, 133.88, 185.246, 271.481, 266.565, 163.248, 120.242, 146.687, 214.776, 318.499, 191.737, 175.61, 149.594, 146.007, 193.83, 179.689, 188.443, 267.302, 154.162, 189.077, 169.434, 271.2, 141.156, 159.743, 174.347, 113.702, 140.548, 159.114, 134.782, 139.304, 133.434, 171.5, 143.344, 229.211, 250.659, 123.71, 168.728, 120.66, 225.767, 145.889, 141.275, 262.972, 165.275, 143.341, 171.614, 122.939, 152.091, 146.473, 231.073, 138.246, 152.738, 156.672, 255.21, 269.014, 231.404, 246.621, 142.627, 194.847, 216.167, 256.802, 155.945, 145.435, 140.539, 280.996, 255.334, 134.239, 131.426, 154.964, 214.18, 230.405, 167.437, 185.42, 240.952, 120.786, 191.19, 110.378, 170.031, 227.902, 142.943, 140.96, 143.481, 234.943, 287.249, 244.326, 166.731, 225.823, 157.157, 298.864];
HighestPossibleCritFunctionValue = 1.1;
