NumDevices = 32;
NumSlotes = 256;


GivenBandwidthOld = [0.016651, 0.0108695, 0.0154155, 0.00792002, 0.00670933, 0.0087241, 0.00850241, 0.00750624, 0.0148575, 0.0168394, 0.0149386, 0.00570801, 0.0169638, 0.00610965, 0.0173567, 0.00911066, 0.00536651, 0.014879, 0.0168291, 0.0174705, 0.00877825, 0.00609968, 0.0123825, 0.0072993, 0.0118134, 0.00506791, 0.00888634, 0.010293, 0.0145612, 0.012697, 0.0063917, 0.00774327];
GivenLatency = [25.0101, 33.7829, 33.2358, 51.0446, 46.608, 49.333, 48.8025, 47.6776, 30.245, 22.1684, 33.9147, 78.8269, 22.6784, 49.9043, 18.2068, 34.8526, 57.8349, 23.7157, 31.5048, 27.3428, 65.4139, 69.6085, 34.8497, 54.097, 32.7391, 78.5425, 63.5134, 41.067, 36.7891, 38.3208, 74.5484, 47.37];
HighestPossibleCritFunctionValue = 1.1;
