NumDevices = 128;
NumSlotes = 1024;


GivenBandwidthOld = [0.00684345, 0.00789095, 0.00699491, 0.00978422, 0.00832363, 0.00406998, 0.00673527, 0.00834993, 0.00844885, 0.0085325, 0.00818745, 0.0090429, 0.00535819, 0.00757432, 0.00417359, 0.00422456, 0.00471317, 0.00418529, 0.00718893, 0.00817692, 0.0070052, 0.00762449, 0.00987521, 0.0064672, 0.00927621, 0.00773947, 0.00475543, 0.00830259, 0.00669743, 0.00987314, 0.00916466, 0.00792934, 0.00838007, 0.00876598, 0.00730229, 0.00714519, 0.00415362, 0.00607717, 0.00394385, 0.00555124, 0.00849336, 0.00659722, 0.00697643, 0.00531214, 0.00870777, 0.004071, 0.00499671, 0.00720834, 0.0093997, 0.00832581, 0.00938449, 0.0088488, 0.00558002, 0.00466581, 0.00833692, 0.00854501, 0.00597569, 0.00460797, 0.00490878, 0.00433244, 0.00529927, 0.00477535, 0.00562113, 0.00804287, 0.00393104, 0.0089447, 0.0048788, 0.00676251, 0.00375944, 0.00620331, 0.00530641, 0.0061136, 0.0038414, 0.00860942, 0.00735434, 0.00690371, 0.00820027, 0.00574997, 0.00466121, 0.00596489, 0.0044282, 0.0085626, 0.00787158, 0.00637197, 0.00876295, 0.00648905, 0.00776244, 0.0096514, 0.00731346, 0.0072772, 0.00423056, 0.00558827, 0.005751, 0.00960991, 0.00992511, 0.0076039, 0.00756547, 0.00535821, 0.00790391, 0.00605869, 0.00590369, 0.00711685, 0.00909558, 0.00935767, 0.00809332, 0.00819559, 0.00824439, 0.00962979, 0.00669844, 0.00819818, 0.00801761, 0.00442344, 0.0097057, 0.00744682, 0.00490158, 0.00835453, 0.00452093, 0.00452379, 0.00889408, 0.00401814, 0.00417406, 0.0059105, 0.00903034, 0.006732, 0.00967271, 0.00915566, 0.00662014, 0.00461534];
GivenLatency = [488.435, 510.25, 581.229, 507.131, 528.535, 964.984, 605.811, 461.443, 487.936, 397.991, 453.28, 512.5, 909.069, 535.007, 1157.82, 804.35, 1036.03, 993.681, 518.302, 430.704, 613.015, 439.296, 342.652, 617.789, 487.92, 441.43, 825.733, 453.295, 569.376, 482.984, 468.295, 614.603, 523.416, 484.199, 591.664, 546.548, 913.306, 667.071, 903.783, 698.021, 539.118, 704.407, 593.437, 639.447, 482.083, 1224.45, 693.149, 545.578, 447.524, 405.992, 384.612, 418.567, 707.449, 884.801, 478.552, 462.893, 816.249, 999.777, 705.907, 1123.27, 871.893, 778.057, 623.766, 576.338, 888.192, 414.758, 886.564, 531.633, 961.134, 559.381, 639.755, 813.18, 875.419, 430.923, 470.659, 550.096, 459.711, 624.681, 869.023, 643.834, 837.035, 396.76, 479.236, 698.004, 480.901, 580.521, 429.819, 347.768, 500.651, 656.873, 895.68, 681.508, 619.531, 354.701, 494.57, 534.826, 487.794, 725.625, 539.677, 622.644, 681.367, 536.438, 465.439, 411.872, 502.495, 432.378, 541.331, 510.879, 503.271, 452.069, 599.976, 1080.98, 346.937, 468.287, 782.627, 460.363, 839.896, 861.083, 514.873, 850.673, 1089.77, 678.082, 415.943, 536.35, 385.038, 496.578, 514.071, 845.33];
HighestPossibleCritFunctionValue = 1.1;
