NumDevices = 128;
NumSlotes = 1024;


GivenBandwidthOld = [0.00857313, 0.00979272, 0.00751474, 0.0089153, 0.00442503, 0.00530876, 0.00800171, 0.00607256, 0.00782217, 0.00718922, 0.006638, 0.00492677, 0.00674819, 0.00682213, 0.00570576, 0.00550842, 0.0074962, 0.00987175, 0.00452409, 0.00758614, 0.00894869, 0.00934983, 0.00751943, 0.006562, 0.00874719, 0.00408367, 0.00551693, 0.00682681, 0.00937814, 0.00837872, 0.00498357, 0.00507756, 0.00983739, 0.00822443, 0.00547189, 0.00598544, 0.00608699, 0.00651607, 0.0055212, 0.00982803, 0.00719972, 0.00824448, 0.00492834, 0.00809405, 0.00790624, 0.00767934, 0.00658095, 0.0085177, 0.00956219, 0.00802162, 0.00938963, 0.00769405, 0.0039536, 0.006916, 0.00839894, 0.00719828, 0.00896326, 0.00433485, 0.008277, 0.00785507, 0.00398485, 0.00719236, 0.00943396, 0.00901392, 0.00566372, 0.00511363, 0.00979242, 0.00865196, 0.00981675, 0.00510818, 0.00564382, 0.00823469, 0.00926012, 0.00600051, 0.0093413, 0.00802848, 0.00592518, 0.00567852, 0.00384166, 0.00681928, 0.00791291, 0.00734657, 0.00747795, 0.0094102, 0.00980354, 0.00808944, 0.00548711, 0.00561947, 0.00511833, 0.00753083, 0.00443258, 0.00709154, 0.00867963, 0.00601413, 0.00696863, 0.00550372, 0.00979198, 0.00749685, 0.00830005, 0.00774245, 0.00485525, 0.00469384, 0.00430199, 0.00606076, 0.00951782, 0.00600169, 0.00412436, 0.00810035, 0.00755582, 0.00568292, 0.00914624, 0.00453403, 0.00589752, 0.00964172, 0.0072222, 0.00478609, 0.00478303, 0.00957758, 0.00419721, 0.00755578, 0.00493218, 0.00388391, 0.0043435, 0.00988362, 0.00394448, 0.00981225, 0.00453128, 0.00968506];
GivenLatency = [557.789, 424.604, 508.094, 512.957, 955.429, 758.873, 509.636, 751.067, 589.346, 467.83, 658.943, 924.067, 523.586, 721.563, 681.115, 896.065, 530.892, 471.307, 814.019, 467.282, 504.481, 443.248, 512.993, 582.822, 393.821, 1172.9, 686.278, 528.076, 441.978, 512.833, 843.395, 657.097, 355.412, 504.39, 822.132, 696.845, 636.587, 745.609, 741.015, 347.556, 500.574, 519.028, 715.638, 469.225, 617.406, 441.015, 633.498, 578.85, 349.822, 562.679, 443.451, 581.941, 929.47, 597.994, 460.777, 548.876, 375.697, 811.003, 538.806, 525.839, 856.538, 555.962, 445.209, 381.552, 638.219, 845.151, 344.066, 435.321, 379.512, 766.705, 656.212, 429.041, 499.745, 733.143, 451.674, 529.01, 686.934, 643.731, 1250.73, 711.583, 439.752, 470.381, 485.318, 388.769, 352.821, 467.308, 619.196, 763.126, 921.593, 515.494, 874.663, 588.232, 489.773, 769.909, 552.357, 622.778, 434.366, 610.416, 599.768, 459.48, 725.281, 733.012, 922.316, 645.332, 436.544, 651.088, 887.953, 452.677, 638.351, 652.077, 447.656, 1080.01, 710.433, 484.337, 549.696, 737.32, 1014.04, 431.544, 827.444, 452.901, 878.415, 904.819, 917.443, 390.641, 905.779, 459.651, 939.223, 458.223];
HighestPossibleCritFunctionValue = 1.1;
