NumDevices = 128;
NumSlotes = 1024;


GivenBandwidthOld = [0.00717519, 0.00843643, 0.00600505, 0.00434817, 0.0071547, 0.00777492, 0.00675424, 0.00845673, 0.0096917, 0.00970337, 0.00587313, 0.00595105, 0.0093356, 0.00595511, 0.00871326, 0.00885289, 0.00553737, 0.00665314, 0.00940273, 0.00923722, 0.00874436, 0.00647528, 0.00753632, 0.00923149, 0.00622689, 0.007816, 0.00983119, 0.00414878, 0.00609982, 0.00974049, 0.00473391, 0.00908542, 0.00733947, 0.00699326, 0.00702995, 0.00494243, 0.00744615, 0.00620493, 0.00753425, 0.00568433, 0.00781225, 0.00918526, 0.00416371, 0.00692596, 0.00708203, 0.00511414, 0.00586591, 0.00961621, 0.00961201, 0.00787832, 0.00717364, 0.00731235, 0.007373, 0.00809041, 0.00933028, 0.004045, 0.00556974, 0.006836, 0.00771713, 0.00426991, 0.00437929, 0.00529461, 0.00771011, 0.00498452, 0.00852085, 0.00625406, 0.00821641, 0.00812188, 0.00694396, 0.00956944, 0.00477987, 0.00655755, 0.00901877, 0.00596537, 0.00616408, 0.00850529, 0.00712475, 0.0043669, 0.00946262, 0.0095873, 0.00495674, 0.00422978, 0.00487917, 0.00663273, 0.00380977, 0.00831527, 0.00720958, 0.00509326, 0.00492511, 0.0099993, 0.00456293, 0.00419308, 0.0067949, 0.00437456, 0.00701417, 0.00836555, 0.00856864, 0.0093112, 0.00842277, 0.00769032, 0.00999457, 0.00627794, 0.00964218, 0.00868343, 0.00732452, 0.00576192, 0.00556944, 0.00809664, 0.00780508, 0.00740448, 0.00580363, 0.00660096, 0.00736033, 0.00749765, 0.00927095, 0.00679974, 0.00440341, 0.00440059, 0.00701041, 0.00771776, 0.00859333, 0.00568108, 0.00933489, 0.00653833, 0.00477226, 0.00988158, 0.00728056, 0.00444889];
GivenLatency = [578.154, 434.6, 607.721, 1041.7, 478.917, 435.935, 564.775, 496.836, 427.834, 399.462, 764.98, 663.634, 396.405, 563.012, 506.055, 484.096, 623.525, 512.264, 371.701, 404.486, 433.854, 606.356, 449.706, 378.98, 551.868, 529.461, 397.316, 915.58, 567.004, 417.059, 834.602, 467.432, 533.066, 691.13, 531.432, 864.642, 656.883, 685.102, 534.636, 680.807, 477.293, 465.603, 1145.91, 510.751, 508.336, 801.295, 735.589, 500.007, 498.863, 510.285, 551.564, 649.141, 554.207, 505.77, 359.677, 1203.51, 895.44, 676.057, 466.502, 980.951, 806.284, 939.339, 504.075, 690.156, 531.105, 592.936, 566.864, 551.876, 552.427, 407.305, 835.905, 577.505, 440.051, 625.082, 550.887, 425.101, 532.99, 1144.12, 474.932, 357.353, 809.72, 982.785, 694.325, 608.518, 1134.16, 558.448, 548.571, 669.151, 1009.18, 353.238, 1052.03, 1068.9, 493.514, 887.973, 492.427, 399.367, 476.29, 364.26, 500.039, 545.874, 442.388, 742.804, 489.172, 565.816, 511.045, 669.648, 627.129, 474.996, 527.8, 550.583, 785.327, 564.373, 527.036, 550.84, 380.123, 563.114, 862.447, 871.24, 697.864, 447.215, 408.729, 808.07, 367.847, 593.131, 898.032, 504.156, 571.576, 787.052];
HighestPossibleCritFunctionValue = 1.1;
