NumDevices = 128;
NumSlotes = 1024;


GivenBandwidthOld = [0.00872093, 0.00511701, 0.00415058, 0.00627709, 0.00656322, 0.00548747, 0.00540334, 0.00647801, 0.00842707, 0.00627816, 0.00456664, 0.00409611, 0.00588428, 0.00460223, 0.00720549, 0.00513723, 0.00388478, 0.00394189, 0.00376793, 0.00507887, 0.00812695, 0.0071858, 0.00417353, 0.0070692, 0.00450741, 0.00856711, 0.00496836, 0.00574694, 0.00628283, 0.00794449, 0.00545619, 0.00460985, 0.00533364, 0.00498977, 0.00552024, 0.00619265, 0.00735246, 0.00536437, 0.00653417, 0.00727965, 0.00659426, 0.00726423, 0.0074087, 0.0055958, 0.00617778, 0.0075229, 0.0048871, 0.00490764, 0.0052137, 0.0042337, 0.00831347, 0.00698654, 0.00535332, 0.00576943, 0.00422473, 0.00756797, 0.00739543, 0.0074533, 0.00508892, 0.00692847, 0.00431949, 0.00522226, 0.00800281, 0.00577792, 0.00708039, 0.00759948, 0.00701409, 0.00834931, 0.00440547, 0.00523162, 0.00534461, 0.00436302, 0.00681412, 0.00737068, 0.00652106, 0.0069688, 0.00719252, 0.00723142, 0.00604533, 0.00642459, 0.0055901, 0.00527972, 0.00869722, 0.00675318, 0.00811116, 0.00670025, 0.00853179, 0.00622207, 0.00683781, 0.00563332, 0.00677688, 0.00656883, 0.00487775, 0.00781644, 0.00846858, 0.00398239, 0.0045195, 0.00668652, 0.00780698, 0.00435098, 0.00447316, 0.00793816, 0.00420039, 0.00841384, 0.00389211, 0.00726269, 0.0065341, 0.00614518, 0.00453418, 0.00849475, 0.00377883, 0.0083209, 0.00694893, 0.00817056, 0.00505206, 0.00749713, 0.00680497, 0.00869006, 0.00631326, 0.0044048, 0.00395304, 0.00623812, 0.00653321, 0.006109, 0.00650485, 0.00443764, 0.00597238, 0.00524904];
GivenLatency = [112.624, 230.911, 259.478, 194.102, 168.79, 193.37, 181.675, 160.616, 115.649, 193.813, 245.505, 281.454, 182.864, 208.371, 143.014, 194.788, 275.078, 276.104, 257.872, 208.009, 146.355, 145.826, 267.38, 159.089, 234.02, 115.225, 227.336, 199.838, 168.953, 122.274, 190.625, 258.663, 212.482, 229.977, 185.726, 181.872, 164.632, 191.026, 146.106, 159.681, 165.555, 177.662, 174.907, 216.99, 199.324, 129.812, 254.677, 202.39, 240.573, 228.019, 138.994, 183.503, 229.391, 166.074, 259.194, 132.949, 143.037, 130.28, 215.104, 142.018, 248.816, 211.92, 135.275, 215.431, 157.248, 156.515, 183.473, 154.622, 266.746, 196.74, 178.674, 224.375, 180.359, 142.855, 196.527, 183.104, 144.782, 156.385, 169.75, 178.27, 218.297, 214.719, 115.112, 172.086, 125.894, 142.635, 122.604, 182.496, 146.487, 178.865, 152.834, 168.051, 242.81, 126.494, 117.421, 272.625, 226.729, 151.745, 142.202, 265.272, 223.874, 142.789, 229.337, 141.468, 256.984, 169.299, 156.756, 156.268, 226.167, 139.167, 323.369, 119.972, 171.761, 124.78, 212.659, 132.201, 141.154, 115.05, 188.141, 275.129, 247.454, 163.824, 170.854, 164.611, 194.626, 253, 182.038, 210.456];
HighestPossibleCritFunctionValue = 1.1;
