NumDevices = 32;
NumSlotes = 256;


GivenBandwidthOld = [0.0313823, 0.0323126, 0.0274681, 0.025698, 0.016947, 0.0190616, 0.0176996, 0.0278895, 0.0280019, 0.017111, 0.034307, 0.0277409, 0.0316133, 0.034151, 0.0263906, 0.0163591, 0.0174004, 0.0184284, 0.0155306, 0.0328998, 0.017472, 0.0220646, 0.0302906, 0.0239651, 0.0311938, 0.024803, 0.0334372, 0.0293407, 0.0188536, 0.0229539, 0.0158608, 0.0219129];
GivenLatency = [34.1798, 25.9912, 35.8835, 44.7275, 49.6733, 53.5334, 53.2209, 40.564, 35.585, 61.4714, 28.6755, 38.3312, 31.421, 24.5552, 43.3417, 61.45, 57.3895, 55.4206, 53.8241, 28.7843, 56.1316, 45.4491, 37.1456, 43.5993, 33.7802, 43.2059, 34.2242, 37.0815, 57.7095, 40.5624, 64.0805, 40.4961];
HighestPossibleCritFunctionValue = 1.1;
