NumDevices = 16;
NumSlotes = 128;


GivenBandwidthOld = [0.0113117, 0.0303745, 0.0184444, 0.0102581, 0.0226804, 0.0301818, 0.030399, 0.0307309, 0.0341303, 0.0187892, 0.0292789, 0.0306137, 0.0145513, 0.0295246, 0.0100388, 0.0115364];
GivenLatency = [27.8645, 11.6171, 25.792, 30.5464, 22.1238, 13.9701, 10.13, 13.6393, 14.1461, 19.5012, 18.6357, 16.8043, 26.6797, 11.1425, 33.3749, 43.1205];
HighestPossibleCritFunctionValue = 1.1;
