NumDevices = 128;
NumSlotes = 1024;


GivenBandwidthOld = [0.00568711, 0.00567925, 0.0086954, 0.00609384, 0.00671837, 0.00818687, 0.00415898, 0.00753554, 0.00736292, 0.00617198, 0.00498043, 0.00865675, 0.00653947, 0.006438, 0.00599599, 0.00709692, 0.00535083, 0.00393893, 0.0040816, 0.00690782, 0.00729057, 0.00513127, 0.00874544, 0.00715806, 0.0079978, 0.0066029, 0.00739219, 0.00812163, 0.00766371, 0.0065531, 0.00547916, 0.0058004, 0.00486663, 0.00593636, 0.00496348, 0.00864163, 0.00742039, 0.00707211, 0.00842645, 0.00577341, 0.00625895, 0.00674253, 0.00421096, 0.006097, 0.00471162, 0.00567723, 0.00469018, 0.00532356, 0.00559567, 0.00400291, 0.00448695, 0.00472411, 0.00562248, 0.0045261, 0.00766541, 0.00508507, 0.00727037, 0.0056751, 0.00396057, 0.00783242, 0.00695234, 0.0054354, 0.0052095, 0.00863515, 0.00854175, 0.00861715, 0.00597329, 0.00562762, 0.00598854, 0.00690295, 0.00533045, 0.00629481, 0.00435179, 0.00808827, 0.00699362, 0.00422112, 0.00682259, 0.00475284, 0.00851639, 0.00746548, 0.00475556, 0.00413011, 0.00731771, 0.00625043, 0.00841549, 0.00665847, 0.00636978, 0.00431816, 0.00778997, 0.00847524, 0.00580121, 0.00843301, 0.00616909, 0.00634108, 0.00695331, 0.00680507, 0.00530487, 0.00650508, 0.00845093, 0.00723476, 0.00710221, 0.00438212, 0.00782467, 0.00666188, 0.00866506, 0.0061576, 0.00823269, 0.00436102, 0.00819286, 0.00484428, 0.00539547, 0.00416033, 0.00508116, 0.00655767, 0.00731376, 0.00488172, 0.00455675, 0.00774151, 0.00404005, 0.00855749, 0.00823562, 0.00854349, 0.00796111, 0.00481002, 0.0045545, 0.00503367, 0.00839988, 0.00433489];
GivenLatency = [224.803, 219.033, 123.316, 177.631, 172.534, 136.448, 263.533, 138.173, 162.595, 172.532, 217.349, 131.672, 148.496, 188.745, 185.597, 153.666, 212.923, 245.449, 269.573, 154.313, 177.034, 227.325, 121.182, 167.066, 136, 152.201, 162.279, 142.085, 149.649, 146.013, 210.953, 197.24, 209.626, 162.451, 220.123, 116.095, 154.382, 140.592, 150.907, 185.605, 173.72, 183.31, 247.617, 193.377, 217.729, 177.661, 223.044, 203.296, 200.796, 290.855, 231.063, 204.19, 182.634, 223.822, 164.072, 214.052, 176.263, 190.631, 287.348, 126.543, 163.309, 197.919, 231.118, 149.174, 114.174, 129.829, 214.163, 195.887, 203.519, 146.719, 200.54, 196.556, 271.685, 126.195, 151.793, 243.019, 167.402, 214.84, 139.256, 132.486, 208.153, 300.214, 161.003, 179.833, 147.808, 185.542, 190.668, 223.892, 162.101, 136.94, 183.273, 131.602, 161.707, 150.613, 178.757, 182.395, 196.695, 152.789, 120.619, 140.85, 156.106, 224.368, 127.457, 145.097, 117.947, 171.502, 141.024, 246.457, 148.275, 238.559, 217.98, 233.965, 189.788, 194.542, 136.062, 200.388, 267.852, 159.515, 280.496, 129.463, 121.403, 118.191, 134.675, 216.205, 225.621, 254.723, 147.693, 261.407];
HighestPossibleCritFunctionValue = 1.1;
