NumDevices = 128;
NumSlotes = 1024;


GivenBandwidthOld = [0.00746764, 0.00614285, 0.00539928, 0.0082543, 0.00748178, 0.00378774, 0.00798265, 0.00684483, 0.00862359, 0.00415555, 0.00485019, 0.00468013, 0.00636, 0.00497207, 0.00814599, 0.00720236, 0.00750795, 0.00855925, 0.0078362, 0.0055043, 0.0081865, 0.00799298, 0.00548915, 0.00870983, 0.00866554, 0.00431244, 0.0066618, 0.00743859, 0.00787082, 0.00732265, 0.00429885, 0.00823908, 0.0067502, 0.00803366, 0.00427054, 0.0075414, 0.00583395, 0.0087032, 0.00714205, 0.00397736, 0.00494607, 0.00606722, 0.00424019, 0.00741564, 0.00716073, 0.00789448, 0.00496298, 0.00532745, 0.00588192, 0.00487018, 0.0056318, 0.00615409, 0.00434654, 0.00483539, 0.00585629, 0.00414618, 0.00740747, 0.00491525, 0.00809564, 0.00590743, 0.0086055, 0.00510416, 0.00808057, 0.00759892, 0.00760832, 0.00557783, 0.00415123, 0.00720982, 0.00801485, 0.0081181, 0.00835913, 0.00435962, 0.00470404, 0.008373, 0.00747829, 0.00503839, 0.00773755, 0.0074893, 0.00512979, 0.00393887, 0.00801169, 0.0050345, 0.007265, 0.00536498, 0.00680025, 0.00434249, 0.00676354, 0.00740178, 0.00417703, 0.00592929, 0.00601221, 0.00473796, 0.00836152, 0.00462003, 0.00639381, 0.00827143, 0.00548693, 0.00626109, 0.00758386, 0.00440403, 0.00600631, 0.00550977, 0.00520699, 0.00642152, 0.00396619, 0.00729846, 0.00765123, 0.00668549, 0.0054981, 0.00406335, 0.00518654, 0.0077199, 0.00585045, 0.00608776, 0.00454845, 0.00826622, 0.00780999, 0.00498959, 0.00750458, 0.00705212, 0.00750972, 0.00829554, 0.00566225, 0.00792598, 0.00436274, 0.00711153, 0.00591761, 0.00472914];
GivenLatency = [157.764, 181.613, 190.954, 116.423, 155.221, 311.079, 139.526, 165.942, 117.423, 284.234, 198.701, 249.276, 156.721, 215.535, 145.535, 157.6, 129.208, 121.525, 150.609, 180.054, 126.393, 128.023, 174.652, 143.143, 118.884, 275.696, 157.201, 168.174, 148.396, 161.776, 237.4, 138.115, 158.533, 156.965, 233.496, 167.933, 217.077, 137.437, 138.192, 239.958, 208.17, 172.153, 294.771, 170.561, 167.862, 132.443, 212.918, 201.334, 219.804, 226.758, 180.784, 178.888, 243.097, 218.345, 205.081, 282.331, 129.11, 217.037, 132.244, 184.092, 126.265, 239.459, 134.956, 167.753, 135.916, 175.619, 279.636, 165.557, 145.875, 122.513, 137.912, 245.115, 214.928, 117.872, 130.282, 189.176, 136.372, 153.96, 225.702, 275.369, 132.244, 202.571, 138.267, 213.007, 171.683, 249.25, 141.808, 175.118, 240.334, 177.414, 208.826, 264.634, 145.758, 235.039, 192.001, 139.665, 174.777, 164.4, 129.975, 219.344, 173.838, 226.914, 212.615, 155.036, 248.962, 141.119, 162.297, 144.658, 218.209, 260.702, 223.375, 142.401, 190.573, 163.847, 242.397, 124.941, 150.729, 197.4, 162.915, 153.27, 163.872, 133.097, 189.986, 160.482, 287.531, 161.9, 162.537, 218.395];
HighestPossibleCritFunctionValue = 1.1;
