NumDevices = 128;
NumSlotes = 1024;


GivenBandwidthOld = [0.00439968, 0.00421646, 0.00607695, 0.00648043, 0.00665921, 0.00515811, 0.00732588, 0.00974146, 0.00840221, 0.0059635, 0.00598446, 0.00833455, 0.00629654, 0.00975149, 0.00824267, 0.00585189, 0.00524666, 0.00812073, 0.00641658, 0.00848291, 0.00594811, 0.00983479, 0.00838732, 0.00575105, 0.00409974, 0.00685665, 0.00466952, 0.00808575, 0.00601112, 0.0063895, 0.00949507, 0.00483396, 0.00935521, 0.0042834, 0.00603843, 0.00917224, 0.00413846, 0.00763921, 0.00717498, 0.00491984, 0.00903839, 0.00448677, 0.00543417, 0.00963597, 0.00416784, 0.00763455, 0.0038028, 0.00984582, 0.00623766, 0.00763008, 0.00382422, 0.00745096, 0.0058497, 0.00595372, 0.004248, 0.00495614, 0.00666521, 0.00599995, 0.00610599, 0.00708981, 0.00463734, 0.00480144, 0.00659889, 0.00387793, 0.00380821, 0.00702424, 0.00896209, 0.00957948, 0.00477006, 0.00417826, 0.00770529, 0.00530189, 0.00503733, 0.00869964, 0.00485249, 0.00838042, 0.00839265, 0.00781108, 0.00826402, 0.00843799, 0.00725635, 0.00379138, 0.00547147, 0.00528054, 0.00878156, 0.0065965, 0.00733147, 0.0099725, 0.00411879, 0.00829628, 0.00679769, 0.007593, 0.00556426, 0.00855817, 0.00847191, 0.00866288, 0.00580617, 0.00558964, 0.00381282, 0.00954389, 0.00671042, 0.00959795, 0.00904457, 0.00828708, 0.00839243, 0.00399117, 0.00713596, 0.00539782, 0.00497665, 0.00759218, 0.00434811, 0.00618545, 0.00514197, 0.00475762, 0.00750445, 0.00479914, 0.00547664, 0.00469144, 0.00779877, 0.00772134, 0.00633177, 0.00812786, 0.00738156, 0.00817279, 0.00636333, 0.00726337, 0.0091789, 0.00983783];
GivenLatency = [784.707, 1066.06, 686.194, 529.964, 667.631, 807.516, 553.838, 398.033, 415.451, 583.641, 682.198, 471.063, 654.298, 407.337, 542.422, 819.468, 661.005, 574.639, 663.655, 404.164, 647.649, 382.198, 513.382, 707.523, 817.326, 516.681, 976.662, 589.666, 696.13, 578.403, 501.938, 730.552, 485.331, 834.135, 593.086, 390.663, 1091.04, 467.651, 508.103, 736.78, 505.705, 833.161, 869.921, 503.211, 1052.57, 548.194, 1275.43, 462.171, 576.036, 521.867, 1014.75, 463.693, 847.736, 584.181, 788.841, 932.355, 534.668, 561.283, 557.063, 527.223, 809.88, 750.373, 530.206, 917.765, 1003.97, 666.801, 451.174, 363.588, 807.223, 842.336, 638.641, 846.055, 972.404, 415.61, 693.542, 496.396, 502.457, 452.059, 482.898, 452.566, 479.983, 1089.45, 665.805, 654.449, 448.459, 696.041, 639.764, 373.124, 1081.64, 453.296, 589.375, 536.665, 810.979, 484.865, 570.481, 569.883, 804.476, 838.753, 1001.07, 351.434, 564.968, 357.353, 544.665, 550.993, 590.782, 1177.52, 484.761, 648.468, 757.632, 571.381, 968.289, 655.597, 669.576, 724.411, 469.671, 826.047, 675.106, 923.778, 465.508, 554.973, 603.694, 568.299, 601.653, 422.77, 626.539, 487.268, 530.608, 415.672];
HighestPossibleCritFunctionValue = 1.1;
