NumDevices = 16;
NumSlotes = 128;


GivenBandwidthOld = [0.0656643, 0.0393364, 0.0663883, 0.0481312, 0.0417319, 0.0480101, 0.0462545, 0.0589925, 0.0674212, 0.047872, 0.0439754, 0.0340673, 0.0684171, 0.065823, 0.0667649, 0.0582624];
GivenLatency = [15.0455, 26.0481, 13.9786, 16.5097, 19.3828, 18.9481, 18.7801, 15.3988, 16.2335, 18.4497, 24.2182, 29.9559, 15.6982, 12.8078, 14.3004, 16.1015];
HighestPossibleCritFunctionValue = 1.1;
