NumDevices = 64;
NumSlotes = 512;


GivenBandwidthOld = [0.00873643, 0.00560268, 0.00546195, 0.00271963, 0.00627272, 0.00440568, 0.00624494, 0.00614424, 0.0075092, 0.00454821, 0.00807931, 0.005192, 0.00314986, 0.00590541, 0.00598273, 0.00544652, 0.00588344, 0.00549514, 0.00435583, 0.00587693, 0.00858211, 0.0057507, 0.00569238, 0.00680531, 0.00563331, 0.00781955, 0.0082184, 0.00544826, 0.00385114, 0.00479851, 0.00847984, 0.00574881, 0.00521159, 0.00739607, 0.0031678, 0.00752375, 0.0054492, 0.00713966, 0.00630542, 0.00387657, 0.00734244, 0.00819798, 0.0059606, 0.00862432, 0.00276033, 0.00280351, 0.00360329, 0.00797144, 0.00474477, 0.00528342, 0.00849515, 0.00679006, 0.00555935, 0.00847029, 0.00773946, 0.00591634, 0.0084093, 0.00757534, 0.0037147, 0.00552562, 0.0041027, 0.00783592, 0.00823976, 0.00811183];
GivenLatency = [46.4936, 76.7164, 82.6561, 148.117, 52.6794, 84.5724, 60.1258, 52.0723, 59.974, 101.342, 39.0367, 72.4693, 136.989, 52.4409, 95.2773, 57.5227, 55.6325, 56.6959, 79.6679, 72.0211, 46.5619, 59.4895, 65.3724, 62.3279, 98.9281, 81.8534, 73.7104, 117.402, 129.483, 126.513, 58.6162, 57.4865, 86.215, 73.836, 112.681, 45.7284, 78.8199, 79.4114, 84.0141, 102.431, 47.8475, 38.6112, 76.9396, 49.6138, 186.417, 117.806, 141.934, 39.6758, 122.692, 70.8659, 36.4876, 95.3367, 92.542, 48.5923, 40.8766, 85.0714, 43.8162, 56.9519, 117.888, 58.6325, 105.904, 40.2985, 56.7057, 73.0923];
HighestPossibleCritFunctionValue = 1.1;
