NumDevices = 64;
NumSlotes = 512;


GivenBandwidthOld = [0.00297394, 0.00558203, 0.00835254, 0.00367691, 0.00780912, 0.00789252, 0.00331727, 0.00717612, 0.00659223, 0.00554549, 0.00687314, 0.00811541, 0.00569492, 0.00579467, 0.00734536, 0.00723126, 0.00828977, 0.00486361, 0.00265122, 0.00655139, 0.00676252, 0.00521066, 0.00428984, 0.00316925, 0.0067585, 0.00628707, 0.00805011, 0.00812142, 0.00676558, 0.00666087, 0.00295432, 0.00699962, 0.00265982, 0.00729725, 0.00491156, 0.00862022, 0.00871394, 0.00276362, 0.00815942, 0.00787883, 0.00441533, 0.00587786, 0.00545364, 0.00682005, 0.00336055, 0.00320176, 0.00319878, 0.00309245, 0.00361042, 0.00290893, 0.00671839, 0.00725246, 0.00842029, 0.00482016, 0.00367949, 0.00751083, 0.00700962, 0.0082309, 0.00300918, 0.00406557, 0.00873702, 0.00306819, 0.00831604, 0.00261651];
GivenLatency = [162.368, 111.442, 47.0126, 162.795, 64.1706, 45.1989, 107.362, 83.4862, 51.1012, 63.0404, 94.2209, 59.2596, 77.8369, 102.391, 51.0181, 54.8321, 39.8255, 72.0544, 223.011, 91.2353, 79.4267, 109.608, 127.61, 118.317, 64.9481, 56.5466, 40.0427, 79.6698, 59.116, 50.1045, 189.082, 73.4475, 185.361, 58.8853, 77.9787, 59.0935, 36.3177, 137.874, 51.6983, 79.8895, 81.3092, 88.04, 70.8348, 87.502, 123.463, 167.298, 100.291, 171.927, 99.1446, 180.221, 82.2442, 66.1968, 41.1827, 65.0025, 113.317, 66.6569, 79.6268, 46.3036, 152.405, 144.961, 66.0947, 186.039, 66.0314, 231.922];
HighestPossibleCritFunctionValue = 1.1;
