NumDevices = 16;
NumSlotes = 128;


GivenBandwidthOld = [0.0313958, 0.0337656, 0.0127259, 0.0247877, 0.021934, 0.0339607, 0.0174568, 0.0107474, 0.0222215, 0.0170848, 0.0333943, 0.0227048, 0.0143637, 0.0265191, 0.0220984, 0.0231864];
GivenLatency = [9.89244, 9.42133, 41.3772, 19.4244, 16.5494, 13.7788, 22.2348, 30.334, 15.9051, 18.3993, 15.6737, 15.5293, 28.604, 20.1516, 22.8502, 19.1428];
HighestPossibleCritFunctionValue = 1.1;
