NumDevices = 64;
NumSlotes = 512;


GivenBandwidthOld = [0.0138975, 0.0177944, 0.0126936, 0.00926628, 0.0184315, 0.00858482, 0.0150696, 0.0166687, 0.0177372, 0.0137801, 0.0199881, 0.0196779, 0.0192265, 0.0192392, 0.00868644, 0.0105042, 0.0121956, 0.0135004, 0.0179658, 0.0185467, 0.0192577, 0.0198188, 0.0114165, 0.00758104, 0.0196055, 0.01485, 0.0139127, 0.0104844, 0.0163616, 0.0194791, 0.0152925, 0.0127135, 0.0190936, 0.011507, 0.0151987, 0.012081, 0.0129813, 0.0186987, 0.0116988, 0.0138619, 0.0195476, 0.016466, 0.0109433, 0.0164454, 0.0158933, 0.0119996, 0.0189977, 0.012652, 0.0104388, 0.0126753, 0.0140186, 0.0151799, 0.009166, 0.00794708, 0.00913587, 0.0140083, 0.0175858, 0.0194779, 0.0193372, 0.0186416, 0.0138984, 0.00754562, 0.0117609, 0.00862262];
GivenLatency = [197.03, 156.451, 221.933, 305.378, 148.523, 351.234, 165.854, 171.287, 175.982, 236.127, 162.651, 138.113, 156.24, 126.469, 294.248, 286.837, 198.968, 189.334, 158.799, 126.143, 122.097, 117.51, 236.537, 406.22, 118.084, 185.406, 181.015, 296.647, 137.706, 149.114, 170.785, 212.002, 156.132, 251.637, 162.999, 265.159, 200.981, 144.015, 268.755, 232.992, 140.289, 156.428, 212.957, 165.25, 149.836, 186.038, 124.648, 208.313, 218.903, 184.304, 160.728, 191.732, 280.271, 338.01, 355.938, 167.873, 140.197, 161.434, 122.014, 164.535, 170.296, 396.989, 214.64, 261.603];
HighestPossibleCritFunctionValue = 1.1;
