NumDevices = 128;
NumSlotes = 1024;


GivenBandwidthOld = [0.00524353, 0.00554638, 0.00557191, 0.00453208, 0.00808509, 0.00855247, 0.00382314, 0.0079988, 0.00841777, 0.00501464, 0.00860031, 0.00788565, 0.00663501, 0.0071014, 0.00568789, 0.00392217, 0.00747134, 0.00830348, 0.0040201, 0.00830162, 0.00780858, 0.00626019, 0.00756169, 0.00682733, 0.00448273, 0.00868705, 0.00578849, 0.0045905, 0.00511849, 0.00399496, 0.00575097, 0.00410023, 0.0051055, 0.00569631, 0.00537225, 0.00397379, 0.0049843, 0.00864567, 0.00528617, 0.00713666, 0.00830746, 0.00599363, 0.00740063, 0.00490484, 0.00807212, 0.00557447, 0.0075476, 0.00502241, 0.00419248, 0.00543772, 0.00427209, 0.00846644, 0.00804562, 0.0052231, 0.0071703, 0.00377047, 0.00772476, 0.00753454, 0.00558644, 0.00874238, 0.00574586, 0.00811371, 0.00468087, 0.00381058, 0.00686234, 0.00787281, 0.00576473, 0.00526758, 0.00478082, 0.0037639, 0.00743912, 0.00687372, 0.00418649, 0.00476913, 0.00724534, 0.00488641, 0.00835447, 0.00610391, 0.00599116, 0.00586848, 0.00398218, 0.00608685, 0.00421264, 0.00431266, 0.00540312, 0.00776283, 0.00743904, 0.00543172, 0.00834902, 0.00448851, 0.00595853, 0.00752291, 0.00512439, 0.00813338, 0.00516707, 0.0055057, 0.00681611, 0.00582907, 0.00674608, 0.00394764, 0.00549176, 0.00745658, 0.00517842, 0.0061577, 0.00495821, 0.00515486, 0.00527627, 0.00573212, 0.00725214, 0.00418693, 0.00724292, 0.00425612, 0.00518884, 0.00629795, 0.00717728, 0.00606614, 0.00612473, 0.00584356, 0.00518961, 0.00419362, 0.00462156, 0.00706763, 0.0081201, 0.00707599, 0.0086201, 0.00554865, 0.00859284, 0.00734145];
GivenLatency = [222.606, 199.738, 195.84, 286.168, 160.62, 121.77, 260.922, 128.434, 134.093, 231.162, 129.428, 132.145, 157.992, 157.396, 214.43, 275.704, 139.544, 148.045, 255.471, 130.87, 148.426, 185.8, 146.845, 140.824, 255.096, 112.455, 166.695, 234.713, 253.402, 284.817, 188.753, 306.875, 215.052, 168.821, 182.194, 282.981, 205.506, 126.33, 212.538, 137.214, 126.106, 203.294, 154.503, 213.664, 143.715, 196.199, 165.57, 252.561, 253.023, 188.594, 226.596, 129.234, 132.477, 183.101, 180.576, 272.916, 123.552, 132.05, 225.753, 148.207, 187.018, 126.14, 219.12, 289.774, 180.272, 160.212, 169.341, 243.233, 222.439, 257.116, 151.25, 170.024, 278.256, 258.835, 134.234, 219.936, 124.623, 170.721, 184.132, 187.805, 270.647, 178.006, 287.217, 243.843, 188.512, 144.907, 138.716, 216.169, 114.563, 242.046, 181.105, 136.567, 246.947, 139.16, 194.221, 233.049, 140.755, 176.612, 151.75, 312.627, 176.186, 150.159, 224.219, 178.524, 195.669, 214.582, 242.334, 172.202, 160.878, 234.957, 153.955, 236.491, 187.558, 181.833, 170.396, 165.807, 194.973, 205.377, 242.661, 259.641, 243.831, 168.352, 145.717, 168.65, 122.12, 201.095, 111.494, 132.902];
HighestPossibleCritFunctionValue = 1.1;
