NumDevices = 16;
NumSlotes = 128;


GivenBandwidthOld = [0.0307374, 0.0636249, 0.0429527, 0.0453149, 0.0669384, 0.0532757, 0.0642626, 0.0408601, 0.0362032, 0.0470769, 0.0415897, 0.0579763, 0.0671282, 0.0433689, 0.0411041, 0.0568231];
GivenLatency = [30.7083, 14.8739, 18.2346, 23.2399, 13.1185, 20.8249, 15.236, 21.4034, 27.418, 22.5075, 18.8483, 16.8769, 12.4361, 18.7392, 22.7618, 14.237];
HighestPossibleCritFunctionValue = 1.1;
