NumDevices = 16;
NumSlotes = 128;


GivenBandwidthOld = [0.0344167, 0.0315439, 0.0233921, 0.0163792, 0.0259277, 0.0323085, 0.0246166, 0.0213476, 0.0298238, 0.0131711, 0.031522, 0.0304225, 0.0252323, 0.0199559, 0.0145834, 0.0188837];
GivenLatency = [13.2022, 12.2213, 19.7612, 31.4817, 14.0727, 14.8325, 14.6328, 14.8102, 11.5351, 24.4381, 13.5353, 13.3438, 16.2985, 16.0274, 30.8891, 33.1581];
HighestPossibleCritFunctionValue = 1.1;
