NumDevices = 128;
NumSlotes = 1024;


GivenBandwidthOld = [0.0050174, 0.00494783, 0.0057209, 0.00868489, 0.00442314, 0.00728483, 0.00865483, 0.00427722, 0.00479083, 0.00695657, 0.00659059, 0.00560641, 0.00443309, 0.00441241, 0.00682871, 0.00768161, 0.00734098, 0.00730651, 0.0080183, 0.00609979, 0.00672028, 0.00516713, 0.00649965, 0.0071152, 0.00770499, 0.00531284, 0.00538679, 0.00830842, 0.00712284, 0.00599746, 0.00680124, 0.005956, 0.0049187, 0.00615552, 0.00833108, 0.00791018, 0.00381458, 0.00416747, 0.0052279, 0.00785849, 0.0050856, 0.00614145, 0.0067849, 0.0062592, 0.0058772, 0.00562444, 0.00738871, 0.00457631, 0.00660875, 0.00582832, 0.00399431, 0.0048256, 0.00629412, 0.00774388, 0.00387165, 0.00829184, 0.00851845, 0.0071114, 0.00386686, 0.00788251, 0.00389471, 0.00591235, 0.00632071, 0.00470642, 0.0082757, 0.00723344, 0.00499558, 0.00814191, 0.00858541, 0.00744649, 0.00567941, 0.00637632, 0.00436317, 0.00432149, 0.00378956, 0.00857616, 0.00700482, 0.00749621, 0.00628074, 0.00796425, 0.00770826, 0.00517612, 0.00751625, 0.0081753, 0.00477338, 0.00863392, 0.00774016, 0.00630311, 0.00392151, 0.00632174, 0.00693973, 0.00856599, 0.00615068, 0.00694682, 0.00762417, 0.00686054, 0.00757439, 0.00523704, 0.00649364, 0.00605885, 0.00863853, 0.00526711, 0.00687486, 0.00823646, 0.0076108, 0.00726996, 0.00870627, 0.00376788, 0.00418538, 0.00611537, 0.00850419, 0.00738122, 0.00869754, 0.0070319, 0.0077185, 0.00737796, 0.00387277, 0.00706836, 0.00542981, 0.00628607, 0.00745112, 0.00840864, 0.0065422, 0.00729767, 0.00442322, 0.00848904, 0.00771661, 0.00549012];
GivenLatency = [237.374, 222.954, 186.398, 145.553, 224.88, 170.774, 112.432, 274.148, 214.944, 186.152, 155.217, 187.645, 286.895, 244.281, 163.632, 142.057, 139.914, 145.543, 142.12, 180.715, 141.838, 209.881, 155.241, 155.555, 152.878, 241.868, 194.748, 149, 173.906, 180.481, 143.042, 198.586, 262.225, 169.9, 126.948, 131.047, 250.179, 263.481, 195.313, 135.915, 210.204, 173.759, 147.796, 175.011, 181.326, 173.845, 139.599, 259.951, 183.607, 177.362, 256.818, 228.588, 153.15, 165.784, 324.689, 143.467, 123.268, 150.529, 250.831, 130.16, 276.388, 176.265, 172.246, 227.186, 144.044, 144.64, 220.776, 147.461, 115.319, 152.865, 198.981, 159.602, 279.077, 293.964, 252.146, 112.143, 147.391, 151.317, 166.425, 126.056, 128.016, 243.523, 142.796, 123.052, 224.444, 111.596, 129.7, 162.909, 308.034, 198.949, 157.363, 117.444, 186.212, 170.519, 147.22, 155.502, 136.249, 234.411, 185.654, 187.732, 117.602, 185.876, 160.618, 149.126, 161.663, 162.06, 125.355, 339.461, 285.934, 161.22, 152.687, 129.219, 114.853, 158.334, 139.757, 149.895, 261.78, 134.975, 190.961, 166.87, 157.397, 128.644, 150.491, 130.894, 239.896, 117.498, 139.641, 190.802];
HighestPossibleCritFunctionValue = 1.1;
