NumDevices = 128;
NumSlotes = 1024;


GivenBandwidthOld = [0.00523176, 0.0077097, 0.00442491, 0.00696446, 0.0041473, 0.00611637, 0.00534012, 0.00384032, 0.00675454, 0.0060227, 0.00594428, 0.0080004, 0.00531027, 0.00726999, 0.00427212, 0.00394996, 0.00445017, 0.00651991, 0.00757545, 0.00813039, 0.00502329, 0.00395093, 0.00584864, 0.00567434, 0.00607297, 0.00587206, 0.00422433, 0.00584966, 0.00772733, 0.00573262, 0.00564267, 0.00387653, 0.00537477, 0.00618281, 0.00695256, 0.00415723, 0.00800466, 0.00674612, 0.00461198, 0.0060769, 0.00701435, 0.00769487, 0.00510465, 0.00630874, 0.00853711, 0.00570776, 0.00780753, 0.00865861, 0.00776078, 0.00790166, 0.00574953, 0.00484244, 0.00438884, 0.00577819, 0.00658161, 0.00458527, 0.00708107, 0.00409294, 0.00749056, 0.00632325, 0.00734996, 0.00822196, 0.00395249, 0.00696939, 0.0069884, 0.00650395, 0.00444686, 0.00586221, 0.00870281, 0.00554528, 0.00709111, 0.00777604, 0.00445752, 0.00506345, 0.00390708, 0.00872417, 0.00461328, 0.00781547, 0.00703239, 0.00581582, 0.00400433, 0.00825121, 0.00566785, 0.00706898, 0.00583943, 0.00575194, 0.00542201, 0.00518961, 0.00426167, 0.00834263, 0.0070559, 0.006083, 0.00448712, 0.00747023, 0.00460158, 0.00632155, 0.0038237, 0.00745333, 0.00566967, 0.00769004, 0.00401243, 0.0043553, 0.00699566, 0.00864435, 0.00802614, 0.0077558, 0.00420389, 0.00723566, 0.00717713, 0.00852351, 0.00712812, 0.00478648, 0.00393475, 0.00377353, 0.00416111, 0.00821271, 0.00855089, 0.00725966, 0.00559207, 0.00839371, 0.00560188, 0.00831981, 0.00851133, 0.00750312, 0.00736587, 0.00575684, 0.00776406, 0.00807013];
GivenLatency = [198.5, 159.31, 235.982, 137.312, 271.93, 202.225, 181.604, 252.404, 182.973, 178.156, 209.673, 153.987, 232.103, 156.372, 276.154, 264.845, 279.701, 161.536, 131.124, 145.902, 205.731, 243.253, 171.234, 176.967, 181.433, 219.77, 247.575, 168.825, 158.366, 174.354, 196.612, 262.834, 215.766, 191.556, 167.749, 258.002, 141.569, 153.254, 261.288, 165.093, 140.257, 150.877, 200.635, 195.485, 130.53, 195.156, 122.911, 110.614, 139.547, 127.65, 220.108, 202.317, 289.42, 200.071, 173.842, 214.991, 138.177, 279.593, 131.346, 153.447, 170.623, 123.033, 249.767, 139.606, 164.724, 194.016, 281.534, 205.185, 124.276, 181.522, 141.392, 136.822, 218.306, 191.994, 321.677, 132.052, 224.142, 150.517, 144.644, 203.621, 320.775, 136.174, 188.943, 149.641, 185.973, 184.409, 221.092, 226.311, 293.222, 127.01, 145.518, 199.13, 232.361, 146.935, 247.764, 189.447, 251.756, 150.009, 214.344, 143.612, 282.441, 239.069, 149.204, 110.813, 144.296, 142.373, 247.547, 149.403, 143.164, 114.538, 141.462, 259.928, 247.264, 304.4, 284.416, 131.563, 131.472, 174.489, 194.225, 134.532, 176.91, 155.344, 140.314, 129.706, 139.252, 166.744, 155.961, 130.084];
HighestPossibleCritFunctionValue = 1.1;
