NumDevices = 32;
NumSlotes = 256;


GivenBandwidthOld = [0.0167548, 0.033345, 0.0397611, 0.0246092, 0.0176455, 0.0278789, 0.0202355, 0.0323871, 0.0150299, 0.0168407, 0.0264553, 0.0194586, 0.0255629, 0.0209247, 0.0166799, 0.0242959, 0.0256305, 0.0312934, 0.0325676, 0.0239248, 0.0397411, 0.0379562, 0.0150925, 0.0199335, 0.0316145, 0.0297972, 0.0363641, 0.0320892, 0.0329147, 0.0317198, 0.0253381, 0.0177735];
GivenLatency = [115.548, 51.376, 53.7238, 97.6185, 101.827, 66.761, 102.055, 61.7822, 125.619, 143.27, 80.2628, 123.572, 79.9065, 103.163, 129.235, 100.385, 76.152, 55.6031, 56.131, 77.2656, 49.6539, 62.7783, 113.717, 97.5611, 59.5111, 58.16, 46.4768, 69.9533, 64.6461, 57.3308, 76.414, 120.906];
HighestPossibleCritFunctionValue = 1.1;
