NumDevices = 128;
NumSlotes = 1024;


GivenBandwidthOld = [0.00621249, 0.00962202, 0.00722543, 0.00899871, 0.00635405, 0.0075015, 0.00514572, 0.00542199, 0.00492544, 0.00936805, 0.00757948, 0.00964401, 0.00819086, 0.00379348, 0.00953801, 0.00787165, 0.00752049, 0.00568337, 0.00407009, 0.0084193, 0.00574349, 0.00832405, 0.00482463, 0.00887776, 0.00483582, 0.00943348, 0.00728978, 0.00927771, 0.00801845, 0.00602269, 0.00710315, 0.00390728, 0.0097308, 0.00436252, 0.0046136, 0.00569393, 0.00667442, 0.00448886, 0.00926793, 0.00604999, 0.00962098, 0.00849655, 0.0040459, 0.00812532, 0.00857905, 0.00942543, 0.00952869, 0.0074639, 0.00458135, 0.00743832, 0.00579036, 0.00851676, 0.00622798, 0.00741287, 0.00939683, 0.00998027, 0.00968846, 0.00517721, 0.00956947, 0.00533892, 0.00871618, 0.00785144, 0.0054176, 0.00614381, 0.00528367, 0.00508049, 0.00902221, 0.00745401, 0.00711922, 0.00523952, 0.00679051, 0.00552254, 0.0074118, 0.00389119, 0.0079622, 0.00449902, 0.00498432, 0.00528431, 0.00962388, 0.00735794, 0.00497639, 0.00938272, 0.00411643, 0.00602287, 0.0037968, 0.00898574, 0.00706008, 0.00502683, 0.00711097, 0.0040994, 0.00728667, 0.00698759, 0.00538297, 0.00532364, 0.00819298, 0.00823314, 0.00819317, 0.00509432, 0.0040024, 0.00835003, 0.00389609, 0.00914608, 0.00814664, 0.00430714, 0.00509321, 0.00411087, 0.00638667, 0.00577422, 0.00612998, 0.00402344, 0.00565821, 0.00635991, 0.00597757, 0.00501881, 0.00994904, 0.00982538, 0.00640951, 0.00843738, 0.00948199, 0.00387733, 0.00624956, 0.00762048, 0.00486187, 0.00971368, 0.00399736, 0.00485801, 0.00728842, 0.00514615];
GivenLatency = [667.836, 455.109, 590.648, 545.87, 668.873, 560.288, 931.862, 794.59, 973.159, 357.919, 595.731, 499.83, 459.112, 1165.41, 378.21, 460.856, 495.36, 799.311, 1119.16, 508.638, 611.656, 438.408, 1025.47, 463.548, 812.476, 367.87, 660.899, 500.466, 564.534, 612.919, 488.266, 869.619, 387.139, 984.674, 850.81, 804.452, 593.928, 801.193, 477.682, 600.054, 464.848, 519.531, 922.058, 530.795, 508.383, 440.668, 370.243, 485.296, 746.369, 596.892, 648.311, 469.364, 738.288, 541.3, 400.917, 432.602, 374.086, 681.297, 416.959, 632.325, 409.753, 433.808, 895.811, 766.212, 659.068, 933.02, 478.909, 485.123, 677.426, 779.817, 591.468, 786.214, 474.22, 1024.46, 528.217, 816.445, 735.261, 659.344, 504.857, 515.603, 815.561, 446.502, 828.911, 721.478, 1305.01, 516.461, 494.288, 774.782, 549.085, 836.274, 556.589, 529.337, 854.355, 876.458, 480.575, 561.532, 431.799, 684.82, 956.805, 592.732, 1192.72, 372.958, 491.681, 1013.85, 825.346, 863.028, 757.13, 774.305, 791.036, 992.324, 612.541, 599.295, 573.463, 721.644, 475.459, 492.677, 532.541, 512.24, 437.772, 1026.91, 550.923, 509.634, 909.564, 483.061, 1089.21, 813.2, 519.765, 660.529];
HighestPossibleCritFunctionValue = 1.1;
