NumDevices = 64;
NumSlotes = 512;


GivenBandwidthOld = [0.00758688, 0.00771854, 0.0105139, 0.0127979, 0.00850135, 0.0171628, 0.0108677, 0.0090983, 0.010063, 0.0131877, 0.0102727, 0.00873631, 0.0160972, 0.0111403, 0.00952285, 0.0156163, 0.00804685, 0.00834563, 0.0100642, 0.013517, 0.0149389, 0.0137849, 0.00816091, 0.0153501, 0.0147677, 0.0158887, 0.0163035, 0.00793165, 0.0122491, 0.0155033, 0.00974204, 0.00951006, 0.0106009, 0.0140856, 0.0122079, 0.0132598, 0.0126501, 0.0154211, 0.00763474, 0.0120214, 0.00933331, 0.00989895, 0.0166134, 0.0164304, 0.0107848, 0.0157421, 0.0133114, 0.0103905, 0.00825143, 0.0167915, 0.00922931, 0.0120481, 0.00758634, 0.00856889, 0.0123166, 0.00972778, 0.00980512, 0.00964093, 0.0100622, 0.0101784, 0.0128998, 0.0113455, 0.00950194, 0.0141276];
GivenLatency = [125.846, 157.484, 100.996, 82.1896, 144.664, 57.9885, 106.295, 121.362, 110.564, 73.5848, 92.8638, 134.057, 59.015, 89.9254, 115.041, 59.7354, 123.138, 111.135, 118.833, 85.8986, 60.9819, 75.1285, 121.535, 62.7533, 65.4804, 60.1842, 57.25, 126.353, 88.4999, 73.008, 103.097, 106.52, 86.74, 64.9325, 80.1199, 86.1492, 78.54, 60.3955, 157.799, 99.4705, 122.015, 109.456, 68.4252, 55.5747, 98.4462, 64.2077, 70.8283, 89.8847, 114.401, 73.1889, 107.81, 93.326, 146.519, 109.168, 83.8672, 119.615, 119.977, 116.097, 108.176, 102.552, 92.212, 108.4, 129.648, 77.8076];
HighestPossibleCritFunctionValue = 1.1;
