NumDevices = 16;
NumSlotes = 128;


GivenBandwidthOld = [0.0635775, 0.0673308, 0.0495255, 0.0448167, 0.0544765, 0.0557424, 0.0326621, 0.0719181, 0.047361, 0.0667532, 0.0407047, 0.0434124, 0.0520709, 0.0752678, 0.0464903, 0.0331719];
GivenLatency = [28.5586, 26.5443, 35.3864, 35.3536, 31.3549, 31.1024, 45.4363, 22.5123, 35.4546, 23.7586, 42.2228, 38.4165, 30.294, 20.7034, 29.7041, 50.9489];
HighestPossibleCritFunctionValue = 1.1;
