NumDevices = 32;
NumSlotes = 256;


GivenBandwidthOld = [0.0154155, 0.00907822, 0.0101578, 0.0163667, 0.00798881, 0.0128978, 0.00558005, 0.0163546, 0.0159309, 0.00808487, 0.0148288, 0.00962334, 0.00948706, 0.00659482, 0.00910671, 0.0140327, 0.00583651, 0.01419, 0.0105136, 0.0093233, 0.0166981, 0.0150049, 0.00809016, 0.0162488, 0.0143571, 0.00741572, 0.00593368, 0.0098513, 0.0157241, 0.00794809, 0.0160571, 0.0170581];
GivenLatency = [20.9835, 39.5543, 31.9471, 19.4721, 53.2706, 31.4661, 72.4782, 24.5331, 26.2161, 72.9684, 42.4281, 40.7292, 33.6807, 76.0388, 45.5564, 26.3716, 87.0554, 22.3845, 32.7773, 32.8037, 28.6883, 26.1117, 63.8608, 19.8924, 30.9395, 62.4844, 68.1337, 45.0641, 29.7887, 41.2569, 26.2816, 27.3247];
HighestPossibleCritFunctionValue = 1.1;
