NumDevices = 32;
NumSlotes = 256;


GivenBandwidthOld = [0.033283, 0.0173917, 0.0316082, 0.0287171, 0.0188492, 0.0277652, 0.0191763, 0.026022, 0.0220192, 0.0263421, 0.0216043, 0.0338111, 0.0330876, 0.0339269, 0.0189697, 0.0341303, 0.0187472, 0.0335787, 0.0267912, 0.0288934, 0.0212284, 0.0153227, 0.0191421, 0.0307737, 0.0235915, 0.0328738, 0.0206628, 0.0292639, 0.0282456, 0.0334771, 0.0197558, 0.025216];
GivenLatency = [34.7784, 49.8566, 29.2654, 40.3862, 50.7529, 41.8153, 49.7531, 42.1314, 51.4207, 37.6122, 42.0627, 27.7146, 31.5991, 28.9752, 49.0628, 32.0014, 51.4825, 25.4462, 31.3889, 35.4792, 45.246, 57.5861, 56.1985, 33.2189, 36.1479, 27.9232, 45.668, 30.6009, 33.3824, 27.5561, 53.4072, 42.696];
HighestPossibleCritFunctionValue = 1.1;
