NumDevices = 16;
NumSlotes = 128;


GivenBandwidthOld = [0.0662466, 0.0768057, 0.0433871, 0.0768725, 0.0653527, 0.0527211, 0.0530871, 0.0555482, 0.0692176, 0.0595186, 0.0489687, 0.0366212, 0.0617498, 0.0495738, 0.0574228, 0.074366];
GivenLatency = [27.5353, 25.5612, 40.2228, 19.2068, 21.2564, 30.3221, 25.1565, 26.7819, 22.5127, 26.0812, 36.5203, 51.3002, 22.5904, 29.2517, 30.7097, 23.5934];
HighestPossibleCritFunctionValue = 1.1;
