NumDevices = 16;
NumSlotes = 128;


GivenBandwidthOld = [0.0304238, 0.0233872, 0.0343675, 0.0295996, 0.0196978, 0.0257492, 0.0317435, 0.0284062, 0.0123422, 0.0260404, 0.0263153, 0.0218451, 0.0150361, 0.0273622, 0.0161184, 0.0162308];
GivenLatency = [10.9464, 19.9943, 9.17151, 10.5859, 23.7445, 17.5665, 16.9734, 11.4463, 27.5239, 16.8781, 14.6912, 25.3264, 32.9185, 17.2269, 27.6095, 23.8748];
HighestPossibleCritFunctionValue = 1.1;
