NumDevices = 32;
NumSlotes = 256;


GivenBandwidthOld = [0.00745273, 0.0155429, 0.0115066, 0.0107844, 0.0102202, 0.0152363, 0.00871328, 0.0141595, 0.010537, 0.0146581, 0.0165517, 0.0171459, 0.0156494, 0.0142717, 0.00951586, 0.0156208, 0.00931599, 0.00632176, 0.00726976, 0.0153501, 0.00908261, 0.00889957, 0.00750261, 0.0163457, 0.00513705, 0.00836357, 0.011574, 0.00588991, 0.0116918, 0.0109063, 0.0088948, 0.0148491];
GivenLatency = [46.7505, 22.9178, 38.1072, 45.7556, 57.2015, 38.6027, 68.3487, 36.4912, 60.2706, 20.9082, 36.2699, 26.2565, 22.3755, 42.0815, 37.8268, 19.8362, 33.3665, 96.3256, 87.3535, 23.4913, 36.9355, 60.2516, 50.6316, 20.9602, 96.6443, 47.2254, 48.6603, 62.8541, 40.1652, 38.0449, 51.3469, 29.4143];
HighestPossibleCritFunctionValue = 1.1;
