NumDevices = 16;
NumSlotes = 128;


GivenBandwidthOld = [0.0558749, 0.0690973, 0.0582592, 0.06202, 0.0308646, 0.0411509, 0.0437129, 0.0623927, 0.0538211, 0.0313515, 0.0644145, 0.0349328, 0.0557999, 0.0489085, 0.0645958, 0.0424571];
GivenLatency = [18.4213, 15.1334, 16.6032, 13.7429, 33.195, 19.3938, 18.3608, 13.9736, 14.9611, 30.4067, 15.3041, 23.8956, 17.5836, 18.7, 13.5357, 25.2233];
HighestPossibleCritFunctionValue = 1.1;
