NumDevices = 16;
NumSlotes = 128;


GivenBandwidthOld = [0.0143815, 0.0240863, 0.0334952, 0.0187021, 0.0160908, 0.0288745, 0.0337041, 0.030197, 0.0101669, 0.0145794, 0.0263811, 0.0272086, 0.0347748, 0.0245267, 0.0344207, 0.0232205];
GivenLatency = [28.2572, 18.4359, 10.0302, 28.1212, 24.6883, 17.1797, 12.5914, 19.8809, 29.9241, 25.0817, 21.8583, 20.038, 16.0825, 14.2844, 10.724, 22.0704];
HighestPossibleCritFunctionValue = 1.1;
