NumDevices = 128;
NumSlotes = 1024;


GivenBandwidthOld = [0.00813888, 0.00760968, 0.00842484, 0.0038662, 0.00671256, 0.00553272, 0.0058844, 0.00667943, 0.00864984, 0.00534579, 0.00421629, 0.00569437, 0.00772557, 0.00619046, 0.00561146, 0.00424487, 0.00601504, 0.00735558, 0.00780672, 0.00507962, 0.00575222, 0.00499949, 0.00401114, 0.00770251, 0.00863179, 0.00695772, 0.0059319, 0.00494225, 0.00686583, 0.00648343, 0.00450253, 0.00651878, 0.00870103, 0.00568131, 0.00822605, 0.00765353, 0.00540438, 0.00384742, 0.0061595, 0.00517195, 0.00744368, 0.00840063, 0.00685966, 0.007836, 0.00722055, 0.00821904, 0.00488992, 0.00736005, 0.0078962, 0.00386494, 0.00556759, 0.00699822, 0.00664911, 0.004099, 0.00443849, 0.00517454, 0.00595399, 0.00615692, 0.00686814, 0.00531193, 0.00503858, 0.00586747, 0.00708153, 0.00681025, 0.00729962, 0.00728528, 0.00619229, 0.00634792, 0.00694255, 0.00601887, 0.00672544, 0.00691437, 0.00739729, 0.00383825, 0.00700773, 0.0063893, 0.00743928, 0.0044232, 0.00827866, 0.00698086, 0.00481906, 0.00647783, 0.00540421, 0.00612287, 0.004567, 0.00506916, 0.0048665, 0.0038061, 0.00669292, 0.00542898, 0.00744099, 0.00815776, 0.00492552, 0.00569933, 0.00607167, 0.00405383, 0.00515161, 0.00566652, 0.00476931, 0.00521967, 0.00450741, 0.00860112, 0.00650005, 0.00385206, 0.00411765, 0.00781813, 0.00683385, 0.00401871, 0.00500083, 0.00653265, 0.00676087, 0.00750918, 0.0042166, 0.0059088, 0.00674999, 0.00457046, 0.0081416, 0.0084083, 0.00585732, 0.00653681, 0.00660731, 0.00649946, 0.00391453, 0.00401115, 0.00796027, 0.00582884, 0.00781901, 0.00657399];
GivenLatency = [131.924, 128.325, 133.325, 257.86, 188.058, 181.206, 185.922, 175.836, 133.214, 237.975, 289.961, 186.27, 159.663, 180.476, 196.496, 229.768, 167.38, 150.978, 141.506, 254.45, 195.656, 206.516, 251.113, 133.326, 115.335, 167.077, 194.022, 207.285, 184.933, 193.994, 283.009, 158.688, 126.193, 180.454, 138.411, 160.792, 183.201, 263.812, 160.123, 192.172, 169.993, 134.095, 187.169, 156.572, 132.84, 139.211, 199.077, 150.665, 129.3, 280.084, 190.739, 148.411, 174.044, 308.338, 247.635, 228.687, 188.956, 180.948, 183.811, 195.262, 255.631, 192.438, 158.611, 166.706, 137.639, 176.96, 174.906, 158.097, 174.465, 177.347, 148.359, 158.515, 147.246, 331.76, 181.066, 153.675, 133.245, 223.959, 139.876, 158.792, 251.426, 196.717, 234.563, 160.201, 266.816, 245.614, 226.756, 303.484, 174.867, 184.674, 143.41, 119.878, 196.853, 186.943, 178.638, 294.922, 229.291, 228.047, 246.843, 213.261, 276.243, 147.428, 177.021, 319.194, 288.779, 137.689, 148.315, 271.929, 231.522, 161.402, 143.171, 138.411, 307.355, 183.738, 176.883, 232.33, 145.489, 130.314, 204.999, 171.666, 193.232, 199.456, 269.241, 313.712, 147.629, 190.265, 124.128, 169.048];
HighestPossibleCritFunctionValue = 1.1;
