NumDevices = 32;
NumSlotes = 256;


GivenBandwidthOld = [0.0274252, 0.0200794, 0.0347389, 0.0162066, 0.0192814, 0.0232485, 0.0221753, 0.0349657, 0.0283244, 0.0336836, 0.0305672, 0.0273271, 0.0223555, 0.0396659, 0.0252588, 0.034622, 0.0261966, 0.0217776, 0.0263954, 0.038045, 0.0328104, 0.0301896, 0.030793, 0.0234039, 0.0336187, 0.0394261, 0.019634, 0.0239628, 0.0283159, 0.0395313, 0.0373549, 0.0340187];
GivenLatency = [63.0359, 93.6506, 51.5529, 120.055, 103.314, 94.1005, 86.8771, 47.6784, 66.3267, 66.6576, 63.8925, 77.2144, 108.157, 54.1923, 78.2021, 68.412, 80.1796, 97.5086, 69.519, 64.3862, 51.7655, 65.9835, 54.8347, 94.8416, 61.7977, 43.3222, 125.913, 90.4566, 64.6497, 51.4382, 44.8451, 57.2126];
HighestPossibleCritFunctionValue = 1.1;
