NumDevices = 16;
NumSlotes = 128;


GivenBandwidthOld = [0.0306279, 0.0287729, 0.0267108, 0.0178775, 0.0323338, 0.0245384, 0.031402, 0.0129449, 0.0299737, 0.0328032, 0.0129013, 0.0218072, 0.0293477, 0.0119234, 0.0110988, 0.0273142];
GivenLatency = [9.97922, 16.0061, 11.3953, 20.604, 12.553, 18.8352, 13.9977, 33.9008, 18.9132, 17.3963, 47.7381, 13.9607, 11.7146, 42.1602, 38.9627, 22.6826];
HighestPossibleCritFunctionValue = 1.1;
