NumDevices = 128;
NumSlotes = 1024;


GivenBandwidthOld = [0.00564031, 0.00414245, 0.00460125, 0.00574229, 0.00816529, 0.00653125, 0.00816363, 0.00858183, 0.00738768, 0.00718929, 0.0079163, 0.00682255, 0.00415448, 0.0067948, 0.00766057, 0.00865972, 0.00641098, 0.00679312, 0.00445429, 0.00581356, 0.00605176, 0.00442442, 0.00866682, 0.00581124, 0.0070197, 0.0075905, 0.00602371, 0.00794081, 0.00861492, 0.00838848, 0.00776149, 0.0048816, 0.00761491, 0.0062432, 0.00702553, 0.00558001, 0.00569251, 0.00648498, 0.00548615, 0.0082908, 0.00592677, 0.00870579, 0.00578193, 0.00434173, 0.00400065, 0.00649607, 0.00701984, 0.0049334, 0.00817597, 0.00595006, 0.00511841, 0.00758868, 0.00538351, 0.00815791, 0.00755655, 0.00541525, 0.00669086, 0.00576193, 0.00817765, 0.00427099, 0.00499316, 0.00756586, 0.00697665, 0.00398541, 0.00531095, 0.00865094, 0.00389288, 0.00509739, 0.00429901, 0.00598121, 0.00864503, 0.0044704, 0.00651727, 0.00819837, 0.00756406, 0.00672538, 0.0059729, 0.00405907, 0.00829602, 0.00869011, 0.00715447, 0.00774396, 0.0051911, 0.00424755, 0.00601972, 0.00593715, 0.00809542, 0.00721174, 0.00514656, 0.00571496, 0.00390177, 0.00458175, 0.00789095, 0.00563961, 0.00744328, 0.00665402, 0.00668246, 0.00460209, 0.00475407, 0.00421354, 0.00440773, 0.00825431, 0.00774999, 0.00658774, 0.00757704, 0.00478486, 0.00655682, 0.00788687, 0.00706919, 0.00437397, 0.00584783, 0.00689762, 0.00576219, 0.00760143, 0.00469036, 0.00834548, 0.00496643, 0.00832992, 0.00847589, 0.00680982, 0.00514351, 0.00439331, 0.00590989, 0.00501329, 0.00589135, 0.00849726, 0.00601015, 0.00517186];
GivenLatency = [198.673, 238.931, 215.032, 174.359, 136.981, 151.321, 144.88, 135.893, 136.808, 141.415, 145.816, 143.382, 251.488, 149.561, 128.197, 138.463, 179.299, 147.416, 217.601, 194.218, 176.126, 267.866, 136.296, 196.296, 136.529, 146.909, 186.009, 140.789, 137.214, 124.423, 138.965, 205.681, 140.908, 157.69, 168.665, 205.438, 179.492, 178.012, 213.579, 128.98, 213.211, 148.896, 211.756, 261.074, 267.112, 188.413, 138.772, 258.305, 149.873, 193.658, 226.624, 143.373, 231.009, 143.304, 146.786, 211.194, 171.636, 196.586, 155.906, 271.81, 217.719, 161.58, 173.142, 280.218, 186.98, 129.655, 310.372, 216.905, 276.066, 184.383, 114.664, 283.715, 186.267, 128.163, 135.885, 148.945, 193.894, 244.734, 116.466, 140.038, 133.968, 149.039, 209.16, 300.262, 200.955, 174.305, 119.892, 159.102, 215.648, 166.65, 257.947, 272.741, 164.308, 179.213, 136.3, 155.598, 142.794, 220.979, 231.752, 256.48, 288.137, 141.163, 156.966, 157.276, 129.472, 222.507, 186.317, 152.436, 164.041, 231.259, 217.487, 146.936, 172.664, 126.234, 231.725, 152.531, 252.165, 141.294, 139.306, 165.074, 251.758, 220.895, 170.656, 217.018, 210.816, 131.303, 206.841, 219.176];
HighestPossibleCritFunctionValue = 1.1;
