NumDevices = 16;
NumSlotes = 128;


GivenBandwidthOld = [0.0369682, 0.0445124, 0.0392891, 0.051478, 0.0604422, 0.0716901, 0.0650944, 0.0616039, 0.0463741, 0.0799621, 0.0437475, 0.0339751, 0.0397268, 0.0588752, 0.0346673, 0.0739883];
GivenLatency = [48.7919, 39.4212, 42.637, 36.5381, 28.7464, 22.0334, 21.7562, 25.8272, 32.4468, 17.4807, 32.7316, 49.7799, 35.6401, 23.6794, 52.3416, 21.5259];
HighestPossibleCritFunctionValue = 1.1;
