NumDevices = 128;
NumSlotes = 1024;


GivenBandwidthOld = [0.00704342, 0.00628499, 0.00937026, 0.00714801, 0.00779111, 0.00390371, 0.00582894, 0.00705252, 0.0092008, 0.00912656, 0.00507091, 0.00434307, 0.00905065, 0.00435198, 0.0088006, 0.00792876, 0.00492561, 0.00601924, 0.00531544, 0.00781442, 0.0081782, 0.00977859, 0.00758989, 0.00951685, 0.00842813, 0.00411541, 0.00763478, 0.00774254, 0.00639626, 0.00448432, 0.00798993, 0.00802174, 0.00513687, 0.00656548, 0.00470929, 0.0078131, 0.00476813, 0.00921413, 0.00820529, 0.00886769, 0.00422417, 0.00439029, 0.00881814, 0.00900416, 0.00409675, 0.00660045, 0.00498885, 0.00629234, 0.00792055, 0.00443097, 0.00509447, 0.00657943, 0.00795522, 0.00583856, 0.00616827, 0.00382874, 0.00834322, 0.00820922, 0.00604052, 0.0067107, 0.00802753, 0.00877654, 0.00984935, 0.00927256, 0.0088416, 0.00955745, 0.00954997, 0.00891249, 0.00714564, 0.00559792, 0.00541514, 0.00842623, 0.00971219, 0.00403364, 0.00834728, 0.00771474, 0.00793692, 0.00448676, 0.00527432, 0.00422664, 0.00842913, 0.0084556, 0.00953197, 0.00635444, 0.00785138, 0.00431824, 0.00419513, 0.00384856, 0.00406977, 0.00937433, 0.00678081, 0.00507079, 0.00846132, 0.0056235, 0.00412982, 0.00610435, 0.00462268, 0.00829874, 0.00444787, 0.00779528, 0.00521028, 0.00910884, 0.00725335, 0.00955919, 0.00763717, 0.00413345, 0.00466843, 0.00848399, 0.00548437, 0.00955468, 0.0067501, 0.00766772, 0.00517016, 0.00987701, 0.00537127, 0.00875381, 0.00906775, 0.00424903, 0.00970223, 0.00544094, 0.00469287, 0.00680357, 0.00631458, 0.00661334, 0.00922967, 0.00690318, 0.00544662, 0.00639004];
GivenLatency = [595.202, 625.946, 393.999, 585.228, 570.188, 1192.13, 828.284, 594.203, 498.197, 544.733, 807.936, 781.809, 441.842, 942.133, 517.592, 427.849, 833.412, 791.247, 671.387, 538.204, 419.915, 367.239, 628.182, 373.611, 575.475, 1037.67, 518.666, 436.199, 561.475, 834.578, 550.358, 619.096, 759.697, 566.17, 871.343, 487.366, 719.527, 420.935, 561.688, 548.028, 1091.74, 972.955, 483.216, 504.685, 1159.29, 686.979, 723.774, 638.172, 549.301, 1123.96, 843.45, 518.494, 552.928, 723.29, 541.951, 950.165, 513.541, 461.29, 604.124, 614.605, 434.746, 474.292, 360.967, 497.607, 474.763, 358.276, 351.624, 438.334, 553.081, 697.115, 758.122, 487.042, 426.875, 858.197, 411.5, 626.704, 588.908, 842.138, 643.241, 1009.75, 457.347, 480.443, 379.175, 615.17, 433.123, 954.964, 983.704, 942.622, 1175.3, 420.986, 587.727, 682.843, 509.306, 632.806, 968.996, 579.733, 985.259, 448.511, 772.854, 547.232, 887.014, 482.329, 529.352, 506.697, 572.002, 1012.37, 729.38, 401.997, 717.43, 450.503, 731.752, 537.866, 924.26, 387.926, 670.723, 387.284, 530.808, 1024.91, 437.059, 614.555, 756.943, 510.514, 544.47, 576.563, 539.328, 530.402, 733.067, 536.555];
HighestPossibleCritFunctionValue = 1.1;
