NumDevices = 32;
NumSlotes = 256;


GivenBandwidthOld = [0.0239697, 0.0187593, 0.0225406, 0.0253303, 0.0371884, 0.0353987, 0.0303734, 0.0199375, 0.0241658, 0.0153311, 0.0298013, 0.0310403, 0.0301326, 0.0231968, 0.0291818, 0.018861, 0.0316696, 0.0310237, 0.0258237, 0.0295945, 0.0292124, 0.0326891, 0.0162666, 0.0272642, 0.0393275, 0.0367775, 0.030204, 0.0240475, 0.0270122, 0.02988, 0.0276365, 0.0212469];
GivenLatency = [77.8151, 131.039, 84.8693, 88.6543, 58.1588, 65.6639, 75.5125, 102.602, 81.023, 162.375, 75.2678, 76.925, 58.9377, 87.2744, 76.4994, 105.92, 59.2445, 57.2936, 93.0546, 65.1087, 69.1474, 67.0072, 151.568, 75.7431, 51.7902, 48.9338, 59.2052, 93.6476, 66.2483, 63.7186, 86.2184, 86.5856];
HighestPossibleCritFunctionValue = 1.1;
