NumDevices = 32;
NumSlotes = 256;


GivenBandwidthOld = [0.02647, 0.0166306, 0.0204112, 0.03543, 0.0322138, 0.0275495, 0.0337051, 0.0170104, 0.0291125, 0.0290491, 0.039046, 0.0313924, 0.0219843, 0.0259461, 0.0362806, 0.0274821, 0.026385, 0.0383796, 0.0316467, 0.0206312, 0.0335413, 0.0389445, 0.0260299, 0.0188515, 0.0223721, 0.0174608, 0.022876, 0.0377418, 0.0365005, 0.0233586, 0.0225004, 0.0237603];
GivenLatency = [79.7045, 138.4, 105.417, 59.6148, 64.7738, 74.5396, 64.8478, 113.058, 84.1722, 69.0111, 47.5278, 76.4229, 82.2313, 72.6339, 64.5679, 85.4734, 94.2607, 47.7413, 69.3705, 88.4659, 57.0924, 50.5908, 85.2568, 92.3759, 90.8332, 130.195, 102.821, 63.8816, 50.2854, 81.2578, 110.432, 104.189];
HighestPossibleCritFunctionValue = 1.1;
