NumDevices = 128;
NumSlotes = 1024;


GivenBandwidthOld = [0.00645001, 0.00781219, 0.00692074, 0.00433465, 0.00500255, 0.00533874, 0.00566311, 0.00746029, 0.00753141, 0.00797735, 0.00778435, 0.0041019, 0.00816742, 0.00732796, 0.0085913, 0.00654081, 0.00388008, 0.0049458, 0.00658028, 0.00731087, 0.00632837, 0.0084536, 0.0071096, 0.00847187, 0.00417852, 0.00595109, 0.00744775, 0.00684763, 0.00557805, 0.00774627, 0.00409281, 0.0053196, 0.0040562, 0.00498963, 0.00826186, 0.0046485, 0.00488069, 0.00728231, 0.00622014, 0.00441684, 0.00639981, 0.00406153, 0.00463784, 0.00561375, 0.0078183, 0.00473458, 0.00652682, 0.00377943, 0.0083243, 0.00394591, 0.0064472, 0.00559793, 0.00693314, 0.00777337, 0.00447194, 0.00743409, 0.00729536, 0.00569838, 0.00517099, 0.00636041, 0.00693062, 0.0053665, 0.0072284, 0.00521999, 0.00490154, 0.00773315, 0.00857824, 0.00698924, 0.00561685, 0.00496333, 0.00615946, 0.0045532, 0.00806615, 0.00524386, 0.00598023, 0.00725821, 0.00630728, 0.00387168, 0.0038454, 0.00718621, 0.00607584, 0.0041907, 0.00550921, 0.00587796, 0.00837805, 0.00742214, 0.0063412, 0.00410423, 0.00733538, 0.00831557, 0.00732084, 0.00387079, 0.00378794, 0.00637409, 0.00677226, 0.00385588, 0.00831047, 0.00654102, 0.00735913, 0.00743876, 0.00581416, 0.00605402, 0.00734842, 0.0073807, 0.00485284, 0.00420446, 0.00680981, 0.00498412, 0.00562626, 0.0080075, 0.00460335, 0.00608656, 0.00439343, 0.00794655, 0.0050919, 0.00706435, 0.00802109, 0.00802835, 0.00492092, 0.00835613, 0.00400719, 0.00635185, 0.00796765, 0.00471103, 0.00579072, 0.00721006, 0.0070124, 0.00498952];
GivenLatency = [168.346, 122.406, 155.872, 224.549, 210.878, 214.984, 229.231, 160.359, 154.757, 136.215, 124.058, 315.987, 151.844, 155.911, 126.103, 166.247, 258.414, 256.435, 153.639, 155.623, 152.512, 116.765, 135.871, 147.389, 280.772, 176.519, 163.792, 169.415, 196.912, 154.521, 260.537, 232.565, 273.24, 211.772, 119.454, 230.769, 248.437, 170.622, 159.314, 251.139, 178.109, 261.499, 208.035, 180.911, 143.381, 269.917, 155.392, 310.693, 121.147, 253.06, 154.433, 209.708, 160.691, 139.447, 225.454, 141.384, 150.799, 212.077, 249.09, 173.192, 184.976, 233.876, 141.697, 184.253, 210.294, 151.228, 124.963, 174.148, 216.288, 206.382, 183.987, 240.074, 153.351, 221.553, 174.127, 174.922, 172.787, 254.87, 314.222, 149.898, 158.601, 230.063, 207.728, 166.862, 134.823, 158.127, 153.178, 290.266, 176.691, 156.093, 133.617, 327.122, 278.885, 192.393, 157.737, 276.761, 143.545, 195.391, 147.348, 160.787, 184.773, 192.247, 143.402, 142.966, 250.388, 286.1, 173.638, 241.348, 189.962, 157.703, 225.034, 164.783, 264.111, 130.285, 238.135, 158.404, 137.112, 138.523, 207.616, 114.008, 240.737, 168.127, 148.03, 254.718, 211.714, 149.188, 139.262, 226.528];
HighestPossibleCritFunctionValue = 1.1;
