NumDevices = 128;
NumSlotes = 1024;


GivenBandwidthOld = [0.00130864, 0.00245712, 0.00174677, 0.00354908, 0.00433075, 0.00433619, 0.00209552, 0.00258728, 0.00184171, 0.00234359, 0.00309408, 0.00407027, 0.00155507, 0.00357801, 0.00309723, 0.00386471, 0.00293688, 0.00265376, 0.00365285, 0.00151943, 0.00147084, 0.00350015, 0.00385163, 0.00191277, 0.00294574, 0.00163029, 0.00216877, 0.00230975, 0.00302031, 0.00170763, 0.00206447, 0.00261335, 0.00260073, 0.00294747, 0.00255249, 0.00162862, 0.00229407, 0.00211072, 0.00171082, 0.00257082, 0.00337622, 0.0021756, 0.00159072, 0.00267205, 0.00161257, 0.00431136, 0.00354131, 0.00197848, 0.00417327, 0.00143908, 0.00415448, 0.00429799, 0.00376222, 0.00219389, 0.00268591, 0.00327077, 0.00180516, 0.00373424, 0.00393913, 0.0037377, 0.00267918, 0.00271334, 0.00180687, 0.00433388, 0.00386184, 0.00160142, 0.00134274, 0.00375686, 0.0027735, 0.00362348, 0.00172812, 0.00261874, 0.00251041, 0.00371299, 0.00297038, 0.00317298, 0.00208463, 0.00389149, 0.00302375, 0.00322553, 0.00401709, 0.00154747, 0.00397136, 0.00157067, 0.00323663, 0.00301177, 0.00193141, 0.00375027, 0.00148068, 0.00331141, 0.00363402, 0.00382626, 0.00357079, 0.00364937, 0.00243336, 0.00250574, 0.00342215, 0.00228714, 0.00426132, 0.00307018, 0.00231429, 0.00133203, 0.00186165, 0.00304402, 0.00341742, 0.00399787, 0.0034007, 0.00423704, 0.00131496, 0.0024727, 0.00432223, 0.00184451, 0.00253214, 0.00336436, 0.00285383, 0.00361573, 0.00271652, 0.002144, 0.00162813, 0.00333289, 0.00211884, 0.00391069, 0.00380765, 0.00322298, 0.00172603, 0.0018338, 0.00378323, 0.0022893];
GivenLatency = [306.446, 129.381, 204.721, 115.125, 111.358, 80.5967, 233.266, 128.037, 245.121, 240.341, 112.571, 135.981, 231.342, 162.867, 178.979, 95.7648, 151.951, 171.251, 86.5431, 272.093, 236.794, 104.27, 117.422, 194.293, 124.571, 297.369, 203.612, 159.529, 205.112, 264.551, 173.596, 189.352, 163.746, 156.785, 241.068, 388.145, 187.996, 227.406, 345.803, 135.254, 96.7122, 226.067, 306.364, 127.168, 391.673, 138.648, 106.218, 184.574, 140.444, 331.42, 113.858, 124.031, 139.94, 203.38, 130.026, 149.825, 227.751, 148.152, 92.9733, 84.1467, 124.778, 202.514, 354.16, 140.244, 129.522, 326.772, 419.077, 158.016, 125.806, 150.807, 266.379, 230.447, 230.337, 100.25, 195.666, 125.973, 277.244, 119.627, 132.696, 100.494, 87.3983, 273.374, 154.071, 223.97, 167.593, 127.057, 164.634, 101.481, 398.301, 101.438, 101.164, 164.625, 94.6438, 90.2042, 252.388, 245.152, 130.051, 237.945, 99.6752, 109.059, 138.758, 473.038, 196.018, 123.974, 143.458, 95.4776, 108.722, 84.5844, 482.723, 233.937, 121.298, 237.366, 178.034, 140.204, 147.346, 94.1576, 119.807, 203.788, 236.883, 195.37, 190.23, 90.9303, 88.3682, 98.7841, 195.941, 268.543, 104.251, 152.033];
HighestPossibleCritFunctionValue = 1.1;
