NumDevices = 16;
NumSlotes = 128;


GivenBandwidthOld = [0.0334845, 0.0338722, 0.0694561, 0.0479201, 0.0528169, 0.0329653, 0.0686006, 0.069733, 0.0630811, 0.0648013, 0.0548399, 0.0335513, 0.0358965, 0.0518381, 0.0626944, 0.04552];
GivenLatency = [31.4861, 23.6627, 14.0713, 22.7646, 18.5067, 28.0907, 12.622, 14.8896, 12.5518, 15.5107, 19.9412, 26.8062, 25.8534, 17.5842, 12.9601, 19.4496];
HighestPossibleCritFunctionValue = 1.1;
