NumDevices = 32;
NumSlotes = 256;


GivenBandwidthOld = [0.0166467, 0.0138381, 0.00936319, 0.0121063, 0.0149564, 0.0172203, 0.0168132, 0.0116481, 0.0146344, 0.00599142, 0.00529956, 0.014725, 0.0149856, 0.00862777, 0.0143873, 0.0155967, 0.0169396, 0.0115715, 0.0152252, 0.00943101, 0.0145479, 0.0133737, 0.017039, 0.00769585, 0.0142078, 0.0100119, 0.0151693, 0.00782706, 0.00695587, 0.0148164, 0.0135474, 0.0106737];
GivenLatency = [22.4939, 41.2389, 47.8338, 27.2402, 40.1606, 24.659, 18.2112, 28.6231, 24.4842, 74.1767, 86.5795, 22.244, 34.3309, 39.8885, 24.3391, 38.1205, 25.9482, 53.7156, 38.2996, 36.0276, 40.7669, 29.3649, 31.2974, 41.4249, 32.7203, 35.6126, 35.0899, 38.9834, 89.4586, 25.3008, 41.2692, 59.8586];
HighestPossibleCritFunctionValue = 1.1;
