NumDevices = 128;
NumSlotes = 1024;


GivenBandwidthOld = [0.00544615, 0.00476285, 0.00794677, 0.00760262, 0.00468789, 0.00429601, 0.00551643, 0.00456788, 0.00610065, 0.00482737, 0.00482701, 0.00512746, 0.00467302, 0.00447962, 0.0040159, 0.00394181, 0.00878686, 0.00826364, 0.00829878, 0.00516667, 0.00746901, 0.00908659, 0.00825689, 0.00734431, 0.00709196, 0.00964114, 0.00986479, 0.0062977, 0.00418466, 0.0090033, 0.0084521, 0.00697361, 0.0079, 0.0090372, 0.00952914, 0.00874752, 0.0095341, 0.00464893, 0.00579078, 0.0094297, 0.00622224, 0.00476641, 0.00533038, 0.00895493, 0.00797826, 0.00563011, 0.00902287, 0.00613755, 0.0063637, 0.0071872, 0.00401308, 0.00659624, 0.0092596, 0.00983956, 0.00719228, 0.00809374, 0.00898981, 0.00672483, 0.0078951, 0.00798281, 0.0070098, 0.00997025, 0.00376832, 0.00537993, 0.0041681, 0.00567623, 0.00919315, 0.00546931, 0.00652063, 0.00720431, 0.00408104, 0.00495432, 0.00730301, 0.00662907, 0.00478115, 0.00936411, 0.00387554, 0.00748455, 0.00790495, 0.00469565, 0.00985961, 0.00670557, 0.00924553, 0.00464271, 0.00758468, 0.00942691, 0.00936357, 0.0072838, 0.0087524, 0.00411975, 0.00568709, 0.00414929, 0.0084243, 0.00839696, 0.00522984, 0.00668682, 0.00671519, 0.00844081, 0.00477342, 0.00439042, 0.00484718, 0.00655806, 0.00511657, 0.00926886, 0.00930838, 0.0047074, 0.00731279, 0.00858652, 0.00995785, 0.00790073, 0.00876018, 0.00988611, 0.00827706, 0.00872732, 0.00762134, 0.00690552, 0.00724116, 0.00467253, 0.00866503, 0.00448611, 0.00676511, 0.0099864, 0.00634, 0.00891471, 0.00709849, 0.00682252, 0.00607183, 0.00804974];
GivenLatency = [731.987, 801.254, 479.913, 553.489, 724.222, 1107.93, 825.083, 991.959, 765.951, 752.289, 957.987, 746.594, 722.74, 930.275, 873.839, 1037.17, 433.605, 466.071, 553.779, 890.112, 517.396, 441.704, 531.538, 490.109, 576.191, 365.708, 503.444, 603.463, 815.712, 493.877, 575.032, 536.957, 586.732, 415.963, 389.087, 467.722, 377.802, 1015.05, 695.656, 450.159, 592.613, 764.653, 863.664, 380.961, 610.036, 745.39, 390.051, 641.532, 751.741, 499.857, 949.869, 530.295, 520.717, 409.518, 636.421, 613.497, 421.062, 704.975, 495.171, 426.415, 582.238, 365.108, 1170.68, 809.718, 932.197, 621.507, 463.742, 612.667, 727.482, 532.062, 968.139, 805.808, 605.306, 700.368, 935.887, 389.175, 882.661, 457.776, 486.632, 753.797, 464.313, 497.403, 484.957, 771.22, 489.043, 481.809, 386.573, 460.457, 528.338, 958.593, 754.891, 942.456, 415.229, 532.334, 715.56, 641.835, 623.107, 398.601, 781.874, 1005.47, 778.801, 761.406, 704.428, 369.015, 492.671, 766.048, 628.107, 400.647, 444.07, 453.814, 461.678, 416.413, 518.128, 531.248, 571.764, 624.643, 477.622, 797.866, 455.761, 1031.2, 512.145, 491.549, 632.771, 495.209, 702.522, 553.698, 818.932, 502.729];
HighestPossibleCritFunctionValue = 1.1;
