NumDevices = 64;
NumSlotes = 512;


GivenBandwidthOld = [0.00365722, 0.00818782, 0.00388053, 0.00505363, 0.00259011, 0.00454895, 0.00797867, 0.00758186, 0.00713434, 0.00442598, 0.00369675, 0.00385391, 0.00771294, 0.00385898, 0.0053972, 0.0081738, 0.00582036, 0.00785532, 0.00303376, 0.0046161, 0.00523585, 0.00264648, 0.00813228, 0.00798278, 0.00791297, 0.00337317, 0.00286847, 0.00779933, 0.00583797, 0.00374989, 0.00316098, 0.00532939, 0.0060004, 0.00253863, 0.00793647, 0.00451779, 0.00307369, 0.00706599, 0.0056288, 0.00695004, 0.00689059, 0.00758943, 0.00309038, 0.0063319, 0.00521865, 0.00737282, 0.0062456, 0.00484945, 0.00844892, 0.00482813, 0.00643944, 0.00636498, 0.0049909, 0.00460856, 0.00356949, 0.00859317, 0.00406988, 0.00625704, 0.00326113, 0.00723709, 0.00633705, 0.00436013, 0.00320168, 0.00815723];
GivenLatency = [85.6948, 66.4827, 85.4861, 83.4585, 179.118, 76.6485, 48.0887, 81.4705, 76.5997, 81.1105, 138.014, 129.531, 58.0249, 117.005, 60.7897, 39.8017, 60.8234, 49.5475, 185.874, 106.339, 78.2358, 121.157, 51.5289, 50.4342, 77.8891, 115.856, 127.661, 40.5203, 102.118, 129.023, 203.517, 62.6835, 79.6669, 181.641, 75.4739, 72.0893, 111.158, 47.7336, 64.2044, 67.183, 65.1182, 63.7988, 181.774, 82.3294, 65.8755, 44.6306, 98.5667, 85.4778, 61.2099, 73.1743, 68.2004, 68.9824, 77.8193, 69.8927, 151.511, 49.2648, 118.669, 103.561, 181.064, 76.502, 59.3817, 108.385, 135.853, 46.9701];
HighestPossibleCritFunctionValue = 1.1;
