NumDevices = 32;
NumSlotes = 256;


GivenBandwidthOld = [0.0251868, 0.024243, 0.022686, 0.0340591, 0.0218254, 0.0303486, 0.019756, 0.0294657, 0.0208137, 0.0260204, 0.0152245, 0.0283091, 0.020999, 0.0208734, 0.0298629, 0.0164982, 0.0151399, 0.0257311, 0.0324003, 0.0215924, 0.0337386, 0.0342253, 0.0150308, 0.0328622, 0.0257499, 0.0280038, 0.0297142, 0.0170556, 0.0235042, 0.0255058, 0.026564, 0.0309482];
GivenLatency = [45.9882, 39.8246, 43.0183, 32.6019, 39.0215, 28.4618, 42.7278, 29.8117, 55.9324, 36.3441, 56.9538, 35.8744, 42.8549, 42.0166, 28.1615, 56.8427, 57.0462, 34.5745, 26.3248, 38.6821, 28.7573, 29.513, 69.8337, 31.9268, 35.0951, 35.6835, 29.0246, 50.2261, 41.6473, 36.001, 32.3281, 30.8305];
HighestPossibleCritFunctionValue = 1.1;
