NumDevices = 16;
NumSlotes = 128;


GivenBandwidthOld = [0.0465268, 0.0357243, 0.0381846, 0.0679159, 0.04257, 0.0545018, 0.0321344, 0.0620899, 0.045499, 0.0415909, 0.0383599, 0.0546666, 0.0423184, 0.0661997, 0.0384376, 0.0407659];
GivenLatency = [19.1165, 28.7822, 24.0572, 14.3186, 20.6739, 16.428, 29.0917, 15.6193, 23.3477, 19.8499, 26.7787, 14.1192, 19.4583, 13.005, 26.6882, 20.6698];
HighestPossibleCritFunctionValue = 1.1;
