NumDevices = 128;
NumSlotes = 1024;


GivenBandwidthOld = [0.00861451, 0.00653368, 0.00407437, 0.00540411, 0.00431036, 0.00673064, 0.00443259, 0.00608245, 0.00524159, 0.00793496, 0.00536632, 0.00416121, 0.00490313, 0.00439775, 0.0054532, 0.00443406, 0.00578932, 0.00859654, 0.00448646, 0.00650153, 0.00873381, 0.00668447, 0.00837056, 0.00650626, 0.00827524, 0.00442519, 0.00671741, 0.00704604, 0.00522854, 0.00856523, 0.0083836, 0.0056684, 0.00621812, 0.00548683, 0.00470767, 0.00430598, 0.00808165, 0.00583487, 0.00420465, 0.00509289, 0.00377087, 0.00450287, 0.00715134, 0.00513178, 0.00727564, 0.00413949, 0.00490662, 0.00814118, 0.00638727, 0.00830758, 0.00800227, 0.00657396, 0.00601078, 0.00562848, 0.00528595, 0.00842277, 0.00402316, 0.00482206, 0.00686028, 0.00820383, 0.00427463, 0.00625751, 0.00747918, 0.00510247, 0.0046991, 0.00527938, 0.00802397, 0.00632593, 0.00736915, 0.00580612, 0.00588906, 0.00489749, 0.00466597, 0.00838871, 0.00660526, 0.00703549, 0.0080568, 0.0080825, 0.00499884, 0.00800519, 0.00571487, 0.00731337, 0.00832995, 0.00401278, 0.00530209, 0.00466861, 0.00779236, 0.00874238, 0.00561347, 0.00815203, 0.00861684, 0.0057436, 0.00510452, 0.00417817, 0.00500504, 0.0072709, 0.00448212, 0.00843357, 0.00550148, 0.00594579, 0.00840766, 0.00498188, 0.00794178, 0.00500764, 0.00586264, 0.00588909, 0.00551542, 0.00523203, 0.00720693, 0.00432642, 0.00667272, 0.00597935, 0.00749017, 0.00476256, 0.00685291, 0.00439247, 0.0067199, 0.00384961, 0.00788168, 0.00494307, 0.005732, 0.00527113, 0.004342, 0.00842377, 0.00573473, 0.0061457, 0.00834871, 0.00424402];
GivenLatency = [123.175, 155.126, 267.607, 182.121, 285.29, 169.277, 249.063, 184.516, 237.193, 130.173, 195.931, 232.93, 199.733, 249.897, 215.292, 275.9, 184.886, 122.281, 249.786, 186.236, 117.408, 147.897, 141.829, 175.556, 148.118, 270.229, 158.626, 144.042, 246.303, 111.767, 126.005, 196.841, 169.806, 218.064, 220.228, 254.716, 156.219, 167.839, 282.593, 248.203, 326.474, 257.166, 153.768, 213.582, 156.056, 273.038, 257.207, 136.301, 191.786, 141.849, 134.506, 158.486, 163.297, 195.183, 227.947, 126.231, 240.947, 223.874, 163.209, 122.341, 235.12, 152.224, 158.677, 241.912, 220.169, 201.233, 122.271, 199.759, 144.014, 172.164, 193.26, 248.558, 262.003, 146.78, 180.666, 158.856, 154.28, 118.016, 252.857, 147.305, 177.013, 174.239, 118.744, 305.154, 238.902, 233.947, 156.676, 130.178, 189.765, 134.664, 148.416, 187.301, 211.796, 301.27, 206.99, 157.806, 213.369, 118.083, 174.426, 172.931, 113.932, 191.417, 139.237, 228.116, 209.407, 169.896, 187.086, 214.102, 147.045, 226.07, 170.647, 198.352, 151.651, 220.797, 151.528, 252.188, 173.305, 299.667, 136.417, 196.318, 184.69, 200.065, 234.411, 133.008, 166.994, 186.995, 117.267, 244.862];
HighestPossibleCritFunctionValue = 1.1;
