NumDevices = 128;
NumSlotes = 1024;


GivenBandwidthOld = [0.00817785, 0.00386724, 0.00545428, 0.00387193, 0.00925036, 0.0046114, 0.00627436, 0.00560586, 0.0076398, 0.00466779, 0.00401197, 0.00660884, 0.00845834, 0.00555249, 0.00446206, 0.00882188, 0.00934085, 0.00669497, 0.00616902, 0.00398398, 0.00494665, 0.00951521, 0.00580384, 0.0038336, 0.00878183, 0.00492096, 0.00909653, 0.00656079, 0.00725434, 0.00741675, 0.00582361, 0.00487715, 0.00399837, 0.00931178, 0.00562776, 0.00698029, 0.00767929, 0.00589091, 0.00474535, 0.00753544, 0.0069128, 0.00471826, 0.00858629, 0.00608859, 0.00851249, 0.00943396, 0.00899401, 0.00856447, 0.00804259, 0.00560114, 0.0096753, 0.00908932, 0.00418844, 0.0037817, 0.00527446, 0.00663506, 0.0054671, 0.00682591, 0.00676038, 0.00548237, 0.00718548, 0.0064168, 0.00583304, 0.00708065, 0.007033, 0.00619801, 0.00993026, 0.00657545, 0.00988011, 0.00743928, 0.00943244, 0.00849325, 0.00484514, 0.00977622, 0.00514317, 0.00627605, 0.00913552, 0.00562737, 0.00663892, 0.00780412, 0.00383856, 0.00460424, 0.00471809, 0.00573608, 0.00874249, 0.00622175, 0.0089056, 0.00390553, 0.00523429, 0.00652545, 0.00704997, 0.00391111, 0.00521211, 0.00867248, 0.00457805, 0.00827601, 0.00987063, 0.00449202, 0.00619737, 0.00548875, 0.00819729, 0.00564452, 0.00747718, 0.009019, 0.0098358, 0.00653299, 0.00867231, 0.00806436, 0.00899457, 0.00549123, 0.00616419, 0.00401666, 0.00427608, 0.00806719, 0.00654138, 0.00593387, 0.00809012, 0.00441469, 0.0063766, 0.00528447, 0.00603783, 0.0053547, 0.00511046, 0.00653794, 0.00434466, 0.00437441, 0.00440207, 0.00680665];
GivenLatency = [454.38, 1028.53, 750.051, 863.505, 390.326, 922.891, 562.107, 791.41, 601.122, 721.759, 856.349, 602.794, 430.849, 872.282, 982.808, 479.237, 382.552, 692.374, 597.092, 1173.83, 934.684, 366.844, 728.989, 1235.57, 412.907, 852.949, 520.53, 703.307, 649.955, 474.163, 742.526, 833.715, 861.866, 398.998, 804.752, 672.141, 514.502, 678.996, 843.62, 599.881, 551.367, 807.416, 469.169, 807.78, 423.083, 387.256, 487.024, 461.892, 538.573, 691.958, 418.666, 462.996, 944.904, 913.122, 778.348, 712.609, 799.383, 659.672, 678.436, 700.073, 583.722, 559.867, 600.349, 563.623, 654.294, 567.77, 475.462, 736.228, 363.437, 483.96, 520.367, 417.697, 781.402, 414.67, 688.162, 695.155, 508.037, 646.84, 736.238, 524.429, 952.747, 950.13, 936.894, 609.852, 492.611, 591.399, 383.286, 1062.72, 882.289, 674.592, 641.112, 1242.1, 691.223, 419.392, 1066.67, 504.043, 422.469, 1007.86, 626.043, 612.279, 559.847, 659.11, 494.911, 410.345, 451.568, 593.693, 413.455, 510.518, 460.666, 750.762, 560.747, 940.7, 802.388, 468.078, 692.873, 722.048, 592.173, 1026.23, 614.151, 713.429, 585.184, 865.958, 683.615, 709.737, 988.532, 1089.91, 790.749, 711.663];
HighestPossibleCritFunctionValue = 1.1;
