NumDevices = 128;
NumSlotes = 1024;


GivenBandwidthOld = [0.00898604, 0.00582757, 0.0089028, 0.00693303, 0.00719897, 0.00811257, 0.00672194, 0.00943642, 0.00674363, 0.00511877, 0.00859873, 0.00887505, 0.00918045, 0.00463579, 0.00378009, 0.00940032, 0.00619003, 0.00701677, 0.00836432, 0.00661691, 0.00666934, 0.0066449, 0.00826012, 0.00530571, 0.00686021, 0.00825172, 0.00789922, 0.00841903, 0.00746554, 0.00713672, 0.00561548, 0.00684394, 0.00985062, 0.00559623, 0.00837707, 0.00834577, 0.00733285, 0.00819774, 0.00697622, 0.00806522, 0.00472981, 0.00891797, 0.00563464, 0.00389708, 0.00694826, 0.00695323, 0.00914318, 0.00947347, 0.00436045, 0.00739382, 0.00785917, 0.0040913, 0.00872455, 0.00478116, 0.00949114, 0.00764827, 0.00940344, 0.0086199, 0.00842388, 0.0075909, 0.0077985, 0.00931847, 0.0054725, 0.00381874, 0.00914501, 0.00889056, 0.00739007, 0.00740097, 0.00936892, 0.00963335, 0.00399273, 0.00837548, 0.00671224, 0.00891291, 0.00800605, 0.00389478, 0.00576795, 0.00692078, 0.00748676, 0.0075599, 0.0055132, 0.00653873, 0.00520843, 0.00925822, 0.00535238, 0.00998972, 0.00602668, 0.00536624, 0.00542982, 0.00516197, 0.00965086, 0.00451476, 0.00700289, 0.00627464, 0.00415543, 0.00526049, 0.00935416, 0.00532193, 0.00444697, 0.00529785, 0.00595741, 0.00999258, 0.00408836, 0.00935112, 0.00424088, 0.00400554, 0.00492601, 0.0065095, 0.00769703, 0.00400803, 0.00913807, 0.00474263, 0.00571513, 0.00676645, 0.00744392, 0.00616252, 0.00727409, 0.00806923, 0.0095113, 0.00886453, 0.00735582, 0.00676838, 0.00868587, 0.00469378, 0.00957971, 0.00870692, 0.00847414, 0.00857249];
GivenLatency = [495.581, 702.032, 448.741, 573.441, 558.149, 551.585, 601.609, 423.305, 603.443, 656.465, 463.634, 541.274, 413.347, 832.201, 1299.17, 443.567, 592.574, 712.516, 406.321, 563.121, 523.218, 688.339, 575.112, 766.857, 520.634, 462.329, 433.819, 522.845, 500.921, 511.312, 860.455, 548.988, 435.807, 882.303, 400.564, 545.959, 625.211, 424.452, 653.947, 460.004, 852.281, 548.681, 802.387, 1228.14, 490.127, 696.379, 478.396, 476.881, 956.04, 551.897, 552.594, 917.619, 398.93, 916.062, 416.332, 508.062, 437.02, 387.222, 528.693, 498.907, 433.362, 498.436, 697.363, 922.33, 514.501, 413.123, 542.638, 572.714, 375.342, 499.33, 1138.15, 492.179, 585.829, 413.392, 594.143, 1245.06, 841.824, 546.604, 520.273, 546.946, 866.176, 512.088, 641.025, 434.389, 866.311, 362.995, 650.221, 729.407, 648.95, 837.299, 488.884, 743.811, 515.398, 750.529, 818.122, 768.268, 449.37, 733.708, 886.52, 892.092, 648.292, 439.283, 996.255, 370.762, 944.73, 1021.45, 928.965, 542.391, 523.849, 1164.27, 365.918, 895.515, 607.494, 582.904, 651.387, 610.734, 460.853, 423.122, 385.397, 495.206, 487.481, 541.806, 510.52, 968.676, 365.974, 406.785, 438.134, 450.639];
HighestPossibleCritFunctionValue = 1.1;
