NumDevices = 128;
NumSlotes = 1024;


GivenBandwidthOld = [0.00767578, 0.00433445, 0.00654302, 0.00603256, 0.00666452, 0.00804922, 0.00576562, 0.00535342, 0.00741742, 0.00713678, 0.00538067, 0.00535371, 0.00725048, 0.00632478, 0.00811331, 0.00786292, 0.00466644, 0.00628591, 0.00481038, 0.00558586, 0.00397241, 0.00686341, 0.0057658, 0.00837518, 0.00415743, 0.00635168, 0.0051966, 0.00678407, 0.00739232, 0.0052511, 0.00778049, 0.00420522, 0.00459356, 0.00643803, 0.00647164, 0.00630599, 0.00726429, 0.0084007, 0.00801045, 0.00415237, 0.00642712, 0.00813444, 0.00798451, 0.00811881, 0.00533656, 0.00413291, 0.0043111, 0.00424164, 0.00679458, 0.00408235, 0.00458298, 0.00865767, 0.0069528, 0.00827335, 0.00767357, 0.00725323, 0.00747586, 0.00435008, 0.00421922, 0.00486987, 0.00542519, 0.00866746, 0.00657187, 0.00595537, 0.00446009, 0.00826309, 0.00527087, 0.00497938, 0.00597221, 0.00743801, 0.00809592, 0.00557139, 0.00591959, 0.00798381, 0.00645368, 0.00457871, 0.00695623, 0.00587597, 0.00500195, 0.00531695, 0.00455233, 0.00851114, 0.00415773, 0.00653833, 0.00726187, 0.00776517, 0.0067145, 0.00809084, 0.00531766, 0.00637805, 0.0084244, 0.00635562, 0.00647417, 0.00388527, 0.0072853, 0.00660005, 0.00446668, 0.00397984, 0.00669075, 0.00389851, 0.00468798, 0.0084218, 0.00769, 0.00835047, 0.00388918, 0.00789751, 0.00601619, 0.00657319, 0.00818782, 0.00517025, 0.0038579, 0.00728712, 0.00719837, 0.0055224, 0.00754973, 0.00588577, 0.00466442, 0.00737601, 0.00617036, 0.00773598, 0.00614707, 0.00629633, 0.00487726, 0.00463816, 0.0060838, 0.00786688, 0.00618439, 0.00857028];
GivenLatency = [128.384, 286.624, 186.876, 174.439, 150.206, 129.242, 182.585, 189.96, 161.698, 160.314, 202.714, 210.061, 170.517, 162.398, 155.543, 152.019, 230.46, 162.152, 203.595, 229.901, 316.945, 181.782, 187.422, 129.455, 254.101, 158.815, 211.722, 172.66, 140.307, 220.213, 154.005, 284.006, 275.758, 181.587, 184.01, 190.825, 140.22, 122.61, 124.938, 276.235, 166.132, 153.341, 120.17, 135.347, 189.218, 245.083, 221.07, 272.558, 171.193, 248.906, 246.348, 112.071, 154.713, 141.68, 162.433, 142.548, 140.152, 221.689, 227.972, 216.869, 238.132, 112.7, 150.478, 198.682, 232.574, 149.392, 231.212, 215.483, 181.637, 134.297, 131.876, 180.886, 169.756, 160.271, 156.259, 214.518, 151.74, 181.046, 203.5, 214.825, 268.378, 139.14, 298.41, 180.457, 170.243, 133.222, 163.27, 149.719, 183.915, 184.886, 136.807, 173.94, 159.161, 266.865, 134.645, 167.381, 240.789, 264.614, 190.821, 298.336, 263.968, 122.277, 159.998, 137.247, 313.279, 146.465, 169.435, 180.156, 121.779, 230.997, 261.366, 171.573, 165.937, 175.124, 151.973, 178.805, 224.308, 149, 182.383, 128.675, 186.097, 173.729, 219.46, 211.922, 192.395, 131.587, 207.404, 117.56];
HighestPossibleCritFunctionValue = 1.1;
