NumDevices = 16;
NumSlotes = 128;


GivenBandwidthOld = [0.031635, 0.0302962, 0.0477906, 0.0368401, 0.0323135, 0.032799, 0.0330982, 0.0608786, 0.0469252, 0.0524495, 0.0587552, 0.0379949, 0.0400219, 0.0678469, 0.0436344, 0.0630803];
GivenLatency = [28.4546, 26.0019, 20.0913, 24.1078, 34.3123, 27.7191, 32.5709, 16.4856, 22.8357, 17.7682, 15.0979, 24.2117, 24.2831, 13.1521, 18.7513, 13.4919];
HighestPossibleCritFunctionValue = 1.1;
