NumDevices = 64;
NumSlotes = 512;


GivenBandwidthOld = [0.00332481, 0.00254973, 0.00712037, 0.00711382, 0.00322254, 0.00252623, 0.00576644, 0.00784487, 0.00873605, 0.00546093, 0.00437248, 0.00457552, 0.00457654, 0.00298268, 0.00864596, 0.00385021, 0.00793783, 0.00866917, 0.00648302, 0.0076922, 0.00529514, 0.00545077, 0.00865613, 0.00616331, 0.00304617, 0.00698785, 0.00479526, 0.00396131, 0.00644449, 0.00381464, 0.00396052, 0.0057622, 0.0052133, 0.00485862, 0.00627905, 0.00454676, 0.00857162, 0.00447376, 0.0067538, 0.00866605, 0.00408631, 0.00742647, 0.00794611, 0.00404912, 0.00735818, 0.00392526, 0.0068391, 0.00483779, 0.00628343, 0.0030841, 0.00703279, 0.00389164, 0.00425837, 0.0054055, 0.00399697, 0.00584488, 0.00746228, 0.003508, 0.00652773, 0.00279556, 0.00751269, 0.0070764, 0.00554116, 0.00270315];
GivenLatency = [148.802, 229.561, 56.7547, 65.7237, 157.215, 126.867, 77.6886, 52.9322, 46.5653, 113.583, 75.3319, 88.803, 87.6559, 142.139, 52.3313, 102.273, 43.7012, 37.9085, 77.43, 45.6623, 62.7268, 102.172, 37.4053, 53.9561, 164.306, 47.3081, 124.485, 87.8583, 66.0533, 81.907, 163.63, 80.6428, 68.971, 93.5836, 77.784, 142.261, 53.3352, 114.747, 57.2541, 60.2332, 157.437, 63.4999, 56.9742, 95.469, 42.8838, 147.901, 68.9537, 97.9908, 56.013, 194.383, 85.3964, 107.158, 117.283, 94.302, 97.8494, 78.8285, 56.9051, 101.609, 83.839, 137.44, 82.083, 90.3632, 61.3471, 174.558];
HighestPossibleCritFunctionValue = 1.1;
