NumDevices = 32;
NumSlotes = 256;


GivenBandwidthOld = [0.0133999, 0.00659523, 0.016116, 0.00677581, 0.0134631, 0.0062481, 0.00685141, 0.00917058, 0.0123564, 0.00624537, 0.0109512, 0.0147065, 0.0163177, 0.00921854, 0.00599766, 0.0101335, 0.00846448, 0.00744124, 0.0099455, 0.0115537, 0.0156866, 0.0153096, 0.0164966, 0.0151077, 0.0107212, 0.0104945, 0.0136995, 0.016689, 0.0123199, 0.00580438, 0.0117379, 0.0110009];
GivenLatency = [29.1903, 78.3904, 22.0851, 65.5729, 45.9839, 80.4789, 87.0122, 52.8544, 44.3777, 73.3603, 54.8782, 25.3156, 24.0538, 37.2394, 67.2738, 51.7922, 42.7816, 61.5518, 38.9359, 40.2012, 31.2669, 37.5283, 20.0372, 34.1849, 32.8626, 32.6304, 31.8341, 24.186, 26.2495, 89.4617, 43.6219, 41.4667];
HighestPossibleCritFunctionValue = 1.1;
