NumDevices = 128;
NumSlotes = 1024;


GivenBandwidthOld = [0.00721636, 0.0078736, 0.00405026, 0.00526678, 0.00626143, 0.0084156, 0.00847149, 0.00775609, 0.00406907, 0.00638628, 0.00666962, 0.00379152, 0.00655358, 0.00857507, 0.00874997, 0.00823612, 0.00697883, 0.00570454, 0.00378234, 0.00725319, 0.00688983, 0.0048005, 0.00449269, 0.00614799, 0.00681445, 0.00800359, 0.00387101, 0.00756537, 0.00874522, 0.00845904, 0.0086353, 0.00608144, 0.00828709, 0.00867837, 0.00488868, 0.00662092, 0.00525371, 0.00654363, 0.00628976, 0.00443197, 0.00560646, 0.00533527, 0.00743094, 0.00423223, 0.00857557, 0.00708427, 0.00782671, 0.00608644, 0.00723003, 0.00761346, 0.00689071, 0.00470163, 0.00783749, 0.00723527, 0.00561288, 0.00817677, 0.00449821, 0.00386809, 0.00840587, 0.00504038, 0.00619493, 0.00561441, 0.00387994, 0.00761358, 0.00397711, 0.00570288, 0.00588231, 0.00648068, 0.00836687, 0.00441146, 0.00588722, 0.00401863, 0.00863822, 0.00514605, 0.00709625, 0.00422796, 0.00677673, 0.00401967, 0.00604708, 0.00582892, 0.00424086, 0.00870166, 0.00622812, 0.00854935, 0.00638572, 0.00732216, 0.00597656, 0.00555899, 0.00749676, 0.00553613, 0.00823713, 0.00400623, 0.00523563, 0.00772354, 0.00711946, 0.00426607, 0.00725944, 0.00687673, 0.00477492, 0.00464333, 0.00792918, 0.00824839, 0.00819818, 0.00434567, 0.00509845, 0.00717428, 0.00565857, 0.00608881, 0.00719871, 0.00623217, 0.00660076, 0.00652661, 0.00516141, 0.0053779, 0.00393954, 0.00437096, 0.00529558, 0.00538569, 0.00475296, 0.0054963, 0.00389512, 0.00778997, 0.00844049, 0.00677343, 0.00854538, 0.0047625, 0.00585454, 0.00477452];
GivenLatency = [138.034, 140.471, 285.752, 184.123, 196.881, 133.508, 141.509, 160.727, 307.056, 166.477, 164.718, 335.149, 160.324, 126.875, 125.926, 134.462, 181.42, 224.508, 323.887, 138.703, 156.533, 230.238, 253.096, 184.371, 156.606, 158.503, 252.739, 137.083, 122.96, 122.772, 128.296, 196.577, 152.511, 122.016, 208.697, 190.874, 190.049, 175.998, 155.625, 217.004, 180.028, 199.032, 150.785, 305.093, 119.473, 146.043, 163.236, 189.773, 152.105, 143.177, 141.356, 242.912, 153.243, 165.311, 170.596, 130.241, 225.609, 309.605, 124.392, 213.045, 208.985, 179.529, 295.229, 130.276, 257.028, 185.139, 166.126, 196.892, 135.76, 219.417, 202.094, 266.562, 133.017, 207.6, 180.531, 272.428, 179.34, 283.581, 166.958, 181.305, 238.392, 136.232, 161.58, 123.132, 154.268, 140.798, 211.611, 210.46, 141.268, 181.451, 128.524, 309.891, 197.743, 141.186, 157.06, 242.261, 131.968, 157.041, 202.754, 243.224, 121.62, 120.993, 148.435, 222.68, 198.656, 140.75, 208.401, 173.058, 137.225, 168.754, 149.297, 177.201, 234.683, 238.153, 294.246, 255.572, 191.94, 222.618, 248.425, 179.458, 322.707, 164.474, 122.944, 155.812, 117.057, 211.125, 188.164, 263.58];
HighestPossibleCritFunctionValue = 1.1;
