NumDevices = 64;
NumSlotes = 512;


GivenBandwidthOld = [0.0147551, 0.0197743, 0.0141951, 0.0194887, 0.0148097, 0.0123021, 0.0168358, 0.0150136, 0.0136852, 0.0124658, 0.0178397, 0.0111775, 0.0157706, 0.0112962, 0.0109234, 0.00751421, 0.00889464, 0.00969506, 0.0124264, 0.0181881, 0.0178041, 0.0138652, 0.0126548, 0.0197487, 0.00926309, 0.0147309, 0.0120515, 0.0166513, 0.0137885, 0.0103377, 0.0128231, 0.0108539, 0.0144231, 0.0144378, 0.0114337, 0.00918174, 0.0100673, 0.0184732, 0.00946397, 0.0159569, 0.0181701, 0.0152589, 0.0112141, 0.0174289, 0.0195683, 0.0145918, 0.0113841, 0.0131777, 0.00797583, 0.0172424, 0.0101717, 0.0106945, 0.0102537, 0.0145066, 0.0172432, 0.0113203, 0.0152317, 0.0167652, 0.0159379, 0.0108477, 0.00971931, 0.00751404, 0.0184166, 0.00792245];
GivenLatency = [224.507, 161.59, 164.393, 157.449, 193.43, 203.799, 147.8, 171.311, 223.73, 245.508, 179.062, 211.697, 211.341, 221.474, 291.255, 400.628, 271.674, 287.715, 213.331, 129.532, 176.697, 212.826, 196.036, 141.731, 257.599, 158.952, 218.732, 152.553, 216.394, 270.543, 192.092, 210.917, 215.479, 186.379, 281.724, 272.049, 253.681, 177.674, 280.892, 142.69, 169.097, 184.906, 258.406, 161.384, 149.367, 171.495, 239.181, 221.23, 279.615, 152.224, 293.16, 280.808, 283.431, 155.977, 183.957, 224.493, 151.807, 182.516, 170.353, 247.482, 258.663, 350.299, 151.693, 374.709];
HighestPossibleCritFunctionValue = 1.1;
