NumDevices = 32;
NumSlotes = 256;


GivenBandwidthOld = [0.0246788, 0.0266373, 0.022862, 0.0323353, 0.0293822, 0.0166682, 0.0325895, 0.0224862, 0.0158024, 0.0214684, 0.0290608, 0.0155333, 0.0184516, 0.0268603, 0.0317214, 0.0316534, 0.029117, 0.019346, 0.0185827, 0.0297488, 0.0182116, 0.0319159, 0.0200955, 0.0349711, 0.0295169, 0.0197565, 0.0172231, 0.0184386, 0.0269037, 0.0200623, 0.0165395, 0.0289653];
GivenLatency = [36.1071, 35.4205, 45.3778, 30.672, 33.0235, 56.1168, 34.116, 46.6329, 62.4537, 46.8284, 34.938, 74.1537, 55.8, 38.0066, 33.129, 34.417, 32.201, 58.8623, 45.0768, 37.9618, 59.2615, 35.8441, 46.0837, 30.7206, 33.404, 45.8035, 52.4888, 56.3864, 42.4227, 43.7511, 62.86, 31.5932];
HighestPossibleCritFunctionValue = 1.1;
