NumDevices = 128;
NumSlotes = 1024;


GivenBandwidthOld = [0.00943587, 0.00990936, 0.0053594, 0.00924362, 0.00994552, 0.00684537, 0.00885673, 0.00763647, 0.00491703, 0.0055948, 0.00925894, 0.00492094, 0.00869171, 0.0090187, 0.00481905, 0.00873868, 0.00468825, 0.00421324, 0.00811559, 0.0075343, 0.00652117, 0.00999024, 0.00853434, 0.00782906, 0.00431282, 0.00679302, 0.00410973, 0.00597576, 0.0058844, 0.00789991, 0.00758796, 0.00826922, 0.00828198, 0.00399592, 0.00572574, 0.00377345, 0.00419289, 0.0099483, 0.00980446, 0.00482337, 0.00645773, 0.00630156, 0.00662214, 0.0071323, 0.00637928, 0.0066304, 0.00835, 0.00975145, 0.00760311, 0.00674827, 0.00812424, 0.00905527, 0.0068439, 0.0091619, 0.00527088, 0.00885871, 0.00963416, 0.00506596, 0.00853935, 0.00454999, 0.00547014, 0.0078961, 0.00594313, 0.00745182, 0.00775634, 0.00699781, 0.0083575, 0.0045193, 0.00835646, 0.00571465, 0.00495343, 0.0047819, 0.0094744, 0.0074588, 0.00628247, 0.00454657, 0.00423673, 0.00921708, 0.00763747, 0.00926349, 0.00647222, 0.00610509, 0.00454616, 0.00973942, 0.00539125, 0.00703157, 0.00701335, 0.00718423, 0.00403907, 0.00592494, 0.00801059, 0.00520281, 0.00857246, 0.00479031, 0.00698772, 0.00764078, 0.0085813, 0.00963337, 0.00431308, 0.00488157, 0.00958259, 0.00703612, 0.00858503, 0.00991797, 0.0063629, 0.00620222, 0.00568778, 0.0094585, 0.00898261, 0.00440011, 0.00515875, 0.00558792, 0.00610393, 0.00378076, 0.0082599, 0.00796263, 0.00536167, 0.0098483, 0.00412365, 0.00873034, 0.0083031, 0.00895342, 0.00757396, 0.00436402, 0.00484209, 0.00854246, 0.00682065, 0.00590537];
GivenLatency = [518.409, 383.156, 652.681, 394.643, 375.346, 551.92, 482.898, 602.406, 692.843, 675.951, 397.109, 705.444, 570.303, 501.724, 869.635, 475.648, 996.901, 899.703, 424.986, 461.397, 652.198, 465.945, 393.927, 507.688, 840.371, 654.626, 822.543, 663.369, 641.437, 608.549, 634.756, 458.812, 449.731, 969.424, 583.723, 1036.5, 978.358, 459.905, 422.086, 1004.3, 559.843, 678.454, 570.927, 469.125, 767.694, 567.873, 494.857, 382.108, 650.269, 656.89, 496.216, 446.082, 537.704, 471.482, 917.146, 524.644, 470.013, 801.254, 464.842, 752.427, 724.678, 595.427, 605.475, 511.383, 540.783, 647.444, 411.327, 805.048, 534.349, 710.463, 1001.61, 843.161, 365.189, 457.052, 530.872, 737.86, 1002.73, 371.601, 542.257, 488.477, 610.509, 574.374, 879.749, 510.001, 721.341, 565.833, 556.352, 471.815, 954.243, 727.132, 496.155, 907.924, 421.169, 712.662, 570.945, 440.995, 546.302, 460.384, 802.859, 684.599, 426.825, 694.51, 440.121, 458.61, 569.43, 564.404, 741.428, 404.751, 431.621, 853.91, 740.876, 727.784, 694.865, 1320.98, 546.092, 489.065, 713.057, 358.149, 1056.52, 506.909, 444.98, 478.217, 569.781, 853.671, 962.764, 442.631, 617.451, 777.979];
HighestPossibleCritFunctionValue = 1.1;
