NumDevices = 128;
NumSlotes = 1024;


GivenBandwidthOld = [0.00796478, 0.00657776, 0.00497835, 0.00869382, 0.00449006, 0.00689203, 0.00679539, 0.00769804, 0.00850377, 0.0053488, 0.00476031, 0.00409162, 0.00534921, 0.00671295, 0.00700109, 0.00489324, 0.00814414, 0.00610412, 0.004476, 0.0056994, 0.007364, 0.00423109, 0.00448044, 0.00526956, 0.00795938, 0.00585531, 0.00774967, 0.00613749, 0.00531906, 0.0050165, 0.00489819, 0.00644657, 0.00498663, 0.00773846, 0.00785332, 0.00827708, 0.00530292, 0.00867217, 0.00572593, 0.00823327, 0.00412152, 0.00791458, 0.00790975, 0.0067345, 0.00416512, 0.00565121, 0.00730989, 0.00486811, 0.00580833, 0.00810806, 0.00468741, 0.00378014, 0.00536959, 0.00415182, 0.0071524, 0.00796322, 0.00534139, 0.00519347, 0.0041942, 0.00435956, 0.00861821, 0.00382027, 0.00479588, 0.00691909, 0.00661103, 0.00409179, 0.00815974, 0.00824805, 0.00742835, 0.00574211, 0.00518677, 0.00653752, 0.00866813, 0.00780788, 0.0044963, 0.00679695, 0.00391149, 0.00788293, 0.00592483, 0.00604592, 0.00635743, 0.00677392, 0.00677438, 0.00451215, 0.00829254, 0.00516248, 0.00837491, 0.0046872, 0.00525554, 0.0073267, 0.00729497, 0.00406549, 0.00623785, 0.00707182, 0.00865056, 0.00746895, 0.00822319, 0.00467253, 0.00865967, 0.00563272, 0.00667547, 0.00706105, 0.00764444, 0.00767767, 0.00612293, 0.00555019, 0.00450379, 0.0077851, 0.00672893, 0.00557712, 0.00717677, 0.0074209, 0.00553781, 0.0065365, 0.00649438, 0.00852015, 0.00573557, 0.00517322, 0.00378791, 0.00588721, 0.00380646, 0.00764879, 0.00568576, 0.00809118, 0.00590815, 0.00579319, 0.00864012, 0.00702461];
GivenLatency = [148.445, 184.472, 211.491, 138.314, 247.347, 183.292, 146.175, 146.776, 133.759, 241.941, 232.451, 270.336, 209.146, 158.082, 163.851, 202.899, 149.345, 169.882, 213.246, 183.959, 143.48, 226.272, 275.806, 225.775, 157.496, 166.33, 135.589, 168.876, 220.04, 223.732, 256.58, 160.401, 250.378, 126.629, 161.788, 139.523, 201.613, 139.307, 185.983, 141.364, 250.022, 126.884, 124.616, 154.771, 272.929, 199.728, 161.899, 217.77, 201.095, 126.103, 217.519, 254.933, 182.034, 254.954, 175.594, 140.92, 203.148, 195.537, 256.194, 248.465, 136.642, 264.712, 215.926, 150.813, 187.096, 281.318, 125.116, 117.343, 135.177, 225.666, 208.594, 176.691, 110.598, 126.513, 285.66, 184.639, 325.189, 154.265, 166.077, 194.326, 191.938, 176.495, 176.312, 218.435, 118.928, 191.799, 138.31, 203.917, 199.194, 169.977, 156.662, 301.071, 163.407, 146.899, 129.564, 164.738, 119.899, 204.635, 113.537, 183.828, 160.178, 157.352, 154.703, 133.399, 171.556, 218.826, 260.05, 159.465, 173.089, 198.879, 146.977, 163.626, 198.369, 148.601, 176.329, 124.878, 202.453, 197.116, 276.453, 189.257, 266.824, 136.975, 203.963, 132.727, 202.577, 167.548, 127.351, 154.503];
HighestPossibleCritFunctionValue = 1.1;
