NumDevices = 128;
NumSlotes = 1024;


GivenBandwidthOld = [0.00329121, 0.00165156, 0.00332442, 0.00353627, 0.00153946, 0.00366794, 0.00212019, 0.00149077, 0.00405472, 0.00263944, 0.00362117, 0.00357454, 0.00408993, 0.00390967, 0.0022487, 0.0020645, 0.00301162, 0.00247992, 0.00381331, 0.00148608, 0.00344642, 0.00395467, 0.00234363, 0.0036891, 0.00151667, 0.00193596, 0.00201257, 0.00214135, 0.0040461, 0.00152584, 0.00296531, 0.0024099, 0.00196776, 0.00216472, 0.00312801, 0.00246384, 0.00224051, 0.00190862, 0.0018678, 0.00339803, 0.00321341, 0.00339333, 0.00234762, 0.00211533, 0.00415497, 0.00326555, 0.0016646, 0.00378462, 0.00366059, 0.00358728, 0.00271832, 0.00436193, 0.00340198, 0.00398711, 0.00378844, 0.00227473, 0.00193503, 0.0020381, 0.00309413, 0.00186543, 0.00419946, 0.0040125, 0.00245321, 0.00168275, 0.00262897, 0.0025275, 0.00342548, 0.00204655, 0.00131716, 0.00193346, 0.0038584, 0.00319157, 0.0020286, 0.00283996, 0.00188868, 0.00435124, 0.0018605, 0.0024796, 0.00145667, 0.00284715, 0.00400622, 0.0031607, 0.00196575, 0.0026815, 0.00429845, 0.00209536, 0.00293932, 0.0030202, 0.00304414, 0.00217749, 0.00214336, 0.00351261, 0.00397944, 0.00308868, 0.00402972, 0.0043561, 0.00239738, 0.00393769, 0.001457, 0.00224796, 0.00216665, 0.0042322, 0.00426897, 0.0035312, 0.00387071, 0.00371237, 0.00186506, 0.00425983, 0.00301141, 0.00219155, 0.00400123, 0.00366987, 0.00329951, 0.00355866, 0.0029065, 0.0013928, 0.00128122, 0.00404976, 0.00363967, 0.00187903, 0.00146313, 0.0020022, 0.00289646, 0.00141105, 0.00172469, 0.00125023, 0.00191032, 0.00239546];
GivenLatency = [124.584, 326.761, 132.079, 101.648, 353.399, 140.537, 290.003, 334.506, 113.95, 222.074, 153.15, 97.9856, 114.692, 91.5454, 255.201, 210.694, 216.752, 198.113, 149.516, 367.133, 173.105, 105.853, 137.53, 93.5079, 262.547, 245.894, 308.978, 176.441, 136.174, 214.371, 156.885, 228.177, 170.882, 200.357, 115.948, 226.103, 152.422, 283.129, 198.289, 148.745, 123.465, 135.554, 145.918, 171.139, 112.506, 101.465, 201.828, 134.33, 88.6372, 118.058, 126.617, 76.3959, 164.422, 95.8722, 133.928, 271.575, 165.288, 186.395, 102.701, 345.998, 98.1211, 116.704, 164.196, 212.546, 139.553, 129.657, 136.475, 243.057, 336.433, 227.49, 109.477, 148.266, 303.004, 188.148, 251.289, 91.0109, 323.118, 239.367, 221.605, 218.99, 83.4418, 124.831, 242.275, 138.855, 75.0438, 207.265, 202.588, 196.415, 207.468, 288.596, 224.553, 130.131, 86.1548, 165.737, 100.499, 114.88, 148, 111.133, 269.542, 187.565, 205.339, 135.216, 95.959, 158.554, 83.3976, 94.2931, 179.745, 83.6851, 197.601, 164.12, 155.591, 144.017, 167.15, 157.846, 141.849, 227.056, 466.508, 105.519, 98.4512, 216.739, 351.015, 156.329, 128.277, 382.522, 301.268, 345.044, 204.139, 219.141];
HighestPossibleCritFunctionValue = 1.1;
