NumDevices = 64;
NumSlotes = 512;


GivenBandwidthOld = [0.0150717, 0.0158693, 0.00979285, 0.0134868, 0.0171308, 0.0130546, 0.0135343, 0.0155279, 0.0121436, 0.0133032, 0.0116639, 0.00992619, 0.0144287, 0.0079699, 0.0150707, 0.00777071, 0.0173424, 0.00862314, 0.0141143, 0.0134904, 0.0082263, 0.0143824, 0.0106972, 0.0135717, 0.0149951, 0.00753697, 0.00887412, 0.0122974, 0.0167194, 0.0172051, 0.0103483, 0.00896097, 0.0119817, 0.0109639, 0.0148836, 0.0138916, 0.0119322, 0.00919535, 0.0112967, 0.008141, 0.0108067, 0.0125678, 0.0125798, 0.0145323, 0.0100867, 0.0129373, 0.0113929, 0.0157915, 0.012721, 0.0171727, 0.0170019, 0.0161807, 0.0144838, 0.0142766, 0.0114772, 0.0126745, 0.0152175, 0.0151289, 0.0171848, 0.00971795, 0.0145617, 0.0141895, 0.00863912, 0.0126475];
GivenLatency = [72.6823, 73.6794, 99.6249, 89.2658, 54.3118, 91.2447, 70.7357, 76.7157, 100.871, 69.4909, 101.647, 98.6706, 68.825, 132.837, 65.9017, 149.162, 68.2971, 107.816, 67.2845, 73.3677, 138.087, 83.3131, 89.9207, 77.6665, 61.505, 158.584, 134.383, 75.4366, 58.8998, 65.8723, 99.337, 123.713, 76.3975, 103.199, 75.7245, 86.8015, 95.6563, 103.36, 87.7094, 129.784, 86.1068, 87.1199, 83.9819, 69.2125, 103.734, 75.7862, 82.1908, 73.9152, 94.2336, 67.4951, 56.0133, 60.1384, 76.591, 77.6533, 93.0169, 83.5974, 64.2653, 69.1275, 55.8675, 102.711, 64.7783, 86.218, 114.941, 93.914];
HighestPossibleCritFunctionValue = 1.1;
