NumDevices = 32;
NumSlotes = 256;


GivenBandwidthOld = [0.0117318, 0.00815928, 0.0155914, 0.0140439, 0.00538781, 0.010413, 0.00660978, 0.0105407, 0.0144277, 0.00716507, 0.00588632, 0.0138259, 0.0168599, 0.00864897, 0.00831722, 0.00756347, 0.014254, 0.0111434, 0.00648566, 0.0120126, 0.0161923, 0.0141107, 0.0153305, 0.00513405, 0.00793368, 0.0113265, 0.00938088, 0.00943482, 0.0160949, 0.0137188, 0.0162482, 0.0153173];
GivenLatency = [42.5086, 55.2766, 20.2351, 25.7595, 93.4181, 37.1553, 65.2834, 40.7992, 36.1572, 49.0721, 65.5028, 31.0143, 25.0693, 55.5541, 65.1083, 80.6573, 44.1974, 53.1979, 47.0152, 47.9692, 19.6873, 21.7479, 33.179, 114.366, 53.6612, 30.3275, 66.783, 34.9822, 25.0203, 28.2378, 24.8083, 20.2045];
HighestPossibleCritFunctionValue = 1.1;
