NumDevices = 16;
NumSlotes = 128;


GivenBandwidthOld = [0.028385, 0.0309656, 0.0285306, 0.0296172, 0.0160941, 0.0340929, 0.013703, 0.0218773, 0.0317739, 0.0138654, 0.0264983, 0.0219699, 0.0138698, 0.0243708, 0.015046, 0.0183655];
GivenLatency = [10.7132, 16.3322, 11.7403, 13.2091, 22.5335, 17.8394, 38.1498, 18.7711, 12.0982, 22.7911, 13.1945, 24.5122, 26.9615, 15.2411, 31.1597, 26.9226];
HighestPossibleCritFunctionValue = 1.1;
