NumDevices = 8;
NumSlotes = 64;


GivenBandwidthOld = [0.0879254, 0.122443, 0.0934615, 0.126961, 0.115554, 0.0809475, 0.125042, 0.108964];
GivenLatency = [9.20382, 8.36505, 8.9064, 7.53675, 6.75226, 11.614, 8.2644, 8.60718];
HighestPossibleCritFunctionValue = 1.1;
