NumDevices = 128;
NumSlotes = 1024;


GivenBandwidthOld = [0.0013781, 0.00423502, 0.00179645, 0.00423992, 0.002896, 0.00306788, 0.00432147, 0.00154661, 0.00199147, 0.0037901, 0.00213357, 0.00139504, 0.00137181, 0.00158943, 0.00295004, 0.00186985, 0.00350716, 0.00302758, 0.00204745, 0.00406812, 0.00281355, 0.00173957, 0.00125427, 0.00431538, 0.00227039, 0.00409313, 0.00131757, 0.00254293, 0.00347493, 0.00194874, 0.00130329, 0.00313999, 0.00378604, 0.00252415, 0.0033345, 0.00418509, 0.00326215, 0.00376486, 0.00285687, 0.00168184, 0.00290809, 0.00321567, 0.00396852, 0.00391772, 0.00318774, 0.00318865, 0.00296597, 0.00411909, 0.00337944, 0.00327235, 0.00336047, 0.00322341, 0.00280014, 0.00130939, 0.00250888, 0.002924, 0.00183595, 0.00237935, 0.00415227, 0.00154882, 0.00171366, 0.00334946, 0.00243466, 0.00248918, 0.00318804, 0.00204536, 0.00324774, 0.00221683, 0.00384052, 0.00264476, 0.00235455, 0.00296049, 0.0026529, 0.0015892, 0.00212348, 0.00365456, 0.00226872, 0.00414269, 0.00307939, 0.00401569, 0.00296481, 0.00332257, 0.00362616, 0.0030763, 0.00212302, 0.00226869, 0.00369255, 0.00322629, 0.00427833, 0.00154082, 0.00150693, 0.00380171, 0.0035258, 0.00366954, 0.00398635, 0.00362146, 0.00211462, 0.00159606, 0.00179958, 0.00369538, 0.00392236, 0.00311311, 0.00209325, 0.00184536, 0.00435567, 0.00139155, 0.00212931, 0.0016378, 0.00333566, 0.00178584, 0.00404555, 0.00170527, 0.00305219, 0.00317286, 0.00305354, 0.00396402, 0.00334128, 0.00253903, 0.00351288, 0.00221938, 0.00299563, 0.00258053, 0.00407022, 0.00388168, 0.0038294, 0.0031593, 0.00331813, 0.00401907];
GivenLatency = [261.728, 148.07, 292.92, 137.158, 136.126, 114.436, 106.875, 272.059, 205.499, 157.499, 163.077, 290.109, 247.719, 396.34, 150.237, 344.203, 117.9, 111.2, 156.555, 151.328, 189.371, 360.06, 264.116, 81.0355, 170.776, 96.9104, 387.117, 155.505, 117.906, 311.381, 362.534, 192.103, 92.4078, 167.272, 101.164, 103.718, 99.4235, 86.0134, 207.62, 388.899, 217.342, 110.08, 113.515, 149.257, 161.096, 114.705, 110.52, 78.882, 183.795, 167.117, 142.169, 121.581, 135.186, 243.294, 185.231, 112.311, 309.499, 154.385, 142.104, 313.283, 252.593, 122.47, 147.965, 245.499, 121.624, 171.876, 171.112, 181.156, 85.537, 214.572, 189.317, 123.428, 138.259, 208.54, 239.187, 118.071, 210.696, 110.68, 140.913, 96.222, 141.255, 115.184, 144.253, 205.332, 203.217, 155.536, 177.338, 174.617, 94.1748, 301.526, 241.065, 162.946, 165.075, 125.274, 156.655, 105.088, 149.19, 225.026, 248.279, 120.285, 139.072, 147.852, 181.755, 201.325, 99.6649, 461.656, 219.973, 297.425, 96.082, 293.631, 86.742, 337.816, 107.631, 112.179, 108.946, 158.781, 170.036, 180.509, 105.404, 276.812, 116.474, 233.108, 102.472, 103.018, 123.284, 163.747, 99.4092, 82.456];
HighestPossibleCritFunctionValue = 1.1;
