NumDevices = 64;
NumSlotes = 512;


GivenBandwidthOld = [0.0189201, 0.0196836, 0.0151003, 0.00779776, 0.0119439, 0.00798531, 0.0141306, 0.0104288, 0.0192189, 0.0167148, 0.0181589, 0.0137633, 0.012716, 0.0100805, 0.0156919, 0.0141612, 0.0117881, 0.0158228, 0.0134315, 0.01053, 0.00785576, 0.0118074, 0.0140293, 0.00841066, 0.0129714, 0.0146851, 0.0170067, 0.011417, 0.015807, 0.011542, 0.015769, 0.00886697, 0.0196489, 0.0186514, 0.016311, 0.0195389, 0.00819211, 0.0147456, 0.00865929, 0.0167693, 0.00859511, 0.0129302, 0.0102185, 0.00970824, 0.00881141, 0.0108224, 0.0102784, 0.0163126, 0.00779746, 0.0194373, 0.0132622, 0.015906, 0.0119394, 0.00801711, 0.0110233, 0.0112179, 0.0190039, 0.0168052, 0.012035, 0.014413, 0.018508, 0.0182562, 0.0125437, 0.0140236];
GivenLatency = [152.847, 148.056, 185.329, 300.719, 237.063, 383.762, 205.62, 278.924, 151.126, 179.034, 165.655, 213.734, 243.561, 237.14, 153.805, 221.429, 208.207, 152.604, 195.744, 267.562, 418.709, 259.445, 200.387, 274.439, 197.306, 171.772, 172.51, 248.098, 142.158, 198.542, 193.733, 257.251, 116.978, 166.257, 181.551, 159.059, 280.945, 175.517, 364.537, 151.841, 325.822, 179.833, 271.569, 247.935, 363.423, 221.692, 229.684, 155.708, 424.685, 115.959, 207.321, 201.197, 189.586, 331.026, 295.721, 292.76, 145.701, 179.153, 244.305, 191.958, 136.105, 171.755, 199.577, 208.339];
HighestPossibleCritFunctionValue = 1.1;
