NumDevices = 64;
NumSlotes = 512;


GivenBandwidthOld = [0.0123285, 0.0101781, 0.00799647, 0.0116059, 0.0152115, 0.0152334, 0.0128031, 0.0160536, 0.00803737, 0.00915423, 0.0101536, 0.0165775, 0.0123821, 0.0103967, 0.0129169, 0.00950893, 0.0116694, 0.0120684, 0.00826983, 0.0161097, 0.0106688, 0.0162869, 0.00953079, 0.00900322, 0.0120854, 0.0138652, 0.00809808, 0.00939135, 0.0154705, 0.00788111, 0.012824, 0.0174048, 0.00816031, 0.0153409, 0.00977508, 0.0146861, 0.0140633, 0.0165841, 0.0131561, 0.00967322, 0.012867, 0.0105437, 0.0125093, 0.00944371, 0.0154155, 0.013369, 0.00803224, 0.0128014, 0.00876048, 0.0123626, 0.014046, 0.015789, 0.0114074, 0.00944281, 0.0102953, 0.00762383, 0.00877397, 0.00909257, 0.0137685, 0.011973, 0.0157292, 0.0163106, 0.0079232, 0.0101556];
GivenLatency = [93.9187, 93.2087, 115.373, 79.0678, 80.5789, 69.3465, 83.6296, 63.1319, 124.21, 111.039, 100.749, 72.5201, 100.392, 106.043, 70.4909, 96.748, 99.7323, 100.034, 137.7, 67.5923, 107.17, 64.7623, 124.331, 120.629, 76.9334, 77.96, 113.601, 108.184, 62.1212, 136.816, 86.9099, 56.7439, 150.497, 79.4359, 121.676, 65.5627, 71.3414, 59.074, 84.6336, 109.275, 79.328, 90.0942, 73.1105, 124.573, 66.6231, 84.8989, 133.436, 93.0449, 104.956, 80.0648, 81.6397, 78.0793, 94.1841, 119.852, 110.272, 120.874, 124.323, 102.8, 71.9833, 83.3218, 64.2379, 68.6378, 139.908, 106.887];
HighestPossibleCritFunctionValue = 1.1;
