NumDevices = 32;
NumSlotes = 256;


GivenBandwidthOld = [0.0361334, 0.0298965, 0.0298232, 0.023378, 0.0246031, 0.0390388, 0.0359088, 0.0286394, 0.0281432, 0.0374259, 0.0272882, 0.0177692, 0.031507, 0.022848, 0.0161643, 0.0336528, 0.03745, 0.0317338, 0.0355084, 0.0244237, 0.0233104, 0.0385222, 0.0282124, 0.0261955, 0.0273669, 0.0396617, 0.0296151, 0.0252195, 0.0242065, 0.0236931, 0.0195228, 0.0303195];
GivenLatency = [68.5535, 79.3666, 73.9247, 76.5864, 84.6016, 61.0234, 46.533, 59.684, 60.3886, 64.2929, 89.2353, 122.762, 57.6142, 74.5646, 129.24, 52.1662, 52.3945, 62.1073, 50.1343, 75.0049, 94.1668, 51.5885, 60.8534, 63.6341, 83.7911, 43.2799, 65.8053, 70.53, 88.4374, 76.8484, 106.416, 73.1905];
HighestPossibleCritFunctionValue = 1.1;
