NumDevices = 64;
NumSlotes = 512;


GivenBandwidthOld = [0.0122771, 0.0156808, 0.0117948, 0.0101826, 0.0134453, 0.0106064, 0.0174233, 0.00844619, 0.0101126, 0.0170559, 0.0141329, 0.0158388, 0.00846664, 0.0138899, 0.0127998, 0.010825, 0.0113817, 0.0164089, 0.0100082, 0.0120302, 0.0165231, 0.00924215, 0.00790344, 0.00818298, 0.0162698, 0.0114531, 0.0171746, 0.00802283, 0.0146193, 0.0119631, 0.00828548, 0.00901012, 0.00806379, 0.0131401, 0.0104753, 0.0135908, 0.015868, 0.00873616, 0.0136985, 0.0161236, 0.0140477, 0.0139374, 0.0102163, 0.00954462, 0.0113597, 0.00826991, 0.0173835, 0.00975924, 0.00860918, 0.00942626, 0.0121988, 0.00988254, 0.010847, 0.0101194, 0.0116744, 0.0160863, 0.0166792, 0.0130327, 0.0153246, 0.015117, 0.0167566, 0.0137785, 0.0109598, 0.0170201];
GivenLatency = [89.0718, 67.3443, 97.9345, 105.056, 78.5824, 106.462, 62.2496, 143.459, 107.225, 67.2774, 78.5577, 62.4336, 111.38, 84.011, 81.8807, 85.7778, 87.9566, 61.8116, 95.0415, 88.4921, 68.3761, 101.719, 144.493, 117.12, 57.4145, 87.4379, 63.6649, 142.568, 75.9952, 89.7006, 123.413, 134.455, 114.051, 94.8185, 96.2626, 90.0825, 78.4969, 114.591, 73.082, 70.4316, 72.0257, 70.2211, 118.344, 100.391, 100.179, 114.922, 52.5604, 118.601, 132.225, 98.7331, 94.8735, 115.312, 85.5425, 112.77, 93.1798, 75.0477, 61.304, 77.2466, 78.6717, 76.5332, 63.3227, 66.2482, 100.833, 70.7223];
HighestPossibleCritFunctionValue = 1.1;
