NumDevices = 64;
NumSlotes = 512;


GivenBandwidthOld = [0.0166251, 0.0135215, 0.0103268, 0.0167907, 0.0166512, 0.0110919, 0.0164928, 0.00900937, 0.015451, 0.00947147, 0.0120502, 0.0122112, 0.00884355, 0.00849066, 0.00753593, 0.0113232, 0.0135459, 0.0115601, 0.0159382, 0.00850772, 0.0142273, 0.012548, 0.00968171, 0.0155217, 0.00768478, 0.0131833, 0.0172043, 0.0082694, 0.00880026, 0.0109516, 0.00869627, 0.0132401, 0.0110418, 0.0151533, 0.0165459, 0.0123958, 0.0105131, 0.00904035, 0.0161158, 0.0139033, 0.0173198, 0.00953768, 0.0148469, 0.0162795, 0.0147188, 0.0143423, 0.015537, 0.0158484, 0.00864738, 0.0114923, 0.0158081, 0.0113451, 0.0118763, 0.0102837, 0.0127593, 0.0104174, 0.0102021, 0.0118048, 0.00822301, 0.00918682, 0.00781561, 0.0119248, 0.0157667, 0.0159398];
GivenLatency = [58.9705, 86.9035, 111.718, 56.9099, 68.6216, 93.7481, 75.425, 121.675, 64.3041, 104.098, 92.5422, 80.5045, 130.644, 127.619, 131.035, 87.7444, 73.5497, 84.4462, 76.705, 118.065, 67.2923, 86.4542, 97.4566, 65.9659, 122.263, 85.7567, 72.4795, 141.653, 104.601, 102.729, 106.653, 89.4583, 83.2295, 78.837, 56.835, 100.81, 98.2801, 105.697, 62.0466, 78.0193, 54.1777, 111.997, 72.1721, 57.6956, 65.3556, 82.3245, 62.394, 77.587, 119.988, 94.8439, 74.7597, 105.267, 81.0061, 106.494, 96.7172, 100.538, 119.707, 82.3749, 122.297, 104.895, 124.695, 86.9089, 69.1201, 66.261];
HighestPossibleCritFunctionValue = 1.1;
