NumDevices = 128;
NumSlotes = 1024;


GivenBandwidthOld = [0.00264117, 0.00145817, 0.00307184, 0.00210507, 0.00369934, 0.00166532, 0.00334146, 0.00234195, 0.00365759, 0.00312921, 0.00393483, 0.00329874, 0.00312957, 0.00371365, 0.00160933, 0.00306313, 0.00256824, 0.0038666, 0.00336409, 0.00144022, 0.00133316, 0.00212011, 0.00332437, 0.00262256, 0.00428875, 0.00160784, 0.00302557, 0.0025807, 0.00375396, 0.00407751, 0.00141193, 0.00409196, 0.00349025, 0.00311556, 0.00263544, 0.00195711, 0.00432575, 0.0016261, 0.00359605, 0.00314283, 0.00158224, 0.00387562, 0.00184628, 0.00413123, 0.00419867, 0.00325346, 0.00145942, 0.00230115, 0.00238297, 0.00241224, 0.00371996, 0.00140999, 0.00265708, 0.00317752, 0.00326375, 0.00252199, 0.00153186, 0.00414885, 0.00342263, 0.00419723, 0.00402796, 0.00287556, 0.0033245, 0.00172243, 0.00385453, 0.00367208, 0.0028501, 0.00352701, 0.0021859, 0.0028328, 0.00342577, 0.00382553, 0.00373416, 0.00249209, 0.00197279, 0.00222764, 0.00429551, 0.00272447, 0.00139882, 0.00248133, 0.00250818, 0.00368291, 0.00363223, 0.00188626, 0.00428264, 0.00205416, 0.00420158, 0.00216323, 0.00295787, 0.00226895, 0.00170147, 0.00155215, 0.00142954, 0.00310136, 0.00136835, 0.00279193, 0.00402982, 0.00300184, 0.003858, 0.00262811, 0.00373263, 0.00187533, 0.0017418, 0.00134863, 0.00265761, 0.00271582, 0.00293433, 0.00350584, 0.00269242, 0.00339115, 0.00318446, 0.00430355, 0.00345028, 0.00331536, 0.00128819, 0.00254782, 0.00429662, 0.00264916, 0.00137855, 0.00248076, 0.00217921, 0.00290728, 0.00199571, 0.00309613, 0.00410518, 0.00381553, 0.0014129, 0.00168288];
GivenLatency = [221.746, 361.087, 208.37, 242.195, 87.3606, 270.597, 183.704, 202.93, 87.8166, 180.131, 165.949, 133.546, 106.308, 123.696, 205.532, 117.893, 134.902, 83.5406, 115.342, 344.426, 343.049, 234.4, 117.191, 144.964, 122.33, 345.804, 115.21, 126.303, 84.5623, 107.025, 404.413, 77.6139, 107.702, 199.423, 192.029, 202.643, 76.7229, 318.874, 132.443, 105.461, 199.807, 130.48, 179.417, 93.8584, 131.293, 119.277, 290.527, 217.267, 184.874, 254.077, 113.236, 339.646, 141.635, 107.239, 111.401, 248.901, 224.963, 83.7325, 126.215, 127.848, 78.602, 116.475, 183.849, 232.617, 111.205, 94.0182, 113.861, 101.9, 216.32, 136.287, 168.916, 85.6712, 105.339, 137.433, 223.775, 244.913, 100.484, 181.154, 293.62, 222.683, 242.119, 117.128, 153.873, 258.198, 78.9787, 312.58, 111.752, 253.149, 189.17, 146.169, 250.068, 342.002, 280.718, 163.686, 314.197, 114.306, 117.982, 160.671, 83.0567, 165.184, 131.078, 174.363, 230.103, 312.91, 193.886, 120.848, 146.898, 106.173, 170.205, 156.271, 120.225, 116.082, 135.057, 128.374, 386.132, 245.163, 82.8001, 206.862, 460.438, 143.916, 300.015, 168.102, 167.562, 101.327, 109.993, 131.118, 268.725, 271.048];
HighestPossibleCritFunctionValue = 1.1;
