NumDevices = 16;
NumSlotes = 128;


GivenBandwidthOld = [0.0338228, 0.0253064, 0.0138501, 0.0189411, 0.0330537, 0.0238822, 0.0280443, 0.0313067, 0.0123986, 0.0229761, 0.0246277, 0.0327033, 0.0339817, 0.0203992, 0.0144758, 0.0343043];
GivenLatency = [14.2268, 23.8804, 23.1692, 26.9675, 11.4875, 23.0391, 14.9928, 17.3437, 26.0151, 14.4289, 15.1078, 16.7585, 9.35403, 27.565, 32.1179, 17.9739];
HighestPossibleCritFunctionValue = 1.1;
