NumDevices = 128;
NumSlotes = 1024;


GivenBandwidthOld = [0.0096998, 0.0083101, 0.00784495, 0.00879322, 0.00881673, 0.0040179, 0.00639387, 0.0080265, 0.00381968, 0.00609656, 0.0049338, 0.00612266, 0.00599502, 0.00447938, 0.00626393, 0.00541596, 0.00972789, 0.00538525, 0.00610173, 0.00425524, 0.00774853, 0.00710652, 0.00428537, 0.0079738, 0.00570153, 0.00932563, 0.00717859, 0.00931506, 0.00441171, 0.00637006, 0.00790924, 0.0080542, 0.00695333, 0.00467681, 0.00568539, 0.00681338, 0.00875888, 0.00676258, 0.00488986, 0.00519259, 0.00555014, 0.00864203, 0.00540925, 0.0095269, 0.0086111, 0.00417626, 0.00532489, 0.00420512, 0.00924253, 0.00416713, 0.00823538, 0.00832181, 0.00473649, 0.00869365, 0.00415212, 0.00589582, 0.0061105, 0.00792708, 0.00794389, 0.00926085, 0.00579442, 0.00800947, 0.00523125, 0.00538522, 0.00560402, 0.00802402, 0.00597258, 0.00857469, 0.00486887, 0.00853805, 0.00770797, 0.00652255, 0.00817278, 0.00618871, 0.00982647, 0.00598515, 0.00745676, 0.00948405, 0.00712748, 0.00655514, 0.00602924, 0.00475685, 0.00716984, 0.00601404, 0.00539118, 0.00574041, 0.00656676, 0.0074462, 0.00698356, 0.00639995, 0.00396882, 0.00651725, 0.00661579, 0.00661576, 0.00602721, 0.00813555, 0.00536532, 0.0086254, 0.00702914, 0.00379833, 0.00979319, 0.00916648, 0.00732676, 0.00592099, 0.00406476, 0.00645358, 0.00535955, 0.00553684, 0.00397189, 0.00801735, 0.00633367, 0.00868006, 0.00707313, 0.00553686, 0.00434159, 0.00903362, 0.00549007, 0.00541567, 0.0049155, 0.00487143, 0.00786164, 0.00815568, 0.00625404, 0.00797134, 0.00809489, 0.0095523, 0.00433718, 0.00375575];
GivenLatency = [418.458, 559.836, 568.5, 538.655, 384.55, 1134.11, 554.083, 448.537, 959.793, 697.901, 889.433, 599.973, 576.518, 1064.51, 559.991, 626.152, 413.899, 768.901, 652.148, 829.248, 598.117, 512.985, 786.776, 530.168, 632.359, 519.627, 611.619, 375.604, 800.037, 704.316, 428.446, 512.307, 661.888, 864.055, 591.192, 558.848, 538.911, 697.445, 900.115, 867.284, 783.414, 554.259, 833.902, 402.721, 561.875, 807.392, 703.9, 1046.79, 460.099, 839.834, 576.059, 492.183, 964.87, 566.362, 943.079, 752.86, 667.393, 452.499, 530.617, 405.458, 723.735, 492.622, 803.657, 799.508, 615.921, 434.363, 825.712, 570.015, 890.392, 439.03, 615.154, 518.249, 507.158, 596.29, 460.615, 669.243, 516.611, 493.007, 588.058, 750.572, 582.817, 866.833, 663.414, 730.529, 642.763, 673.906, 545.961, 456.069, 501.824, 752.324, 932.721, 712.993, 637.312, 546.683, 745.562, 474.648, 804.063, 421.911, 487.8, 889.793, 360.017, 400.335, 480.425, 620.045, 913.068, 567.995, 734.211, 875.776, 1002.3, 422.478, 558.81, 452.759, 651.805, 782.485, 845.807, 379.602, 674.412, 658.499, 847.151, 702.332, 469.245, 523.042, 582.809, 438.859, 523.911, 376.078, 837.925, 1145.61];
HighestPossibleCritFunctionValue = 1.1;
