NumDevices = 128;
NumSlotes = 1024;


GivenBandwidthOld = [0.00428438, 0.00379894, 0.00754011, 0.00412617, 0.00720751, 0.00793903, 0.00871932, 0.00436076, 0.00624348, 0.00538193, 0.00651924, 0.00890051, 0.00591306, 0.00829695, 0.00567019, 0.00765295, 0.00690794, 0.00431487, 0.00379459, 0.00950654, 0.00383799, 0.00765972, 0.00817014, 0.00554098, 0.00482922, 0.0047782, 0.009789, 0.00752088, 0.00599431, 0.00509211, 0.00430597, 0.00413221, 0.00875876, 0.00479752, 0.00946759, 0.00561378, 0.0096017, 0.00952811, 0.00386305, 0.00375586, 0.0084094, 0.00808556, 0.00896421, 0.00777413, 0.00603056, 0.00809932, 0.00907666, 0.00385766, 0.00694982, 0.00816736, 0.0087819, 0.00616496, 0.00452795, 0.00377676, 0.00969281, 0.00951914, 0.00938627, 0.0076189, 0.00954511, 0.00847549, 0.00631357, 0.0083855, 0.00641163, 0.00658267, 0.00623231, 0.00526233, 0.00900853, 0.00891286, 0.00721299, 0.00625628, 0.00808614, 0.0063296, 0.00901664, 0.00765185, 0.00717343, 0.00382839, 0.0087545, 0.00815871, 0.00710749, 0.00812947, 0.00951945, 0.00838107, 0.00684551, 0.00497925, 0.00749484, 0.00569792, 0.00501573, 0.00806716, 0.00602978, 0.00747308, 0.00886472, 0.00427887, 0.00504825, 0.00469616, 0.00579008, 0.00381673, 0.00660353, 0.00683169, 0.00404323, 0.00702544, 0.0039861, 0.009371, 0.00709956, 0.0061236, 0.00933118, 0.00672258, 0.00765806, 0.00529227, 0.00593484, 0.00561383, 0.00419235, 0.00708077, 0.00906972, 0.00601315, 0.00927029, 0.00828916, 0.00589405, 0.00758053, 0.00845575, 0.00580001, 0.00824355, 0.00816873, 0.00676506, 0.00914418, 0.00747978, 0.00883698, 0.00686117, 0.00565818];
GivenLatency = [1000.79, 984.5, 471.006, 971.421, 667.102, 562.905, 435.355, 902.95, 545.812, 687.026, 555.342, 386.954, 646.681, 406.967, 851.48, 614.582, 483.011, 947.436, 1112.38, 458.366, 1035.48, 479.457, 507.659, 641.202, 950.377, 728.172, 349.687, 455.267, 602.355, 708.094, 970.617, 976.566, 523.297, 697.393, 383.224, 830.592, 485.248, 392, 1037.33, 1171.71, 399.465, 431.05, 394.938, 578.5, 812.613, 509.311, 446.204, 1087.96, 576.608, 450.92, 524.897, 554.133, 795.164, 1252.66, 453.015, 485.278, 461.309, 525.247, 413.662, 560.39, 698.563, 484.454, 705.357, 709.14, 653.518, 896.026, 459.809, 549.94, 619.777, 572.147, 542.435, 561.041, 507.587, 474.83, 483.993, 934.347, 424.038, 483.705, 670.008, 504.234, 495.278, 475.078, 715.874, 861.056, 477.553, 663.915, 814.87, 511.986, 748.374, 611.59, 549.735, 1004.98, 900.766, 868.291, 665.733, 891.992, 731.237, 694.586, 840.252, 640.701, 857.142, 436.723, 556.85, 573.938, 364.044, 589.794, 628.489, 640.876, 685.177, 791.083, 1178.87, 485.011, 475.864, 651.424, 409.351, 485.424, 696.449, 493.852, 456.615, 589.168, 424.385, 500.493, 703.226, 461.159, 637.57, 549.333, 509.818, 811.413];
HighestPossibleCritFunctionValue = 1.1;
