NumDevices = 128;
NumSlotes = 1024;


GivenBandwidthOld = [0.00896799, 0.00869898, 0.00619356, 0.00390786, 0.0068792, 0.00871985, 0.00707733, 0.00744313, 0.0054545, 0.00749226, 0.00616483, 0.00846585, 0.00672569, 0.0099905, 0.00655391, 0.00412516, 0.00910128, 0.00513937, 0.00486651, 0.00642287, 0.00798672, 0.00406039, 0.00800095, 0.00579494, 0.00429658, 0.008855, 0.00973325, 0.0079062, 0.00701962, 0.00626752, 0.00946158, 0.00447263, 0.0053233, 0.00874871, 0.00462694, 0.00490087, 0.00897459, 0.00712964, 0.00537003, 0.00665945, 0.0091497, 0.00656416, 0.00762338, 0.00981918, 0.00849396, 0.00427497, 0.00822091, 0.00878086, 0.00740527, 0.00664509, 0.00535208, 0.00483547, 0.00977785, 0.00759118, 0.00616918, 0.00672859, 0.00860472, 0.00960663, 0.00492198, 0.00739417, 0.00753148, 0.00912981, 0.00971692, 0.00856911, 0.00486928, 0.00930155, 0.00865259, 0.00778696, 0.00925538, 0.00763892, 0.00861431, 0.00817992, 0.00733697, 0.00871693, 0.00798252, 0.00839811, 0.00576837, 0.0077147, 0.00728454, 0.00874001, 0.00834818, 0.00412158, 0.0052001, 0.00683893, 0.00681918, 0.00623739, 0.00925035, 0.00432353, 0.00565009, 0.0072476, 0.00666464, 0.00882284, 0.00666939, 0.00749905, 0.00771547, 0.00768156, 0.00653898, 0.00938609, 0.00455742, 0.00525084, 0.00956358, 0.00634821, 0.00941141, 0.00505192, 0.00390492, 0.00757669, 0.00649078, 0.00551496, 0.0049877, 0.00576365, 0.00963702, 0.00934081, 0.00597451, 0.00979351, 0.00829154, 0.00833544, 0.00871121, 0.00549224, 0.00433265, 0.00879173, 0.0089412, 0.00852362, 0.00904767, 0.00423094, 0.00561311, 0.00449476, 0.00839951, 0.00428494];
GivenLatency = [440.636, 394.515, 738.018, 1213.13, 663.278, 427.28, 550.069, 637.671, 618.791, 505.603, 574.543, 539.466, 560.033, 499.782, 574.734, 1067.02, 418.405, 684.351, 976.546, 620.73, 436.02, 1187.55, 505.612, 783.865, 814.814, 451.994, 464.441, 533.327, 644.722, 581.69, 483.679, 836.138, 709.796, 548.148, 785.772, 826.211, 462.223, 499.795, 868.136, 558.086, 533.226, 576.299, 489.819, 362.464, 441.769, 997.733, 556.881, 382.421, 468.071, 634.35, 821.172, 863.851, 368.436, 511.626, 768.196, 673.161, 503.917, 357.604, 854.945, 560.847, 634.122, 447.891, 432.301, 442.62, 934.469, 372.653, 450.956, 523.428, 373.714, 638.159, 387.966, 513.571, 560.848, 571.472, 422.803, 588.056, 797.051, 545.111, 542.445, 436.408, 556.349, 855.395, 746.72, 622.982, 680.143, 650.311, 373.482, 832.795, 836.742, 596.278, 533.568, 504.551, 685.216, 445.89, 434.869, 623.262, 746.506, 384.341, 848.59, 804.204, 490.014, 710.108, 463.81, 936.198, 923.983, 527.548, 661.487, 692.459, 909.76, 739.077, 499.841, 497.421, 610.543, 381.714, 454.618, 401.175, 444.984, 646.766, 943.444, 385.399, 414.721, 559.118, 442.913, 896.298, 834.909, 1061.47, 399.13, 840.232];
HighestPossibleCritFunctionValue = 1.1;
