NumDevices = 128;
NumSlotes = 1024;


GivenBandwidthOld = [0.00691553, 0.00679429, 0.00406545, 0.00557234, 0.00675601, 0.00575199, 0.00615499, 0.00436116, 0.00547812, 0.00822073, 0.00837152, 0.0077056, 0.00545065, 0.00654528, 0.00410647, 0.00498472, 0.00571077, 0.00839366, 0.00472916, 0.00554105, 0.00596186, 0.0084269, 0.00849123, 0.00461798, 0.00681891, 0.00786555, 0.00385283, 0.00693403, 0.00778462, 0.00855342, 0.00488825, 0.00430115, 0.00690659, 0.00655394, 0.00458087, 0.00821783, 0.00464827, 0.00591707, 0.00562719, 0.00868274, 0.00835078, 0.00409626, 0.00827641, 0.00412718, 0.00797222, 0.00655005, 0.00419089, 0.00381719, 0.00795487, 0.00507958, 0.0050734, 0.00606944, 0.00658352, 0.00668332, 0.00406545, 0.0055327, 0.00551711, 0.00861103, 0.00809207, 0.0058951, 0.00644984, 0.00493975, 0.00492173, 0.0070693, 0.00623113, 0.00410726, 0.00826255, 0.00614524, 0.00560303, 0.00761048, 0.00679768, 0.00616942, 0.00697054, 0.00642663, 0.0049353, 0.00505152, 0.00831512, 0.00469886, 0.00619198, 0.00609873, 0.00389036, 0.00775125, 0.00778871, 0.00726441, 0.00537623, 0.00577893, 0.0040478, 0.00389342, 0.0042405, 0.00766232, 0.00812083, 0.0043684, 0.00713167, 0.0044919, 0.00783604, 0.00787522, 0.00635502, 0.00627512, 0.00844359, 0.00387561, 0.00480088, 0.00584974, 0.00403179, 0.00479346, 0.00615975, 0.00438727, 0.00435406, 0.00620519, 0.00811397, 0.00393391, 0.0047331, 0.00668456, 0.00482075, 0.00480072, 0.00816341, 0.00500139, 0.00582267, 0.00408847, 0.0073607, 0.00380295, 0.00861112, 0.00458855, 0.00723557, 0.0057435, 0.00843148, 0.0053452, 0.00425532, 0.0066322];
GivenLatency = [174.121, 159.016, 318.894, 213.139, 173.72, 197.973, 173.7, 284.944, 211.662, 140.97, 125.315, 142.86, 209.968, 146.011, 312.64, 209.321, 189.357, 115.876, 231.427, 215.091, 180.178, 122.597, 113.388, 231.737, 149.222, 135.477, 307.796, 140.352, 141.964, 142.442, 226.558, 235.712, 146.221, 184.735, 225.123, 147.861, 255.789, 189.824, 175.701, 128.265, 150.195, 306.42, 123.786, 296.748, 139.779, 186.953, 256.351, 314.442, 127.238, 232.01, 221.928, 189.769, 185.863, 166.178, 235.826, 233.924, 191.778, 114.738, 157.339, 169.012, 192.505, 222.357, 199.431, 168.027, 156.187, 298.096, 134.501, 159.538, 183.505, 142.381, 164.923, 199.032, 157.937, 198.932, 208.723, 241.03, 117.846, 231.119, 168.54, 195.164, 319.022, 130.474, 165.228, 155.419, 235.866, 191.067, 299.067, 319.002, 249.297, 166.202, 118.234, 236.099, 145.062, 283.605, 125.948, 145.728, 157.957, 188.3, 133.747, 255.721, 230.93, 200.63, 287.272, 270.573, 189.917, 282.503, 234.435, 155.912, 137.749, 287.853, 249.945, 154.101, 261.802, 263.392, 150.823, 196.748, 169.5, 247.584, 131.835, 272.686, 126.302, 214.628, 168.376, 195.954, 129.15, 242.796, 275.304, 179.764];
HighestPossibleCritFunctionValue = 1.1;
