NumDevices = 16;
NumSlotes = 128;


GivenBandwidthOld = [0.0614561, 0.032839, 0.0654578, 0.0491199, 0.0574645, 0.065131, 0.036393, 0.0365919, 0.0604195, 0.049818, 0.0317975, 0.041118, 0.0504872, 0.0381471, 0.038169, 0.0460162];
GivenLatency = [14.3242, 25.5156, 16.2184, 16.0149, 16.1372, 16.717, 29.7372, 26.5911, 13.3935, 19.1685, 27.6784, 20.9919, 16.558, 23.8462, 24.0984, 17.972];
HighestPossibleCritFunctionValue = 1.1;
