NumDevices = 128;
NumSlotes = 1024;


GivenBandwidthOld = [0.00656131, 0.00847273, 0.00863872, 0.00845691, 0.00773117, 0.00529762, 0.00464507, 0.00721291, 0.00490184, 0.00774211, 0.00407803, 0.0069515, 0.00628779, 0.00632294, 0.0072283, 0.00857802, 0.00827359, 0.00673656, 0.00378056, 0.00742283, 0.00797956, 0.00500285, 0.00534186, 0.00816725, 0.00449658, 0.006508, 0.00742537, 0.0057286, 0.00807849, 0.00762065, 0.00774484, 0.00504543, 0.00599638, 0.00858717, 0.00700778, 0.00732052, 0.008463, 0.00512246, 0.00576461, 0.0082906, 0.00767785, 0.00408149, 0.00512255, 0.00720572, 0.00400122, 0.00606385, 0.00762353, 0.00621781, 0.00525549, 0.00656163, 0.00381849, 0.00486722, 0.00589421, 0.00641053, 0.0042953, 0.0086225, 0.00580279, 0.00505237, 0.00775563, 0.00638714, 0.00612801, 0.00604365, 0.00804778, 0.00653554, 0.00528053, 0.00734215, 0.0069676, 0.00698816, 0.007566, 0.00423569, 0.00671027, 0.00700918, 0.00571827, 0.00449212, 0.00657173, 0.00849226, 0.00688741, 0.00415609, 0.00390135, 0.00747442, 0.00513709, 0.00655639, 0.00579222, 0.00740655, 0.00437138, 0.00720999, 0.00573307, 0.00816499, 0.00642161, 0.00543019, 0.00775711, 0.0061828, 0.00677917, 0.00493753, 0.00756874, 0.00535245, 0.00615384, 0.00503613, 0.00474088, 0.00744706, 0.00529278, 0.00818763, 0.00704858, 0.00803804, 0.00777029, 0.0077135, 0.00831825, 0.00739388, 0.00643493, 0.00428912, 0.0048151, 0.00488842, 0.00717984, 0.00413582, 0.00830355, 0.0052724, 0.0056631, 0.00721618, 0.0048678, 0.00564735, 0.00748674, 0.00709177, 0.0038304, 0.00500638, 0.00480078, 0.00428591, 0.00580865, 0.008516];
GivenLatency = [170.273, 145.335, 114.685, 132.094, 146.553, 219.988, 273.188, 143.796, 206.535, 149.19, 289.279, 146.248, 206.116, 153.703, 174.619, 125.37, 123.126, 181.206, 320.317, 167.346, 122.533, 192.857, 209.17, 139.552, 233.435, 147.387, 156.413, 218.313, 133.05, 125.734, 131.147, 249.807, 208.562, 141.141, 171.474, 142.763, 136.513, 209.873, 198.272, 115.02, 158.032, 288.297, 198.222, 166.413, 321.795, 187.06, 137.771, 197.622, 233.096, 171.6, 321.458, 218.164, 195.181, 172.102, 260.922, 145.879, 192.078, 214.32, 143.246, 166.244, 166.975, 196.916, 157.259, 166.915, 234.126, 145.522, 157.632, 161.809, 126.474, 291.099, 154.815, 138.446, 216.863, 217.907, 148.252, 113.469, 160.321, 272.548, 244.205, 131.321, 191.193, 190.821, 183.428, 169.533, 252.418, 169.854, 171.745, 154.031, 177.666, 199.628, 141.372, 194.444, 149.988, 218.388, 162.938, 209.67, 205.142, 201.767, 244.171, 156.456, 215.265, 137.291, 149.862, 128.397, 155.783, 139.781, 142.442, 156.764, 198.414, 244.89, 217.623, 241.654, 168.656, 286.419, 121.814, 193.078, 197.848, 139.153, 225.571, 195.252, 151.144, 169.831, 256.003, 208.966, 202.933, 287.358, 189.122, 142.364];
HighestPossibleCritFunctionValue = 1.1;
