NumDevices = 128;
NumSlotes = 1024;


GivenBandwidthOld = [0.00520282, 0.00634272, 0.00461898, 0.00867851, 0.00722646, 0.00761592, 0.00834147, 0.00763129, 0.00652741, 0.00863572, 0.00806855, 0.00562052, 0.00666384, 0.00667371, 0.00756362, 0.00435169, 0.00633042, 0.00794871, 0.00648773, 0.00670971, 0.00756748, 0.00418834, 0.00600945, 0.00834582, 0.00576088, 0.00561982, 0.00476631, 0.00490124, 0.0076869, 0.00630089, 0.00656762, 0.00447804, 0.00496783, 0.0067501, 0.00636078, 0.00806833, 0.00690378, 0.00436825, 0.0047062, 0.00461598, 0.00819064, 0.00761284, 0.00646047, 0.00863369, 0.00384658, 0.0069112, 0.00405174, 0.00517436, 0.00790295, 0.00746559, 0.00668933, 0.0051445, 0.00605874, 0.00681827, 0.00720835, 0.00818902, 0.00538877, 0.00660673, 0.0067424, 0.00706943, 0.00841203, 0.00842731, 0.00524163, 0.008591, 0.00652141, 0.00777734, 0.00625044, 0.00861142, 0.00470699, 0.00794902, 0.00662421, 0.00561776, 0.00511847, 0.00856318, 0.0038112, 0.00735461, 0.00637773, 0.00792782, 0.00539394, 0.00852231, 0.00701787, 0.00686296, 0.0082791, 0.00432704, 0.00710621, 0.00663548, 0.00505729, 0.00542643, 0.00451245, 0.00826295, 0.00783867, 0.00698096, 0.00650623, 0.00773651, 0.00502155, 0.00462506, 0.0058642, 0.00719575, 0.00650964, 0.00506744, 0.00601561, 0.00685003, 0.00590134, 0.00634217, 0.00528001, 0.00858205, 0.00606364, 0.004173, 0.00818009, 0.00520302, 0.00459822, 0.00473502, 0.00404636, 0.00462859, 0.00513983, 0.00769941, 0.00654507, 0.00548936, 0.00716517, 0.00759901, 0.00406219, 0.00569505, 0.00417391, 0.00835158, 0.00752071, 0.00807135, 0.00760226, 0.00866375];
GivenLatency = [241.69, 169.613, 206.28, 142.685, 145.229, 158.669, 130.293, 125.165, 194.339, 137.05, 126.66, 183.509, 166.625, 151.382, 131.092, 274.716, 162.403, 141.705, 185.099, 177.497, 143.169, 261.714, 173.338, 118.934, 205.725, 171.698, 236.596, 263.345, 128.276, 187.641, 178.095, 214.859, 237.346, 167.941, 158.963, 160.007, 174.225, 246.91, 240, 252.193, 137.835, 146.124, 158.391, 146.61, 258.229, 143.077, 269.336, 188.974, 146.616, 145.71, 181.533, 186.036, 170.915, 176.876, 166.325, 146.513, 176.93, 185.315, 150.019, 135.964, 126.34, 139.846, 228.855, 130.831, 185.827, 148.943, 167.527, 114.661, 269.892, 144.798, 151.791, 178.784, 195.028, 133.107, 263.313, 174.463, 162.915, 154.449, 180.183, 135.334, 153.039, 166.399, 130.735, 227.382, 151.049, 146.55, 224.726, 227.624, 234.559, 124.309, 129.208, 171.896, 167.625, 131.154, 207.971, 245.042, 167.914, 159.564, 150.833, 245.584, 175.33, 151.227, 208.824, 154.426, 210.318, 148.435, 166.686, 241.637, 135.473, 183.545, 216.164, 267.942, 267.6, 247.207, 249.939, 131.716, 193.382, 228.334, 167.638, 146.513, 268.095, 196.445, 248.688, 146.029, 137.52, 121.334, 143.592, 117.726];
HighestPossibleCritFunctionValue = 1.1;
