NumDevices = 16;
NumSlotes = 128;


GivenBandwidthOld = [0.0571441, 0.0416242, 0.0379691, 0.0463938, 0.0398956, 0.0649286, 0.035525, 0.0482243, 0.0455065, 0.0482601, 0.046938, 0.0663579, 0.0580116, 0.0613158, 0.0353516, 0.0541158];
GivenLatency = [14.1623, 25.2252, 22.2058, 23.1085, 23.6347, 15.5043, 30.0057, 21.7363, 16.9836, 20.6761, 23.1882, 12.4345, 14.6447, 17.4893, 28.6049, 18.7558];
HighestPossibleCritFunctionValue = 1.1;
