NumDevices = 64;
NumSlotes = 512;


GivenBandwidthOld = [0.00663943, 0.00516854, 0.00258101, 0.00777083, 0.00815511, 0.00422258, 0.00395299, 0.00406917, 0.00685939, 0.00826559, 0.00477629, 0.0039065, 0.00410582, 0.00394663, 0.00343166, 0.00467638, 0.00594598, 0.0065305, 0.00569684, 0.00674392, 0.00511334, 0.00614783, 0.00541253, 0.00333177, 0.00703561, 0.00751142, 0.00448066, 0.00398355, 0.00530232, 0.00741645, 0.00834646, 0.00766405, 0.00712724, 0.00373032, 0.005551, 0.00570684, 0.00608203, 0.00566996, 0.00499342, 0.00309337, 0.00645476, 0.00757426, 0.00429055, 0.00258455, 0.00478617, 0.00733238, 0.00781002, 0.00418182, 0.0062973, 0.00503085, 0.00728542, 0.00605829, 0.00670107, 0.00368201, 0.00611357, 0.00450494, 0.00573969, 0.00826403, 0.00352939, 0.0034533, 0.00581704, 0.0081817, 0.00733591, 0.00470115];
GivenLatency = [82.887, 70.8869, 124.218, 56.8287, 57.9239, 142.887, 89.5027, 120.706, 88.0814, 67.1911, 102.487, 106.064, 86.7923, 122.437, 110.79, 84.818, 82.2149, 50.9864, 58.0332, 46.6995, 72.3488, 99.6052, 63.7073, 131.082, 88.3682, 54.2013, 117.72, 120.96, 73.4837, 54.8866, 68.9484, 54.4044, 48.2942, 110.619, 68.0092, 60.1925, 61.6202, 73.7018, 113.148, 166.1, 67.9758, 68.2298, 108.313, 135.416, 76.6843, 50.3428, 43.7157, 85.4551, 75.9908, 77.645, 58.0331, 72.9402, 50.8807, 141.905, 74.7202, 101.642, 106.029, 65.4549, 91.043, 118.773, 57.2465, 51.4402, 56.6725, 137.612];
HighestPossibleCritFunctionValue = 1.1;
