NumDevices = 32;
NumSlotes = 256;


GivenBandwidthOld = [0.0270574, 0.0240311, 0.0199639, 0.0226793, 0.0203742, 0.0196994, 0.0181111, 0.0229777, 0.0165072, 0.0259482, 0.0215706, 0.027811, 0.0302335, 0.0241558, 0.0157161, 0.0299722, 0.0335964, 0.024811, 0.0284358, 0.0309559, 0.0261772, 0.0308095, 0.0244923, 0.0327097, 0.0216956, 0.0277428, 0.0239669, 0.0208442, 0.0183441, 0.0193125, 0.0345385, 0.0181879];
GivenLatency = [31.1574, 40.3703, 42.0672, 41.108, 55.2423, 45.8504, 64.3525, 43.8499, 65.1541, 36.0215, 52.6798, 34.1246, 32.0027, 42.283, 54.3551, 37.0263, 28.2075, 38.5465, 37.1363, 32.1531, 38.8677, 31.3366, 35.6698, 29.0441, 51.0701, 34.6412, 41.6777, 43.7617, 58.1356, 58.1587, 30.3842, 55.719];
HighestPossibleCritFunctionValue = 1.1;
