NumDevices = 32;
NumSlotes = 256;


GivenBandwidthOld = [0.0221953, 0.0220118, 0.0373628, 0.0169063, 0.029891, 0.0381516, 0.0232464, 0.0372333, 0.0397799, 0.0150227, 0.0213721, 0.0363207, 0.0261959, 0.0346098, 0.0213078, 0.0295605, 0.0329841, 0.0236464, 0.0344721, 0.0319629, 0.0356718, 0.0203215, 0.0292214, 0.0336954, 0.0286968, 0.0169336, 0.0372304, 0.0158782, 0.0241726, 0.0287473, 0.0162351, 0.0233472];
GivenLatency = [84.7503, 100.945, 46.3514, 138.799, 60.9091, 44.3634, 90.1305, 62.0264, 50.2453, 121.381, 106.856, 63.4724, 93.2632, 54.2017, 79.432, 59.4565, 63.5437, 89.9735, 56.8926, 59.5106, 59.3908, 87.0615, 77.6787, 53.3955, 76.2416, 136.053, 49.3317, 110.977, 74.0396, 85.438, 118.269, 76.7213];
HighestPossibleCritFunctionValue = 1.1;
