NumDevices = 64;
NumSlotes = 512;


GivenBandwidthOld = [0.0108447, 0.0125595, 0.0120984, 0.0128042, 0.0158986, 0.0131453, 0.0173455, 0.0109471, 0.0131507, 0.00843247, 0.00954829, 0.0130249, 0.0142334, 0.0150579, 0.0129462, 0.0115878, 0.0116992, 0.0137866, 0.0168165, 0.00912302, 0.0156504, 0.0120682, 0.0155942, 0.0172861, 0.0118773, 0.00756634, 0.0123953, 0.0134262, 0.00894243, 0.0103845, 0.0170358, 0.015931, 0.00761528, 0.015006, 0.0107011, 0.00823741, 0.0112311, 0.0167358, 0.0139351, 0.0129072, 0.0157548, 0.0152283, 0.017226, 0.012686, 0.0094221, 0.0122192, 0.0134345, 0.00830252, 0.0153783, 0.00809337, 0.0103321, 0.0167729, 0.0173782, 0.00971882, 0.00924104, 0.00909574, 0.0170935, 0.0160079, 0.0101481, 0.013571, 0.012823, 0.0107612, 0.00858467, 0.00750668];
GivenLatency = [106.045, 74.3054, 84.9456, 86.2037, 65.875, 83.6604, 55.263, 100.303, 71.1501, 134.475, 105.195, 83.9414, 74.4156, 76.3958, 95.761, 79.9666, 79.4933, 68.8684, 60.329, 104.42, 62.8133, 92.6265, 59.487, 55.4073, 86.8048, 134.529, 74.7705, 88.3653, 128.021, 93.9633, 64.6215, 58.0569, 146.184, 72.0751, 114.98, 128.301, 105.018, 72.3611, 74.4601, 71.8208, 74.1518, 68.8104, 59.9273, 88.9902, 119.591, 95.7488, 78.0683, 124.873, 71.9569, 151.844, 109.297, 56.6118, 59.4718, 122.665, 116.299, 122.992, 66.038, 73.0736, 105.106, 83.9414, 83.1441, 100.67, 123.722, 139.713];
HighestPossibleCritFunctionValue = 1.1;
