NumDevices = 128;
NumSlotes = 1024;


GivenBandwidthOld = [0.00433156, 0.00923693, 0.00389118, 0.00782074, 0.0082035, 0.00991813, 0.00893317, 0.00485607, 0.00592065, 0.00464495, 0.00765296, 0.00708389, 0.00519877, 0.00949674, 0.00803481, 0.00611145, 0.00513593, 0.00954192, 0.0047684, 0.00751155, 0.00534287, 0.00639508, 0.0096502, 0.005884, 0.00731637, 0.00619035, 0.00620468, 0.00953585, 0.00911237, 0.00413069, 0.00831083, 0.00770826, 0.00528714, 0.0072942, 0.0086313, 0.00629881, 0.00410314, 0.00769991, 0.0086898, 0.0082161, 0.00924037, 0.00547683, 0.00777234, 0.00722119, 0.00647896, 0.00682277, 0.00403066, 0.00828376, 0.00882999, 0.00820203, 0.00403913, 0.00687922, 0.00907752, 0.00585425, 0.00735636, 0.00951553, 0.00495501, 0.00634964, 0.00840481, 0.00584326, 0.00383624, 0.00951926, 0.0051701, 0.00892948, 0.00525569, 0.00981196, 0.0058696, 0.00903556, 0.00683724, 0.00980806, 0.00914018, 0.00898683, 0.00671403, 0.0077462, 0.00538878, 0.00921743, 0.00734442, 0.00885671, 0.00726814, 0.00816988, 0.00741932, 0.0052871, 0.00656283, 0.003925, 0.00748145, 0.00574831, 0.00810158, 0.00945384, 0.00564671, 0.00683258, 0.0064777, 0.00447121, 0.00645204, 0.00451899, 0.00936117, 0.00451693, 0.00604396, 0.00834693, 0.00804209, 0.00964363, 0.00793666, 0.00642042, 0.00428994, 0.00969639, 0.00714825, 0.00566458, 0.00705372, 0.00441054, 0.00547421, 0.00760922, 0.00937936, 0.00390905, 0.00819787, 0.00909888, 0.0085797, 0.00781079, 0.00968344, 0.00834881, 0.0084839, 0.00383027, 0.00904316, 0.00956525, 0.00946234, 0.00481453, 0.00785298, 0.00624164, 0.0056959, 0.00852238];
GivenLatency = [921.658, 442.585, 956.598, 574.232, 508.32, 395.134, 528.929, 899.572, 773.834, 800.977, 626.616, 526.808, 729.755, 366.322, 452.576, 720.36, 771.034, 479.309, 851.578, 484.572, 733.893, 769.682, 421.89, 711.034, 574.541, 566.749, 677.392, 492.288, 472.48, 840.037, 577.041, 634.389, 660.352, 524.61, 496.912, 687.376, 1017.24, 599.678, 425.473, 430.956, 362.682, 734.255, 631.86, 464.354, 632.435, 578.758, 1229.02, 424.623, 465.42, 510.431, 1229.03, 600.824, 459.995, 706.497, 488.518, 373.207, 698.374, 557.126, 524.898, 633.24, 1235.88, 434.788, 695.635, 452.431, 700.196, 496.293, 831.558, 513.371, 731.02, 429.469, 500.118, 464.502, 727.688, 578.769, 785.382, 396.344, 597.139, 401.841, 678.57, 427.578, 517.491, 695.917, 533.213, 1027.16, 659.979, 618.125, 523.936, 477.31, 834.252, 539.137, 654.471, 1053.59, 654.559, 924.639, 479.35, 806.254, 705.297, 527.509, 618.397, 485.734, 429.995, 767.337, 888.434, 410.375, 531.627, 680.225, 587.23, 907.982, 800.696, 577.217, 378.622, 1144.83, 435.139, 506.481, 501.614, 524.602, 484.749, 598.369, 559.075, 1103.71, 459.56, 410.253, 438.845, 879.246, 577.154, 775.584, 667.631, 413.913];
HighestPossibleCritFunctionValue = 1.1;
