NumDevices = 128;
NumSlotes = 1024;


GivenBandwidthOld = [0.00682325, 0.00587009, 0.0048858, 0.00568608, 0.00596151, 0.00391531, 0.0070812, 0.0099809, 0.00766141, 0.00536263, 0.00727643, 0.00999608, 0.00660451, 0.00457362, 0.00875885, 0.0062005, 0.00801034, 0.00731285, 0.00962097, 0.008465, 0.00503419, 0.00584137, 0.00964571, 0.00545751, 0.00809947, 0.00531529, 0.00540796, 0.00652468, 0.00655962, 0.00627401, 0.00608073, 0.00758382, 0.00752801, 0.00696306, 0.00558455, 0.00585625, 0.00978616, 0.00969458, 0.00800841, 0.00611111, 0.00561511, 0.00683172, 0.00446155, 0.00647021, 0.00984057, 0.00547055, 0.0085084, 0.00949211, 0.00511592, 0.0045417, 0.00980095, 0.00837756, 0.00412088, 0.00591892, 0.0067901, 0.00496008, 0.00409411, 0.00598848, 0.00720487, 0.00725721, 0.00571058, 0.00529812, 0.00433109, 0.00755148, 0.00779512, 0.00874937, 0.00938536, 0.00473734, 0.00425319, 0.00455551, 0.00452679, 0.00929546, 0.00622478, 0.0099462, 0.00571102, 0.00632112, 0.0040755, 0.00560487, 0.00974615, 0.0060133, 0.00553872, 0.00425516, 0.00649167, 0.00795986, 0.00879316, 0.00787918, 0.00911299, 0.0083488, 0.00835725, 0.00663443, 0.00740454, 0.00678281, 0.00737248, 0.0055312, 0.00911228, 0.00886194, 0.00758094, 0.00902296, 0.00761248, 0.00798199, 0.0057327, 0.008247, 0.00991193, 0.00473676, 0.00694151, 0.00599108, 0.00699702, 0.00770788, 0.00508822, 0.00765677, 0.00859581, 0.00984011, 0.00389951, 0.00408038, 0.00642604, 0.0049394, 0.00650197, 0.00603057, 0.00831049, 0.0081306, 0.00978376, 0.00690369, 0.00789338, 0.00407445, 0.00673751, 0.00864659, 0.00704291, 0.00387551];
GivenLatency = [585.872, 766.577, 706.646, 808.582, 657.825, 1201.41, 674.536, 376.811, 490.952, 631.028, 543.432, 379.056, 620.991, 972.437, 495.644, 659.536, 514.763, 486.497, 416.839, 456.547, 692.719, 774.748, 381.857, 750.495, 521.783, 646.457, 650.719, 524.994, 608.557, 576.194, 591.872, 459.105, 549.892, 551.962, 813.423, 655.925, 358.331, 414.526, 511.692, 707.021, 599.909, 518.22, 755.868, 548.115, 411.253, 641.537, 535.472, 387.587, 804.015, 937.267, 356.376, 450.333, 1167.13, 646.133, 559.504, 785.046, 985.384, 656.122, 485.234, 610.247, 768.448, 703.043, 832.028, 489.949, 570.792, 418.415, 365.212, 783.27, 1013.38, 854.21, 883.203, 398.426, 572.481, 420.013, 604.497, 619.251, 883.866, 664.889, 354.134, 639.461, 805.316, 1010.43, 756.102, 489.846, 414.923, 467.026, 376.54, 416.957, 432.16, 668.24, 452.072, 622.502, 619.156, 767.06, 470.576, 502.676, 471.084, 385.906, 627.314, 438.048, 788.257, 564.265, 346.474, 780.067, 487.932, 736.354, 528.298, 588.519, 771.447, 593.442, 468.595, 351.34, 1154.31, 987.862, 537.693, 956.869, 723.361, 606.174, 511.643, 537.719, 405.378, 595.41, 467.182, 965.89, 596.244, 446.931, 568.913, 1185.06];
HighestPossibleCritFunctionValue = 1.1;
