NumDevices = 128;
NumSlotes = 1024;


GivenBandwidthOld = [0.00646374, 0.0072674, 0.00820409, 0.00735248, 0.00685244, 0.00899926, 0.00934905, 0.00690796, 0.00462763, 0.00412345, 0.00538422, 0.00764389, 0.00462045, 0.00832662, 0.00431146, 0.00896047, 0.00741082, 0.00620386, 0.00822266, 0.00692108, 0.00629475, 0.00464393, 0.0093428, 0.00815274, 0.00685478, 0.00460636, 0.00911173, 0.00578462, 0.00581136, 0.00526757, 0.00948495, 0.00972782, 0.00427992, 0.00385549, 0.00792108, 0.00701709, 0.00747362, 0.00540579, 0.00755385, 0.00378898, 0.00894512, 0.00558253, 0.00933728, 0.00908821, 0.00434553, 0.00649685, 0.00760066, 0.0092329, 0.00491036, 0.00596093, 0.00654176, 0.00604612, 0.00719655, 0.00487123, 0.00453509, 0.00509094, 0.00968438, 0.00534933, 0.00871042, 0.00481865, 0.00831709, 0.00655075, 0.00720633, 0.00681064, 0.00635277, 0.00476278, 0.00680715, 0.00405644, 0.00410791, 0.00660367, 0.00919707, 0.00887336, 0.00581647, 0.00988878, 0.00952912, 0.00840815, 0.00572676, 0.00846315, 0.00507444, 0.00731037, 0.00535453, 0.00854424, 0.0055591, 0.00921453, 0.00860756, 0.00727128, 0.00458044, 0.00465273, 0.00723056, 0.00770705, 0.00988845, 0.00388107, 0.006697, 0.0089784, 0.00874575, 0.00485817, 0.00380807, 0.00472515, 0.0055926, 0.00982102, 0.00806068, 0.00964268, 0.00445732, 0.00410781, 0.00504094, 0.00688922, 0.00838065, 0.00610138, 0.00459065, 0.00760359, 0.0085244, 0.00966442, 0.00745331, 0.00777044, 0.00653305, 0.00964043, 0.00428876, 0.00862293, 0.00926255, 0.00947146, 0.00801801, 0.0049451, 0.00863267, 0.00425678, 0.0086951, 0.00979711, 0.00621991, 0.00928992];
GivenLatency = [619.648, 555.125, 585.174, 521.849, 519.6, 418.106, 523.95, 484.678, 1031.67, 892.622, 684.534, 470.673, 729.871, 408.673, 854.66, 486.354, 608.305, 717.242, 508.462, 607.005, 542.592, 945.82, 432.201, 498.032, 650.786, 900.636, 373.261, 819.901, 620.407, 922.681, 461.699, 463.225, 862.116, 1251.7, 503.782, 550.741, 510.363, 715.468, 627.22, 1125.87, 462.813, 723.952, 486.361, 466.228, 904.343, 597.113, 600.977, 452.801, 746.154, 808.793, 522.627, 786.457, 492.786, 889.184, 874.086, 807.352, 475.938, 811.553, 455.298, 839.617, 453.534, 667.442, 628.567, 635.326, 662.179, 963.813, 696.493, 1053.36, 858.065, 621.2, 404.073, 511.594, 707.781, 399.905, 477.886, 497.972, 649.883, 542.53, 788.512, 586.802, 737.614, 395.22, 843.03, 397.816, 470.225, 554.083, 975.739, 908.329, 561.307, 578.831, 368.03, 958.541, 728.157, 439.165, 391.896, 745.551, 1128.07, 793.966, 721.048, 401.508, 489.441, 371.326, 935.805, 1123.59, 911.979, 494.102, 454.53, 666.743, 830.085, 516.336, 492.864, 392.259, 547.308, 608.527, 529.115, 498.521, 1073.78, 424.393, 363.365, 454.195, 437.483, 683.371, 461.855, 1128.94, 498.477, 380.152, 565.962, 360.844];
HighestPossibleCritFunctionValue = 1.1;
