NumDevices = 32;
NumSlotes = 256;


GivenBandwidthOld = [0.0388553, 0.0266098, 0.0162105, 0.0355759, 0.0338136, 0.0153977, 0.0247057, 0.038124, 0.0353153, 0.0290455, 0.0277411, 0.0294556, 0.0210449, 0.0371315, 0.028914, 0.0178057, 0.0200257, 0.0311943, 0.0179877, 0.0293407, 0.0388306, 0.0355751, 0.0206031, 0.0361882, 0.0257021, 0.0346338, 0.0258569, 0.0368869, 0.0187811, 0.0397568, 0.0276767, 0.0222578];
GivenLatency = [56.8563, 87.0871, 148.091, 58.3654, 59.2228, 142.674, 88.4111, 63.7625, 51.1825, 61.6265, 69.0552, 74.9315, 81.6645, 50.5425, 65.1291, 99.8232, 112.389, 53.6105, 98.615, 78.4924, 63.0903, 60.5608, 110.531, 53.8254, 77.4299, 61.7381, 84.9841, 54.875, 96.8842, 53.9996, 77.2758, 79.2662];
HighestPossibleCritFunctionValue = 1.1;
