NumDevices = 16;
NumSlotes = 128;


GivenBandwidthOld = [0.0277532, 0.0124381, 0.0126299, 0.0114204, 0.0330203, 0.0120365, 0.0130789, 0.0319527, 0.019808, 0.027323, 0.0323922, 0.0311588, 0.0255954, 0.0215799, 0.0331077, 0.0303638];
GivenLatency = [19.3115, 26.4118, 38.6336, 39.9359, 9.33734, 28.2803, 27.0439, 16.6587, 15.9336, 20.0583, 17.9413, 18.5955, 21.7844, 14.8343, 9.37817, 19.5916];
HighestPossibleCritFunctionValue = 1.1;
