NumDevices = 64;
NumSlotes = 512;


GivenBandwidthOld = [0.00484765, 0.00328214, 0.00410162, 0.0085025, 0.00531492, 0.0065945, 0.00630636, 0.00730226, 0.00779909, 0.00807798, 0.0078978, 0.00460655, 0.00733461, 0.00771693, 0.00844403, 0.00374527, 0.00670139, 0.00282336, 0.00588527, 0.00489873, 0.00548276, 0.00871491, 0.00642038, 0.00476926, 0.00450596, 0.00424767, 0.00681277, 0.0060479, 0.00697576, 0.00793205, 0.00520197, 0.00821316, 0.00478122, 0.00551892, 0.00401945, 0.00863336, 0.00470185, 0.00274941, 0.00685865, 0.00831511, 0.00578025, 0.00862476, 0.00377657, 0.00784658, 0.00619708, 0.00808673, 0.00499696, 0.00633449, 0.00493699, 0.00475772, 0.00432054, 0.00656404, 0.00680265, 0.00455793, 0.0026043, 0.00540313, 0.00791736, 0.00823824, 0.0076643, 0.00507256, 0.00831166, 0.00403397, 0.00261006, 0.00845964];
GivenLatency = [109.857, 146.01, 76.6985, 48.2864, 75.9064, 63.7808, 76.2804, 53.4372, 40.5538, 69.1544, 49.6157, 77.2121, 51.1201, 52.0288, 49.7508, 103.663, 72.1267, 113.679, 52.4963, 81.9039, 73.7111, 39.3495, 66.3929, 65.9761, 85.332, 128.629, 59.1579, 85.5244, 54.688, 67.0625, 85.3338, 51.5275, 68.751, 111.364, 93.5293, 67.8136, 87.3582, 159.791, 69.0012, 64.5566, 75.9368, 42.7955, 149.188, 75.5916, 49.9563, 48.385, 121.887, 90.3601, 101.794, 108.011, 101.873, 57.1144, 53.0754, 119.978, 132.707, 60.6132, 54.4417, 52.8398, 62.4961, 112.626, 38.932, 117.573, 133.249, 49.1841];
HighestPossibleCritFunctionValue = 1.1;
