NumDevices = 128;
NumSlotes = 1024;


GivenBandwidthOld = [0.00442988, 0.00542611, 0.0041661, 0.00716911, 0.00873097, 0.00390284, 0.00755101, 0.00733715, 0.00790332, 0.00855967, 0.00490345, 0.00478468, 0.00857047, 0.00635536, 0.00696837, 0.00494988, 0.00518921, 0.00754609, 0.00471276, 0.00479709, 0.0071643, 0.00790371, 0.00516121, 0.00702775, 0.00787395, 0.00495675, 0.00552011, 0.00404204, 0.00708366, 0.00757789, 0.00406442, 0.00817048, 0.00379945, 0.00487414, 0.00717316, 0.00673644, 0.00691691, 0.00498703, 0.00446221, 0.00394018, 0.00514345, 0.00851101, 0.00699734, 0.00684729, 0.00496873, 0.00698275, 0.00664628, 0.00659705, 0.0041218, 0.00756161, 0.00544453, 0.00872863, 0.0045607, 0.00418993, 0.00761116, 0.00831466, 0.00691694, 0.00553847, 0.00761477, 0.00389118, 0.00663175, 0.00729056, 0.00486161, 0.00661095, 0.00777668, 0.00520751, 0.00510773, 0.00815343, 0.00719937, 0.0073799, 0.00639544, 0.00563543, 0.00723632, 0.00837553, 0.00502536, 0.00378141, 0.006621, 0.00660023, 0.00762008, 0.00818544, 0.00518717, 0.00820966, 0.00726328, 0.00645716, 0.00790677, 0.00652219, 0.00599702, 0.00435915, 0.00667325, 0.00481783, 0.00574507, 0.00496502, 0.0046199, 0.00408902, 0.0067082, 0.00727559, 0.00838374, 0.00796011, 0.00811325, 0.00683728, 0.0066393, 0.00420844, 0.00871059, 0.00643939, 0.00437105, 0.00666645, 0.00554466, 0.0065812, 0.00765341, 0.00840443, 0.00568104, 0.00377546, 0.00671724, 0.00410383, 0.00557015, 0.00507843, 0.00574626, 0.004817, 0.00679641, 0.00476904, 0.00570033, 0.00801165, 0.00430782, 0.00398137, 0.00741082, 0.0061355, 0.0069045, 0.00640309];
GivenLatency = [281.713, 198.393, 234.763, 168.564, 123.431, 294.213, 163.233, 148.644, 157.358, 117.044, 242.125, 209.586, 146.104, 191.082, 151.301, 196.485, 230.332, 131.924, 241.303, 214.996, 140.46, 159.982, 186.787, 173.564, 157.155, 228.555, 186.695, 252.906, 139.559, 144.906, 303.032, 147.764, 330.263, 231.669, 158.21, 167.053, 185.628, 234.441, 215.016, 266.069, 199.009, 138.945, 171.436, 157.855, 247.141, 142.215, 150.951, 169.892, 241.114, 135.401, 193.165, 126.732, 255.34, 293.569, 160.439, 142.118, 143.242, 199.035, 134.406, 318.791, 163.187, 138.314, 209.41, 168.559, 122.997, 232.715, 194.504, 155.305, 143.964, 146.703, 185.091, 184.231, 175.098, 117.18, 217.67, 266.303, 170.871, 168.824, 128.882, 145.569, 225.532, 121.93, 141.033, 180.08, 133.055, 153.178, 194.453, 283.776, 159.734, 256.963, 214.804, 196.791, 255.777, 249.406, 145.946, 130.966, 121.117, 140.698, 159.04, 140.943, 149.022, 243.955, 128.59, 158.502, 296.858, 146.408, 213.015, 176.102, 131.794, 125.758, 169.54, 286.449, 167.299, 248.775, 218.97, 197.333, 204.152, 250.587, 174.891, 200.513, 176.992, 138.131, 253.93, 315.168, 129.946, 174.841, 144.584, 178.516];
HighestPossibleCritFunctionValue = 1.1;
