NumDevices = 128;
NumSlotes = 1024;


GivenBandwidthOld = [0.00496858, 0.00944741, 0.00389424, 0.00919743, 0.00873487, 0.00953101, 0.00888982, 0.00743401, 0.00843425, 0.00696838, 0.00751589, 0.00954603, 0.00513248, 0.00785331, 0.00552278, 0.00506134, 0.00591624, 0.00553652, 0.00479381, 0.00959016, 0.00931739, 0.00614794, 0.00594603, 0.0061562, 0.00720995, 0.00517342, 0.0084766, 0.00622403, 0.00975588, 0.00715388, 0.00645878, 0.00523627, 0.00851879, 0.009031, 0.00530019, 0.00787903, 0.0066199, 0.00698639, 0.00403187, 0.00988491, 0.00690106, 0.007334, 0.00880999, 0.00942564, 0.0067422, 0.00618994, 0.00549415, 0.00518764, 0.00985148, 0.00753618, 0.00677886, 0.00975042, 0.00902563, 0.00872954, 0.00738596, 0.00714631, 0.00433986, 0.00501036, 0.00532863, 0.00461138, 0.00588284, 0.00667801, 0.00848356, 0.00444494, 0.00858091, 0.00942554, 0.00505141, 0.00784503, 0.00390936, 0.00705976, 0.00589943, 0.00414096, 0.00587758, 0.00576415, 0.00552835, 0.00501303, 0.0065559, 0.00623183, 0.0096639, 0.00488803, 0.00561065, 0.00700586, 0.00619778, 0.0060811, 0.00757491, 0.00776505, 0.00970471, 0.00951569, 0.00775993, 0.0049208, 0.00637975, 0.00818397, 0.00678434, 0.00812314, 0.00941653, 0.0098011, 0.00459194, 0.00415403, 0.00686728, 0.00836695, 0.00712376, 0.0064864, 0.00695604, 0.0064755, 0.0049586, 0.00422802, 0.00666166, 0.00880759, 0.00670837, 0.00640449, 0.00531584, 0.00829436, 0.00584434, 0.00951768, 0.00995489, 0.00814409, 0.00530095, 0.00807492, 0.00514772, 0.00771752, 0.00465931, 0.00531764, 0.00737462, 0.0040664, 0.00891078, 0.00980959, 0.00971617, 0.00836315];
GivenLatency = [868.325, 500.097, 1166.11, 413.938, 424.092, 427.575, 385.758, 495.952, 464.712, 586.798, 504.242, 391.129, 654.867, 489.671, 811.091, 964.802, 813.426, 836.098, 836.777, 402.607, 434.233, 627.492, 676.1, 700.53, 484.018, 949.628, 483.798, 777.405, 445.301, 584.412, 656.529, 727.034, 531.996, 446.548, 630.735, 431.162, 750.952, 568.548, 943.511, 475.284, 534.688, 542.25, 380.018, 382.737, 585.98, 580.558, 878.297, 749.569, 416.284, 513.729, 577.015, 474.791, 393.216, 426.559, 504.748, 557.317, 990.396, 769.143, 660.887, 1030.85, 577.294, 561.357, 435.892, 778.326, 443.304, 526.5, 737.806, 470.176, 1087.06, 564.075, 573.291, 1113, 684.518, 847.888, 653.218, 968.473, 510.225, 685.001, 393.101, 697.415, 851.902, 680.758, 798.539, 734.771, 515.279, 494.802, 392.174, 519.941, 643.083, 814.029, 527.364, 451.92, 531.639, 431.636, 415.961, 363.188, 919.88, 1180.88, 696.294, 597.33, 540.163, 647.127, 631.731, 541.743, 743.905, 1105.72, 549.066, 417.065, 502.808, 578.387, 641.993, 409.898, 660.879, 438.708, 387.596, 461.327, 906.687, 465.97, 715.293, 457.716, 1015.86, 685.438, 484.075, 1167.31, 451.445, 495.655, 358.651, 449.867];
HighestPossibleCritFunctionValue = 1.1;
