NumDevices = 32;
NumSlotes = 256;


GivenBandwidthOld = [0.0230297, 0.0296722, 0.0302502, 0.0258883, 0.0345984, 0.0245759, 0.0168344, 0.0252359, 0.030571, 0.0164642, 0.023214, 0.0277253, 0.0285034, 0.0268049, 0.019539, 0.021937, 0.0259615, 0.0252979, 0.0317458, 0.0208796, 0.032768, 0.0211056, 0.0317187, 0.0269907, 0.0224214, 0.0264539, 0.0198749, 0.0269551, 0.023823, 0.0224045, 0.0228157, 0.0341719];
GivenLatency = [48.5201, 31.0502, 32.9186, 35.5616, 24.3557, 36.2621, 67.8644, 41.6648, 35.3421, 55.5583, 37.0248, 40.8892, 37.7874, 31.3116, 59.1403, 48.3272, 41.1835, 37.1526, 31.6136, 41.4164, 34.1034, 39.7624, 30.6271, 40.7503, 46.1652, 41.7898, 53.2828, 40.7021, 36.7739, 44.8226, 39.434, 29.6594];
HighestPossibleCritFunctionValue = 1.1;
