NumDevices = 128;
NumSlotes = 1024;


GivenBandwidthOld = [0.00157685, 0.00395605, 0.0037643, 0.00288662, 0.00173352, 0.00271926, 0.00136768, 0.00409441, 0.00403655, 0.00353465, 0.00242331, 0.00235798, 0.00424529, 0.00245971, 0.00154105, 0.00226158, 0.00288857, 0.00326534, 0.00433134, 0.00190543, 0.00136136, 0.00411595, 0.00356847, 0.00214196, 0.00181848, 0.00251939, 0.00154963, 0.00272415, 0.00228074, 0.0029985, 0.00392895, 0.0013657, 0.00212399, 0.00283961, 0.00215239, 0.00211631, 0.00191962, 0.00235182, 0.00383136, 0.00182752, 0.00141734, 0.00427458, 0.00413613, 0.00214406, 0.00272815, 0.00388007, 0.00168315, 0.00299501, 0.00153276, 0.00362086, 0.00149385, 0.00276621, 0.00289087, 0.00129674, 0.00235143, 0.00361808, 0.00152546, 0.00281833, 0.00397954, 0.0016376, 0.00312127, 0.00166692, 0.0021859, 0.00286039, 0.00147148, 0.00170929, 0.00172587, 0.0023716, 0.00192892, 0.00243491, 0.00354363, 0.0034943, 0.00244128, 0.00432616, 0.00220089, 0.00158575, 0.00362392, 0.00283853, 0.00272582, 0.00223074, 0.00321268, 0.00370339, 0.00420176, 0.00203201, 0.00382528, 0.00269482, 0.00309318, 0.00146465, 0.00254229, 0.00196817, 0.00284417, 0.00377458, 0.00367984, 0.00213404, 0.00298072, 0.00202213, 0.00342921, 0.00228727, 0.00343326, 0.00151677, 0.00365629, 0.00316263, 0.00301124, 0.00232822, 0.00417422, 0.00168146, 0.0027796, 0.00304334, 0.00125593, 0.0040602, 0.00413925, 0.0014518, 0.00222876, 0.00437485, 0.00180868, 0.00356216, 0.00229232, 0.00388018, 0.00354306, 0.00316431, 0.00315131, 0.00351643, 0.00258792, 0.00335759, 0.0016469, 0.00325025, 0.00376948, 0.00233888];
GivenLatency = [321.156, 102.812, 131.785, 181.826, 312.005, 190.548, 395.127, 78.8363, 92.9993, 139.941, 152.287, 199.062, 136.29, 203.692, 353.634, 269.754, 219.215, 124.476, 80.2656, 214.947, 238.587, 112.332, 146.341, 158.573, 242.125, 257.355, 344.655, 114.807, 227.159, 155.452, 142.829, 446.994, 190.153, 132.189, 190.992, 223.941, 192.871, 167.541, 125.957, 350.22, 341.305, 106.769, 87.9785, 151.655, 128.445, 81.1744, 213.583, 150.858, 279.582, 92.4457, 257.411, 231.079, 151.219, 352.529, 252.63, 116.325, 228.281, 112.992, 87.396, 349.309, 126.232, 222.575, 144.983, 130.685, 333.422, 259.555, 333.084, 190.733, 340.278, 189.503, 96.914, 186.389, 130.632, 96.6385, 151.132, 367.148, 92.9994, 134.853, 116.477, 243.644, 136.58, 151.679, 111.59, 245.467, 107.807, 142.712, 120.377, 304.358, 136.871, 308.986, 196.038, 135.308, 109.902, 177.173, 184.403, 212.402, 91.3466, 167.152, 121.96, 215.525, 110.851, 111.484, 131.903, 135.392, 102.748, 302.004, 166.167, 142.721, 409.76, 131.761, 80.9901, 267.122, 199.138, 127.873, 219.832, 112.815, 266.438, 110.614, 134.729, 150.904, 138.084, 89.7935, 213.32, 139.953, 255.898, 110.937, 87.3246, 137.077];
HighestPossibleCritFunctionValue = 1.1;
