NumDevices = 128;
NumSlotes = 1024;


GivenBandwidthOld = [0.00592593, 0.00579203, 0.00543426, 0.0048044, 0.00624772, 0.00790413, 0.00965608, 0.00474801, 0.00860319, 0.00887872, 0.00831835, 0.00893332, 0.00725343, 0.00466149, 0.00447274, 0.00703806, 0.0099281, 0.00775303, 0.00764478, 0.0070263, 0.00608737, 0.00659545, 0.00841892, 0.00549222, 0.00402766, 0.00792855, 0.0076963, 0.0042513, 0.00402439, 0.00916514, 0.00984322, 0.00623532, 0.00581769, 0.00547116, 0.00621971, 0.00595485, 0.00449246, 0.00720163, 0.00911458, 0.00377043, 0.0097018, 0.00442954, 0.00603881, 0.00924057, 0.00873905, 0.00476088, 0.00615961, 0.0083202, 0.0087765, 0.0091935, 0.00515591, 0.0078656, 0.00592639, 0.00740548, 0.00388267, 0.00855681, 0.00423464, 0.00537633, 0.00616155, 0.0097381, 0.00819166, 0.00470127, 0.00432188, 0.0091019, 0.00936056, 0.00670593, 0.00911864, 0.0094476, 0.0070761, 0.00545731, 0.00480115, 0.0078587, 0.00873998, 0.00790971, 0.009717, 0.00991192, 0.00471528, 0.00853471, 0.00779897, 0.00482572, 0.00842777, 0.00431895, 0.0098281, 0.00846075, 0.00852059, 0.00808588, 0.00809655, 0.00627737, 0.00622823, 0.00539474, 0.00934521, 0.00494558, 0.00416448, 0.00741186, 0.004907, 0.00574499, 0.00859731, 0.00990488, 0.00514193, 0.00415777, 0.0072051, 0.00487373, 0.00906059, 0.00891249, 0.00719564, 0.00829554, 0.00684413, 0.00680395, 0.00651292, 0.00888544, 0.00884476, 0.00646312, 0.00944271, 0.00608764, 0.00489384, 0.00949872, 0.00997028, 0.00428496, 0.00726817, 0.00856443, 0.00731807, 0.00974041, 0.0095126, 0.00580336, 0.00826143, 0.00863503, 0.00636912, 0.0044839];
GivenLatency = [665.32, 612.027, 898.134, 776.108, 698.649, 539.61, 421.06, 805.828, 472.388, 476.001, 423.86, 469.382, 632.829, 1015.32, 748.46, 665.951, 366.105, 615.624, 641.549, 556.708, 790.083, 669.316, 425.722, 612.782, 969.694, 602.812, 562.474, 936.24, 1152.35, 446.553, 393.902, 610.146, 819.491, 628.264, 647.744, 724.103, 756.919, 641.581, 465.08, 1086.01, 396.548, 754.288, 799.62, 511.599, 409.163, 881.429, 750.403, 473.488, 425.429, 460.83, 746.783, 486.835, 796.857, 590.839, 1244.4, 462.517, 802.892, 639.597, 701.314, 425.43, 506.464, 777.713, 785.202, 471.125, 478.972, 533.95, 421.907, 510.226, 614.42, 812.258, 815.175, 573.363, 555.065, 485.855, 426.667, 389.378, 924.859, 459.013, 445.544, 845.293, 537.539, 950.252, 359.776, 520.392, 468.292, 503.836, 456.438, 592.986, 780.128, 686.106, 413.57, 874.079, 917.788, 650.909, 937.442, 639.652, 407.053, 496.997, 675.675, 934.036, 487.011, 870.885, 439.889, 408.218, 577.633, 577.349, 496.922, 517.391, 747.356, 505.9, 510.684, 665.878, 368.382, 677.307, 995.67, 417.53, 373.549, 807.692, 640.487, 393.264, 474.727, 469.965, 444.872, 827.245, 437.958, 414.222, 571.26, 1048.38];
HighestPossibleCritFunctionValue = 1.1;
