NumDevices = 128;
NumSlotes = 1024;


GivenBandwidthOld = [0.00714147, 0.00413147, 0.00514707, 0.00434768, 0.00402823, 0.00492029, 0.00774596, 0.00388549, 0.00599457, 0.00827705, 0.00483111, 0.00391662, 0.00405908, 0.00851007, 0.00624861, 0.00796004, 0.00682507, 0.00637504, 0.00778129, 0.00768997, 0.00788715, 0.00685212, 0.00606244, 0.00392838, 0.00675274, 0.00580399, 0.00512897, 0.00506666, 0.0079399, 0.00837893, 0.00719942, 0.00810051, 0.00773728, 0.00799548, 0.00744722, 0.00791891, 0.00569244, 0.00541445, 0.0080898, 0.0078168, 0.00446847, 0.00413922, 0.00544962, 0.0043439, 0.00549036, 0.0039372, 0.00505207, 0.00760173, 0.00480751, 0.00735519, 0.00617227, 0.00483893, 0.00534257, 0.00498941, 0.00456015, 0.00490547, 0.0086754, 0.00494291, 0.00797219, 0.00610089, 0.00523723, 0.00462775, 0.0060238, 0.00456783, 0.00400569, 0.00617892, 0.00653742, 0.00686259, 0.00704015, 0.00634847, 0.00621152, 0.00450982, 0.00399865, 0.00773187, 0.00695574, 0.0076766, 0.00812283, 0.0078451, 0.00515512, 0.00458719, 0.00437659, 0.00477571, 0.0078526, 0.00609263, 0.00635514, 0.00830434, 0.0085613, 0.00722354, 0.00860708, 0.00673905, 0.00576962, 0.00752155, 0.00720354, 0.00735938, 0.00652812, 0.00562384, 0.00739092, 0.00662885, 0.00858992, 0.00821729, 0.00548688, 0.00541302, 0.00414913, 0.00701132, 0.00667801, 0.00485192, 0.00378956, 0.00866691, 0.00718547, 0.00873992, 0.00432902, 0.00540037, 0.00654002, 0.00565844, 0.00395265, 0.00461713, 0.0075375, 0.00534051, 0.00537299, 0.0063463, 0.00478513, 0.0062094, 0.00381347, 0.0055431, 0.00541115, 0.00765129, 0.00765991, 0.00761041];
GivenLatency = [159.226, 299.713, 232.769, 236.541, 241.216, 218.632, 163.904, 274.395, 166.272, 123.706, 225.486, 269.618, 302.64, 131.272, 198.732, 125.851, 183.259, 154.668, 166.05, 138.273, 136.858, 159.728, 188.929, 290.571, 173.474, 178.741, 236.502, 245.268, 153.902, 133.233, 145.763, 126.079, 131.595, 132.429, 137.832, 147.43, 192.721, 198.417, 141.547, 155.602, 231.211, 283.921, 196.885, 240.548, 194.756, 258.983, 196.052, 149.711, 212.175, 138.804, 195.503, 264.291, 231.353, 257.722, 218.194, 216.727, 129.59, 193.663, 127.678, 162.914, 189.136, 249.217, 185.34, 224.376, 242.27, 155.394, 151.445, 163.237, 151.825, 185.577, 201.177, 236.527, 246.554, 147.144, 151.336, 161.787, 156.221, 142.293, 250.773, 258.652, 268.107, 213.641, 150.424, 157.818, 166.633, 120.779, 119.437, 145.786, 122.888, 188.069, 208.222, 133.344, 168.75, 140.561, 184.186, 223.525, 143.526, 190.649, 112.4, 145.786, 192.735, 213.277, 296.165, 179.643, 177.992, 263.341, 304.914, 128.33, 175.421, 132.677, 232.995, 207.678, 149.157, 178.415, 260.947, 224.232, 136.84, 197.127, 192.805, 191.416, 210.263, 162.36, 330.481, 227.302, 216.524, 161.233, 146.531, 154.937];
HighestPossibleCritFunctionValue = 1.1;
