NumDevices = 32;
NumSlotes = 256;


GivenBandwidthOld = [0.0305462, 0.0254986, 0.0397429, 0.0191106, 0.0275658, 0.0330395, 0.0301946, 0.0163392, 0.0221972, 0.0275929, 0.0396931, 0.0319226, 0.032349, 0.0244934, 0.020319, 0.0367189, 0.0197178, 0.0317637, 0.0371284, 0.0265133, 0.0196989, 0.0151514, 0.035101, 0.0282263, 0.0350045, 0.0313072, 0.0397498, 0.0344475, 0.0183728, 0.0258924, 0.0342563, 0.0304785];
GivenLatency = [56.2279, 86.3831, 44.8788, 88.282, 69.955, 62.6027, 60.5028, 115.084, 83.8223, 85.1431, 50.4734, 69.3921, 73.6242, 97.3455, 86.8746, 58.5347, 114.995, 64.8919, 47.5182, 74.1238, 123.402, 121.522, 54.5287, 84.8362, 61.0328, 67.3159, 45.258, 65.106, 94.5107, 77.4119, 56.3093, 75.3638];
HighestPossibleCritFunctionValue = 1.1;
