NumDevices = 128;
NumSlotes = 1024;


GivenBandwidthOld = [0.00817216, 0.00700878, 0.00402003, 0.00721845, 0.0079787, 0.0054836, 0.00538343, 0.00684167, 0.00553134, 0.00771217, 0.00591167, 0.00496794, 0.00862169, 0.00730743, 0.00852508, 0.00849633, 0.00532541, 0.00660602, 0.0048655, 0.00689903, 0.00455533, 0.00391961, 0.0043205, 0.00707779, 0.00396407, 0.00662626, 0.00498976, 0.00540719, 0.0061293, 0.00763359, 0.00516322, 0.00571142, 0.0044142, 0.00703478, 0.00606339, 0.00497212, 0.00395692, 0.00649027, 0.00455341, 0.00659267, 0.0055135, 0.00796039, 0.00771441, 0.00856062, 0.00578624, 0.00691425, 0.0052333, 0.00863983, 0.00713614, 0.00462782, 0.00729813, 0.00720818, 0.00544228, 0.00588665, 0.00436285, 0.0038921, 0.00707979, 0.00749599, 0.0076488, 0.0058806, 0.00772441, 0.00670265, 0.00388822, 0.0068805, 0.00801355, 0.00627908, 0.00505358, 0.00804436, 0.00402992, 0.00836303, 0.00500639, 0.00485952, 0.00647701, 0.0066266, 0.00568524, 0.00440175, 0.00779042, 0.00609409, 0.0058649, 0.00388009, 0.00519276, 0.00725519, 0.00543681, 0.00403329, 0.00492377, 0.00636672, 0.00796473, 0.00575466, 0.00614917, 0.00668208, 0.00825568, 0.00576167, 0.00385777, 0.00501576, 0.0073015, 0.0087458, 0.00810845, 0.00617813, 0.00832936, 0.0040875, 0.00605223, 0.00733308, 0.00457481, 0.0063234, 0.00485776, 0.00687541, 0.00756588, 0.00723116, 0.00659428, 0.00759603, 0.00395323, 0.00448344, 0.00565013, 0.00418993, 0.0076618, 0.00436414, 0.00568338, 0.00800483, 0.00461879, 0.00555712, 0.00601042, 0.00454527, 0.00490936, 0.00407399, 0.00403512, 0.00583144, 0.00645352, 0.00683499];
GivenLatency = [120.75, 175.227, 237.137, 160.193, 124.786, 205.522, 205.268, 151.74, 186.612, 140.124, 174.404, 206.406, 136.262, 173.739, 152.017, 115.733, 189.633, 150.648, 260.889, 157.303, 277.565, 246.352, 296.992, 180.977, 270.852, 151.143, 237.794, 229.723, 208.152, 136.224, 187.572, 182.68, 220.867, 138.988, 162.316, 239.092, 242.729, 156.408, 281.222, 177.867, 189.428, 142.828, 125.472, 125.572, 215.91, 161.871, 182.709, 144.115, 154.894, 276.405, 159.185, 156.812, 185.847, 201.515, 250.451, 284.303, 148.494, 144.07, 159.647, 220.014, 137.813, 160.954, 280.067, 187.792, 120.015, 206.457, 228.479, 126.94, 260.309, 124.651, 202.666, 230.341, 156.351, 148.716, 170.431, 232.845, 122.504, 197.457, 181.545, 252.939, 199.351, 139.663, 223.653, 311.492, 214.427, 152.718, 119.997, 208.348, 177.861, 177.658, 153.767, 168.462, 293.043, 242.655, 131.308, 127.337, 145.925, 172.798, 127.845, 289.226, 193.851, 134.563, 210.063, 156.686, 196.416, 154.171, 142.987, 140.968, 155.85, 131.196, 284.648, 213.268, 170.563, 254.587, 155.171, 280.4, 186.439, 148.533, 255.778, 181.491, 167.649, 241.15, 229.274, 281.634, 249.087, 196.173, 173.187, 167.504];
HighestPossibleCritFunctionValue = 1.1;
