NumDevices = 128;
NumSlotes = 1024;


GivenBandwidthOld = [0.00436393, 0.00952496, 0.0072446, 0.00629995, 0.00444958, 0.0052972, 0.00762102, 0.00777112, 0.00545925, 0.00612846, 0.00972396, 0.00811615, 0.0044504, 0.00667253, 0.00389351, 0.00947431, 0.00591157, 0.00833387, 0.00734691, 0.00697221, 0.00946403, 0.00827483, 0.00883689, 0.0054106, 0.00720126, 0.00910246, 0.00627559, 0.00752085, 0.00537617, 0.00982318, 0.00690311, 0.00437148, 0.00513639, 0.00487729, 0.006325, 0.00677986, 0.00792245, 0.00506482, 0.00813959, 0.00460152, 0.00897766, 0.00878705, 0.00524745, 0.00889073, 0.00406327, 0.00633695, 0.00767929, 0.00582419, 0.0083857, 0.00975007, 0.00942043, 0.00662756, 0.00445923, 0.00503324, 0.00869078, 0.0059321, 0.00948707, 0.00795926, 0.00501802, 0.00912157, 0.00869806, 0.00957888, 0.00724429, 0.0072332, 0.00839742, 0.00676664, 0.00438703, 0.00400797, 0.00827301, 0.00945649, 0.00646437, 0.00534405, 0.00751521, 0.00432996, 0.00737385, 0.00980349, 0.00728044, 0.00859037, 0.00589182, 0.00752751, 0.00479746, 0.00839519, 0.00664836, 0.00403243, 0.00674378, 0.00768234, 0.00712335, 0.00587087, 0.00539773, 0.0096242, 0.00648006, 0.00665839, 0.00382094, 0.0085501, 0.00411422, 0.00636928, 0.00724837, 0.00703755, 0.007571, 0.00449841, 0.00721916, 0.00992716, 0.00448823, 0.00486179, 0.00830821, 0.00727694, 0.00605974, 0.00482441, 0.00513969, 0.00409976, 0.00719147, 0.00702052, 0.00882594, 0.00888708, 0.00508787, 0.00809276, 0.00496145, 0.00828638, 0.00918276, 0.00586889, 0.0096205, 0.00667013, 0.00737542, 0.00496309, 0.00457542, 0.00777479, 0.00459636, 0.0097722];
GivenLatency = [946.17, 403.492, 596.768, 534.87, 891.667, 844.333, 498.318, 453.207, 875.67, 676.716, 358.549, 451.438, 960.634, 552.608, 900.953, 464.654, 839.557, 413.018, 527.723, 687.699, 395.539, 439.047, 451.735, 773.107, 546.032, 380.944, 587.313, 613.382, 667.179, 502.402, 581.387, 948.222, 812.01, 727.901, 713.534, 599.681, 432.441, 857.392, 553.879, 795.251, 401.492, 480.617, 679.182, 553.459, 1221.93, 555.75, 567.988, 622.535, 502.312, 435.153, 479.113, 587.575, 1054.75, 714.162, 394.156, 806.406, 514.698, 482.24, 677.033, 410.293, 501.813, 373.79, 563.886, 518.232, 413.764, 552.918, 823.986, 1075.26, 424.648, 396.378, 631.302, 650.297, 557.496, 1127.02, 475.839, 508.422, 489.173, 539.716, 709.166, 488.158, 954.248, 426.285, 624.677, 897.534, 503.901, 510.542, 575.829, 717.105, 778.77, 415.251, 569.45, 586.419, 1293.42, 399.453, 810.319, 616.307, 522.493, 649.298, 621.208, 881.883, 608.869, 378.975, 749.734, 708.242, 491.477, 564.761, 627.798, 1017.32, 822.813, 1122.07, 676.594, 517.802, 444.594, 411.951, 714.888, 424.184, 737.392, 552.97, 431.083, 641.605, 498.969, 687.682, 647.925, 800.689, 847.438, 562.828, 907.092, 481.923];
HighestPossibleCritFunctionValue = 1.1;
