NumDevices = 16;
NumSlotes = 128;


GivenBandwidthOld = [0.0464588, 0.0529639, 0.0351175, 0.0392843, 0.0717558, 0.0704939, 0.0614163, 0.0443231, 0.0580551, 0.0514665, 0.0670358, 0.0401388, 0.0330315, 0.0307463, 0.0724881, 0.0777057];
GivenLatency = [30.7196, 25.6424, 42.1704, 47.2155, 19.3823, 19.0809, 27.0017, 40.0042, 29.3325, 30.9154, 24.6861, 36.137, 52.1299, 58.9728, 25.8114, 22.8177];
HighestPossibleCritFunctionValue = 1.1;
