NumDevices = 64;
NumSlotes = 512;


GivenBandwidthOld = [0.00332599, 0.00359561, 0.00383537, 0.00854818, 0.00426654, 0.00523715, 0.00577686, 0.00786504, 0.00392218, 0.00505305, 0.00530798, 0.00253966, 0.006609, 0.00614854, 0.0046941, 0.00370748, 0.00292498, 0.0075872, 0.00313089, 0.00580018, 0.00604743, 0.00539671, 0.00617779, 0.00264044, 0.00667025, 0.00440507, 0.00856537, 0.00573165, 0.00430675, 0.00603787, 0.00730279, 0.00420232, 0.00714366, 0.0047898, 0.00588007, 0.00501409, 0.0068188, 0.0073554, 0.00725427, 0.00754707, 0.00361995, 0.00670173, 0.00846724, 0.00646696, 0.00648177, 0.00529227, 0.00714858, 0.00610061, 0.00540619, 0.00306073, 0.00785953, 0.00516102, 0.0075273, 0.00259978, 0.00445433, 0.00519732, 0.005153, 0.00395439, 0.00275788, 0.00547021, 0.00403721, 0.00714591, 0.00504132, 0.00816551];
GivenLatency = [155.235, 155.164, 116.721, 57.0433, 74.35, 115.185, 62.182, 69.3433, 129.574, 94.6427, 68.4742, 132.529, 76.9851, 104.469, 93.6302, 147.283, 161.403, 60.6098, 112.862, 75.1629, 73.6977, 70.8384, 57.1018, 142.257, 77.5981, 96.5917, 65.4769, 54.2822, 120.526, 88.2009, 62.5257, 91.8581, 67.5326, 68.4698, 71.3704, 62.4419, 45.3317, 49.9179, 70.623, 61.8158, 123.624, 46.7923, 44.1673, 98.6746, 51.8102, 79.4837, 49.8702, 56.8607, 74.7584, 118.695, 56.32, 73.8369, 53.8561, 183.937, 105.238, 101.475, 79.9085, 97.1924, 181.862, 73.029, 78.6799, 46.2023, 81.6254, 58.9711];
HighestPossibleCritFunctionValue = 1.1;
