NumDevices = 16;
NumSlotes = 128;


GivenBandwidthOld = [0.0336969, 0.0337282, 0.0345029, 0.0299566, 0.0199411, 0.0149387, 0.0146713, 0.0209129, 0.0235258, 0.0123185, 0.026933, 0.027213, 0.0334285, 0.0233624, 0.0172177, 0.0181457];
GivenLatency = [10.4878, 14.8213, 9.33462, 15.5242, 18.8156, 31.2457, 36.9438, 21.2615, 24.6561, 29.0608, 14.1256, 12.3536, 9.3038, 15.053, 19.1589, 33.1249];
HighestPossibleCritFunctionValue = 1.1;
