NumDevices = 32;
NumSlotes = 256;


GivenBandwidthOld = [0.0310017, 0.034753, 0.0235721, 0.0259658, 0.016729, 0.0345074, 0.0155431, 0.023349, 0.0170261, 0.0278332, 0.022262, 0.027115, 0.031164, 0.0232423, 0.0227463, 0.0266625, 0.0264992, 0.0217771, 0.0174457, 0.0206382, 0.0154564, 0.0250042, 0.015474, 0.0220055, 0.0166887, 0.0172564, 0.0188151, 0.0345955, 0.0171852, 0.0213273, 0.0185527, 0.0247731];
GivenLatency = [27.9727, 26.5276, 44.9638, 36.8568, 53.3535, 25.6319, 72.4862, 41.941, 49.6128, 33.0076, 50.9791, 39.065, 36.1963, 48.4247, 42.5011, 43.8589, 40.0048, 39.69, 60.8595, 44.297, 66.6729, 34.8175, 65.4536, 42.0163, 59.2838, 50.1536, 57.567, 27.2969, 52.7742, 44.621, 45.8651, 46.7802];
HighestPossibleCritFunctionValue = 1.1;
