NumDevices = 16;
NumSlotes = 128;


GivenBandwidthOld = [0.0471662, 0.0622509, 0.0311951, 0.0353724, 0.0443405, 0.0501386, 0.0595966, 0.0601264, 0.0448683, 0.0407493, 0.0539221, 0.0482649, 0.0476397, 0.0608911, 0.0574035, 0.0413242];
GivenLatency = [22.2296, 13.831, 30.5107, 27.6228, 23.2312, 16.9359, 14.5408, 14.8968, 17.1973, 23.0622, 15.4405, 18.1182, 20.5442, 16.2289, 15.036, 24.6123];
HighestPossibleCritFunctionValue = 1.1;
