NumDevices = 16;
NumSlotes = 128;


GivenBandwidthOld = [0.0355505, 0.0681098, 0.0420876, 0.0365007, 0.0380002, 0.0399318, 0.0531648, 0.0604681, 0.0579014, 0.0684081, 0.0554023, 0.065992, 0.0479833, 0.0748526, 0.0674089, 0.0614727];
GivenLatency = [50.5551, 20.7691, 45.6354, 52.8203, 39.9919, 37.377, 25.1853, 23.9582, 27.457, 27.0459, 30.3985, 27.9191, 31.3148, 21.857, 22.9432, 22.7882];
HighestPossibleCritFunctionValue = 1.1;
