NumDevices = 32;
NumSlotes = 256;


GivenBandwidthOld = [0.0260212, 0.0286139, 0.0231571, 0.0305843, 0.0195191, 0.0280527, 0.0318742, 0.0190693, 0.0274887, 0.0326914, 0.0341988, 0.0290927, 0.0317547, 0.0305449, 0.0188289, 0.0279151, 0.0190945, 0.0320805, 0.0271126, 0.0309995, 0.0192058, 0.0215691, 0.0217045, 0.0170028, 0.0163704, 0.027298, 0.0276431, 0.0270594, 0.0171438, 0.0258225, 0.028349, 0.0323904];
GivenLatency = [44.9717, 39.5584, 42.1407, 35.6652, 42.8823, 30.859, 26.3672, 56.623, 31.6745, 28.598, 30.1364, 29.621, 31.1687, 35.6901, 46.353, 32.0307, 55.2758, 30.4651, 35.5183, 31.9796, 45.2622, 51.9043, 52.1225, 66.2466, 66.0068, 42.3575, 31.1473, 31.6549, 58.9713, 33.226, 31.0777, 27.7728];
HighestPossibleCritFunctionValue = 1.1;
