NumDevices = 64;
NumSlotes = 512;


GivenBandwidthOld = [0.0155658, 0.0186581, 0.0162402, 0.0157692, 0.0122777, 0.0188169, 0.0114508, 0.00853853, 0.012001, 0.0181055, 0.0167893, 0.00790291, 0.0166429, 0.0102592, 0.0181356, 0.00937344, 0.0194061, 0.0128372, 0.00940299, 0.0161226, 0.0157141, 0.012667, 0.0119779, 0.0181093, 0.0187937, 0.0199874, 0.00903806, 0.00774771, 0.00824877, 0.0170652, 0.00760456, 0.0149188, 0.0194327, 0.00986902, 0.0110742, 0.0159494, 0.0160382, 0.00885141, 0.00808007, 0.0192534, 0.00942542, 0.0181211, 0.0162861, 0.0132737, 0.0081946, 0.0191061, 0.00824985, 0.0101758, 0.0176232, 0.0109146, 0.00877045, 0.00989475, 0.0185793, 0.0170435, 0.0179363, 0.00969933, 0.00917592, 0.0122358, 0.0148812, 0.0134803, 0.0178785, 0.0136703, 0.010927, 0.0173383];
GivenLatency = [196.553, 134.681, 140.959, 143.471, 245.337, 122.017, 289.365, 304.643, 185.298, 176.653, 178.218, 296.635, 143.158, 239.625, 123.349, 250.29, 163.995, 235.003, 320.538, 184.99, 160.272, 191.267, 256.569, 134.834, 133.801, 142.117, 328.779, 306.324, 379.536, 150.871, 377.78, 155.608, 155.568, 279.037, 222.136, 141.016, 201.218, 268.486, 388.087, 123.855, 244.598, 123.834, 159.792, 214.085, 320.307, 122.755, 290.301, 240.536, 167.355, 234.25, 372.307, 289.18, 147.429, 136.56, 124.028, 299.3, 272.506, 197.969, 151.318, 167.994, 161.483, 167.455, 211.374, 142.812];
HighestPossibleCritFunctionValue = 1.1;
