NumDevices = 16;
NumSlotes = 128;


GivenBandwidthOld = [0.0123101, 0.0108161, 0.0259319, 0.0266443, 0.0257662, 0.0177983, 0.026005, 0.0313191, 0.0206935, 0.0104387, 0.0324753, 0.0266394, 0.0176218, 0.0346637, 0.033414, 0.0293114];
GivenLatency = [29.8872, 40.4327, 15.4699, 15.3357, 13.9254, 17.7231, 14.2188, 14.222, 27.9662, 51.5194, 15.0214, 22.5231, 31.7649, 10.9351, 17.3634, 19.305];
HighestPossibleCritFunctionValue = 1.1;
