NumDevices = 64;
NumSlotes = 512;


GivenBandwidthOld = [0.00854728, 0.00785001, 0.00769595, 0.00586311, 0.00749064, 0.00511198, 0.00826984, 0.00747234, 0.00382646, 0.00258654, 0.00690281, 0.00685568, 0.00845546, 0.00845488, 0.00490852, 0.00741487, 0.00678802, 0.00868476, 0.0060241, 0.00707358, 0.00823941, 0.0085375, 0.00598511, 0.0079536, 0.00485943, 0.00739381, 0.00268301, 0.00334011, 0.00349326, 0.00864001, 0.00381659, 0.00540068, 0.00423793, 0.00572371, 0.0083109, 0.00382218, 0.00564611, 0.0041552, 0.00273127, 0.00814375, 0.00704043, 0.00725133, 0.00815637, 0.00662442, 0.00291189, 0.00634814, 0.00315531, 0.00373019, 0.00333423, 0.00470046, 0.00434705, 0.00838665, 0.00825321, 0.00302233, 0.00636124, 0.00463611, 0.0040792, 0.00666361, 0.0052196, 0.00464134, 0.00456926, 0.00559759, 0.00737331, 0.00826172];
GivenLatency = [37.1483, 46.8015, 48.8655, 53.6044, 54.6414, 83.7408, 44.6866, 57.1847, 94.1228, 193.858, 50.7326, 46.0932, 69.238, 69.4681, 96.7093, 51.0972, 50.163, 52.5976, 55.7874, 48.1232, 64.0094, 48.1551, 85.4394, 57.9634, 73.5231, 65.0365, 156.156, 93.4654, 122.297, 47.5601, 134.079, 63.1674, 75.5888, 90.2067, 39.0347, 94.143, 103.524, 76.7796, 152.04, 47.9937, 51.1348, 60.7404, 65.1046, 51.3191, 192.634, 98.8178, 99.509, 134.591, 190.875, 105.782, 115.99, 47.2771, 54.279, 213.757, 51.4926, 105.713, 120.605, 63.5962, 114.929, 92.2926, 88.639, 55.6014, 68.5158, 44.3326];
HighestPossibleCritFunctionValue = 1.1;
