NumDevices = 32;
NumSlotes = 256;


GivenBandwidthOld = [0.0218833, 0.0268353, 0.0305329, 0.0264394, 0.0272906, 0.0332429, 0.0226015, 0.0229915, 0.0273891, 0.0377827, 0.0239341, 0.0206144, 0.0254484, 0.0218216, 0.0158872, 0.0253409, 0.0390098, 0.0219346, 0.0153078, 0.0388343, 0.0226799, 0.0157018, 0.0349916, 0.0385602, 0.0158121, 0.0381621, 0.0262061, 0.0309405, 0.0275085, 0.0195812, 0.0358808, 0.034305];
GivenLatency = [96.7738, 68.498, 57.9473, 85.0207, 65.0749, 53.8424, 102.002, 92.0964, 80.4579, 60.2345, 99.0784, 95.177, 96.5272, 84.8879, 118.096, 75.8547, 49.4176, 80.5799, 115.139, 49.381, 95.3196, 155.387, 56.5645, 55.8227, 154.693, 46.8436, 72.8282, 54.0225, 67.7513, 99.2864, 52.7883, 72.6634];
HighestPossibleCritFunctionValue = 1.1;
