NumDevices = 32;
NumSlotes = 256;


GivenBandwidthOld = [0.0316082, 0.0239311, 0.0194346, 0.0222366, 0.0163777, 0.0192144, 0.0222685, 0.0273067, 0.0283714, 0.0223783, 0.0229179, 0.0169562, 0.0172163, 0.0385681, 0.0237758, 0.0349525, 0.0311459, 0.0297618, 0.0166583, 0.0359895, 0.0362746, 0.0277528, 0.0265236, 0.0175504, 0.0291444, 0.0392358, 0.0218437, 0.0373374, 0.0396306, 0.0315585, 0.0378396, 0.0309504];
GivenLatency = [74.7769, 87.2712, 119.989, 91.4857, 130.235, 105.395, 88.5686, 66.237, 78.8974, 111.231, 100.828, 107.652, 119.403, 47.6572, 77.8842, 66.1779, 69.377, 68.0733, 115.041, 47.3686, 46.9824, 72.7742, 64.5458, 131.438, 73.3669, 58.7881, 96.2308, 46.7736, 44.3537, 54.1131, 48.2842, 60.0726];
HighestPossibleCritFunctionValue = 1.1;
