NumDevices = 128;
NumSlotes = 1024;


GivenBandwidthOld = [0.00539894, 0.00491519, 0.00585438, 0.00957445, 0.00771891, 0.00919839, 0.00603015, 0.00754948, 0.00536365, 0.00561854, 0.00826583, 0.00751272, 0.00632985, 0.00703822, 0.00640451, 0.00558575, 0.00720383, 0.00853289, 0.00846411, 0.00876499, 0.00949903, 0.00900215, 0.00792184, 0.00738252, 0.00543877, 0.00568721, 0.00618977, 0.009042, 0.00887206, 0.00891892, 0.009095, 0.00598055, 0.00510435, 0.00378382, 0.00970023, 0.00931064, 0.00524033, 0.00795383, 0.0075152, 0.00415582, 0.00565806, 0.00383507, 0.008565, 0.00451934, 0.00904992, 0.0045348, 0.00630751, 0.00655016, 0.00973143, 0.0086112, 0.0059795, 0.00620339, 0.00664389, 0.00384949, 0.00706843, 0.00780041, 0.00394542, 0.00691016, 0.00408116, 0.00698717, 0.00467137, 0.00788898, 0.00503636, 0.00482423, 0.0084057, 0.00827959, 0.00752225, 0.00394147, 0.0092475, 0.00647331, 0.00565182, 0.00519783, 0.00622431, 0.00825248, 0.00817816, 0.00914163, 0.00830816, 0.00643869, 0.00504052, 0.00602187, 0.005844, 0.00389884, 0.00529412, 0.00574809, 0.00442186, 0.00824641, 0.00613688, 0.00762337, 0.00972165, 0.00670428, 0.00629365, 0.00479364, 0.00666916, 0.00987641, 0.00785156, 0.00750054, 0.00785401, 0.00491764, 0.00944654, 0.00794265, 0.00707296, 0.0089998, 0.00584101, 0.00978332, 0.00569497, 0.00534284, 0.00581226, 0.00794554, 0.00565016, 0.00846436, 0.00668014, 0.00683777, 0.00618209, 0.00490549, 0.00527647, 0.00914924, 0.00503793, 0.00624919, 0.00759358, 0.00908945, 0.00632768, 0.00799187, 0.00929422, 0.0041655, 0.00573186, 0.0065825, 0.00956817, 0.00841692];
GivenLatency = [638.984, 890.065, 707.842, 388.484, 437.125, 459.029, 797.28, 561.191, 919.339, 786.571, 547.604, 653.341, 630.205, 622.618, 617.787, 846.932, 653.409, 584.934, 481.293, 532.993, 451.811, 553.724, 593.733, 592.325, 630.102, 796.158, 614.276, 547.356, 549.121, 487.427, 429.995, 608.651, 877.519, 1000.38, 347.989, 359.421, 765.562, 424.3, 577.448, 1168.22, 733.584, 1124.15, 470.98, 746.516, 394.522, 992.859, 550.075, 562.065, 469.146, 488.212, 620.921, 583.439, 689.637, 1041.17, 478.057, 436.633, 1013.61, 539.438, 821.104, 606.968, 741.302, 487.759, 927.071, 822.968, 397.803, 403.685, 640.1, 989.993, 431.089, 535.082, 705.158, 908.952, 634.672, 582.838, 437.73, 506.867, 573.831, 641.766, 671.703, 619.972, 840.896, 889.996, 668.601, 851.015, 1077.24, 454.279, 658.049, 571.348, 489.066, 598.755, 591.742, 700.196, 678.519, 443.956, 618.934, 619.821, 437.482, 783.611, 388.524, 619.532, 558.559, 500.278, 579.272, 345.064, 650.102, 929.757, 647.567, 423.386, 611.039, 562.664, 573.974, 683.677, 753.058, 791.582, 768.068, 490.245, 730.737, 565.401, 533.334, 417.464, 558.744, 576.625, 515.925, 1067.18, 854.517, 685.512, 435.368, 498.069];
HighestPossibleCritFunctionValue = 1.1;
