NumDevices = 64;
NumSlotes = 512;


GivenBandwidthOld = [0.0162204, 0.0116369, 0.0170043, 0.0155759, 0.00835571, 0.00945059, 0.0111273, 0.0111514, 0.0169361, 0.0107909, 0.0077782, 0.0132782, 0.0121105, 0.0155869, 0.0136662, 0.0130523, 0.0148207, 0.0159666, 0.0150811, 0.0129066, 0.016558, 0.0151735, 0.0154119, 0.012916, 0.0146414, 0.0132794, 0.011306, 0.0143737, 0.0141718, 0.0104714, 0.0170409, 0.0105941, 0.00999994, 0.0140317, 0.0164737, 0.00839855, 0.0094523, 0.00986931, 0.00841687, 0.0172577, 0.0150544, 0.0141469, 0.0121316, 0.0115817, 0.00910499, 0.0125448, 0.0153249, 0.0108602, 0.0118163, 0.0120761, 0.00759965, 0.0122742, 0.00794548, 0.014679, 0.014197, 0.0132822, 0.00872296, 0.0118477, 0.00968896, 0.0173336, 0.0112808, 0.0110996, 0.0154526, 0.0173827];
GivenLatency = [59.6858, 78.1814, 61.3057, 60.3581, 129.317, 98.7859, 107.17, 84.2041, 64.786, 99.2191, 153.044, 75.0968, 82.492, 61.246, 66.5496, 78.8258, 73.9536, 63.8999, 80.5535, 85.0985, 56.8888, 73.6985, 60.2801, 88.0762, 71.5654, 69.8191, 95.4913, 86.8123, 75.1479, 105.241, 58.6436, 90.3733, 124.804, 69.3168, 56.8281, 122.371, 112.238, 106.737, 112.779, 54.5059, 65.0077, 68.6966, 80.9144, 95.4799, 115.89, 93.3012, 71.5462, 84.0313, 89.8804, 96.2446, 138.035, 75.3229, 119.19, 71.4048, 82.0124, 71.0735, 125.258, 83.3957, 115.705, 52.861, 110.275, 92.5811, 70.2021, 53.9081];
HighestPossibleCritFunctionValue = 1.1;
