NumDevices = 64;
NumSlotes = 512;


GivenBandwidthOld = [0.0141562, 0.00905763, 0.0165641, 0.00852795, 0.0142345, 0.0139086, 0.0161781, 0.0101229, 0.0109935, 0.0122823, 0.0141022, 0.0112561, 0.0159961, 0.0121843, 0.0162503, 0.0142249, 0.0133453, 0.00900863, 0.0131265, 0.011655, 0.0101251, 0.00750247, 0.0089641, 0.0147016, 0.014497, 0.0158989, 0.00832381, 0.0132692, 0.0098767, 0.01277, 0.00985812, 0.0104627, 0.0115065, 0.0154392, 0.0119037, 0.0105416, 0.0172425, 0.00912429, 0.0169368, 0.0124905, 0.0136177, 0.00767437, 0.00819268, 0.00933009, 0.0157539, 0.0100491, 0.00968591, 0.0161637, 0.0174912, 0.0101623, 0.0120926, 0.0152694, 0.0172599, 0.0127143, 0.0134604, 0.0144936, 0.00932453, 0.01243, 0.0166327, 0.0102546, 0.0135686, 0.0117775, 0.00951591, 0.00891636];
GivenLatency = [74.8228, 102.567, 62.7384, 107.163, 85.4548, 68.4083, 60.4745, 96.019, 84.2254, 91.818, 66.3654, 89.4493, 64.0647, 85.9912, 57.3583, 78.9714, 80.0843, 101.446, 88.3273, 98.7469, 104.546, 133.869, 101.666, 64.516, 75.9708, 70.9652, 126.475, 85.8331, 102.723, 82.1702, 93.809, 101.223, 102.153, 70.4469, 98.3854, 100.027, 66.1431, 120.349, 60.1434, 82.2993, 72.5315, 132.211, 135.755, 129.002, 61.9704, 112.693, 99.7238, 63.9363, 57.5179, 110.338, 77.756, 71.013, 53.0173, 97.2014, 80.9569, 76.574, 120.872, 98.0862, 60.4931, 98.8471, 88.3346, 105.441, 99.783, 110.427];
HighestPossibleCritFunctionValue = 1.1;
