NumDevices = 16;
NumSlotes = 128;


GivenBandwidthOld = [0.0224999, 0.020519, 0.0286416, 0.0193479, 0.0199185, 0.0349526, 0.013693, 0.0274196, 0.0308544, 0.0340885, 0.0150444, 0.0158304, 0.0267235, 0.0322838, 0.0343667, 0.0156919];
GivenLatency = [17.5139, 20.6538, 13.6709, 29.228, 24.792, 10.4644, 35.6379, 15.9509, 15.4738, 8.91391, 25.1715, 27.7236, 16.4731, 15.8583, 13.891, 19.6401];
HighestPossibleCritFunctionValue = 1.1;
