NumDevices = 16;
NumSlotes = 128;


GivenBandwidthOld = [0.0227972, 0.0175756, 0.0331087, 0.0226149, 0.0279878, 0.0301761, 0.0348318, 0.0326652, 0.0192114, 0.026427, 0.0235004, 0.0114114, 0.0312711, 0.0133818, 0.0225743, 0.0216861];
GivenLatency = [20.6783, 22.4863, 17.581, 16.5433, 13.6467, 16.0085, 9.85293, 13.6159, 16.6182, 16.1506, 16.7918, 55.1107, 12.2863, 37.7794, 16.9969, 16.1205];
HighestPossibleCritFunctionValue = 1.1;
