NumDevices = 32;
NumSlotes = 256;


GivenBandwidthOld = [0.0201864, 0.0223245, 0.0176236, 0.0301763, 0.0228156, 0.0314469, 0.0187405, 0.0217898, 0.0310097, 0.0296012, 0.017031, 0.0305551, 0.0293291, 0.0233526, 0.0179444, 0.0211455, 0.0225205, 0.0313198, 0.0221652, 0.0202401, 0.0248664, 0.0195365, 0.0195192, 0.0295651, 0.0302363, 0.0322417, 0.0170402, 0.0246323, 0.025872, 0.0199944, 0.0155725, 0.0177824];
GivenLatency = [53.965, 51.7854, 50.1255, 30.8433, 40.7917, 32.7425, 58.5898, 38.5387, 29.3088, 31.2293, 50.4273, 33.4799, 36.6412, 44.917, 46.6493, 51.294, 38.6574, 31.8648, 49.453, 48.5105, 40.5811, 46.5874, 52.8259, 30.9612, 31.4796, 33.1988, 62.5506, 44.4427, 34.3994, 52.5607, 65.7854, 63.9983];
HighestPossibleCritFunctionValue = 1.1;
