NumDevices = 64;
NumSlotes = 512;


GivenBandwidthOld = [0.0126087, 0.0192624, 0.00994891, 0.016314, 0.0195522, 0.0181966, 0.00971625, 0.0185298, 0.0108849, 0.00943146, 0.0194934, 0.0183619, 0.0139953, 0.011059, 0.0108233, 0.0126916, 0.0132121, 0.010684, 0.00799684, 0.00789272, 0.00787253, 0.0185437, 0.0182209, 0.0188158, 0.0177148, 0.0120064, 0.00869485, 0.0143891, 0.0170017, 0.0153218, 0.0185959, 0.0085844, 0.0080136, 0.0146315, 0.0173139, 0.0120206, 0.0095256, 0.0142865, 0.0180647, 0.0177679, 0.0180206, 0.0139402, 0.0111038, 0.0146774, 0.0132709, 0.0121283, 0.00775239, 0.0119882, 0.0157999, 0.017185, 0.00893288, 0.0148952, 0.0117138, 0.0169609, 0.017107, 0.0103268, 0.0179552, 0.0159875, 0.0194968, 0.0126925, 0.0157785, 0.0199357, 0.0143575, 0.0120286];
GivenLatency = [181.463, 162.419, 325.621, 144.719, 153.676, 140.407, 326.726, 155.861, 273.401, 237.776, 145.301, 138.343, 173.58, 281.027, 248.445, 207.283, 172.537, 265.749, 351.607, 330.633, 343.408, 160.822, 144.889, 132.611, 165.449, 211.114, 273.802, 211.313, 173.335, 164.679, 124.591, 262.358, 395.205, 201.024, 156.32, 188.718, 274.02, 202.806, 135.674, 150.839, 177.567, 224.561, 221.006, 185.164, 232.83, 216.217, 328.333, 194.465, 196.622, 177.375, 308.174, 173.292, 245.018, 169.095, 140.9, 218.48, 139.949, 189.324, 166.337, 184.926, 155.55, 150.95, 186.619, 269.62];
HighestPossibleCritFunctionValue = 1.1;
