NumDevices = 32;
NumSlotes = 256;


GivenBandwidthOld = [0.00524947, 0.0102641, 0.015593, 0.016121, 0.0149619, 0.00953635, 0.00993745, 0.0136711, 0.0154987, 0.00609991, 0.0161189, 0.00508358, 0.00973927, 0.00787402, 0.00862508, 0.00664555, 0.011749, 0.0111987, 0.010987, 0.0168155, 0.0122996, 0.014323, 0.00859072, 0.016797, 0.0151559, 0.0085422, 0.0137826, 0.0141801, 0.00725989, 0.0119504, 0.00853, 0.0086922];
GivenLatency = [85.4466, 53.0424, 24.993, 19.7962, 30.1626, 34.3557, 43.0189, 23.7653, 19.7854, 95.4038, 29.6991, 89.0334, 35.5615, 43.169, 48.3232, 91.0262, 27.8601, 32.9678, 38.4478, 30.648, 24.8809, 22.7254, 37.9044, 20.0959, 25.0547, 50.983, 28.9333, 38.3268, 83.8188, 37.4015, 51.8005, 70.2434];
HighestPossibleCritFunctionValue = 1.1;
