NumDevices = 32;
NumSlotes = 256;


GivenBandwidthOld = [0.0238245, 0.0281475, 0.0248008, 0.016534, 0.0171005, 0.0184142, 0.0175058, 0.0304722, 0.0167991, 0.0330454, 0.0244011, 0.0188186, 0.0348129, 0.0299732, 0.0295732, 0.0260517, 0.0211406, 0.0193352, 0.0172157, 0.0340924, 0.0213719, 0.0271427, 0.0173785, 0.0298206, 0.0251078, 0.0174261, 0.0310017, 0.0348189, 0.0311203, 0.0281626, 0.0185631, 0.0204075];
GivenLatency = [45.4683, 38.2781, 34.5758, 56.5825, 50.6703, 62.3458, 56.0657, 35.0238, 50.4568, 34.323, 38.9354, 45.7124, 29.3974, 30.4696, 37.2738, 40.7645, 52.311, 53.9693, 51.4327, 30.1714, 54.4253, 33.6783, 57.9365, 33.26, 40.5332, 51.8475, 28.9809, 31.6597, 34.2797, 35.276, 45.4334, 54.453];
HighestPossibleCritFunctionValue = 1.1;
