NumDevices = 128;
NumSlotes = 1024;


GivenBandwidthOld = [0.00853043, 0.00475299, 0.00477241, 0.00619408, 0.00646874, 0.00379898, 0.00821905, 0.00877929, 0.00596921, 0.00833797, 0.00752717, 0.00532017, 0.00611393, 0.00939611, 0.00423245, 0.00600924, 0.00596828, 0.00516723, 0.00441397, 0.00678354, 0.00720478, 0.00580664, 0.00725366, 0.00857419, 0.0088957, 0.00622383, 0.00632842, 0.00807378, 0.00480299, 0.00764412, 0.00851675, 0.00609234, 0.00894858, 0.00756209, 0.00475017, 0.00741628, 0.00409081, 0.00672747, 0.00851479, 0.00441035, 0.00845519, 0.00884722, 0.00400881, 0.00986551, 0.0059026, 0.00746524, 0.00833754, 0.00651146, 0.00932033, 0.00546801, 0.00956302, 0.00935801, 0.00751162, 0.00651076, 0.00387152, 0.0086044, 0.00419993, 0.00950737, 0.00537493, 0.00768753, 0.00687323, 0.00836853, 0.00867809, 0.00515835, 0.00511639, 0.00609092, 0.00381739, 0.00519379, 0.00706016, 0.00636998, 0.00646175, 0.00514028, 0.00774899, 0.00858491, 0.00788483, 0.00406187, 0.00785711, 0.00698319, 0.0065196, 0.00874148, 0.0080909, 0.00508402, 0.00586849, 0.00916506, 0.00838169, 0.0048755, 0.00749631, 0.00542558, 0.00901792, 0.0041953, 0.00670441, 0.00845866, 0.00475639, 0.00571395, 0.00558572, 0.00666841, 0.00970395, 0.009365, 0.00636284, 0.0053104, 0.00445682, 0.00823203, 0.00830007, 0.00807341, 0.00475947, 0.0073539, 0.00571944, 0.00420532, 0.00625441, 0.0079009, 0.00536607, 0.00884711, 0.00838166, 0.00427703, 0.00521607, 0.0064811, 0.00536565, 0.00790062, 0.00691913, 0.00476567, 0.00532008, 0.00451691, 0.00578833, 0.00574392, 0.00933325, 0.00398369, 0.00642677, 0.004666];
GivenLatency = [525.394, 954.422, 824.723, 620.64, 658.743, 998.694, 458.958, 386.953, 667.384, 426.469, 581.415, 716.026, 800.763, 456.339, 1089.98, 625.224, 605.869, 758.418, 815.312, 669.874, 602.036, 617.302, 521.444, 391.818, 377.902, 638.446, 540.132, 516.815, 712.395, 455.08, 526.781, 643.567, 378.168, 651.652, 975.786, 468.187, 992.874, 562.612, 419.47, 1123.54, 418.366, 404.833, 1064.67, 405.373, 613.62, 631.521, 407.802, 648.415, 365.261, 822.463, 368.32, 395.989, 465.852, 585.999, 991.315, 517.624, 808.924, 378.511, 696.155, 622.062, 591.346, 558.507, 484.194, 704.174, 972.672, 714.637, 886.669, 669.288, 549.768, 563.007, 537.487, 696.394, 550.283, 422.963, 561.155, 1104.43, 609.016, 561.126, 522.539, 471.957, 543.677, 699.285, 625.804, 507.861, 460.597, 715.986, 493.427, 900.069, 423.101, 1003.36, 683.174, 509.808, 809.645, 759.736, 873.239, 735.876, 465.079, 434.956, 580.754, 681.669, 750.299, 405.145, 536.591, 449.974, 908.665, 595.041, 744.211, 873.034, 667.517, 424.528, 895.855, 379.941, 522.918, 898.141, 735.305, 567.886, 694.669, 624.687, 496.255, 729.592, 676.815, 744.911, 578.985, 619.669, 412.476, 1013.77, 682.696, 925.983];
HighestPossibleCritFunctionValue = 1.1;
