NumDevices = 32;
NumSlotes = 256;


GivenBandwidthOld = [0.0103937, 0.00733424, 0.0116439, 0.00574445, 0.0169609, 0.00634196, 0.00935035, 0.00875696, 0.0106439, 0.0113355, 0.0108373, 0.0119321, 0.0125153, 0.0147374, 0.0111245, 0.0146761, 0.00608881, 0.0172061, 0.0156998, 0.0115923, 0.0142743, 0.0155424, 0.016318, 0.0147055, 0.0129967, 0.00557981, 0.0123388, 0.0113918, 0.00699405, 0.00644608, 0.00925383, 0.0115286];
GivenLatency = [59.058, 66.2463, 26.6909, 59.5386, 20.7888, 68.1684, 34.7891, 38.4475, 44.9874, 50.2519, 36.5706, 29.3456, 28.0761, 31.7763, 39.2715, 35.4146, 52.1898, 27.3756, 26.2061, 35.198, 24.7709, 21.6722, 18.9244, 20.8672, 28.257, 60.1446, 36.8533, 47.7547, 64.1256, 57.6106, 67.1663, 29.9844];
HighestPossibleCritFunctionValue = 1.1;
