NumDevices = 16;
NumSlotes = 128;


GivenBandwidthOld = [0.0604341, 0.0551115, 0.0386305, 0.0426778, 0.0662299, 0.0662807, 0.0394701, 0.034614, 0.0572436, 0.0329532, 0.0641648, 0.0385538, 0.034218, 0.0412452, 0.0687245, 0.0330615];
GivenLatency = [15.8104, 19.0954, 23.6277, 23.7863, 12.2077, 12.3724, 20.4111, 28.965, 13.4843, 25.8575, 13.6747, 20.1208, 31.5198, 19.1407, 15.594, 23.9182];
HighestPossibleCritFunctionValue = 1.1;
