NumDevices = 64;
NumSlotes = 512;


GivenBandwidthOld = [0.00801317, 0.0198238, 0.00804843, 0.012496, 0.013198, 0.0120381, 0.0176614, 0.0154456, 0.011577, 0.0169125, 0.0157959, 0.0119063, 0.0147262, 0.00862343, 0.0139763, 0.0178548, 0.0148657, 0.014837, 0.00834773, 0.017824, 0.0111101, 0.0196508, 0.0141715, 0.0107488, 0.00950873, 0.0182306, 0.0188373, 0.0166253, 0.0146215, 0.0107362, 0.0114049, 0.0113321, 0.0135296, 0.00943409, 0.0138272, 0.0105378, 0.0131287, 0.00926191, 0.0199143, 0.0175835, 0.0175854, 0.0126882, 0.0178734, 0.0151894, 0.0177096, 0.0119884, 0.0189558, 0.00815388, 0.00983399, 0.00982781, 0.0184427, 0.00951581, 0.0122605, 0.0165381, 0.0107397, 0.0192141, 0.0119158, 0.0108519, 0.0171673, 0.0107071, 0.00959359, 0.0195103, 0.0140214, 0.0133336];
GivenLatency = [312.374, 161.103, 285.745, 241.375, 174.328, 245.126, 137.868, 199.069, 281.027, 164.502, 171.041, 196.295, 179.724, 338.972, 199.11, 149.009, 170.095, 217.847, 290.037, 163.951, 249.996, 159.126, 188.018, 228.039, 333.512, 135.518, 136.124, 165.97, 163.905, 227.676, 238.022, 238.94, 174.842, 338.467, 165.144, 250.981, 225.781, 253.158, 126.438, 144.503, 132.517, 239.081, 157.935, 148.967, 140.381, 218.65, 157.439, 343.392, 227.692, 267.571, 160.676, 292.41, 261.926, 134.533, 305.057, 170.132, 257.014, 256.169, 139.259, 216.601, 319.246, 163.956, 202.059, 220.168];
HighestPossibleCritFunctionValue = 1.1;
