NumDevices = 16;
NumSlotes = 128;


GivenBandwidthOld = [0.037795, 0.0405253, 0.0779581, 0.0617954, 0.0649172, 0.0337635, 0.0332853, 0.0465703, 0.0764872, 0.0400699, 0.0749433, 0.0422365, 0.0383891, 0.0751947, 0.0668202, 0.0671673];
GivenLatency = [43.7787, 37.7818, 18.5286, 29.2431, 25.4425, 48.6579, 52.3984, 42.6827, 22.9937, 40.5611, 18.1793, 33.9022, 35.642, 18.5837, 23.8641, 21.55];
HighestPossibleCritFunctionValue = 1.1;
