NumDevices = 16;
NumSlotes = 128;


GivenBandwidthOld = [0.0620235, 0.0485549, 0.0430179, 0.0621123, 0.0609371, 0.0303029, 0.0408225, 0.0434531, 0.056843, 0.0598103, 0.0519585, 0.0457896, 0.0459722, 0.035391, 0.0363387, 0.0440629];
GivenLatency = [12.8198, 16.136, 20.9826, 14.8096, 15.2587, 36.5844, 24.7792, 24.6956, 16.3311, 14.5391, 14.9313, 23.3995, 19.2248, 23.4386, 25.6524, 18.0176];
HighestPossibleCritFunctionValue = 1.1;
