NumDevices = 128;
NumSlotes = 1024;


GivenBandwidthOld = [0.00423821, 0.0022555, 0.00377128, 0.00140621, 0.00161939, 0.00327903, 0.00319597, 0.00405786, 0.00233207, 0.00315357, 0.0039473, 0.00351899, 0.00184561, 0.0022605, 0.00338983, 0.00285473, 0.00315158, 0.00176782, 0.00424389, 0.00385618, 0.00338684, 0.00265664, 0.00201399, 0.00409393, 0.00225554, 0.0014444, 0.00288321, 0.00370838, 0.00368452, 0.0025499, 0.00185513, 0.00297882, 0.00125453, 0.00232109, 0.00299797, 0.0012934, 0.00261821, 0.00305277, 0.00345374, 0.00194388, 0.00397535, 0.00304967, 0.00140278, 0.003396, 0.00347769, 0.00145088, 0.00238743, 0.00248925, 0.00436356, 0.00277114, 0.00141713, 0.00396664, 0.00360458, 0.00281455, 0.00283091, 0.00281597, 0.00172305, 0.00183717, 0.00413552, 0.00436865, 0.00388871, 0.00312369, 0.00176697, 0.00248473, 0.0033523, 0.00334014, 0.00203191, 0.00215538, 0.00226639, 0.00240509, 0.00235931, 0.0016628, 0.00167029, 0.00249321, 0.00213352, 0.00367985, 0.00225419, 0.00374683, 0.00292509, 0.00139202, 0.00380426, 0.00264102, 0.00192365, 0.00135115, 0.00436026, 0.0034681, 0.00278356, 0.0038387, 0.00334629, 0.00231954, 0.0019715, 0.00255921, 0.00205059, 0.00358046, 0.00370521, 0.00346599, 0.0015892, 0.00216598, 0.00244418, 0.00302513, 0.00143622, 0.00292145, 0.00261277, 0.00222588, 0.00290656, 0.00242977, 0.00150209, 0.00376868, 0.00147386, 0.00437309, 0.00349607, 0.00401684, 0.00347499, 0.00293702, 0.00186249, 0.00157705, 0.00420644, 0.00270705, 0.00240575, 0.00411901, 0.00190427, 0.00379351, 0.00307731, 0.00340667, 0.00158548, 0.00211476, 0.00393678, 0.00166068];
GivenLatency = [85.1056, 198.508, 103.69, 224.858, 237.553, 136.985, 110.083, 77.0241, 172.613, 102.835, 104.311, 108.586, 195.501, 271.98, 113.799, 167.544, 198.492, 189.464, 114.038, 81.3234, 96.9098, 123.208, 187.182, 138.101, 197.126, 242.644, 179.493, 93.6694, 168.939, 148.131, 251.57, 112.9, 321.37, 171.565, 198.102, 351.1, 138.738, 125.206, 156.573, 183.529, 106.413, 136.954, 359.111, 96.4038, 147.911, 336.285, 142.623, 228.394, 122.221, 235.144, 302.119, 145.566, 108.909, 166.091, 185.539, 167.819, 293.796, 177.792, 84.1815, 120.795, 124.906, 178.418, 343.83, 184.679, 178.007, 117.42, 187.373, 224.064, 165.883, 149.979, 235.277, 315.834, 348.696, 169.175, 264.476, 140.217, 200.665, 137.584, 173.779, 291.973, 135.698, 120.171, 232.922, 323.167, 149.047, 129.215, 123.167, 91.156, 129.295, 211.679, 175.904, 226.856, 266.166, 158.885, 124.013, 101.718, 212.687, 175.148, 192.794, 107.228, 262.942, 123.179, 132.437, 276.466, 144.019, 145.141, 292.518, 173.56, 311.292, 89.6808, 109.343, 139.886, 96.8511, 124.886, 228.707, 250.71, 129.972, 191.392, 154.412, 105.341, 300.361, 114.218, 127.496, 184.481, 389.854, 157.222, 102.08, 202.376];
HighestPossibleCritFunctionValue = 1.1;
