NumDevices = 16;
NumSlotes = 128;


GivenBandwidthOld = [0.0299141, 0.0311739, 0.0291987, 0.0326055, 0.0162865, 0.0166436, 0.0188376, 0.0188208, 0.0113752, 0.0224273, 0.0258447, 0.0127, 0.0141882, 0.0265868, 0.0346084, 0.0278129];
GivenLatency = [16.278, 10.0299, 20.4476, 9.88043, 27.571, 24.6897, 22.2018, 16.133, 43.5908, 18.6632, 17.6532, 29.2688, 44.4972, 22.048, 11.4775, 14.0477];
HighestPossibleCritFunctionValue = 1.1;
