NumDevices = 128;
NumSlotes = 1024;


GivenBandwidthOld = [0.00620382, 0.00759953, 0.00904681, 0.00844351, 0.00624374, 0.00983131, 0.00614602, 0.00497125, 0.00424619, 0.00563101, 0.00545461, 0.00935533, 0.00623529, 0.00531279, 0.0071396, 0.00398136, 0.00478822, 0.00934605, 0.00659713, 0.00539878, 0.00851039, 0.00534242, 0.00505409, 0.00911103, 0.00664187, 0.00733716, 0.0056776, 0.00721588, 0.00478647, 0.00500186, 0.00631426, 0.00755374, 0.00820575, 0.00411247, 0.00823087, 0.007527, 0.00877244, 0.00964312, 0.00563356, 0.00452654, 0.00504104, 0.00853315, 0.00664305, 0.0084993, 0.00655086, 0.00911181, 0.00715149, 0.00388606, 0.00923709, 0.00648049, 0.00752584, 0.00800181, 0.00769771, 0.00914388, 0.00863437, 0.0078379, 0.00904362, 0.00487323, 0.00688668, 0.00946422, 0.00515709, 0.00897604, 0.00657814, 0.00508375, 0.00754026, 0.00659744, 0.00440834, 0.00601458, 0.0082316, 0.00727556, 0.00784355, 0.00405755, 0.0040394, 0.00523186, 0.00937861, 0.0038717, 0.00538238, 0.00784805, 0.00473399, 0.00424441, 0.00700189, 0.00831393, 0.00963652, 0.00719414, 0.00819216, 0.00695599, 0.00564781, 0.00651539, 0.00674267, 0.00779365, 0.00909244, 0.00665593, 0.0061423, 0.00487912, 0.00595384, 0.00622876, 0.0080261, 0.00967719, 0.00961521, 0.00533419, 0.00417288, 0.00479165, 0.00447547, 0.00927801, 0.00671623, 0.00714024, 0.00856531, 0.00965412, 0.0093485, 0.00399162, 0.00842594, 0.00472503, 0.00986659, 0.00524584, 0.00688443, 0.00908406, 0.00946925, 0.00851875, 0.00840744, 0.00627692, 0.00502498, 0.00742064, 0.00875675, 0.0084587, 0.00535511, 0.00585474, 0.00939287, 0.0059035];
GivenLatency = [796.548, 444.725, 492.551, 463.757, 592.945, 431.333, 582.46, 856.665, 1081.61, 648.307, 682.665, 410.611, 706.768, 651.31, 618.073, 847.253, 754.122, 490.29, 656.571, 621.636, 501.885, 823.738, 917.153, 515.145, 722.686, 505.614, 663.868, 528.332, 901.318, 998.111, 764.877, 484.307, 446.837, 911.146, 428.051, 566.163, 542.129, 505.555, 881.246, 1094.18, 945.732, 471.126, 603.599, 482.13, 758.497, 546.607, 677.564, 1226.31, 509.562, 639.904, 608.939, 555.731, 570.22, 520.088, 492.625, 558.608, 377.579, 713.288, 620.767, 447.763, 800.598, 518.35, 535.712, 927.367, 512.163, 557.675, 806.618, 598.087, 412.747, 496.639, 438.44, 869.334, 1022.31, 677.796, 468.159, 921.082, 827.692, 491.337, 977.148, 1142.95, 625.762, 424.265, 465.94, 507.042, 549.322, 523.734, 608.263, 584.815, 625.767, 570.534, 378.884, 517.11, 699.041, 919.173, 594.903, 735.397, 477.355, 396.536, 427.315, 718.869, 1136.35, 734.009, 960.883, 454.485, 740.322, 651.206, 405.976, 444.335, 487.082, 1149.83, 567.669, 708.119, 358.413, 659.303, 523.834, 426.991, 456.768, 415.738, 491.775, 531.524, 769.343, 524.877, 558.091, 418.157, 675.934, 571.722, 378.086, 757.505];
HighestPossibleCritFunctionValue = 1.1;
