NumDevices = 128;
NumSlotes = 1024;


GivenBandwidthOld = [0.00818399, 0.00574651, 0.00411258, 0.00762681, 0.00630618, 0.00541174, 0.00763758, 0.00724682, 0.00488943, 0.00409932, 0.00476081, 0.00744736, 0.00535335, 0.00617914, 0.00522794, 0.00850659, 0.00772983, 0.00781818, 0.00760232, 0.00471413, 0.00788742, 0.0063891, 0.00417592, 0.00711168, 0.00852747, 0.00863535, 0.00686408, 0.00706591, 0.00421059, 0.00490188, 0.00834466, 0.00617234, 0.00600525, 0.00776144, 0.00407255, 0.00489606, 0.00554302, 0.00406814, 0.00576684, 0.00578662, 0.00824777, 0.00784605, 0.00602484, 0.00704865, 0.00417853, 0.00611446, 0.00829908, 0.00510873, 0.00489955, 0.00426235, 0.00486582, 0.00737597, 0.00535716, 0.0053021, 0.00497607, 0.00525437, 0.00769746, 0.00868391, 0.00791295, 0.00542848, 0.00389134, 0.00430492, 0.00533747, 0.00441546, 0.00815001, 0.00475429, 0.00790719, 0.00866685, 0.00618612, 0.00767975, 0.00608543, 0.00536503, 0.00749148, 0.00675994, 0.0068256, 0.00538143, 0.00817944, 0.00440462, 0.00599272, 0.00706975, 0.00382009, 0.0066966, 0.00729729, 0.00812542, 0.00634629, 0.00466989, 0.00431547, 0.0075251, 0.00691991, 0.00541358, 0.00847727, 0.00492794, 0.00632746, 0.00806441, 0.00606832, 0.0078367, 0.00395787, 0.00741298, 0.00752569, 0.00684265, 0.00691365, 0.00524107, 0.0040842, 0.00559708, 0.00765839, 0.00705544, 0.00825663, 0.00669897, 0.00714803, 0.00446966, 0.00408414, 0.00463737, 0.00783712, 0.0059528, 0.0062842, 0.00611649, 0.00727781, 0.0056236, 0.00829823, 0.00591561, 0.00612075, 0.00401055, 0.00785158, 0.00399092, 0.00787275, 0.0048906, 0.00381203, 0.00622239];
GivenLatency = [127.372, 175.898, 266.023, 158.486, 163.032, 198.421, 166.566, 164.194, 208.824, 281.555, 258.512, 134.313, 240.458, 155.892, 235.53, 125.633, 134.677, 123.928, 158.844, 243.636, 161.295, 158.997, 288.005, 135.247, 123.73, 120.235, 179.068, 139.76, 266.227, 198.295, 121.339, 165.262, 175.166, 145.832, 248.139, 228.058, 208.128, 237.231, 210.782, 168.52, 128.311, 161.034, 185.595, 141.475, 232.78, 160.456, 117.732, 214.141, 202.675, 230.66, 247.155, 132.179, 224.037, 240.677, 201.095, 239.887, 143.923, 114.951, 131.361, 210.205, 250.353, 226.582, 202.608, 223.799, 120.456, 219.494, 147.142, 122.318, 185.418, 168.786, 164.241, 228.784, 140.034, 159.228, 148.365, 178.404, 141.944, 219.464, 207.252, 139.212, 278.58, 161.03, 164.579, 131.599, 165.388, 272.047, 244.227, 130.158, 146.55, 199.222, 126.499, 245.039, 177.622, 123.409, 167.61, 131.053, 283.316, 167.134, 143.419, 142.64, 149.87, 204.843, 314.241, 217.077, 160.217, 152.589, 156.346, 151.54, 160.073, 235.334, 294.407, 222.116, 140.065, 208.943, 187.727, 164.444, 158.023, 193.049, 143.158, 181.93, 194.069, 285.469, 138.497, 285.26, 122.476, 260.28, 261.022, 207.886];
HighestPossibleCritFunctionValue = 1.1;
