NumDevices = 64;
NumSlotes = 512;


GivenBandwidthOld = [0.00831196, 0.014155, 0.00781655, 0.00774561, 0.0154593, 0.00943043, 0.0123155, 0.012188, 0.00915273, 0.0149973, 0.014665, 0.0101949, 0.0112777, 0.0091857, 0.00899632, 0.0161595, 0.017209, 0.0158326, 0.0127343, 0.00994117, 0.0162422, 0.00761878, 0.0138683, 0.0103518, 0.0085338, 0.0126328, 0.0151114, 0.0125443, 0.0168771, 0.00765627, 0.0138755, 0.0105372, 0.0133159, 0.0155389, 0.00751629, 0.0113149, 0.0148635, 0.0164234, 0.0127455, 0.00862155, 0.0173847, 0.0098518, 0.0142573, 0.0174139, 0.010096, 0.00788348, 0.0125764, 0.0172922, 0.0142733, 0.016956, 0.0144041, 0.0140812, 0.00778242, 0.0141404, 0.0133903, 0.0152996, 0.0149692, 0.0121223, 0.0147918, 0.0115647, 0.0130984, 0.00956102, 0.0170988, 0.0141987];
GivenLatency = [129.189, 70.7037, 143.475, 145.42, 72.7557, 101.872, 77.4448, 75.6957, 103.433, 77.0555, 79.8422, 114.618, 107.518, 129.692, 107.147, 57.5764, 65.6498, 59.7418, 96.2058, 104.438, 61.469, 120.646, 67.2446, 105.374, 120.695, 79.7513, 71.4283, 85.3538, 68.0137, 131.325, 74.276, 103.09, 70.3823, 70.1832, 164.54, 84.3483, 66.4229, 64.1774, 72.9034, 106.601, 52.4424, 96.0493, 76.1911, 53.2488, 90.5669, 121.043, 84.9844, 65.2839, 66.8436, 72.9551, 85.7722, 83.6568, 123.184, 86.548, 78.9644, 63.2102, 77.8771, 79.0858, 62.7248, 96.3583, 79.9059, 118.898, 58.1688, 64.6067];
HighestPossibleCritFunctionValue = 1.1;
