NumDevices = 128;
NumSlotes = 1024;


GivenBandwidthOld = [0.00414652, 0.00552131, 0.00539184, 0.00440424, 0.00575043, 0.00621298, 0.00523111, 0.00931617, 0.00431317, 0.00647199, 0.00845536, 0.00548266, 0.00577497, 0.00613021, 0.00785655, 0.00375629, 0.00948405, 0.00722937, 0.00651272, 0.00556603, 0.00705826, 0.00563331, 0.00658894, 0.00535327, 0.00621044, 0.00640684, 0.00722934, 0.00595123, 0.00605184, 0.00959892, 0.00660291, 0.00886945, 0.00890015, 0.00605326, 0.00835631, 0.00945782, 0.00382778, 0.00467467, 0.00722058, 0.00878286, 0.0097866, 0.00461197, 0.00962501, 0.00758268, 0.00716107, 0.00865118, 0.00916189, 0.0052112, 0.00588308, 0.00439358, 0.0078587, 0.00868916, 0.0099862, 0.00925494, 0.00655263, 0.00755804, 0.00541849, 0.008553, 0.00894797, 0.00974674, 0.00965696, 0.00696149, 0.00425068, 0.00618938, 0.00858323, 0.00468006, 0.00403674, 0.00420192, 0.00540464, 0.00703983, 0.0083888, 0.00561493, 0.00393156, 0.00523993, 0.00747301, 0.00755106, 0.00691113, 0.00794492, 0.00777151, 0.00580928, 0.00776731, 0.0039147, 0.00938897, 0.00914151, 0.00632285, 0.00816239, 0.00658295, 0.00456622, 0.00944485, 0.00454574, 0.00904513, 0.00523394, 0.00690171, 0.00586786, 0.00489427, 0.00417154, 0.007281, 0.00559022, 0.00724751, 0.00515772, 0.00704384, 0.00708714, 0.00978271, 0.0079637, 0.00470873, 0.00464216, 0.00447776, 0.00403008, 0.00472555, 0.00613545, 0.00847212, 0.00597755, 0.00465812, 0.00395123, 0.00461509, 0.00587156, 0.00452732, 0.00570049, 0.00445858, 0.00657192, 0.00679737, 0.00845303, 0.00381168, 0.00914531, 0.00774262, 0.00769627, 0.00998304, 0.00625648];
GivenLatency = [1082.42, 702.883, 679.667, 923.641, 612.826, 570.054, 866.031, 524.235, 987.532, 584.858, 404.277, 685.489, 645.473, 743.967, 620.657, 1190.63, 367.014, 631.034, 622.314, 734.104, 531.938, 788.858, 602.19, 736.07, 726.339, 567.612, 613.17, 567.065, 685.35, 359.531, 667.577, 399.224, 475.158, 674.321, 583.564, 387.499, 1074.28, 1020.72, 546.405, 472.07, 380.387, 917.549, 368.675, 489.991, 559.535, 465.588, 415.989, 807.771, 617.346, 1094.37, 431.057, 545.309, 373.849, 381.978, 726.009, 631.567, 700.683, 579.836, 429.033, 344.701, 481.683, 524.027, 865.513, 677.903, 418.358, 744.477, 898.54, 989.912, 618.173, 635.097, 500.118, 670.287, 1014.91, 932.676, 624.315, 454.858, 582.58, 577.93, 465.483, 783.904, 476.237, 970.823, 452.121, 377.429, 762.092, 501.509, 570.317, 851.263, 443.773, 1056.05, 400.024, 784.316, 686.671, 620.298, 875.871, 821.914, 580.709, 773.349, 579.303, 656.822, 505.963, 529.088, 506.367, 481.433, 743.621, 955.278, 1054.63, 1202.35, 912.57, 609.165, 459.46, 594.301, 757.345, 981.918, 904.093, 642.946, 805.244, 811.354, 892.193, 540.008, 592.129, 502.774, 1183.37, 540.822, 623.814, 529.249, 343.017, 565.797];
HighestPossibleCritFunctionValue = 1.1;
