NumDevices = 128;
NumSlotes = 1024;


GivenBandwidthOld = [0.00519361, 0.00656559, 0.00530937, 0.00703084, 0.00481024, 0.00826882, 0.00655255, 0.00612974, 0.005101, 0.00497071, 0.00519552, 0.00855783, 0.00390285, 0.00768664, 0.00688701, 0.00754355, 0.00696646, 0.00775967, 0.00434738, 0.00385367, 0.0060809, 0.00417509, 0.00817777, 0.00628021, 0.00403182, 0.0053422, 0.00393176, 0.00865444, 0.00760806, 0.00618004, 0.00543732, 0.00746718, 0.00833272, 0.00555205, 0.00581315, 0.00404888, 0.00704234, 0.00813663, 0.0048462, 0.00755101, 0.00728976, 0.00644201, 0.00836945, 0.0077769, 0.00387905, 0.00777259, 0.0065002, 0.00644251, 0.00681015, 0.00562372, 0.00544102, 0.00464662, 0.00830192, 0.00783017, 0.00419351, 0.00782654, 0.00821823, 0.00626143, 0.00837498, 0.00579036, 0.00616447, 0.00867489, 0.00632432, 0.00527144, 0.00462996, 0.0082457, 0.00802673, 0.00769384, 0.00786034, 0.00620786, 0.0079944, 0.00435308, 0.00478731, 0.00774582, 0.0065352, 0.0045391, 0.00622077, 0.00490324, 0.00625138, 0.00452063, 0.0057766, 0.00477982, 0.00685288, 0.00387495, 0.00378366, 0.00444768, 0.00464171, 0.0057095, 0.00705581, 0.00444588, 0.00441259, 0.00494893, 0.00416699, 0.00707083, 0.00694111, 0.00666051, 0.0057482, 0.00746787, 0.00495245, 0.00839073, 0.00547896, 0.00731325, 0.00623205, 0.00465098, 0.00651745, 0.00620749, 0.00687054, 0.00563768, 0.00506887, 0.00507035, 0.00481877, 0.00663937, 0.00545514, 0.00702256, 0.00558919, 0.00504381, 0.00382353, 0.00464824, 0.00555334, 0.00740849, 0.00692539, 0.0075859, 0.0087389, 0.00714823, 0.00772864, 0.0077345, 0.00624959, 0.00433855];
GivenLatency = [220.996, 150.44, 210.667, 138.527, 225.811, 156.866, 181.492, 178.809, 214.895, 256.164, 215.483, 136.113, 251.319, 161.175, 180.896, 148.817, 142.398, 149.946, 264.371, 300.318, 209.987, 245.117, 144.538, 179.006, 264.203, 193.386, 312.166, 130.94, 141.487, 203.479, 176.886, 139.3, 138.647, 192.849, 166.718, 299.776, 148.8, 117.914, 222.199, 140.534, 152.637, 166.418, 124.805, 136.471, 262.628, 122.796, 147.725, 194.372, 150.449, 190.964, 187.298, 244.125, 151.406, 128.519, 255.636, 138.571, 138.158, 198.762, 125.102, 182.852, 182.844, 136.255, 170.534, 224.824, 231.304, 147.311, 125.284, 149.641, 121.969, 184.792, 137.21, 256.308, 228.12, 130.61, 153.482, 276.945, 195.155, 244.278, 183.813, 221.152, 222.391, 201.696, 144.009, 320.502, 261.739, 220.335, 270.395, 178.765, 141.787, 268.921, 284.854, 231.865, 237.724, 141.697, 176.825, 164.97, 202.936, 155.878, 243.572, 147.255, 223.362, 165.849, 159.183, 232.376, 162.937, 209.086, 156.93, 181.71, 204.783, 242.032, 233.349, 183.714, 179.79, 138.175, 203.846, 191.889, 293.378, 253.338, 233.671, 156.404, 142.12, 158.947, 117.404, 148.127, 166.92, 140.013, 202.388, 273.935];
HighestPossibleCritFunctionValue = 1.1;
