NumDevices = 16;
NumSlotes = 128;


GivenBandwidthOld = [0.0422999, 0.0551498, 0.0729471, 0.0412935, 0.0395589, 0.036742, 0.0421812, 0.0596025, 0.0597246, 0.060814, 0.0714114, 0.0317414, 0.0481452, 0.0456762, 0.0492657, 0.0794245];
GivenLatency = [37.2277, 26.0657, 20.7583, 36.6272, 44.9756, 38.682, 31.8368, 29.3923, 28.2417, 30.8841, 27.3294, 61.5219, 32.3676, 33.3972, 28.9389, 20.5096];
HighestPossibleCritFunctionValue = 1.1;
