NumDevices = 16;
NumSlotes = 128;


GivenBandwidthOld = [0.0191384, 0.0242785, 0.0139712, 0.028169, 0.0270634, 0.0203258, 0.0306714, 0.0334631, 0.0293692, 0.0228614, 0.0221199, 0.0346842, 0.0278214, 0.0345049, 0.0130496, 0.0143245];
GivenLatency = [25.7239, 17.6179, 28.0976, 15.3399, 22.6154, 26.977, 17.4554, 16.1592, 13.4963, 20.875, 18.7099, 10.9429, 12.4926, 9.92229, 32.284, 21.2798];
HighestPossibleCritFunctionValue = 1.1;
