NumDevices = 128;
NumSlotes = 1024;


GivenBandwidthOld = [0.00629393, 0.00466033, 0.00864081, 0.00857293, 0.00765972, 0.0044837, 0.00504225, 0.00753895, 0.00459059, 0.00652493, 0.00699318, 0.0068054, 0.00582219, 0.0060419, 0.00375689, 0.00452501, 0.00435773, 0.00794491, 0.00763254, 0.007527, 0.0038558, 0.00693498, 0.00377475, 0.00472376, 0.00467808, 0.00697218, 0.00397702, 0.00425712, 0.00690671, 0.00850952, 0.006928, 0.00631969, 0.00755673, 0.00846668, 0.00695908, 0.008721, 0.00627759, 0.00488918, 0.00499032, 0.00479128, 0.00454111, 0.00486108, 0.00772415, 0.00727594, 0.00414218, 0.00517618, 0.00861918, 0.00513809, 0.00845341, 0.00390376, 0.00796309, 0.00812645, 0.00868405, 0.00533196, 0.00678572, 0.00516235, 0.00618095, 0.00569905, 0.00641557, 0.00393521, 0.00665531, 0.00823679, 0.00822059, 0.00592574, 0.00648911, 0.00500944, 0.00608581, 0.00668094, 0.0041442, 0.00403298, 0.00477531, 0.00620586, 0.00433761, 0.00464513, 0.00821355, 0.00766574, 0.00566058, 0.00479065, 0.00390664, 0.00631455, 0.00621235, 0.00847668, 0.00501999, 0.0084338, 0.00439467, 0.00376081, 0.00549716, 0.00819675, 0.0053402, 0.00516008, 0.00797175, 0.00874818, 0.00811603, 0.00853965, 0.00839786, 0.00540363, 0.00622932, 0.00870287, 0.00671321, 0.00647523, 0.00675827, 0.00381671, 0.00491829, 0.00418645, 0.00419225, 0.00659497, 0.00421811, 0.00625325, 0.00583084, 0.00650953, 0.00820982, 0.0048639, 0.00514878, 0.00799928, 0.00637453, 0.00422234, 0.00730717, 0.00412877, 0.0047746, 0.00414777, 0.00406741, 0.00852522, 0.0059553, 0.00818306, 0.0052422, 0.00815045, 0.00703736, 0.00434208];
GivenLatency = [190.831, 227.729, 135.822, 137.717, 164.827, 258.285, 215.823, 129.147, 263.82, 164.202, 180.634, 144.912, 176.289, 171.575, 319.21, 245.488, 240.176, 122.182, 169.931, 145.85, 266.019, 147.029, 288.482, 211.673, 244.442, 168.108, 239.523, 279.426, 182.138, 137.971, 161.907, 165.699, 158.353, 139.493, 159.981, 140.688, 187.547, 251.566, 216.849, 250.102, 261.898, 244.558, 158.076, 173.901, 264.915, 185.508, 143.938, 204.317, 133.47, 306.927, 163.018, 136.437, 130.808, 232.715, 151.616, 249.959, 194.338, 175.787, 164.065, 255.975, 156.016, 121.762, 127.159, 186.643, 148.518, 214.919, 171.738, 144.86, 239.177, 253.169, 216.739, 195.154, 271.168, 215.148, 138.802, 139.859, 189.455, 264.353, 245.042, 163.477, 171.987, 125.614, 222.403, 137.833, 282.683, 300.102, 183.404, 127.709, 229.467, 193.336, 138.783, 137.199, 137.655, 134.943, 142.709, 211.277, 166.087, 111.514, 149.131, 193.725, 151.849, 310.495, 203.181, 258.454, 272.549, 154.535, 256.041, 205.363, 192.141, 193.761, 122.192, 211.801, 222.757, 147.827, 181.26, 279.155, 174.944, 306.301, 224.27, 233.753, 257.982, 128.073, 216.565, 141.431, 205.955, 152.292, 166.644, 252.461];
HighestPossibleCritFunctionValue = 1.1;
