NumDevices = 64;
NumSlotes = 512;


GivenBandwidthOld = [0.0157942, 0.00780329, 0.0174515, 0.0116174, 0.0083289, 0.0137653, 0.00847238, 0.0128152, 0.0154974, 0.0197005, 0.0112909, 0.00861926, 0.0189431, 0.0183998, 0.0125907, 0.0164628, 0.0198197, 0.0139151, 0.0132425, 0.00859003, 0.0151959, 0.0157061, 0.0141061, 0.0107522, 0.0168083, 0.0149158, 0.019863, 0.0172687, 0.0150351, 0.0125751, 0.0165058, 0.0175269, 0.0177705, 0.0107678, 0.0167622, 0.0145934, 0.0137655, 0.0112833, 0.0187561, 0.0130939, 0.0121285, 0.0113038, 0.013048, 0.015605, 0.0161487, 0.015386, 0.0106, 0.00938456, 0.0187978, 0.0148336, 0.0130957, 0.0166104, 0.0141517, 0.0157967, 0.013152, 0.012832, 0.00964093, 0.0151693, 0.017773, 0.0158586, 0.0154726, 0.0154216, 0.00808402, 0.0106105];
GivenLatency = [182.334, 322.332, 132.79, 208.7, 315.26, 163.488, 350.439, 235.277, 174.989, 165.25, 227.893, 356.583, 121.067, 149.95, 191.281, 192.366, 121.877, 189.302, 227.559, 338.537, 148.532, 190.545, 166.677, 216.36, 173.934, 159.932, 130.753, 160.96, 153.688, 246.503, 154.933, 146.783, 131.85, 272.25, 180.291, 211.893, 177.021, 242.826, 134.476, 196.698, 264.763, 218.346, 232.108, 156.841, 138.877, 200.645, 222.892, 237.448, 144.593, 188.1, 216.112, 157.829, 187.319, 168.141, 169.583, 235.402, 317.082, 150.934, 181.253, 148.856, 178.514, 212.936, 280.81, 281.277];
HighestPossibleCritFunctionValue = 1.1;
