NumDevices = 16;
NumSlotes = 128;


GivenBandwidthOld = [0.034857, 0.0614369, 0.0697878, 0.063346, 0.0366661, 0.067547, 0.0426975, 0.0367503, 0.0427959, 0.0514192, 0.0618713, 0.0514178, 0.0384849, 0.0354608, 0.0488853, 0.0354825];
GivenLatency = [24.9169, 18.0053, 14.5774, 16.7925, 29.6612, 12.1265, 18.5317, 26.4547, 21.4428, 16.7858, 13.8079, 15.3222, 27.2631, 22.8308, 18.9411, 26.0428];
HighestPossibleCritFunctionValue = 1.1;
