NumDevices = 64;
NumSlotes = 512;


GivenBandwidthOld = [0.013569, 0.00903623, 0.0168683, 0.0101845, 0.0165412, 0.0123434, 0.0109856, 0.00977806, 0.0148955, 0.0129047, 0.0145241, 0.0117989, 0.00993579, 0.0158206, 0.011045, 0.00800258, 0.0143987, 0.0135671, 0.016432, 0.0170198, 0.0161925, 0.0130241, 0.0106707, 0.0079633, 0.0142591, 0.00842822, 0.00804282, 0.0106543, 0.0113192, 0.0173006, 0.0157369, 0.0153611, 0.00950407, 0.00987825, 0.00879045, 0.0161731, 0.0165895, 0.0147731, 0.0173288, 0.00988967, 0.010718, 0.0123439, 0.0094707, 0.00910183, 0.00951762, 0.00761824, 0.0147799, 0.01078, 0.0142974, 0.0105806, 0.0138293, 0.0139996, 0.015846, 0.00921516, 0.0141313, 0.00906484, 0.00769341, 0.00808269, 0.0106985, 0.0141058, 0.0120052, 0.0167769, 0.0138117, 0.00902583];
GivenLatency = [78.5031, 132.684, 58.7053, 93.7788, 58.8435, 95.2008, 94.881, 96.9936, 79.1001, 71.3772, 76.1014, 98.5796, 120.759, 63.4407, 82.9258, 116.268, 73.0602, 68.2262, 56.2005, 62.1937, 68.1852, 72.0077, 104.513, 154.918, 67.9065, 126.319, 152.021, 96.6071, 107.072, 64.8792, 76.2672, 74.7713, 98.8395, 120.279, 124.207, 68.2265, 73.2244, 75.6434, 61.252, 100.65, 95.6799, 78.7052, 118.273, 122.693, 102.462, 121.301, 81.3475, 87.8625, 79.3209, 110.138, 79.8948, 81.316, 75.3474, 105.638, 83.2578, 118.455, 139.278, 146.21, 90.1235, 68.6959, 100.198, 58.6211, 69.4396, 107.132];
HighestPossibleCritFunctionValue = 1.1;
