NumDevices = 64;
NumSlotes = 512;


GivenBandwidthOld = [0.00853019, 0.0118598, 0.0131404, 0.0163206, 0.0152186, 0.014815, 0.0107602, 0.0115651, 0.0101711, 0.0102602, 0.00762845, 0.0163229, 0.0136278, 0.00755636, 0.0147757, 0.0104716, 0.0106314, 0.00750054, 0.0166097, 0.0135393, 0.00942688, 0.0124941, 0.0125813, 0.00942411, 0.0160219, 0.0156645, 0.0081375, 0.0119901, 0.0124131, 0.0125746, 0.0162339, 0.00839949, 0.0152393, 0.012634, 0.0152486, 0.0079578, 0.011815, 0.0098592, 0.00864969, 0.010334, 0.00864299, 0.00766677, 0.0103755, 0.0167892, 0.0118739, 0.00955455, 0.00827139, 0.0123162, 0.0136371, 0.0131523, 0.014911, 0.01477, 0.0147312, 0.0122922, 0.00981386, 0.0166133, 0.0152856, 0.0107526, 0.0133517, 0.0165566, 0.0125267, 0.0110912, 0.0155755, 0.0116872];
GivenLatency = [127.997, 96.1776, 77.1345, 56.0324, 65.2004, 70.0725, 106.917, 96.1333, 108.073, 90.1127, 154.376, 64.5128, 88.5559, 139.039, 63.145, 87.9818, 89.5213, 141.356, 70.4514, 80.1719, 114.475, 98.687, 73.9636, 124.641, 59.9497, 58.1365, 129.753, 84.8758, 100.422, 95.79, 70.5521, 120.545, 60.0542, 83.3532, 70.1322, 148.522, 77.9466, 120.818, 127.266, 88.8134, 128.923, 126.13, 90.107, 70.7398, 98.4688, 96.672, 144.521, 84.9542, 69.5529, 74.9314, 61.5476, 75.7179, 66.7641, 80.8576, 104.913, 70.5342, 65.5834, 89.1732, 77.7543, 56.3681, 80.9777, 99.3671, 70.7518, 87.567];
HighestPossibleCritFunctionValue = 1.1;
