NumDevices = 64;
NumSlotes = 512;


GivenBandwidthOld = [0.0147774, 0.00957212, 0.013643, 0.0121019, 0.0116357, 0.0159751, 0.00880062, 0.0170792, 0.0148921, 0.016871, 0.0165761, 0.00993416, 0.00845127, 0.0155076, 0.0108545, 0.0173683, 0.0145718, 0.0130198, 0.00917419, 0.0155458, 0.0127351, 0.0135321, 0.0081882, 0.014041, 0.0127549, 0.017298, 0.0121088, 0.00796113, 0.00763549, 0.0147178, 0.0078255, 0.00818893, 0.0163764, 0.013409, 0.00951445, 0.0143413, 0.00838703, 0.0157778, 0.0131488, 0.0168717, 0.00763306, 0.0138905, 0.0125384, 0.017241, 0.0137522, 0.00852759, 0.00826468, 0.00951452, 0.0155504, 0.0109753, 0.0168001, 0.0145942, 0.00940988, 0.0168274, 0.0122837, 0.0171371, 0.00853566, 0.0138046, 0.00959857, 0.00809417, 0.0136605, 0.0169415, 0.0107979, 0.01548];
GivenLatency = [62.0706, 124.608, 72.4745, 96.388, 102.728, 61.2144, 126.834, 62.5469, 74.4979, 59.291, 57.9788, 110.215, 107.92, 70.9694, 94.447, 57.6178, 82.9909, 82.1783, 126.433, 66.9007, 77.2964, 69.4559, 142.342, 80.4514, 93.4945, 63.0431, 87.8947, 116.335, 132.576, 82.26, 148.324, 113.105, 56.9508, 84.4837, 121.19, 82.5476, 111.457, 68.0213, 93.8719, 74.0462, 132.626, 77.8492, 88.0761, 53.8445, 69.4679, 113.21, 110.4, 118.768, 62.3793, 86.6357, 65.2985, 64.8167, 97.6977, 72.9374, 90.2393, 64.5224, 111.434, 81.3383, 113.86, 123.252, 78.966, 60.8418, 106.413, 79.7887];
HighestPossibleCritFunctionValue = 1.1;
