NumDevices = 32;
NumSlotes = 256;


GivenBandwidthOld = [0.0378718, 0.02192, 0.0189556, 0.0225693, 0.0328321, 0.0187692, 0.0391061, 0.0164603, 0.0330185, 0.0276963, 0.0273803, 0.0157164, 0.0309149, 0.0215543, 0.0234882, 0.0260675, 0.026447, 0.029077, 0.032257, 0.0282605, 0.0342636, 0.0283584, 0.0297053, 0.0170123, 0.0361411, 0.0342933, 0.0282666, 0.0361923, 0.0186267, 0.0195202, 0.036668, 0.0384494];
GivenLatency = [51.575, 94.1219, 108.91, 84.9562, 62.2876, 117.148, 44.1343, 102.729, 54.7775, 79.8548, 62.4658, 117.11, 61.1682, 101.73, 87.9442, 92.0899, 75.4654, 74.5855, 59.4228, 77.4052, 51.6201, 69.679, 77.7007, 124.001, 54.3456, 64.9402, 75.1281, 50.9031, 123.77, 126.551, 45.6007, 49.8696];
HighestPossibleCritFunctionValue = 1.1;
