NumDevices = 64;
NumSlotes = 512;


GivenBandwidthOld = [0.0177412, 0.019089, 0.00811522, 0.0100302, 0.00776697, 0.0194993, 0.0164207, 0.0121158, 0.0104322, 0.014455, 0.0124202, 0.0130714, 0.00811779, 0.0157223, 0.011868, 0.0197063, 0.0090356, 0.0162861, 0.0121527, 0.0186949, 0.0100338, 0.0180847, 0.0170882, 0.0196938, 0.0104494, 0.0158714, 0.017667, 0.00968926, 0.0149585, 0.0120264, 0.0196876, 0.00758539, 0.0176931, 0.011071, 0.0131097, 0.0153058, 0.0114637, 0.0124475, 0.0104096, 0.00921592, 0.00948278, 0.019636, 0.0145809, 0.0157913, 0.00962367, 0.0126065, 0.00802862, 0.0169511, 0.0153538, 0.0195364, 0.0157175, 0.0193713, 0.0160701, 0.00840518, 0.00836135, 0.00929308, 0.0187938, 0.00951751, 0.0157961, 0.0148232, 0.0138599, 0.010227, 0.0153805, 0.0177041];
GivenLatency = [180.977, 153.903, 391.524, 243.683, 410.257, 138.418, 165.558, 236.903, 215.694, 160.666, 219.27, 187.503, 391.284, 194.513, 246.317, 163.558, 321.133, 196.584, 228.505, 139.569, 281.686, 170.181, 174.094, 150.888, 254.628, 165.31, 149.35, 236.149, 220.774, 233.254, 132.889, 313.455, 162.287, 203.649, 180.763, 151.624, 276.905, 208.759, 276.436, 276.634, 275.099, 162.531, 207.721, 177.612, 313.461, 190.973, 322.845, 133.354, 189.964, 116.383, 171.203, 155.545, 171.609, 359.225, 315.907, 311.254, 122.162, 324.676, 153.264, 174.747, 164.292, 246.424, 161.275, 184.168];
HighestPossibleCritFunctionValue = 1.1;
