NumDevices = 16;
NumSlotes = 128;


GivenBandwidthOld = [0.0502217, 0.04612, 0.0589054, 0.0435833, 0.0738925, 0.0314402, 0.0357259, 0.0652176, 0.0325899, 0.0589134, 0.0779225, 0.0634491, 0.0590154, 0.0423079, 0.0382094, 0.0560753];
GivenLatency = [27.0175, 34.1877, 27.764, 33.7819, 25.4639, 55.6712, 53.4723, 24.3488, 42.8741, 22.6889, 19.5242, 21.6978, 27.1682, 31.8638, 51.4053, 31.73];
HighestPossibleCritFunctionValue = 1.1;
