NumDevices = 32;
NumSlotes = 256;


GivenBandwidthOld = [0.0192904, 0.0233635, 0.0307399, 0.030079, 0.0224436, 0.0189151, 0.0155584, 0.0248213, 0.0308588, 0.0282549, 0.0159206, 0.0383321, 0.0328189, 0.0230177, 0.0178115, 0.0182918, 0.0150662, 0.028402, 0.0372008, 0.0193909, 0.0378528, 0.0272192, 0.0338287, 0.0185321, 0.0283294, 0.0166539, 0.0369859, 0.0326997, 0.0193979, 0.0299374, 0.0187028, 0.0222402];
GivenLatency = [106.869, 92.7054, 61.3375, 57.414, 78.9423, 100.992, 152.449, 100.229, 58.701, 79.386, 118.974, 48.6296, 65.7347, 72.5012, 122.224, 121.432, 155.078, 59.4805, 52.2027, 94.0539, 62.4382, 63.5007, 49.7174, 128.54, 69.1818, 109.929, 63.632, 59.4232, 105.958, 58.1137, 122.639, 91.0376];
HighestPossibleCritFunctionValue = 1.1;
