NumDevices = 64;
NumSlotes = 512;


GivenBandwidthOld = [0.0131942, 0.00980558, 0.017435, 0.0145993, 0.0148506, 0.00880664, 0.00825426, 0.0143868, 0.0144495, 0.00781056, 0.0170851, 0.0145742, 0.0129019, 0.0173273, 0.0144829, 0.00959635, 0.0107865, 0.0135474, 0.016819, 0.012311, 0.0166806, 0.0162495, 0.0108577, 0.0107493, 0.00778649, 0.0124607, 0.0111965, 0.0144036, 0.0167093, 0.00839364, 0.0168193, 0.0170715, 0.0158556, 0.0107428, 0.00938697, 0.0117491, 0.0119012, 0.00781891, 0.0174492, 0.0132354, 0.0130102, 0.0173673, 0.0170218, 0.0100529, 0.0146876, 0.00931694, 0.0148266, 0.0150734, 0.0143999, 0.0142226, 0.0149086, 0.0132543, 0.00938022, 0.00830007, 0.0143241, 0.00952576, 0.0143858, 0.00788139, 0.00757457, 0.0108422, 0.0105909, 0.015971, 0.00948818, 0.0129122];
GivenLatency = [86.1888, 92.7946, 54.251, 83.245, 80.7557, 106.776, 146.098, 68.3835, 64.4477, 139.683, 55.943, 65.7849, 82.7356, 55.3319, 84.6188, 96.5085, 105.125, 73.3123, 60.4888, 83.161, 65.2423, 75.781, 88.8705, 91.6625, 144.43, 90.1085, 82.5671, 76.4226, 65.423, 119.216, 71.4405, 71.0296, 78.1881, 96.5798, 105.261, 91.7763, 99.1362, 143.132, 55.597, 89.7605, 88.0762, 69.8918, 62.0517, 118.606, 73.2763, 116.188, 79.2938, 76.0864, 70.1552, 74.4668, 65.4112, 89.6319, 101.043, 120.297, 75.8975, 124.063, 68.338, 124.726, 138.954, 111.395, 117.185, 64.7759, 113.601, 85.1775];
HighestPossibleCritFunctionValue = 1.1;
