NumDevices = 128;
NumSlotes = 1024;


GivenBandwidthOld = [0.00494639, 0.00520004, 0.00580012, 0.00389414, 0.00754846, 0.00704502, 0.00821215, 0.00542359, 0.00670688, 0.00635219, 0.00746177, 0.00621295, 0.00478892, 0.00868114, 0.00636247, 0.00523953, 0.00710645, 0.00928863, 0.00400415, 0.0065237, 0.00885962, 0.00610767, 0.00411667, 0.00395435, 0.00697067, 0.00849179, 0.00522588, 0.00882239, 0.00539874, 0.00790575, 0.00572617, 0.00482042, 0.00677178, 0.00954298, 0.00387152, 0.00868697, 0.0044236, 0.00614352, 0.00663382, 0.00963189, 0.00439265, 0.00468923, 0.00820085, 0.00923543, 0.00987644, 0.00828784, 0.00866012, 0.00937819, 0.00929593, 0.00789023, 0.00729879, 0.00451629, 0.00771486, 0.00987003, 0.00682043, 0.0085389, 0.00955923, 0.00818678, 0.00387462, 0.00455218, 0.00468951, 0.00656362, 0.00471354, 0.00420827, 0.00594247, 0.00876026, 0.00493563, 0.00555467, 0.00976854, 0.00735919, 0.00707549, 0.00779556, 0.00988702, 0.00490837, 0.00990869, 0.00667865, 0.00685947, 0.00843223, 0.0042669, 0.00383137, 0.00879288, 0.00947831, 0.00446028, 0.00391356, 0.0088998, 0.0063738, 0.00828957, 0.00647559, 0.00652158, 0.00439643, 0.00576704, 0.0041055, 0.00990548, 0.0089225, 0.00666973, 0.00682123, 0.00933218, 0.00478083, 0.00396666, 0.00758995, 0.0042741, 0.00609147, 0.00677037, 0.00465676, 0.006136, 0.00519354, 0.00912643, 0.00912899, 0.00846917, 0.00636257, 0.00703285, 0.00984638, 0.00930314, 0.00419876, 0.00847656, 0.00562018, 0.00454342, 0.00748074, 0.00623454, 0.00516411, 0.00819907, 0.00424483, 0.00789438, 0.00841572, 0.00797115, 0.00490423, 0.00906241, 0.00821492];
GivenLatency = [745.603, 742.623, 647.985, 999.613, 541.908, 668.23, 576.664, 779.399, 538.833, 585.416, 596.666, 792.954, 717.987, 462.592, 532.395, 939.556, 485.82, 469.918, 855.927, 711.107, 471.904, 645.206, 897.739, 1155.75, 497.17, 461.525, 910.204, 382.911, 758.444, 553.104, 806.217, 1004.24, 726.306, 375.364, 1003.08, 443.168, 766.27, 806.183, 642.118, 363.433, 884.86, 890.502, 426.32, 467.548, 495.084, 488.815, 505.098, 357.81, 466.404, 494.488, 463.009, 847.524, 553.147, 472.172, 521.948, 415.507, 387.107, 430.773, 1140, 1015.19, 865.613, 562.975, 724.261, 1165.67, 578.96, 522.933, 884.469, 748.672, 360.738, 535.412, 622.656, 578.806, 385.805, 913.113, 362.81, 625.04, 516.2, 408.769, 874.28, 1109.91, 408.854, 357.199, 763.217, 877.025, 472.729, 697.978, 414.825, 567.633, 532.802, 917.224, 631.325, 824.699, 385.195, 406.788, 522.876, 500.515, 380.759, 831.028, 850.009, 562.884, 829.372, 578.875, 655.467, 790.137, 612.564, 932.11, 462.645, 473.332, 440.425, 613.441, 697.981, 401.269, 501.669, 884.281, 430.624, 612.134, 966.921, 536.389, 595.429, 706.611, 408.246, 907.069, 502.265, 449.992, 461.791, 755.571, 368.161, 543.992];
HighestPossibleCritFunctionValue = 1.1;
