NumDevices = 16;
NumSlotes = 128;


GivenBandwidthOld = [0.0380098, 0.0509409, 0.034042, 0.0642998, 0.0565379, 0.0523149, 0.0761069, 0.0484158, 0.0442008, 0.0520561, 0.0772146, 0.0654871, 0.0625073, 0.0306125, 0.0740591, 0.0312416];
GivenLatency = [44.4832, 37.2578, 48.3709, 27.2745, 23.9405, 37.8773, 25.4158, 34.7473, 35.5007, 32.6908, 25.7387, 29.2869, 24.2719, 52.5058, 19.4835, 58.5432];
HighestPossibleCritFunctionValue = 1.1;
