NumDevices = 128;
NumSlotes = 1024;


GivenBandwidthOld = [0.00606197, 0.00610631, 0.00631038, 0.00606472, 0.00725462, 0.00585123, 0.00418112, 0.00463726, 0.00585814, 0.00530769, 0.00392243, 0.00684413, 0.00675416, 0.00460374, 0.00759658, 0.0081833, 0.00423157, 0.00756488, 0.00551627, 0.00436708, 0.00497534, 0.00798673, 0.00550299, 0.0062315, 0.00529741, 0.00610301, 0.00584075, 0.00804512, 0.0068654, 0.00428172, 0.00540295, 0.00483538, 0.00572938, 0.00626095, 0.00526717, 0.00790336, 0.00427488, 0.00548422, 0.00577705, 0.00731277, 0.00828935, 0.00655362, 0.00412214, 0.00824136, 0.00504814, 0.00662305, 0.00613444, 0.00402946, 0.00567186, 0.00453353, 0.00761927, 0.00452612, 0.00794321, 0.00401886, 0.00748129, 0.00546154, 0.00453366, 0.00478874, 0.00680099, 0.00673852, 0.00683543, 0.0055595, 0.00594799, 0.00530128, 0.00608825, 0.00776469, 0.00860928, 0.00861131, 0.00777783, 0.00454193, 0.00869032, 0.00565349, 0.00565828, 0.00621854, 0.00754853, 0.00559622, 0.00821017, 0.00580244, 0.00404935, 0.00498368, 0.00821488, 0.00501058, 0.00525337, 0.00587789, 0.00713879, 0.00407107, 0.00501646, 0.00414909, 0.00630718, 0.00722321, 0.00804109, 0.00403719, 0.00559856, 0.00742748, 0.0061358, 0.00687045, 0.00410274, 0.00722017, 0.00697653, 0.00706165, 0.00766494, 0.00708472, 0.0053972, 0.0082466, 0.00803622, 0.00717932, 0.0053033, 0.00501736, 0.00432998, 0.00647022, 0.00742273, 0.00628848, 0.00797527, 0.00792187, 0.00534, 0.00681576, 0.00490181, 0.00725992, 0.0050349, 0.00410759, 0.00385316, 0.00753345, 0.00715283, 0.00515921, 0.00841838, 0.00528499, 0.00735124, 0.00485983];
GivenLatency = [176.004, 205.538, 184.302, 204.532, 167.817, 179.58, 235.439, 208.26, 204.194, 206.281, 290.379, 143.402, 157.337, 238.77, 131.134, 133.354, 271.981, 153.26, 210.042, 221.938, 192.378, 155.781, 204.94, 166.598, 204.415, 206.029, 201.492, 120.602, 155.379, 252.824, 237.855, 220.348, 187.292, 174.431, 210.34, 121.426, 298.445, 177.045, 200.082, 138.4, 119.19, 162.569, 270.12, 125.828, 210.91, 149.738, 167.646, 282.684, 194.371, 212.24, 129.81, 216.05, 148.893, 254.318, 135.097, 200.232, 233.982, 214.302, 172.505, 190.507, 144.021, 206.604, 193.696, 229.621, 197.324, 124.751, 137.738, 127.444, 162.605, 211.306, 146.812, 170.058, 196.655, 166.646, 144.258, 192.687, 117.437, 166.928, 297.828, 234.029, 122.088, 207.95, 238.442, 209.083, 148.485, 304.244, 199.449, 291.654, 202.627, 154.597, 135.196, 300.197, 206.982, 130.323, 156.044, 184.918, 306.055, 167.546, 138.3, 159.332, 153.508, 177.74, 213.538, 120.023, 132.739, 155.371, 185.134, 233.613, 268.494, 148.485, 153.736, 175.507, 138.619, 155.735, 195.707, 142.667, 217.703, 159.068, 214.608, 288.475, 300.1, 146.038, 152.158, 209, 143.602, 216.821, 159.416, 206.339];
HighestPossibleCritFunctionValue = 1.1;
