NumDevices = 16;
NumSlotes = 128;


GivenBandwidthOld = [0.0525367, 0.0536093, 0.0321561, 0.0679081, 0.0519079, 0.0366596, 0.0581637, 0.077686, 0.037866, 0.0338896, 0.0533173, 0.0735434, 0.0641004, 0.0554858, 0.0690687, 0.0572984];
GivenLatency = [36.4042, 26.2601, 51.4099, 21.0613, 27.3588, 36.4626, 24.473, 22.4637, 40.6701, 56.1246, 34.8912, 24.7379, 25.5484, 32.1117, 21.688, 26.9182];
HighestPossibleCritFunctionValue = 1.1;
