NumDevices = 32;
NumSlotes = 256;


GivenBandwidthOld = [0.0315614, 0.0222639, 0.0195786, 0.0272785, 0.0190066, 0.0343205, 0.0345079, 0.0248249, 0.0219042, 0.034714, 0.0285436, 0.0228949, 0.0239516, 0.024197, 0.0296419, 0.0211117, 0.0150494, 0.024623, 0.0288177, 0.0291076, 0.0217784, 0.0188171, 0.0282455, 0.0317976, 0.0317464, 0.0323139, 0.0294764, 0.0204813, 0.0195615, 0.0199245, 0.0217926, 0.0186381];
GivenLatency = [33.0403, 48.8177, 45.8075, 39.8924, 47.1923, 24.444, 27.1498, 46.5289, 52.8447, 32.0756, 36.4906, 45.8914, 35.8618, 38.4899, 28.4244, 47.1996, 70.0519, 38.5292, 35.4103, 40.2377, 40.3326, 62.0243, 38.2409, 30.1873, 26.364, 35.4358, 34.1367, 43.7821, 59.5839, 50.4023, 51.4891, 53.4972];
HighestPossibleCritFunctionValue = 1.1;
