NumDevices = 64;
NumSlotes = 512;


GivenBandwidthOld = [0.0138525, 0.014535, 0.0148975, 0.0170124, 0.0127817, 0.00757334, 0.0101432, 0.0120796, 0.016127, 0.0107923, 0.010778, 0.0112685, 0.0148071, 0.00824857, 0.00871283, 0.0115507, 0.00765701, 0.0164419, 0.0141867, 0.0110015, 0.0171232, 0.015231, 0.0131324, 0.0120516, 0.015556, 0.0150195, 0.00826992, 0.0174954, 0.0107496, 0.0137653, 0.00812315, 0.0107703, 0.0109989, 0.013585, 0.00788485, 0.015613, 0.0121947, 0.010759, 0.0106868, 0.00812902, 0.0094982, 0.011258, 0.00849131, 0.00839603, 0.0171041, 0.0141592, 0.00824268, 0.00973986, 0.0128434, 0.0147481, 0.0155951, 0.0117533, 0.0134249, 0.0166726, 0.0109237, 0.00964756, 0.0115671, 0.0137689, 0.00883089, 0.0157161, 0.0154742, 0.0101013, 0.0174474, 0.0126087];
GivenLatency = [85.9967, 73.1783, 75.0839, 61.5282, 73.9835, 148.056, 90.5957, 101.448, 72.395, 95.3884, 95.5286, 91.4367, 79.8338, 149.011, 135.1, 86.8422, 153.316, 59.1919, 68.4022, 99.3577, 54.3191, 63.214, 84.2465, 81.0885, 72.7227, 68.7821, 147.945, 53.7229, 94.9292, 68.8946, 123.242, 97.2321, 89.4975, 68.0905, 130.308, 64.8689, 77.6529, 110.7, 89.9248, 121.815, 100.235, 95.3004, 128.951, 142.043, 64.0703, 70.1492, 145.297, 102.553, 87.6381, 72.9021, 76.6221, 87.6786, 75.1222, 69.2915, 107.28, 120.199, 78.963, 66.7888, 132.148, 70.5577, 74.5398, 94.9084, 65.5812, 84.6961];
HighestPossibleCritFunctionValue = 1.1;
