NumDevices = 64;
NumSlotes = 512;


GivenBandwidthOld = [0.00390041, 0.00787983, 0.00257635, 0.00444204, 0.00479371, 0.00280886, 0.00598797, 0.0059876, 0.00602938, 0.00825104, 0.00405175, 0.00770116, 0.00591988, 0.00541382, 0.00631604, 0.00737228, 0.00349396, 0.00794608, 0.00357, 0.00477921, 0.00296194, 0.00385134, 0.00824348, 0.00812574, 0.0043215, 0.00403341, 0.00571479, 0.00852765, 0.00288769, 0.00597594, 0.0039351, 0.00350089, 0.00565353, 0.00394402, 0.00336921, 0.00498936, 0.00359953, 0.00729293, 0.00723365, 0.0046524, 0.00295551, 0.00827667, 0.00342223, 0.00867382, 0.00333383, 0.00419342, 0.00748132, 0.00486414, 0.00531213, 0.00343853, 0.00759224, 0.00653461, 0.00599718, 0.00462482, 0.0080824, 0.00718208, 0.00670538, 0.00733542, 0.00264346, 0.00740669, 0.00682327, 0.00744037, 0.00399094, 0.00444488];
GivenLatency = [164.406, 58.3621, 152.617, 76.4509, 115.077, 137.321, 77.6377, 106.385, 75.4395, 56.2969, 98.6517, 43.8134, 68.4093, 83.9908, 88.7086, 71.7151, 144.193, 53.9696, 120.959, 90.3321, 176.095, 100.572, 37.755, 55.7223, 87.5235, 111.575, 73.8216, 51.633, 159.362, 78.2966, 108.474, 92.6966, 64.3027, 161.886, 164.627, 117.893, 109.254, 61.5353, 46.0476, 77.4566, 113.534, 66.7846, 108.424, 60.7628, 170.837, 98.2096, 45.6775, 78.1474, 70.905, 100.348, 66.0895, 88.0053, 82.8783, 80.2337, 63.1241, 51.2535, 64.007, 43.1096, 137.96, 44.4334, 68.7928, 75.7516, 83.3065, 123.494];
HighestPossibleCritFunctionValue = 1.1;
