NumDevices = 16;
NumSlotes = 128;


GivenBandwidthOld = [0.062127, 0.0392033, 0.0604493, 0.0415079, 0.042862, 0.051284, 0.0505688, 0.0799833, 0.0494106, 0.063527, 0.0691097, 0.0472003, 0.0655577, 0.0490436, 0.0458284, 0.0579438];
GivenLatency = [31.8364, 40.0965, 30.0182, 34.8874, 31.8281, 30.5612, 37.9732, 17.2917, 29.651, 29.6537, 26.6056, 31.2785, 24.1469, 36.3877, 34.3102, 27.2042];
HighestPossibleCritFunctionValue = 1.1;
