NumDevices = 128;
NumSlotes = 1024;


GivenBandwidthOld = [0.00975468, 0.00570984, 0.00525881, 0.00613114, 0.00489933, 0.00803687, 0.00949118, 0.00821401, 0.0054413, 0.00443963, 0.00684529, 0.00750258, 0.00456068, 0.00380616, 0.00390572, 0.00845768, 0.00700772, 0.00629699, 0.00470107, 0.00705843, 0.00850036, 0.00549129, 0.00719546, 0.00533658, 0.00694488, 0.00632176, 0.00861429, 0.00791216, 0.00710039, 0.00756985, 0.00391488, 0.006099, 0.00837721, 0.00445077, 0.00662541, 0.00581173, 0.00516748, 0.00855676, 0.00966747, 0.00868702, 0.00527085, 0.0084312, 0.00563248, 0.00512523, 0.00477589, 0.00838965, 0.00732459, 0.00683394, 0.00420797, 0.00713565, 0.0064069, 0.00819682, 0.00398818, 0.00678727, 0.00735492, 0.00412284, 0.00758037, 0.0057468, 0.00771098, 0.00712888, 0.00502525, 0.00562522, 0.00802732, 0.00511796, 0.00754395, 0.0061471, 0.00423774, 0.00752294, 0.00922284, 0.00452455, 0.00910503, 0.0057562, 0.00944544, 0.00818945, 0.00504001, 0.009952, 0.00946599, 0.00982104, 0.00839966, 0.00687313, 0.00661283, 0.00689165, 0.00552191, 0.00930898, 0.00850059, 0.00942943, 0.00786623, 0.00398964, 0.00645814, 0.00688604, 0.00488986, 0.00517498, 0.00959011, 0.00853006, 0.00469645, 0.00455062, 0.00970293, 0.00457587, 0.00912928, 0.00703821, 0.00618351, 0.00378746, 0.00829855, 0.00739979, 0.00819924, 0.00715497, 0.00607668, 0.00830971, 0.00753958, 0.00774187, 0.00754886, 0.0074174, 0.00430581, 0.00781203, 0.00549914, 0.00775971, 0.00751427, 0.00735302, 0.00965491, 0.00382614, 0.00844003, 0.00406618, 0.00526238, 0.00975331, 0.00762763, 0.00625447, 0.00879946, 0.00754837];
GivenLatency = [448.583, 816.871, 942.082, 648.561, 771.221, 621.091, 450.439, 432.394, 876.949, 768.76, 494.182, 551.732, 910.094, 1056.9, 1247.99, 415.743, 572.617, 747.982, 878.359, 554.406, 559.618, 738.724, 510.661, 803.328, 615.696, 790.314, 426.721, 586.16, 634.758, 504.104, 984.837, 784.217, 480.207, 925.287, 711.21, 843.724, 756.692, 453.528, 357.409, 550.103, 843.896, 559.105, 609.513, 901.132, 828.812, 398.306, 533.987, 694.67, 1153.86, 485.331, 529.876, 555.528, 972.737, 669.91, 458.35, 883.363, 607.672, 726.961, 571.472, 577.604, 714.816, 741.927, 455.194, 852.183, 542.582, 602.357, 889.51, 509.375, 403.387, 867.08, 420.207, 714.331, 391.409, 434.054, 768.869, 370.059, 501.117, 480.775, 555.449, 621.283, 674.284, 494.675, 604.223, 402.786, 506.828, 442.845, 449.272, 849.419, 599.361, 586.238, 704.195, 921.059, 349.251, 423.058, 860.037, 884.024, 370.435, 1054.51, 524.9, 600.773, 722.066, 1068.86, 446.198, 674.887, 544.242, 495.901, 741.541, 531.762, 577.644, 472.669, 659.431, 465.26, 921.846, 515.443, 762.664, 436.627, 445.891, 462.693, 415.822, 1075.74, 414.951, 854.072, 948.85, 374.84, 452.52, 625.351, 557.286, 580.668];
HighestPossibleCritFunctionValue = 1.1;
