NumDevices = 128;
NumSlotes = 1024;


GivenBandwidthOld = [0.00203824, 0.00227799, 0.0036211, 0.0023533, 0.00385126, 0.00190794, 0.00294546, 0.00310679, 0.00210833, 0.00223361, 0.0014636, 0.00365035, 0.00338275, 0.00267581, 0.00228829, 0.00183714, 0.00373794, 0.00349901, 0.00351334, 0.00369699, 0.00281631, 0.00435806, 0.0041108, 0.00138752, 0.00314949, 0.00413126, 0.00161085, 0.00355339, 0.00181973, 0.00164958, 0.00144423, 0.00309839, 0.00149481, 0.00323699, 0.00286414, 0.00191116, 0.00401259, 0.00396323, 0.00254081, 0.00209208, 0.00414561, 0.00211925, 0.00129381, 0.00313482, 0.00126623, 0.00210651, 0.0027981, 0.00140912, 0.00373443, 0.00386192, 0.00284085, 0.00428178, 0.00316596, 0.0028133, 0.00376501, 0.00233651, 0.00286879, 0.00197059, 0.00278786, 0.00432003, 0.00234417, 0.00353303, 0.00336288, 0.00305764, 0.00408578, 0.00281927, 0.00416415, 0.00434943, 0.00267984, 0.00437435, 0.00281404, 0.00374624, 0.00240443, 0.00376269, 0.00393488, 0.00416421, 0.00227866, 0.00248095, 0.00239752, 0.00317009, 0.00353302, 0.00314108, 0.00331951, 0.0022587, 0.00126288, 0.00208266, 0.00203424, 0.00378101, 0.00242398, 0.00425434, 0.00146538, 0.00246587, 0.00192807, 0.00385762, 0.00249399, 0.00276751, 0.00294641, 0.0034795, 0.00374869, 0.00291884, 0.00254029, 0.00275607, 0.00431579, 0.00304671, 0.00168088, 0.0023857, 0.00154012, 0.0023315, 0.00303225, 0.00240861, 0.00216118, 0.00286679, 0.0026888, 0.00191212, 0.00134353, 0.00130075, 0.00424139, 0.00250127, 0.00327291, 0.00342138, 0.0019548, 0.00307938, 0.0038325, 0.00228346, 0.00181049, 0.00272151, 0.00174315, 0.00210957];
GivenLatency = [156.456, 264.033, 102.284, 247, 98.6156, 200.199, 112.843, 113.509, 225.614, 200.982, 231.77, 107.136, 142.795, 155.314, 151.469, 176.828, 149.397, 141.145, 129.799, 133.945, 186.539, 102.454, 121.305, 259.271, 106.583, 153.93, 289.245, 172.293, 258.22, 358.141, 314.528, 181.335, 275.148, 148.028, 109.745, 268.097, 92.4755, 128.145, 125.093, 216.71, 91.3552, 253, 385.57, 204.422, 246.981, 307.062, 194.62, 289.788, 88.5132, 134.042, 149.723, 137.791, 182.807, 195.192, 97.6448, 135.86, 226.001, 169.098, 218.89, 88.656, 188.696, 132.911, 145.962, 112.1, 88.0704, 134.297, 105.147, 131.269, 131.227, 92.7077, 135.124, 120.028, 199.786, 110.801, 92.5088, 83.3622, 167.375, 194.373, 206.847, 120.745, 111.096, 113.633, 184.757, 171.584, 448.076, 294.401, 320.235, 90.5242, 206.929, 98.9498, 301.566, 231.299, 162.307, 164.11, 214.62, 114.932, 122.599, 106.496, 109.514, 150.723, 146.31, 150.382, 115.181, 111.067, 196.847, 265.327, 338.717, 280.119, 124.874, 206.907, 151.045, 159.337, 118.305, 216.91, 398.653, 477.861, 105.594, 213.353, 169.015, 102.551, 210.374, 134.252, 95.2769, 248.218, 330.331, 179.513, 366.097, 257.322];
HighestPossibleCritFunctionValue = 1.1;
