NumDevices = 128;
NumSlotes = 1024;


GivenBandwidthOld = [0.0086081, 0.00385852, 0.00892836, 0.00521487, 0.0050153, 0.0070762, 0.00726819, 0.00892899, 0.00951266, 0.00678082, 0.00525906, 0.00401723, 0.00765403, 0.00628205, 0.00998621, 0.0094596, 0.00876579, 0.00413721, 0.00536944, 0.00916625, 0.00973069, 0.00871345, 0.0057193, 0.0080625, 0.00896991, 0.0097687, 0.00382136, 0.00942386, 0.00809743, 0.00847368, 0.0070647, 0.00759622, 0.00969637, 0.0069342, 0.00810607, 0.00999816, 0.00407943, 0.00929027, 0.00657547, 0.00395911, 0.00570905, 0.00444117, 0.00774817, 0.00729788, 0.00802301, 0.00778123, 0.00655159, 0.00880818, 0.00402998, 0.0093575, 0.00526986, 0.00429429, 0.00792934, 0.00836158, 0.00425795, 0.00968472, 0.00483425, 0.00799102, 0.00753609, 0.00530095, 0.00798335, 0.0099056, 0.00463525, 0.00720277, 0.00944097, 0.00805214, 0.00989439, 0.0099436, 0.00579164, 0.00505928, 0.00888885, 0.00981501, 0.00718402, 0.00676941, 0.00716528, 0.0043796, 0.00413879, 0.00690641, 0.00973873, 0.00639172, 0.00944889, 0.00375079, 0.00446257, 0.00498817, 0.00735, 0.00888584, 0.00930979, 0.00963535, 0.00630915, 0.00915083, 0.00668354, 0.00773059, 0.00550099, 0.00771203, 0.00608437, 0.00631914, 0.00835055, 0.00648764, 0.00902957, 0.00617419, 0.0095943, 0.00390091, 0.00879065, 0.00952767, 0.00898068, 0.00952086, 0.00702164, 0.00899893, 0.00377814, 0.00791614, 0.00531423, 0.00622642, 0.00625504, 0.00600807, 0.00517457, 0.00893535, 0.00388858, 0.00787348, 0.00708829, 0.00413751, 0.00420223, 0.00431065, 0.00788466, 0.00742507, 0.00807184, 0.00973757, 0.00555188, 0.00671617];
GivenLatency = [488.057, 931.809, 402.893, 677.493, 671.249, 693.428, 624.431, 512.266, 420.388, 504.026, 881.787, 983.831, 460.495, 700.394, 406.177, 391.936, 424.488, 1067.68, 654.057, 540.537, 435.932, 515.759, 730.776, 466.685, 372.084, 471.269, 978.852, 367.872, 564.553, 508.771, 495.056, 551.927, 387.215, 710.078, 604.063, 339.844, 1173.86, 445.67, 562.064, 1014.07, 687.32, 766.771, 503.065, 490.268, 566.193, 456.521, 715.685, 470.534, 1207.95, 433.864, 681.296, 830.226, 533.099, 412.226, 1009.67, 508.128, 993.306, 445.432, 454.763, 635.69, 619.936, 442.425, 904.793, 564.63, 457.284, 535.048, 353.187, 377.499, 679.378, 735.358, 460.203, 471.104, 641.992, 662.611, 504.965, 1085.77, 1081.44, 600.671, 385.675, 708.087, 483.005, 1175.99, 890.108, 697.455, 524.15, 516.255, 412.451, 482.453, 536.764, 535.236, 730.128, 473.892, 781.022, 459.215, 632.844, 688.116, 418.996, 548.331, 447.827, 621.344, 415.958, 1255.24, 396.067, 400.758, 519.789, 466.22, 530.388, 501.43, 943.127, 524.402, 689.769, 583.355, 778.618, 736.73, 764.238, 385.907, 1164.88, 460.025, 556.796, 917.058, 814.342, 808.567, 518.914, 586.763, 433.326, 507.356, 754.306, 709.13];
HighestPossibleCritFunctionValue = 1.1;
