NumDevices = 16;
NumSlotes = 128;


GivenBandwidthOld = [0.0525595, 0.0382006, 0.0582575, 0.0534632, 0.0757832, 0.0584513, 0.0611115, 0.0712968, 0.055542, 0.0649558, 0.0328356, 0.0382072, 0.0683612, 0.0665281, 0.0581375, 0.0361022];
GivenLatency = [34.4557, 41.9452, 30.296, 34.8145, 17.7763, 23.0764, 29.5803, 19.7721, 24.344, 24.2586, 48.8221, 49.3609, 20.2893, 27.8756, 32.8064, 52.7978];
HighestPossibleCritFunctionValue = 1.1;
