NumDevices = 32;
NumSlotes = 256;


GivenBandwidthOld = [0.0119621, 0.00517242, 0.0153304, 0.0158384, 0.0157324, 0.00963038, 0.0153412, 0.0101518, 0.0161465, 0.00741963, 0.00922468, 0.00924821, 0.0171342, 0.00751833, 0.00560416, 0.00914015, 0.0134632, 0.00884274, 0.0149166, 0.011225, 0.0163414, 0.00690375, 0.0138955, 0.0111728, 0.014443, 0.0129595, 0.00505998, 0.0131597, 0.00797723, 0.00572761, 0.00896444, 0.0104223];
GivenLatency = [33.0534, 117.612, 38.0005, 22.0404, 32.01, 66.3744, 31.8786, 34.0768, 23.5453, 77.6142, 38.1734, 42.4802, 19.6694, 61.3981, 64.4198, 34.6152, 45.1938, 70.3552, 21.3093, 33.1332, 23.9034, 75.9324, 28.1506, 28.0496, 40.519, 27.0434, 70.0774, 29.3181, 65.7202, 55.0176, 50.8122, 38.0071];
HighestPossibleCritFunctionValue = 1.1;
