NumDevices = 128;
NumSlotes = 1024;


GivenBandwidthOld = [0.00796011, 0.00687647, 0.00663614, 0.00486229, 0.00432716, 0.00408722, 0.00898042, 0.00512645, 0.00644782, 0.00855558, 0.00871219, 0.00952192, 0.00621809, 0.00376248, 0.00720233, 0.0083174, 0.00554716, 0.00856261, 0.00808837, 0.00621871, 0.00778038, 0.00484771, 0.00916492, 0.00607086, 0.00419933, 0.00557986, 0.00824101, 0.00908148, 0.00375855, 0.00994341, 0.0089152, 0.00900137, 0.00720276, 0.00930356, 0.00499185, 0.00679845, 0.00776722, 0.00864683, 0.00470707, 0.0079618, 0.00399633, 0.00628649, 0.00956725, 0.00555693, 0.00412592, 0.00925343, 0.00619979, 0.0086529, 0.0068427, 0.00783252, 0.0060995, 0.00437156, 0.00648913, 0.00911186, 0.00798241, 0.0065886, 0.00590964, 0.00704168, 0.00825747, 0.00462493, 0.00861581, 0.00836229, 0.00993466, 0.00551429, 0.00622981, 0.00691018, 0.00443877, 0.00494198, 0.00611206, 0.00908344, 0.00541931, 0.00989055, 0.00805063, 0.00940424, 0.00962239, 0.00731498, 0.00789555, 0.00930516, 0.00682461, 0.00992721, 0.0053369, 0.00599069, 0.00676033, 0.00465062, 0.00925705, 0.00446118, 0.00654027, 0.0059925, 0.00589548, 0.00653142, 0.00733247, 0.00809992, 0.00664259, 0.00700599, 0.0084575, 0.00390109, 0.00569409, 0.00939095, 0.00500512, 0.00487526, 0.00976078, 0.00812908, 0.00923013, 0.00823218, 0.00456855, 0.00486152, 0.00382962, 0.00434979, 0.00938665, 0.00765298, 0.00741788, 0.00607388, 0.00495387, 0.00592919, 0.00445331, 0.0054692, 0.00467092, 0.00657019, 0.00898567, 0.00586221, 0.00984624, 0.00699388, 0.00483014, 0.00768118, 0.00641563, 0.00491043, 0.00708582, 0.00638247];
GivenLatency = [620.998, 683.21, 676.481, 812.895, 1100.68, 873.368, 547.1, 666.623, 603.876, 425.176, 531.844, 402.712, 545.725, 906.553, 537.232, 476.284, 733.187, 524.13, 519.135, 622.408, 510.927, 799.949, 478.102, 608.781, 894.601, 719.552, 487.07, 441.869, 1199.66, 398.287, 467.645, 392.438, 544.576, 493.12, 851.529, 638.196, 633.845, 513.929, 762.446, 466.725, 1225.29, 663.998, 372.074, 763.633, 841.295, 412.611, 604.754, 472.109, 712.268, 611.721, 803.083, 1066.05, 743.034, 462.553, 425.74, 708.403, 694.947, 484.293, 414.204, 949.617, 549.399, 499.71, 410.526, 747.172, 650.478, 541.881, 896.087, 700.289, 611.289, 393.2, 823.267, 355.891, 463.157, 400.984, 387.266, 628.082, 521.235, 371.771, 524.593, 477.291, 744.789, 753.57, 540.453, 810.971, 367.198, 936.201, 679.633, 755.64, 662.037, 625.316, 609.829, 500, 705.549, 632.636, 412.147, 981.387, 611.999, 386.122, 752.177, 944.275, 412.15, 548.231, 431.855, 531.395, 1076.7, 706.668, 932.418, 812.118, 401.929, 594.952, 475.2, 588.878, 898.467, 840.466, 813.816, 663.14, 846.445, 533.81, 373.562, 587.077, 433.675, 698.563, 780.725, 447.32, 703.332, 688.438, 660.272, 657.863];
HighestPossibleCritFunctionValue = 1.1;
