NumDevices = 16;
NumSlotes = 128;


GivenBandwidthOld = [0.0433444, 0.0696819, 0.0436688, 0.0413313, 0.0353065, 0.0559488, 0.030799, 0.0586209, 0.0609151, 0.0595791, 0.0452126, 0.0674124, 0.0605499, 0.0429589, 0.0306033, 0.0500638];
GivenLatency = [22.641, 11.6833, 19.1124, 19.6873, 23.5674, 18.6609, 27.1259, 15.7886, 17.8133, 15.2123, 17.4344, 11.7796, 12.9853, 18.5384, 34.5903, 16.944];
HighestPossibleCritFunctionValue = 1.1;
