NumDevices = 128;
NumSlotes = 1024;


GivenBandwidthOld = [0.00713407, 0.00478819, 0.00762657, 0.00722406, 0.00727451, 0.0052356, 0.00721777, 0.0064899, 0.00827212, 0.00699466, 0.00679402, 0.00453751, 0.00438501, 0.00629685, 0.00871816, 0.00866978, 0.00552391, 0.00781541, 0.00603879, 0.00643593, 0.00613065, 0.00532372, 0.00820323, 0.00410548, 0.00829018, 0.00548181, 0.00534681, 0.00625301, 0.00675542, 0.00583711, 0.00685039, 0.00698071, 0.00726524, 0.00438218, 0.00383153, 0.00399832, 0.00728976, 0.00649707, 0.00873779, 0.00846034, 0.00548273, 0.00579011, 0.00687808, 0.00740139, 0.00762343, 0.00447394, 0.00600554, 0.00758374, 0.00739609, 0.00867138, 0.00740831, 0.00392915, 0.00465909, 0.00779735, 0.00753172, 0.00811947, 0.00639961, 0.00568872, 0.00777035, 0.00872212, 0.0052507, 0.00602978, 0.00497068, 0.00466685, 0.00818024, 0.00776334, 0.00587023, 0.00846013, 0.00685051, 0.00410263, 0.00544805, 0.00787516, 0.00534855, 0.00551556, 0.00759915, 0.00646864, 0.00593415, 0.00769838, 0.00409414, 0.00779087, 0.00864196, 0.00788085, 0.0059869, 0.00425974, 0.00597046, 0.0079605, 0.00456683, 0.00723969, 0.00500995, 0.00481397, 0.00591073, 0.00408964, 0.00712635, 0.00511766, 0.00496443, 0.00466972, 0.006549, 0.00654775, 0.00555062, 0.00676494, 0.00591419, 0.00723475, 0.00699652, 0.00796429, 0.00837479, 0.00759185, 0.00864352, 0.00411379, 0.00789515, 0.00629302, 0.0042949, 0.00681673, 0.00619991, 0.00444222, 0.00789416, 0.00466132, 0.00531438, 0.00628061, 0.00568431, 0.0037775, 0.00601168, 0.00585307, 0.00508753, 0.00867801, 0.00383154, 0.00426516, 0.00707065, 0.00386053];
GivenLatency = [152.496, 205.372, 147.296, 167.288, 138.136, 189.354, 154.844, 183.714, 139.211, 177.942, 162.926, 239.298, 232.221, 169.131, 119.581, 134.148, 195.71, 132.044, 174.817, 164.691, 182.018, 243.375, 137.017, 262.455, 140.439, 179.331, 218.664, 188.474, 146.753, 182.153, 172.026, 161.755, 148.119, 230.39, 307.344, 299.035, 177.237, 192.749, 127.84, 125.601, 220.643, 189.014, 153.923, 130.651, 155.368, 230.634, 192.864, 141.848, 135.402, 145.442, 134.22, 325.711, 213.242, 135.514, 133.819, 150.969, 187.207, 227.189, 125.875, 140.979, 189.163, 181.378, 199.038, 232.866, 140.523, 135.414, 170.424, 148.641, 163.223, 268.385, 226.036, 125.761, 229.065, 222.848, 170.117, 151.09, 167.01, 164.602, 297.786, 132.567, 111.286, 135.98, 195.018, 240.538, 166.073, 147.635, 265.978, 163.951, 221.202, 221.785, 183.312, 254.204, 171.19, 237.851, 255.545, 248.56, 196.772, 189.966, 227.369, 156.628, 186.206, 140.814, 140.955, 151.592, 151.261, 135.016, 120.132, 283.178, 151.258, 184.456, 264.875, 145.382, 189.141, 290.319, 160.424, 236.458, 195.46, 162.771, 208.11, 336.067, 191.863, 177.775, 196.165, 134.532, 312.308, 238.137, 164.727, 285.422];
HighestPossibleCritFunctionValue = 1.1;
