NumDevices = 128;
NumSlotes = 1024;


GivenBandwidthOld = [0.00690954, 0.00614448, 0.0077294, 0.00544507, 0.00782518, 0.00527417, 0.00547789, 0.00436625, 0.00601086, 0.00708441, 0.00526068, 0.00868086, 0.00670721, 0.00551124, 0.00483771, 0.00491378, 0.00847791, 0.00576789, 0.00839861, 0.00799394, 0.0067268, 0.00476272, 0.00447369, 0.00679389, 0.00749612, 0.00472604, 0.00798264, 0.006711, 0.00432741, 0.00830454, 0.00693294, 0.00436037, 0.00715791, 0.00550914, 0.00455933, 0.00623382, 0.00425943, 0.00567373, 0.00581624, 0.00599688, 0.00700341, 0.00379902, 0.00761585, 0.00705537, 0.00702656, 0.00790481, 0.00865954, 0.00842843, 0.00405744, 0.00582206, 0.00383479, 0.00378525, 0.0062681, 0.00543403, 0.00725629, 0.0039524, 0.00547479, 0.007217, 0.00855557, 0.00603117, 0.00830288, 0.00406699, 0.00643493, 0.00429613, 0.00754142, 0.00615518, 0.00767171, 0.0059625, 0.00427202, 0.00737733, 0.00824702, 0.00518647, 0.00641794, 0.00388171, 0.00736439, 0.00580575, 0.00477244, 0.00785455, 0.00388246, 0.00496461, 0.00769853, 0.00667301, 0.00580744, 0.00815167, 0.00768582, 0.0081193, 0.00850123, 0.00764195, 0.00567335, 0.00452552, 0.00789583, 0.00777951, 0.00770273, 0.00730192, 0.00594578, 0.00826972, 0.00662836, 0.00539798, 0.00629906, 0.00584008, 0.00673344, 0.00635406, 0.00524139, 0.00460777, 0.00536413, 0.00744861, 0.0062658, 0.00672594, 0.00542911, 0.00459159, 0.00842656, 0.00771201, 0.00816908, 0.00518084, 0.00684864, 0.0075417, 0.00590207, 0.00862867, 0.00448055, 0.00704329, 0.004026, 0.00746751, 0.00392231, 0.00484034, 0.00413426, 0.0069731, 0.0044033, 0.00378751];
GivenLatency = [183.148, 163.898, 146.38, 232.452, 146.723, 226.476, 227.497, 288.545, 215.277, 137.584, 203.258, 110.19, 167.458, 176.356, 219.915, 228.54, 129.128, 198.827, 136.195, 161.938, 180.587, 254.829, 222.93, 187.778, 136.425, 220.816, 120.541, 152.912, 233.022, 122.327, 140.552, 280.946, 147.66, 227.757, 261.816, 188.952, 268.856, 193.368, 194.48, 173.52, 172.667, 270.891, 153.906, 170.947, 145.861, 151.597, 119.308, 118.276, 263.697, 202.425, 262.038, 303.073, 179.868, 219.2, 141.387, 260.823, 184.678, 165.097, 134.271, 189.598, 140.025, 296.187, 148.348, 298.974, 145.813, 207.624, 126.923, 204.786, 239.418, 135.636, 120.616, 228.75, 152.002, 275.03, 138, 171.125, 204.45, 153.407, 288.818, 247.085, 135.635, 160.647, 208.571, 138.114, 140.632, 127.869, 117.883, 131.184, 216.026, 274.615, 121.301, 153.255, 133.535, 134.6, 215.458, 140.659, 157.626, 184.415, 156.641, 205.351, 187.812, 162.245, 197.136, 278.513, 185.064, 145.137, 169.787, 176.333, 183.741, 257.199, 141.756, 158.802, 136.908, 202.336, 152.817, 130.528, 179.408, 147.753, 239.571, 146.099, 299.332, 145.243, 279.056, 200.339, 251.761, 170.431, 248.182, 293.237];
HighestPossibleCritFunctionValue = 1.1;
