NumDevices = 128;
NumSlotes = 1024;


GivenBandwidthOld = [0.00579293, 0.0079601, 0.00670385, 0.0054058, 0.00779241, 0.00697519, 0.00948984, 0.00456186, 0.00499863, 0.00823791, 0.00707423, 0.005392, 0.00715423, 0.00609074, 0.00703306, 0.00717122, 0.00415421, 0.00984727, 0.00552401, 0.00704525, 0.00575726, 0.00849128, 0.00917268, 0.00528428, 0.00920478, 0.00725939, 0.00481138, 0.00491815, 0.00568086, 0.00575844, 0.0095576, 0.00578015, 0.00573755, 0.00847225, 0.00807472, 0.00810267, 0.00909238, 0.00565107, 0.00501241, 0.00862829, 0.00564347, 0.00849527, 0.00753507, 0.0069425, 0.00387847, 0.00667128, 0.00794687, 0.00927179, 0.00840965, 0.0060211, 0.00537331, 0.00550044, 0.00462111, 0.00701789, 0.0084495, 0.00706841, 0.0075504, 0.0083852, 0.00754265, 0.009326, 0.00715373, 0.00404386, 0.00510752, 0.00705156, 0.00554967, 0.0070595, 0.0077851, 0.00916551, 0.00979219, 0.00488464, 0.0049582, 0.00379127, 0.00991969, 0.00406538, 0.00426879, 0.00423644, 0.00432403, 0.00771233, 0.00481605, 0.00840974, 0.00752826, 0.00501286, 0.00994536, 0.00417027, 0.00466864, 0.00576481, 0.00418538, 0.00867325, 0.00514055, 0.00602709, 0.00598858, 0.00876158, 0.00844538, 0.0065817, 0.00867593, 0.0063144, 0.00990214, 0.00901331, 0.00793446, 0.00693608, 0.00849618, 0.00396329, 0.00721827, 0.00747767, 0.00465432, 0.00882813, 0.00812528, 0.00776819, 0.00628847, 0.00534478, 0.00719367, 0.00656576, 0.00939812, 0.00667409, 0.00513919, 0.00812473, 0.00488702, 0.00743471, 0.00769777, 0.00398507, 0.00454048, 0.00810994, 0.00633826, 0.00469531, 0.00402124, 0.00615984, 0.00587024, 0.00737743];
GivenLatency = [668.665, 528.343, 543.047, 703.229, 548.425, 480.368, 464.422, 854.765, 838.415, 531.12, 653.546, 737.645, 576.106, 564.124, 583.085, 473.232, 834.496, 385.849, 844.144, 499.105, 826.474, 394.116, 385.962, 817.686, 507.181, 465.83, 761.894, 797.943, 615.507, 687.226, 443.75, 814.483, 836.166, 471.221, 486.396, 609.547, 455.392, 640.974, 943.604, 416.808, 686.351, 413.028, 488.847, 511.778, 1077.79, 617.411, 538.13, 475.455, 446.264, 599.503, 908.861, 811.436, 902.319, 621, 407.832, 509.775, 557.168, 466.584, 583.172, 463.746, 466.665, 978.484, 725.186, 572.388, 769.273, 480.275, 445.841, 466.329, 405.622, 848.08, 831.994, 1143.56, 412.437, 1058.06, 1046.63, 909.178, 910.463, 563.828, 752.307, 425.238, 523.979, 960.978, 457.708, 911.595, 885.68, 682.543, 956.517, 388.184, 754.973, 805.303, 616.993, 397.312, 400.872, 551.17, 469.998, 723.708, 396.644, 396.176, 602.897, 662.619, 401.323, 995.556, 687.477, 493.891, 830.832, 525.138, 531.121, 498.695, 622.46, 854.209, 537.987, 540.046, 413.039, 744.137, 893.127, 414.729, 721.125, 470.009, 588.228, 992.351, 1088.69, 542.795, 768.232, 834.763, 884.823, 767.877, 608.644, 571.398];
HighestPossibleCritFunctionValue = 1.1;
