NumDevices = 16;
NumSlotes = 128;


GivenBandwidthOld = [0.0332535, 0.0320733, 0.0217724, 0.0194, 0.0204264, 0.0220646, 0.0297979, 0.0280036, 0.0220608, 0.0154839, 0.0280758, 0.0347651, 0.0121598, 0.0100256, 0.0157555, 0.0183216];
GivenLatency = [12.6969, 10.5872, 27.8665, 17.4848, 19.3596, 19.8208, 11.3235, 14.6588, 14.9569, 30.5202, 20.9856, 11.142, 24.8063, 34.4149, 23.5935, 33.8425];
HighestPossibleCritFunctionValue = 1.1;
