NumDevices = 16;
NumSlotes = 128;


GivenBandwidthOld = [0.0300003, 0.0296734, 0.0108171, 0.0183841, 0.0210465, 0.0189643, 0.0231937, 0.0319869, 0.0188827, 0.0266593, 0.0278424, 0.012513, 0.0216953, 0.023492, 0.0192172, 0.0238134];
GivenLatency = [14.8308, 10.2222, 38.8083, 17.9415, 24.3301, 18.4168, 18.1146, 12.0119, 30.4624, 12.1771, 13.0025, 26.9026, 29.0706, 16.212, 20.7797, 25.4547];
HighestPossibleCritFunctionValue = 1.1;
