NumDevices = 16;
NumSlotes = 128;


GivenBandwidthOld = [0.0393957, 0.0442221, 0.0612681, 0.0525766, 0.0741034, 0.0757348, 0.0448067, 0.0361575, 0.068571, 0.0434595, 0.0440584, 0.0588545, 0.0381685, 0.0686094, 0.0375494, 0.0620243];
GivenLatency = [38.3733, 37.2124, 22.1983, 29.422, 20.5051, 19.789, 29.844, 38.9018, 28.2728, 30.977, 37.54, 23.5375, 35.9509, 28.6201, 36.0173, 28.8854];
HighestPossibleCritFunctionValue = 1.1;
