NumDevices = 32;
NumSlotes = 256;


GivenBandwidthOld = [0.0193898, 0.0151746, 0.0296634, 0.0225269, 0.0196141, 0.0236935, 0.0266438, 0.0326068, 0.0330773, 0.0196764, 0.0306241, 0.0292101, 0.0245389, 0.0161106, 0.0212288, 0.0221539, 0.0305851, 0.0333231, 0.0317727, 0.0334293, 0.016999, 0.0316867, 0.0285251, 0.030552, 0.0171031, 0.0211693, 0.0231809, 0.0321232, 0.0241238, 0.0191527, 0.0296776, 0.0216752];
GivenLatency = [49.7998, 71.5396, 36.3143, 45.1905, 44.4273, 38.068, 37.7295, 26.3778, 26.2103, 46.1316, 28.3435, 28.8725, 42.2248, 58.9416, 47.7011, 40.1574, 30.1125, 29.7658, 28.5614, 31.3653, 51.0213, 29.6204, 31.8947, 27.7646, 52.7398, 45.0036, 44.8514, 29.9301, 40.937, 60.1863, 31.8918, 41.1784];
HighestPossibleCritFunctionValue = 1.1;
