NumDevices = 128;
NumSlotes = 1024;


GivenBandwidthOld = [0.0043341, 0.00135818, 0.00377427, 0.00169288, 0.00410032, 0.00346067, 0.00278049, 0.00235381, 0.00305499, 0.00333808, 0.00180178, 0.00322421, 0.00367624, 0.00399021, 0.00291257, 0.00348104, 0.0014012, 0.0018932, 0.00214987, 0.00347933, 0.00394648, 0.00219474, 0.00135719, 0.00275704, 0.00187962, 0.00195554, 0.00298733, 0.00362788, 0.00382253, 0.00341293, 0.00356461, 0.0028214, 0.00241613, 0.00349922, 0.00390989, 0.00285793, 0.00388983, 0.00328477, 0.00272396, 0.00225115, 0.0025656, 0.00317497, 0.00427206, 0.00238466, 0.00279983, 0.00229073, 0.00209201, 0.00289363, 0.0039337, 0.00305492, 0.00219653, 0.00328222, 0.00360417, 0.00212965, 0.00426895, 0.0031625, 0.00408272, 0.00136789, 0.00139401, 0.00280325, 0.00360599, 0.00157408, 0.00435871, 0.00244075, 0.00175136, 0.00264048, 0.00227585, 0.0020097, 0.0038607, 0.00425554, 0.00291962, 0.00320101, 0.00130638, 0.00203053, 0.00400043, 0.00265772, 0.00141644, 0.00180369, 0.00400358, 0.0025021, 0.00154876, 0.00383591, 0.00319535, 0.00300276, 0.00356603, 0.00176075, 0.00414961, 0.00378128, 0.00392498, 0.00336352, 0.00136747, 0.00365087, 0.00273782, 0.00396792, 0.00328754, 0.00235149, 0.00144229, 0.00187889, 0.00218758, 0.00294913, 0.00235401, 0.00319933, 0.0043188, 0.0034938, 0.00340041, 0.00261518, 0.00201907, 0.00194092, 0.00423425, 0.00436073, 0.0021209, 0.00415052, 0.00342788, 0.00173598, 0.00352872, 0.00286989, 0.00173624, 0.00154811, 0.00212754, 0.00325956, 0.0040532, 0.00206514, 0.00135769, 0.0018544, 0.003129, 0.00353828, 0.0041378, 0.00205605];
GivenLatency = [132.491, 299.454, 130.489, 232.326, 138.509, 99.4408, 159.804, 156.318, 199.218, 130.994, 234.381, 168.335, 150.264, 88.448, 108.026, 93.0975, 304.233, 224.005, 188.137, 104.204, 86.5743, 206.082, 354.514, 189.338, 264.896, 263.286, 168.81, 99.7007, 137.098, 136.643, 107.468, 129.748, 227.196, 136.928, 157.844, 117.851, 121.69, 138.633, 146.865, 160.067, 215.83, 139.478, 93.5388, 138.151, 141.067, 285.54, 222.496, 136.218, 119.97, 170.735, 259.39, 144.892, 91.3677, 225.701, 77.5639, 178.014, 155.859, 330.61, 430.926, 155.136, 96.7506, 252.391, 137.02, 159.378, 333.45, 184.577, 188.068, 297.695, 127.65, 93.8814, 159.733, 163.514, 455.14, 302.63, 84.8102, 172.652, 234.931, 294.753, 146.175, 195.074, 204.025, 94.4537, 140.055, 191.497, 106.458, 188.051, 95.7298, 94.3609, 86.9888, 123.787, 364.024, 96.8291, 211.712, 128.234, 175.074, 214.472, 354.124, 182.463, 145.995, 114.606, 149.219, 150.205, 94.4773, 90.3213, 168.064, 203.837, 179.575, 183.38, 137.664, 106.738, 149.459, 87.2604, 179.378, 226.981, 106.029, 193.439, 263.647, 255.59, 268.018, 194.622, 99.4424, 254.349, 300.544, 174.95, 186.693, 134.33, 80.5485, 173.914];
HighestPossibleCritFunctionValue = 1.1;
