NumDevices = 16;
NumSlotes = 128;


GivenBandwidthOld = [0.0481272, 0.0436804, 0.0572116, 0.0746372, 0.0472979, 0.0563768, 0.044903, 0.0539807, 0.0735244, 0.0442739, 0.0308888, 0.0686758, 0.0549948, 0.0682234, 0.050178, 0.060979];
GivenLatency = [36.6247, 37.1098, 24.8359, 20.2645, 31.3904, 28.7814, 41.545, 27.5615, 21.0694, 33.5219, 52.2392, 27.1936, 34.6604, 27.8676, 33.3183, 22.9834];
HighestPossibleCritFunctionValue = 1.1;
