NumDevices = 64;
NumSlotes = 512;


GivenBandwidthOld = [0.0173294, 0.0109184, 0.0111383, 0.0162519, 0.0100636, 0.0140374, 0.0124238, 0.0119505, 0.0173616, 0.0116892, 0.0148325, 0.0140382, 0.0149925, 0.013746, 0.0141727, 0.016282, 0.0170497, 0.00935389, 0.0158235, 0.00974942, 0.0134427, 0.0169913, 0.00837603, 0.0108824, 0.0163114, 0.0104846, 0.00962092, 0.0137198, 0.0140179, 0.0137076, 0.00884156, 0.0151075, 0.0170467, 0.00948951, 0.0151677, 0.00889196, 0.0120977, 0.0111086, 0.0171434, 0.0141078, 0.0151749, 0.0089152, 0.0127322, 0.0154284, 0.010904, 0.00926897, 0.00851659, 0.0133883, 0.0123139, 0.0152843, 0.017483, 0.0112538, 0.00814453, 0.010195, 0.011558, 0.00955389, 0.0172229, 0.0104207, 0.0156037, 0.016761, 0.017402, 0.0100867, 0.0118465, 0.00897139];
GivenLatency = [53.0705, 102.383, 86.5699, 68.7653, 115.252, 78.4347, 89.7236, 85.8372, 57.9053, 85.5723, 68.8195, 84.6925, 79.5852, 82.4462, 66.6902, 58.6443, 55.5813, 102.916, 62.9048, 119.322, 77.458, 63.5039, 143.646, 114.487, 66.2733, 104.148, 122.743, 73.2193, 72.8985, 67.5002, 112.837, 77.6006, 63.0251, 109.297, 62.7613, 109.706, 84.0101, 93.4976, 69.42, 64.5207, 63.7746, 120.845, 73.2429, 77.9397, 87.338, 111.627, 122.988, 83.6358, 80.3467, 62.4199, 61.8279, 82.7147, 152.239, 98.7921, 98.9566, 127.87, 54.9591, 91.4673, 73.8099, 54.9445, 69.5796, 117.037, 78.8474, 123.575];
HighestPossibleCritFunctionValue = 1.1;
