NumDevices = 32;
NumSlotes = 256;


GivenBandwidthOld = [0.0110584, 0.0152239, 0.0137632, 0.0137012, 0.00778393, 0.00700379, 0.00763489, 0.0145255, 0.0126775, 0.0152108, 0.00536973, 0.00663993, 0.0173239, 0.00778472, 0.00777477, 0.0154738, 0.0130802, 0.00923992, 0.0152961, 0.013988, 0.0165195, 0.0137527, 0.0112177, 0.00565109, 0.010359, 0.0119369, 0.00640319, 0.0133596, 0.00504602, 0.0158949, 0.0149845, 0.0148396];
GivenLatency = [28.7965, 21.7904, 38.2525, 28.5798, 46.2988, 61.8145, 44.7432, 23.5151, 41.7128, 24.681, 62.6091, 61.9586, 29.267, 40.8975, 65.5207, 25.8575, 38.5134, 45.4264, 25.3235, 22.621, 22.0143, 23.5027, 31.6197, 101.079, 45.7382, 25.8174, 61.1069, 26.6706, 71.4112, 22.041, 38.9335, 24.6106];
HighestPossibleCritFunctionValue = 1.1;
