NumDevices = 128;
NumSlotes = 1024;


GivenBandwidthOld = [0.00662953, 0.00498014, 0.00871033, 0.00702661, 0.00376227, 0.00493961, 0.00754753, 0.00376589, 0.00580059, 0.00800324, 0.00799341, 0.00768648, 0.00414825, 0.00720997, 0.00544001, 0.00773251, 0.00778032, 0.006276, 0.0082879, 0.00725607, 0.00519351, 0.00484821, 0.00631483, 0.00577696, 0.00591855, 0.00549008, 0.00424349, 0.00789438, 0.00842185, 0.00856389, 0.0058599, 0.00477945, 0.00577124, 0.00480592, 0.00555594, 0.00618967, 0.00720453, 0.00409458, 0.00509589, 0.00404034, 0.00855451, 0.00814028, 0.00620763, 0.00419059, 0.0086996, 0.00671059, 0.00731545, 0.00833863, 0.00490057, 0.00636117, 0.00467922, 0.00621574, 0.00540588, 0.00417939, 0.00543758, 0.00692054, 0.00596493, 0.00509249, 0.00691121, 0.00426231, 0.00419855, 0.00746415, 0.00744739, 0.00579186, 0.0062414, 0.00679414, 0.00667348, 0.00867815, 0.00610139, 0.00851217, 0.00650422, 0.00386504, 0.00723206, 0.00679732, 0.00501101, 0.00751581, 0.00571071, 0.00731949, 0.00616774, 0.00871058, 0.00623125, 0.00612357, 0.00634291, 0.0077444, 0.00763652, 0.00443385, 0.00725286, 0.0062739, 0.00788755, 0.00855967, 0.00486608, 0.00669174, 0.00555505, 0.00630098, 0.00800481, 0.00441977, 0.00555117, 0.00596707, 0.00607242, 0.00663851, 0.00594188, 0.00769053, 0.00730169, 0.00694592, 0.00759464, 0.00563832, 0.0057818, 0.0072832, 0.00627393, 0.0084062, 0.00556889, 0.00383078, 0.00643598, 0.00703988, 0.00672625, 0.00565153, 0.00778456, 0.00752398, 0.00806529, 0.00575509, 0.00836149, 0.00401537, 0.0037843, 0.00520424, 0.00517773, 0.00466432, 0.00579712, 0.00473698];
GivenLatency = [159.211, 198.438, 129.476, 149.044, 342.519, 213.711, 142.442, 291.991, 194.091, 138.915, 144.832, 154.604, 259.022, 153.63, 226.56, 165.774, 132.773, 187.987, 126.837, 146.099, 218.576, 202.541, 169.564, 186.902, 178.085, 216.939, 304.732, 150.372, 134.36, 113.629, 178.774, 233.025, 216.212, 266.721, 226.379, 160.466, 134.978, 316.178, 196.671, 290.615, 135.175, 128.352, 160.55, 260.701, 148.188, 159.201, 154.22, 132.144, 203.437, 198.842, 243.045, 206.609, 182.162, 258.61, 186.457, 165.857, 178.157, 205.008, 144.678, 228.091, 255.24, 160.615, 159.272, 213.071, 187.266, 149.429, 161.611, 133.386, 205.257, 123.509, 185.525, 318.052, 178.244, 176.146, 220.383, 151.239, 227.325, 158.458, 206.588, 132.137, 172.957, 211.346, 204.315, 123.846, 135.583, 232.787, 152.419, 167.577, 142.397, 120.94, 225.651, 161.183, 231.59, 175.761, 158.357, 270.571, 181.999, 180.832, 203.66, 150.746, 215.755, 140.736, 155.234, 146.383, 169.977, 172.7, 181.192, 157.094, 179.304, 153.147, 205.617, 272.061, 150.098, 152.945, 190.476, 185.564, 158.304, 152.99, 119.284, 179.389, 151.003, 288.277, 287, 207.214, 221.552, 219.248, 177.977, 244.126];
HighestPossibleCritFunctionValue = 1.1;
