NumDevices = 16;
NumSlotes = 128;


GivenBandwidthOld = [0.0472269, 0.0430161, 0.0313665, 0.0373672, 0.0499068, 0.0429522, 0.0380163, 0.0400587, 0.0459764, 0.0654955, 0.0434452, 0.0436244, 0.0551496, 0.0395093, 0.05332, 0.0499211];
GivenLatency = [20.2293, 20.3615, 28.5213, 25.396, 15.4744, 21.076, 20.5686, 26.3167, 23.6327, 11.9528, 22.2123, 18.4888, 15.3252, 21.143, 15.5246, 15.7622];
HighestPossibleCritFunctionValue = 1.1;
