NumDevices = 128;
NumSlotes = 1024;


GivenBandwidthOld = [0.00680052, 0.00512724, 0.00722433, 0.00929306, 0.00966316, 0.00500603, 0.00757025, 0.00452068, 0.00655719, 0.00919438, 0.00748321, 0.0040658, 0.00507196, 0.00941322, 0.00431292, 0.00857778, 0.0067302, 0.00454696, 0.00443042, 0.00838861, 0.0086119, 0.00524992, 0.00663776, 0.00704567, 0.00659883, 0.00902534, 0.00385019, 0.00640195, 0.00625819, 0.00891511, 0.00752619, 0.00772392, 0.0058954, 0.00517511, 0.00558379, 0.00544759, 0.00382473, 0.00969375, 0.00658051, 0.0073191, 0.00843866, 0.00607382, 0.00397626, 0.00646523, 0.0074035, 0.0080846, 0.00538337, 0.00583083, 0.00752504, 0.00717326, 0.00723395, 0.00841751, 0.00687689, 0.00733361, 0.00845683, 0.00517167, 0.00405933, 0.00895707, 0.00644615, 0.00545364, 0.00551475, 0.00763165, 0.00515565, 0.00976228, 0.00842596, 0.00514007, 0.00422992, 0.00719059, 0.00467424, 0.00614661, 0.00864861, 0.00960356, 0.00945195, 0.00521445, 0.00420762, 0.00751519, 0.00405623, 0.00683971, 0.00750735, 0.00974207, 0.00630624, 0.00404428, 0.00589205, 0.00525399, 0.00625339, 0.00951433, 0.00979727, 0.00890617, 0.00716936, 0.00421378, 0.00480018, 0.00413347, 0.00492449, 0.005986, 0.00919601, 0.00976368, 0.00697815, 0.0092386, 0.0069112, 0.00898196, 0.00610055, 0.009487, 0.00677635, 0.00515345, 0.00409965, 0.00534718, 0.00389074, 0.00668177, 0.00923349, 0.00848837, 0.0041105, 0.00639764, 0.00881585, 0.00798472, 0.00798796, 0.00610594, 0.00620205, 0.00914161, 0.00804524, 0.00634112, 0.00892423, 0.004494, 0.00819462, 0.00448867, 0.00613904, 0.00638651, 0.00930823, 0.00840694];
GivenLatency = [714.435, 707.491, 550.004, 406.435, 504.638, 984.791, 647.806, 849.982, 545.218, 468.184, 500.584, 883.618, 911.949, 412.611, 972.312, 448.768, 734.374, 1022.49, 975.145, 506.109, 492.967, 666.752, 575.192, 539.142, 746.994, 495.728, 878.398, 630.226, 660.759, 517.26, 560.143, 590.617, 732.616, 752.845, 716.334, 613.512, 917.242, 373, 607.607, 498.3, 586.216, 560.295, 879.004, 581.145, 571.397, 456.038, 633.38, 695.517, 636.92, 493.114, 549.081, 484.463, 679.522, 610.03, 512.899, 896.304, 1231.31, 460.478, 536.484, 704.634, 841.789, 551.368, 962.416, 457.834, 434.115, 673.059, 1099.19, 692.891, 858.889, 749.352, 456.184, 423.049, 466.458, 833.819, 988.525, 467.556, 894.637, 504.371, 553.501, 355.492, 550.244, 958.414, 628.059, 769.518, 712.798, 373.617, 356.055, 534.333, 605.961, 799.007, 954.968, 1041.54, 693.796, 741.959, 370.171, 359.317, 706.429, 476.386, 510.803, 473.35, 561.359, 461.313, 491.976, 672.635, 946.607, 731.71, 1147.33, 610.233, 431.347, 468.191, 998.925, 525.272, 475.35, 546.824, 604.388, 585.172, 621.231, 414.736, 446.785, 596.211, 471.062, 777.198, 408.956, 841.966, 786.498, 774.924, 359.148, 443.924];
HighestPossibleCritFunctionValue = 1.1;
