NumDevices = 32;
NumSlotes = 256;


GivenBandwidthOld = [0.00736384, 0.00904621, 0.00962011, 0.00514125, 0.0164151, 0.00797472, 0.0136823, 0.0159379, 0.012785, 0.0106389, 0.0151584, 0.012412, 0.0159538, 0.00613295, 0.00892473, 0.00542904, 0.015841, 0.00918128, 0.017315, 0.00884793, 0.0147242, 0.0142418, 0.00623845, 0.00711606, 0.00711037, 0.0115609, 0.0110994, 0.00573755, 0.0135713, 0.0131787, 0.0143715, 0.0125297];
GivenLatency = [72.2717, 61.3295, 58.1489, 90.849, 38.9184, 38.9183, 27.6837, 39.2155, 31.1623, 35.1683, 21.4353, 33.2885, 34.3263, 66.1635, 48.9056, 110.653, 31.7367, 33.7249, 27.3188, 37.2494, 23.3505, 39.5896, 85.8231, 74.0718, 50.6916, 31.2109, 38.7142, 76.2519, 34.0572, 27.6228, 22.8513, 31.076];
HighestPossibleCritFunctionValue = 1.1;
