NumDevices = 64;
NumSlotes = 512;


GivenBandwidthOld = [0.00360541, 0.006105, 0.0041884, 0.00451044, 0.00452893, 0.00268159, 0.00447169, 0.00319598, 0.00603117, 0.00719332, 0.00809818, 0.00357793, 0.00669943, 0.00738354, 0.00510408, 0.00682854, 0.00859127, 0.0033969, 0.00802298, 0.00846242, 0.00671399, 0.00830237, 0.00423502, 0.0066666, 0.0056136, 0.0077092, 0.00348888, 0.00379704, 0.00811501, 0.00521248, 0.00370087, 0.00425708, 0.00867153, 0.00859296, 0.00694755, 0.00869624, 0.00515033, 0.00276181, 0.00276425, 0.00621524, 0.00697058, 0.00834364, 0.00399329, 0.0065151, 0.00302261, 0.00478667, 0.00323863, 0.00422615, 0.00763585, 0.00828744, 0.00324076, 0.00872896, 0.00513654, 0.00855056, 0.00670592, 0.00391127, 0.00293948, 0.00761858, 0.00544875, 0.00596723, 0.00751136, 0.00348407, 0.00429045, 0.00715961];
GivenLatency = [141.292, 77.6027, 84.7237, 112.503, 142.262, 155.678, 133.426, 182.652, 53.4743, 67.2014, 44.6004, 125.378, 54.6715, 66.6783, 107.052, 55.1778, 37.3064, 91.3217, 39.2555, 40.8092, 54.838, 37.9428, 75.9714, 46.8004, 91.1144, 83.5596, 144.167, 100.101, 40.1533, 60.8923, 156.379, 91.856, 49.4848, 52.5995, 73.5715, 40.4271, 95.54, 127.96, 114.872, 53.706, 76.4965, 43.4343, 113.712, 86.1646, 187.825, 121.816, 186.532, 128.155, 84.6216, 62.7642, 118.552, 43.7983, 84.8958, 46.669, 86.1169, 108.651, 195.616, 59.2184, 90.1576, 97.2483, 53.3577, 133.064, 145.884, 75.9674];
HighestPossibleCritFunctionValue = 1.1;
