NumDevices = 32;
NumSlotes = 256;


GivenBandwidthOld = [0.028344, 0.0269571, 0.0182411, 0.0287662, 0.0234533, 0.0290301, 0.0187029, 0.0296438, 0.0328622, 0.0254406, 0.0296304, 0.0281919, 0.0312024, 0.028543, 0.0322388, 0.0273608, 0.0222146, 0.0299683, 0.026552, 0.0289796, 0.0305554, 0.0337738, 0.0262933, 0.021319, 0.0177284, 0.0316899, 0.0226209, 0.0197436, 0.0210901, 0.0308812, 0.0303259, 0.0180191];
GivenLatency = [40.2546, 32.2903, 52.2052, 37.806, 37.1765, 33.5896, 46.6317, 32.9173, 33.186, 43.964, 31.4159, 36.0018, 33.3645, 35.434, 36.2556, 34.3823, 41.6876, 33.3189, 34.7244, 35.2478, 29.5116, 25.8398, 43.015, 41.9547, 50.7871, 33.5583, 43.6284, 46.6188, 44.1736, 33.6737, 35.7263, 65.1005];
HighestPossibleCritFunctionValue = 1.1;
