NumDevices = 32;
NumSlotes = 256;


GivenBandwidthOld = [0.0296948, 0.0297531, 0.0300659, 0.0282411, 0.0178949, 0.0293513, 0.0174896, 0.0171837, 0.0166672, 0.016136, 0.0279634, 0.0316215, 0.032123, 0.0218423, 0.0332567, 0.0156141, 0.0159888, 0.0333015, 0.0280844, 0.0250294, 0.0199187, 0.0235163, 0.0281094, 0.024747, 0.0326054, 0.0293224, 0.0309203, 0.027126, 0.0159837, 0.0281093, 0.0224299, 0.0295279];
GivenLatency = [32.9612, 33.9721, 38.2958, 31.3712, 59.5183, 37.9407, 64.5634, 62.5037, 60.245, 69.1422, 41.7907, 31.0323, 28.0307, 38.7199, 32.5938, 63.3346, 62.5028, 28.7978, 35.4876, 39.6824, 52.0265, 35.8989, 32.9937, 42.2549, 33.4077, 33.5493, 32.5578, 34.7311, 61.5299, 31.1494, 48.2383, 32.1915];
HighestPossibleCritFunctionValue = 1.1;
