NumDevices = 32;
NumSlotes = 256;


GivenBandwidthOld = [0.0257124, 0.0326273, 0.0272607, 0.0302583, 0.0368984, 0.036815, 0.0351094, 0.0179262, 0.0213691, 0.0357478, 0.0237396, 0.0263585, 0.0179528, 0.0175874, 0.0265659, 0.0283931, 0.0375014, 0.0204829, 0.0153821, 0.0374221, 0.0385375, 0.0352736, 0.0289044, 0.0308671, 0.0190361, 0.0242307, 0.029648, 0.0293245, 0.0167226, 0.0166032, 0.0342005, 0.0175365];
GivenLatency = [86.6341, 51.2544, 77.8025, 68.255, 57.9949, 63.25, 48.0497, 112.664, 83.1705, 48.3343, 77.8958, 71.9528, 94.7045, 127.85, 63.9819, 59.6353, 66.6018, 97.6539, 122.32, 46.0462, 56.2472, 65.4141, 60.181, 80.2641, 89.5831, 85.9239, 60.4019, 82.5887, 126.49, 131.943, 59.6053, 121.274];
HighestPossibleCritFunctionValue = 1.1;
