NumDevices = 64;
NumSlotes = 512;


GivenBandwidthOld = [0.0176671, 0.0116832, 0.0149984, 0.00887233, 0.009775, 0.0183583, 0.0155198, 0.00936311, 0.00836797, 0.00804756, 0.0103462, 0.0191893, 0.0197158, 0.018412, 0.0175922, 0.0153241, 0.0189476, 0.00787564, 0.00842907, 0.00982896, 0.0127597, 0.0194403, 0.0128716, 0.0135606, 0.0176755, 0.0140408, 0.0143495, 0.0137602, 0.010565, 0.00802922, 0.0146275, 0.0115071, 0.0173016, 0.0187847, 0.0191313, 0.00798916, 0.0162555, 0.0106953, 0.010436, 0.0149154, 0.0128875, 0.0184266, 0.0129016, 0.0166787, 0.0118862, 0.0146781, 0.0130802, 0.0181173, 0.0143581, 0.00868257, 0.00795136, 0.0184563, 0.0126172, 0.0123361, 0.0131097, 0.015264, 0.00938073, 0.0169041, 0.0123645, 0.0155708, 0.0157881, 0.0185354, 0.0161404, 0.0150467];
GivenLatency = [183.533, 215.073, 197.42, 256.11, 237.965, 170.106, 173.529, 300.565, 332.163, 351.925, 254.961, 120.759, 127.525, 135.694, 160.079, 191.431, 140.167, 287.029, 328.583, 310.476, 195.834, 133.84, 196.213, 184.811, 133.519, 219.508, 202.327, 221.633, 212.073, 307.793, 186.152, 259.281, 151.114, 136.293, 134.15, 290.759, 181.413, 262.533, 242.826, 212.046, 257.225, 125.936, 229.714, 147.287, 264.516, 212.756, 209.913, 169.519, 170.737, 358.012, 312.011, 143.511, 182.799, 216.146, 196.634, 169.516, 327.18, 134.977, 209.486, 146.646, 204.514, 157.27, 190.128, 214.766];
HighestPossibleCritFunctionValue = 1.1;
