NumDevices = 16;
NumSlotes = 128;


GivenBandwidthOld = [0.0539131, 0.0382121, 0.0504582, 0.0716182, 0.0568462, 0.0342561, 0.0622046, 0.0428906, 0.0319315, 0.0425592, 0.0618998, 0.069815, 0.0507304, 0.045735, 0.0382038, 0.0614498];
GivenLatency = [29.2983, 49.7827, 33.876, 25.3229, 32.4699, 50.0597, 26.151, 37.3572, 43.1337, 36.3147, 25.6692, 22.7972, 30.9986, 37.9888, 48.1755, 28.6346];
HighestPossibleCritFunctionValue = 1.1;
