NumDevices = 64;
NumSlotes = 512;


GivenBandwidthOld = [0.0117883, 0.0183732, 0.0158082, 0.0184144, 0.0079675, 0.0148309, 0.0173542, 0.014075, 0.013011, 0.0179013, 0.0100542, 0.0101565, 0.0181173, 0.0148741, 0.0194555, 0.0181773, 0.0106994, 0.0169569, 0.0124575, 0.0151141, 0.0154063, 0.0129875, 0.0107169, 0.0120328, 0.0145878, 0.00756564, 0.0106339, 0.016267, 0.0171532, 0.0121129, 0.0107633, 0.0171132, 0.0140836, 0.00880664, 0.0182606, 0.0115901, 0.0127678, 0.0191104, 0.0187904, 0.0155259, 0.0112433, 0.00810202, 0.0131095, 0.0113711, 0.0183407, 0.0193718, 0.0115558, 0.0104873, 0.0152519, 0.0179552, 0.0153445, 0.0120233, 0.0177702, 0.0194371, 0.00894756, 0.0116234, 0.00922528, 0.0166994, 0.00894532, 0.0115185, 0.00830703, 0.00868676, 0.0159264, 0.0182194];
GivenLatency = [194.675, 143.94, 168.16, 131.481, 343.86, 188.061, 191.142, 203.968, 233.898, 171.98, 265.969, 228.855, 177.812, 198.619, 119.324, 141.09, 292.119, 167.519, 211.807, 156.632, 147.873, 184.737, 269.427, 185.218, 159.159, 322.309, 252.794, 189.72, 134.389, 200.417, 215.864, 131.797, 171.977, 260.724, 140.039, 263.315, 228.724, 172.128, 133.838, 161.639, 245.94, 305.419, 220.305, 275.648, 154.159, 154.084, 282.839, 250.585, 184.608, 140.135, 216.807, 258.266, 151.736, 147.272, 290.941, 209.674, 248.515, 141.143, 261.441, 241.084, 361.178, 382, 146.787, 152.135];
HighestPossibleCritFunctionValue = 1.1;
