NumDevices = 128;
NumSlotes = 1024;


GivenBandwidthOld = [0.00761247, 0.00535696, 0.00691654, 0.00870198, 0.00672607, 0.00753014, 0.00656851, 0.00445333, 0.00463317, 0.0071978, 0.0058692, 0.00621108, 0.00716927, 0.0064187, 0.00661005, 0.00753076, 0.00696545, 0.00582799, 0.00852344, 0.00596555, 0.00550574, 0.00754216, 0.00858968, 0.00425182, 0.00792038, 0.00530837, 0.00530029, 0.00450746, 0.00443748, 0.00828578, 0.00661482, 0.007764, 0.00698896, 0.0059073, 0.00644162, 0.0068788, 0.00454306, 0.0077172, 0.00545869, 0.0066472, 0.00702052, 0.00629858, 0.00774808, 0.00455276, 0.00578723, 0.00852399, 0.00525032, 0.00470302, 0.00613812, 0.00588044, 0.00500009, 0.00405628, 0.00645359, 0.00806282, 0.00440205, 0.00768112, 0.0040579, 0.00863074, 0.00434753, 0.00643942, 0.00485072, 0.00861749, 0.00659486, 0.00724778, 0.00595739, 0.00841296, 0.00404557, 0.00639396, 0.00579395, 0.00643142, 0.00541248, 0.00510788, 0.00561232, 0.00874165, 0.00846002, 0.00509389, 0.00544608, 0.00483348, 0.00385305, 0.00574211, 0.00512619, 0.00843504, 0.00528294, 0.00785586, 0.00587788, 0.00705285, 0.00478616, 0.00847002, 0.00817064, 0.00652291, 0.00805135, 0.0064912, 0.0051026, 0.00692402, 0.00449948, 0.00528299, 0.00867868, 0.00510324, 0.0076184, 0.00496778, 0.00595353, 0.0084447, 0.00755864, 0.00549335, 0.00431883, 0.00404022, 0.00641494, 0.00833976, 0.00382465, 0.00841752, 0.00579224, 0.00764823, 0.00625827, 0.00530234, 0.00384914, 0.00501728, 0.00788128, 0.00816794, 0.00609956, 0.00785581, 0.00509579, 0.00748168, 0.00714631, 0.00556234, 0.00874061, 0.00593142, 0.00688285, 0.00754004];
GivenLatency = [130.228, 184.546, 159.994, 136.76, 173.392, 154.871, 178.888, 235.493, 214.175, 175.145, 170.615, 180.27, 166.659, 187.431, 180.353, 159.993, 156.634, 175.843, 133.098, 181.128, 210.028, 154.483, 134.222, 226.199, 141.321, 223.681, 233.367, 227.558, 259.227, 149.853, 151.828, 133.186, 149.028, 205.901, 168.735, 176.699, 234.503, 158.896, 193.805, 165.608, 138.202, 192.596, 160.339, 226.823, 179.433, 118.195, 206.339, 224.884, 168.52, 178.102, 200.487, 249.742, 192.37, 143.332, 229.381, 149.366, 287.69, 120.04, 280.027, 166.763, 231.937, 135.491, 196.543, 163.331, 179.067, 127.829, 291.867, 183.766, 205.223, 187.746, 180.201, 192.605, 176.974, 121.588, 130.133, 252.505, 226.619, 255.731, 251.081, 184.33, 212.791, 119.585, 184.516, 140.806, 198.439, 162.205, 209.217, 112.801, 144.237, 149.647, 149.76, 181.217, 199.864, 141.289, 214.112, 206.842, 140.595, 235.973, 163.085, 211.16, 211.722, 114.386, 148.373, 177.506, 267.55, 240.31, 162.607, 118.086, 268.173, 128.246, 202.12, 152.731, 169.798, 226.74, 247.979, 215.113, 145.029, 141.677, 205.563, 134.849, 190.643, 171.916, 157.59, 173.855, 118.988, 183.948, 169.058, 160.155];
HighestPossibleCritFunctionValue = 1.1;
