NumDevices = 64;
NumSlotes = 512;


GivenBandwidthOld = [0.0100199, 0.00880743, 0.0188997, 0.0155173, 0.0168729, 0.0124181, 0.0167478, 0.00968188, 0.0159211, 0.0156603, 0.00789803, 0.00967208, 0.0137159, 0.0160626, 0.019453, 0.0135108, 0.0179813, 0.0168823, 0.00770919, 0.0109307, 0.0180501, 0.0108565, 0.0198386, 0.00782221, 0.0104377, 0.0192476, 0.0125753, 0.00772349, 0.0137648, 0.0116886, 0.0185467, 0.0195191, 0.0131809, 0.0111343, 0.0139955, 0.0140312, 0.0155868, 0.0102029, 0.00956595, 0.0173616, 0.0132218, 0.0117618, 0.0112204, 0.0108362, 0.0162155, 0.0133173, 0.0165675, 0.0168707, 0.0133181, 0.0177815, 0.00889264, 0.0135791, 0.0171746, 0.00776317, 0.0180244, 0.0153675, 0.0114207, 0.0156251, 0.0160454, 0.0173173, 0.0199412, 0.0187343, 0.0100945, 0.012596];
GivenLatency = [232.561, 257.316, 137.653, 193.778, 189.316, 179.017, 191.722, 264.858, 176.085, 185.941, 410.431, 300.689, 186.13, 198.164, 149.432, 233.154, 161.041, 144.047, 305.112, 247.017, 142.058, 306.022, 142.379, 388.502, 280.443, 172.121, 259.807, 289.608, 179.825, 198.807, 155.905, 159.375, 182.706, 229.682, 182.992, 206.065, 172.542, 257.6, 271.034, 165.408, 250.18, 278.168, 240.288, 242.718, 193.313, 203.734, 194.612, 159.141, 204.154, 148.845, 286.496, 205.643, 142.277, 418.378, 134.303, 184.529, 259.285, 146.519, 205.544, 136.022, 144.035, 147.395, 239.868, 197.865];
HighestPossibleCritFunctionValue = 1.1;
