NumDevices = 128;
NumSlotes = 1024;


GivenBandwidthOld = [0.00975396, 0.00607525, 0.00920674, 0.00896921, 0.00433604, 0.00950445, 0.00624676, 0.00421269, 0.00516941, 0.00984479, 0.00762745, 0.00961898, 0.0062112, 0.00656115, 0.00696265, 0.00502909, 0.00760046, 0.00595571, 0.0063558, 0.00567732, 0.00878214, 0.00392505, 0.00827426, 0.00552625, 0.00717072, 0.0082122, 0.00621786, 0.00614816, 0.00959732, 0.00471703, 0.00667796, 0.00765935, 0.00812162, 0.00889542, 0.00783352, 0.00425172, 0.00495572, 0.00577321, 0.00786927, 0.00499669, 0.00679536, 0.00581505, 0.00472746, 0.00699034, 0.00788764, 0.00762746, 0.00968022, 0.00424439, 0.00667279, 0.00839993, 0.00518272, 0.00845609, 0.00532983, 0.00597221, 0.0086717, 0.00400405, 0.0048288, 0.00395737, 0.00783008, 0.00894748, 0.0077995, 0.00737188, 0.00789209, 0.00733563, 0.0049445, 0.00471846, 0.0057371, 0.0071181, 0.00513765, 0.00724909, 0.00675764, 0.0094234, 0.00664848, 0.00603515, 0.00394165, 0.00611176, 0.00407554, 0.00642712, 0.00443501, 0.00429746, 0.0049682, 0.00936304, 0.00464118, 0.00683485, 0.00701748, 0.00770782, 0.00403537, 0.00628582, 0.00453985, 0.00993111, 0.0083869, 0.00484584, 0.00899904, 0.00566336, 0.00540297, 0.00396874, 0.00519351, 0.00864315, 0.00542057, 0.00609053, 0.00971693, 0.00865594, 0.00786662, 0.00429809, 0.00930249, 0.0056735, 0.00708385, 0.00454013, 0.00851976, 0.00662442, 0.00783629, 0.0069431, 0.00775789, 0.00816992, 0.00805272, 0.00705472, 0.00864606, 0.00430349, 0.00624993, 0.00763896, 0.00923117, 0.00707395, 0.00695396, 0.00894702, 0.00628021, 0.00398748, 0.00751621, 0.00873311];
GivenLatency = [471.91, 744.634, 522.09, 460.842, 909.408, 423.718, 593.835, 970.03, 704.735, 467.321, 512.373, 414.671, 675.911, 564.004, 700.074, 851.766, 497.408, 615.522, 710.171, 712.017, 495.706, 862.261, 404.722, 725.213, 516.403, 437.504, 584.096, 546.89, 394.158, 892.609, 689.916, 500.581, 524.103, 396.368, 451.684, 926.929, 995.304, 729.217, 543.243, 862.508, 657.368, 719.255, 1009.09, 586.513, 523.668, 447.9, 345.641, 800.979, 676.689, 490.109, 755.484, 439.524, 677.861, 632.431, 536.466, 1243.52, 980.37, 954.678, 552.588, 389.097, 616.928, 605.802, 611.508, 563.448, 689.459, 874.439, 767.718, 473.096, 694.55, 651.513, 635.665, 499.757, 724.543, 758.61, 855.946, 627.302, 916.669, 611.688, 823.831, 798.645, 857.074, 434.481, 873.31, 693.454, 592.822, 548.737, 841.729, 641.538, 760.702, 337.746, 494.79, 944.469, 424.38, 650.21, 685.444, 1127.28, 700.949, 546.573, 911.639, 741.865, 463.099, 423.679, 449.124, 1014.49, 362.313, 766.95, 618.974, 766.795, 532.396, 623.598, 554.529, 636.252, 450.745, 496.017, 613.038, 558.66, 462.688, 777.592, 589.55, 510.063, 477.119, 492.299, 633.656, 527.331, 560.992, 1010.42, 495.656, 383.976];
HighestPossibleCritFunctionValue = 1.1;
