NumDevices = 128;
NumSlotes = 1024;


GivenBandwidthOld = [0.00275949, 0.00246605, 0.00191684, 0.00261374, 0.00291896, 0.00146406, 0.00209661, 0.00213528, 0.00199328, 0.00286435, 0.00236095, 0.00429155, 0.00176421, 0.00297169, 0.00331236, 0.00399095, 0.00283576, 0.00311405, 0.00213439, 0.00268011, 0.00272418, 0.00271875, 0.00209303, 0.00435306, 0.00125699, 0.00315041, 0.00390232, 0.00378374, 0.00145448, 0.00354253, 0.00364892, 0.00426482, 0.00253942, 0.00378728, 0.00162435, 0.00239995, 0.00339644, 0.0015229, 0.00346387, 0.00352967, 0.00323761, 0.00389625, 0.00178494, 0.00143978, 0.00335116, 0.00289976, 0.0036951, 0.00234902, 0.0037265, 0.00193947, 0.0016382, 0.00377877, 0.00227726, 0.00396709, 0.0017981, 0.00371863, 0.003944, 0.00435933, 0.00344489, 0.00325255, 0.00190364, 0.00261455, 0.00397577, 0.00393463, 0.00302445, 0.00258551, 0.00348702, 0.00203266, 0.00227315, 0.00350765, 0.0018756, 0.00321012, 0.00128755, 0.00415747, 0.00153653, 0.00131586, 0.00196155, 0.00394969, 0.00308993, 0.00311784, 0.00348509, 0.00389301, 0.0035323, 0.00369659, 0.00240252, 0.00297229, 0.00409795, 0.00417441, 0.0018203, 0.00189781, 0.00157536, 0.00394376, 0.00339718, 0.00133742, 0.0017769, 0.00378022, 0.00157909, 0.00420544, 0.00153791, 0.00265123, 0.00177217, 0.00244353, 0.0014618, 0.00156007, 0.00315801, 0.00359714, 0.00279069, 0.00194877, 0.00169803, 0.00320218, 0.00212947, 0.00131518, 0.00290704, 0.00418906, 0.00419998, 0.00337902, 0.00236934, 0.00150478, 0.00204413, 0.00127894, 0.00328316, 0.00389854, 0.00278396, 0.00431716, 0.00406303, 0.00177136, 0.00128133, 0.0027527];
GivenLatency = [119.588, 230.355, 209.278, 194.846, 141.493, 379.645, 201.981, 183.614, 280.896, 170.814, 154.547, 95.4612, 264.589, 145.3, 95.2542, 80.2, 157.761, 113.819, 258.91, 242.136, 149.064, 120.711, 260.299, 116.228, 279.529, 103.564, 84.0362, 156.769, 397.7, 114.314, 97.1449, 120.457, 174.34, 105.795, 212.939, 149.685, 162.733, 228.621, 115.13, 111.972, 168.998, 88.778, 210.355, 221.001, 150.008, 141.828, 91.8518, 175.432, 160.433, 307.721, 309.913, 101.285, 205.029, 135.322, 324.067, 144.771, 94.1737, 98.6334, 122.34, 155.404, 176.601, 157.269, 94.3891, 127.273, 198.676, 143.528, 137.925, 199.629, 139.356, 95.8474, 258.288, 135.854, 387.405, 145.434, 297.218, 272.813, 195.751, 85.0198, 134.612, 134.606, 140.304, 126.375, 150.782, 84.5441, 186.39, 216.901, 113.221, 96.0379, 188.886, 333.703, 296.515, 108.719, 132.104, 311.715, 222.273, 122.312, 250.498, 79.6806, 251.972, 214.571, 243.241, 156.67, 429.193, 319.588, 198.334, 166.56, 191.257, 267.62, 381.125, 172.93, 161.513, 276.481, 174.647, 109.372, 75.2019, 102.116, 137.749, 361.997, 256.818, 365.694, 108.285, 115.984, 157.47, 76.8699, 107.711, 253.348, 499.819, 139.224];
HighestPossibleCritFunctionValue = 1.1;
