NumDevices = 64;
NumSlotes = 512;


GivenBandwidthOld = [0.00318968, 0.00645174, 0.00684716, 0.00264559, 0.00571341, 0.00404047, 0.00568514, 0.00390888, 0.00656153, 0.00845588, 0.0029204, 0.00561207, 0.00712416, 0.00827199, 0.00610585, 0.00606843, 0.00832604, 0.00833033, 0.0053343, 0.00725433, 0.00844945, 0.00742692, 0.00299538, 0.00332745, 0.00327944, 0.00872595, 0.00453652, 0.00525043, 0.0039762, 0.00674709, 0.00835026, 0.00281723, 0.00296543, 0.00619165, 0.0042263, 0.00388662, 0.00747131, 0.00525387, 0.00552893, 0.00341787, 0.00410306, 0.00768095, 0.00365283, 0.00311916, 0.00870799, 0.00259695, 0.00697987, 0.00815711, 0.00660376, 0.00570353, 0.00667451, 0.00725691, 0.00815943, 0.00798081, 0.00601713, 0.00860972, 0.00723817, 0.00569311, 0.00667244, 0.00375191, 0.00590462, 0.00517374, 0.00257722, 0.00667038];
GivenLatency = [117.917, 74.1847, 91.7856, 127.447, 67.7569, 138.116, 61.6569, 120.926, 66.2391, 43.0843, 110.374, 103.461, 45.9601, 60.1372, 51.665, 57.2759, 76.8723, 52.6429, 95.3731, 48.6171, 37.9481, 66.2043, 114.864, 125.078, 140.495, 52.8901, 89.8663, 85.8925, 113.728, 55.9002, 50.3503, 146.477, 113.884, 67.8429, 84.5992, 153.135, 46.6175, 95.7755, 84.5812, 95.8153, 75.6314, 45.8908, 97.5075, 103.051, 55.3449, 147.762, 46.6523, 67.5322, 49.1454, 76.0326, 49.2638, 80.0544, 45.6811, 68.0355, 61.8776, 65.1922, 47.7825, 96.1903, 74.4217, 146.188, 56.2847, 62.4042, 239.577, 53.5966];
HighestPossibleCritFunctionValue = 1.1;
