NumDevices = 128;
NumSlotes = 1024;


GivenBandwidthOld = [0.00627879, 0.00505112, 0.00672093, 0.00622008, 0.00837171, 0.00584358, 0.0055268, 0.00649922, 0.00487687, 0.00800856, 0.00739653, 0.00593253, 0.00553739, 0.00443497, 0.00607848, 0.00858487, 0.00848561, 0.0051735, 0.00850662, 0.00830812, 0.00714534, 0.00427958, 0.00437238, 0.00405859, 0.00528338, 0.00530261, 0.00842561, 0.00673889, 0.00809343, 0.00383258, 0.00674164, 0.00424002, 0.00443512, 0.00862487, 0.00571962, 0.00723324, 0.00658042, 0.00465499, 0.00386899, 0.00858167, 0.00470386, 0.00525098, 0.00573922, 0.00651931, 0.00761342, 0.00631062, 0.00512078, 0.00737101, 0.00708749, 0.00690524, 0.00392188, 0.00755125, 0.00641527, 0.00395627, 0.00560293, 0.00602094, 0.00647291, 0.00772848, 0.00512875, 0.00640072, 0.00432455, 0.00528996, 0.00589112, 0.00459883, 0.00506481, 0.00682679, 0.00542519, 0.00868946, 0.00619306, 0.00420633, 0.00826696, 0.00533903, 0.00554618, 0.00717475, 0.00858206, 0.00626091, 0.00458295, 0.00821223, 0.00547959, 0.00799644, 0.00860132, 0.00480591, 0.00541377, 0.00680574, 0.00663386, 0.00771493, 0.00737902, 0.00664672, 0.00398906, 0.0065627, 0.00678842, 0.00549413, 0.00738436, 0.00651219, 0.00782994, 0.00533625, 0.00376997, 0.00435716, 0.00825066, 0.00637819, 0.00566059, 0.00499014, 0.00680485, 0.00669422, 0.00720421, 0.00871356, 0.00628965, 0.00760107, 0.00865631, 0.0040262, 0.00581907, 0.00866471, 0.00526352, 0.00646675, 0.00421485, 0.00648525, 0.00517395, 0.00613745, 0.00462463, 0.00866856, 0.00503796, 0.00542036, 0.00754965, 0.00448986, 0.00858452, 0.00761075, 0.00633283, 0.00837152];
GivenLatency = [161.717, 229.287, 151.252, 187.258, 149.593, 185.921, 178.703, 156.191, 217.445, 159.766, 139.732, 190.928, 218.043, 249.316, 196.094, 140.913, 123.009, 219.38, 112.146, 115.856, 152.136, 287.224, 252.664, 254.414, 195.931, 190.302, 120.482, 148.958, 119.83, 278.204, 149.92, 299.645, 217.292, 127.221, 216.436, 134.249, 186.536, 229.249, 282.185, 137.814, 255.759, 201.15, 166.994, 191.681, 165.259, 184.606, 238.765, 150.285, 175.699, 163.523, 295.919, 147.705, 166.589, 277.375, 193.354, 179.524, 147.935, 138.033, 192.349, 175.275, 259.388, 215.012, 187.026, 276.576, 194.167, 150.333, 183.151, 123.81, 187.926, 242.095, 148.971, 197.822, 226.173, 157.704, 130.293, 166.316, 239.144, 122.757, 235.5, 130.131, 119.272, 232.94, 181.001, 176.414, 166.392, 163.608, 142.508, 144.798, 261.502, 193.523, 173.958, 198.083, 137.348, 162.9, 138.176, 206.511, 305.256, 228.388, 154.985, 150.055, 185.812, 236.404, 147.953, 159.823, 140.126, 148.383, 153.389, 158.968, 117.927, 311.881, 167.432, 142.665, 185.429, 186.983, 291.952, 171.632, 198.73, 194.709, 268.833, 131.819, 214.466, 218.144, 156.927, 228.923, 132.361, 133.361, 192.075, 150.451];
HighestPossibleCritFunctionValue = 1.1;
