NumDevices = 128;
NumSlotes = 1024;


GivenBandwidthOld = [0.00150481, 0.00255864, 0.00178034, 0.0022493, 0.00271987, 0.00223512, 0.00195591, 0.00305551, 0.00263714, 0.00240161, 0.00317287, 0.00322557, 0.00157903, 0.00311577, 0.00299224, 0.00190272, 0.00271599, 0.0027201, 0.00300059, 0.00147934, 0.0027249, 0.00243444, 0.00183043, 0.00335014, 0.00145728, 0.00373333, 0.00423631, 0.0015349, 0.00208699, 0.00297137, 0.00424689, 0.00431369, 0.00209106, 0.0025357, 0.00369592, 0.00357474, 0.00432196, 0.00352467, 0.00345659, 0.00305546, 0.00185851, 0.00353591, 0.00176337, 0.00139557, 0.0041485, 0.00378872, 0.00389099, 0.0039742, 0.00246482, 0.00308562, 0.00246265, 0.00416803, 0.00393503, 0.00356659, 0.00181601, 0.00167716, 0.00235793, 0.00348503, 0.00292176, 0.0015678, 0.00182611, 0.00267115, 0.00218313, 0.00313792, 0.00343754, 0.00158394, 0.00433885, 0.00306197, 0.00196094, 0.0032004, 0.00353797, 0.00200299, 0.00356631, 0.0032851, 0.00206688, 0.002443, 0.00201897, 0.0035255, 0.0018091, 0.00421819, 0.00330869, 0.00161402, 0.00366103, 0.0015544, 0.00160583, 0.00347981, 0.00268199, 0.0031267, 0.00237511, 0.00163031, 0.00252254, 0.00135383, 0.00249214, 0.00287688, 0.0035585, 0.00337782, 0.0041644, 0.00225413, 0.00262284, 0.00266844, 0.00341142, 0.00322891, 0.00144124, 0.00283825, 0.00125919, 0.00252965, 0.00214022, 0.00377912, 0.00194816, 0.00391438, 0.003337, 0.00250124, 0.00275808, 0.00382626, 0.0035422, 0.00125039, 0.00148767, 0.00199948, 0.00403183, 0.00240186, 0.00427645, 0.00434251, 0.00200961, 0.00240705, 0.00400562, 0.00242609, 0.00217214, 0.00270163];
GivenLatency = [360.8, 141.759, 247.307, 204.059, 130.657, 278.443, 238.886, 111.699, 118.529, 252.513, 155.693, 152.372, 248.198, 167.576, 105.838, 293.914, 140.653, 143.344, 158.757, 250.608, 176.781, 159.65, 349.745, 109.102, 357.722, 115.879, 97.1841, 351.935, 199.769, 178.243, 82.7719, 126.947, 214.355, 126.695, 86.7449, 89.6908, 132.251, 148.155, 125.192, 206.439, 168.377, 93.8958, 347.913, 335.637, 98.8276, 87.1874, 141.302, 103.972, 133.966, 115.797, 153.347, 76.8266, 98.355, 146.896, 224.298, 330.028, 153.856, 90.8769, 138.443, 384.466, 188.26, 125.565, 150.024, 114.13, 171.235, 271.801, 112.081, 134.656, 293.822, 101.869, 162.605, 226.544, 103.545, 163.242, 163.229, 152.939, 268.124, 150.152, 296.154, 133.255, 111.497, 392.286, 153.657, 282.128, 337.504, 123.682, 205.182, 166.691, 191.816, 237.453, 234.264, 240.94, 186.488, 153.66, 133.016, 93.9405, 118.38, 152.194, 131.838, 221.623, 168.635, 123.555, 445.442, 123.326, 320.081, 192.463, 160.797, 100.84, 223.769, 121.148, 112.121, 239.665, 177.31, 104.46, 129.864, 296.696, 371.467, 173.849, 92.5165, 154.886, 100.57, 89.7771, 178.827, 167.247, 122.81, 223.176, 198.983, 130.641];
HighestPossibleCritFunctionValue = 1.1;
