NumDevices = 128;
NumSlotes = 1024;


GivenBandwidthOld = [0.00531124, 0.00843462, 0.00807744, 0.00496045, 0.0077259, 0.00663589, 0.00697369, 0.00431595, 0.00560383, 0.00614403, 0.00522939, 0.00778269, 0.00624492, 0.00585275, 0.00463428, 0.00577799, 0.00815514, 0.00602624, 0.00551496, 0.00747868, 0.00666635, 0.00380188, 0.00574653, 0.00446027, 0.00619305, 0.00407261, 0.00594385, 0.0058221, 0.00450868, 0.0048465, 0.00766437, 0.00750364, 0.00617927, 0.00743314, 0.00625146, 0.00586344, 0.0043726, 0.00776297, 0.00474927, 0.00841371, 0.00670605, 0.00612771, 0.00585551, 0.00599033, 0.00698943, 0.00381483, 0.00827663, 0.00782819, 0.00587685, 0.00475086, 0.00525178, 0.00411609, 0.0065645, 0.00700815, 0.00840936, 0.0085468, 0.00850708, 0.00598074, 0.00587364, 0.00573522, 0.00432246, 0.00508363, 0.0080165, 0.00572734, 0.00684512, 0.00836684, 0.00394743, 0.00701176, 0.00417908, 0.0052719, 0.00737654, 0.0050061, 0.00495266, 0.00688767, 0.00853577, 0.00810528, 0.00799075, 0.00804416, 0.00576628, 0.00644769, 0.00380901, 0.00546126, 0.00487517, 0.0045511, 0.00784506, 0.0044205, 0.0077927, 0.00448302, 0.00858108, 0.00465586, 0.00848861, 0.00551224, 0.00666769, 0.00640416, 0.00727487, 0.00618458, 0.00672129, 0.00720741, 0.0074104, 0.00402716, 0.00705073, 0.00409118, 0.00803359, 0.00808086, 0.00748223, 0.00626892, 0.00429664, 0.00619429, 0.00499144, 0.00869396, 0.00684161, 0.00439354, 0.00474853, 0.00600993, 0.00641176, 0.00492072, 0.00502092, 0.00417877, 0.00514379, 0.00421393, 0.00595281, 0.00633347, 0.00414686, 0.00381331, 0.00782618, 0.00706799, 0.00426369, 0.00726661];
GivenLatency = [192.519, 150.981, 123.625, 211.531, 158.13, 182.578, 184.833, 221.591, 186.034, 179.325, 187.281, 143.67, 164.322, 178.31, 211.235, 204.709, 124.63, 183.709, 217.767, 134.209, 179.084, 257.815, 197.879, 227.181, 175.101, 259.003, 209.551, 173.56, 286.731, 212.887, 153.588, 153.488, 169.933, 164.119, 156.634, 201.993, 259.356, 164.949, 249.605, 117.153, 177.426, 202.657, 167.54, 191.539, 161.45, 284.028, 155.773, 123.66, 175.678, 202.116, 182.283, 257.872, 188.207, 141.03, 122.783, 115.813, 127.407, 189.444, 169.852, 204.062, 272.561, 250.524, 120.946, 172.544, 162.399, 130.065, 249.517, 140.784, 251.446, 226.093, 131.928, 210.795, 231.873, 157.53, 130.592, 142.548, 126.957, 120.11, 176.717, 167.29, 259.606, 229.929, 213.43, 213.915, 135.74, 288.16, 161.354, 223.28, 122.314, 275.588, 150.161, 186.551, 191.775, 195.38, 178.24, 184.962, 188.023, 173.025, 131.284, 260.333, 158.131, 257.99, 145.095, 148.1, 160.012, 161.389, 268.34, 184.084, 207.125, 140.201, 186.861, 217.9, 213.347, 178.805, 172.74, 250.463, 237.852, 304.42, 221.816, 276.406, 205.528, 203.183, 258.394, 331.334, 141.212, 154.138, 267.33, 131.155];
HighestPossibleCritFunctionValue = 1.1;
