NumDevices = 32;
NumSlotes = 256;


GivenBandwidthOld = [0.0333907, 0.028012, 0.027896, 0.01772, 0.0306245, 0.0155431, 0.0222864, 0.0168252, 0.0317425, 0.0267471, 0.0279795, 0.0208857, 0.0155243, 0.026495, 0.0317965, 0.0338978, 0.029865, 0.0310907, 0.0321635, 0.0212552, 0.0259834, 0.0327818, 0.0333421, 0.031429, 0.0170794, 0.022976, 0.0283499, 0.0271863, 0.0300788, 0.0238854, 0.0322328, 0.0259327];
GivenLatency = [31.1209, 31.4819, 37.0309, 57.2141, 30.4675, 61.8209, 41.0347, 53.9809, 31.5819, 34.0695, 37.6242, 41.936, 54.3583, 40.3702, 27.2601, 26.6623, 30.2352, 29.0975, 29.9535, 40.6343, 35.3142, 34.2562, 32.1882, 29.4124, 65.1373, 37.4906, 36.3192, 37.4298, 32.1737, 40.6821, 35.472, 32.5552];
HighestPossibleCritFunctionValue = 1.1;
