NumDevices = 16;
NumSlotes = 128;


GivenBandwidthOld = [0.0414021, 0.0654775, 0.0599442, 0.0629074, 0.0647907, 0.0376214, 0.0434456, 0.050326, 0.0483268, 0.0492346, 0.066255, 0.0478512, 0.0550436, 0.0575361, 0.0300597, 0.0333033];
GivenLatency = [18.8227, 15.9713, 17.7966, 13.9608, 16.1715, 25.1077, 19.9618, 20.7465, 18.7906, 18.3205, 12.9581, 22.7211, 16.5149, 17.893, 35.6131, 23.7617];
HighestPossibleCritFunctionValue = 1.1;
