NumDevices = 128;
NumSlotes = 1024;


GivenBandwidthOld = [0.00648246, 0.00817261, 0.00463538, 0.00430614, 0.0057148, 0.006066, 0.00383728, 0.00563653, 0.00564406, 0.00722631, 0.00507725, 0.00577144, 0.0081549, 0.00689086, 0.00726309, 0.00818248, 0.00552314, 0.00492131, 0.00490207, 0.0065555, 0.0058653, 0.00564473, 0.00856457, 0.00715937, 0.00509184, 0.00606727, 0.00510688, 0.0039103, 0.00789411, 0.00381009, 0.00860685, 0.00786774, 0.00560272, 0.00734893, 0.00591578, 0.00404539, 0.0083666, 0.00500443, 0.00695872, 0.0076617, 0.00774894, 0.00391466, 0.00617843, 0.00840457, 0.00805466, 0.00721354, 0.00547738, 0.00580909, 0.00588175, 0.00711526, 0.00867268, 0.00430265, 0.00720685, 0.00810398, 0.00612791, 0.00420605, 0.00863281, 0.00418391, 0.0065228, 0.00625864, 0.00644545, 0.0061475, 0.0085248, 0.00383608, 0.00549177, 0.00763889, 0.00435119, 0.00798368, 0.00421303, 0.00596766, 0.00593051, 0.00663646, 0.00640572, 0.0083967, 0.00591393, 0.00793702, 0.00499322, 0.00863569, 0.0075346, 0.00645493, 0.00549073, 0.00526846, 0.00451885, 0.0058612, 0.00671148, 0.0074034, 0.00649044, 0.00728688, 0.00813825, 0.00700636, 0.00839871, 0.00466358, 0.00834083, 0.00682413, 0.00559958, 0.00469249, 0.00415413, 0.00598924, 0.00858701, 0.00440974, 0.00703637, 0.00772024, 0.00662467, 0.00835248, 0.00759911, 0.00574705, 0.00815008, 0.00588767, 0.00655198, 0.00665158, 0.00560498, 0.00536724, 0.00466, 0.00813112, 0.00728545, 0.00406895, 0.00437733, 0.00723478, 0.00746136, 0.00565122, 0.0075529, 0.00411643, 0.00735358, 0.00419466, 0.00711013, 0.00746288, 0.00610492, 0.00790128];
GivenLatency = [192.557, 143.962, 213.062, 229.468, 199.431, 165.163, 250.167, 197.867, 226.246, 154.951, 211.022, 212.748, 136.015, 147.737, 162.252, 138.166, 173.185, 205.28, 256.932, 160.314, 187.053, 229.824, 145.061, 176.495, 232.402, 198.608, 209.383, 247.562, 148.803, 291.872, 138.286, 162.955, 228.765, 135.949, 217.774, 314.729, 125.944, 223.545, 138.742, 135.284, 141.421, 252.817, 161.592, 116.461, 133.91, 150.12, 193.446, 179.665, 216.717, 168.375, 120.873, 258.22, 177.21, 120.932, 165.625, 256.532, 118.783, 277.201, 191.113, 206.86, 190.095, 157.621, 118.407, 261.712, 189.292, 156.693, 235.009, 119.663, 234.002, 164.423, 189.066, 171.996, 160.514, 145.469, 169.678, 138.422, 223.046, 120.409, 149.528, 152.183, 201.447, 212.217, 240.955, 201.876, 175.492, 131.858, 182.954, 168.369, 139.985, 150.887, 125.195, 251.53, 125.959, 164.928, 214.822, 241.965, 246.257, 200.222, 149.149, 276.329, 152.313, 153.829, 189.71, 138.852, 167.406, 211.831, 138.036, 163.475, 183.705, 163.724, 172.709, 228.699, 225.168, 134.694, 158.474, 264.571, 231.454, 144.929, 137.39, 209.938, 139.841, 263.758, 148.539, 306.549, 162.9, 166.977, 164.183, 143.571];
HighestPossibleCritFunctionValue = 1.1;
