NumDevices = 64;
NumSlotes = 512;


GivenBandwidthOld = [0.0120489, 0.011089, 0.00808402, 0.0130669, 0.00962739, 0.0124645, 0.0155459, 0.0151976, 0.0118971, 0.00940283, 0.00830505, 0.00796619, 0.012806, 0.0146973, 0.0127443, 0.00824959, 0.0158376, 0.0167542, 0.0125504, 0.00962257, 0.0115235, 0.0112179, 0.0145071, 0.0155407, 0.00801213, 0.0148833, 0.00878173, 0.00959493, 0.0169244, 0.014039, 0.00908402, 0.0101643, 0.0166675, 0.0150176, 0.015116, 0.00974806, 0.0105958, 0.00924943, 0.0102074, 0.0102443, 0.0115366, 0.0104487, 0.0160364, 0.00826104, 0.00836405, 0.00951192, 0.0119069, 0.0144458, 0.0163891, 0.015893, 0.00889347, 0.0174936, 0.00939272, 0.00840944, 0.0125074, 0.0169112, 0.0117685, 0.00827782, 0.0103369, 0.0166043, 0.0135939, 0.00824286, 0.0127682, 0.0100752];
GivenLatency = [99.3783, 86.2701, 138.021, 69.5867, 118.237, 89.1306, 59.9512, 71.2049, 79.5303, 114.472, 140.269, 130.87, 72.8853, 78.7309, 72.018, 151.235, 69.7138, 58.9749, 78.4215, 98.7398, 102.033, 101.168, 69.5908, 75.5994, 152.537, 75.2114, 130.248, 129.21, 53.722, 71.4566, 136.96, 95.5736, 59.2131, 70.9112, 65.5086, 109.21, 85.8907, 105.147, 97.9607, 118.437, 101.446, 103.742, 61.0245, 145.454, 133.348, 109.949, 81.7969, 79.866, 60.6673, 58.3057, 137.033, 68.905, 110.976, 120.181, 99.8233, 57.7423, 94.2522, 114.387, 93.6929, 65.8067, 88.9331, 117.423, 75.2987, 114.27];
HighestPossibleCritFunctionValue = 1.1;
