NumDevices = 16;
NumSlotes = 128;


GivenBandwidthOld = [0.0618957, 0.051609, 0.0620605, 0.0709126, 0.0481691, 0.0482525, 0.0492043, 0.0460099, 0.0588844, 0.0400317, 0.0332358, 0.0643732, 0.0412063, 0.0749279, 0.0327231, 0.0466027];
GivenLatency = [22.8103, 30.7824, 23.3092, 20.7291, 30.6987, 35.9973, 33.0332, 33.5516, 25.3703, 43.4047, 41.4009, 21.8346, 33.0812, 18.0913, 41.3191, 32.2267];
HighestPossibleCritFunctionValue = 1.1;
