NumDevices = 128;
NumSlotes = 1024;


GivenBandwidthOld = [0.00714112, 0.00451802, 0.00568715, 0.00520184, 0.00486258, 0.00911773, 0.00668946, 0.00722067, 0.00398876, 0.00410364, 0.00984203, 0.0050158, 0.00935802, 0.00779371, 0.00387591, 0.00747085, 0.0088251, 0.00712905, 0.00786754, 0.00728932, 0.00776767, 0.00376306, 0.0044556, 0.0065311, 0.00812221, 0.00622358, 0.00844943, 0.0057752, 0.00382514, 0.00405077, 0.00884148, 0.00744961, 0.00813518, 0.00550909, 0.00619886, 0.0055617, 0.00923228, 0.00688497, 0.00572232, 0.00877914, 0.00968308, 0.00851772, 0.00987251, 0.00474492, 0.00664065, 0.00567178, 0.00942456, 0.00739773, 0.00496797, 0.0054343, 0.00556576, 0.00865817, 0.00788438, 0.00896423, 0.00801083, 0.00922654, 0.00418779, 0.00537658, 0.0042368, 0.00409671, 0.00597297, 0.00894668, 0.00688564, 0.00439622, 0.00856771, 0.00629171, 0.00977732, 0.00497654, 0.00574922, 0.00466534, 0.00654968, 0.00788559, 0.00431259, 0.00922155, 0.00792411, 0.00806453, 0.00562467, 0.00514727, 0.00642276, 0.00601521, 0.00636945, 0.00379776, 0.00646014, 0.00939968, 0.00791747, 0.00890039, 0.00389112, 0.00675939, 0.0075352, 0.00914137, 0.00399216, 0.00495908, 0.006068, 0.00605693, 0.00761155, 0.00475005, 0.00540842, 0.00807126, 0.00618206, 0.00432345, 0.00422559, 0.00947594, 0.00830093, 0.0037657, 0.00512259, 0.00419014, 0.00750726, 0.00831728, 0.00985191, 0.00859537, 0.00863554, 0.00872842, 0.00723352, 0.00754195, 0.00997556, 0.00549548, 0.00882766, 0.00641058, 0.00754965, 0.00814221, 0.00482177, 0.00454534, 0.00852581, 0.00826831, 0.00552335, 0.00841938, 0.00703186, 0.00566031];
GivenLatency = [679.605, 1003.21, 644.085, 926.292, 768.934, 438.318, 559.677, 618.316, 965.093, 830.846, 369.046, 740.375, 471.96, 615.56, 898.487, 464.649, 424.761, 479.446, 604.558, 514.596, 612.126, 1077.23, 757.623, 570.226, 562.741, 741.903, 553.024, 769.848, 1153.29, 1074.8, 527.073, 487.439, 479.372, 769.757, 799.645, 773.624, 378.09, 499.21, 684.828, 556.124, 426.904, 580.525, 390.615, 784.528, 609.57, 609.293, 433.635, 469.634, 918.109, 814.028, 772.211, 413.399, 538.743, 405.212, 484.058, 414.558, 928.416, 668.772, 826.999, 964.906, 626.421, 471.161, 668.007, 845.724, 465.048, 787.604, 378.758, 793.364, 646.596, 879.173, 658.437, 553.92, 850.159, 393.491, 578.379, 521.634, 693.256, 902.123, 536.284, 580.871, 594.055, 1138.25, 520.125, 408.893, 444.831, 380.798, 1222.7, 688.974, 547.211, 416.212, 911.862, 869.536, 706.535, 724.005, 591.549, 915.834, 750.164, 590.221, 660.416, 1104.12, 1146.27, 360.47, 419.743, 887.151, 916.242, 844.433, 583.046, 436.976, 391.866, 502.358, 456.467, 455.762, 462.213, 473.124, 455.028, 688.085, 382.637, 650.46, 587.734, 465.359, 746.394, 778.276, 454.804, 565.275, 732.305, 506.317, 577.179, 731.826];
HighestPossibleCritFunctionValue = 1.1;
