NumDevices = 128;
NumSlotes = 1024;


GivenBandwidthOld = [0.00597573, 0.00537804, 0.00990502, 0.00742361, 0.00860568, 0.00699172, 0.00608657, 0.00568907, 0.00622627, 0.00996544, 0.00406793, 0.00972005, 0.0048341, 0.00549984, 0.00698601, 0.00390436, 0.0042798, 0.00801413, 0.00855775, 0.0076074, 0.00380868, 0.00876056, 0.00380378, 0.00758544, 0.00981406, 0.00984608, 0.00436999, 0.00514244, 0.00655185, 0.00697577, 0.0067845, 0.00453161, 0.00908682, 0.00601145, 0.00569206, 0.0064452, 0.00819739, 0.00729099, 0.00473936, 0.00698866, 0.0046073, 0.00619056, 0.00971114, 0.0050755, 0.00640938, 0.00622261, 0.00468217, 0.00826621, 0.00774535, 0.00990188, 0.00464913, 0.00917534, 0.00626829, 0.00996636, 0.00713253, 0.00385199, 0.00547355, 0.00896657, 0.00991983, 0.00624918, 0.00742223, 0.004234, 0.00704365, 0.00392054, 0.00752151, 0.00407781, 0.00699879, 0.0061881, 0.00597248, 0.00698433, 0.0068182, 0.00856404, 0.00713459, 0.00739011, 0.00804762, 0.00892866, 0.0040231, 0.00620988, 0.00951847, 0.00446501, 0.00847432, 0.00545328, 0.00576031, 0.00976848, 0.00627993, 0.00551451, 0.00982162, 0.00578383, 0.00505633, 0.0091869, 0.00672608, 0.00391502, 0.00845787, 0.00386655, 0.00639488, 0.00627517, 0.00685708, 0.00571624, 0.00655408, 0.00699314, 0.00487374, 0.00920969, 0.00845735, 0.00772702, 0.00808055, 0.00606, 0.00922645, 0.00896286, 0.0037583, 0.0056913, 0.00611279, 0.00890728, 0.00721952, 0.00978368, 0.00559742, 0.00966443, 0.00757364, 0.00516393, 0.00521487, 0.00513621, 0.00808503, 0.00637042, 0.00757353, 0.00951648, 0.00845025, 0.00709838, 0.00497711, 0.0090335];
GivenLatency = [564.212, 922.819, 346.842, 456.805, 460.351, 591.93, 718.87, 862.411, 568.718, 473.652, 840.712, 359.656, 776.184, 613.921, 485.753, 1058.3, 1005.52, 435.142, 555.631, 571.072, 920.41, 567.882, 1220.92, 464.766, 459.25, 496.279, 942.298, 885.525, 516.106, 577.078, 548.986, 933.544, 438.566, 580.673, 834.627, 597.043, 473.435, 518.703, 1012.9, 509.625, 852.217, 565.531, 354.781, 667.456, 693.961, 593.267, 748.352, 515.156, 431.626, 373.478, 948.612, 492.489, 556.07, 444.594, 530.99, 1125.8, 787.537, 408.303, 445.636, 660.516, 482.763, 1029.4, 525.797, 1269.99, 540.073, 983.375, 564.136, 802.278, 596.334, 555.541, 684.158, 397.118, 514.367, 639.936, 443.286, 412.31, 1186.21, 666.429, 367.936, 761.771, 540.201, 647.688, 657.924, 418.558, 707.529, 872.873, 383.591, 665.303, 883.524, 425.397, 534.819, 1244.57, 452.122, 1029.39, 586.572, 796.677, 521.345, 625.404, 724.792, 558.406, 787.902, 377.054, 453.186, 438.186, 482.884, 763.408, 419.455, 552.972, 1322.82, 724.689, 816.242, 428.567, 505.539, 378.095, 685.144, 367.126, 537.749, 856.072, 663.542, 907.624, 412.875, 551.896, 636.23, 493.595, 534.561, 487.407, 672.598, 503.865];
HighestPossibleCritFunctionValue = 1.1;
