NumDevices = 32;
NumSlotes = 256;


GivenBandwidthOld = [0.0128239, 0.0136048, 0.0134183, 0.0167408, 0.00840166, 0.0142203, 0.00775284, 0.00950285, 0.00943799, 0.00674725, 0.00853005, 0.00951358, 0.0147558, 0.00779007, 0.0101422, 0.00535682, 0.0145331, 0.0156772, 0.00751477, 0.0081889, 0.0133819, 0.0171938, 0.00909217, 0.00703266, 0.00548913, 0.0133417, 0.0156347, 0.00530456, 0.0112897, 0.0153199, 0.0134596, 0.0104175];
GivenLatency = [43.446, 23.3003, 25.0413, 30.4748, 42.5819, 27.7712, 42.5711, 33.9826, 53.4893, 63.6179, 39.3857, 40.5373, 22.0682, 68.36, 35.5889, 117.341, 22.1478, 28.8808, 41.1292, 44.745, 30.3078, 26.2997, 41.9612, 55.0638, 60.7619, 27.29, 29.3526, 62.4154, 27.9104, 30.4989, 26.2659, 41.4599];
HighestPossibleCritFunctionValue = 1.1;
