NumDevices = 128;
NumSlotes = 1024;


GivenBandwidthOld = [0.00277246, 0.00181011, 0.00248336, 0.00214756, 0.0021024, 0.00256315, 0.00269087, 0.00229234, 0.00417284, 0.00348422, 0.00183082, 0.00379969, 0.00380632, 0.002793, 0.00315721, 0.00256941, 0.00156522, 0.00231695, 0.00229469, 0.0031467, 0.00403139, 0.00432814, 0.00422264, 0.00308837, 0.00192983, 0.00222874, 0.00403428, 0.00285962, 0.00417431, 0.00322017, 0.00143086, 0.00352221, 0.00286343, 0.00255387, 0.00288377, 0.00384237, 0.002525, 0.00204384, 0.00264886, 0.00246748, 0.00404742, 0.00186076, 0.00376106, 0.00155589, 0.00176995, 0.00255503, 0.00359945, 0.00402088, 0.00262356, 0.00235211, 0.00257706, 0.00195297, 0.00360083, 0.0021952, 0.00278826, 0.00158893, 0.00391675, 0.00258611, 0.004068, 0.00395007, 0.00315104, 0.00208204, 0.00403311, 0.00193455, 0.00328786, 0.00158171, 0.004365, 0.00186562, 0.00422621, 0.00363795, 0.00430026, 0.00126572, 0.00299016, 0.00131958, 0.00185847, 0.00285739, 0.0040982, 0.00215041, 0.00311534, 0.00203413, 0.00206378, 0.00347799, 0.00326532, 0.00396003, 0.00188449, 0.00261135, 0.00340875, 0.00209285, 0.00139706, 0.00422047, 0.00400648, 0.00130577, 0.00426307, 0.00125405, 0.003688, 0.00169181, 0.00176013, 0.00320354, 0.00312606, 0.0040588, 0.00251049, 0.00186833, 0.00298041, 0.00298116, 0.00312965, 0.00190674, 0.00150313, 0.00255572, 0.00266687, 0.00206886, 0.0013873, 0.00261366, 0.00150875, 0.00312386, 0.00146262, 0.00286463, 0.00399669, 0.00228096, 0.00363417, 0.00323038, 0.00416808, 0.0017455, 0.00415677, 0.00227841, 0.00139246, 0.00177688, 0.00339102, 0.00420152];
GivenLatency = [112.819, 219.616, 167.838, 156.211, 169.971, 193.799, 162.619, 148.611, 144.483, 184.679, 332.837, 82.3571, 87.1469, 199.733, 203.716, 248.093, 245.031, 216.209, 229.204, 114.729, 92.2257, 122.471, 75.7748, 125.337, 234.557, 168.695, 135.551, 118.336, 125.5, 174.816, 428.362, 112.593, 116.994, 180.316, 208.229, 92.1476, 139.243, 164.416, 161.85, 138.608, 96.6508, 216.151, 86.1124, 235.469, 286.146, 151.08, 134.887, 86.2774, 156.687, 271.659, 190.469, 162.701, 90.325, 185.281, 174.218, 290.493, 95.2296, 218.177, 116.238, 96.8321, 110.092, 314.851, 85.6704, 181.687, 136.322, 199.29, 72.364, 211.589, 147.074, 99.8537, 106.2, 311.248, 107.571, 242.662, 303.103, 173.937, 98.7469, 185.919, 137.684, 277.002, 192.972, 95.975, 160.098, 111.305, 201.43, 147.978, 100.794, 162.249, 274.127, 154.464, 100.932, 435.745, 132.076, 320.366, 92.3685, 340.993, 352.908, 174.775, 141.177, 161.164, 174.336, 212.402, 163.852, 137.67, 146.064, 236.677, 413.447, 188.424, 199.852, 155.511, 323.689, 249.775, 401.302, 109.431, 267.035, 114.524, 85.4183, 145.471, 105.295, 152.282, 118.294, 209.779, 83.9442, 270.121, 256.268, 185.441, 103.818, 94.5642];
HighestPossibleCritFunctionValue = 1.1;
