NumDevices = 128;
NumSlotes = 1024;


GivenBandwidthOld = [0.00159, 0.00311249, 0.00417904, 0.00151546, 0.00341116, 0.00197694, 0.00332505, 0.00160302, 0.00312306, 0.00370744, 0.00341252, 0.00301146, 0.00299089, 0.00415601, 0.0019472, 0.00349407, 0.00178247, 0.00366614, 0.00314027, 0.00232978, 0.00231361, 0.00228941, 0.00187402, 0.00172965, 0.00337847, 0.00264736, 0.00230673, 0.00232287, 0.0017981, 0.00378476, 0.00293831, 0.0017243, 0.0040385, 0.00201071, 0.00210877, 0.00326656, 0.00288263, 0.00336426, 0.00430442, 0.00255307, 0.00193037, 0.00181483, 0.00378248, 0.00213347, 0.00284223, 0.00254742, 0.00383722, 0.00339472, 0.00385344, 0.00407235, 0.00206597, 0.00267732, 0.00277831, 0.00322807, 0.00290826, 0.00287133, 0.00414754, 0.00326616, 0.00246305, 0.00143331, 0.00404638, 0.00315221, 0.00289544, 0.00303974, 0.00327957, 0.00286466, 0.00131578, 0.00372833, 0.00138867, 0.0037588, 0.00412901, 0.00131083, 0.00176972, 0.00173319, 0.00346789, 0.00225689, 0.00223703, 0.00283429, 0.00333439, 0.00235302, 0.00212411, 0.00176773, 0.00278583, 0.00149125, 0.00286532, 0.00301206, 0.00372766, 0.00262251, 0.00346854, 0.00394765, 0.0030878, 0.00167187, 0.00412248, 0.00402979, 0.00238615, 0.00281963, 0.00385192, 0.00355007, 0.00224272, 0.00149631, 0.00353248, 0.00346892, 0.00394169, 0.00306257, 0.00262678, 0.0033557, 0.00426108, 0.00218974, 0.00166854, 0.0013482, 0.00170725, 0.00193151, 0.00221784, 0.00215135, 0.00329941, 0.00195274, 0.00279948, 0.00277822, 0.00164071, 0.00229244, 0.00270813, 0.00174281, 0.00266613, 0.00212533, 0.00350604, 0.00293163, 0.00198149, 0.00172974];
GivenLatency = [359.225, 102.081, 111.486, 359.646, 92.9498, 165.663, 162.875, 311.862, 173.544, 88.7359, 180.346, 196.648, 106.091, 130.109, 186.164, 129.715, 228.659, 86.2673, 129.458, 249.728, 180.027, 175.401, 214.326, 310.515, 123.951, 182.989, 158.598, 216.595, 190.216, 125.998, 164.764, 191.027, 93.3413, 175.832, 249.635, 107.787, 207.43, 118.874, 150.336, 171.855, 184.179, 292.69, 120.633, 175.51, 114.408, 191.235, 103.52, 119.678, 86.3236, 103.817, 192.908, 147.125, 173.854, 152.946, 150.406, 141.891, 86.3832, 118.781, 183.172, 227.968, 82.0757, 114.523, 205.004, 119.01, 97.4132, 186.395, 311.669, 95.2129, 279.797, 122.604, 145.432, 300.697, 253.035, 267.507, 177.733, 154.169, 145.761, 143.748, 138.806, 154.281, 221.329, 268.388, 227.444, 273.19, 212.362, 117.079, 132.621, 247.532, 106.633, 141.623, 121.332, 256.864, 116.579, 85.0196, 183.351, 188.94, 121.85, 129.852, 206.451, 311.866, 184.933, 110.168, 113.296, 140.322, 128.526, 99.8068, 80.7901, 248.713, 201.706, 258.198, 208.021, 161.862, 150.608, 302.796, 170.837, 284.215, 182.869, 164.637, 238.924, 237.722, 198.721, 311.483, 166.871, 309.115, 131.611, 161.818, 314.017, 206.272];
HighestPossibleCritFunctionValue = 1.1;
