NumDevices = 128;
NumSlotes = 1024;


GivenBandwidthOld = [0.00488454, 0.00694306, 0.00458738, 0.00758434, 0.00751125, 0.00402798, 0.00572895, 0.0039989, 0.00701125, 0.00550292, 0.00511072, 0.00842846, 0.00464285, 0.00484861, 0.00811289, 0.00581512, 0.00725746, 0.00858117, 0.00619358, 0.00803322, 0.00684594, 0.00724561, 0.00451097, 0.0083758, 0.00451077, 0.00506086, 0.00536523, 0.00587059, 0.00451535, 0.00697951, 0.00716239, 0.00576187, 0.00722291, 0.00797621, 0.00869991, 0.00683627, 0.00470135, 0.00815427, 0.00633822, 0.00394413, 0.00652433, 0.00691101, 0.00588058, 0.00737798, 0.00418245, 0.00701864, 0.00473241, 0.00507179, 0.0040507, 0.00762364, 0.00809767, 0.00497452, 0.00418199, 0.00428693, 0.00789381, 0.00379597, 0.00629212, 0.00420597, 0.0072227, 0.00436293, 0.00533388, 0.00397112, 0.00510845, 0.0051761, 0.00726107, 0.00438572, 0.00826185, 0.00434637, 0.00686438, 0.00713884, 0.0050318, 0.00693764, 0.00848042, 0.00790412, 0.00706544, 0.006376, 0.00399906, 0.00463687, 0.00445778, 0.00436224, 0.00866797, 0.00505949, 0.00737124, 0.00587596, 0.00474466, 0.00601217, 0.00402736, 0.00538805, 0.0044348, 0.00825508, 0.00567011, 0.0050876, 0.00484516, 0.00506189, 0.00768686, 0.00556482, 0.00543864, 0.00479749, 0.00392292, 0.00499142, 0.0082493, 0.00852217, 0.00467716, 0.00654128, 0.00683934, 0.00624559, 0.00708085, 0.00532204, 0.00495348, 0.00556691, 0.00554339, 0.00531163, 0.00503733, 0.0049324, 0.00639052, 0.00790969, 0.00571574, 0.00689124, 0.00850642, 0.00482222, 0.00455682, 0.00389105, 0.00431037, 0.00686721, 0.004767, 0.00639532, 0.00868639, 0.00472325];
GivenLatency = [221.9, 161.86, 277.227, 140.736, 162.157, 277.021, 183.586, 310.478, 142.937, 223.824, 197.86, 126.588, 213.434, 239.326, 129.09, 211.215, 150.607, 139.407, 192.513, 124.247, 147.642, 145.735, 224.17, 132.819, 238.455, 255.782, 187.321, 168.307, 287.335, 144.885, 153.677, 199.077, 160.106, 119.901, 146.669, 180.847, 269.151, 142.829, 199.228, 243.634, 161.427, 150.238, 165.403, 141.493, 244.27, 142.789, 203.597, 223.72, 237.181, 168.816, 142.404, 239.787, 264.706, 226.956, 126.048, 285.103, 186.647, 240.426, 156.912, 277.77, 195.349, 318.04, 221.493, 217.458, 151.302, 235.468, 140.941, 249.944, 147.526, 157.993, 206.421, 137.871, 126.688, 127.913, 158.134, 172.121, 309.586, 267.511, 224.602, 273.98, 114.07, 231.416, 167.348, 181.368, 231.17, 160.501, 263.381, 233.819, 275.057, 124.686, 193.507, 195.591, 202.426, 212.107, 142.497, 212.823, 186.903, 238.696, 257.518, 236.059, 147.911, 112.538, 252.904, 151.538, 170.59, 182.681, 156.242, 189.284, 243.261, 190.583, 179.873, 241.147, 191.098, 233.221, 198.958, 128.575, 168.388, 147.508, 123.085, 238.967, 213.894, 302.906, 223.115, 152.25, 211.252, 183.687, 133.776, 205.006];
HighestPossibleCritFunctionValue = 1.1;
