NumDevices = 128;
NumSlotes = 1024;


GivenBandwidthOld = [0.00453216, 0.00577034, 0.00952417, 0.00644966, 0.00812656, 0.00435357, 0.00411873, 0.00718606, 0.00984033, 0.00775551, 0.00567649, 0.00719575, 0.00399284, 0.00384004, 0.00460318, 0.00564887, 0.0055337, 0.00737731, 0.00550169, 0.00697007, 0.00477461, 0.00567001, 0.00460937, 0.00975636, 0.00885014, 0.00924142, 0.0042375, 0.00959742, 0.00634653, 0.00616756, 0.00440996, 0.00819565, 0.00936405, 0.00900461, 0.00548485, 0.00508268, 0.00828051, 0.00427203, 0.00877611, 0.00878037, 0.00549364, 0.00910695, 0.00678689, 0.00727852, 0.00762391, 0.00624071, 0.00877922, 0.00489441, 0.0065891, 0.00805376, 0.00582424, 0.00927326, 0.00820736, 0.0060365, 0.00791909, 0.00484375, 0.00512347, 0.00634429, 0.00593389, 0.0084451, 0.00797549, 0.0090505, 0.00793451, 0.00786184, 0.00527229, 0.00762784, 0.00979575, 0.00843226, 0.00478907, 0.00486817, 0.00933547, 0.0037918, 0.0062744, 0.00634677, 0.00390778, 0.00562913, 0.00509664, 0.00551724, 0.00580081, 0.0092075, 0.00923622, 0.0044635, 0.00804894, 0.00610727, 0.00991769, 0.00793459, 0.00909513, 0.00816137, 0.00810901, 0.00945685, 0.00630949, 0.00865135, 0.0057176, 0.00443614, 0.00441855, 0.00884931, 0.00783352, 0.00418897, 0.00643708, 0.00926303, 0.00506852, 0.0078694, 0.00726638, 0.00982603, 0.00483102, 0.00988229, 0.00656898, 0.00742017, 0.00711019, 0.00969102, 0.00444768, 0.00470445, 0.00764929, 0.00792697, 0.0061, 0.00645796, 0.00393051, 0.00628839, 0.00402012, 0.00610092, 0.00939244, 0.00499673, 0.00748936, 0.00742841, 0.00802941, 0.00904079, 0.00727242, 0.00508331];
GivenLatency = [912.568, 616.353, 451.586, 715.559, 522.14, 1028.89, 812.262, 485.777, 441.616, 531.277, 721.968, 616.266, 980.588, 1189.5, 739.186, 705.076, 875.816, 520.011, 697.218, 646.132, 989.888, 753.338, 896.151, 499.497, 534.708, 363.906, 1099.24, 373.171, 615.387, 685.552, 774.428, 512.604, 362.247, 441.98, 835.328, 847.481, 537.128, 1111.41, 502.332, 392.65, 679.455, 417.439, 630.915, 491.734, 473.557, 717.394, 477.888, 761.122, 603.202, 509.051, 584.082, 394.964, 576.947, 622.506, 581.177, 698.467, 694.83, 623.736, 712.066, 415.631, 483.794, 451.956, 476.97, 452.369, 706.129, 482.035, 354.727, 402.136, 760.839, 984.68, 445.037, 984.012, 576.549, 689.741, 867.796, 801.736, 742.204, 687.768, 822.808, 543.033, 502.176, 761.332, 500.788, 720.341, 380.584, 501.422, 401.224, 435.982, 510.586, 473.444, 675.319, 457.498, 664.447, 1060.37, 853.784, 449.504, 631.753, 975.195, 591.997, 456.219, 717.982, 520.696, 664.375, 425.702, 782.703, 445.516, 712.634, 525.067, 664.923, 364.35, 927.116, 734.622, 528.095, 597.832, 706.551, 575.037, 1066.94, 628.496, 1059.32, 713.979, 478.273, 920.204, 478.616, 509.559, 457.918, 388.417, 579.012, 686.115];
HighestPossibleCritFunctionValue = 1.1;
