NumDevices = 16;
NumSlotes = 128;


GivenBandwidthOld = [0.0246379, 0.0299358, 0.021624, 0.0250432, 0.015334, 0.0330678, 0.0112836, 0.0328294, 0.0292377, 0.0126415, 0.0312913, 0.0285802, 0.0117453, 0.0188424, 0.0249081, 0.0198021];
GivenLatency = [13.931, 13.9658, 20.8449, 14.8045, 28.4182, 11.7761, 45.9138, 9.25359, 19.9043, 37.6003, 11.6001, 19.4434, 31.4173, 19.615, 23.0006, 19.0182];
HighestPossibleCritFunctionValue = 1.1;
