NumDevices = 64;
NumSlotes = 512;


GivenBandwidthOld = [0.00832389, 0.00339545, 0.00862559, 0.00535489, 0.00338045, 0.00641331, 0.00477685, 0.00710259, 0.00821133, 0.00526278, 0.00532495, 0.00642337, 0.00510441, 0.00607407, 0.00320977, 0.00653655, 0.00729593, 0.00762715, 0.00574915, 0.00464979, 0.00281049, 0.00836597, 0.00443963, 0.00817735, 0.00292629, 0.00458248, 0.00275279, 0.00747021, 0.00549475, 0.00402052, 0.00794354, 0.00462388, 0.00481344, 0.00326964, 0.00657196, 0.00861711, 0.00657516, 0.00624012, 0.00647829, 0.00311558, 0.00487764, 0.00721349, 0.00341071, 0.00250532, 0.00441089, 0.00629731, 0.00507742, 0.00868526, 0.00815996, 0.00441936, 0.00489708, 0.00267073, 0.0031704, 0.00748476, 0.00632764, 0.00870212, 0.00404066, 0.00259445, 0.00867551, 0.00678997, 0.00404788, 0.00523496, 0.00646161, 0.00410961];
GivenLatency = [52.591, 92.1952, 47.9719, 74.7163, 91.4225, 52.4376, 76.4839, 45.0627, 73.8316, 94.5974, 88.4644, 84.7434, 103.964, 53.3326, 112.994, 93.209, 49.8382, 72.1426, 83.0141, 69.9435, 115.35, 40.2121, 81.4933, 47.8579, 168.429, 75.3117, 126.385, 64.5903, 61.9873, 153.983, 70.8351, 124.501, 86.3372, 131.3, 50.6001, 38.9533, 76.7848, 50.8036, 69.697, 102.915, 96.7238, 64.7217, 94.5905, 228.243, 115.361, 98.4725, 64.7518, 40.8713, 42.3862, 120.678, 85.9607, 147.146, 193.712, 47.0632, 49.7302, 37.8725, 83.0133, 246.747, 56.0092, 79.1278, 77.6758, 109.917, 69.0518, 97.6123];
HighestPossibleCritFunctionValue = 1.1;
