NumDevices = 64;
NumSlotes = 512;


GivenBandwidthOld = [0.0199782, 0.0158237, 0.0171168, 0.0122528, 0.0124423, 0.0107127, 0.0158147, 0.0144559, 0.0160899, 0.0158628, 0.0109388, 0.0155605, 0.0172784, 0.0155702, 0.018653, 0.0182201, 0.0184832, 0.0151362, 0.0117948, 0.0147729, 0.0184287, 0.0103349, 0.0155288, 0.00957707, 0.0167414, 0.0146231, 0.0131564, 0.0122667, 0.00930374, 0.0104324, 0.0177483, 0.0135214, 0.00929096, 0.0080933, 0.0166758, 0.0123936, 0.0160808, 0.0128085, 0.0142136, 0.0184234, 0.0088691, 0.0179432, 0.0133023, 0.0150324, 0.0163498, 0.00829077, 0.0105322, 0.0195638, 0.0134951, 0.017172, 0.0151244, 0.013645, 0.0114567, 0.00787012, 0.0155985, 0.0197393, 0.0141318, 0.018063, 0.0149769, 0.00891175, 0.00972139, 0.0174179, 0.00985572, 0.0126482];
GivenLatency = [157.118, 147.989, 152.542, 191.253, 262.825, 260.457, 184.894, 206.781, 160.011, 158.208, 218.151, 144.426, 154.67, 159.509, 133.873, 181.384, 125.848, 153.416, 212.754, 215.477, 171.238, 271.635, 179.596, 248.659, 172.455, 155.612, 186.865, 200.471, 258.189, 221.297, 171.469, 184.036, 324.864, 325.453, 147.214, 181.152, 144.349, 252.808, 169.692, 168.223, 252.979, 150.851, 216.458, 195.528, 142.59, 300.999, 290.021, 120.556, 237.058, 178.253, 215.23, 195.606, 281.669, 326.898, 157.886, 124.707, 219.923, 174.234, 207.727, 345.905, 239.563, 142.881, 284.695, 187.221];
HighestPossibleCritFunctionValue = 1.1;
