NumDevices = 64;
NumSlotes = 512;


GivenBandwidthOld = [0.00630629, 0.00598493, 0.00502301, 0.00678466, 0.00848091, 0.00489111, 0.00864806, 0.00797594, 0.00528346, 0.00292336, 0.00536152, 0.00848305, 0.00337079, 0.00660038, 0.00509833, 0.00386932, 0.00419596, 0.00649387, 0.00250688, 0.0057046, 0.00601091, 0.00408053, 0.00400129, 0.00336974, 0.00779422, 0.00745986, 0.00653804, 0.00735347, 0.00594711, 0.00689162, 0.00617748, 0.00368512, 0.00838736, 0.00755528, 0.00411263, 0.00599205, 0.00580192, 0.00416363, 0.0068796, 0.0041628, 0.00539857, 0.00630806, 0.004551, 0.00496239, 0.00665809, 0.00627193, 0.00365568, 0.00734172, 0.0085563, 0.00320241, 0.00794507, 0.00529535, 0.00270078, 0.0081771, 0.00508593, 0.00800173, 0.00757622, 0.00596188, 0.00510771, 0.00523878, 0.00816294, 0.00446542, 0.00403814, 0.00396124];
GivenLatency = [69.2653, 78.7072, 74.4141, 57.2179, 71.2434, 85.0053, 47.4826, 79.9633, 104.242, 141.192, 91.4692, 57.5123, 191.047, 95.3209, 70.1916, 110.585, 140.006, 98.2748, 178.449, 59.1412, 58.606, 104.937, 112.381, 94.6951, 60.1547, 79.6644, 54.4877, 44.7942, 97.7877, 47.077, 65.3085, 150.725, 62.9814, 57.7322, 88.4484, 60.9657, 96.4067, 76.0232, 60.3232, 89.0408, 76.6032, 78.0353, 138.272, 76.1795, 75.7841, 72.1245, 151.639, 63.8397, 47.9871, 141.458, 81.04, 72.3661, 172.959, 54.0681, 95.8399, 53.0357, 67.2362, 103.532, 64.5217, 58.9424, 78.607, 102.346, 113.702, 131.639];
HighestPossibleCritFunctionValue = 1.1;
