NumDevices = 128;
NumSlotes = 1024;


GivenBandwidthOld = [0.00365234, 0.00244283, 0.00233264, 0.00350778, 0.0039323, 0.00135768, 0.00165742, 0.0018623, 0.00152183, 0.00423729, 0.00234564, 0.00323293, 0.00331698, 0.00352315, 0.00298572, 0.00164606, 0.00155996, 0.00142313, 0.00161901, 0.00321716, 0.00398906, 0.00218558, 0.0036088, 0.00178619, 0.00360052, 0.00324907, 0.00281226, 0.00195039, 0.00400291, 0.00384801, 0.00346521, 0.00422825, 0.0035189, 0.00334079, 0.00367717, 0.00406775, 0.00289804, 0.00291429, 0.00420151, 0.00422457, 0.00427535, 0.00140813, 0.00265698, 0.00140479, 0.00288262, 0.00319398, 0.00191042, 0.00403978, 0.00154844, 0.00142262, 0.00255168, 0.00361904, 0.00204174, 0.00172999, 0.0027999, 0.00357765, 0.00330099, 0.00350754, 0.00303149, 0.00205263, 0.00348848, 0.00153428, 0.0041746, 0.00180958, 0.00303611, 0.00158693, 0.00148922, 0.00313523, 0.00186239, 0.0031088, 0.00140122, 0.00222859, 0.00145515, 0.00227865, 0.00228791, 0.00168576, 0.00319257, 0.00314086, 0.00272919, 0.00255433, 0.00437383, 0.00351535, 0.00306225, 0.00349977, 0.00383758, 0.00319453, 0.00172473, 0.00184767, 0.00255122, 0.00216674, 0.00266359, 0.00323842, 0.00183085, 0.00424085, 0.00280201, 0.0015705, 0.00356683, 0.00274262, 0.00339586, 0.00416316, 0.0034252, 0.00361097, 0.00400157, 0.00311087, 0.00182427, 0.00294123, 0.00384149, 0.00329428, 0.00319705, 0.00346147, 0.00373644, 0.00338114, 0.00361924, 0.00230974, 0.00288276, 0.00243101, 0.00355094, 0.00433728, 0.00171653, 0.00161477, 0.00386836, 0.00183123, 0.00428474, 0.00300807, 0.00228681, 0.00195308, 0.00228526, 0.00394576];
GivenLatency = [121.12, 183.771, 172.809, 106.737, 115.695, 360.21, 189.109, 205.476, 273.605, 127.097, 135.987, 104.65, 155.544, 185.423, 132.728, 300.39, 340.406, 380.565, 277.17, 129.149, 109.845, 143.167, 92.5986, 345.459, 123.356, 175.772, 202.429, 169.411, 81.899, 105.262, 147.115, 155.123, 148.17, 192.157, 111.561, 106.633, 120.414, 115.168, 91.5896, 152.507, 109.682, 269.095, 163.917, 403.706, 118.916, 170.807, 257.587, 130.665, 369.044, 281.207, 131.631, 106.271, 196.092, 335.744, 154.758, 113.04, 95.3231, 158.338, 209.489, 178.816, 94.7339, 270.255, 93.3719, 295.872, 106.738, 304.889, 312.006, 152.966, 193.947, 156.635, 328.492, 259.521, 216.282, 276.51, 182.838, 189.765, 121.244, 104.283, 203.256, 210.911, 104.651, 97.5478, 128.317, 118.461, 144.279, 176.113, 204.61, 246.844, 168.804, 178.178, 130.449, 107.079, 218.505, 73.7741, 135.082, 236.206, 94.8165, 129.372, 104.646, 94.4459, 188.613, 168.632, 82.5805, 106.582, 240.975, 220.733, 158.209, 134.119, 128.725, 106.389, 108.383, 146.411, 101.928, 189.902, 128.871, 165.973, 136.794, 133.912, 379.662, 263.875, 134.333, 236.516, 75.6395, 130.658, 155.997, 255.175, 247.559, 152.224];
HighestPossibleCritFunctionValue = 1.1;
