NumDevices = 128;
NumSlotes = 1024;


GivenBandwidthOld = [0.00296332, 0.00322086, 0.00356481, 0.00311129, 0.00271365, 0.00396396, 0.00229526, 0.00335259, 0.0020003, 0.00219597, 0.00323945, 0.00362603, 0.00391025, 0.00274082, 0.00436695, 0.00353284, 0.00331703, 0.00427277, 0.00183949, 0.00259333, 0.00351791, 0.00241009, 0.00192858, 0.00295931, 0.00150022, 0.00354445, 0.00153774, 0.00284455, 0.0039499, 0.00352363, 0.00167222, 0.00382262, 0.00184956, 0.00299995, 0.00330711, 0.00325855, 0.00262696, 0.00316928, 0.00237603, 0.00136182, 0.00251855, 0.00296177, 0.00222349, 0.00336177, 0.00307596, 0.00259653, 0.0041936, 0.00244684, 0.00403861, 0.00376978, 0.00437087, 0.00375779, 0.00273291, 0.00258546, 0.00249354, 0.00141862, 0.00401129, 0.00404825, 0.0033195, 0.00214416, 0.00128956, 0.00364602, 0.00247621, 0.00394047, 0.00434314, 0.00328579, 0.00420454, 0.00201253, 0.00140672, 0.0040444, 0.00428502, 0.00148402, 0.00325518, 0.00235189, 0.00191742, 0.00294207, 0.00238214, 0.00420765, 0.00424642, 0.0027754, 0.00431647, 0.00183065, 0.00393354, 0.00358291, 0.00425892, 0.00343491, 0.00434086, 0.0024762, 0.00370269, 0.00181071, 0.00330159, 0.00421522, 0.00337789, 0.00227794, 0.00289516, 0.00140134, 0.0042351, 0.00299164, 0.0042044, 0.00264877, 0.00405115, 0.00203821, 0.00185135, 0.00191743, 0.00304318, 0.00168595, 0.00318391, 0.00130782, 0.00421215, 0.00174545, 0.00333828, 0.00214211, 0.00424336, 0.00432277, 0.00155238, 0.00205112, 0.00313476, 0.00345615, 0.00184321, 0.00261596, 0.00275133, 0.00282884, 0.00240388, 0.00391331, 0.00417328, 0.00148007, 0.00245864, 0.00240586];
GivenLatency = [142.836, 164.318, 124.623, 136.831, 117.95, 125.084, 197.877, 122.419, 156.294, 253.102, 179.122, 109.929, 100.275, 116.536, 74.216, 128.46, 126.384, 101.629, 297.19, 156.395, 98.3929, 132.171, 194.369, 121.662, 348.034, 174.033, 232.095, 169.487, 122.106, 90.2791, 268.419, 92.6533, 193.75, 112.051, 96.4155, 108.506, 176.17, 117.268, 176.182, 481.378, 185.833, 124.235, 242.271, 191.131, 141.354, 176.539, 109.699, 214.813, 159.549, 109.577, 73.8378, 98.5723, 130.86, 193.921, 224.16, 247.78, 103.671, 98.3775, 122.129, 198.244, 455.094, 136.784, 181.707, 87.8247, 95.0183, 110.21, 86.8948, 168.396, 421.02, 128.506, 108.419, 287.99, 124.538, 215.582, 187.445, 131.784, 185.491, 109.309, 78.8865, 204.046, 127.056, 172.459, 113.565, 97.2023, 126.022, 150.927, 143.437, 264.139, 153.108, 248.473, 136.53, 107.412, 146.978, 273.006, 163.858, 233.963, 154.377, 172.649, 91.5971, 231.771, 97.9974, 156.8, 223.055, 214.476, 143.935, 334.48, 167.885, 328.025, 91.9886, 192.604, 96.7283, 233.699, 85.6084, 136.271, 243.039, 185.342, 133.809, 100.714, 225.649, 127.899, 166.684, 202.239, 199.677, 98.3947, 128.952, 281.32, 166.433, 144.437];
HighestPossibleCritFunctionValue = 1.1;
