NumDevices = 64;
NumSlotes = 512;


GivenBandwidthOld = [0.0101686, 0.00850702, 0.0199075, 0.0154323, 0.0136329, 0.00780656, 0.0097964, 0.0156196, 0.0106903, 0.0145279, 0.0131016, 0.0158422, 0.0156425, 0.00846271, 0.0127053, 0.0177098, 0.0162453, 0.014003, 0.0163337, 0.0128739, 0.0135878, 0.0130812, 0.0101706, 0.0177658, 0.0193444, 0.0143894, 0.0107879, 0.0164732, 0.00829067, 0.00887036, 0.0141587, 0.00765, 0.0160496, 0.0136611, 0.00789877, 0.00962051, 0.0094333, 0.012998, 0.0118866, 0.0197594, 0.0139891, 0.0198727, 0.0179562, 0.00781146, 0.0172031, 0.0121734, 0.0155346, 0.00802761, 0.0124724, 0.0164878, 0.0154603, 0.00865507, 0.00830728, 0.0130373, 0.0111386, 0.012273, 0.0141878, 0.010158, 0.0180231, 0.0184331, 0.0103272, 0.012259, 0.0167194, 0.00803858];
GivenLatency = [304.07, 386.93, 113.543, 183.007, 206.618, 290.384, 306.854, 172.321, 233.203, 193.977, 169.847, 191.596, 180.003, 295.442, 222.476, 136.294, 178.307, 180.244, 191.9, 254.117, 188.632, 222.234, 246.077, 166.537, 129.719, 155.825, 210.359, 155.173, 355.979, 359.09, 178.038, 417.534, 143.319, 205.33, 310.045, 271.274, 325.884, 175.747, 208.394, 145.047, 184.924, 123.498, 155.603, 422.535, 175.023, 244.104, 192.128, 390.083, 236.082, 152.229, 173.298, 318.204, 273.342, 172.149, 240.479, 256.523, 177.313, 294.117, 155.533, 155.69, 235.705, 205.057, 142.455, 318.03];
HighestPossibleCritFunctionValue = 1.1;
