NumDevices = 128;
NumSlotes = 1024;


GivenBandwidthOld = [0.00817623, 0.00796346, 0.00680987, 0.00606644, 0.0049014, 0.00536202, 0.00940341, 0.00813379, 0.00703301, 0.00630533, 0.00739218, 0.00531343, 0.00537004, 0.00676002, 0.00566028, 0.00984255, 0.00752757, 0.00587818, 0.00961951, 0.00879829, 0.00663252, 0.00648967, 0.00570898, 0.00964679, 0.00485246, 0.00774017, 0.00402947, 0.00707319, 0.00656667, 0.00599817, 0.00752642, 0.00524774, 0.00759473, 0.00958894, 0.00756084, 0.00872967, 0.00957588, 0.00681366, 0.00715408, 0.0098004, 0.00526125, 0.0096287, 0.00705452, 0.00526159, 0.00910912, 0.00570088, 0.00475597, 0.00486915, 0.00704232, 0.00655371, 0.00689311, 0.00504511, 0.00813646, 0.00818969, 0.00911936, 0.00905773, 0.00457258, 0.00385261, 0.00958278, 0.00399351, 0.00898695, 0.00864661, 0.00728665, 0.0067055, 0.00801782, 0.00797431, 0.00797229, 0.00530403, 0.009833, 0.00942994, 0.00392226, 0.0052102, 0.00780903, 0.00504307, 0.00518278, 0.00944995, 0.0089847, 0.00840306, 0.00775533, 0.00878361, 0.00990848, 0.00928558, 0.00891332, 0.00859982, 0.00836362, 0.00734194, 0.00477864, 0.00454752, 0.00767039, 0.00617784, 0.0085404, 0.00970051, 0.00771107, 0.00874404, 0.00738628, 0.00617359, 0.00569829, 0.00495658, 0.00774603, 0.00872977, 0.00494369, 0.00981869, 0.00646924, 0.00601579, 0.00990882, 0.0087295, 0.00676475, 0.00383438, 0.00941741, 0.00590614, 0.00442916, 0.00597596, 0.00921643, 0.0092911, 0.00808135, 0.00694632, 0.00560351, 0.00575101, 0.00967706, 0.00743376, 0.00414208, 0.00585691, 0.00841706, 0.00559743, 0.0097603, 0.00641154, 0.00507913, 0.00492899];
GivenLatency = [500.109, 440.052, 559.047, 753.867, 870.558, 678.142, 483.425, 545.829, 560.355, 581.512, 483.182, 886.414, 775.375, 566.2, 606.915, 442.456, 574.913, 586.909, 413.704, 440.615, 642.235, 630.089, 791.564, 394.45, 741.598, 486.195, 1183.8, 702.948, 561.997, 578.264, 486.587, 764.574, 468.894, 374.691, 533.358, 459.631, 436.539, 532.551, 482.249, 451.032, 812.186, 349.257, 494.118, 891.905, 520.224, 596.017, 707.009, 842.608, 499.007, 645.385, 719.704, 878.368, 486.564, 459.975, 397.786, 431.256, 885.99, 908.803, 395.832, 973.575, 547.725, 560.537, 473.221, 602.094, 426.562, 437.242, 592.414, 864.555, 406.306, 369.109, 980.869, 953.013, 549.807, 755.009, 935.858, 495.957, 438.851, 471.515, 481.499, 452.473, 373.136, 409.476, 530.565, 445.408, 450.542, 505.019, 844.379, 979.012, 444.966, 735.468, 485.076, 373.169, 610.537, 437.928, 460.597, 572.828, 646.485, 856.155, 517.418, 497.567, 863.149, 494.761, 693.898, 678.134, 400.164, 406.464, 641.513, 945.365, 417.209, 691.194, 873.632, 833.88, 517.22, 421.123, 413.422, 648.077, 756.591, 788.863, 448.55, 666.279, 1050.98, 571.736, 398.409, 630.68, 431.499, 550.571, 712.372, 693.621];
HighestPossibleCritFunctionValue = 1.1;
