NumDevices = 32;
NumSlotes = 256;


GivenBandwidthOld = [0.0241347, 0.0164024, 0.0358234, 0.0194612, 0.0192348, 0.0399363, 0.0199383, 0.037897, 0.020092, 0.020449, 0.0212306, 0.0319314, 0.0316153, 0.0177849, 0.0200351, 0.0152312, 0.0263423, 0.0206311, 0.0326339, 0.037138, 0.0385928, 0.0383687, 0.0230109, 0.0291431, 0.0180528, 0.0233779, 0.0220822, 0.0207173, 0.0304345, 0.022432, 0.023816, 0.035672];
GivenLatency = [87.4621, 116.448, 53.5711, 94.0881, 129.596, 48.4222, 91.5072, 58.8403, 123.158, 89.9051, 104.962, 56.7862, 60.7982, 124.815, 95.7871, 125.927, 85.9043, 90.9395, 65.086, 56.159, 56.201, 51.6942, 95.1851, 57.8132, 102.796, 81.2275, 76.5527, 94.0535, 71.018, 75.4206, 103.589, 56.3992];
HighestPossibleCritFunctionValue = 1.1;
