NumDevices = 16;
NumSlotes = 128;


GivenBandwidthOld = [0.0460344, 0.0698866, 0.053553, 0.0345112, 0.0489837, 0.0393174, 0.0775459, 0.0330958, 0.0611523, 0.0563741, 0.0500583, 0.0490315, 0.0428085, 0.0519505, 0.0512568, 0.0434861];
GivenLatency = [38.8964, 22.4737, 27.5136, 42.1717, 35.2781, 35.4379, 25.5685, 44.5102, 31.9976, 30.1586, 38.1246, 32.8407, 36.904, 29.1479, 38.9466, 34.3762];
HighestPossibleCritFunctionValue = 1.1;
