NumDevices = 16;
NumSlotes = 128;


GivenBandwidthOld = [0.0327396, 0.019344, 0.0295556, 0.0306727, 0.031394, 0.0285116, 0.0336752, 0.019074, 0.0160515, 0.0172894, 0.0228781, 0.0277268, 0.0188288, 0.0199335, 0.0128011, 0.0128989];
GivenLatency = [11.5083, 16.8915, 10.5606, 18.2605, 19.5727, 18.6075, 15.0564, 30.3169, 30.5114, 34.2765, 16.6188, 14.3259, 32.0272, 26.0841, 27.408, 42.5753];
HighestPossibleCritFunctionValue = 1.1;
