NumDevices = 16;
NumSlotes = 128;


GivenBandwidthOld = [0.012533, 0.0328013, 0.0315535, 0.0103506, 0.0277902, 0.034685, 0.0152061, 0.0331893, 0.0268016, 0.0187595, 0.0306787, 0.0323796, 0.0184764, 0.0230488, 0.0213887, 0.0199076];
GivenLatency = [28.5802, 11.2247, 17.1274, 36.6464, 15.3214, 17.4905, 27.0715, 18.2135, 15.052, 17.034, 18.056, 10.0851, 33.562, 23.2703, 18.5405, 26.9441];
HighestPossibleCritFunctionValue = 1.1;
