NumDevices = 128;
NumSlotes = 1024;


GivenBandwidthOld = [0.00753791, 0.00719198, 0.00815655, 0.00469154, 0.00816337, 0.00429588, 0.00834876, 0.0050467, 0.00734456, 0.00750033, 0.00553527, 0.00375162, 0.00597567, 0.00556899, 0.00554037, 0.00455042, 0.00646646, 0.00426107, 0.00832687, 0.00722922, 0.00394995, 0.00427404, 0.00626198, 0.00767768, 0.00620917, 0.00509661, 0.00627445, 0.00710956, 0.00782388, 0.00850735, 0.00560844, 0.00851008, 0.00638421, 0.00685222, 0.00768727, 0.00748857, 0.00797368, 0.00615788, 0.00793513, 0.00818334, 0.00487267, 0.0074828, 0.00592623, 0.00469263, 0.00660359, 0.00402848, 0.00416273, 0.00543478, 0.0048625, 0.00647158, 0.00541343, 0.00603724, 0.00539173, 0.00625616, 0.00471278, 0.00522672, 0.00793118, 0.00685787, 0.00776021, 0.00828525, 0.00763848, 0.00747095, 0.00679875, 0.00401824, 0.00705018, 0.00492443, 0.00742616, 0.00401316, 0.00663546, 0.0046506, 0.00506527, 0.00448188, 0.00450884, 0.00758917, 0.00376684, 0.00683275, 0.0055315, 0.00538382, 0.00830872, 0.00717875, 0.00572398, 0.00539543, 0.00852772, 0.00788174, 0.00597948, 0.0046236, 0.00630592, 0.00608572, 0.00512518, 0.00640498, 0.00602901, 0.00700884, 0.00507057, 0.00853575, 0.0078811, 0.00509081, 0.00872971, 0.00773326, 0.00533017, 0.00672311, 0.00786823, 0.00379536, 0.00610556, 0.00856706, 0.00400349, 0.00411073, 0.00648068, 0.00826297, 0.00824732, 0.00522657, 0.00543813, 0.00615315, 0.00846285, 0.00757897, 0.00729884, 0.00411694, 0.00597147, 0.005057, 0.00557659, 0.00817589, 0.00475689, 0.00652492, 0.00677928, 0.00687765, 0.00512873, 0.0061338, 0.00822829, 0.00537045];
GivenLatency = [127.17, 170.388, 125.377, 219.126, 123.279, 255.245, 115.667, 237.987, 130.917, 155.959, 195.943, 343.283, 164.582, 191.88, 189.19, 233.29, 174.502, 286.308, 132.231, 139.104, 252.885, 228.509, 181.313, 143.109, 185.87, 250.469, 191.215, 166.661, 134.067, 144.414, 171.116, 120.322, 152.002, 183.551, 141.727, 158.685, 121.876, 179.927, 142.583, 116.96, 196.986, 143.301, 165.089, 226.354, 147.341, 263.419, 288.965, 185.405, 206.58, 192.051, 226.468, 157.88, 213.857, 206.687, 242.792, 194.174, 159.928, 168.266, 125.85, 124.706, 138.076, 158.706, 159.091, 282.118, 149.985, 243.833, 138.401, 322.366, 164.112, 248.425, 190.408, 276.659, 218.143, 152.101, 253.171, 149.234, 223.382, 183.693, 151.312, 166.032, 205.064, 181.921, 126.684, 134.886, 161.059, 226.639, 169.859, 178.743, 247.844, 175.138, 173.71, 143.397, 228.835, 151.876, 121.218, 210.267, 130.835, 161.443, 220.298, 167.088, 129.254, 298.357, 160.168, 132.882, 317.289, 245.605, 194.336, 150.834, 119.551, 224.661, 210.615, 195.518, 125.27, 136.597, 132.608, 277.492, 174.217, 198.55, 189.699, 156.33, 220.671, 183.618, 172.713, 176.006, 218.385, 176.847, 133.689, 223.408];
HighestPossibleCritFunctionValue = 1.1;
