NumDevices = 64;
NumSlotes = 512;


GivenBandwidthOld = [0.00296506, 0.00630968, 0.00686929, 0.00586668, 0.00509294, 0.00712336, 0.00725644, 0.00646106, 0.0073474, 0.00394697, 0.00301886, 0.00424145, 0.00848047, 0.00374827, 0.00723127, 0.00846606, 0.00525229, 0.0039111, 0.00639561, 0.00734454, 0.00601633, 0.00771983, 0.00709699, 0.00791004, 0.00399455, 0.0026844, 0.0079752, 0.00551, 0.00414766, 0.00717765, 0.00724648, 0.00779969, 0.0056989, 0.0038491, 0.00799162, 0.00633552, 0.00356897, 0.0061083, 0.00346087, 0.00807454, 0.00619858, 0.0082128, 0.00509468, 0.00499606, 0.0037699, 0.00817548, 0.0028533, 0.00286411, 0.00329711, 0.00571284, 0.00697841, 0.00860403, 0.00546636, 0.0080466, 0.00551439, 0.00281052, 0.0026761, 0.00593471, 0.00465575, 0.00294291, 0.0028177, 0.00463806, 0.00564458, 0.00349396];
GivenLatency = [111.938, 98.6324, 49.5561, 90.0946, 81.7293, 57.2414, 75.4923, 78.8373, 43.6083, 87.9603, 130.163, 81.7363, 53.6897, 122.041, 63.6376, 42.3688, 115.399, 127.491, 93.3292, 43.5869, 53.6739, 46.9514, 81.4974, 78.8691, 139.891, 211.833, 41.6269, 60.5713, 112.093, 52.8584, 84.4363, 45.8004, 87.0493, 88.6931, 54.6177, 90.9019, 116.211, 55.1034, 128.823, 43.2424, 61.1864, 74.8381, 119.083, 79.7308, 166.597, 59.6138, 201.344, 115.226, 192.585, 61.1432, 64.4715, 59.9791, 85.9775, 47.9621, 57.1057, 197.322, 122.98, 85.9744, 112.423, 169.987, 134.436, 106.452, 57.3832, 109.411];
HighestPossibleCritFunctionValue = 1.1;
