NumDevices = 128;
NumSlotes = 1024;


GivenBandwidthOld = [0.00983972, 0.00994197, 0.00975138, 0.0064747, 0.00396555, 0.00775438, 0.00530593, 0.00429765, 0.00810271, 0.0098193, 0.00429525, 0.00532925, 0.00862585, 0.00848044, 0.0081982, 0.00834783, 0.00449599, 0.00402776, 0.00961582, 0.0093492, 0.00956369, 0.00825971, 0.00462194, 0.0084568, 0.00471652, 0.00431484, 0.00953505, 0.00807442, 0.00920899, 0.00916957, 0.00919319, 0.00617946, 0.00443068, 0.00644223, 0.00834738, 0.00942153, 0.00636218, 0.00658993, 0.0095184, 0.00952174, 0.00932219, 0.00550431, 0.00719801, 0.00441375, 0.00934649, 0.00768068, 0.00416682, 0.00930995, 0.00609885, 0.00585452, 0.0057111, 0.0076674, 0.00604139, 0.00888788, 0.00616853, 0.00821752, 0.00812425, 0.00931124, 0.00895168, 0.00967847, 0.00599675, 0.00867717, 0.00846805, 0.00621894, 0.00540849, 0.00928807, 0.00701967, 0.00706092, 0.00660485, 0.00396217, 0.00723043, 0.00552741, 0.00786445, 0.00529884, 0.00388526, 0.00830278, 0.00986236, 0.00918256, 0.00873442, 0.00817612, 0.00612108, 0.00449243, 0.00685106, 0.00454378, 0.00737453, 0.00879245, 0.0085371, 0.00428576, 0.00818579, 0.00609264, 0.0077775, 0.0065097, 0.00482401, 0.00466939, 0.00588953, 0.00654143, 0.00686849, 0.00991836, 0.00660776, 0.00905204, 0.008932, 0.00387016, 0.00461396, 0.00553637, 0.0085156, 0.00545192, 0.00796312, 0.00745595, 0.00839957, 0.00537804, 0.00378474, 0.00641245, 0.0077639, 0.00911766, 0.00545353, 0.00993759, 0.00474079, 0.00589812, 0.00715586, 0.0085048, 0.00513104, 0.0085762, 0.00523662, 0.00818709, 0.0091564, 0.00654484, 0.00785879, 0.00395484];
GivenLatency = [359.405, 486.545, 470.107, 526.243, 858.806, 517.295, 883.255, 882.082, 527.6, 375.904, 857.257, 699.507, 572.572, 434.958, 522.151, 519.225, 794.149, 1214.82, 356.664, 424.652, 441.504, 533.665, 1029.84, 402.829, 725.879, 1009.71, 352.358, 498.271, 397.105, 489.568, 458.837, 725.32, 1051.19, 528.112, 565.351, 512.937, 768.04, 629.198, 470.851, 351.913, 382.095, 674.363, 520.915, 1120.5, 380.791, 611.882, 1145.71, 444.537, 755.312, 797.748, 591.206, 554.329, 684.906, 483.428, 646.242, 535.508, 419.555, 510.465, 465.114, 351.78, 727.651, 403.662, 438.49, 661.199, 743.763, 521.184, 555.853, 492.683, 565.695, 947.923, 678.473, 717.948, 581.656, 791.565, 1111.51, 462.19, 475.957, 381.084, 500.641, 554.652, 678.107, 890.361, 543.963, 861.986, 569.732, 495.643, 460.872, 815.098, 409.762, 552.79, 469.422, 549.723, 954.465, 878.609, 827.47, 700.568, 536.825, 435.468, 515.129, 452.976, 532.004, 1117.41, 742.712, 847.838, 433.81, 818.307, 507.952, 586.47, 524.557, 823.338, 998.273, 755.661, 456.184, 409.87, 616.557, 339.004, 1052.22, 716.54, 624.637, 555.139, 675.757, 480.173, 655.134, 564.343, 491.225, 552.493, 449.921, 1075.47];
HighestPossibleCritFunctionValue = 1.1;
