NumDevices = 64;
NumSlotes = 512;


GivenBandwidthOld = [0.00536893, 0.00804632, 0.0070041, 0.00284511, 0.00268394, 0.00647509, 0.00564318, 0.00500482, 0.00726795, 0.00615984, 0.00709694, 0.00697366, 0.00382031, 0.00548013, 0.00835348, 0.00698984, 0.00704951, 0.00358335, 0.00407601, 0.00298034, 0.00678573, 0.00772241, 0.00681905, 0.00527539, 0.00473202, 0.0035078, 0.00314336, 0.00299541, 0.00390871, 0.00367654, 0.00783872, 0.0054085, 0.00445719, 0.00330127, 0.00694193, 0.0080342, 0.00331217, 0.00268844, 0.00716156, 0.00563098, 0.00614417, 0.00634874, 0.00703268, 0.00820016, 0.00509369, 0.00708773, 0.00848206, 0.00544226, 0.00303062, 0.00820887, 0.007656, 0.00308529, 0.00816436, 0.00344541, 0.00457101, 0.00366844, 0.00300915, 0.00345839, 0.00387099, 0.00726279, 0.00691549, 0.00736827, 0.00482458, 0.00296813];
GivenLatency = [62.597, 38.9603, 45.8698, 167.052, 192.893, 75.1406, 65.0446, 110.53, 46.5189, 76.6506, 46.8431, 51.0306, 82.9167, 87.2573, 37.6149, 49.1715, 56.1271, 108.389, 108.652, 134.289, 88.5952, 43.0667, 59.0344, 60.5303, 74.8592, 155.255, 144.646, 110.441, 89.4948, 133.148, 40.1349, 67.059, 83.1621, 107.27, 57.958, 63.1042, 179.662, 133.866, 59.1497, 63.1218, 57.9137, 50.4408, 67.2921, 44.8762, 66.0204, 51.4741, 56.6258, 69.0268, 160.317, 66.0456, 70.5643, 101.563, 44.3159, 99.4866, 91.1906, 88.528, 173.494, 93.9941, 118.16, 58.7428, 47.1561, 58.1992, 88.9112, 150.276];
HighestPossibleCritFunctionValue = 1.1;
