NumDevices = 32;
NumSlotes = 256;


GivenBandwidthOld = [0.0313552, 0.0213473, 0.0194886, 0.0301763, 0.0329299, 0.038214, 0.0231343, 0.0276682, 0.029739, 0.0335949, 0.0393529, 0.0387686, 0.0188495, 0.0392159, 0.0359097, 0.0198187, 0.0279242, 0.0314183, 0.0332397, 0.0191599, 0.0303589, 0.027007, 0.0162219, 0.0261302, 0.0297064, 0.0359911, 0.036989, 0.0333095, 0.0183702, 0.0334238, 0.0391796, 0.0265384];
GivenLatency = [77.2074, 116.525, 90.4634, 60.4389, 66.2867, 54.1722, 74.3966, 60.2552, 73.5455, 53.6136, 51.2151, 58.745, 103.876, 52.2834, 47.8412, 104.008, 63.2687, 65.6241, 72.6777, 92.937, 78.6539, 65.9481, 117.94, 69.8198, 64.3915, 67.8301, 52.8846, 61.2212, 99.1121, 73.9669, 57.2397, 70.8454];
HighestPossibleCritFunctionValue = 1.1;
