NumDevices = 8;
NumSlotes = 64;


GivenBandwidthOld = [0.0679178, 0.0238217, 0.0506744, 0.0648585, 0.0571047, 0.0390101, 0.021897, 0.0531578];
GivenLatency = [5.33533, 23.9295, 10.6681, 6.87539, 6.36796, 10.0825, 13.9063, 8.47786];
HighestPossibleCritFunctionValue = 1.1;
