NumDevices = 32;
NumSlotes = 256;


GivenBandwidthOld = [0.0176422, 0.0230964, 0.0168913, 0.0279232, 0.0152352, 0.0176898, 0.0223648, 0.0200824, 0.0342326, 0.0328904, 0.0234489, 0.0152165, 0.0288655, 0.027386, 0.0373013, 0.0321815, 0.0340553, 0.0268338, 0.029906, 0.0158175, 0.0293335, 0.0177846, 0.0162401, 0.0325578, 0.0333216, 0.0211822, 0.0188004, 0.0388286, 0.0266583, 0.0318675, 0.0321837, 0.0215579];
GivenLatency = [104.356, 79.1483, 102.801, 67.114, 122.664, 126.616, 81.6175, 99.0802, 55.3522, 70.8482, 104.145, 157.437, 78.2075, 64.3022, 53.8876, 52.996, 64.6897, 80.7521, 66.3394, 128.254, 84.4489, 105.722, 148.942, 51.446, 69.2988, 105.665, 98.6327, 62.5234, 87.4753, 65.0492, 57.189, 95.751];
HighestPossibleCritFunctionValue = 1.1;
