NumDevices = 64;
NumSlotes = 512;


GivenBandwidthOld = [0.0161373, 0.0138245, 0.0139515, 0.00866428, 0.0155358, 0.0151684, 0.0110883, 0.0153252, 0.0162185, 0.00916298, 0.0172599, 0.0124125, 0.0113633, 0.0083524, 0.0137754, 0.00892536, 0.0135664, 0.0162142, 0.0165451, 0.0081081, 0.00775784, 0.0110763, 0.013608, 0.01469, 0.00980846, 0.0158272, 0.012997, 0.0163469, 0.00806186, 0.0106196, 0.00939651, 0.0121318, 0.0144938, 0.0130006, 0.0157291, 0.0144525, 0.00822154, 0.01434, 0.0169073, 0.0163721, 0.0116739, 0.00782513, 0.011967, 0.0138348, 0.0171778, 0.0126596, 0.0143875, 0.0158339, 0.0153079, 0.0156989, 0.0162291, 0.0167808, 0.00973889, 0.0165226, 0.0097908, 0.00892435, 0.0165277, 0.016611, 0.0157542, 0.0154924, 0.0155329, 0.0172213, 0.0132445, 0.0151036];
GivenLatency = [69.8717, 70.0168, 71.0532, 131.196, 69.4742, 66.2106, 108.245, 59.9115, 66.1966, 111.854, 55.9514, 83.7841, 89.3025, 145.11, 78.2726, 118.371, 83.6728, 57.7162, 57.0904, 126.232, 151.803, 112.314, 73.8317, 72.5645, 110.746, 69.3989, 88.7876, 66.8649, 148.699, 98.1366, 113.062, 83.4517, 77.1574, 72.4802, 75.1788, 73.9131, 134.583, 71.1313, 73.6121, 74.7761, 80.6117, 154.733, 78.4414, 70.2936, 56.1787, 72.6215, 65.119, 59.9024, 75.2983, 62.4532, 56.0407, 70.79, 108.152, 56.4266, 126.83, 132.805, 65.7173, 59.1629, 60.8973, 74.476, 70.9795, 68.1046, 87.4841, 75.475];
HighestPossibleCritFunctionValue = 1.1;
