NumDevices = 128;
NumSlotes = 1024;


GivenBandwidthOld = [0.00857874, 0.00540697, 0.00740027, 0.00382367, 0.00689535, 0.00768307, 0.00680859, 0.00455127, 0.00571511, 0.00630048, 0.00459843, 0.00836615, 0.00731854, 0.00527387, 0.00545504, 0.00538688, 0.00484916, 0.0073095, 0.00823921, 0.00395946, 0.00417819, 0.00531892, 0.00759389, 0.00803356, 0.00759711, 0.00713154, 0.00730396, 0.00513199, 0.00585135, 0.00612414, 0.00586623, 0.00621346, 0.0070827, 0.00638063, 0.00674652, 0.0062858, 0.00795268, 0.00811877, 0.00471511, 0.00437484, 0.0054705, 0.00512792, 0.0074121, 0.00762816, 0.00400523, 0.00840483, 0.0074217, 0.00398395, 0.00569111, 0.0079962, 0.00467256, 0.00415164, 0.00409809, 0.00402602, 0.00780835, 0.00739299, 0.00645212, 0.0083475, 0.00398629, 0.00507587, 0.00758054, 0.00866952, 0.00609027, 0.00665842, 0.00562377, 0.00613619, 0.00849066, 0.00494466, 0.00742814, 0.00724337, 0.00687627, 0.00695626, 0.00641991, 0.00687823, 0.00488685, 0.0057365, 0.00583414, 0.00682118, 0.00613916, 0.00835969, 0.00386538, 0.00787077, 0.00648523, 0.00475552, 0.00846961, 0.00618608, 0.00693926, 0.00563761, 0.00376747, 0.00730925, 0.00398777, 0.00500219, 0.00425507, 0.00739426, 0.00777518, 0.00502437, 0.00702069, 0.00424004, 0.00491038, 0.00625706, 0.00485282, 0.0037625, 0.00387091, 0.00595158, 0.00565331, 0.00764161, 0.0049781, 0.00447709, 0.00390287, 0.00807851, 0.00798407, 0.00570203, 0.00657856, 0.00841525, 0.00763384, 0.0043776, 0.00683727, 0.00654613, 0.00825107, 0.00822923, 0.00620957, 0.00677708, 0.00495734, 0.0054785, 0.00469674, 0.0056297, 0.0058855, 0.00508881];
GivenLatency = [137.637, 234.648, 137.708, 330.997, 185.012, 147.919, 144.344, 227.675, 222.988, 182.504, 228.665, 121.684, 142.399, 245.467, 181.374, 194.282, 223.212, 145.099, 155.766, 283.852, 270.343, 196.71, 151.844, 135.267, 125.395, 140.7, 137.683, 207.851, 165.406, 159.66, 174.511, 153.975, 171.987, 150.371, 150.286, 176.546, 150.944, 136.333, 203.126, 221.803, 189.307, 185.961, 133.87, 153.226, 293.317, 132.18, 164.08, 291.509, 227.823, 155.778, 264.129, 301.224, 245.061, 247.328, 157.926, 159.312, 164.171, 149.469, 261.697, 251.864, 128.664, 129.683, 209.652, 165.996, 190.079, 186.526, 129.893, 223.586, 142.604, 162.52, 152.377, 163.314, 197.952, 156.955, 221.666, 175.922, 166.66, 145.807, 204.028, 130.607, 323.887, 152.96, 193.748, 238.154, 119.174, 175.936, 140.546, 228.482, 280.018, 139.689, 253.876, 209.236, 284.681, 153.355, 148.41, 228.669, 154.324, 238.766, 197.283, 205.871, 217.313, 323.894, 247.431, 182.038, 211.228, 158.752, 215.867, 251.675, 294.434, 131.014, 120.649, 178.657, 163.724, 120.405, 150.508, 224.479, 150.166, 188.356, 126.673, 132.975, 195.136, 187.901, 213.536, 191.79, 261.528, 173.458, 195.559, 194.051];
HighestPossibleCritFunctionValue = 1.1;
