NumDevices = 16;
NumSlotes = 128;


GivenBandwidthOld = [0.0619935, 0.0644115, 0.0648569, 0.0696778, 0.0540391, 0.0559378, 0.045876, 0.0574551, 0.0672412, 0.0625319, 0.0343735, 0.055966, 0.0409491, 0.0516558, 0.0392669, 0.0593799];
GivenLatency = [17.7795, 15.319, 16.1872, 12.4669, 18.159, 16.0751, 18.5942, 18.7289, 14.1097, 15.6681, 32.2651, 14.7437, 21.7931, 17.913, 24.768, 17.9236];
HighestPossibleCritFunctionValue = 1.1;
