NumDevices = 16;
NumSlotes = 128;


GivenBandwidthOld = [0.0527842, 0.0636807, 0.0515236, 0.0766969, 0.0656063, 0.0642535, 0.0783401, 0.031734, 0.0732261, 0.0315783, 0.0560366, 0.0770738, 0.0492995, 0.0458677, 0.0688451, 0.048829];
GivenLatency = [34.8612, 24.7295, 36.2032, 25.1644, 23.2011, 22.1294, 18.8714, 42.3771, 24.4568, 58.6167, 27.8714, 19.3981, 39.0456, 29.3851, 20.955, 33.9422];
HighestPossibleCritFunctionValue = 1.1;
