NumDevices = 128;
NumSlotes = 1024;


GivenBandwidthOld = [0.00794384, 0.0083772, 0.00435602, 0.00794606, 0.00826479, 0.00888432, 0.00874339, 0.00889282, 0.00790314, 0.00551487, 0.00969908, 0.00875661, 0.00610321, 0.00409144, 0.00476543, 0.00753597, 0.00961402, 0.00402501, 0.00703342, 0.00696073, 0.0039711, 0.00727934, 0.00884769, 0.00561277, 0.00507436, 0.00598355, 0.00558888, 0.00982946, 0.00627892, 0.00726881, 0.006933, 0.00673868, 0.00954641, 0.00518393, 0.00382554, 0.00462048, 0.00883162, 0.00428724, 0.00814389, 0.00806059, 0.00800985, 0.00531415, 0.00497494, 0.00379061, 0.00499452, 0.00790191, 0.00987429, 0.00969619, 0.00389532, 0.00862716, 0.00539662, 0.00971633, 0.00493157, 0.00621041, 0.00587269, 0.0047753, 0.00463799, 0.00943034, 0.00448497, 0.00638844, 0.0043244, 0.00763322, 0.00657356, 0.00931616, 0.00419103, 0.00991038, 0.0037898, 0.00392404, 0.00377627, 0.0077484, 0.00491651, 0.0092238, 0.00821452, 0.00767836, 0.00898342, 0.00567428, 0.00755533, 0.00984231, 0.0097533, 0.00746963, 0.00708537, 0.00501702, 0.00479884, 0.00654456, 0.00941136, 0.00415228, 0.00863618, 0.00699491, 0.00965811, 0.00767102, 0.00437923, 0.00423501, 0.00538781, 0.00546896, 0.00677612, 0.0074797, 0.00762957, 0.0076189, 0.0096471, 0.00382729, 0.00904542, 0.00392004, 0.0052847, 0.00989457, 0.00678247, 0.00796817, 0.00483982, 0.00787966, 0.00472444, 0.00615088, 0.00535331, 0.00684741, 0.00568857, 0.0040575, 0.00933884, 0.00414538, 0.0051397, 0.00419661, 0.0099716, 0.00763638, 0.00962133, 0.00813164, 0.0084578, 0.00901988, 0.00591232, 0.0083294, 0.00725735, 0.0079571];
GivenLatency = [528.103, 429.61, 1129.29, 614.455, 411.765, 446.703, 480.994, 528.794, 456.874, 815.25, 485.647, 533.289, 588.385, 923.611, 710.818, 452.915, 364.788, 1188.75, 638.84, 663.711, 1010.84, 579.9, 399.311, 656.543, 675.21, 660.672, 787.533, 434.835, 779.96, 476.116, 488.177, 657.136, 478.817, 667.331, 993.462, 771.729, 451.462, 779.579, 474.786, 598.71, 541.276, 720.947, 794.083, 940.759, 769.152, 485.389, 392.904, 347.864, 953.737, 449.102, 671.092, 449.364, 751.209, 673.478, 719.543, 768.717, 1064.66, 361.894, 995.936, 527.406, 847.808, 544.961, 667.857, 358.964, 900.169, 367.506, 1250.7, 1031.64, 1153.33, 449.5, 761.371, 519.778, 602.782, 464.777, 492.041, 861.808, 612.132, 391.614, 363.144, 514.238, 486, 967.868, 977.44, 633.707, 372.643, 1159.63, 448.042, 481.419, 388.413, 490.789, 791.718, 966.343, 913.591, 627.236, 637.631, 625.146, 463.903, 483.809, 383.832, 1201.08, 418.304, 1272.97, 711.436, 367.633, 512.138, 496.41, 870.259, 479.537, 839.601, 576.739, 703.228, 513.615, 639.318, 930.623, 516.943, 1163.04, 814.752, 1014.98, 360.285, 437.621, 395.999, 513.496, 420.04, 392.284, 696.185, 449.711, 521.634, 549.948];
HighestPossibleCritFunctionValue = 1.1;
