NumDevices = 128;
NumSlotes = 1024;


GivenBandwidthOld = [0.00280636, 0.00281749, 0.00232095, 0.00389429, 0.00322795, 0.00407138, 0.00151129, 0.0021584, 0.00301934, 0.00416081, 0.00133928, 0.00176221, 0.00373931, 0.00151891, 0.00202305, 0.0032713, 0.00129059, 0.00220265, 0.00298952, 0.00301831, 0.00241283, 0.00125716, 0.002818, 0.00155146, 0.0023053, 0.00329624, 0.00175722, 0.00426709, 0.00316597, 0.00294911, 0.00198169, 0.00195012, 0.00250686, 0.00339705, 0.00241399, 0.00194113, 0.00151846, 0.00394847, 0.00133054, 0.00176713, 0.00195801, 0.0039148, 0.0040983, 0.00395086, 0.0040085, 0.00403851, 0.00202663, 0.00408095, 0.00295113, 0.00157399, 0.00283761, 0.00287452, 0.00138446, 0.00174578, 0.00250846, 0.00217334, 0.00419551, 0.00327992, 0.00241754, 0.00229486, 0.00278074, 0.00333727, 0.00381688, 0.00210196, 0.00143854, 0.00126049, 0.0025511, 0.0031865, 0.00419569, 0.00325428, 0.00281193, 0.00255878, 0.00414939, 0.00311277, 0.0025759, 0.00125506, 0.00184868, 0.00387621, 0.00241747, 0.0041264, 0.00431991, 0.00351517, 0.00328289, 0.00232659, 0.00182751, 0.00125557, 0.00430292, 0.00234362, 0.00366915, 0.00359531, 0.00326739, 0.00432973, 0.00295989, 0.00195017, 0.00343707, 0.00311029, 0.00145407, 0.00287588, 0.00235943, 0.00361626, 0.00225221, 0.00158163, 0.00308145, 0.00425731, 0.0013421, 0.00233303, 0.00380842, 0.00377492, 0.00315109, 0.00288456, 0.00137511, 0.00405154, 0.00230905, 0.00374221, 0.00345181, 0.00397497, 0.00293857, 0.00286597, 0.00141899, 0.00393344, 0.00176959, 0.00277552, 0.00315429, 0.00359686, 0.00426208, 0.00347772, 0.00186717, 0.0020896];
GivenLatency = [145.325, 133.291, 158.049, 82.0641, 121.277, 90.5505, 230.39, 151.657, 198.186, 137.265, 465.969, 263.886, 84.9789, 220.639, 258.546, 165.263, 325.333, 208, 124.258, 115.104, 211.59, 398.021, 112.293, 344.257, 188.297, 129.55, 329.626, 121.027, 150.029, 126.232, 327.859, 228.762, 131.916, 109.727, 165.383, 311.881, 283.141, 113.385, 305.697, 243.395, 267.647, 105.206, 83.2477, 113.959, 107.741, 83.6979, 202.998, 78.8861, 179.848, 254.544, 154.638, 140.273, 282.482, 314.709, 163.424, 203.101, 76.7663, 139.57, 178.085, 176.494, 141.175, 144.294, 101.296, 176.916, 225.394, 481.196, 174.136, 134.994, 91.8318, 137.08, 133.948, 170.887, 86.7707, 132.197, 202.973, 489.452, 242.244, 92.3012, 168.675, 89.6756, 122.991, 91.6343, 102.794, 260.876, 280.797, 265.598, 126.018, 235.272, 145.566, 119.747, 124.266, 73.2299, 105.729, 277.015, 174.059, 100.958, 316.403, 149.628, 205.42, 99.6701, 171.632, 333.227, 150.179, 81.5019, 246.3, 269.502, 99.6069, 88.5712, 207.789, 125.406, 377.206, 96.7764, 193.867, 86.7927, 90.8661, 120.203, 145.819, 126.558, 321.732, 81.1148, 195.035, 196.263, 100.03, 162.101, 78.9891, 101.941, 255.188, 179.318];
HighestPossibleCritFunctionValue = 1.1;
