NumDevices = 64;
NumSlotes = 512;


GivenBandwidthOld = [0.0174849, 0.0137552, 0.00827114, 0.00797696, 0.0138258, 0.0153374, 0.0109319, 0.0173029, 0.0149999, 0.00887517, 0.0100602, 0.00751408, 0.0141564, 0.0118607, 0.00813834, 0.0161301, 0.0143657, 0.00982231, 0.00860026, 0.00962267, 0.0131805, 0.00908304, 0.0137098, 0.0163602, 0.010164, 0.0107326, 0.00859743, 0.0120441, 0.0107665, 0.00787204, 0.0103088, 0.0158044, 0.0103409, 0.0142791, 0.0134788, 0.012576, 0.00963194, 0.00903243, 0.0131348, 0.0114144, 0.0174922, 0.0170996, 0.00828143, 0.0109713, 0.0103564, 0.0156034, 0.0117939, 0.0156294, 0.0076129, 0.0149538, 0.0129165, 0.0124405, 0.013316, 0.0171216, 0.00840319, 0.0173792, 0.00767971, 0.0079418, 0.0128618, 0.0124543, 0.0141964, 0.013964, 0.0172016, 0.013039];
GivenLatency = [61.8249, 73.0533, 121.165, 149.211, 69.4596, 66.5389, 100.385, 61.3621, 64.4971, 119.248, 115.842, 133.567, 64.8516, 88.8825, 117.814, 71.7761, 67.6546, 93.5462, 138.229, 125.751, 83.3233, 125.786, 85.3962, 74.2705, 115.3, 93.5627, 114.567, 82.3176, 111.973, 153.876, 109.192, 65.6248, 112.548, 67.5045, 73.0655, 84.6396, 102.305, 104.314, 77.6391, 96.2365, 54.3188, 62.1051, 133.485, 87.5189, 91.6617, 67.827, 83.3409, 70.4185, 162.389, 71.5663, 80.6258, 88.1108, 74.505, 66.6745, 117.159, 70.1796, 132.832, 149.956, 85.9618, 78.1118, 74.2373, 80.9765, 60.5807, 95.5199];
HighestPossibleCritFunctionValue = 1.1;
