NumDevices = 64;
NumSlotes = 512;


GivenBandwidthOld = [0.00553699, 0.00761918, 0.00310724, 0.00829991, 0.00655197, 0.00400562, 0.00742523, 0.00582798, 0.00458504, 0.00827215, 0.00869663, 0.00543686, 0.00605036, 0.00460681, 0.00543886, 0.00833748, 0.00668756, 0.00786273, 0.00258372, 0.00338516, 0.00445152, 0.00802687, 0.00503375, 0.00594939, 0.00769808, 0.00406422, 0.00476981, 0.00740744, 0.00677757, 0.00806108, 0.00513028, 0.00336606, 0.00839561, 0.00255976, 0.0069624, 0.00830977, 0.00360581, 0.00654243, 0.00618993, 0.00661813, 0.0033504, 0.00771678, 0.00587243, 0.00789442, 0.00396012, 0.0052397, 0.00481044, 0.00276559, 0.00375396, 0.00274766, 0.00860823, 0.00720915, 0.00541397, 0.00251686, 0.00468064, 0.0025506, 0.00298489, 0.0083804, 0.00309841, 0.00373351, 0.00283743, 0.00491297, 0.0072061, 0.00424707];
GivenLatency = [107.405, 69.6823, 176.707, 44.0291, 57.532, 104.578, 44.6079, 94.4877, 106.877, 40.3527, 49.5833, 92.6698, 76.9852, 126.531, 72.5994, 39.467, 49.254, 58.2106, 168.99, 99.0594, 98.0715, 44.4764, 80.8071, 98.6199, 40.1391, 100.271, 70.7783, 56.6175, 73.8896, 50.8379, 84.6473, 99.5491, 38.4906, 142.247, 54.7045, 69.1616, 153.567, 89.4984, 80.9373, 64.7983, 113.166, 80.5566, 60.1803, 44.3832, 123.596, 64.8079, 111.772, 169.35, 87.9617, 176.903, 50.3018, 46.7578, 96.999, 132.323, 95.1772, 215.141, 135.664, 61.4538, 127.741, 101.252, 131.473, 66.6454, 67.5599, 135.97];
HighestPossibleCritFunctionValue = 1.1;
