NumDevices = 16;
NumSlotes = 128;


GivenBandwidthOld = [0.0553662, 0.0591475, 0.0617742, 0.0593578, 0.0470873, 0.065673, 0.0353594, 0.0547627, 0.0662238, 0.0433363, 0.0732277, 0.0573403, 0.0389738, 0.0531129, 0.0379387, 0.0557831];
GivenLatency = [26.4061, 26.9235, 25.3577, 28.8031, 31.2711, 23.9016, 39.2068, 28.2481, 22.1576, 35.9469, 21.7101, 26.7324, 43.424, 30.5971, 41.0267, 26.1761];
HighestPossibleCritFunctionValue = 1.1;
