NumDevices = 16;
NumSlotes = 128;


GivenBandwidthOld = [0.0636664, 0.0608831, 0.0317098, 0.0665226, 0.0651872, 0.0709845, 0.0560483, 0.0735935, 0.0565828, 0.0577278, 0.0507251, 0.057522, 0.0429092, 0.044962, 0.0463177, 0.0324111];
GivenLatency = [25.4823, 30.235, 60.4053, 20.4504, 26.5305, 22.1796, 28.911, 24.4284, 33.6726, 23.6962, 27.4043, 28.3558, 33.1778, 31.7708, 32.4686, 54.4572];
HighestPossibleCritFunctionValue = 1.1;
