NumDevices = 128;
NumSlotes = 1024;


GivenBandwidthOld = [0.00389458, 0.00863538, 0.00737432, 0.00767201, 0.00589957, 0.00659723, 0.0071047, 0.00621649, 0.00807901, 0.00634666, 0.00580173, 0.00719941, 0.00796096, 0.00741852, 0.00555258, 0.00471537, 0.00867907, 0.00665015, 0.00660894, 0.0039319, 0.00596188, 0.00389414, 0.00629718, 0.00425571, 0.00823178, 0.00406963, 0.00571625, 0.00549762, 0.00600821, 0.00754885, 0.00605414, 0.00437517, 0.006064, 0.0051851, 0.00853587, 0.00487745, 0.00774981, 0.00853529, 0.00520891, 0.00859709, 0.00383236, 0.00800893, 0.00860734, 0.00603276, 0.00503095, 0.00771341, 0.00683891, 0.00412116, 0.00691692, 0.00524119, 0.00615188, 0.00722302, 0.00480649, 0.00512704, 0.00769692, 0.00462121, 0.00610041, 0.00713353, 0.00579808, 0.00582702, 0.00716848, 0.00816122, 0.00817382, 0.00489523, 0.00657448, 0.00476618, 0.00760976, 0.00473791, 0.00761861, 0.00839549, 0.0055586, 0.00590766, 0.00755691, 0.00656032, 0.00687366, 0.00817078, 0.00379498, 0.00478662, 0.00627229, 0.0058224, 0.00458071, 0.00554086, 0.00780552, 0.00489464, 0.00664282, 0.00831302, 0.00445589, 0.0077205, 0.00599433, 0.00418804, 0.00594062, 0.00658196, 0.00541791, 0.00627538, 0.00773733, 0.00379463, 0.00377077, 0.00777836, 0.00845741, 0.00627706, 0.00601232, 0.00654256, 0.00834471, 0.00709522, 0.00694123, 0.00874104, 0.00809611, 0.00380869, 0.00521027, 0.00656929, 0.00749425, 0.0084188, 0.00723406, 0.00541103, 0.00560344, 0.00448226, 0.00592181, 0.00531047, 0.00554588, 0.0070441, 0.00766967, 0.00663589, 0.00690247, 0.00732207, 0.0045954, 0.00742783, 0.00704753, 0.0052541];
GivenLatency = [252.779, 113.722, 134.254, 154.424, 165.526, 188.792, 134.19, 160.724, 145.747, 151.841, 168.309, 172.166, 131.093, 152.269, 191.185, 233.904, 138.821, 150.227, 153.996, 260.238, 209.474, 273.434, 181.112, 279.196, 140.38, 261.796, 190.17, 197.018, 161.872, 166.632, 213.05, 231.18, 158.755, 241.969, 137.426, 220.279, 157.099, 147.202, 208.62, 117.52, 249.327, 137.86, 123.869, 172.065, 192.857, 124.322, 152.462, 307.679, 171.983, 229.154, 184.788, 144.957, 205.813, 202.126, 139.725, 243.744, 183.844, 146.629, 221.041, 206.809, 138.104, 134.912, 157.385, 214.723, 164.055, 215.937, 163.848, 239.926, 129.441, 151.882, 189.445, 219.246, 130.805, 174.945, 177.268, 117.133, 331.721, 253.567, 163.248, 184.013, 228.982, 212.657, 132.946, 240.377, 183.52, 146.34, 220.538, 126.831, 166.266, 272.293, 166.087, 176.93, 197.421, 175.893, 155.62, 259.332, 289.487, 144.279, 117.367, 164.111, 166.332, 179.32, 119.428, 183.017, 158.432, 138.826, 119.672, 253.395, 231.195, 197.363, 156.121, 119.334, 176.756, 217.402, 196.092, 215.181, 198.812, 240.984, 175.869, 143.547, 157.836, 162.592, 146.153, 173.434, 250.474, 137.584, 166.87, 216.204];
HighestPossibleCritFunctionValue = 1.1;
