NumDevices = 32;
NumSlotes = 256;


GivenBandwidthOld = [0.0213683, 0.0217817, 0.0195567, 0.0236611, 0.0317924, 0.0194522, 0.0188979, 0.0272754, 0.0284141, 0.0160466, 0.0309093, 0.0279648, 0.0150216, 0.0276135, 0.0349731, 0.0285794, 0.0190411, 0.0331548, 0.0172347, 0.0240957, 0.0367497, 0.0378817, 0.0382953, 0.0387173, 0.0321902, 0.0299315, 0.0195323, 0.0391768, 0.0300252, 0.0178291, 0.0394805, 0.0343701];
GivenLatency = [110.519, 76.5402, 95.1546, 100.083, 60.9162, 103.533, 112.056, 67.7851, 82.7093, 108.794, 72.9332, 74.4283, 120.287, 65.3431, 55.9322, 59.6703, 103.497, 63.7903, 105.652, 77.7969, 47.3993, 44.8436, 50.1691, 64.0322, 60.0002, 66.5284, 122.324, 43.4348, 60.3572, 95.8108, 54.3448, 50.6286];
HighestPossibleCritFunctionValue = 1.1;
