NumDevices = 32;
NumSlotes = 256;


GivenBandwidthOld = [0.0116946, 0.00923986, 0.0142457, 0.00997262, 0.0173402, 0.00717185, 0.00719483, 0.00609129, 0.00888349, 0.0123061, 0.0113343, 0.0158893, 0.00927344, 0.016225, 0.014048, 0.0123302, 0.016265, 0.0106829, 0.00582995, 0.0165294, 0.0171555, 0.0143854, 0.00810058, 0.0164568, 0.00937805, 0.011813, 0.0116058, 0.0158993, 0.0151586, 0.0148907, 0.0131156, 0.0157836];
GivenLatency = [47.8326, 37.796, 26.4471, 48.1445, 26.0415, 52.3737, 80.9032, 66.3538, 44.8673, 37.9401, 49.8315, 36.9863, 44.5044, 19.0813, 25.2106, 40.5221, 28.8623, 40.2687, 53.8284, 37.0583, 22.4616, 25.6565, 42.1072, 35.768, 32.9819, 44.5028, 32.8413, 27.0311, 23.9557, 33.1266, 26.5436, 23.9269];
HighestPossibleCritFunctionValue = 1.1;
