NumDevices = 32;
NumSlotes = 256;


GivenBandwidthOld = [0.0334245, 0.0262823, 0.036574, 0.034705, 0.0218151, 0.0321576, 0.0320231, 0.02206, 0.0217806, 0.0265895, 0.0240724, 0.0197641, 0.0348781, 0.0318318, 0.0321974, 0.0269126, 0.0293445, 0.028168, 0.0301163, 0.0247147, 0.0154627, 0.0170539, 0.035521, 0.035829, 0.0371784, 0.017815, 0.0261772, 0.0198549, 0.036486, 0.0303066, 0.0224322, 0.0287867];
GivenLatency = [58.7924, 75.4359, 52.0924, 56.3428, 95.9481, 71.5107, 72.8352, 100.039, 108.524, 65.0468, 83.3298, 86.6868, 69.5254, 56.2171, 67.9364, 86.1927, 78.1868, 61.5456, 59.4633, 78.2557, 113.137, 129.909, 62.2835, 64.828, 51.8611, 136.087, 78.1433, 103.998, 59.2451, 81.9162, 85.8413, 65.668];
HighestPossibleCritFunctionValue = 1.1;
