NumDevices = 64;
NumSlotes = 512;


GivenBandwidthOld = [0.00490256, 0.00737969, 0.00294331, 0.00313246, 0.00728476, 0.00738884, 0.00672461, 0.00557391, 0.00321123, 0.00616227, 0.00426843, 0.00574597, 0.00750581, 0.00384211, 0.00300876, 0.00329492, 0.00651416, 0.00606391, 0.00746519, 0.00251619, 0.00586386, 0.00762528, 0.0056066, 0.00263933, 0.0066625, 0.00535556, 0.00845447, 0.00426109, 0.00734007, 0.00584503, 0.00370693, 0.00617798, 0.00572418, 0.00377511, 0.00831962, 0.00656704, 0.00726257, 0.00333165, 0.00499875, 0.00522995, 0.00347303, 0.00617016, 0.00554899, 0.00316972, 0.00844106, 0.00387858, 0.00349202, 0.00656232, 0.00298845, 0.00559966, 0.00465717, 0.00806212, 0.00376876, 0.00780742, 0.00438287, 0.00407318, 0.0054711, 0.00647447, 0.00770203, 0.00794166, 0.00420761, 0.00851884, 0.00482551, 0.00602318];
GivenLatency = [103.299, 48.7315, 210.632, 103.324, 44.5056, 51.7595, 54.0261, 77.6947, 97.1869, 90.3099, 79.4755, 90.9253, 41.4253, 128.606, 174.147, 145.256, 58.9048, 52.6716, 57.9263, 185.232, 56.9549, 69.6191, 99.1784, 153.512, 55.4367, 92.2007, 46.8368, 75.784, 57.4814, 105.192, 140.062, 65.1613, 71.1309, 171.49, 75.9736, 79.7808, 45.1914, 118.006, 99.5614, 63.8443, 106.404, 94.1761, 63.9147, 127.124, 64.6427, 112.543, 96.4937, 77.7149, 146.136, 60.9389, 103.251, 39.2172, 85.4894, 71.2582, 111.801, 80.292, 70.7893, 53.0221, 82.6646, 41.7036, 87.4912, 39.1215, 67.5841, 66.4208];
HighestPossibleCritFunctionValue = 1.1;
