NumDevices = 64;
NumSlotes = 512;


GivenBandwidthOld = [0.01002, 0.0113595, 0.0117282, 0.00896781, 0.0144478, 0.0161547, 0.0166014, 0.0128432, 0.0102194, 0.0132271, 0.0120677, 0.0149058, 0.0139022, 0.00847492, 0.0179861, 0.00918169, 0.0090931, 0.00780704, 0.0179915, 0.0129818, 0.0144682, 0.0103142, 0.0178355, 0.0157432, 0.0141482, 0.0186935, 0.012463, 0.00882481, 0.0110644, 0.0138789, 0.0180347, 0.013763, 0.0189342, 0.0187749, 0.0165801, 0.0161328, 0.011165, 0.0182319, 0.0155703, 0.019765, 0.00809562, 0.0180544, 0.00858683, 0.0113596, 0.0136363, 0.0153806, 0.0185253, 0.0100568, 0.0177539, 0.0075928, 0.0171969, 0.00794502, 0.0120315, 0.0180338, 0.0117086, 0.0171864, 0.0198374, 0.0128622, 0.0180397, 0.0112142, 0.0192113, 0.0147996, 0.0162039, 0.0189517];
GivenLatency = [269.009, 237.177, 193.851, 349.198, 226.628, 177.506, 135.283, 203.901, 261.544, 199.817, 196.442, 159.02, 183.761, 322.59, 130.777, 265.101, 278.952, 424.562, 165.362, 213.106, 197.474, 217.662, 165.439, 203.329, 224.349, 124.261, 240.535, 323.495, 222.26, 171.328, 178.006, 191.987, 121.865, 138.817, 192.281, 138.419, 207.456, 167.324, 200.855, 119.16, 401.659, 173.304, 347.882, 202.865, 203.7, 163.556, 123.304, 222.506, 173.659, 297.866, 169.627, 296.413, 274.901, 127.126, 203.15, 129.739, 124.133, 201.137, 167.795, 285.701, 116.081, 177.622, 146.049, 135.206];
HighestPossibleCritFunctionValue = 1.1;
