NumDevices = 16;
NumSlotes = 128;


GivenBandwidthOld = [0.0516475, 0.0593408, 0.0602579, 0.0741215, 0.0303457, 0.0402128, 0.0764632, 0.0362206, 0.0303836, 0.0764454, 0.0370667, 0.0497002, 0.0319506, 0.0632216, 0.0347325, 0.0688562];
GivenLatency = [36.2354, 25.6059, 28.878, 18.5044, 62.3295, 40.9545, 25.8788, 43.6247, 58.8134, 21.7409, 47.6699, 37.3966, 42.2906, 21.738, 42.2342, 28.7943];
HighestPossibleCritFunctionValue = 1.1;
