NumDevices = 16;
NumSlotes = 128;


GivenBandwidthOld = [0.070093, 0.0731793, 0.0441704, 0.0417866, 0.0778499, 0.0429867, 0.0472186, 0.0726923, 0.0588095, 0.0310702, 0.0673284, 0.058837, 0.0430099, 0.0379669, 0.0795716, 0.0790715];
GivenLatency = [19.6777, 19.9336, 33.0561, 41.041, 18.547, 34.9504, 41.7339, 24.8421, 29.2602, 54.3407, 28.6816, 27.0665, 44.6575, 41.3279, 23.0065, 21.6306];
HighestPossibleCritFunctionValue = 1.1;
