NumDevices = 64;
NumSlotes = 512;


GivenBandwidthOld = [0.0121376, 0.0110964, 0.0115426, 0.0108981, 0.00934736, 0.016114, 0.0135582, 0.00848463, 0.016134, 0.00986336, 0.00852524, 0.00864486, 0.00919271, 0.0169476, 0.01348, 0.0125758, 0.0165573, 0.013097, 0.0160279, 0.0161236, 0.0145554, 0.0167937, 0.0163335, 0.0121787, 0.0119704, 0.0121523, 0.00916777, 0.00771343, 0.014567, 0.0129544, 0.00997855, 0.0144226, 0.015569, 0.0128122, 0.00973063, 0.0077378, 0.0141398, 0.012414, 0.0174978, 0.011173, 0.0090718, 0.0147244, 0.00787466, 0.0144355, 0.0121616, 0.0142685, 0.0154529, 0.0117167, 0.00826034, 0.0165871, 0.0140791, 0.0121302, 0.0169003, 0.00890554, 0.0104886, 0.0170959, 0.0154449, 0.00774714, 0.0112335, 0.0162512, 0.00954285, 0.011735, 0.0148573, 0.0123377];
GivenLatency = [81.9446, 98.2002, 86.637, 85.5996, 98.0236, 62.132, 74.497, 132.716, 60.0056, 98.6156, 139.056, 133.711, 99, 70.9611, 74.0675, 73.5571, 63.6948, 80.2946, 59.1567, 59.0342, 62.8828, 70.0714, 63.0565, 89.3555, 90.5339, 94.0149, 132.933, 153.79, 68.1468, 73.197, 99.6716, 82.983, 78.4429, 92.3963, 113.911, 139.955, 71.2038, 75.5049, 70.5912, 103.208, 106.177, 64.6822, 145.728, 65.6584, 87.0557, 67.5162, 62.004, 100.738, 120.994, 65.7394, 66.4366, 77.8607, 55.0225, 139.471, 106.509, 58.5004, 76.4455, 123.544, 103.134, 61.3835, 98.8198, 88.1145, 75.2205, 81.905];
HighestPossibleCritFunctionValue = 1.1;
