NumDevices = 64;
NumSlotes = 512;


GivenBandwidthOld = [0.0164673, 0.00769884, 0.0119005, 0.0161779, 0.01867, 0.0170451, 0.0199242, 0.00888685, 0.0163436, 0.0176851, 0.0136247, 0.00865345, 0.0185927, 0.0183309, 0.0166968, 0.0164024, 0.0168328, 0.0136164, 0.0178671, 0.010639, 0.0139264, 0.0163356, 0.0197391, 0.0104807, 0.0165406, 0.015649, 0.0178921, 0.0171455, 0.00772047, 0.0129542, 0.013772, 0.00878382, 0.00966641, 0.018403, 0.0163308, 0.0147619, 0.00904477, 0.00797844, 0.0111165, 0.0152909, 0.0119054, 0.0117277, 0.0118416, 0.0137568, 0.0154985, 0.0134054, 0.00996034, 0.00839424, 0.0120252, 0.0129376, 0.00980901, 0.0150075, 0.0105072, 0.0113338, 0.0175801, 0.0112615, 0.0138325, 0.0124962, 0.0160181, 0.00839166, 0.0186491, 0.0160544, 0.0184318, 0.0133813];
GivenLatency = [146.059, 375.376, 188.221, 161.774, 152.014, 154.916, 111.671, 346.881, 189.467, 127.194, 172.233, 267.503, 124.793, 177.041, 152.898, 146.803, 144.14, 196.438, 171.433, 249.867, 208.83, 187.672, 162.388, 237.808, 166.933, 180.23, 127.591, 165.246, 377.15, 206.973, 215.509, 280.713, 278.82, 126.326, 137.929, 191.879, 316.997, 365.266, 209.604, 179.457, 235.499, 208.306, 223.555, 178.281, 192.233, 244.621, 274.415, 290.624, 188.205, 172.159, 269.962, 158.598, 269.484, 256.413, 172.89, 240.214, 190.426, 201.029, 146.389, 301.937, 136.469, 157.614, 157.164, 217.836];
HighestPossibleCritFunctionValue = 1.1;
