NumDevices = 16;
NumSlotes = 128;


GivenBandwidthOld = [0.0305255, 0.0623489, 0.0671253, 0.0446151, 0.0656605, 0.0763609, 0.067053, 0.0794578, 0.0667534, 0.0438129, 0.033645, 0.0407246, 0.0781677, 0.0349987, 0.0428127, 0.0739206];
GivenLatency = [53.2562, 21.8679, 21.3566, 35.8798, 29.9886, 25.5143, 28.7231, 24.8243, 20.4459, 40.2733, 46.7122, 48.9567, 20.5115, 38.2542, 38.89, 22.3341];
HighestPossibleCritFunctionValue = 1.1;
