NumDevices = 128;
NumSlotes = 1024;


GivenBandwidthOld = [0.00428343, 0.00404092, 0.00830593, 0.00527817, 0.00777093, 0.00849546, 0.0056944, 0.00828797, 0.00849592, 0.00840991, 0.00784335, 0.00566872, 0.00676271, 0.00843284, 0.00829818, 0.00499194, 0.007031, 0.00747043, 0.00796301, 0.00680156, 0.00630958, 0.00768499, 0.00419814, 0.00566057, 0.00467509, 0.00675119, 0.00480197, 0.00424315, 0.00716842, 0.0070876, 0.00382004, 0.00595713, 0.00394938, 0.00475655, 0.00578858, 0.00615746, 0.00595675, 0.00751454, 0.00438714, 0.00709267, 0.00401899, 0.00473414, 0.00427154, 0.00430368, 0.00452246, 0.00651412, 0.0052351, 0.00386343, 0.00516257, 0.00481489, 0.00632484, 0.00407877, 0.00436447, 0.00613898, 0.00536619, 0.00697679, 0.00639108, 0.00739627, 0.00661488, 0.00377043, 0.00709082, 0.0079737, 0.00655534, 0.0080817, 0.00659963, 0.00741962, 0.00406695, 0.00576851, 0.00385347, 0.00774824, 0.00709645, 0.00754145, 0.00658779, 0.00842295, 0.00704669, 0.00615806, 0.00608638, 0.00621605, 0.00557763, 0.00566517, 0.00699054, 0.00751421, 0.00388308, 0.0055124, 0.00446405, 0.00485587, 0.00505649, 0.00687672, 0.00445522, 0.00632468, 0.00645177, 0.0073905, 0.00465653, 0.0048629, 0.00832588, 0.0055506, 0.00640039, 0.00388401, 0.00613885, 0.00807337, 0.00666637, 0.00425589, 0.00625362, 0.00712501, 0.0074872, 0.00490006, 0.00776625, 0.00488028, 0.0054509, 0.005831, 0.00419926, 0.00445916, 0.00752301, 0.00673287, 0.0067796, 0.00717289, 0.00728081, 0.00613874, 0.00632105, 0.00535561, 0.00422425, 0.00448908, 0.00554055, 0.00752538, 0.00661049, 0.00495614, 0.00541502, 0.0077115];
GivenLatency = [283.293, 261.894, 131.751, 201.053, 137.826, 124.33, 186.375, 115.484, 146.22, 138.382, 149.333, 199.199, 149.87, 133.944, 136.556, 207.287, 181.191, 133.099, 145.095, 144.719, 176.448, 153.102, 228.66, 219.559, 210.189, 174.215, 234.153, 299.178, 145.904, 158.284, 338.555, 205.18, 263.711, 260.943, 178.852, 197.986, 200.576, 163.554, 221.453, 135.901, 261.421, 260.857, 250.742, 251.002, 250.642, 183.741, 191.366, 274.62, 243.185, 200.966, 158.772, 302.572, 246.23, 184.42, 214.982, 137.858, 189.118, 132.039, 191.317, 324.872, 156.017, 129.86, 152.049, 129.758, 186.89, 130.77, 267.418, 200.759, 300.693, 164.805, 155.561, 136.801, 150.638, 138.231, 140.524, 193.281, 166.548, 199.998, 200.609, 212.651, 171.3, 136.126, 312.53, 185.153, 221.332, 227.734, 227.326, 160.501, 289.459, 197.144, 185.152, 148.274, 207.434, 237.516, 125.425, 228.1, 177.463, 302.004, 176.259, 145.387, 155.887, 246.963, 176.566, 147.851, 137.137, 203.98, 161.574, 265.478, 207.871, 177.175, 229.128, 220.023, 171.386, 157.511, 159.608, 145.461, 163.309, 187.985, 160.334, 221.087, 286.003, 261.144, 190.356, 169.806, 193.593, 205.561, 196.694, 127.793];
HighestPossibleCritFunctionValue = 1.1;
