NumDevices = 16;
NumSlotes = 128;


GivenBandwidthOld = [0.0651802, 0.063628, 0.0555997, 0.0442312, 0.0532681, 0.0576751, 0.0455366, 0.0330315, 0.0596911, 0.0485635, 0.0669962, 0.0649241, 0.0395832, 0.0549738, 0.0452716, 0.059262];
GivenLatency = [14.407, 13.1731, 15.539, 19.9901, 17.1754, 19.1536, 24.3979, 23.8004, 14.8583, 19.0174, 12.6275, 13.8239, 26.4652, 17.1157, 22.1891, 18.6588];
HighestPossibleCritFunctionValue = 1.1;
