NumDevices = 32;
NumSlotes = 256;


GivenBandwidthOld = [0.0298385, 0.030308, 0.0207656, 0.0172599, 0.0214271, 0.0360846, 0.0345313, 0.0283705, 0.0323621, 0.0196523, 0.0309146, 0.0166744, 0.0313888, 0.037259, 0.0216235, 0.0353853, 0.0307303, 0.0197662, 0.020141, 0.020067, 0.0253174, 0.0188795, 0.0170478, 0.0316259, 0.0216914, 0.0265263, 0.0373137, 0.0161005, 0.0366564, 0.0192058, 0.0261901, 0.0376448];
GivenLatency = [63.8668, 56.0897, 99.1556, 143.016, 84.3522, 61.2957, 61.0536, 62.4795, 61.0971, 105.8, 60.7393, 122.886, 61.0758, 54.45, 114.732, 52.9818, 54.6986, 89.629, 85.1581, 116.785, 82.9951, 106.057, 139.81, 58.1161, 92.3552, 89.2274, 49.8452, 131.324, 55.5968, 105.77, 87.5796, 45.0496];
HighestPossibleCritFunctionValue = 1.1;
