NumDevices = 16;
NumSlotes = 128;


GivenBandwidthOld = [0.0219152, 0.0190568, 0.0268401, 0.0172121, 0.0243847, 0.0230092, 0.0313594, 0.0225895, 0.026928, 0.0195274, 0.0116968, 0.0281334, 0.0285739, 0.0322825, 0.0116383, 0.0200898];
GivenLatency = [24.3405, 25.5396, 13.1594, 31.4902, 17.8542, 15.5217, 17.1385, 16.0702, 14.6995, 31.7373, 45.0716, 15.6007, 19.3099, 11.4193, 33.4114, 17.6545];
HighestPossibleCritFunctionValue = 1.1;
