NumDevices = 16;
NumSlotes = 128;


GivenBandwidthOld = [0.0239007, 0.0135536, 0.0101669, 0.0146553, 0.0272976, 0.0315802, 0.033681, 0.0173689, 0.0333248, 0.0295532, 0.0162775, 0.0162067, 0.0257815, 0.0244386, 0.0302694, 0.0271432];
GivenLatency = [25.1967, 24.5403, 56.3596, 24.7357, 12.413, 11.2947, 11.5651, 17.8811, 12.0194, 11.9327, 21.6232, 24.8095, 15.3278, 17.6214, 18.3588, 19.3029];
HighestPossibleCritFunctionValue = 1.1;
