NumDevices = 32;
NumSlotes = 256;


GivenBandwidthOld = [0.036408, 0.0187804, 0.0277015, 0.0384447, 0.0255997, 0.0398516, 0.0209263, 0.018287, 0.0350258, 0.0381542, 0.0176806, 0.0180255, 0.0389966, 0.0261467, 0.0323625, 0.027101, 0.0220045, 0.0390398, 0.0266519, 0.0234772, 0.016029, 0.0350988, 0.0152246, 0.0151204, 0.0391047, 0.0181692, 0.0298495, 0.0151476, 0.0210539, 0.0387371, 0.0388504, 0.0179526];
GivenLatency = [46.357, 99.4212, 70.7761, 45.4859, 67.7055, 55.8472, 102.061, 108.725, 54.7594, 61.5545, 114.899, 117.732, 47.5306, 69.9248, 64.1567, 61.6994, 86.1744, 61.6485, 75.4916, 105.702, 121.726, 57.9027, 135.834, 127.545, 49.0915, 97.7589, 63.5408, 117.499, 105.579, 62.8378, 56.0473, 127.703];
HighestPossibleCritFunctionValue = 1.1;
