NumDevices = 64;
NumSlotes = 512;


GivenBandwidthOld = [0.017213, 0.014207, 0.0120974, 0.0153901, 0.0164277, 0.0159671, 0.013283, 0.0118778, 0.0158235, 0.0113387, 0.0148214, 0.00776411, 0.0164583, 0.00992535, 0.0103534, 0.0138348, 0.016679, 0.00844095, 0.0121043, 0.0114745, 0.0167242, 0.00924035, 0.00760522, 0.0159437, 0.011386, 0.00919738, 0.0153684, 0.0113248, 0.0107966, 0.0129847, 0.00810956, 0.0124021, 0.0164712, 0.0165389, 0.0143309, 0.0145793, 0.00984027, 0.0103777, 0.0130879, 0.0141353, 0.0170389, 0.00758325, 0.0167633, 0.0163433, 0.0160823, 0.00946787, 0.0115003, 0.0103826, 0.0149276, 0.0129475, 0.0138886, 0.0107343, 0.0158159, 0.0128484, 0.0174, 0.0167143, 0.0128794, 0.00987307, 0.0116367, 0.0132028, 0.013726, 0.00818256, 0.00932201, 0.010097];
GivenLatency = [54.9016, 66.8044, 78.7294, 67.0521, 59.566, 63.622, 87.6241, 100.1, 71.3903, 81.5081, 66.424, 159.854, 61.6849, 114.854, 118.978, 82.7505, 55.5561, 130.834, 87.3477, 91.2691, 70.1178, 108.551, 138.787, 63.6629, 96.1332, 124.846, 70.5476, 85.694, 94.6272, 81.328, 114.734, 74.5514, 57.5594, 72.9396, 85.0105, 84.3656, 92.5584, 105.536, 74.5098, 72.8406, 57.0138, 162.493, 61.2794, 61.1491, 62.1887, 127.544, 82.3539, 109.994, 69.892, 80.1743, 71.7033, 94.7692, 75.5075, 84.2429, 59.2083, 72.5918, 74.7064, 93.9521, 87.4178, 83.3171, 67.1575, 111.678, 105.121, 108.512];
HighestPossibleCritFunctionValue = 1.1;
