NumDevices = 32;
NumSlotes = 256;


GivenBandwidthOld = [0.0224172, 0.0161324, 0.0265408, 0.0220141, 0.0206576, 0.0222229, 0.0307347, 0.0288863, 0.0223136, 0.0343851, 0.021204, 0.0256312, 0.0342542, 0.0207217, 0.0191187, 0.017292, 0.0171397, 0.017453, 0.0231701, 0.0305289, 0.0286101, 0.0195345, 0.0257046, 0.0273976, 0.0218813, 0.0284818, 0.0229142, 0.0295719, 0.0249031, 0.0170987, 0.0275215, 0.0236562];
GivenLatency = [47.7535, 59.9844, 38.5767, 52.8291, 50.2412, 48.661, 29.0442, 29.4094, 44.761, 26.2771, 47.5842, 33.9447, 27.4871, 54.5439, 50.1516, 51.4672, 53.6603, 59.5411, 37.7619, 34.5877, 30.9913, 58.5826, 36.4353, 31.0149, 40.398, 31.0631, 45.0019, 29.7042, 33.705, 64.1283, 34.8547, 38.0733];
HighestPossibleCritFunctionValue = 1.1;
