NumDevices = 128;
NumSlotes = 1024;


GivenBandwidthOld = [0.00369544, 0.00174156, 0.00357514, 0.00177784, 0.00386721, 0.00126807, 0.00182388, 0.00276822, 0.00242298, 0.00307642, 0.00414191, 0.00242431, 0.00354421, 0.00382767, 0.00220691, 0.00286567, 0.00273172, 0.00144479, 0.00315208, 0.0039648, 0.00381757, 0.00131916, 0.00429095, 0.00417108, 0.00210454, 0.00420119, 0.00194801, 0.00143242, 0.00150488, 0.00380217, 0.00190171, 0.0014762, 0.00292599, 0.00395445, 0.00189288, 0.00300398, 0.00225129, 0.00185709, 0.00148628, 0.00373535, 0.00384602, 0.00134397, 0.00242649, 0.00270532, 0.00148578, 0.00144021, 0.0042952, 0.00388173, 0.0014548, 0.00266685, 0.00170093, 0.00184204, 0.00159345, 0.00171942, 0.00327911, 0.00139387, 0.00367961, 0.00136918, 0.00435868, 0.0020094, 0.00196396, 0.00385589, 0.00161217, 0.00383543, 0.00141329, 0.00198712, 0.00249146, 0.00398005, 0.00387324, 0.00257384, 0.00416744, 0.00348331, 0.00220296, 0.00210726, 0.00299636, 0.00230933, 0.00225842, 0.00289268, 0.00351865, 0.00237734, 0.00165876, 0.00244497, 0.00381068, 0.00426426, 0.00254107, 0.00341109, 0.00396516, 0.00371132, 0.00305497, 0.0029414, 0.0036412, 0.00271571, 0.00415596, 0.00414077, 0.00197806, 0.00342907, 0.00294232, 0.00342943, 0.00282462, 0.00341622, 0.00265229, 0.00398553, 0.00221637, 0.00246248, 0.00435638, 0.00391848, 0.00343457, 0.00169526, 0.0034655, 0.00277224, 0.00429391, 0.00403337, 0.00319892, 0.00355923, 0.00310413, 0.00417492, 0.00416593, 0.00299237, 0.00394193, 0.00383381, 0.00228433, 0.00403402, 0.00168785, 0.0039094, 0.00395322, 0.00302531, 0.00139929, 0.00403315];
GivenLatency = [120.596, 194.344, 135.962, 193.977, 157.091, 389.068, 333.532, 208.102, 140.675, 104.05, 80.0951, 151.281, 126.544, 100.658, 227.511, 151.937, 146.741, 270.285, 164.822, 88.2259, 107.728, 347.622, 87.6745, 79.7361, 185.158, 78.4463, 312.741, 236.447, 290.58, 121.023, 189.737, 301.575, 127.235, 86.382, 237.835, 132.749, 146.965, 243.867, 263.391, 92.9194, 85.3553, 365.337, 149.457, 167.345, 302.51, 246.855, 139.689, 107.095, 271.126, 117.556, 241.003, 256.309, 364.703, 245.132, 164.932, 315.955, 99.9811, 241.04, 80.8164, 277.102, 192.499, 112.925, 357.888, 101.073, 322.822, 159.677, 247.685, 124.15, 159.831, 131.536, 106.867, 110.129, 217.327, 206.156, 186.003, 154.574, 179.837, 150.468, 139.572, 195.345, 219.233, 143.948, 93.9038, 74.9296, 144.095, 95.7154, 84.5422, 86.1613, 104.491, 143.468, 132.285, 220.248, 107.068, 102.515, 264.52, 132.707, 107.661, 157.25, 128.977, 164.078, 166.172, 111.083, 183.774, 240.269, 103.098, 163.211, 124.383, 238.729, 164.504, 206.817, 103.734, 97.4195, 171.931, 145.594, 173.933, 76.7843, 125.22, 171.095, 83.7288, 113.359, 251.997, 92.2989, 283.91, 100.151, 152.108, 116.219, 410.475, 128.494];
HighestPossibleCritFunctionValue = 1.1;
