NumDevices = 128;
NumSlotes = 1024;


GivenBandwidthOld = [0.00635078, 0.00509343, 0.00779127, 0.00535366, 0.00639952, 0.00422108, 0.00614663, 0.00383408, 0.00688471, 0.00385358, 0.00464926, 0.00762519, 0.00407421, 0.00770483, 0.00758492, 0.00723305, 0.00829534, 0.0073261, 0.00731302, 0.00748205, 0.00831979, 0.00822732, 0.00399678, 0.00644873, 0.00634356, 0.00864101, 0.00704126, 0.00494592, 0.00853828, 0.00543471, 0.00866788, 0.0085436, 0.00481705, 0.0076811, 0.00380061, 0.00432595, 0.00382256, 0.00831633, 0.00512779, 0.00533424, 0.0050031, 0.00457021, 0.00408805, 0.005384, 0.00641477, 0.00558073, 0.0078082, 0.00487329, 0.00786123, 0.00621402, 0.00657632, 0.00566378, 0.0086705, 0.00765533, 0.00559467, 0.00718056, 0.00624592, 0.00764234, 0.00738967, 0.00565148, 0.00693716, 0.00526997, 0.00489902, 0.00541206, 0.00798886, 0.00620947, 0.00502848, 0.00612702, 0.00435939, 0.00579102, 0.00710968, 0.00492929, 0.00414543, 0.00477419, 0.00727532, 0.00376258, 0.00515773, 0.0083947, 0.00728038, 0.0038963, 0.00756728, 0.0057465, 0.00397867, 0.00701526, 0.00789911, 0.00790798, 0.00699014, 0.00585515, 0.00495604, 0.00872401, 0.00699931, 0.00485191, 0.0086328, 0.00396501, 0.00741087, 0.00697778, 0.00800126, 0.00464787, 0.00423636, 0.00799816, 0.00764564, 0.00771842, 0.00599089, 0.00643057, 0.00613711, 0.00386693, 0.00394858, 0.00631452, 0.00569131, 0.00634843, 0.00559566, 0.00380127, 0.00541584, 0.00655298, 0.00850183, 0.00777823, 0.00618198, 0.00798053, 0.00632094, 0.00860321, 0.00659811, 0.00690139, 0.00418951, 0.00561325, 0.00445908, 0.00619613, 0.00581626, 0.00645327];
GivenLatency = [159.494, 207.164, 166.103, 216.918, 178.51, 259.353, 174.428, 280.599, 165.484, 314.255, 206.492, 141.678, 252.756, 128.407, 140.781, 144.98, 149.548, 151.389, 148.343, 142.694, 122.974, 142.42, 301.088, 149.532, 182.875, 146.691, 158.942, 241.262, 147.267, 185.253, 130.178, 138.119, 259.035, 125.687, 256.143, 227.761, 314.581, 141.269, 187.156, 208.742, 236.083, 209.908, 246.051, 201.533, 170.124, 189.36, 150.484, 233.043, 151.391, 162.645, 161.401, 169.549, 148.219, 130.759, 201.845, 171.144, 154.92, 147.249, 133.451, 201.447, 143.118, 243.426, 248.853, 210.932, 134.536, 162.791, 204.626, 186.848, 254.324, 168.265, 171.142, 230.197, 247.096, 214.962, 153.339, 300.613, 209.202, 130.24, 175.717, 282.748, 160.444, 174.651, 277.167, 152.681, 141.657, 151.494, 152.024, 177.586, 222.417, 124.121, 183.013, 198.273, 120.902, 286.159, 135.798, 174.518, 135.318, 207.035, 273.054, 134.906, 133.462, 134.807, 186.704, 184.123, 167.589, 258.547, 249.291, 185.599, 168.979, 169.694, 218.712, 322.764, 208.451, 179.305, 122.844, 161.17, 201.811, 140.818, 199.071, 132.388, 186.61, 182.816, 294.543, 182.295, 213.891, 195.29, 189.69, 171.811];
HighestPossibleCritFunctionValue = 1.1;
