NumDevices = 16;
NumSlotes = 128;


GivenBandwidthOld = [0.0200802, 0.0286314, 0.022619, 0.0217328, 0.0285112, 0.0269707, 0.0122277, 0.0267522, 0.0146539, 0.0278242, 0.0313398, 0.0180583, 0.0204738, 0.018535, 0.0332296, 0.0304104];
GivenLatency = [20.4464, 11.2373, 20.6778, 17.4901, 21.1046, 18.5794, 34.0792, 23.4848, 24.1232, 20.8884, 10.7447, 29.4954, 25.7593, 21.3226, 10.0245, 15.0419];
HighestPossibleCritFunctionValue = 1.1;
