NumDevices = 64;
NumSlotes = 512;


GivenBandwidthOld = [0.014583, 0.01422, 0.0134361, 0.0138493, 0.0196555, 0.0173271, 0.0092645, 0.0134322, 0.00944487, 0.019864, 0.00911486, 0.0109799, 0.018586, 0.0176816, 0.0173459, 0.0121821, 0.0112161, 0.0145794, 0.0166158, 0.0160403, 0.0197113, 0.0185042, 0.0181144, 0.0156643, 0.011805, 0.0110929, 0.0187649, 0.0113982, 0.0127816, 0.0126807, 0.017726, 0.0134765, 0.0171951, 0.0160201, 0.0177652, 0.00925888, 0.0190745, 0.0155443, 0.00874761, 0.0136306, 0.0193779, 0.014526, 0.0176468, 0.019745, 0.00997713, 0.0156528, 0.0197199, 0.013053, 0.0112156, 0.0178823, 0.014984, 0.0164459, 0.0120088, 0.0120852, 0.00822655, 0.0186835, 0.0189329, 0.0109216, 0.0144082, 0.0139319, 0.00813195, 0.0162543, 0.0153103, 0.0130361];
GivenLatency = [175.758, 181.313, 236.348, 195.002, 114.837, 130.331, 323.62, 189.559, 256.255, 123.372, 334.969, 278.994, 120.825, 138.582, 145.174, 231.659, 234.457, 217.772, 169.661, 190.168, 140.651, 131.021, 153.634, 171.06, 209.508, 226.443, 174.569, 211.535, 203.601, 246.119, 164.983, 224.882, 154.191, 161.526, 171.334, 260.739, 143.544, 186.303, 284.19, 203.869, 165.436, 204.145, 138.855, 124.855, 304.399, 172.141, 138.493, 187.618, 227.72, 128.488, 169.251, 168.333, 229.047, 217.429, 386.364, 177.294, 129.27, 231.233, 207.507, 222.259, 393.969, 150.311, 156.4, 187.949];
HighestPossibleCritFunctionValue = 1.1;
