NumDevices = 128;
NumSlotes = 1024;


GivenBandwidthOld = [0.00639772, 0.00400096, 0.00915451, 0.00614138, 0.00820731, 0.00531442, 0.00941391, 0.00955771, 0.00766567, 0.00815705, 0.00421196, 0.00549119, 0.00546955, 0.00421585, 0.0083312, 0.00625142, 0.00761926, 0.00943759, 0.0075864, 0.00717816, 0.00832498, 0.00794812, 0.00533157, 0.00390532, 0.00799246, 0.00679705, 0.00929041, 0.00892162, 0.00444955, 0.00479451, 0.00878447, 0.00554677, 0.00828796, 0.00457284, 0.00820172, 0.00513165, 0.00637106, 0.00586526, 0.00490044, 0.00790649, 0.00564873, 0.00939098, 0.00548703, 0.00431457, 0.00490849, 0.00576096, 0.00812277, 0.00939408, 0.00759079, 0.00595646, 0.00650581, 0.00806486, 0.00477707, 0.00946609, 0.00535907, 0.00985159, 0.00935405, 0.0097186, 0.00547663, 0.00448502, 0.00723961, 0.00988097, 0.00943454, 0.00639197, 0.00733302, 0.00487104, 0.00755642, 0.00957066, 0.00665377, 0.00747053, 0.00974622, 0.00719332, 0.00689873, 0.00564762, 0.00946531, 0.00469008, 0.00986448, 0.00728119, 0.00869068, 0.00426439, 0.00542864, 0.00416017, 0.00990803, 0.00808287, 0.00748245, 0.00995922, 0.00590893, 0.00766032, 0.00577496, 0.0060177, 0.00450084, 0.00442978, 0.00388841, 0.00495033, 0.00897442, 0.00429967, 0.00462795, 0.00949748, 0.00787856, 0.00501091, 0.00835009, 0.00502999, 0.00400525, 0.00619023, 0.00411157, 0.00557653, 0.00844148, 0.00976947, 0.00429298, 0.00469238, 0.00474857, 0.00541858, 0.00380316, 0.00977562, 0.0076194, 0.00553756, 0.00970152, 0.00587121, 0.00501022, 0.00922075, 0.00681425, 0.0046394, 0.00810951, 0.00528411, 0.00626608, 0.00396416, 0.00945797, 0.00627674];
GivenLatency = [574.896, 928.677, 422.941, 653.839, 478.088, 826.834, 400.226, 475.661, 615.711, 537.475, 1017.27, 742.605, 611.42, 1046.03, 434.871, 578.98, 571.088, 417.756, 618.051, 657.205, 439.825, 496.065, 855.267, 1198.42, 458.304, 614.463, 431.057, 510.156, 760.005, 961.792, 499.426, 806.168, 418.263, 904.453, 456.111, 718.653, 584.411, 593.353, 768.873, 459.149, 870.438, 451.387, 641.104, 901.233, 961.997, 746.26, 471.735, 365.952, 633.536, 603.724, 683.411, 533.088, 801.066, 376.255, 721.318, 408.712, 445.719, 396.377, 800.476, 761.834, 504.547, 453.212, 361.942, 568.69, 459.055, 744.866, 573.559, 358.033, 609.96, 531.641, 409.499, 548.718, 564.965, 847.792, 459.128, 948.611, 399.593, 650.45, 479.383, 893.222, 645.218, 944.238, 380.199, 575.842, 540.368, 355.255, 723.115, 522.801, 599.62, 779.413, 819.905, 1046.35, 1202.91, 834.258, 469.953, 1121.64, 746.345, 369.974, 578.416, 993.555, 500.489, 795.225, 886.746, 571.421, 913.516, 781.06, 562.706, 387.922, 1110.46, 832.747, 853.553, 750.7, 902.632, 459.772, 627.042, 844.786, 435.444, 582.27, 680.16, 369.735, 604.456, 880.981, 435.629, 640.86, 700.688, 895.533, 502.776, 735.399];
HighestPossibleCritFunctionValue = 1.1;
