NumDevices = 16;
NumSlotes = 128;


GivenBandwidthOld = [0.0282439, 0.0105489, 0.0104472, 0.0265139, 0.0342652, 0.0107629, 0.0328204, 0.0281623, 0.0143903, 0.023405, 0.0330898, 0.0309739, 0.0175591, 0.0300395, 0.0145981, 0.0159014];
GivenLatency = [15.9537, 28.6981, 55.5848, 11.4606, 14.7218, 35.3682, 9.55295, 19.2906, 34.1321, 26.1277, 9.63214, 18.1098, 25.0475, 12.5617, 41.74, 22.1378];
HighestPossibleCritFunctionValue = 1.1;
