NumDevices = 128;
NumSlotes = 1024;


GivenBandwidthOld = [0.0047521, 0.00607254, 0.00869771, 0.00484932, 0.00500686, 0.0077379, 0.00833376, 0.00794616, 0.00854729, 0.00687746, 0.00696054, 0.00832178, 0.00663781, 0.00421054, 0.004123, 0.00770398, 0.00833067, 0.00614412, 0.00676598, 0.00825433, 0.00801585, 0.0049264, 0.00548983, 0.00512984, 0.00465987, 0.00593043, 0.0051748, 0.0054084, 0.00654673, 0.00841529, 0.00832776, 0.00717559, 0.00758317, 0.00776007, 0.00605818, 0.00724549, 0.00742047, 0.00831721, 0.00477316, 0.00502412, 0.00790844, 0.00468233, 0.00842791, 0.00542499, 0.00529943, 0.00494243, 0.00498299, 0.00666907, 0.00454631, 0.00727983, 0.00456402, 0.00493563, 0.00562624, 0.00768161, 0.00736986, 0.00768095, 0.00620194, 0.00851878, 0.00763138, 0.00812653, 0.00509428, 0.00712601, 0.00430873, 0.00432963, 0.00550946, 0.00495483, 0.00838496, 0.00856855, 0.00407467, 0.00554971, 0.00645993, 0.00456183, 0.00813483, 0.00455803, 0.00433783, 0.00835878, 0.00855171, 0.00616915, 0.00744142, 0.00550864, 0.00613534, 0.00422017, 0.00591483, 0.00801773, 0.00647258, 0.00708708, 0.0050603, 0.00597237, 0.00513646, 0.00600989, 0.00573043, 0.00389857, 0.0057996, 0.00639154, 0.00509194, 0.00772196, 0.00548374, 0.00776554, 0.00799825, 0.00412326, 0.00705282, 0.00427572, 0.00457548, 0.00759153, 0.00836131, 0.00597212, 0.00597307, 0.00685273, 0.00636719, 0.00578789, 0.00461231, 0.00667319, 0.00376745, 0.00705853, 0.00517473, 0.00418569, 0.00639809, 0.00519581, 0.00841765, 0.00795009, 0.00458949, 0.00797968, 0.00702346, 0.005768, 0.00534934, 0.00378764, 0.00635335, 0.0083081];
GivenLatency = [224.912, 169.283, 111.783, 219.757, 202.509, 165.843, 124.432, 126.001, 138.86, 157.755, 146.847, 117.372, 145.077, 282.61, 277.451, 143.957, 151.003, 206.193, 182.88, 143.314, 151.409, 257.934, 227.855, 202.313, 232.26, 198.307, 208.829, 176.72, 178.939, 148.232, 146.09, 139.692, 135.185, 161.303, 178.177, 137.835, 133.709, 128.641, 228.011, 197.363, 129.474, 234.656, 121.11, 228.476, 215.575, 218.9, 198.04, 157.323, 212.033, 156.076, 214.812, 228.967, 188.675, 139.744, 162.707, 125.579, 154.255, 121.195, 126.687, 140.556, 214.343, 148.803, 291.773, 225.46, 172.95, 246.866, 125.891, 122.909, 282.111, 191.792, 160.336, 253.794, 144.424, 234.557, 292.826, 153.901, 141.462, 159.394, 143.197, 234.26, 183.758, 231.164, 210.764, 135.895, 170.913, 137.311, 247.596, 195.32, 248.731, 183.614, 170.942, 284.77, 171.241, 198.589, 192.349, 146.951, 186.116, 148.862, 133.614, 276.771, 135.93, 282.152, 283.598, 150.579, 133.262, 199.91, 168.14, 177.57, 177.425, 200.01, 271.902, 146.041, 289.293, 144.655, 226.145, 246.381, 173.985, 232.783, 114.365, 140.661, 247.821, 121.391, 147.702, 168.813, 239.87, 303.699, 164.15, 140.109];
HighestPossibleCritFunctionValue = 1.1;
