NumDevices = 64;
NumSlotes = 512;


GivenBandwidthOld = [0.010841, 0.0103174, 0.00916921, 0.0119055, 0.011024, 0.0145659, 0.0134013, 0.0112302, 0.0103098, 0.0124254, 0.00845694, 0.0108579, 0.0133504, 0.0156858, 0.0154455, 0.00815434, 0.0149227, 0.00998448, 0.0141423, 0.0142966, 0.00802495, 0.0103865, 0.0114933, 0.0126124, 0.0113915, 0.0122878, 0.0163279, 0.00860543, 0.0164447, 0.0115794, 0.00939297, 0.0127078, 0.0156914, 0.0104663, 0.011594, 0.0147, 0.0171012, 0.0144484, 0.00967373, 0.0114149, 0.0148005, 0.0170862, 0.0125313, 0.00846453, 0.00840273, 0.00969162, 0.0120566, 0.00950197, 0.0145967, 0.01118, 0.0171565, 0.0134488, 0.00875621, 0.0105585, 0.010878, 0.0114198, 0.0169746, 0.0165081, 0.0163964, 0.00973568, 0.0125994, 0.0123228, 0.0135907, 0.0146378];
GivenLatency = [97.6792, 110.399, 120.872, 101.692, 86.6159, 66.4482, 88.9393, 92.9759, 97.7959, 79.2318, 123.689, 108.353, 72.9997, 76.6315, 60.8336, 127.577, 76.4766, 105.2, 83.2226, 74.6681, 146.274, 96.5118, 100.108, 98.0677, 83.5789, 79.3996, 55.6795, 131.114, 64.5214, 81.0309, 113.558, 71.7413, 74.3467, 88.4135, 88.8132, 62.4939, 67.481, 79.9485, 95.3905, 87.6788, 71.5292, 72.7496, 74.106, 126.655, 144.935, 121.18, 80.8458, 108.863, 63.5252, 88.0163, 64.4961, 82.8363, 124.084, 114.288, 85.4139, 85.0114, 68.9724, 59.0806, 74.1729, 101.223, 85.8971, 99.7334, 86.2439, 62.4107];
HighestPossibleCritFunctionValue = 1.1;
