NumDevices = 16;
NumSlotes = 128;


GivenBandwidthOld = [0.0117028, 0.0298019, 0.0202108, 0.0232205, 0.0311771, 0.0328874, 0.0285438, 0.0249066, 0.0200823, 0.0137671, 0.023365, 0.0112663, 0.0174134, 0.0322064, 0.0325988, 0.0288523];
GivenLatency = [25.7843, 20.2485, 24.2395, 24.764, 17.7005, 10.3868, 17.379, 20.0469, 15.5387, 37.6741, 15.0141, 28.9697, 27.1243, 11.0957, 13.8192, 20.2354];
HighestPossibleCritFunctionValue = 1.1;
