NumDevices = 32;
NumSlotes = 256;


GivenBandwidthOld = [0.0108208, 0.0103075, 0.00808583, 0.00600333, 0.00548165, 0.0126163, 0.0123562, 0.0158371, 0.00650915, 0.00676872, 0.00692869, 0.00791312, 0.015764, 0.0158541, 0.0173357, 0.00589683, 0.0155654, 0.0146817, 0.0130628, 0.016087, 0.00700028, 0.0112642, 0.0116293, 0.0113834, 0.0155535, 0.0144332, 0.0112445, 0.00551627, 0.00699796, 0.00978042, 0.0120412, 0.00960313];
GivenLatency = [49.0776, 40.9842, 58.1641, 72.962, 108.089, 38.9926, 32.7451, 34.4259, 94.7846, 65.1034, 48.3869, 45.5152, 19.7225, 23.684, 18.4524, 75.9957, 29.9658, 39.4683, 31.2749, 21.6705, 87.152, 27.3261, 46.4348, 32.4092, 22.055, 37.1733, 28.9195, 67.5066, 48.7298, 56.8738, 42.6369, 48.4318];
HighestPossibleCritFunctionValue = 1.1;
