NumDevices = 16;
NumSlotes = 128;


GivenBandwidthOld = [0.0306793, 0.0173508, 0.0291954, 0.0270096, 0.0145893, 0.0170064, 0.0173617, 0.0135156, 0.0214772, 0.0327632, 0.0165271, 0.0118043, 0.0346307, 0.0274665, 0.0195115, 0.0200579];
GivenLatency = [11.5724, 17.667, 15.8525, 12.5172, 21.1407, 34.0777, 24.4677, 28.243, 15.2636, 12.2932, 22.8625, 27.6209, 9.88446, 14.6056, 22.0561, 19.0802];
HighestPossibleCritFunctionValue = 1.1;
