NumDevices = 32;
NumSlotes = 256;


GivenBandwidthOld = [0.017281, 0.0113702, 0.00567353, 0.0125576, 0.0124436, 0.0096709, 0.00882028, 0.0124052, 0.0149953, 0.0077509, 0.0144041, 0.00916592, 0.00917898, 0.0160681, 0.0132779, 0.00750492, 0.00520238, 0.00638029, 0.0160024, 0.0099483, 0.00864898, 0.00847101, 0.017281, 0.0118985, 0.0111185, 0.0128619, 0.0145606, 0.015619, 0.0163023, 0.0135049, 0.00934945, 0.0062495];
GivenLatency = [35.9582, 33.3123, 63.6839, 25.2135, 36.1298, 32.432, 35.9427, 24.729, 28.4028, 66.3353, 33.2531, 61.7983, 55.132, 23.7781, 26.0021, 46.0218, 69.2348, 62.4617, 22.3239, 41.7472, 48.5235, 41.6026, 21.4667, 46.8218, 54.1899, 31.9566, 36.7592, 21.4599, 29.5484, 28.9292, 39.8817, 67.035];
HighestPossibleCritFunctionValue = 1.1;
