NumDevices = 32;
NumSlotes = 256;


GivenBandwidthOld = [0.00746672, 0.0132377, 0.0058565, 0.0127398, 0.0122915, 0.0164885, 0.0173602, 0.01706, 0.0104766, 0.0125366, 0.00939971, 0.013384, 0.0147035, 0.0170799, 0.00632044, 0.0101243, 0.0160248, 0.0107629, 0.0124863, 0.0143276, 0.0119321, 0.012691, 0.00526072, 0.011964, 0.0113716, 0.0167133, 0.00783985, 0.00935144, 0.0146052, 0.0144786, 0.0118979, 0.0134397];
GivenLatency = [54.3343, 46.9551, 53.2575, 41.6822, 27.6246, 27.9226, 28.4234, 24.4583, 33.0261, 28.1769, 34.9342, 23.2924, 42.38, 21.9572, 96.5358, 43.4261, 21.8981, 38.1736, 32.969, 34.1488, 25.8107, 29.8584, 88.2027, 40.8268, 36.1419, 37.5769, 59.5772, 67.1206, 34.4206, 24.5157, 36.5761, 33.6006];
HighestPossibleCritFunctionValue = 1.1;
