NumDevices = 128;
NumSlotes = 1024;


GivenBandwidthOld = [0.00595813, 0.00573569, 0.00726607, 0.00830784, 0.00730642, 0.00643824, 0.00493574, 0.00756178, 0.008292, 0.00612209, 0.00644507, 0.00486743, 0.00431515, 0.00723542, 0.00815966, 0.00688841, 0.0060261, 0.00820751, 0.0061926, 0.0065492, 0.00498349, 0.00498193, 0.00872336, 0.00602885, 0.00438814, 0.00398452, 0.00531559, 0.00659117, 0.00531753, 0.00415137, 0.00460829, 0.00408541, 0.00592514, 0.00627856, 0.0062072, 0.00693629, 0.00566608, 0.00735942, 0.00721492, 0.00872244, 0.00553597, 0.00547118, 0.00657883, 0.00798069, 0.00388717, 0.00418625, 0.00580523, 0.0059864, 0.00590282, 0.00623565, 0.00515351, 0.00754246, 0.00871126, 0.00758039, 0.00604322, 0.0059547, 0.00818045, 0.006399, 0.00543433, 0.0073565, 0.0081828, 0.0057951, 0.00574847, 0.00698118, 0.00516412, 0.00586793, 0.00483703, 0.00852372, 0.00561563, 0.00434026, 0.00422237, 0.00785881, 0.00556977, 0.00861573, 0.00710232, 0.00616614, 0.00686347, 0.00689507, 0.00796263, 0.00544936, 0.00497922, 0.00818129, 0.00540507, 0.00546, 0.0086411, 0.00845889, 0.00604317, 0.00510832, 0.00802636, 0.00646143, 0.00471582, 0.00624361, 0.00384159, 0.00815508, 0.00492366, 0.00447137, 0.00780089, 0.00703576, 0.00755348, 0.00377636, 0.00681473, 0.00773174, 0.00479496, 0.00640867, 0.00804942, 0.00413018, 0.00844854, 0.00714544, 0.0058285, 0.00701603, 0.00590791, 0.00673099, 0.00526656, 0.00763818, 0.00733889, 0.00720955, 0.00838426, 0.00681268, 0.00813617, 0.00712932, 0.00497652, 0.00788602, 0.00782543, 0.00454568, 0.00682959, 0.00741702, 0.00537312, 0.00845109];
GivenLatency = [201.146, 208.575, 154.696, 140.485, 150.867, 190.036, 199.417, 166.428, 124.21, 176.218, 195.851, 203.486, 258.184, 172.53, 156.467, 149.772, 162.573, 133.25, 163.752, 147.377, 213.852, 205.783, 125.442, 177.17, 293.44, 285.667, 216.504, 145.809, 206.837, 233.166, 223.723, 237.039, 199.418, 184.747, 156.41, 142.843, 211.978, 155.19, 172.214, 137.517, 219.441, 210.031, 168.088, 136.077, 326.842, 278.715, 215.016, 187.18, 162.772, 163.942, 224.489, 131.846, 148.853, 143.292, 167.484, 173.914, 116.734, 181.54, 186.008, 144.124, 119.172, 172.471, 181.971, 177.72, 186.881, 213.894, 267.621, 140.181, 190.015, 226.735, 277.085, 157.607, 201.71, 127.835, 182.532, 157.524, 162.177, 143.918, 157.378, 207.58, 196.51, 120.75, 197.946, 199.175, 134.791, 120.381, 168.96, 245.224, 121.002, 164.83, 239.977, 206.393, 329.071, 157.134, 219.615, 268.051, 123.424, 141.553, 168.683, 267.924, 186.537, 123.364, 202.263, 187.165, 149.688, 306.331, 118.7, 145.514, 195.933, 165.125, 181.909, 163.918, 218.642, 131.194, 169.24, 136.587, 137.449, 164.597, 155.001, 152.652, 244.611, 157.405, 149.422, 258.048, 148.18, 156.617, 188.297, 151.566];
HighestPossibleCritFunctionValue = 1.1;
