NumDevices = 32;
NumSlotes = 256;


GivenBandwidthOld = [0.0266335, 0.0187929, 0.0219095, 0.022421, 0.0199202, 0.0294986, 0.03252, 0.0335198, 0.0176594, 0.0313078, 0.0203854, 0.0277247, 0.0182254, 0.0234892, 0.0332936, 0.0150648, 0.0240593, 0.0349569, 0.0299331, 0.0150015, 0.01997, 0.0263131, 0.0337805, 0.0182459, 0.028871, 0.024284, 0.030848, 0.0328792, 0.0301828, 0.0326845, 0.0183782, 0.0329351];
GivenLatency = [33.7835, 59.7497, 45.0315, 44.6828, 56.6004, 39.0281, 31.2633, 34.9834, 56.2041, 32.0715, 47.8754, 31.1305, 48.9626, 44.3634, 27.437, 66.5222, 43.5639, 28.5966, 28.416, 62.021, 44.1254, 33.8779, 29.2541, 52.3104, 31.9635, 41.8503, 34.7216, 28.2136, 28.6263, 31.6383, 54.9534, 34.4502];
HighestPossibleCritFunctionValue = 1.1;
