NumDevices = 32;
NumSlotes = 256;


GivenBandwidthOld = [0.0110278, 0.0147203, 0.0116722, 0.00798138, 0.0130716, 0.0143492, 0.0114935, 0.0168174, 0.00782971, 0.0139714, 0.0119573, 0.0116144, 0.011026, 0.00818121, 0.0091167, 0.00687373, 0.00933747, 0.0172975, 0.0138165, 0.00907077, 0.00985044, 0.0138503, 0.0147906, 0.00576745, 0.015959, 0.0174812, 0.0136971, 0.0145037, 0.00951335, 0.0109521, 0.0162808, 0.0140106];
GivenLatency = [45.459, 34.4443, 35.3505, 75.3739, 36.3668, 21.8545, 46.4934, 26.7977, 45.2326, 35.1914, 35.3341, 44.858, 31.8008, 48.9781, 44.9296, 84.5968, 43.0202, 18.9751, 29.5452, 37.0617, 32.1079, 23.1887, 41.1862, 93.805, 20.4989, 19.7888, 31.1431, 25.9233, 41.1381, 39.3056, 21.9891, 41.0463];
HighestPossibleCritFunctionValue = 1.1;
