NumDevices = 32;
NumSlotes = 256;


GivenBandwidthOld = [0.00990152, 0.0097916, 0.0123807, 0.0141815, 0.00539972, 0.0106518, 0.00650587, 0.0141048, 0.0161174, 0.00518976, 0.00677541, 0.00680038, 0.0139848, 0.0130956, 0.0170801, 0.0109476, 0.0160531, 0.0112814, 0.0136872, 0.0102962, 0.00597256, 0.0133853, 0.0119832, 0.00977826, 0.0132714, 0.00988732, 0.00865787, 0.0078266, 0.0117475, 0.00996037, 0.0114754, 0.0121925];
GivenLatency = [34.7245, 44.0263, 32.0628, 31.6214, 72.4118, 46.3691, 72.2945, 22.2787, 23.4372, 90.8338, 47.3813, 54.1795, 26.2207, 39.6931, 18.8321, 43.8684, 38.8251, 37.7202, 36.2605, 29.7516, 87.9875, 26.2554, 26.8255, 63.7288, 43.9266, 57.7105, 52.762, 58.3496, 40.7957, 35.7654, 42.0842, 46.6416];
HighestPossibleCritFunctionValue = 1.1;
