NumDevices = 128;
NumSlotes = 1024;


GivenBandwidthOld = [0.00646672, 0.00859203, 0.00870807, 0.00410241, 0.00675995, 0.00700788, 0.00389651, 0.0062274, 0.0063662, 0.00414167, 0.0066292, 0.0044892, 0.00745586, 0.00811059, 0.00712296, 0.00810968, 0.00687719, 0.00749838, 0.00770956, 0.00704139, 0.00713108, 0.00454642, 0.00421869, 0.00607796, 0.00482012, 0.00431667, 0.00777317, 0.00622388, 0.00727895, 0.00475257, 0.00401388, 0.00377596, 0.0050137, 0.00770922, 0.00632603, 0.00403053, 0.00864778, 0.00578685, 0.0071475, 0.00549512, 0.00404479, 0.00823639, 0.00643759, 0.00409783, 0.00469045, 0.00481985, 0.00471265, 0.00803854, 0.00628099, 0.00716584, 0.00376982, 0.00689334, 0.00383958, 0.0042667, 0.00801256, 0.00453613, 0.00626341, 0.00657859, 0.0038027, 0.00441204, 0.00561908, 0.00731205, 0.00618821, 0.00782559, 0.00717296, 0.00840738, 0.00534566, 0.00692915, 0.00574885, 0.00840424, 0.00756916, 0.00737783, 0.00670705, 0.00793163, 0.00432505, 0.00862156, 0.00510118, 0.0080226, 0.008356, 0.00685322, 0.00452179, 0.00527087, 0.00502172, 0.00759164, 0.0052628, 0.00439313, 0.00784215, 0.00548878, 0.00749519, 0.0041118, 0.00457227, 0.0086448, 0.00562221, 0.00504453, 0.00583948, 0.00658745, 0.00773858, 0.00483578, 0.0074565, 0.00390906, 0.00704384, 0.008331, 0.00668997, 0.00575803, 0.00774169, 0.00708583, 0.0041185, 0.00715886, 0.00641533, 0.00498689, 0.00715657, 0.00790779, 0.00381553, 0.00518214, 0.0037692, 0.006471, 0.0056248, 0.00843716, 0.00592512, 0.00606991, 0.00440977, 0.0074984, 0.00805357, 0.00378487, 0.00476302, 0.00451297, 0.00700261, 0.005429];
GivenLatency = [156.309, 150.437, 126.219, 278.134, 187.179, 162.311, 325.125, 155.902, 188.004, 274.952, 161.327, 228.553, 143.565, 159.113, 141.29, 125.184, 148.264, 152.928, 157.532, 166.272, 147.239, 220.315, 282.862, 211.808, 256.681, 283.717, 154.271, 157.679, 133.92, 223.624, 284.439, 269.33, 205.738, 154.013, 162.259, 254.48, 136.237, 192.05, 133.695, 183.248, 281.614, 138.013, 160.227, 302.777, 223.596, 216.612, 271.736, 139.643, 156.218, 148.725, 333.662, 171.514, 324.25, 276.662, 128.211, 216.811, 157.211, 147.814, 262.698, 263.899, 170.449, 139.094, 171.564, 133.215, 154.863, 150.852, 178.609, 166.367, 198.241, 143.948, 142.006, 134.25, 176.344, 158.81, 291.458, 144.395, 241.276, 154.748, 137.939, 150.278, 213.579, 192.82, 232.575, 163.911, 205.689, 283.005, 142.035, 234.844, 146.948, 283.82, 232.757, 137.06, 172.006, 206.921, 168.751, 147.503, 166.856, 232.354, 161.648, 287.81, 174.756, 123.253, 142.395, 192.354, 148.351, 167.798, 241.151, 138.455, 193.792, 204.031, 149.619, 151.698, 312.081, 185.149, 292.855, 163.034, 171.327, 150.129, 213.883, 166.117, 227.639, 150.232, 138.729, 266.517, 255.359, 281.278, 142.129, 188.559];
HighestPossibleCritFunctionValue = 1.1;
