NumDevices = 64;
NumSlotes = 512;


GivenBandwidthOld = [0.00287394, 0.00609208, 0.00582709, 0.00847956, 0.00728592, 0.0081219, 0.00853864, 0.00640805, 0.00383277, 0.00858267, 0.00275386, 0.00670163, 0.00681779, 0.002806, 0.00793758, 0.0044104, 0.0043735, 0.00283359, 0.00295929, 0.00307874, 0.0043964, 0.00654137, 0.00706758, 0.00735301, 0.00456411, 0.00640895, 0.00652928, 0.00382802, 0.0038305, 0.00802935, 0.00304247, 0.00722659, 0.00476291, 0.00402405, 0.00470031, 0.00812147, 0.00759004, 0.00709474, 0.00750248, 0.00417446, 0.00760848, 0.00452904, 0.00451785, 0.00402523, 0.0058447, 0.00431838, 0.0077064, 0.00639727, 0.00392101, 0.00408363, 0.00605276, 0.00742479, 0.00475348, 0.00790756, 0.00614124, 0.00700441, 0.00814855, 0.00637185, 0.00797661, 0.00417196, 0.00306366, 0.00722357, 0.00410596, 0.00628651];
GivenLatency = [157.86, 69.451, 69.8629, 69.0717, 52.1209, 71.6257, 46.0313, 69.9451, 114.426, 55.0792, 149.044, 49.7025, 85.0658, 136.657, 67.8205, 74.3261, 123.197, 115.125, 178.833, 198.65, 72.1869, 52.7216, 45.2542, 48.4125, 87.6854, 74.4188, 64.0711, 105.035, 114.121, 71.3584, 108.796, 58.9646, 97.4029, 105.317, 135.165, 59.8913, 58.5551, 47.6617, 85.3433, 97.3737, 43.9393, 92.14, 136.487, 78.1202, 93.8424, 145.409, 59.3178, 78.6629, 80.8467, 110.613, 52.6574, 44.4256, 96.8025, 65.7388, 74.6155, 82.2953, 76.09, 85.7685, 65.332, 134.991, 123.168, 46.2141, 157.349, 76.1105];
HighestPossibleCritFunctionValue = 1.1;
