NumDevices = 64;
NumSlotes = 512;


GivenBandwidthOld = [0.00333691, 0.00594739, 0.0052062, 0.00437608, 0.0025717, 0.00747711, 0.00280712, 0.00795257, 0.00638237, 0.00341932, 0.00355553, 0.00523566, 0.00580883, 0.00775852, 0.00751558, 0.00558624, 0.00420863, 0.00686397, 0.00406615, 0.00597845, 0.00858098, 0.00553804, 0.00656915, 0.00525257, 0.00862898, 0.00609064, 0.00665036, 0.00766554, 0.00729992, 0.00605, 0.00478678, 0.00512459, 0.00779465, 0.00837837, 0.00650298, 0.0055758, 0.00366889, 0.00421293, 0.0042257, 0.00640732, 0.00403187, 0.00485261, 0.00522884, 0.00357303, 0.00573157, 0.00292887, 0.00423816, 0.00326328, 0.00598003, 0.00389172, 0.00565655, 0.00463135, 0.00538778, 0.00619095, 0.00507924, 0.00806664, 0.00479842, 0.00697723, 0.0075656, 0.00871226, 0.0056873, 0.00268802, 0.00622847, 0.00442691];
GivenLatency = [109.97, 81.8452, 87.2447, 71.4868, 122.578, 76.0029, 112.353, 44.5706, 84.2308, 164.707, 127.192, 100.344, 98.8406, 68.0924, 48.2741, 64.9249, 78.4141, 63.7884, 83.7492, 55.2181, 69.855, 104.545, 59.0624, 110.148, 37.9132, 63.0942, 50.794, 69.7577, 56.2487, 81.7681, 74.7992, 121.212, 40.7669, 50.9506, 63.3279, 68.9756, 159.064, 86.6332, 95.4261, 77.5072, 95.3887, 125.811, 76.1639, 101.591, 97.5815, 142.28, 108.83, 142.651, 58.9395, 91.7086, 76.6937, 129.138, 111.562, 53.2067, 90.5789, 43.051, 95.294, 45.5683, 73.3449, 45.6921, 100.423, 226.515, 96.2589, 79.4365];
HighestPossibleCritFunctionValue = 1.1;
