NumDevices = 16;
NumSlotes = 128;


GivenBandwidthOld = [0.0753953, 0.0391812, 0.0383493, 0.0562933, 0.0411814, 0.0559518, 0.0519264, 0.0468448, 0.0413594, 0.0478824, 0.0790721, 0.0342785, 0.0393847, 0.0592835, 0.0470267, 0.047692];
GivenLatency = [17.7134, 34.1754, 45.1762, 26.8203, 37.4913, 34.5262, 28.7458, 28.8351, 33.2546, 37.5325, 22.6515, 47.4756, 45.8359, 26.4889, 30.9586, 29.7882];
HighestPossibleCritFunctionValue = 1.1;
