NumDevices = 128;
NumSlotes = 1024;


GivenBandwidthOld = [0.00635886, 0.00710689, 0.0042657, 0.00859639, 0.00698586, 0.00761284, 0.00777732, 0.00963082, 0.00516053, 0.00435664, 0.00579991, 0.00660951, 0.00722278, 0.00831885, 0.00497976, 0.00984019, 0.00539586, 0.00953336, 0.00469111, 0.00847806, 0.00576796, 0.0071585, 0.00919708, 0.00907156, 0.00576095, 0.00809357, 0.00609371, 0.00698843, 0.00711816, 0.00611805, 0.00982339, 0.00424185, 0.00770212, 0.00823435, 0.00977872, 0.00966192, 0.00914626, 0.00493718, 0.00673783, 0.00776088, 0.00843712, 0.00520841, 0.00891811, 0.00796338, 0.00546594, 0.00606188, 0.00954998, 0.00903467, 0.00452936, 0.00873601, 0.00984032, 0.00750473, 0.00946249, 0.00726771, 0.00712267, 0.00697988, 0.00707975, 0.00441295, 0.00841243, 0.00892311, 0.00443621, 0.00562538, 0.00447624, 0.0096742, 0.00928931, 0.00914509, 0.00401957, 0.00934834, 0.00755874, 0.00477216, 0.00822058, 0.00960136, 0.00388686, 0.00392535, 0.00718962, 0.00714431, 0.00821083, 0.00818271, 0.00426476, 0.00534264, 0.00875, 0.00743726, 0.00681021, 0.00537884, 0.00459588, 0.00795463, 0.00851842, 0.0091286, 0.00805071, 0.00459019, 0.00601807, 0.00450147, 0.00872851, 0.00877404, 0.00536132, 0.00393817, 0.00379083, 0.00864875, 0.00578941, 0.00519429, 0.00917591, 0.00957806, 0.00590824, 0.00861599, 0.00513845, 0.00816466, 0.00725719, 0.00528644, 0.00802212, 0.00524516, 0.0078309, 0.00389064, 0.00502996, 0.00986119, 0.00826259, 0.00938359, 0.00629238, 0.00861108, 0.00392444, 0.00434656, 0.00510388, 0.00842453, 0.00613127, 0.00697356, 0.00716129, 0.00601423, 0.00858179, 0.00540819];
GivenLatency = [758.016, 580.913, 820.043, 431.836, 537.893, 540.45, 493.683, 398.327, 794.869, 1046.76, 699.161, 530.925, 508.974, 524.484, 744.045, 507.124, 922.783, 449.647, 754.447, 525.852, 855.737, 499.34, 387.018, 502.647, 826.866, 472.507, 701.973, 562.034, 561.542, 654.036, 397.294, 1033.16, 555.882, 541.784, 424.968, 363.399, 392.269, 678.262, 582.568, 473.99, 425.339, 663.129, 412.66, 544.971, 728.419, 591.731, 460.243, 454.05, 804.583, 505.335, 446.016, 448.098, 437.625, 518.459, 573.239, 591.675, 527.657, 929.186, 541.424, 460.351, 1022.18, 654.843, 784.031, 362.149, 527.739, 406.385, 979.42, 416.505, 551.24, 781.264, 523.229, 383.9, 1111.83, 1109.66, 576.359, 594.937, 600.704, 483.332, 785.424, 763.062, 498.977, 483.157, 631.892, 631.12, 815.073, 452.164, 433.928, 397.761, 496.159, 1072.05, 699.892, 830.641, 505.891, 535.913, 779.563, 1216.72, 1022.14, 442.514, 636.006, 915.902, 409.556, 398.088, 758.57, 476.755, 720.95, 520.548, 460.633, 692.811, 542.126, 711.658, 472.619, 954.71, 715.505, 402.705, 443.556, 515.911, 687.642, 578.913, 939.033, 773.486, 958.641, 464.864, 556.175, 565.098, 615.858, 763.382, 492.889, 900.274];
HighestPossibleCritFunctionValue = 1.1;
