NumDevices = 32;
NumSlotes = 256;


GivenBandwidthOld = [0.00520199, 0.0124092, 0.0056265, 0.00963271, 0.0170205, 0.00904035, 0.0111148, 0.0136457, 0.0128131, 0.00761992, 0.0129233, 0.00922002, 0.0058678, 0.0151955, 0.011332, 0.0146648, 0.0168746, 0.00637107, 0.0111278, 0.00667785, 0.017159, 0.0112742, 0.0171541, 0.0168781, 0.015941, 0.0152811, 0.0118624, 0.0164725, 0.0108038, 0.0113159, 0.00653417, 0.0148044];
GivenLatency = [74.4882, 47.7741, 104.134, 33.6909, 20.3812, 42.6922, 40.7757, 22.4997, 49.9776, 49.76, 33.7634, 68.7627, 101.256, 25.6961, 31.9435, 24.0846, 27.6631, 78.0589, 30.403, 83.4373, 19.5025, 47.8842, 20.4839, 32.3498, 21.037, 24.1896, 36.4613, 23.8292, 45.2024, 38.1814, 55.8053, 42.2105];
HighestPossibleCritFunctionValue = 1.1;
