NumDevices = 32;
NumSlotes = 256;


GivenBandwidthOld = [0.00797714, 0.0167177, 0.00703667, 0.0102655, 0.0144665, 0.00898991, 0.0134367, 0.0133988, 0.0131184, 0.0142731, 0.00789597, 0.0150322, 0.0168752, 0.0172934, 0.00697644, 0.0105754, 0.0103169, 0.0154115, 0.0161206, 0.00866842, 0.0100682, 0.0118627, 0.00840066, 0.00988429, 0.00780721, 0.0107788, 0.0170073, 0.0120257, 0.0112654, 0.00772324, 0.0119627, 0.013853];
GivenLatency = [54.211, 30.3599, 48.3441, 31.8194, 28.2862, 38.4493, 23.7383, 30.3602, 31.3209, 35.3231, 42.5313, 29.1781, 21.4281, 33.755, 88.5067, 33.4906, 31.735, 22.9679, 19.3931, 47.0749, 43.2574, 33.1987, 60.0004, 36.2134, 54.9154, 30.1596, 20.3178, 34.0437, 40.7024, 81.0591, 26.603, 44.8986];
HighestPossibleCritFunctionValue = 1.1;
