NumDevices = 16;
NumSlotes = 128;


GivenBandwidthOld = [0.019806, 0.0189412, 0.0342645, 0.022778, 0.0201877, 0.0344822, 0.0314902, 0.0209622, 0.0274298, 0.028075, 0.0211357, 0.0173902, 0.0172472, 0.013017, 0.0174968, 0.0343793];
GivenLatency = [18.0056, 33.3454, 10.5758, 15.0106, 30.1925, 9.93134, 15.4014, 18.4858, 18.5073, 12.8773, 14.3966, 19.9404, 25.3426, 31.9324, 25.8353, 10.6629];
HighestPossibleCritFunctionValue = 1.1;
