NumDevices = 128;
NumSlotes = 1024;


GivenBandwidthOld = [0.00872367, 0.00873316, 0.00573554, 0.00605013, 0.00571713, 0.00898699, 0.00938136, 0.00621862, 0.00637765, 0.00416552, 0.00607852, 0.0078844, 0.00941141, 0.0050012, 0.00762564, 0.0040597, 0.00886461, 0.00876731, 0.00460847, 0.00710573, 0.00974507, 0.00665098, 0.00424618, 0.00547067, 0.00432417, 0.00389129, 0.00964072, 0.00899402, 0.00871327, 0.00890479, 0.00904733, 0.00476094, 0.00707642, 0.00464997, 0.00446747, 0.00593989, 0.00925798, 0.00756579, 0.00440915, 0.00716416, 0.00421101, 0.00823773, 0.00410613, 0.00800796, 0.00480832, 0.00964477, 0.00838807, 0.0057683, 0.00652754, 0.0046463, 0.0053577, 0.00560629, 0.00874126, 0.00432852, 0.0082587, 0.00652744, 0.00921383, 0.00927169, 0.00685216, 0.00417915, 0.00394166, 0.00625762, 0.00561107, 0.00777132, 0.00877685, 0.00874685, 0.00457004, 0.00490708, 0.00698234, 0.00472161, 0.00860632, 0.00522779, 0.00965801, 0.00590246, 0.00512756, 0.00632233, 0.00567425, 0.00714248, 0.00872399, 0.00782255, 0.00742517, 0.00986359, 0.00491994, 0.00444533, 0.00893074, 0.00777595, 0.00535202, 0.00390159, 0.00778128, 0.00748611, 0.00899219, 0.00927798, 0.00629982, 0.0085078, 0.00563964, 0.00660054, 0.00655167, 0.00399441, 0.00535833, 0.00987919, 0.00455219, 0.00499195, 0.00842702, 0.00413671, 0.00941931, 0.0065664, 0.00766432, 0.00416601, 0.00818307, 0.00407902, 0.00864778, 0.0082839, 0.00499198, 0.00900412, 0.00965436, 0.00711675, 0.0075305, 0.00508848, 0.00591902, 0.00838546, 0.00561608, 0.00451651, 0.00520131, 0.00847642, 0.00946885, 0.00796157, 0.00637775, 0.00590781];
GivenLatency = [438.017, 445.987, 679.766, 582.727, 641.327, 407.33, 463.315, 604.21, 529.075, 961.259, 802.128, 484.312, 424.44, 791.8, 528.126, 914.845, 526.106, 419.168, 819.523, 623.343, 511.848, 514.771, 856.469, 661.702, 828.608, 1254.91, 367.722, 531.574, 407.954, 496.037, 393.942, 1034.07, 524.261, 985.624, 879.796, 581.267, 464.143, 634.365, 928.553, 576.441, 874.387, 443.391, 943.914, 493.058, 764.647, 392.529, 528.11, 682.585, 753.106, 756.195, 791.414, 663.392, 518.935, 1003.28, 461.403, 742.907, 394.595, 475.446, 529.158, 799.222, 1066.86, 783.397, 690.875, 504.664, 523.615, 516.667, 1030.76, 689.025, 537.577, 906.017, 495.031, 812.315, 422.503, 775.854, 666.806, 656.543, 801.891, 583.179, 447.627, 487.513, 604.458, 488.327, 813.883, 787.704, 557.26, 631.31, 644.685, 939.09, 556.092, 621.582, 554.471, 536.007, 776.466, 400.26, 606.359, 643.163, 637.628, 869.728, 704.22, 443.386, 867.457, 680.702, 577.955, 1102.56, 390.685, 627.156, 442.804, 862.499, 450.869, 895.85, 422.879, 424.35, 831.016, 490.736, 410.385, 577.476, 549.494, 755.974, 732.743, 467.246, 839.862, 826.401, 788.236, 578.777, 446.596, 478.424, 668.188, 598.374];
HighestPossibleCritFunctionValue = 1.1;
