NumDevices = 128;
NumSlotes = 1024;


GivenBandwidthOld = [0.00646367, 0.00621867, 0.00714048, 0.0062393, 0.00398476, 0.00568945, 0.00631808, 0.00917939, 0.00550557, 0.00965507, 0.00653617, 0.00586551, 0.00907659, 0.00897024, 0.00914865, 0.00760138, 0.00883492, 0.00968639, 0.0079157, 0.00422388, 0.00568492, 0.00527336, 0.00679934, 0.0040326, 0.00961449, 0.00574303, 0.00690553, 0.00748926, 0.00567041, 0.00510375, 0.00619529, 0.00798654, 0.0072426, 0.00390434, 0.00392624, 0.00954456, 0.00533732, 0.00683769, 0.00479873, 0.00477932, 0.00981324, 0.00862186, 0.00384892, 0.00384451, 0.00466364, 0.00925784, 0.00519234, 0.00768068, 0.00415513, 0.00657538, 0.0086634, 0.00824589, 0.00989004, 0.00559712, 0.00451849, 0.00733371, 0.00396952, 0.00577001, 0.00401802, 0.00843303, 0.0051972, 0.00803638, 0.00738844, 0.00493751, 0.00593865, 0.00721977, 0.00768136, 0.00944247, 0.00839999, 0.00619418, 0.00807099, 0.00787266, 0.00576863, 0.00592754, 0.00799189, 0.00975739, 0.00748622, 0.00464933, 0.00632062, 0.00814924, 0.00419526, 0.00602601, 0.00659877, 0.00794256, 0.0055972, 0.00590562, 0.00826244, 0.00681782, 0.00827276, 0.00535126, 0.00996182, 0.00576736, 0.00957163, 0.00418516, 0.00506965, 0.00813811, 0.00477901, 0.0046519, 0.00566691, 0.00880654, 0.0076822, 0.00465995, 0.00977994, 0.00515003, 0.00912862, 0.00841229, 0.006636, 0.00873396, 0.00663757, 0.00382488, 0.00593845, 0.00382259, 0.00498809, 0.00603477, 0.00396054, 0.00483539, 0.00848068, 0.0060249, 0.00680956, 0.00708578, 0.00576492, 0.00598999, 0.00757087, 0.00856025, 0.00589782, 0.00837414, 0.00914447, 0.0060518];
GivenLatency = [550.754, 776.673, 688.084, 634.376, 939.788, 710.437, 531.369, 513.99, 802.498, 456.437, 587.175, 682.419, 390.248, 554.598, 397.68, 521.746, 397.321, 472.25, 519.046, 856.418, 703.579, 705.861, 539.805, 936.363, 440.377, 753.804, 674.824, 557.411, 786.278, 834.187, 671.628, 524.847, 488.724, 1092.29, 907.008, 389.227, 638.459, 658.287, 934.137, 934.237, 410.142, 491.923, 1242.8, 971.309, 955.739, 454.784, 726.136, 466.801, 841.324, 602.47, 529.472, 527.478, 497.69, 711.509, 1002.76, 512.419, 1216.74, 861.358, 958.633, 589.568, 813.292, 479.623, 570.412, 827.753, 627.562, 506.117, 502.45, 515.351, 516.556, 761.669, 446.79, 429.014, 594.258, 607.298, 433.654, 342.9, 657.566, 727.561, 618.06, 419.776, 1161.24, 709.809, 641.286, 430.7, 615.721, 824.706, 494.561, 623.71, 577.739, 667.924, 382.084, 754.128, 385.585, 1177.63, 901.655, 579.214, 813.801, 743.578, 695.148, 454.783, 542.023, 917.435, 369.577, 734.898, 503.721, 442.561, 659.66, 569.872, 559.599, 1028.74, 638.362, 1120.39, 931.304, 621.433, 1159.89, 940.313, 454.002, 604.92, 732.534, 623.494, 674.745, 728.811, 446.794, 502.844, 688.848, 591.816, 393.574, 586.87];
HighestPossibleCritFunctionValue = 1.1;
