NumDevices = 128;
NumSlotes = 1024;


GivenBandwidthOld = [0.00491597, 0.00526459, 0.00441039, 0.00787479, 0.00414153, 0.00421117, 0.00457417, 0.00563551, 0.00856583, 0.00835729, 0.00847947, 0.00697257, 0.00545545, 0.00729201, 0.00432426, 0.00532922, 0.00566411, 0.00416536, 0.00467869, 0.00731336, 0.00814494, 0.00445947, 0.00779227, 0.00717949, 0.00817487, 0.00754721, 0.00847875, 0.00479012, 0.00504981, 0.00460353, 0.00411541, 0.00517513, 0.00598426, 0.00498621, 0.00564906, 0.006321, 0.00453004, 0.00396067, 0.00446167, 0.00483138, 0.00857334, 0.00470072, 0.0074548, 0.00537036, 0.00713013, 0.00863573, 0.00815691, 0.00568215, 0.00744793, 0.0048337, 0.00750574, 0.0064009, 0.00746414, 0.00733136, 0.00574415, 0.0043925, 0.00730594, 0.00839918, 0.00760821, 0.00866495, 0.00434274, 0.005935, 0.00704286, 0.00681377, 0.0064496, 0.00594975, 0.00498427, 0.00814197, 0.00451412, 0.00637812, 0.00458497, 0.00709423, 0.0051874, 0.00711334, 0.00633894, 0.00605779, 0.00571282, 0.00782871, 0.00455477, 0.00450805, 0.00421105, 0.00767561, 0.00654118, 0.00504874, 0.00671504, 0.00713918, 0.00575835, 0.00813723, 0.00489467, 0.00720565, 0.00785306, 0.00381264, 0.00654474, 0.00495021, 0.00563793, 0.0041542, 0.00713807, 0.00701893, 0.00471499, 0.00728923, 0.00762302, 0.00764363, 0.00403169, 0.0081509, 0.00466646, 0.00672027, 0.00515762, 0.00668124, 0.00405474, 0.00544508, 0.00800065, 0.00435138, 0.00614921, 0.0073022, 0.00565233, 0.00614937, 0.00500097, 0.00382781, 0.00653262, 0.00632596, 0.00795429, 0.00522885, 0.00872097, 0.00587461, 0.00700847, 0.00387228, 0.00389599, 0.00735605];
GivenLatency = [232.069, 220.301, 230.947, 132.068, 241.703, 248.019, 253.68, 185.871, 151.221, 140.356, 151.904, 158.068, 234.603, 166.432, 223.755, 225.976, 228.918, 285.647, 242.174, 139.35, 131.487, 223.102, 146.54, 149.095, 139.083, 126.756, 130.783, 241.452, 234.416, 278.683, 281.293, 233.497, 174.819, 243.65, 193.013, 180.764, 215.684, 319.248, 249.793, 254.534, 131.158, 221.526, 161.156, 189.375, 139.621, 110.691, 148.038, 181.295, 157.665, 256.229, 155.576, 160.925, 131.324, 133.298, 183.446, 259.907, 154.51, 119.174, 162.214, 141.581, 294.612, 186.446, 146.141, 189.758, 194.227, 168.521, 213.586, 157.911, 281.565, 169.512, 250.49, 178.635, 242.851, 156.848, 171.874, 163.818, 222.231, 128.53, 251.57, 219.789, 231.286, 131.032, 163.282, 194.809, 170.826, 168.629, 184.248, 136.368, 198.676, 179.878, 146.378, 290.819, 170.137, 252.918, 215.876, 307.855, 134.487, 163.385, 236.502, 141.146, 132.198, 166.64, 313.292, 120.115, 229.772, 154.108, 207.601, 158.271, 238.826, 183.125, 137.441, 289.279, 185.44, 133.415, 220.742, 205.911, 214.254, 283.242, 181.116, 175.74, 135.985, 182.552, 123.746, 191.938, 176.844, 300.379, 297.623, 170.205];
HighestPossibleCritFunctionValue = 1.1;
