NumDevices = 32;
NumSlotes = 256;


GivenBandwidthOld = [0.0187996, 0.0151458, 0.024801, 0.0208607, 0.0164513, 0.0272605, 0.0176448, 0.0255118, 0.0261957, 0.021191, 0.0279711, 0.0210436, 0.0304335, 0.0252617, 0.0237203, 0.0169337, 0.0339861, 0.0150655, 0.0166706, 0.0323179, 0.0172371, 0.0346511, 0.0304411, 0.0327667, 0.0205341, 0.0272734, 0.0335134, 0.0297226, 0.0184257, 0.0300328, 0.0311222, 0.021492];
GivenLatency = [51.5539, 68.8428, 38.2716, 49.273, 52.4458, 32.1091, 54.6762, 36.4515, 35.5344, 48.5961, 37.848, 45.7116, 38.369, 38.9031, 42.205, 56.8709, 30.3849, 56.0276, 51.9167, 29.2106, 60.4854, 32.031, 28.4491, 35.7134, 50.0089, 35.3337, 30.7543, 33.0861, 57.5731, 29.6711, 36.6213, 44.4336];
HighestPossibleCritFunctionValue = 1.1;
