NumDevices = 32;
NumSlotes = 256;


GivenBandwidthOld = [0.0247554, 0.0238566, 0.0177919, 0.0388918, 0.0151584, 0.0276889, 0.0275896, 0.0338383, 0.029613, 0.0160658, 0.0281644, 0.0187374, 0.0297459, 0.024053, 0.0189956, 0.018504, 0.0319882, 0.0362474, 0.0203581, 0.0181672, 0.0207165, 0.0176806, 0.0184524, 0.039383, 0.019417, 0.0267272, 0.0395538, 0.0162281, 0.0303236, 0.0337222, 0.0290961, 0.0285265];
GivenLatency = [77.5196, 88.2277, 129.434, 53.5554, 118.649, 75.2469, 73.854, 72.4464, 65.8923, 111, 85.6595, 106.715, 59.5036, 75.2439, 119.894, 102.223, 53.6406, 62.9219, 110.365, 105.66, 98.5512, 109.722, 133.579, 56.0493, 89.8659, 71.5326, 52.5051, 145.026, 65.404, 55.8651, 83.6755, 70.4678];
HighestPossibleCritFunctionValue = 1.1;
