NumDevices = 32;
NumSlotes = 256;


GivenBandwidthOld = [0.0151334, 0.0165874, 0.00507582, 0.0168431, 0.0136993, 0.0144563, 0.0112332, 0.016051, 0.0145884, 0.00666766, 0.00842381, 0.0114787, 0.0174634, 0.0152461, 0.0117023, 0.0122666, 0.010355, 0.00713015, 0.00642516, 0.00758874, 0.0139115, 0.00515312, 0.0159821, 0.00614015, 0.0174196, 0.01648, 0.0110616, 0.00685581, 0.00802871, 0.00847265, 0.00728639, 0.00737807];
GivenLatency = [28.1159, 19.7754, 83.1685, 23.8801, 25.1527, 27.2531, 34.1582, 23.7864, 21.5922, 55.7351, 45.9516, 51.0295, 24.6127, 30.723, 32.8991, 36.8424, 57.5399, 66.4604, 47.6135, 59.155, 28.5103, 85.1618, 22.9916, 50.6163, 30.4808, 20.769, 39.1463, 63.1604, 46.7568, 57.0985, 44.301, 80.7046];
HighestPossibleCritFunctionValue = 1.1;
