NumDevices = 64;
NumSlotes = 512;


GivenBandwidthOld = [0.00562585, 0.00749057, 0.00400675, 0.00766782, 0.00808324, 0.00257814, 0.00336323, 0.00451022, 0.00702379, 0.00252873, 0.00406557, 0.00874612, 0.00598087, 0.00545722, 0.00454729, 0.00504387, 0.00728831, 0.00464023, 0.00466042, 0.00635687, 0.00622467, 0.0029822, 0.00679635, 0.00499904, 0.00379483, 0.00841452, 0.00775944, 0.00409328, 0.00573376, 0.00861948, 0.00256453, 0.00580164, 0.0057024, 0.00649169, 0.0033715, 0.00610197, 0.00333011, 0.00421331, 0.00432357, 0.00756306, 0.00356363, 0.00399148, 0.00732551, 0.00488207, 0.00678172, 0.00286491, 0.00431173, 0.00848752, 0.00347131, 0.0085184, 0.00376171, 0.00813805, 0.0049517, 0.00814651, 0.0034553, 0.00821925, 0.00719005, 0.00313055, 0.0064709, 0.0039746, 0.00478011, 0.00559843, 0.00286628, 0.0085218];
GivenLatency = [83.3325, 41.5972, 122.793, 64.5444, 39.5183, 149.761, 121.467, 98.8523, 60.4819, 177.176, 108.118, 43.8419, 108.056, 68.4768, 70.0877, 105.759, 61.4555, 94.3487, 66.4699, 60.8919, 54.1477, 197.467, 73.39, 62.9089, 81.9571, 41.2967, 45.1047, 77.2475, 60.8487, 45.6638, 241.506, 72.7379, 72.4737, 86.051, 92.8646, 64.9759, 137.866, 77.8834, 142.881, 51.3447, 141.472, 84.9796, 49.118, 90.3878, 47.8091, 191.052, 105.849, 68.7319, 153.048, 42.0899, 143.665, 45.6778, 68.6475, 55.0935, 118.15, 38.4753, 54.4871, 129.73, 94.3626, 80.2079, 67.243, 66.3838, 126.066, 55.5237];
HighestPossibleCritFunctionValue = 1.1;
