NumDevices = 64;
NumSlotes = 512;


GivenBandwidthOld = [0.00853504, 0.0133876, 0.0101718, 0.0122982, 0.0111619, 0.0130932, 0.0117417, 0.00815491, 0.0146586, 0.0116776, 0.00960704, 0.0104742, 0.0151406, 0.0134247, 0.0145254, 0.0135315, 0.00932742, 0.0109034, 0.00907731, 0.0173781, 0.00902564, 0.00893914, 0.0151324, 0.0144513, 0.0088137, 0.0169329, 0.0168293, 0.015775, 0.0154785, 0.0128349, 0.0107277, 0.01511, 0.00795063, 0.0112162, 0.0159357, 0.0171144, 0.0174427, 0.0137792, 0.0120665, 0.0162414, 0.0134963, 0.0165604, 0.0156601, 0.0135438, 0.0148083, 0.00763887, 0.0114752, 0.00907276, 0.0108779, 0.00923863, 0.00870839, 0.0168608, 0.0151912, 0.0128343, 0.0108637, 0.0114587, 0.0107828, 0.0115224, 0.0127481, 0.011904, 0.0147606, 0.0166333, 0.0108414, 0.01605];
GivenLatency = [109.032, 84.9711, 118.507, 91.1037, 88.8709, 87.286, 103.173, 114.079, 70.7764, 84.4739, 117.907, 99.328, 79.6348, 68.2797, 68.319, 68.5406, 111.68, 90.1147, 135.377, 54.0241, 118.872, 126.401, 80.4598, 69.2321, 108.006, 67.196, 62.6126, 76.0227, 72.6697, 75.1186, 96.9306, 77.1962, 154.746, 93.5597, 74.7276, 60.1376, 71.2297, 67.695, 82.2573, 58.9333, 81.4958, 58.0152, 75.7013, 92.2863, 71.5694, 135.725, 82.5375, 114.043, 88.6017, 133.407, 119.211, 61.0843, 70.6504, 82.6983, 110.888, 82.9668, 97.0189, 79.1264, 78.4769, 85.5282, 73.698, 62.2769, 91.6809, 59.3175];
HighestPossibleCritFunctionValue = 1.1;
