NumDevices = 64;
NumSlotes = 512;


GivenBandwidthOld = [0.0109319, 0.0120274, 0.0120409, 0.0146788, 0.011929, 0.00777541, 0.0112457, 0.0107726, 0.0104031, 0.0131984, 0.0183391, 0.0170904, 0.0188454, 0.0150651, 0.0161557, 0.00959984, 0.0119388, 0.010224, 0.0141686, 0.0110432, 0.00808357, 0.0154941, 0.0146501, 0.0169218, 0.00911814, 0.0161145, 0.0161306, 0.011885, 0.0188965, 0.0108586, 0.01847, 0.0184634, 0.0193583, 0.00991293, 0.0116227, 0.0101771, 0.0136161, 0.0130122, 0.0128163, 0.00860986, 0.0109594, 0.011743, 0.0193864, 0.00800101, 0.0154077, 0.0123579, 0.0170912, 0.0195005, 0.0120005, 0.00980662, 0.0124072, 0.00790938, 0.0130093, 0.0146998, 0.0142884, 0.0119385, 0.0182319, 0.0164108, 0.00942346, 0.0101072, 0.0145786, 0.0152881, 0.0150762, 0.0162281];
GivenLatency = [250.334, 231.268, 265.432, 158.238, 197.277, 352.841, 285.123, 228.791, 316.184, 177.095, 124.591, 170.025, 129.226, 153.512, 201.462, 286.466, 192.93, 220.125, 205.632, 229.05, 279.929, 195.687, 164.968, 156.794, 343.192, 139.554, 175.061, 192.774, 130.143, 251.332, 124.832, 138.725, 141.817, 281.11, 204.055, 240.267, 172.118, 245.326, 177.721, 331.06, 256.323, 238.196, 125.99, 295.111, 170.259, 247.258, 167.063, 135.898, 228.283, 304.3, 245.817, 300.465, 175.1, 157.993, 163.935, 195.335, 157.858, 172.079, 340.403, 238.652, 168.885, 180.031, 173.753, 165.957];
HighestPossibleCritFunctionValue = 1.1;
