NumDevices = 128;
NumSlotes = 1024;


GivenBandwidthOld = [0.00467378, 0.00466054, 0.00722769, 0.00957777, 0.00724593, 0.00977904, 0.00876291, 0.00567624, 0.00924103, 0.00406616, 0.00488069, 0.0073198, 0.00770057, 0.00721084, 0.00765725, 0.00418256, 0.00497604, 0.00976627, 0.00667888, 0.00441348, 0.00487416, 0.00998376, 0.00572799, 0.00405863, 0.00959083, 0.00799599, 0.00985919, 0.00591785, 0.00760588, 0.00947433, 0.00630324, 0.00972805, 0.00817075, 0.00954475, 0.00863447, 0.00956361, 0.00687591, 0.00959677, 0.00799077, 0.00964007, 0.00440768, 0.00731392, 0.00874821, 0.00869123, 0.00732381, 0.00630553, 0.00446838, 0.00887339, 0.00638197, 0.00806609, 0.00673618, 0.00499674, 0.00773946, 0.00463285, 0.00434199, 0.00952907, 0.00751545, 0.0084478, 0.00973108, 0.00904376, 0.00729735, 0.00532234, 0.0050177, 0.00380233, 0.00821824, 0.00769912, 0.00781556, 0.0086505, 0.00391794, 0.0075992, 0.0097393, 0.00971015, 0.00715445, 0.00987263, 0.00688074, 0.00955303, 0.00411421, 0.00629557, 0.00582682, 0.00892992, 0.00641007, 0.00524699, 0.00739732, 0.00432568, 0.00418117, 0.00673876, 0.00466949, 0.00766675, 0.00755679, 0.00941956, 0.00451363, 0.00680799, 0.00557777, 0.00438226, 0.00506865, 0.00384092, 0.00676755, 0.00714673, 0.00517096, 0.00461262, 0.00813402, 0.00478449, 0.00911007, 0.00922582, 0.0045262, 0.00551914, 0.00648651, 0.00869046, 0.00689357, 0.00654307, 0.00933039, 0.00579106, 0.00790027, 0.00738339, 0.00756156, 0.00839058, 0.00417376, 0.00719848, 0.00617844, 0.00601266, 0.00725594, 0.00931755, 0.00875901, 0.0089906, 0.00748181, 0.00561022, 0.00589301, 0.00873514];
GivenLatency = [811.235, 777.551, 579.683, 446.154, 535.187, 462.934, 411.214, 650.736, 443.001, 861.258, 828.857, 459.324, 479.363, 545.381, 439.011, 873.547, 809.911, 469.944, 538.775, 827.771, 885.895, 461.485, 658.435, 1208.65, 361.283, 420.314, 399.713, 755.22, 506.772, 471.752, 647.966, 420.548, 451.04, 494.313, 481.72, 456.279, 534.025, 358.399, 421.417, 475.699, 979.414, 507.892, 410.065, 385.489, 534.659, 595.753, 822.31, 400.817, 566.351, 476.225, 550.843, 704.982, 476.685, 971.636, 793.348, 371.639, 652.893, 456.974, 395.496, 455.372, 504.494, 634.001, 701.002, 1225.3, 495.814, 433.911, 550.037, 465.811, 884.991, 584.118, 398.81, 345.377, 589.753, 492.056, 625.005, 415.934, 990.475, 540.765, 813.991, 449.098, 630.63, 642.607, 543.716, 1034.21, 895.855, 531.038, 1011.71, 512.91, 564.051, 386.912, 864.247, 712.498, 642.408, 784.15, 777.643, 1295.9, 603.855, 472.946, 760.796, 750.579, 570.274, 766.37, 535.694, 523.415, 793.594, 707.432, 720.513, 463.466, 669.273, 582.032, 377.926, 746.077, 437.024, 620.58, 496.316, 433.744, 1105.87, 676.874, 574.627, 624.592, 540.93, 368.764, 405.459, 404.764, 464.035, 646.243, 580.947, 424.104];
HighestPossibleCritFunctionValue = 1.1;
