NumDevices = 128;
NumSlotes = 1024;


GivenBandwidthOld = [0.00634381, 0.00423533, 0.00452324, 0.0057652, 0.00449339, 0.00411861, 0.00517522, 0.007422, 0.00663558, 0.00787478, 0.00389348, 0.00903539, 0.00410799, 0.00804289, 0.0044242, 0.00996958, 0.00495917, 0.00745395, 0.00600499, 0.00961904, 0.00720529, 0.00807658, 0.00800617, 0.00594553, 0.004029, 0.00537786, 0.00690415, 0.00922508, 0.00466249, 0.00869832, 0.00772877, 0.00614456, 0.00535027, 0.00576847, 0.00934792, 0.00675459, 0.00815315, 0.00753102, 0.00765465, 0.0041268, 0.00541824, 0.00440688, 0.00641048, 0.00588224, 0.00901644, 0.00435788, 0.00788473, 0.00871588, 0.00901366, 0.00766786, 0.00754145, 0.00793259, 0.00683883, 0.00526066, 0.0058811, 0.0086455, 0.00738289, 0.00546435, 0.00426263, 0.00706738, 0.00890028, 0.00828138, 0.00634248, 0.00682052, 0.00990377, 0.00517737, 0.00603243, 0.00834107, 0.00957859, 0.00855311, 0.00460066, 0.00697726, 0.00675585, 0.00429169, 0.00787569, 0.00665456, 0.00821749, 0.00767854, 0.0057342, 0.00847858, 0.00830345, 0.00865258, 0.00770151, 0.00427715, 0.00737331, 0.00697818, 0.00977764, 0.00407636, 0.00754853, 0.00812839, 0.00383048, 0.00634031, 0.0078514, 0.00465703, 0.00438714, 0.00586395, 0.00788736, 0.00903611, 0.00997659, 0.00401461, 0.00731775, 0.00441667, 0.00839855, 0.00695053, 0.00760888, 0.00996116, 0.0072381, 0.0095158, 0.0096074, 0.0052378, 0.00923859, 0.00666418, 0.00732052, 0.00730757, 0.00834221, 0.00381042, 0.00675414, 0.00675395, 0.00992956, 0.00734793, 0.00543724, 0.00494917, 0.00815913, 0.00801676, 0.0089654, 0.00893299, 0.00807237, 0.00608552];
GivenLatency = [630.256, 1101.62, 957.325, 727.862, 1005.93, 972.825, 800.204, 524.597, 708.236, 429.078, 1205.21, 528.901, 890.826, 423.185, 850.811, 471.113, 683.133, 472.854, 680.929, 469.483, 508.466, 601.53, 528.632, 792.186, 854.524, 681.885, 680.738, 489.207, 846.373, 506.911, 543.662, 764.308, 754.321, 678.002, 462.816, 517.957, 521.259, 484.517, 550.359, 1185.48, 797.495, 777.816, 672.777, 591.534, 471.657, 1124.35, 517.59, 387.95, 460.378, 462.347, 517.053, 550.114, 633.26, 775.674, 841.504, 445.213, 469.744, 855.345, 1037.62, 474.175, 442.05, 495.007, 687.27, 718.623, 428.381, 961.863, 653.668, 451.14, 352.337, 565.666, 1038.05, 545.09, 640.064, 924.642, 517.99, 629.188, 551.842, 498.927, 649.831, 550.401, 506.361, 473.919, 534.718, 1087.67, 547.168, 503.59, 372.576, 1158.06, 443.19, 471.947, 876.849, 647.764, 496.964, 929.551, 843.584, 830.307, 563.713, 401.763, 398.845, 1220.62, 504.967, 1122.81, 514.896, 536.784, 495.453, 361.257, 667.242, 475.004, 460.259, 721.21, 397.571, 650.069, 491.836, 522.864, 501.857, 934.767, 709.609, 669.185, 396.041, 534.126, 762.87, 910.842, 519.516, 522.59, 516.108, 393.024, 582.986, 690.268];
HighestPossibleCritFunctionValue = 1.1;
