NumDevices = 16;
NumSlotes = 128;


GivenBandwidthOld = [0.0414522, 0.0663814, 0.0523298, 0.0465264, 0.0698692, 0.0321345, 0.0644623, 0.0372333, 0.0406762, 0.0643879, 0.0670716, 0.053227, 0.0463638, 0.0559106, 0.0690924, 0.0565422];
GivenLatency = [22.6723, 14.2533, 20.5476, 21.4898, 13.9369, 32.9206, 13.8245, 24.1138, 20.5818, 16.1605, 12.4297, 19.693, 18.7225, 19.255, 12.1496, 17.2188];
HighestPossibleCritFunctionValue = 1.1;
