NumDevices = 32;
NumSlotes = 256;


GivenBandwidthOld = [0.0130316, 0.0167102, 0.00583979, 0.00683523, 0.0122784, 0.00803895, 0.00565952, 0.0145769, 0.013676, 0.0092311, 0.0170528, 0.0143297, 0.00886411, 0.0115457, 0.00643065, 0.0124863, 0.014173, 0.0124166, 0.00504083, 0.0161875, 0.00815147, 0.00919063, 0.0119941, 0.0167759, 0.00975622, 0.00523684, 0.0105188, 0.00943187, 0.016487, 0.0173717, 0.0116332, 0.0135236];
GivenLatency = [31.3302, 21.8956, 78.3517, 72.6358, 26.0677, 42.7876, 65.0226, 24.6155, 22.5778, 37.2797, 35.2158, 21.7779, 52.0028, 31.8113, 79.8824, 35.172, 28.0011, 30.6706, 90.4806, 23.1799, 62.991, 36.308, 39.7863, 30.2122, 34.0961, 95.6124, 30.7063, 46.32, 20.3847, 33.2901, 45.6005, 27.6594];
HighestPossibleCritFunctionValue = 1.1;
