NumDevices = 16;
NumSlotes = 128;


GivenBandwidthOld = [0.0232312, 0.0118652, 0.033956, 0.0141778, 0.0263673, 0.0205692, 0.0213978, 0.022124, 0.0288711, 0.0264646, 0.0305643, 0.0334121, 0.0215758, 0.014956, 0.0308815, 0.0157413];
GivenLatency = [16.9363, 35.0558, 10.1127, 25.8097, 20.0716, 17.0149, 18.5573, 15.4107, 21.1941, 20.6256, 17.232, 16.1995, 22.553, 22.1811, 18.1872, 28.2723];
HighestPossibleCritFunctionValue = 1.1;
