NumDevices = 64;
NumSlotes = 512;


GivenBandwidthOld = [0.0142369, 0.00931646, 0.0116975, 0.0169037, 0.0172638, 0.00850361, 0.0127344, 0.0197266, 0.0125782, 0.00759596, 0.00773325, 0.0152086, 0.015948, 0.0179841, 0.0129889, 0.00898248, 0.0110598, 0.0119742, 0.0175459, 0.0119601, 0.0189772, 0.0172719, 0.0192425, 0.0136802, 0.0153686, 0.0180032, 0.00934859, 0.0143321, 0.00953524, 0.0138386, 0.0154964, 0.0154538, 0.0125203, 0.00824096, 0.010857, 0.0163843, 0.0141977, 0.0140691, 0.0145701, 0.00994828, 0.0182511, 0.0129322, 0.0185284, 0.0118326, 0.0125683, 0.014882, 0.0150771, 0.0187425, 0.00997659, 0.0190446, 0.0126863, 0.0115241, 0.0149252, 0.015031, 0.01802, 0.0165097, 0.00773713, 0.0179193, 0.0118179, 0.0162595, 0.0161518, 0.0188389, 0.0173181, 0.00844929];
GivenLatency = [197.293, 267.084, 196.485, 171.807, 161.697, 328.158, 209.449, 113.553, 209.944, 385.597, 334.97, 181.806, 142.314, 126.422, 229.586, 288.114, 294.818, 217.514, 148.489, 190.201, 119.328, 151.297, 151.995, 185.165, 190.392, 137.742, 353.691, 176.416, 348.323, 207.635, 155.794, 161.1, 199.128, 400.468, 296.854, 181.936, 208.327, 229.666, 180.232, 316.979, 172.711, 248.541, 164.412, 235.033, 224.859, 192.153, 208.019, 149.859, 294.219, 164.066, 192.509, 201.555, 212.139, 201.006, 156.193, 194.559, 326.713, 155.648, 191.086, 139.414, 170.258, 136.994, 170.283, 272.959];
HighestPossibleCritFunctionValue = 1.1;
