NumDevices = 16;
NumSlotes = 128;


GivenBandwidthOld = [0.0599282, 0.0339758, 0.0517455, 0.0661949, 0.0375364, 0.0546499, 0.040216, 0.0508416, 0.0339264, 0.0617227, 0.033427, 0.0671089, 0.0400228, 0.0426485, 0.0531608, 0.0540899];
GivenLatency = [12.979, 25.0166, 15.0369, 12.0609, 25.0622, 17.8474, 24.5336, 17.2371, 25.7787, 15.852, 30.8768, 15.2852, 26.8406, 24.2658, 15.503, 14.3858];
HighestPossibleCritFunctionValue = 1.1;
