NumDevices = 64;
NumSlotes = 512;


GivenBandwidthOld = [0.00872638, 0.00556431, 0.00431174, 0.00858784, 0.00837133, 0.00693412, 0.00808309, 0.00629807, 0.00548477, 0.00494969, 0.00565239, 0.00345005, 0.00753461, 0.00664781, 0.00848952, 0.00591163, 0.00420135, 0.00340977, 0.00546063, 0.00556797, 0.00336138, 0.0047968, 0.00489467, 0.00591506, 0.0056652, 0.00630454, 0.00787049, 0.00813612, 0.00381085, 0.00266906, 0.00637593, 0.00776795, 0.00341396, 0.00710158, 0.00379986, 0.00554961, 0.00723208, 0.00338549, 0.00375883, 0.00347178, 0.00398291, 0.00694182, 0.00614418, 0.00650845, 0.00372567, 0.00852127, 0.00817294, 0.00386917, 0.00786795, 0.00294646, 0.00611375, 0.00760115, 0.0062329, 0.00392456, 0.00750471, 0.00408201, 0.00380814, 0.00711993, 0.00595372, 0.00535051, 0.0047121, 0.00633841, 0.0084149, 0.00794144];
GivenLatency = [42.3763, 106.835, 83.9318, 42.5093, 56.0621, 56.4406, 61.5873, 64.5507, 108.348, 94.2541, 79.0529, 147.635, 44.8408, 92.1435, 44.9424, 55.4322, 90.1951, 119.096, 81.7664, 96.35, 129.157, 128.279, 71.3116, 101.803, 58.3119, 82.6061, 60.7956, 48.9116, 131.147, 159.291, 62.5143, 49.3272, 119.607, 51.0666, 125.555, 92.9517, 62.0982, 100.743, 90.4047, 127.698, 89.1905, 62.8516, 73.8907, 73.8776, 146.618, 44.2419, 72.5462, 143.074, 73.6261, 145.244, 67.0573, 44.0438, 55.4243, 99.7585, 75.2642, 141.883, 165.134, 71.5087, 53.563, 67.3215, 77.8272, 78.1963, 43.4087, 61.7978];
HighestPossibleCritFunctionValue = 1.1;
