NumDevices = 128;
NumSlotes = 1024;


GivenBandwidthOld = [0.0036307, 0.00423798, 0.00142089, 0.0015687, 0.00143604, 0.00305983, 0.00343465, 0.00302613, 0.00271637, 0.00283228, 0.00399885, 0.00422709, 0.00283355, 0.00349622, 0.00342423, 0.00290373, 0.00181788, 0.00189564, 0.002571, 0.00324091, 0.00314673, 0.00143506, 0.00220572, 0.00161216, 0.00365479, 0.00285672, 0.00229678, 0.0037731, 0.00392125, 0.00314652, 0.00422529, 0.0038712, 0.00259815, 0.00332256, 0.00352494, 0.00171722, 0.00384043, 0.00429089, 0.00330632, 0.00237607, 0.00203562, 0.00209999, 0.00273248, 0.00163329, 0.00254111, 0.0040934, 0.00284395, 0.00332782, 0.00437178, 0.00338012, 0.00215177, 0.00412416, 0.00405555, 0.00417555, 0.0021731, 0.00324456, 0.00193591, 0.00427701, 0.00436443, 0.00176839, 0.00132727, 0.00312777, 0.00147887, 0.00411818, 0.0036212, 0.00399259, 0.0021381, 0.0025402, 0.00133216, 0.00390946, 0.0019784, 0.0028975, 0.00329645, 0.00215316, 0.00252664, 0.00145783, 0.00354377, 0.00272242, 0.00133256, 0.00137261, 0.00252946, 0.00200517, 0.00274953, 0.00378746, 0.00151021, 0.00268416, 0.00198643, 0.00334521, 0.0029749, 0.00412215, 0.0015955, 0.00177073, 0.00323287, 0.00238868, 0.00149726, 0.00374944, 0.00313229, 0.00245602, 0.00200164, 0.00278947, 0.00325093, 0.00281912, 0.00154946, 0.00296863, 0.00188676, 0.0032234, 0.00256461, 0.00221908, 0.00413621, 0.00354659, 0.0032469, 0.00370134, 0.00402835, 0.00321375, 0.00288745, 0.00306012, 0.00204402, 0.00255274, 0.00257466, 0.00226591, 0.00376166, 0.00217663, 0.00331374, 0.00222747, 0.00143981, 0.00392691, 0.00143435, 0.00277288];
GivenLatency = [122.42, 89.4164, 254.879, 251.907, 221.863, 125.491, 125.61, 178.403, 171.794, 138.078, 84.4888, 122.717, 172.494, 103.712, 111.116, 116.152, 252.464, 207.961, 140.439, 106.796, 121.2, 224.578, 255.172, 351.487, 113.235, 217.582, 165.818, 84.8563, 82.9548, 122.969, 124.582, 96.2698, 156.448, 114.508, 119.782, 210.564, 137.732, 76.3894, 107.662, 259.708, 183.873, 190.742, 179.967, 275.721, 141.342, 99.7909, 140.127, 158.72, 136.44, 120.78, 193.117, 99.2795, 133.53, 121.057, 270.309, 111.833, 175.817, 145.917, 83.7064, 235.895, 302.438, 119.684, 326.013, 96.7439, 87.9629, 85.0354, 286.345, 235.629, 266.545, 145.614, 258.768, 218.016, 125.992, 237.403, 132.399, 339.442, 132.103, 150.581, 344.16, 297.77, 179.379, 245.44, 191.678, 166.287, 360.724, 132.067, 315.625, 170.074, 121.972, 109.972, 312.77, 324.415, 107.998, 233.196, 287.974, 84.2437, 114.18, 241.535, 322.476, 158.821, 196.941, 177.758, 337.088, 131.415, 243.632, 156.788, 150.238, 278.614, 92.2037, 112.837, 138.786, 128, 91.5964, 129.364, 110.298, 113.868, 278.635, 215.813, 129.213, 237.474, 114.352, 153.405, 113.41, 164.383, 256.629, 91.6068, 252.187, 153.226];
HighestPossibleCritFunctionValue = 1.1;
