NumDevices = 128;
NumSlotes = 1024;


GivenBandwidthOld = [0.00284807, 0.00377307, 0.00338203, 0.00310397, 0.00162986, 0.00431039, 0.00285039, 0.00209387, 0.00292289, 0.00193468, 0.00244087, 0.00374628, 0.00308662, 0.00371121, 0.00424504, 0.00143962, 0.00376789, 0.00382028, 0.00307089, 0.00183743, 0.00232879, 0.00435653, 0.00339278, 0.0025114, 0.00162663, 0.00308228, 0.00267607, 0.00355442, 0.00357951, 0.00339655, 0.00338022, 0.00381128, 0.00172896, 0.00433032, 0.00351118, 0.0017211, 0.00336228, 0.00230573, 0.00430087, 0.00217389, 0.00400923, 0.00372247, 0.00299993, 0.00301521, 0.0035601, 0.00215971, 0.00320264, 0.00369797, 0.00361842, 0.00415138, 0.00217928, 0.00409036, 0.00161266, 0.00277191, 0.00186402, 0.00240796, 0.00364016, 0.00383669, 0.00385788, 0.00384619, 0.0041395, 0.00252731, 0.00332888, 0.00344634, 0.00256761, 0.00264807, 0.00167461, 0.00331376, 0.00247241, 0.00253653, 0.00201223, 0.0026252, 0.00172252, 0.00222092, 0.00380577, 0.00302805, 0.00360949, 0.00410268, 0.0025585, 0.00259344, 0.00223668, 0.00315769, 0.00136115, 0.00376398, 0.00376186, 0.00253251, 0.00326424, 0.00151458, 0.00431911, 0.00256534, 0.00189446, 0.001454, 0.00180127, 0.003899, 0.00428299, 0.00172253, 0.00243514, 0.00424167, 0.00411247, 0.00147357, 0.00256591, 0.00213198, 0.00279279, 0.00278685, 0.003024, 0.00128326, 0.00405991, 0.00241187, 0.00386209, 0.00269273, 0.00235977, 0.00320659, 0.00130739, 0.00323325, 0.00250927, 0.00327364, 0.00314791, 0.00253983, 0.00436758, 0.00147657, 0.00291603, 0.00214111, 0.00310007, 0.00155401, 0.00131437, 0.00194409, 0.00434984, 0.00331347];
GivenLatency = [120.032, 102.07, 108.79, 109.944, 221.654, 83.2223, 203.271, 307.478, 150.515, 209.914, 182.699, 137.464, 199.075, 102.943, 95.6634, 260.432, 85.093, 152.116, 112.055, 235.106, 142.543, 75.6656, 128.339, 201.244, 384.641, 162.391, 148.487, 148.12, 109.707, 153.273, 156.41, 88.6101, 235.169, 127.683, 128.86, 203.664, 172.699, 180.036, 108.034, 175.793, 150.916, 86.119, 138.24, 105.336, 90.4188, 261.828, 145.069, 137.225, 158.033, 91.1351, 244.79, 85.8157, 329.558, 165.611, 236.007, 183.429, 123.121, 117.568, 123.229, 140.945, 147.26, 225.288, 159.444, 184.475, 182.217, 183.196, 194.862, 139.183, 185.456, 132.625, 158.514, 223.765, 343.302, 216.092, 161.655, 120.022, 106.889, 94.1856, 172.011, 141.376, 289.413, 154.3, 379.288, 112.842, 109.187, 145.808, 168.708, 233.288, 113.769, 246.398, 200.884, 374.596, 280.325, 129.82, 131.64, 249.444, 143.151, 108.254, 80.9036, 436.771, 175.052, 220.879, 218.724, 212.364, 135.435, 332.617, 93.4401, 133.666, 112.229, 146.706, 260.404, 99.2196, 266.09, 193.472, 183.57, 161.427, 121.902, 245.488, 74.525, 428.907, 170.084, 190.109, 155.758, 350.205, 398.714, 234.446, 72.0903, 114.44];
HighestPossibleCritFunctionValue = 1.1;
