NumDevices = 128;
NumSlotes = 1024;


GivenBandwidthOld = [0.00426496, 0.00860943, 0.00627372, 0.00496029, 0.00513846, 0.00458544, 0.00507615, 0.00728908, 0.00509131, 0.00714224, 0.00704404, 0.00671297, 0.00745667, 0.00670789, 0.00692995, 0.0041283, 0.00685689, 0.00631364, 0.00583111, 0.00594626, 0.00632422, 0.00874303, 0.00661531, 0.00608233, 0.00824246, 0.00858004, 0.00732084, 0.00386476, 0.00750384, 0.00455799, 0.00861166, 0.00862511, 0.00471189, 0.00531666, 0.0046333, 0.00438053, 0.00610063, 0.00575742, 0.00739781, 0.00753738, 0.00823232, 0.008039, 0.00394066, 0.00819909, 0.00469865, 0.00777745, 0.00813483, 0.00462236, 0.00557845, 0.00443453, 0.0086558, 0.00551584, 0.00728594, 0.00721538, 0.00640332, 0.00803663, 0.00409043, 0.00540481, 0.00607515, 0.00762223, 0.00424305, 0.00542701, 0.00427205, 0.00785783, 0.00400952, 0.00557522, 0.00524279, 0.00812625, 0.00536363, 0.00410996, 0.00867173, 0.00825738, 0.0043528, 0.00507466, 0.00726669, 0.00379044, 0.00836217, 0.00542876, 0.00862919, 0.00833573, 0.00613137, 0.00744582, 0.00445252, 0.00607692, 0.00730651, 0.0080005, 0.00685132, 0.00771817, 0.00673808, 0.00445418, 0.00398305, 0.00567849, 0.00589561, 0.00498747, 0.00688208, 0.00465561, 0.00432521, 0.00635508, 0.00730444, 0.00829348, 0.00608758, 0.00646623, 0.0053968, 0.00654398, 0.00710138, 0.00544731, 0.00545057, 0.00516374, 0.00439842, 0.00675522, 0.00749623, 0.00665708, 0.0079588, 0.00599018, 0.00436771, 0.00562886, 0.00682777, 0.00691375, 0.00684383, 0.00670783, 0.00601101, 0.00461891, 0.00745799, 0.0039084, 0.00596593, 0.0068534, 0.00758061, 0.0048423];
GivenLatency = [245.889, 146.936, 198.406, 220.769, 239.261, 267.092, 229.836, 165.421, 224.735, 169.592, 158.807, 156.151, 154.327, 156.941, 157.045, 233.103, 177.012, 155.447, 201.81, 165.514, 196.409, 114.068, 187.738, 205.385, 125.837, 125.554, 131.679, 311.925, 136.779, 236.314, 141.724, 129.598, 247.173, 198.802, 215.078, 269.44, 162.421, 170.33, 152.268, 135.075, 154.594, 133.712, 282.774, 123.047, 224.116, 153.687, 127.136, 206.953, 224.903, 269.453, 140.499, 232.672, 140.664, 162.449, 155.437, 137.362, 256.112, 182.909, 175.233, 166.829, 237.596, 195.518, 249.062, 162.903, 243.48, 190.162, 207.081, 132.796, 240.873, 288.358, 116.351, 131.698, 219.221, 236.484, 151.513, 287.685, 125.119, 212.861, 119.713, 124.43, 207.291, 161.636, 242.701, 157.397, 152.796, 157.94, 188.907, 146.153, 146.966, 255.593, 278.962, 180.404, 180.061, 236.939, 188.199, 206.589, 231.779, 177.189, 147.782, 115.684, 195.169, 185.776, 191.458, 169.788, 156.011, 235.823, 213.457, 215.667, 266.356, 164.316, 141.341, 173.469, 134.55, 212.291, 222.094, 204.685, 171.123, 139.103, 150.769, 149.262, 179.881, 263.867, 128.015, 273.189, 161.066, 145.74, 168.951, 203.349];
HighestPossibleCritFunctionValue = 1.1;
