NumDevices = 64;
NumSlotes = 512;


GivenBandwidthOld = [0.0171444, 0.0138096, 0.0156967, 0.019632, 0.00997005, 0.00919065, 0.00982105, 0.0174247, 0.0114466, 0.0126393, 0.00953398, 0.0175467, 0.0120111, 0.0128396, 0.012637, 0.0199928, 0.0116796, 0.0172418, 0.0122781, 0.0127234, 0.00999573, 0.0156651, 0.0140327, 0.0155469, 0.0138053, 0.0174496, 0.0183285, 0.0153146, 0.00937286, 0.00958652, 0.0131628, 0.00779537, 0.00926837, 0.0159805, 0.0150499, 0.0112741, 0.0135207, 0.0100757, 0.00917823, 0.013569, 0.00901109, 0.0168031, 0.0153024, 0.0181276, 0.0133287, 0.0075792, 0.0136472, 0.0115426, 0.013165, 0.0193232, 0.0197985, 0.00881069, 0.0113444, 0.0199821, 0.0187571, 0.0177368, 0.0199997, 0.0142015, 0.015297, 0.0139619, 0.0118504, 0.0119134, 0.00837584, 0.0152319];
GivenLatency = [193.52, 199.261, 150.75, 138.697, 250.231, 254.252, 235.991, 168.144, 272.177, 228.844, 257.002, 147.781, 253.012, 237.219, 229.913, 120.58, 271.998, 136.04, 225.822, 243.824, 259.597, 184.861, 173.877, 180.624, 174.967, 177.813, 133.196, 161.79, 319.074, 241.512, 181.267, 384.688, 357.564, 151.248, 195.833, 269.35, 173.232, 232.77, 256.207, 206.555, 293.143, 179.724, 177.128, 176.13, 211.888, 306.316, 163.014, 288.007, 171.558, 131.272, 167.172, 325.219, 256.426, 144.645, 146.656, 131.467, 128.279, 171.615, 173.777, 203.282, 259.178, 270.972, 282.392, 169.002];
HighestPossibleCritFunctionValue = 1.1;
