NumDevices = 64;
NumSlotes = 512;


GivenBandwidthOld = [0.0082825, 0.00779054, 0.00812577, 0.00475259, 0.0055492, 0.00665045, 0.00280022, 0.00462309, 0.00402163, 0.00771137, 0.00871807, 0.00339869, 0.00674709, 0.00839301, 0.0025924, 0.0054595, 0.00531799, 0.00821733, 0.00620118, 0.00820252, 0.00730238, 0.00368554, 0.00292781, 0.00523316, 0.00749288, 0.00530103, 0.00446931, 0.00699217, 0.00858426, 0.00438338, 0.00645846, 0.00726176, 0.00832925, 0.00594165, 0.00250285, 0.00669434, 0.00299017, 0.00320377, 0.00570816, 0.00334639, 0.00272545, 0.00406893, 0.00275554, 0.00353216, 0.00618053, 0.0049767, 0.00344529, 0.00871028, 0.00374909, 0.00847628, 0.00838437, 0.00737686, 0.00533873, 0.00677652, 0.00304704, 0.00282953, 0.00338592, 0.00466414, 0.0064667, 0.00837126, 0.00569149, 0.00442078, 0.00381304, 0.00831007];
GivenLatency = [37.7988, 77.7538, 77.3032, 67.5552, 61.4999, 95.5315, 217.694, 137.617, 121.104, 68.7415, 53.6616, 112.388, 62.5232, 40.6461, 195.425, 79.6866, 65.0311, 72.2219, 65.6449, 54.8731, 88.5942, 111.819, 136.428, 59.3232, 49.2362, 103.901, 82.0837, 47.1564, 40.5063, 101.758, 55.6325, 48.1921, 66.2258, 60.479, 190.537, 84.6213, 179.913, 165.998, 62.0745, 116.172, 119.943, 148.745, 127.547, 118.679, 78.6694, 106.361, 151.676, 37.1588, 128.254, 40.2281, 44.0023, 60.8289, 106.722, 48.4412, 153.961, 204.911, 146.934, 73.0772, 52.5717, 45.6124, 55.963, 111.076, 117.597, 69.9883];
HighestPossibleCritFunctionValue = 1.1;
