NumDevices = 128;
NumSlotes = 1024;


GivenBandwidthOld = [0.00525704, 0.00752594, 0.00977101, 0.00513683, 0.00594949, 0.00811325, 0.00570171, 0.00613618, 0.00835275, 0.00599883, 0.00616236, 0.00457805, 0.00826755, 0.0051454, 0.00624377, 0.00403192, 0.00443418, 0.00894767, 0.00477753, 0.00470471, 0.00577976, 0.00544911, 0.00437137, 0.00955336, 0.00958308, 0.00911348, 0.00393584, 0.00842585, 0.00958639, 0.00845242, 0.00599902, 0.00926821, 0.00452716, 0.00926713, 0.00508369, 0.00659214, 0.00911652, 0.00504609, 0.00591766, 0.00431058, 0.00673863, 0.00868233, 0.00759001, 0.00527544, 0.00427935, 0.00674881, 0.00482457, 0.00787423, 0.00715294, 0.00944104, 0.00937661, 0.0076987, 0.00697678, 0.00497678, 0.00967483, 0.00737565, 0.00873422, 0.00480863, 0.00869929, 0.00516243, 0.00491555, 0.00562071, 0.00721064, 0.00417021, 0.00377105, 0.00752473, 0.00819999, 0.00723625, 0.00964801, 0.0066454, 0.00430915, 0.00771437, 0.00788884, 0.0089902, 0.00703142, 0.00449923, 0.00856401, 0.00652438, 0.00780319, 0.00694516, 0.00480119, 0.00857756, 0.00923582, 0.00400855, 0.00548162, 0.00708268, 0.00986655, 0.0045827, 0.00527322, 0.0044506, 0.00997026, 0.00398477, 0.00572188, 0.00762779, 0.00896894, 0.00603706, 0.00480931, 0.0075983, 0.00705664, 0.00962226, 0.00505473, 0.00728234, 0.00923811, 0.00491651, 0.00924904, 0.00742389, 0.00700553, 0.0068801, 0.00509862, 0.0074487, 0.0053112, 0.00534201, 0.00445054, 0.00896996, 0.00431122, 0.00491664, 0.0051578, 0.00840641, 0.00781605, 0.0044193, 0.00895167, 0.00948476, 0.0066865, 0.00744545, 0.00687728, 0.00772981, 0.00491863, 0.00743381];
GivenLatency = [857.289, 528.119, 493.72, 822.889, 629.983, 463.084, 637.129, 641.671, 496.999, 559.978, 650.882, 858.882, 575.36, 788.841, 580.408, 894.968, 759.931, 484.628, 711.474, 809.471, 770.046, 672.648, 763.818, 417.976, 445.911, 515.711, 1148.43, 524.484, 411.532, 538.284, 788.735, 435.258, 813.256, 419.169, 671.36, 664.156, 384.999, 872.14, 577.453, 773.594, 664.309, 432.753, 515.711, 644.498, 1068.12, 521.881, 1030.62, 585.371, 481.406, 444.824, 437.149, 451.074, 528.864, 860.704, 447.392, 600.977, 399.287, 797.644, 423.03, 770.231, 863.795, 616.398, 498.62, 1057.67, 890.307, 493.855, 549.52, 513.104, 353.951, 638.359, 1156.5, 613.557, 468.479, 440.348, 551.696, 773.096, 568.745, 748.219, 456.253, 554.931, 911.81, 437.364, 412.889, 885.599, 882.806, 484.346, 430.002, 877.937, 656.315, 849.259, 426.366, 918.845, 725.775, 522.859, 508.116, 642.461, 706.933, 562.874, 617.895, 360.219, 846.024, 535.779, 383.017, 824.995, 445.286, 469.345, 573.431, 533.458, 749.217, 490.529, 703.9, 647.812, 909.777, 548.892, 1132.76, 830.516, 666.892, 418.519, 624.656, 1114.35, 474.355, 407.18, 527.503, 566.242, 572.3, 614.553, 863.333, 600.658];
HighestPossibleCritFunctionValue = 1.1;
