NumDevices = 32;
NumSlotes = 256;


GivenBandwidthOld = [0.0231821, 0.0316627, 0.0153118, 0.0310683, 0.0243565, 0.0193432, 0.0356799, 0.0320666, 0.028494, 0.0343467, 0.0243293, 0.0375742, 0.0187696, 0.0208783, 0.0361084, 0.0333038, 0.0226555, 0.0308708, 0.0311004, 0.0386213, 0.0181938, 0.0186682, 0.0158304, 0.0207946, 0.0300638, 0.016571, 0.0185077, 0.0196164, 0.0279357, 0.0252673, 0.0282529, 0.0307037];
GivenLatency = [93.1574, 61.8009, 134.668, 57.3822, 83.8317, 107.923, 46.7611, 58.8698, 61.2137, 48.6598, 92.7179, 53.8847, 107.739, 82.0143, 49.478, 73.9335, 104.906, 57.6487, 61.9221, 53.2748, 115.357, 91.3974, 149.453, 107.968, 67.6712, 101.613, 129.294, 85.8844, 88.8904, 89.799, 72.4781, 66.119];
HighestPossibleCritFunctionValue = 1.1;
