NumDevices = 128;
NumSlotes = 1024;


GivenBandwidthOld = [0.00493209, 0.00609508, 0.00746917, 0.00682066, 0.00733222, 0.00520207, 0.00375236, 0.00846381, 0.00384064, 0.00717273, 0.00463343, 0.00650884, 0.00648674, 0.00506873, 0.00771469, 0.00825992, 0.00699345, 0.00635193, 0.00441177, 0.0060637, 0.00508478, 0.0073324, 0.00822305, 0.00733859, 0.00711818, 0.00779156, 0.00532637, 0.00787935, 0.00573069, 0.00826745, 0.00848139, 0.00417252, 0.00506183, 0.00671306, 0.00397553, 0.00424643, 0.00725483, 0.0043594, 0.00599466, 0.00472293, 0.00577978, 0.00822186, 0.00737771, 0.00459335, 0.00786349, 0.00421766, 0.00868718, 0.00798954, 0.00762035, 0.00778128, 0.00746481, 0.00854499, 0.008087, 0.00569814, 0.00621496, 0.00729695, 0.00733038, 0.00419106, 0.00670907, 0.00682528, 0.00502416, 0.00859039, 0.0062275, 0.00809766, 0.00490423, 0.00797266, 0.00395113, 0.00421563, 0.00454617, 0.00503863, 0.00674532, 0.00601754, 0.00428121, 0.00679167, 0.00512246, 0.00574943, 0.00810729, 0.00680352, 0.00430024, 0.00655411, 0.0074249, 0.00773467, 0.0040663, 0.00478851, 0.00791359, 0.00626146, 0.00389387, 0.00674572, 0.00779733, 0.00717863, 0.00379216, 0.0072655, 0.00868802, 0.00697643, 0.00537843, 0.00783284, 0.00404808, 0.00851333, 0.00599685, 0.00648401, 0.00429371, 0.00686864, 0.00873936, 0.00492885, 0.00667841, 0.00654359, 0.00557149, 0.00755146, 0.00492802, 0.00771942, 0.00771772, 0.0042529, 0.00605592, 0.00427488, 0.00539907, 0.00464591, 0.00632687, 0.00817591, 0.00504607, 0.00684619, 0.00639594, 0.00400002, 0.00587816, 0.00667573, 0.00652686, 0.00442174, 0.00863057, 0.0064747];
GivenLatency = [202.681, 197.889, 141.353, 139.818, 175.22, 198.535, 271.297, 143.39, 249.002, 133.23, 270.195, 152.733, 186.974, 214.165, 138.673, 147.514, 178.302, 186.634, 288.018, 170.459, 205.583, 168.306, 119.905, 136.685, 138.528, 125.064, 186.055, 163.018, 178.688, 129.311, 127.692, 296.564, 188.732, 160.97, 264.429, 249.414, 167.604, 220.399, 195.496, 221.696, 202.806, 155.134, 171.438, 265.631, 154.627, 279.228, 140.845, 125.796, 158.28, 138.358, 137.335, 131.178, 125.502, 197.566, 185.32, 136.613, 140.615, 286.661, 158.241, 173.393, 201.524, 140.41, 190.403, 142.953, 220.135, 148.564, 289.569, 263.763, 238.535, 191.991, 165.411, 167.463, 277.395, 164.991, 215.41, 211.493, 124.444, 188.078, 273.522, 170.967, 133.021, 150.031, 236.666, 213.042, 123.183, 184.771, 296.97, 179.627, 124.983, 149.865, 341.931, 134.149, 126.959, 161.076, 212.996, 134.513, 312.874, 121.72, 192.358, 188.502, 300.488, 172.178, 128.259, 234.695, 154.024, 154.253, 194.001, 144.399, 256.551, 163.708, 166.016, 229.683, 206.422, 303.422, 216.97, 246.09, 164.234, 116.951, 219.593, 144.984, 191.805, 243.679, 191.982, 155.477, 160.123, 247.235, 113.828, 151.482];
HighestPossibleCritFunctionValue = 1.1;
