NumDevices = 128;
NumSlotes = 1024;


GivenBandwidthOld = [0.00254014, 0.00330198, 0.00143193, 0.00275785, 0.00301303, 0.00435221, 0.00252726, 0.00249128, 0.00415062, 0.00189427, 0.00142598, 0.00267592, 0.00426609, 0.00204437, 0.00228666, 0.00243719, 0.00128893, 0.00236112, 0.00393187, 0.00358637, 0.00305595, 0.00392007, 0.00209481, 0.00301801, 0.00371911, 0.00274983, 0.00270111, 0.00247938, 0.00406061, 0.00162721, 0.00359928, 0.00427206, 0.00235881, 0.00268907, 0.0033069, 0.00273829, 0.00247185, 0.00255914, 0.00391067, 0.00357151, 0.00323128, 0.0036967, 0.00412435, 0.00419674, 0.0021301, 0.00238672, 0.00290243, 0.00172805, 0.00153794, 0.00317792, 0.00385426, 0.00232044, 0.00155739, 0.00200525, 0.00405201, 0.0039278, 0.00388969, 0.00397408, 0.00360901, 0.00231855, 0.00410314, 0.0039362, 0.00137704, 0.00199003, 0.00136767, 0.00401022, 0.00168322, 0.0041799, 0.00344283, 0.00303038, 0.00219054, 0.00268605, 0.00262744, 0.00182962, 0.00222311, 0.00322112, 0.00173399, 0.00133442, 0.0013701, 0.00406923, 0.00285576, 0.0018414, 0.00338986, 0.0034048, 0.00132781, 0.00276564, 0.00268175, 0.00219349, 0.0021714, 0.00290809, 0.00309632, 0.00426725, 0.00281155, 0.00252323, 0.00348828, 0.00133838, 0.0023137, 0.00381751, 0.00337716, 0.00241881, 0.00169173, 0.00357546, 0.00408786, 0.00340919, 0.00325907, 0.002033, 0.00172625, 0.00237993, 0.00133515, 0.00424454, 0.00231335, 0.0041508, 0.00184538, 0.0015315, 0.00425028, 0.00195888, 0.00287724, 0.00345135, 0.00240457, 0.00294799, 0.00181783, 0.00413279, 0.00230604, 0.00328964, 0.00340582, 0.00294677, 0.00327953, 0.00219448];
GivenLatency = [153.426, 112.611, 408.249, 118.607, 217.95, 75.6599, 129.404, 243.986, 123.656, 209.063, 355.804, 171.199, 113.734, 223.624, 194.293, 197.756, 318.373, 155.014, 83.6088, 109.34, 111.192, 125.907, 158.401, 178.831, 100.628, 212.673, 193.892, 151.954, 117.868, 203.716, 167.608, 73.1847, 157.734, 118.512, 132.266, 206.478, 149.945, 215.694, 114.007, 136.716, 179.655, 86.3291, 91.222, 138.482, 212.905, 233.452, 139.537, 246.978, 381.227, 114.228, 96.8392, 135.098, 370.152, 178.887, 84.3738, 100.153, 85.9545, 140.709, 158.133, 225.428, 120.642, 93.0084, 227.327, 330.044, 327.609, 123.657, 219.029, 120.528, 140.913, 108.231, 148.074, 182.564, 146.952, 174.251, 236.649, 135.072, 276.676, 343.258, 330.272, 141.686, 173.383, 265.762, 127.525, 98.5259, 258.641, 198.523, 131.975, 250.357, 282.244, 173.899, 211.367, 80.7054, 140.811, 212.007, 171.956, 240.879, 243.582, 83.8893, 130.345, 191.53, 335.7, 143.116, 127.9, 92.5868, 100.386, 274.167, 315.897, 203.783, 388.937, 83.9953, 239.532, 84.2899, 214.312, 279.443, 84.2204, 241.939, 134.007, 176.261, 146.168, 165.9, 310.397, 88.5439, 194.325, 152.728, 114.505, 145.993, 99.3268, 225.085];
HighestPossibleCritFunctionValue = 1.1;
