NumDevices = 128;
NumSlotes = 1024;


GivenBandwidthOld = [0.00818576, 0.00558187, 0.00454261, 0.00631736, 0.00966978, 0.00994756, 0.00981563, 0.00504217, 0.0087099, 0.00858667, 0.00621263, 0.00574771, 0.00427102, 0.00424426, 0.00460159, 0.00399641, 0.00770673, 0.00456524, 0.00556025, 0.00979204, 0.00860805, 0.00919964, 0.0082806, 0.00582429, 0.00390216, 0.00490096, 0.00426418, 0.0080789, 0.00960451, 0.00674009, 0.00820469, 0.0049416, 0.00593147, 0.0052377, 0.0075838, 0.0071431, 0.00652021, 0.0064703, 0.00511945, 0.00762746, 0.00975809, 0.00679538, 0.00619575, 0.00946875, 0.00621673, 0.00585, 0.00467376, 0.00442614, 0.00517094, 0.00419837, 0.00817447, 0.00965028, 0.00718528, 0.00918998, 0.00849276, 0.0091388, 0.00457846, 0.00893258, 0.00743023, 0.00729873, 0.00972254, 0.00925659, 0.00920525, 0.00884222, 0.0073682, 0.00861474, 0.00919915, 0.00627882, 0.00563525, 0.00795817, 0.00551781, 0.00904762, 0.0095923, 0.00781938, 0.00398296, 0.00654359, 0.00564493, 0.00811918, 0.00533946, 0.00532759, 0.00582229, 0.00766117, 0.00751083, 0.00582167, 0.00974672, 0.00932037, 0.00626449, 0.00849929, 0.00636714, 0.00876223, 0.00681655, 0.00582421, 0.00877619, 0.00391359, 0.00940347, 0.00915258, 0.00496458, 0.00472814, 0.0059231, 0.00828856, 0.00838212, 0.00579294, 0.0081248, 0.00600218, 0.0061753, 0.00951112, 0.00589574, 0.00471222, 0.00705701, 0.00960802, 0.00943165, 0.00776786, 0.00696385, 0.00637251, 0.00521774, 0.00955991, 0.0072045, 0.00728266, 0.00834712, 0.00502272, 0.00679835, 0.00611859, 0.00646175, 0.00519595, 0.00581151, 0.00782777, 0.00753389, 0.00586885];
GivenLatency = [431.262, 872.171, 735.956, 557.776, 435.421, 380.957, 418.428, 791.735, 550.885, 576.698, 671.172, 854.491, 899.347, 982.43, 855.854, 877.234, 479.095, 852.436, 844.181, 424.654, 447.225, 425.532, 468.471, 646.214, 1239.22, 766.43, 1111.76, 523.766, 478.453, 662.997, 428.307, 1004.02, 767.78, 774.635, 654.724, 475.239, 531.924, 625.247, 764.96, 457.592, 344.463, 597.137, 700.594, 421.355, 557.099, 714.106, 716.814, 777.373, 706.492, 826.772, 419.883, 369.645, 503.508, 377.404, 478.082, 521.94, 875.831, 514.479, 496.54, 499.609, 387.3, 402.398, 427.858, 518.585, 457.117, 543.226, 468.274, 534.322, 659.746, 522.644, 781.816, 542.904, 453.059, 534.41, 1175.08, 751.813, 670.901, 478.484, 784.385, 762.461, 733.053, 483.771, 484.54, 585.544, 477.159, 446.11, 580.12, 503.804, 611.704, 489.959, 580.582, 578.885, 462.049, 1123.13, 515.717, 370.066, 894.87, 712.404, 586.615, 524.145, 480.939, 731.054, 501.493, 574.011, 760.942, 372.629, 784.294, 898.576, 544.456, 364.257, 363.9, 442.914, 558.408, 632.888, 682.987, 454.793, 557.275, 506.517, 495.018, 808.683, 625.654, 772.572, 534.056, 725.406, 636.096, 594.364, 576.383, 737.486];
HighestPossibleCritFunctionValue = 1.1;
