NumDevices = 32;
NumSlotes = 256;


GivenBandwidthOld = [0.0335976, 0.0251916, 0.0259899, 0.0227754, 0.0169858, 0.0299724, 0.0161095, 0.0215948, 0.0333048, 0.0235133, 0.0177372, 0.0186042, 0.0305186, 0.0161703, 0.0237715, 0.0176317, 0.0264839, 0.0254413, 0.0213167, 0.0204172, 0.0210695, 0.02492, 0.0202777, 0.0172178, 0.0292355, 0.0307635, 0.0319452, 0.0324118, 0.0158575, 0.0263006, 0.0237481, 0.0243944];
GivenLatency = [28.2463, 42.3274, 38.9469, 36.7632, 66.0789, 35.7818, 65.7437, 43.6624, 34.3112, 45.4921, 57.1142, 49.0702, 27.7341, 70.1209, 43.1109, 57.5078, 33.9993, 34.4473, 47.7011, 55.6276, 51.7979, 41.0606, 43.4891, 62.7604, 33.2814, 30.485, 29.5955, 29.3694, 60.1789, 38.5157, 41.4436, 40.0778];
HighestPossibleCritFunctionValue = 1.1;
