NumDevices = 128;
NumSlotes = 1024;


GivenBandwidthOld = [0.00736231, 0.00955692, 0.00695784, 0.00541366, 0.0086977, 0.00966199, 0.0041499, 0.00607451, 0.00929285, 0.00616233, 0.00400917, 0.00961457, 0.00708354, 0.00561231, 0.00976335, 0.00758832, 0.00814213, 0.00979842, 0.00959721, 0.00903989, 0.00464185, 0.00554382, 0.00875976, 0.0091228, 0.00437088, 0.00760304, 0.005505, 0.00627448, 0.0076773, 0.00990388, 0.00700644, 0.00973563, 0.0042774, 0.00523098, 0.00708629, 0.007981, 0.0078481, 0.00543308, 0.00385733, 0.0076973, 0.00848696, 0.00532, 0.00947346, 0.00420251, 0.00904683, 0.00879926, 0.00420832, 0.00681574, 0.00466108, 0.00382198, 0.0073097, 0.00660285, 0.0078489, 0.00637258, 0.00636924, 0.0066291, 0.00536006, 0.00779988, 0.00755672, 0.0082615, 0.00978154, 0.00708297, 0.00844107, 0.00898009, 0.00595155, 0.00520786, 0.00600397, 0.00500668, 0.00608152, 0.0082896, 0.00699272, 0.00413093, 0.00601809, 0.0048245, 0.00670071, 0.00888372, 0.00489551, 0.00640589, 0.00383124, 0.00666528, 0.0071806, 0.00565344, 0.00737519, 0.00737631, 0.007319, 0.00671065, 0.00710231, 0.00854365, 0.00813267, 0.00697727, 0.00701475, 0.00572614, 0.00424425, 0.00437424, 0.00782367, 0.00737212, 0.00577891, 0.009922, 0.00527768, 0.00446195, 0.00692961, 0.00597001, 0.00924567, 0.00691681, 0.00960536, 0.00847088, 0.00375909, 0.00654401, 0.00644947, 0.00506508, 0.00630929, 0.00520682, 0.0072207, 0.00461624, 0.0063958, 0.00924874, 0.00854013, 0.00522128, 0.00659647, 0.00692802, 0.00419952, 0.00891443, 0.00863198, 0.00514661, 0.00774695, 0.0054143, 0.00683202, 0.00949219];
GivenLatency = [556.883, 474.788, 669.068, 836.631, 414.13, 410.365, 811.762, 745.906, 482.275, 696.315, 915.732, 491.201, 511.064, 769.04, 431.342, 452.673, 538.412, 378.509, 395.042, 453.733, 784.003, 611.45, 449.23, 373.412, 1065.06, 595.223, 749.221, 618.181, 459.619, 431.171, 634.68, 448.168, 806.359, 798.7, 554.323, 468.771, 531.234, 728.62, 1109.59, 603.457, 572.602, 667.549, 415.335, 1040.96, 522.52, 514.294, 1096.99, 600.998, 968.037, 956.642, 524.484, 546.83, 487.792, 706.939, 689.614, 603.822, 872.652, 453.92, 538.422, 595.337, 363.175, 552.007, 514.766, 408.271, 630.381, 674.702, 812.606, 771.284, 609.449, 537.321, 664.503, 833.046, 605.312, 896.899, 650.059, 400.158, 789.23, 538.354, 1191.18, 592.263, 617.863, 739.56, 456.699, 564.136, 566.252, 593.29, 634.442, 546.436, 515.704, 578.56, 510.11, 773.844, 1027.6, 835.877, 436.436, 455.835, 617.817, 424.704, 755.592, 961.531, 599.516, 602.204, 369.959, 511.85, 429.037, 516.736, 1014.18, 691.806, 589.695, 807.958, 766.443, 951.931, 491.866, 1016.82, 670.994, 522.486, 508.741, 693.343, 633.326, 686.505, 908.389, 478.235, 467.308, 767.256, 476.237, 915.975, 597.107, 477.767];
HighestPossibleCritFunctionValue = 1.1;
