NumDevices = 32;
NumSlotes = 256;


GivenBandwidthOld = [0.0284943, 0.0383905, 0.0399044, 0.0338441, 0.0282928, 0.0267098, 0.0223199, 0.016257, 0.0170547, 0.0233237, 0.0369197, 0.0191447, 0.0256333, 0.0284625, 0.0292399, 0.0194214, 0.0261537, 0.0244577, 0.0211606, 0.0304832, 0.0153198, 0.0152703, 0.0337133, 0.0299351, 0.0294183, 0.0183126, 0.0397197, 0.0283749, 0.0311469, 0.021746, 0.0201008, 0.0189894];
GivenLatency = [58.9692, 54.9501, 56.6168, 52.5765, 73.1011, 81.6049, 97.7983, 110.184, 100.285, 82.1606, 45.9761, 109.954, 71.1703, 69.8112, 71.6922, 90.2258, 73.9681, 87.4018, 83.188, 56.916, 117.67, 129.644, 66.9168, 60.7038, 59.2652, 107.307, 49.3717, 68.7978, 55.0743, 85.1566, 89.9235, 104.448];
HighestPossibleCritFunctionValue = 1.1;
