NumDevices = 128;
NumSlotes = 1024;


GivenBandwidthOld = [0.00722375, 0.00584712, 0.00621376, 0.00598996, 0.0070215, 0.00667964, 0.00462673, 0.00775144, 0.0059642, 0.00523541, 0.00656867, 0.00838009, 0.00910863, 0.00994108, 0.0072407, 0.0094297, 0.00629278, 0.00900073, 0.00897335, 0.00503924, 0.00954299, 0.00399978, 0.00801247, 0.00565581, 0.00977256, 0.00610692, 0.00407555, 0.00658629, 0.00458478, 0.0089207, 0.00776526, 0.00701673, 0.00772363, 0.00735473, 0.00717865, 0.00414847, 0.00710215, 0.00575932, 0.00567031, 0.00968883, 0.0052472, 0.00462184, 0.00677672, 0.00516396, 0.00571483, 0.00793454, 0.00834752, 0.00551416, 0.00391061, 0.009403, 0.00746914, 0.00507507, 0.00553063, 0.00588406, 0.00837938, 0.00981042, 0.00504757, 0.00569002, 0.00972239, 0.00676218, 0.00439583, 0.00825843, 0.00822147, 0.00570679, 0.00405098, 0.00602755, 0.00747127, 0.00970683, 0.00761638, 0.00474486, 0.00560547, 0.00733297, 0.0039531, 0.0048181, 0.00526144, 0.00647643, 0.00803318, 0.00982065, 0.0081979, 0.00955325, 0.00767042, 0.00667228, 0.00594016, 0.00756674, 0.00793316, 0.00381427, 0.00888287, 0.00946721, 0.00547678, 0.00700702, 0.00696973, 0.00522351, 0.00657299, 0.00605443, 0.00931232, 0.00845459, 0.00496853, 0.00859184, 0.00559766, 0.00736812, 0.00717577, 0.00558257, 0.00379527, 0.00832537, 0.00829198, 0.00963441, 0.00930687, 0.0043283, 0.00443396, 0.00526038, 0.00739287, 0.00445222, 0.00600323, 0.00507479, 0.00698772, 0.00757049, 0.00845754, 0.00460307, 0.00381158, 0.00746582, 0.00555539, 0.00951666, 0.0052813, 0.00898713, 0.00540232, 0.00562419, 0.00942948, 0.00885098];
GivenLatency = [641.753, 750.223, 786.489, 585.282, 615.38, 735.08, 809.711, 469.689, 708.808, 730.067, 752.706, 417.965, 433.621, 375.486, 471.313, 459.645, 619.819, 421.518, 503.638, 902.05, 369.262, 866.868, 570.875, 669.819, 376.628, 648.224, 1045.68, 696.817, 1084.81, 513.922, 599.691, 538.112, 504.222, 533.015, 675.557, 955.94, 698.275, 794.629, 735.179, 470.264, 824.977, 750.093, 545.793, 810.107, 618.967, 463.909, 409.242, 715.073, 964.969, 490.418, 509.868, 696.01, 636.589, 797.207, 457.448, 389.125, 805.241, 658.332, 427.82, 510.32, 871.487, 578.816, 543.897, 625.708, 1191.82, 703.021, 507.729, 488.178, 457.066, 858.824, 822.003, 486.257, 1225.9, 879.317, 716.791, 526.868, 534.237, 431.002, 522.46, 416.698, 442.185, 555.76, 800.313, 536.331, 590.887, 1192.65, 376.901, 399.687, 642.41, 521.074, 520.101, 740.702, 628.082, 574.233, 429.523, 397.384, 987.587, 563.294, 843.441, 597.108, 548.433, 608.593, 1058.43, 494.847, 423.528, 419.344, 502.353, 1051.58, 1121.29, 945.435, 621.447, 899.964, 603.763, 907.738, 519.508, 653.811, 417.978, 820.049, 911.121, 452.389, 765.84, 399.439, 761.876, 537.363, 671.878, 859.157, 465.319, 430.238];
HighestPossibleCritFunctionValue = 1.1;
