NumDevices = 32;
NumSlotes = 256;


GivenBandwidthOld = [0.0151531, 0.0283717, 0.0336285, 0.0239956, 0.0233665, 0.0302116, 0.0164839, 0.034582, 0.029783, 0.0325088, 0.0258715, 0.032405, 0.0207486, 0.0321894, 0.0166782, 0.0208111, 0.0220121, 0.0277188, 0.019134, 0.0346152, 0.0280761, 0.0248415, 0.0208576, 0.0245277, 0.0276974, 0.019471, 0.0187305, 0.0339251, 0.0296069, 0.0332875, 0.0338115, 0.0191867];
GivenLatency = [68.6933, 36.1148, 31.614, 41.1815, 39.4157, 30.3931, 56.1494, 32.7277, 34.8413, 31.4547, 33.7086, 25.7591, 40.2105, 31.2062, 58.8734, 40.0658, 39.1874, 41.9488, 61.019, 29.381, 29.9851, 44.8646, 46.8871, 40.4536, 31.831, 43.0745, 59.6223, 28.6617, 34.7728, 30.7065, 27.297, 46.3382];
HighestPossibleCritFunctionValue = 1.1;
