NumDevices = 8;
NumSlotes = 64;


GivenBandwidthOld = [0.0764697, 0.066477, 0.119751, 0.0906594, 0.152982, 0.103315, 0.157365, 0.0788363];
GivenLatency = [15.4641, 20.2551, 10.5922, 12.8546, 8.57519, 12.0508, 8.78692, 15.73];
HighestPossibleCritFunctionValue = 1.1;
