NumDevices = 128;
NumSlotes = 1024;


GivenBandwidthOld = [0.00199247, 0.00188578, 0.00235721, 0.00393066, 0.00200701, 0.00248542, 0.00242667, 0.00250291, 0.00264537, 0.00321891, 0.002154, 0.00415226, 0.0013482, 0.00169967, 0.00262928, 0.00147519, 0.00158403, 0.00280615, 0.00233603, 0.00410001, 0.00137802, 0.00294732, 0.00305869, 0.00306549, 0.0016832, 0.00391845, 0.0030086, 0.00171508, 0.00228457, 0.00180553, 0.00364712, 0.00212041, 0.00202366, 0.00422556, 0.00214944, 0.00246815, 0.00274192, 0.00400814, 0.0041812, 0.00338865, 0.00184278, 0.00157069, 0.00353528, 0.00366155, 0.00410825, 0.00242765, 0.00342048, 0.00240711, 0.00195217, 0.00262956, 0.00322208, 0.00219609, 0.00225795, 0.00435987, 0.0031654, 0.00278727, 0.0036989, 0.00359849, 0.00358032, 0.00134001, 0.00151324, 0.00370203, 0.00317127, 0.00144034, 0.00338128, 0.00286216, 0.00301465, 0.00349552, 0.00426998, 0.00185841, 0.0018076, 0.0041092, 0.00262777, 0.00424155, 0.00213372, 0.00398517, 0.00255279, 0.00354581, 0.0025862, 0.00243708, 0.00242488, 0.00369332, 0.0035755, 0.00158863, 0.00192746, 0.00300211, 0.00210261, 0.00292167, 0.00328537, 0.00347125, 0.00247156, 0.00380659, 0.00431466, 0.00273336, 0.0039918, 0.00137324, 0.00371519, 0.0024691, 0.00316743, 0.00249251, 0.00284109, 0.00204545, 0.00171244, 0.00166899, 0.00256033, 0.00201953, 0.00340975, 0.00336097, 0.00219355, 0.00323836, 0.00395811, 0.00397814, 0.00305477, 0.00272009, 0.00281855, 0.0013676, 0.00281736, 0.00326902, 0.00374746, 0.00424632, 0.00410391, 0.00126431, 0.00422647, 0.00178732, 0.00394336, 0.00292119, 0.00151229, 0.00331301];
GivenLatency = [237.295, 179.585, 190.927, 112.084, 263.603, 212.715, 194.249, 129.728, 167.129, 132.329, 263.464, 140.48, 330.073, 219.11, 154.356, 222.325, 211.637, 146.072, 137.35, 93.0546, 390.374, 126.325, 143.406, 180.09, 365.31, 108.177, 114.408, 184.149, 196.231, 291.219, 171.687, 186.169, 218.274, 123.951, 248.831, 189.226, 195.288, 83.8378, 75.6513, 173.213, 197.351, 304.905, 165.511, 157.71, 158.359, 132.347, 99.4009, 146.263, 169.164, 155.143, 168.088, 203.227, 238.556, 105.559, 162.995, 134.233, 107.147, 89.1017, 167.571, 318.48, 282.501, 103.394, 201.893, 228.25, 93.3047, 130.499, 103.925, 134.702, 93.3622, 234.612, 205.483, 84.1524, 190.569, 130.818, 227.795, 139.449, 159.85, 93.0561, 238.233, 242.066, 141.977, 148.075, 109.446, 243.115, 212.633, 145.525, 172.466, 130.232, 157.335, 107.088, 238.44, 107.971, 93.1681, 172.555, 115.622, 366.79, 119.015, 219.381, 118.614, 155.297, 227.308, 175.771, 309.174, 288.892, 176.392, 243.302, 181.112, 122.013, 227.502, 118.185, 81.7612, 79.71, 108.946, 116.991, 114.694, 375.6, 154.874, 144.658, 161.102, 102.42, 95.2346, 306.467, 75.1808, 328.509, 151.299, 135.46, 259.814, 183.506];
HighestPossibleCritFunctionValue = 1.1;
