NumDevices = 16;
NumSlotes = 128;


GivenBandwidthOld = [0.0261643, 0.0338848, 0.0168877, 0.0216536, 0.0221915, 0.0133084, 0.0143555, 0.0131599, 0.018157, 0.0289374, 0.0163378, 0.0285808, 0.0227134, 0.0341872, 0.0240967, 0.0335632];
GivenLatency = [21.8031, 10.8046, 23.3882, 15.8971, 15.8156, 27.7618, 36.8882, 24.0565, 22.4174, 16.3073, 23.7332, 13.9839, 21.4707, 15.3915, 21.0265, 11.4052];
HighestPossibleCritFunctionValue = 1.1;
