NumDevices = 64;
NumSlotes = 512;


GivenBandwidthOld = [0.00464675, 0.00787236, 0.00832318, 0.00394248, 0.00257232, 0.00545897, 0.00261678, 0.00266059, 0.00775405, 0.00733039, 0.00559378, 0.00584016, 0.00307413, 0.00818486, 0.00421111, 0.00491862, 0.00855574, 0.00625202, 0.00649378, 0.00714627, 0.00479991, 0.00715813, 0.00424995, 0.00758362, 0.00543769, 0.00755623, 0.00759403, 0.00533332, 0.00339731, 0.00861645, 0.0079986, 0.00495279, 0.00771085, 0.006317, 0.00481612, 0.00451407, 0.00300344, 0.00750735, 0.00469891, 0.00337534, 0.00813092, 0.00393658, 0.00329267, 0.00619348, 0.00381327, 0.00585835, 0.00258649, 0.00608804, 0.00669983, 0.00771889, 0.00385958, 0.00300931, 0.00614508, 0.00289944, 0.00337483, 0.00577265, 0.00595129, 0.00827626, 0.00279681, 0.00354904, 0.00253082, 0.00791908, 0.00604305, 0.00683744];
GivenLatency = [69.8774, 49.4744, 47.2065, 141.74, 127.262, 67.3469, 197.018, 179.206, 71.2461, 51.7692, 57.0722, 61.3564, 177.645, 50.6732, 80.5876, 105.705, 72.4188, 89.1118, 80.5854, 71.5705, 77.8969, 61.8046, 76.3972, 60.8512, 71.7533, 52.882, 57.7496, 93.5664, 113.995, 66.9923, 73.1459, 65.578, 80.8367, 53.7191, 66.9809, 121.009, 114.903, 49.7221, 114.778, 105.998, 44.9106, 85.0073, 114.953, 53.2023, 100.249, 57.1147, 218.377, 81.7396, 51.8947, 41.5136, 91.6092, 146.965, 85.9117, 139.97, 106.803, 72.8487, 77.7717, 63.8582, 181.832, 132.89, 226.311, 67.3222, 105.103, 59.2815];
HighestPossibleCritFunctionValue = 1.1;
