NumDevices = 128;
NumSlotes = 1024;


GivenBandwidthOld = [0.00505966, 0.0089513, 0.00951226, 0.0063517, 0.00551644, 0.00474021, 0.00864832, 0.00481206, 0.00997961, 0.00474607, 0.00713061, 0.00909327, 0.00801838, 0.00494955, 0.00830606, 0.00875001, 0.00769803, 0.00823488, 0.00620366, 0.00499496, 0.00909302, 0.00396481, 0.0078464, 0.0082245, 0.00664731, 0.005067, 0.00731132, 0.00878275, 0.00800067, 0.00726083, 0.00396302, 0.00898914, 0.00800729, 0.00603336, 0.0051245, 0.00502571, 0.00718887, 0.00706655, 0.00758151, 0.00611941, 0.00763775, 0.00761539, 0.00694165, 0.00828454, 0.00957373, 0.00812502, 0.00964281, 0.0067659, 0.00446687, 0.00847086, 0.00971188, 0.00514651, 0.00608736, 0.00657632, 0.00572345, 0.00898172, 0.0082014, 0.00597862, 0.00386479, 0.00803601, 0.00754874, 0.00538455, 0.00693745, 0.00655212, 0.00524393, 0.00604959, 0.00923412, 0.00655798, 0.00378761, 0.00458033, 0.00905214, 0.00429844, 0.00885608, 0.00919819, 0.00898799, 0.0074289, 0.00998487, 0.00569054, 0.00597741, 0.00858099, 0.00451204, 0.00509507, 0.00412139, 0.00826907, 0.00580493, 0.00978598, 0.00664127, 0.0097567, 0.00836225, 0.00936583, 0.00768343, 0.00664049, 0.00914528, 0.00725, 0.00946462, 0.00560054, 0.00584724, 0.00830742, 0.00649251, 0.00964026, 0.00757305, 0.00777233, 0.00707077, 0.00973709, 0.00378298, 0.00809844, 0.00666341, 0.00695813, 0.00406331, 0.00710785, 0.00790142, 0.00794842, 0.0041737, 0.00607295, 0.00815028, 0.00927226, 0.00388384, 0.00947922, 0.00719103, 0.00588673, 0.00949972, 0.00804585, 0.00412091, 0.00634262, 0.00916711, 0.00529321, 0.00926563, 0.0049248];
GivenLatency = [907.758, 541.883, 398.229, 680.617, 754.426, 842.755, 408.32, 792.651, 423.647, 939.514, 598.402, 418.963, 444.457, 993.483, 505.13, 506.832, 607.31, 570.904, 646.591, 716.443, 496.172, 851.512, 503.296, 492.807, 699.187, 687.025, 461.09, 561.299, 417.23, 514.459, 869.505, 468.05, 478.06, 581.341, 910.527, 931.618, 513.575, 565.526, 604.715, 711.25, 588.942, 453.265, 543.537, 411.511, 478.81, 485.386, 395.336, 499.204, 810.368, 456.413, 411.951, 684.502, 722.377, 599.847, 663.797, 515.941, 467.976, 723.676, 891.107, 468.018, 518.336, 908.319, 498.128, 748.69, 769.735, 759.385, 371.215, 532.05, 1311.21, 811.013, 436.426, 777.902, 414.542, 450.816, 539.639, 502.394, 498.65, 834.838, 812.746, 429.745, 841.414, 696.998, 820.561, 473.767, 814.123, 429.474, 540.685, 444.677, 484.085, 379.51, 471.586, 567.564, 379.657, 608.238, 420.211, 876.424, 581.325, 437.262, 706.645, 453.243, 538.417, 556.854, 518.558, 511.855, 1298.23, 420.258, 585.62, 626.575, 1225.39, 509.927, 466.019, 460.699, 849.955, 624.324, 549.727, 537.186, 961.654, 390.622, 681.879, 789.514, 453.67, 457.439, 1109.8, 621.912, 505.102, 704.604, 413.335, 739.091];
HighestPossibleCritFunctionValue = 1.1;
