NumDevices = 32;
NumSlotes = 256;


GivenBandwidthOld = [0.0310518, 0.017114, 0.025663, 0.0281837, 0.0332891, 0.0196247, 0.0223811, 0.029023, 0.0204084, 0.0343913, 0.024202, 0.0329076, 0.0274243, 0.0307448, 0.0184146, 0.0233886, 0.0221661, 0.0150956, 0.0220036, 0.0242227, 0.0216806, 0.0163691, 0.0254263, 0.0295096, 0.0173139, 0.0243121, 0.0238455, 0.0206277, 0.020565, 0.0263445, 0.02159, 0.0335245];
GivenLatency = [36.9448, 58.694, 41.516, 38.9303, 25.2557, 53.062, 47.6075, 31.7871, 42.9022, 28.1234, 40.8751, 30.6174, 35.9235, 32.21, 48.828, 45.5492, 50.8287, 74.6269, 51.0019, 47.8975, 52.7849, 59.1707, 42.376, 31.6987, 57.3429, 35.2971, 38.5226, 42.6267, 54.888, 34.0625, 43.0561, 27.5241];
HighestPossibleCritFunctionValue = 1.1;
