NumDevices = 16;
NumSlotes = 128;


GivenBandwidthOld = [0.0489357, 0.0423173, 0.0468586, 0.0517325, 0.0484453, 0.0395335, 0.0602368, 0.0594016, 0.0624126, 0.0688273, 0.0400654, 0.03911, 0.0620998, 0.0508439, 0.0330874, 0.039984];
GivenLatency = [22.4833, 19.0654, 18.0695, 17.09, 18.5548, 20.5565, 17.0132, 16.9721, 15.1821, 14.625, 23.9485, 27.8871, 12.5407, 18.6322, 25.6264, 24.5743];
HighestPossibleCritFunctionValue = 1.1;
