NumDevices = 16;
NumSlotes = 128;


GivenBandwidthOld = [0.0448512, 0.0337883, 0.059905, 0.0439697, 0.0585946, 0.0599856, 0.0373944, 0.0671896, 0.035976, 0.0684721, 0.0301188, 0.0658522, 0.0379347, 0.0688628, 0.0371566, 0.0316121];
GivenLatency = [21.2979, 25.3424, 16.8569, 21.2994, 15.5092, 14.6422, 21.825, 11.641, 26.7828, 12.0134, 31.5621, 12.3516, 28.2159, 12.7806, 23.586, 25.6023];
HighestPossibleCritFunctionValue = 1.1;
