NumDevices = 64;
NumSlotes = 512;


GivenBandwidthOld = [0.0103935, 0.0133664, 0.0167872, 0.00956919, 0.00937036, 0.017676, 0.0108747, 0.0129598, 0.00811254, 0.0149454, 0.0178961, 0.0105901, 0.0175045, 0.0148488, 0.0186695, 0.0080627, 0.0148605, 0.0162135, 0.0178541, 0.0165671, 0.0114296, 0.0149594, 0.0145714, 0.0188547, 0.00797651, 0.0162742, 0.0136699, 0.0168016, 0.0140237, 0.0145521, 0.00789328, 0.0172981, 0.00943458, 0.00954563, 0.0133691, 0.0117775, 0.0127654, 0.0162903, 0.00912502, 0.0191369, 0.0135274, 0.00952914, 0.0111994, 0.00824113, 0.0136207, 0.0156658, 0.0123271, 0.0123969, 0.0105008, 0.017411, 0.0183812, 0.0120353, 0.00757171, 0.0127615, 0.0117394, 0.00878843, 0.012215, 0.014519, 0.0136165, 0.0194254, 0.0123126, 0.0174461, 0.00857685, 0.0186961];
GivenLatency = [227.426, 243.311, 152.207, 261.466, 277.905, 154.654, 227.028, 242.899, 296.96, 164.586, 126.84, 226.948, 173.3, 207.083, 132.185, 412.206, 176.687, 159.843, 160.208, 192.21, 240.815, 181.405, 218.525, 158.232, 317.147, 138.759, 178.944, 156.462, 181.765, 179.457, 348.798, 155.81, 293.552, 253.957, 198.351, 224.907, 244.921, 168.634, 342.023, 153.981, 222.873, 285.605, 203.722, 299.54, 180.732, 204.809, 190.677, 237.163, 220.535, 151.614, 173.504, 265.058, 320.251, 190.665, 208.564, 259.266, 194.274, 204.43, 238.934, 142.282, 210.806, 156.48, 328.228, 172.361];
HighestPossibleCritFunctionValue = 1.1;
