NumDevices = 64;
NumSlotes = 512;


GivenBandwidthOld = [0.0132736, 0.0150406, 0.0124796, 0.0104801, 0.0142242, 0.0107609, 0.0141376, 0.0151047, 0.00976185, 0.0123734, 0.0142684, 0.0140439, 0.0109687, 0.0166342, 0.0158038, 0.00999333, 0.0129079, 0.0174581, 0.0128906, 0.0167567, 0.0143338, 0.0135659, 0.0172177, 0.0125422, 0.0122342, 0.0148447, 0.00980918, 0.00783373, 0.0164332, 0.00802778, 0.00781574, 0.0141662, 0.0168738, 0.013748, 0.00764464, 0.00840974, 0.0174477, 0.0088246, 0.0100721, 0.0165871, 0.0143278, 0.0124011, 0.0100375, 0.0148067, 0.0118314, 0.0156188, 0.0105228, 0.0120678, 0.00927327, 0.0107915, 0.0172389, 0.00878729, 0.012936, 0.0110394, 0.0133581, 0.0152959, 0.0132936, 0.0112136, 0.0121624, 0.00837309, 0.0115393, 0.0160723, 0.0129416, 0.0143747];
GivenLatency = [85.7028, 63.9903, 91.251, 108.695, 69.2392, 103.698, 74.6059, 64.2433, 95.0839, 80.5562, 80.278, 80.1586, 110.034, 68.2622, 58.7093, 112.54, 91.4211, 56.9137, 86.9899, 74.2209, 80.8157, 88.3587, 63.1744, 77.8229, 101.682, 75.0123, 105.168, 152.634, 60.626, 117.143, 133.082, 64.2937, 64.6212, 74.1794, 120.726, 135.114, 55.1126, 118.121, 106.379, 68.2699, 74.7512, 79.3547, 97.9075, 74.2283, 94.5859, 78.8244, 103.171, 84.0468, 104.399, 89.4459, 62.9442, 117.351, 75.412, 87.1294, 75.5446, 68.6253, 71.3101, 94.7202, 93.0295, 127.804, 83.4119, 66.451, 82.3756, 72.869];
HighestPossibleCritFunctionValue = 1.1;
