NumDevices = 128;
NumSlotes = 1024;


GivenBandwidthOld = [0.00598448, 0.00873562, 0.00711492, 0.00794073, 0.007342, 0.00442493, 0.00733386, 0.0077309, 0.00568758, 0.00862634, 0.00545393, 0.00662813, 0.00652858, 0.00835892, 0.00579076, 0.00781496, 0.00856805, 0.00572488, 0.00551429, 0.00625379, 0.00490908, 0.00442458, 0.00638132, 0.00837768, 0.00616965, 0.00580226, 0.00601233, 0.00674499, 0.0055696, 0.00582688, 0.00492689, 0.00376563, 0.00647546, 0.00561769, 0.00404618, 0.00657082, 0.00832601, 0.00770003, 0.00693853, 0.0083297, 0.00481108, 0.00726746, 0.00661731, 0.00458929, 0.00465946, 0.00408991, 0.00654414, 0.00491062, 0.00527868, 0.00620294, 0.00533534, 0.00853445, 0.00606036, 0.003926, 0.00675287, 0.00800719, 0.00433171, 0.00552092, 0.00753854, 0.00768394, 0.00639996, 0.00663042, 0.00494373, 0.00672668, 0.00784436, 0.00758875, 0.00659535, 0.00546903, 0.00548464, 0.00780168, 0.0053699, 0.00440234, 0.00756603, 0.00468375, 0.00724864, 0.00541387, 0.00843832, 0.00541646, 0.00698514, 0.00679654, 0.00689245, 0.00387532, 0.00506964, 0.00796836, 0.00672439, 0.00432246, 0.00504555, 0.00808515, 0.00470744, 0.00551222, 0.00645423, 0.00871099, 0.0081397, 0.00650223, 0.00549489, 0.0050956, 0.00426849, 0.00799201, 0.00424126, 0.00534245, 0.00801443, 0.00599931, 0.00790241, 0.00831461, 0.00613055, 0.00862152, 0.00439199, 0.00872593, 0.00417973, 0.00627151, 0.00781857, 0.0042842, 0.00707382, 0.00726533, 0.00581899, 0.00719636, 0.0068014, 0.00857423, 0.00457035, 0.00636001, 0.00514621, 0.00486178, 0.00442078, 0.00747338, 0.00763028, 0.0046781, 0.00724701, 0.00792645];
GivenLatency = [172.102, 117.44, 150.911, 143.42, 132.969, 253.949, 143.567, 123.52, 203.922, 132.837, 229.972, 192.577, 159.987, 142.768, 178.542, 126.621, 130.943, 191.277, 213.102, 195.002, 213.311, 256.558, 164.086, 132.663, 165.642, 191.771, 163.647, 187.851, 199.41, 194.392, 216.566, 261.535, 167.633, 180.608, 240.639, 186.462, 132.363, 151.017, 174.13, 116.897, 207.345, 134.753, 157.739, 227.014, 238.648, 275.842, 172.098, 204.293, 186.592, 177.579, 235.041, 121.224, 174.308, 251.119, 150.809, 137.489, 269.858, 200.76, 151.32, 138.178, 156.849, 148.126, 224.383, 190.121, 157.948, 165.693, 189.586, 180.428, 183.601, 148.814, 180.432, 263.178, 127.199, 241.709, 150.879, 177.168, 143.376, 220.894, 166.009, 159.98, 140.443, 289.101, 234.706, 153.211, 152.727, 229.627, 253.474, 118.822, 212.39, 234.78, 184.091, 111.528, 136.253, 174.814, 173.4, 224.622, 274.163, 132.808, 270.248, 186.152, 150.503, 176.702, 153.691, 154.797, 175.448, 139.697, 230.675, 131.7, 269.823, 177.503, 143.836, 239.782, 171.842, 157.363, 175.734, 158.457, 144.928, 122.401, 210.955, 176.245, 209.07, 239.791, 248.208, 142.964, 136.677, 253.064, 141.652, 159.249];
HighestPossibleCritFunctionValue = 1.1;
