NumDevices = 128;
NumSlotes = 1024;


GivenBandwidthOld = [0.0075655, 0.00581119, 0.00614667, 0.00455023, 0.00825002, 0.00551859, 0.00842958, 0.00849125, 0.00493455, 0.00752244, 0.00710084, 0.00625066, 0.00736879, 0.0046837, 0.00650815, 0.00496605, 0.00684077, 0.00523423, 0.00421298, 0.00497312, 0.00576608, 0.00809014, 0.0084402, 0.00700001, 0.00667533, 0.00474241, 0.00825933, 0.00704492, 0.00643484, 0.00792843, 0.00565525, 0.0053471, 0.00626791, 0.00722393, 0.00505942, 0.00609542, 0.00824342, 0.00474306, 0.00416091, 0.00497616, 0.00675629, 0.00545669, 0.00812326, 0.00516652, 0.00612517, 0.008254, 0.007402, 0.00787096, 0.00479222, 0.00539021, 0.00572047, 0.00650607, 0.00507159, 0.00574699, 0.00723482, 0.00820103, 0.00728758, 0.0048119, 0.0061404, 0.00418519, 0.00802736, 0.00829681, 0.00696727, 0.00640824, 0.00572687, 0.00408715, 0.00521896, 0.00761575, 0.00548199, 0.00832732, 0.00478886, 0.00393027, 0.00856685, 0.00559741, 0.00820764, 0.00826643, 0.00643231, 0.00528176, 0.00809388, 0.00638593, 0.00583404, 0.00527055, 0.0045572, 0.00527721, 0.00651474, 0.00569802, 0.00410164, 0.00380571, 0.00500325, 0.00718919, 0.00623579, 0.00737099, 0.00680167, 0.00814522, 0.00421551, 0.00764844, 0.00475576, 0.00756679, 0.00753355, 0.00388148, 0.00856817, 0.00774392, 0.00463288, 0.00731481, 0.00747011, 0.00771649, 0.00847221, 0.00494777, 0.00468931, 0.00568903, 0.00808563, 0.00761094, 0.00460527, 0.00826687, 0.00383997, 0.00579824, 0.00853134, 0.0087358, 0.00502425, 0.00514041, 0.00728644, 0.00573172, 0.00556286, 0.00752403, 0.00381799, 0.00640187, 0.00870335, 0.00469181];
GivenLatency = [133.554, 165.174, 197.716, 271.054, 126.365, 234.034, 139.088, 117.231, 259.859, 139.444, 161.931, 180.448, 168.265, 229.501, 172.987, 246.053, 152.314, 221.643, 257.7, 226.527, 212.273, 135.366, 124.383, 161.54, 170.113, 271.869, 136.523, 144.17, 153.373, 137.016, 216.017, 186.362, 159.844, 138.708, 255.732, 197.982, 135.3, 211.423, 265.328, 200.16, 188.834, 176.477, 138.85, 222.967, 185.707, 126.703, 133.449, 126.437, 234.746, 213.587, 193.157, 176.565, 211.632, 169.801, 154.256, 156.739, 155.944, 226.361, 166.053, 293.958, 124.152, 156.358, 140.426, 151.935, 221.368, 269.944, 199.297, 158.792, 177.065, 135.187, 199.047, 290.017, 136.2, 184.901, 121.593, 131.658, 183.521, 204.39, 147.784, 163.501, 206.287, 198.738, 258.676, 200.282, 162.421, 224.698, 309.066, 328.126, 201.98, 140.2, 162.747, 166.188, 145.682, 153.627, 242.231, 130.967, 227.944, 127.503, 143.394, 273.988, 115.107, 166.689, 274.419, 157.56, 157.759, 163.318, 133.821, 194.621, 213.264, 220.427, 118.016, 142.21, 219.232, 127.181, 256.854, 173.872, 126.163, 130.623, 209.418, 213.916, 178.039, 223.703, 191.493, 170.317, 288.26, 167.412, 132.628, 221.655];
HighestPossibleCritFunctionValue = 1.1;
