NumDevices = 128;
NumSlotes = 1024;


GivenBandwidthOld = [0.00731267, 0.00648138, 0.00500918, 0.00673666, 0.00547438, 0.00548863, 0.00486142, 0.00835765, 0.00449122, 0.00640915, 0.00612764, 0.00480435, 0.00415001, 0.0066386, 0.00751561, 0.00730897, 0.00441987, 0.00731445, 0.00643074, 0.00395151, 0.00551323, 0.00840047, 0.00419521, 0.00645372, 0.00516663, 0.00807488, 0.00694778, 0.00379986, 0.00679183, 0.00776641, 0.00750271, 0.00547527, 0.00528434, 0.00639221, 0.00644123, 0.00527237, 0.00520764, 0.0073746, 0.00741608, 0.00450292, 0.00809736, 0.00476192, 0.00606896, 0.00847419, 0.00814645, 0.00483283, 0.00790525, 0.00608023, 0.00795532, 0.00757776, 0.00682439, 0.00508245, 0.00822216, 0.00732663, 0.0061983, 0.00733293, 0.00704208, 0.00872209, 0.00464142, 0.00581297, 0.00609634, 0.00375408, 0.00725081, 0.00679068, 0.00844686, 0.00384192, 0.00862532, 0.00826068, 0.00481132, 0.0063106, 0.00469635, 0.00407676, 0.00561087, 0.00430859, 0.0069546, 0.00839458, 0.00518573, 0.00412268, 0.00735885, 0.0076252, 0.00415525, 0.00477863, 0.00687803, 0.00655516, 0.00510009, 0.00464848, 0.00446002, 0.00712619, 0.00743407, 0.00697225, 0.0051608, 0.00500527, 0.00598971, 0.00663522, 0.00563649, 0.00499142, 0.00829016, 0.00514943, 0.00393694, 0.00569497, 0.00788432, 0.00421254, 0.00765374, 0.00399586, 0.00588071, 0.00466383, 0.00742424, 0.00666509, 0.00767644, 0.00539882, 0.00546025, 0.0079447, 0.00411552, 0.00707577, 0.00493611, 0.0087387, 0.0038336, 0.0038446, 0.00376844, 0.00874572, 0.00675816, 0.00696354, 0.00874312, 0.00818024, 0.00772076, 0.00530466, 0.00796717, 0.0067938];
GivenLatency = [154.077, 192.532, 210.287, 153.006, 215.408, 182.066, 241.385, 139.566, 230.535, 173.9, 171.832, 217.706, 255.697, 190.654, 128.582, 140.828, 239.962, 131.799, 152.517, 245.13, 194.344, 147.434, 308.432, 186.865, 202.343, 142.788, 146.664, 309.342, 190.475, 132.572, 136.165, 212.887, 215.501, 163.143, 165.799, 212.581, 183.367, 130.395, 134.963, 270.891, 129.48, 270.1, 187.128, 114.567, 137.863, 267.439, 151.302, 178.497, 126.193, 155.125, 182.016, 230.961, 152.962, 144.755, 163.823, 169.563, 141.251, 117.218, 252.579, 193.511, 185.083, 254.875, 145.295, 185.4, 123.09, 314.419, 128.347, 137.047, 218.038, 189.084, 260.078, 274.603, 178.432, 282.482, 144.932, 128.107, 246.358, 290.163, 156.283, 148.165, 276.938, 231.083, 157.241, 193.25, 217.285, 233.658, 241.603, 150.758, 139.073, 142.73, 228.293, 246.824, 186.708, 155.15, 213.353, 254.189, 131.939, 223.503, 315.655, 213.908, 150.192, 248.406, 126.942, 292.774, 203.811, 204.911, 166.598, 156.502, 135.066, 190.675, 221.372, 130.087, 244.25, 164.419, 218.647, 132.857, 336.821, 320.38, 260.299, 143.553, 174.747, 154.196, 143.123, 141.569, 129.12, 218.104, 160.428, 190.871];
HighestPossibleCritFunctionValue = 1.1;
