NumDevices = 64;
NumSlotes = 512;


GivenBandwidthOld = [0.00319604, 0.00713171, 0.00387266, 0.00412408, 0.00463616, 0.0050124, 0.00340062, 0.00795921, 0.00543645, 0.00540273, 0.00749357, 0.00435574, 0.00439339, 0.00602225, 0.00728934, 0.00319331, 0.00494567, 0.00680105, 0.00271852, 0.00641842, 0.00306893, 0.00822088, 0.00333283, 0.00611017, 0.00357392, 0.00810196, 0.00465901, 0.00768553, 0.00571332, 0.00870989, 0.00330671, 0.00469153, 0.00430083, 0.00653249, 0.00774422, 0.0046578, 0.00615169, 0.00761723, 0.00778369, 0.00542699, 0.00269335, 0.00843515, 0.0045305, 0.00409299, 0.00718478, 0.00836412, 0.00454856, 0.00764044, 0.0040718, 0.00732412, 0.00649493, 0.0077363, 0.00276086, 0.00555501, 0.00429032, 0.00493276, 0.008694, 0.00502153, 0.00690331, 0.0026554, 0.00806346, 0.00748147, 0.00727373, 0.00333076];
GivenLatency = [197.942, 64.1986, 126.758, 88.3782, 74.1686, 86.681, 117.253, 49.7521, 78.6702, 57.3419, 41.8689, 81.6327, 105.43, 57.2665, 47.2783, 161.916, 69.2529, 71.3921, 143.418, 77.8716, 173.704, 47.7827, 185.659, 72.2892, 106.267, 61.8617, 98.0504, 42.4646, 64.0259, 40.0213, 98.3086, 95.2033, 91.0976, 59.6967, 42.8888, 75.8619, 94.5524, 42.009, 44.9385, 112.337, 170.478, 47.8917, 72.4356, 77.3704, 67.3824, 75.1435, 72.7229, 45.818, 118.361, 50.0403, 89.9905, 45.2152, 200.452, 98.3052, 142.057, 99.4277, 43.2474, 112.135, 69.1599, 165.918, 49.0672, 49.047, 53.0449, 131.091];
HighestPossibleCritFunctionValue = 1.1;
