NumDevices = 16;
NumSlotes = 128;


GivenBandwidthOld = [0.03025, 0.0265023, 0.0138488, 0.0220192, 0.0174207, 0.0294846, 0.0125586, 0.0119556, 0.0272437, 0.02483, 0.0325841, 0.0314881, 0.0108128, 0.0214926, 0.0162322, 0.0295957];
GivenLatency = [11.1723, 20.5365, 25.1265, 13.9055, 32.9542, 11.0026, 35.3183, 31.7846, 19.527, 19.2637, 11.6859, 10.9682, 45.0101, 22.5894, 23.5776, 20.4807];
HighestPossibleCritFunctionValue = 1.1;
