NumDevices = 128;
NumSlotes = 1024;


GivenBandwidthOld = [0.00509964, 0.00585655, 0.00849837, 0.00958493, 0.00886788, 0.00749413, 0.0062724, 0.00391682, 0.0075124, 0.00715813, 0.00923549, 0.00456756, 0.00695686, 0.00770011, 0.00580656, 0.00580623, 0.00648238, 0.00816389, 0.00674849, 0.00560766, 0.00669077, 0.00419525, 0.00585764, 0.0081421, 0.00923307, 0.00763624, 0.00725043, 0.00415294, 0.00727051, 0.00419554, 0.00448733, 0.00863089, 0.00567892, 0.00437693, 0.00929316, 0.00508712, 0.00804469, 0.00960361, 0.00405077, 0.00880968, 0.00432735, 0.00723856, 0.00474292, 0.00433196, 0.00979001, 0.00561352, 0.00524706, 0.00858067, 0.00533925, 0.00795589, 0.00463871, 0.00907579, 0.00804572, 0.00820276, 0.00376475, 0.00788019, 0.00737385, 0.00984189, 0.00888771, 0.00952898, 0.00614403, 0.00891676, 0.00406597, 0.00795783, 0.00607838, 0.00558042, 0.0050808, 0.00798941, 0.00550992, 0.0077946, 0.00626715, 0.00942035, 0.00532164, 0.00573506, 0.00409017, 0.00843314, 0.00705894, 0.00465984, 0.00797699, 0.0092042, 0.00377505, 0.00600471, 0.00496348, 0.0048799, 0.00652813, 0.00835863, 0.00477456, 0.00478852, 0.00809387, 0.00498441, 0.00676246, 0.00925151, 0.00509064, 0.00465349, 0.00746489, 0.00866425, 0.00378072, 0.00762729, 0.00684879, 0.00383897, 0.00533482, 0.00863189, 0.00998561, 0.00562797, 0.00421977, 0.00544636, 0.00821888, 0.00588979, 0.00471783, 0.00760302, 0.00514846, 0.00765612, 0.00388234, 0.00927381, 0.00487898, 0.0097762, 0.0048511, 0.00995022, 0.0046394, 0.00812776, 0.00568158, 0.00527098, 0.00444228, 0.00772159, 0.00422535, 0.00541557, 0.00942433, 0.00975201];
GivenLatency = [920.27, 658.04, 583.082, 400.621, 538.259, 647.786, 557.621, 955.285, 572.842, 697.009, 492.225, 881.945, 490.745, 434.855, 665.143, 625.605, 579.029, 602.215, 605.304, 755.374, 557.531, 1045.6, 633.647, 513.448, 373.293, 520.559, 530.484, 1068.51, 578.531, 937.766, 828.693, 411.057, 799.374, 1020.82, 374.262, 736.101, 433.655, 395.386, 1048.34, 442.793, 982.023, 683.798, 836.675, 1003.83, 417.071, 854.29, 659.912, 428.44, 870.412, 457.43, 898.924, 544.779, 465.398, 409.727, 1023.52, 552.083, 622.088, 505.61, 541.869, 429.297, 720.367, 410.139, 1204.93, 472.625, 593.446, 870.011, 714.112, 502.448, 819.435, 491.446, 671.884, 511.105, 935.374, 710.082, 841.529, 525.511, 579.399, 869.98, 590.105, 443.018, 1024.39, 678.372, 966.548, 903.118, 519.603, 504.112, 780.575, 864.389, 605.368, 773.634, 625.639, 388.058, 753.589, 1061, 567.114, 455.844, 1183, 487.359, 516.11, 1202.95, 679.119, 575.797, 415.699, 599.27, 821.776, 847.508, 460.89, 824.001, 753.055, 526.14, 675.762, 642.642, 1006.54, 433.749, 834.35, 345.648, 764.633, 444, 734.802, 533.813, 734.816, 892.736, 1106.32, 594.636, 1025.17, 628.266, 475.68, 368.135];
HighestPossibleCritFunctionValue = 1.1;
