NumDevices = 32;
NumSlotes = 256;


GivenBandwidthOld = [0.0265216, 0.03341, 0.0317165, 0.0188092, 0.036772, 0.0367752, 0.015394, 0.0373575, 0.0272001, 0.0371864, 0.0271683, 0.0275018, 0.0325197, 0.0186382, 0.0372794, 0.0150441, 0.0319521, 0.029488, 0.0396225, 0.0198803, 0.0382151, 0.0157246, 0.0187124, 0.034371, 0.0341651, 0.0236765, 0.0159618, 0.0301528, 0.0385819, 0.0305291, 0.0372043, 0.027606];
GivenLatency = [68.6338, 74.5633, 68.4573, 89.3316, 64.2364, 56.8411, 128.115, 47.7069, 85.2088, 63.3899, 69.1992, 62.6501, 55.5237, 92.2149, 45.6287, 111.343, 68.4379, 69.886, 43.8238, 87.8087, 56.7466, 143.451, 121.384, 64.4897, 72.534, 81.663, 113.194, 59.4839, 52.2319, 66.9206, 50.8289, 83.5384];
HighestPossibleCritFunctionValue = 1.1;
