NumDevices = 16;
NumSlotes = 128;


GivenBandwidthOld = [0.0630336, 0.0756221, 0.0498643, 0.0385864, 0.0422663, 0.0392978, 0.0487879, 0.0475751, 0.0639658, 0.04254, 0.0397383, 0.050919, 0.0654897, 0.0551646, 0.0707499, 0.0630875];
GivenLatency = [31.4607, 18.9618, 30.5071, 38.1711, 35.7833, 42.8197, 27.7311, 37.4365, 25.6603, 41.7805, 49.789, 27.9355, 28.0953, 24.4992, 21.2532, 25.0728];
HighestPossibleCritFunctionValue = 1.1;
