NumDevices = 32;
NumSlotes = 256;


GivenBandwidthOld = [0.0104026, 0.00663897, 0.0136147, 0.0173717, 0.011092, 0.00518557, 0.0113548, 0.0103691, 0.00619145, 0.0172729, 0.0132334, 0.00879589, 0.015065, 0.0174029, 0.0105307, 0.00963881, 0.00701085, 0.0137892, 0.0125567, 0.0096814, 0.0103302, 0.0153815, 0.011283, 0.0156056, 0.0154416, 0.010198, 0.00508156, 0.013258, 0.00895168, 0.00837664, 0.00613775, 0.0146809];
GivenLatency = [37.4699, 65.1388, 23.2706, 21.9349, 43.4618, 114.334, 33.3552, 45.0524, 62.6597, 20.9882, 36.0165, 65.6449, 26.0296, 33.5335, 38.9494, 35.3157, 69.5289, 33.0174, 25.1029, 39.339, 55.7343, 32.2716, 29.784, 22.0791, 36.0754, 39.2264, 90.0135, 39.6349, 35.7515, 36.9154, 82.6423, 26.3251];
HighestPossibleCritFunctionValue = 1.1;
