NumDevices = 16;
NumSlotes = 128;


GivenBandwidthOld = [0.0225948, 0.0156544, 0.0187009, 0.0208937, 0.0258815, 0.0308294, 0.014734, 0.0243956, 0.0325552, 0.0206923, 0.014977, 0.033505, 0.0343047, 0.0247844, 0.0163599, 0.0255693];
GivenLatency = [13.7592, 29.4236, 16.5703, 24.5824, 14.5491, 17.3189, 34.5808, 21.9734, 12.7979, 27.6015, 23.8584, 15.3536, 15.0127, 12.8882, 21.0614, 13.428];
HighestPossibleCritFunctionValue = 1.1;
