NumDevices = 16;
NumSlotes = 128;


GivenBandwidthOld = [0.0179952, 0.0103309, 0.0208478, 0.0297267, 0.0311041, 0.0310827, 0.0218118, 0.031628, 0.0120817, 0.022512, 0.0242443, 0.0144781, 0.0231379, 0.0195088, 0.024122, 0.0331626];
GivenLatency = [19.5292, 33.5723, 21.6764, 11.2377, 16.922, 9.78817, 15.5734, 14.7912, 27.5494, 16.5533, 12.6525, 39.2364, 25.4168, 30.29, 16.9569, 15.8245];
HighestPossibleCritFunctionValue = 1.1;
