NumDevices = 32;
NumSlotes = 256;


GivenBandwidthOld = [0.0292506, 0.0244598, 0.0256397, 0.0171819, 0.0259008, 0.0253063, 0.0327693, 0.0229149, 0.0201807, 0.0270057, 0.015225, 0.0169483, 0.0203019, 0.0233644, 0.0153976, 0.0169409, 0.0154273, 0.0164011, 0.0240066, 0.029723, 0.0238387, 0.0268286, 0.0179873, 0.0222692, 0.0285198, 0.0221643, 0.0245696, 0.0320147, 0.0212241, 0.0227061, 0.0310363, 0.0170159];
GivenLatency = [38.8692, 34.898, 44.4118, 54.3021, 35.189, 36.1179, 27.8206, 49.773, 43.3394, 31.4984, 57.0141, 49.8548, 48.8009, 43.284, 70.5809, 51.6216, 64.483, 68.6384, 47.8538, 29.6871, 42.1609, 40.5839, 59.0365, 42.94, 34.3844, 48.2039, 39.3743, 29.5855, 48.5377, 38.6244, 33.158, 67.7395];
HighestPossibleCritFunctionValue = 1.1;
