NumDevices = 128;
NumSlotes = 1024;


GivenBandwidthOld = [0.0043723, 0.00649817, 0.00467498, 0.00613647, 0.00694415, 0.00652458, 0.00486467, 0.00679966, 0.00933061, 0.00954806, 0.00804336, 0.00599577, 0.00469083, 0.0099731, 0.00791267, 0.00942247, 0.00969287, 0.00425668, 0.00698881, 0.00709296, 0.00759207, 0.00871147, 0.0098574, 0.00703398, 0.00391019, 0.00855228, 0.00945029, 0.00853385, 0.00586563, 0.00490894, 0.00706511, 0.00836222, 0.00881866, 0.00529782, 0.0053834, 0.00626793, 0.00391051, 0.0077305, 0.00409381, 0.00721772, 0.00449744, 0.00977542, 0.00430127, 0.00637594, 0.00665757, 0.0087981, 0.00960053, 0.00861822, 0.00511712, 0.00596397, 0.00766145, 0.00595538, 0.00711966, 0.00640417, 0.00611888, 0.00503226, 0.00468022, 0.00674212, 0.00477684, 0.00552439, 0.00717418, 0.0039536, 0.00683167, 0.00982927, 0.00930093, 0.00450809, 0.00751786, 0.00524177, 0.00719933, 0.00796753, 0.00652358, 0.006868, 0.00802903, 0.00895231, 0.00771203, 0.00602793, 0.00760285, 0.00854717, 0.00472356, 0.00394587, 0.00818106, 0.00778501, 0.00758914, 0.00936533, 0.00555515, 0.00547194, 0.00698027, 0.00743408, 0.00964758, 0.00568609, 0.0062035, 0.0083993, 0.00695326, 0.00961966, 0.00515843, 0.00655698, 0.00558716, 0.00589454, 0.00960026, 0.00410959, 0.00991371, 0.00965545, 0.00667014, 0.0074893, 0.0063379, 0.00488285, 0.00613421, 0.00635966, 0.00812836, 0.00963594, 0.00999394, 0.00821909, 0.00957953, 0.00570805, 0.00648217, 0.00450315, 0.0057702, 0.00719074, 0.00720812, 0.00564975, 0.00781673, 0.00956689, 0.00575466, 0.00848801, 0.00424018, 0.00470309, 0.00975883, 0.00659843];
GivenLatency = [823.954, 556.434, 1030.44, 552.116, 521.318, 553.298, 901.225, 543.937, 402.139, 438.844, 576.773, 733.359, 912.562, 395.908, 543.526, 457.001, 363.701, 1033.88, 676.469, 477.373, 447.185, 517.086, 342.024, 531.533, 853.042, 484.387, 352.836, 413.84, 621.943, 742.68, 474.06, 422.852, 490.517, 683.262, 669.212, 540.516, 976.131, 434.724, 1055.61, 486.766, 839.139, 355.759, 1151.46, 551.634, 637.651, 450.288, 352.404, 412.519, 727.18, 799.052, 450.435, 818.407, 567.952, 712.353, 783.687, 989.297, 747.894, 539.763, 726.685, 677.287, 606.446, 1195.88, 573.262, 474.123, 455.746, 786.492, 498.779, 733.347, 610.165, 503.783, 520.106, 715.841, 479.428, 373.084, 437.09, 583.476, 460.035, 515.214, 906.527, 848.631, 523.899, 564.481, 505.398, 491.828, 760.868, 722.661, 582.707, 498.241, 387.58, 873.325, 660.108, 397.655, 706.242, 434.362, 819.3, 592.309, 830.826, 624.532, 392.019, 1161.94, 476.772, 412.935, 556.821, 601.924, 574.069, 821.387, 715.666, 661.096, 535.507, 346.473, 379.658, 469.445, 434.829, 713.025, 517.775, 748.939, 822.644, 485.128, 613.658, 751.855, 527.57, 434.548, 594.119, 491.6, 991.959, 761.05, 437.789, 630.571];
HighestPossibleCritFunctionValue = 1.1;
