NumDevices = 128;
NumSlotes = 1024;


GivenBandwidthOld = [0.00596191, 0.00434472, 0.00550649, 0.00634312, 0.0051165, 0.0080614, 0.009244, 0.00397379, 0.00869713, 0.00634118, 0.00991089, 0.00604853, 0.00391308, 0.00718749, 0.0089387, 0.00404743, 0.00891419, 0.00453321, 0.00466273, 0.00654465, 0.00460708, 0.0087202, 0.00657932, 0.00614053, 0.00633604, 0.00490672, 0.00719596, 0.00751984, 0.00716638, 0.00411416, 0.00544738, 0.00666903, 0.00770313, 0.00645202, 0.00409763, 0.00894551, 0.0058654, 0.00721748, 0.00674078, 0.0073269, 0.0081291, 0.00955746, 0.00980017, 0.00776115, 0.00665329, 0.00556932, 0.00606776, 0.00827772, 0.00741976, 0.00649006, 0.00585425, 0.00742826, 0.00551896, 0.00957891, 0.00769773, 0.0094538, 0.00503078, 0.00480866, 0.00908884, 0.00870583, 0.00892046, 0.00993102, 0.00694988, 0.00911371, 0.00791682, 0.00426602, 0.00767859, 0.00657515, 0.00471392, 0.00434532, 0.00935926, 0.00979117, 0.00644172, 0.00606732, 0.00724201, 0.00642645, 0.00557802, 0.00859676, 0.00691757, 0.00980692, 0.00861359, 0.00855408, 0.0084428, 0.00688846, 0.00803406, 0.00589903, 0.00998454, 0.00634454, 0.00399255, 0.00535802, 0.00481802, 0.00403094, 0.00669768, 0.00798639, 0.00480366, 0.00636899, 0.00869518, 0.00483063, 0.00966717, 0.00981275, 0.00672618, 0.00556902, 0.00732517, 0.00410633, 0.00511714, 0.00622121, 0.00614412, 0.00425782, 0.00737619, 0.0052973, 0.00928364, 0.00757999, 0.00561488, 0.00936586, 0.00821396, 0.0045083, 0.00474106, 0.00424582, 0.00567373, 0.00454639, 0.00738416, 0.00809941, 0.00429762, 0.00763494, 0.00422013, 0.00520965, 0.00488417, 0.00954403];
GivenLatency = [588.496, 815.016, 659.81, 785.182, 758.637, 494.576, 398.138, 1044.8, 545.329, 546.449, 452.434, 559.853, 1033.53, 599.251, 451.176, 1006.37, 496.444, 886.891, 817.166, 689.847, 900.332, 503.999, 612.768, 734.861, 531.631, 807.188, 686.723, 647.562, 586.91, 1012.5, 833.559, 504.393, 625.496, 558.287, 1131.99, 379.85, 772.036, 551.483, 649.256, 471.528, 451.106, 506.891, 451.394, 464.402, 604.221, 631.634, 686.78, 478.901, 472.194, 732.367, 818.605, 498.666, 697.161, 377.416, 552.078, 468.197, 871.251, 921.466, 463.777, 478.647, 477.278, 349.425, 701.968, 437.42, 484.553, 924.493, 603.816, 574.759, 929.372, 912.556, 406.015, 341.738, 543.997, 685.298, 527.108, 678.651, 715.458, 400.896, 526.915, 479.962, 411.191, 413.481, 507.976, 541.022, 484.158, 702.055, 401.8, 761.317, 969.742, 804.797, 959.051, 1219.62, 513.772, 570.96, 957.458, 626.536, 448.072, 864.839, 497.762, 389.247, 700.01, 626.404, 471.237, 1099.59, 821.68, 661.486, 573.463, 858.532, 511.656, 673.215, 471.382, 656.936, 613.193, 369.963, 441.602, 825.472, 967.162, 943.529, 860.421, 753.699, 544.271, 610.637, 981.435, 538.642, 1139.98, 791.842, 1001.04, 441.995];
HighestPossibleCritFunctionValue = 1.1;
