NumDevices = 64;
NumSlotes = 512;


GivenBandwidthOld = [0.0122396, 0.0152538, 0.0159225, 0.014731, 0.00854618, 0.0105669, 0.0136819, 0.0169865, 0.0170421, 0.0107267, 0.00912154, 0.0107186, 0.0126596, 0.0141677, 0.0122528, 0.0079105, 0.0168032, 0.016125, 0.00840684, 0.00872607, 0.0140013, 0.0151477, 0.0127478, 0.0077894, 0.0113993, 0.0122473, 0.0147075, 0.0143302, 0.0132399, 0.0173698, 0.00893848, 0.0140848, 0.00834036, 0.011453, 0.0155797, 0.0132524, 0.0173668, 0.00823918, 0.0109778, 0.00950713, 0.0113119, 0.0140881, 0.0134537, 0.0118725, 0.0158147, 0.0120679, 0.00958029, 0.0110189, 0.00963567, 0.011632, 0.0133948, 0.0108082, 0.00891844, 0.0171587, 0.0120916, 0.00921592, 0.0169489, 0.0150774, 0.0103098, 0.0123362, 0.0102415, 0.0145133, 0.00932543, 0.0174669];
GivenLatency = [88.8057, 69.4107, 65.7907, 70.7899, 143.624, 89.1739, 78.4914, 56.2955, 72.7561, 94.5938, 133.992, 114.912, 94.6725, 76.7176, 79.364, 118.429, 54.7718, 61.835, 145.846, 120.155, 81.9758, 60.4771, 92.9521, 120.945, 90.5889, 84.9806, 69.6683, 86.429, 81.0129, 57.015, 128.675, 71.4882, 111.926, 94.64, 65.7188, 68.7727, 54.7215, 128.38, 111.633, 121.2, 91.6493, 65.2402, 84.4827, 95.1468, 60.5028, 96.8266, 114.448, 91.0117, 109.583, 90.1824, 71.1805, 110.812, 104.486, 61.3751, 78.5798, 118.818, 62.5327, 70.5005, 110.441, 75.047, 91.7548, 85.2317, 116.223, 58.3667];
HighestPossibleCritFunctionValue = 1.1;
