NumDevices = 32;
NumSlotes = 256;


GivenBandwidthOld = [0.0338208, 0.0365335, 0.0284368, 0.0217404, 0.0261922, 0.0220694, 0.0311312, 0.031321, 0.0212461, 0.0189714, 0.0370881, 0.0246109, 0.0196909, 0.0297249, 0.0216572, 0.0281817, 0.035453, 0.0186269, 0.0223595, 0.0302891, 0.0281702, 0.0157979, 0.0252215, 0.0334674, 0.0218029, 0.0262714, 0.0286033, 0.0206404, 0.0388889, 0.0153858, 0.0249714, 0.0299826];
GivenLatency = [59.1737, 64.4475, 75.4961, 108.029, 67.5176, 92.3619, 65.7035, 67.4332, 80.4359, 110.231, 59.7016, 83.6144, 88.3921, 65.6108, 82.1067, 76.1069, 59.2678, 110.713, 90.1898, 60.0749, 61.3769, 137.927, 79.3376, 68.9404, 113.542, 93.9814, 64.5673, 114.424, 53.2518, 110.621, 91.5563, 55.5928];
HighestPossibleCritFunctionValue = 1.1;
