NumDevices = 16;
NumSlotes = 128;


GivenBandwidthOld = [0.0114826, 0.0282798, 0.014312, 0.0319406, 0.0163032, 0.0225637, 0.0177821, 0.0290359, 0.0221429, 0.0212853, 0.0328268, 0.0345067, 0.0182787, 0.0257427, 0.0231499, 0.0205574];
GivenLatency = [34.061, 15.5686, 31.246, 18.5878, 20.8729, 21.575, 28.4156, 13.0706, 15.2346, 14.4332, 12.3057, 9.10706, 24.7016, 17.8963, 14.0862, 23.9674];
HighestPossibleCritFunctionValue = 1.1;
