NumDevices = 32;
NumSlotes = 256;


GivenBandwidthOld = [0.00773402, 0.00560495, 0.00990183, 0.015101, 0.0101161, 0.016832, 0.0161492, 0.0149456, 0.0109179, 0.0166724, 0.00794133, 0.0148715, 0.014936, 0.0121097, 0.0110516, 0.0149864, 0.00829992, 0.0168208, 0.0146642, 0.00652354, 0.0111367, 0.00697369, 0.0142465, 0.0108704, 0.0060913, 0.00903278, 0.00888942, 0.0120058, 0.0146406, 0.0093085, 0.00537151, 0.0114241];
GivenLatency = [52.1696, 73.333, 34.4785, 32.1495, 39.3992, 37.04, 25.4454, 22.3892, 46.4668, 24.3657, 61.0374, 25.5902, 21.8662, 26.6243, 30.7035, 29.0691, 43.3534, 26.7934, 22.5511, 47.3658, 47.8397, 75.6169, 26.0816, 46.5728, 61.4729, 66.9117, 39.0214, 37.5301, 21.1824, 34.4089, 93.2814, 52.7557];
HighestPossibleCritFunctionValue = 1.1;
