NumDevices = 128;
NumSlotes = 1024;


GivenBandwidthOld = [0.0026133, 0.0017274, 0.00309954, 0.0020686, 0.00325703, 0.00212997, 0.00337751, 0.00211971, 0.00287923, 0.00238853, 0.00213208, 0.00130264, 0.00167263, 0.00126701, 0.00274598, 0.00351611, 0.00343316, 0.00291638, 0.00179273, 0.00413555, 0.00178981, 0.00192104, 0.00131885, 0.00212977, 0.00318841, 0.00203227, 0.00194428, 0.00430688, 0.0033055, 0.00422595, 0.00235788, 0.0026312, 0.00256012, 0.00176341, 0.00203, 0.00130545, 0.00192015, 0.00196731, 0.00391838, 0.00184386, 0.00413982, 0.00168376, 0.00400793, 0.00372791, 0.00370375, 0.00388067, 0.00243053, 0.00173464, 0.00284382, 0.00424368, 0.00348974, 0.00398533, 0.00205234, 0.00183201, 0.00184473, 0.00307553, 0.00175305, 0.0028472, 0.00171554, 0.00362498, 0.00185436, 0.00246885, 0.00207585, 0.00320387, 0.00241742, 0.00337047, 0.0025388, 0.00273612, 0.00341327, 0.00304605, 0.0031071, 0.00420871, 0.00320708, 0.00330203, 0.00214406, 0.0027134, 0.00288855, 0.00283937, 0.00435117, 0.0038495, 0.00351965, 0.00346915, 0.00165551, 0.00409171, 0.00248481, 0.0015647, 0.00296785, 0.00130014, 0.00329651, 0.00323777, 0.0034838, 0.00404915, 0.00278565, 0.00156204, 0.00190455, 0.00227134, 0.00132196, 0.00437301, 0.00220533, 0.00430818, 0.0032535, 0.00212229, 0.00251575, 0.00291749, 0.00177013, 0.00244007, 0.00281882, 0.00281406, 0.00402258, 0.00317152, 0.00246437, 0.00170938, 0.00334239, 0.00234068, 0.00422195, 0.00393638, 0.00432662, 0.00382999, 0.00373474, 0.00296197, 0.00250071, 0.00323249, 0.00227958, 0.002292, 0.00164629, 0.00236713, 0.00179633, 0.00224801];
GivenLatency = [155.173, 356.484, 121.063, 220.532, 148.574, 229.842, 101.9, 210.393, 113.871, 232.864, 253.395, 475.259, 380.168, 349.504, 172.393, 98.6461, 120.904, 176.381, 329.742, 124.296, 193.975, 258.024, 309.873, 253.554, 130.608, 256.97, 267.181, 74.3868, 189.649, 123.256, 226.479, 139.439, 125.76, 268.641, 171.409, 319.431, 231.386, 203.754, 134.197, 349.589, 84.6121, 301.777, 130.134, 103.409, 91.4629, 90.5499, 164.062, 362.843, 159.743, 92.093, 185.051, 131.077, 183.613, 252.028, 177.188, 179.429, 254.43, 202.586, 206.191, 94.6508, 276.172, 188.862, 234.043, 163.837, 189.904, 119.501, 145.777, 124.989, 186.711, 137.163, 172.407, 138.105, 144.661, 166.343, 238.425, 135.545, 145.783, 116.439, 121.489, 89.0211, 182.539, 90.2256, 317.392, 142.933, 178.809, 409.719, 130.9, 244.329, 102.732, 135.643, 100.2, 93.1717, 191.121, 280.013, 326.085, 221.899, 254.765, 111.112, 152.016, 151.781, 99.6252, 228.829, 161.546, 139.834, 195.76, 258.359, 119.345, 160.538, 116.823, 167.822, 157.33, 279.399, 131.864, 232.969, 90.6851, 136.37, 121.857, 104.171, 123.615, 177.853, 202.911, 151.403, 139.932, 138.269, 327.691, 136.547, 180.522, 232.847];
HighestPossibleCritFunctionValue = 1.1;
