NumDevices = 16;
NumSlotes = 128;


GivenBandwidthOld = [0.0302334, 0.052903, 0.06112, 0.0640064, 0.074763, 0.0624231, 0.0657337, 0.0557594, 0.0686963, 0.0492303, 0.0328739, 0.0324497, 0.051314, 0.0542747, 0.065182, 0.0335076];
GivenLatency = [64.9296, 26.6634, 31.978, 23.7147, 22.2727, 31.8998, 28.6507, 26.9333, 24.9087, 33.0313, 59.2952, 43.1665, 28.8664, 25.3041, 30.4873, 56.2372];
HighestPossibleCritFunctionValue = 1.1;
