NumDevices = 128;
NumSlotes = 1024;


GivenBandwidthOld = [0.0068348, 0.00495766, 0.00591403, 0.00466367, 0.00486005, 0.00528187, 0.0049267, 0.00556285, 0.00726642, 0.00425169, 0.00565269, 0.00723426, 0.00865819, 0.00563174, 0.00513044, 0.00486154, 0.00543727, 0.00671228, 0.00585537, 0.0086407, 0.00671467, 0.005985, 0.00733402, 0.00544817, 0.00494993, 0.00601618, 0.00648648, 0.00574913, 0.00806328, 0.00701444, 0.00422613, 0.00613059, 0.00426806, 0.00572867, 0.00428159, 0.00826713, 0.008173, 0.00603696, 0.00563995, 0.00808808, 0.00394141, 0.00579912, 0.00830299, 0.00578789, 0.00462147, 0.0055724, 0.00782568, 0.00867918, 0.0085124, 0.00536794, 0.00644029, 0.00446753, 0.00819444, 0.00654077, 0.00828692, 0.00569684, 0.00425291, 0.00621737, 0.00789945, 0.00853687, 0.00659813, 0.00731498, 0.00530393, 0.00557651, 0.0068253, 0.00528079, 0.00671447, 0.00752601, 0.00723549, 0.00434195, 0.00764438, 0.0065441, 0.00418969, 0.00867532, 0.00861869, 0.00677844, 0.00768038, 0.00663491, 0.00541118, 0.00812948, 0.00461877, 0.0050956, 0.00422705, 0.00649942, 0.00831108, 0.00679, 0.00701191, 0.00661042, 0.00380117, 0.00872593, 0.00425608, 0.00442264, 0.00874849, 0.00841624, 0.00421823, 0.00821219, 0.00473922, 0.00452168, 0.00833784, 0.00650343, 0.00563312, 0.00826672, 0.00621316, 0.00711272, 0.00593903, 0.00469877, 0.00469253, 0.0047739, 0.00746668, 0.00497248, 0.00491369, 0.0068739, 0.00709821, 0.00708783, 0.00764941, 0.00608149, 0.00407748, 0.0076796, 0.00847017, 0.00569774, 0.00441701, 0.00423186, 0.00732555, 0.00797973, 0.00775049, 0.00497083, 0.00730574, 0.00509164];
GivenLatency = [147.062, 194.471, 178.484, 246.889, 221.258, 224.591, 200.948, 212.599, 166.654, 291.435, 193.048, 137.452, 148.459, 172.276, 218.355, 256.569, 182.761, 192.049, 177.509, 121.612, 188.545, 210.946, 136.851, 220.639, 194.626, 207.472, 174.761, 213.168, 129.546, 142.226, 227.538, 186.315, 224.487, 213.987, 281.095, 124.126, 143.55, 175.137, 217.821, 150.394, 318.481, 203.066, 118.516, 191.379, 243.211, 215.876, 161.111, 133.622, 129.882, 229.57, 158.942, 217.201, 119.431, 146.922, 121.684, 176.512, 238.017, 177.649, 154.751, 150.908, 153.864, 131.262, 226.752, 206.959, 156.065, 237.907, 157.124, 163.819, 150.208, 256.608, 142.276, 165.661, 292.461, 114.511, 128.957, 177.353, 164.356, 183.115, 239.286, 127.596, 219.98, 229.442, 242.575, 177.805, 153.867, 171.834, 184.806, 191.359, 279.398, 128.962, 271.155, 216.621, 110.496, 116.48, 261.176, 126.781, 234.253, 220.374, 118.393, 169.5, 191.811, 148.755, 158.731, 163.765, 182.451, 224.45, 266.787, 212.497, 150.916, 243.746, 224.582, 155.602, 158.79, 149.296, 162.49, 158.467, 245.944, 153.164, 143.519, 201.719, 265.584, 287.845, 146.23, 149.696, 139.306, 222.103, 153.589, 189.417];
HighestPossibleCritFunctionValue = 1.1;
