NumDevices = 64;
NumSlotes = 512;


GivenBandwidthOld = [0.00273402, 0.00439119, 0.00642179, 0.00355365, 0.00491624, 0.00604435, 0.00368025, 0.00776219, 0.00656151, 0.00806475, 0.00431943, 0.0067361, 0.00483382, 0.0082293, 0.00737052, 0.00501373, 0.00706182, 0.00424245, 0.00655682, 0.004238, 0.00686626, 0.00493375, 0.00650416, 0.00658224, 0.00651227, 0.00553548, 0.00731966, 0.00655328, 0.00728538, 0.00538552, 0.00563396, 0.00620951, 0.0044016, 0.00650129, 0.00846064, 0.00794121, 0.00287117, 0.00318601, 0.00727897, 0.00388436, 0.00700603, 0.00409259, 0.00661376, 0.00492698, 0.00520253, 0.00523452, 0.00536583, 0.00606377, 0.00505369, 0.00368522, 0.00372396, 0.00480338, 0.00295157, 0.00459004, 0.00479013, 0.00516468, 0.00649942, 0.00826253, 0.00326245, 0.00442539, 0.00625966, 0.00364642, 0.00785788, 0.00865304];
GivenLatency = [183.518, 129.3, 71.7692, 96.4269, 95.9405, 67.2119, 105.636, 77.8117, 65.6282, 51.2104, 137.93, 94.7532, 93.8753, 38.4398, 68.3831, 112.978, 63.1791, 77.2323, 70.5309, 76.7818, 76.1012, 106.392, 73.0443, 66.4275, 52.4808, 101.454, 78.6845, 62.9364, 57.1734, 103.476, 66.5054, 60.1752, 99.179, 52.1448, 42.8697, 54.3826, 152.945, 127.236, 72.0677, 120.954, 58.8368, 86.0164, 95.3847, 87.2018, 65.5384, 89.8759, 81.8599, 63.9174, 61.1273, 131.751, 85.9829, 125.429, 155.657, 78.9899, 70.8663, 115.821, 66.9044, 43.9, 97.5843, 74.7792, 51.598, 122.135, 41.7839, 37.2603];
HighestPossibleCritFunctionValue = 1.1;
