NumDevices = 128;
NumSlotes = 1024;


GivenBandwidthOld = [0.00482407, 0.00562993, 0.00468669, 0.00667713, 0.00507249, 0.00585737, 0.00724239, 0.0053966, 0.00809728, 0.00851717, 0.00564144, 0.00822572, 0.00713621, 0.00586756, 0.00854146, 0.00386925, 0.00791643, 0.00388089, 0.00859276, 0.00599453, 0.00764526, 0.00644316, 0.00767698, 0.00452718, 0.00587483, 0.0057683, 0.00528339, 0.0054708, 0.00517268, 0.00469727, 0.00448477, 0.00800052, 0.00717455, 0.00522882, 0.00823789, 0.00670463, 0.00726996, 0.00869289, 0.00383826, 0.00710028, 0.00682364, 0.00747221, 0.00796101, 0.00825125, 0.00617324, 0.00612165, 0.00405311, 0.00808421, 0.00386636, 0.00447907, 0.00716776, 0.00603172, 0.00762131, 0.00387676, 0.00413377, 0.00378245, 0.00418881, 0.00381559, 0.00610878, 0.00784332, 0.00514115, 0.00480042, 0.00807807, 0.00569279, 0.00615247, 0.00699225, 0.00619285, 0.00569245, 0.00543084, 0.00866147, 0.00580995, 0.0053405, 0.00528659, 0.00416912, 0.00790237, 0.00771194, 0.00706317, 0.00823368, 0.00603858, 0.00798481, 0.00822759, 0.00860084, 0.00684105, 0.00506447, 0.00604737, 0.00568785, 0.00816125, 0.00870989, 0.00457603, 0.00676102, 0.00500696, 0.00450169, 0.00734738, 0.00493959, 0.00723428, 0.00396592, 0.00769757, 0.00553171, 0.00398473, 0.00384505, 0.00618749, 0.00564968, 0.00660137, 0.00664935, 0.00810966, 0.00663571, 0.00389992, 0.00850734, 0.00539157, 0.00859797, 0.00856073, 0.00765706, 0.00470712, 0.00512952, 0.00436737, 0.00481657, 0.00463172, 0.00784319, 0.0080301, 0.00445513, 0.00487649, 0.00669945, 0.00518168, 0.00603612, 0.00661329, 0.00711804, 0.00541481, 0.00427318];
GivenLatency = [219.332, 203.774, 256.596, 192.944, 201.993, 217.292, 169.064, 197.392, 143.036, 114.607, 179.358, 127.976, 175.895, 220.909, 137.351, 317.105, 132.599, 331.54, 138.641, 184.841, 159.786, 153.857, 159.438, 230.682, 200.143, 174.832, 188.467, 215.461, 209.028, 267.366, 246.491, 127.921, 168.194, 224.485, 137.658, 169.546, 164.75, 120.624, 291.346, 138.434, 144.648, 143.279, 120.464, 119.35, 160.453, 171.623, 317.754, 119.24, 259.722, 219.825, 136.326, 208.248, 128.96, 276.057, 293.801, 329.753, 251.862, 303.195, 175.177, 127.487, 208.978, 215.291, 160.549, 202.602, 159.731, 176.507, 189.827, 225.837, 210.792, 130.158, 171.45, 182.249, 223.006, 304.564, 147.008, 165.574, 174.719, 126.751, 186.611, 159.886, 157.634, 126.754, 185.269, 237.841, 212.265, 219.345, 157.312, 142.908, 231.465, 165.265, 236.028, 240.093, 167.408, 249.561, 151.891, 269.303, 164.997, 185.387, 245.369, 328.339, 200.617, 181.498, 155.877, 192.895, 145.422, 168.509, 255.943, 126.399, 207.243, 112.759, 140.086, 149.001, 243.091, 233.272, 234.315, 214.95, 214.677, 146.721, 125.902, 254.463, 224.07, 152.898, 196.437, 178.777, 154.64, 158.812, 183.709, 260.77];
HighestPossibleCritFunctionValue = 1.1;
