NumDevices = 32;
NumSlotes = 256;


GivenBandwidthOld = [0.0201683, 0.0180262, 0.0158368, 0.0187472, 0.0336522, 0.0232464, 0.0315834, 0.0325396, 0.0233348, 0.0173584, 0.0329931, 0.0249199, 0.0182601, 0.026776, 0.0341834, 0.0307595, 0.0245514, 0.0247336, 0.0277554, 0.0349766, 0.0211347, 0.0205658, 0.0198063, 0.0344779, 0.020015, 0.0219852, 0.0349303, 0.0230004, 0.0180718, 0.0224408, 0.0318795, 0.0279208];
GivenLatency = [41.3483, 60.2788, 73.1391, 47.7249, 31.4831, 45.4226, 32.9481, 27.0608, 47.4922, 51.9419, 33.5331, 37.4739, 48.5806, 37.7522, 29.4208, 29.8922, 35.1487, 40.2455, 40.815, 31.3573, 52.5663, 48.7599, 49.2543, 26.1899, 42.6538, 48.8806, 29.2604, 37.3458, 59.7761, 48.2759, 29.684, 34.2434];
HighestPossibleCritFunctionValue = 1.1;
