NumDevices = 32;
NumSlotes = 256;


GivenBandwidthOld = [0.022164, 0.0198223, 0.0381655, 0.0323697, 0.0224158, 0.0274216, 0.0346579, 0.03013, 0.0292179, 0.0256005, 0.0269838, 0.027517, 0.0387674, 0.022994, 0.0206065, 0.0177373, 0.0204134, 0.0231091, 0.0294526, 0.0199225, 0.022434, 0.033279, 0.0307452, 0.0194733, 0.0233673, 0.0190262, 0.0340952, 0.0237604, 0.0264768, 0.0312703, 0.0194897, 0.0227389];
GivenLatency = [84.1571, 89.5144, 59.0165, 69.3689, 86.2861, 72.4832, 56.5762, 72.9304, 80.6061, 78.167, 85.415, 73.4704, 46.9993, 89.6116, 112.928, 127.769, 93.8008, 96.0553, 59.0493, 104.408, 74.4485, 50.552, 58.2942, 101.944, 76.7259, 101.172, 61.432, 70.62, 71.6857, 68.977, 102.853, 78.9641];
HighestPossibleCritFunctionValue = 1.1;
