NumDevices = 128;
NumSlotes = 1024;


GivenBandwidthOld = [0.00248772, 0.00364325, 0.0027558, 0.0029352, 0.00256419, 0.00129442, 0.00412132, 0.00327134, 0.00202143, 0.00411572, 0.00298402, 0.00421594, 0.00288342, 0.00418968, 0.00215307, 0.0041623, 0.0014778, 0.00171223, 0.0042856, 0.00176718, 0.0028737, 0.00321101, 0.003671, 0.0035163, 0.00340028, 0.00351331, 0.00312173, 0.00312783, 0.00250562, 0.00126782, 0.00383067, 0.00271505, 0.00245496, 0.00293271, 0.00126976, 0.00209596, 0.00367345, 0.0039677, 0.00267368, 0.00408665, 0.00176475, 0.00261961, 0.00158409, 0.00379685, 0.00296473, 0.00192747, 0.00306832, 0.00233009, 0.00424544, 0.00192883, 0.00409909, 0.00160442, 0.00177465, 0.00333587, 0.0022814, 0.00153451, 0.00181112, 0.00390306, 0.00379158, 0.00187588, 0.00161953, 0.00252366, 0.00142478, 0.00433429, 0.00137576, 0.00237888, 0.00243994, 0.00370267, 0.00136026, 0.00435477, 0.0019064, 0.00207124, 0.00381864, 0.00355049, 0.00306465, 0.00320273, 0.00211288, 0.0036614, 0.00158232, 0.00214258, 0.00291401, 0.00263532, 0.00299119, 0.00298642, 0.00409421, 0.00385518, 0.00209077, 0.00389862, 0.00406834, 0.00340136, 0.00285521, 0.00180786, 0.00212968, 0.00163292, 0.00264687, 0.00351149, 0.00384316, 0.00331706, 0.00171266, 0.00224041, 0.00326872, 0.00177446, 0.00342534, 0.0028671, 0.0016765, 0.00380761, 0.00263534, 0.00341842, 0.00205544, 0.00382473, 0.00291925, 0.00327234, 0.0032082, 0.00336632, 0.00155409, 0.00269776, 0.00248131, 0.00217433, 0.00214913, 0.0035927, 0.00321657, 0.00343017, 0.00270136, 0.00370467, 0.00371515, 0.00172056, 0.00365011, 0.00231597];
GivenLatency = [247.187, 127.121, 136.027, 170.226, 234.352, 286.472, 104.273, 163.088, 310.219, 142.396, 120.359, 92.2214, 139.655, 120.693, 153.93, 127.345, 246.686, 356.511, 103.782, 204.828, 110.256, 164.705, 96.7998, 120.978, 189.685, 124.281, 141.308, 148.029, 166.622, 418.701, 95.7005, 119.872, 204.03, 127.661, 299.841, 248.465, 90.4747, 98.3557, 199.7, 114.129, 298.777, 186.124, 203.937, 156.345, 140.481, 163.318, 185.163, 209.223, 85.0712, 242.152, 93.188, 262.329, 181.435, 169.419, 245.911, 233.461, 193.79, 115.578, 103.086, 169.14, 358.444, 243.664, 285.661, 82.9446, 379.311, 166.953, 142.033, 117.106, 276.579, 72.8092, 181.461, 181.652, 143.531, 137.399, 103.296, 104.109, 305.519, 126.734, 322.524, 164.695, 164.452, 131.194, 147.641, 117.006, 94.2674, 106.585, 210.737, 123.896, 132.236, 126.591, 124.481, 277.085, 157.455, 251.469, 138.367, 110.091, 167.348, 109.437, 228.115, 204.45, 141.061, 254.294, 150.13, 126.482, 195.566, 109.158, 152.244, 140.7, 195.133, 104.089, 126.667, 129.578, 187.794, 116.508, 327.756, 191.677, 185.275, 156.341, 286.953, 100.872, 114.152, 102.908, 142.048, 84.6977, 97.9272, 216.398, 168.242, 197.465];
HighestPossibleCritFunctionValue = 1.1;
