NumDevices = 16;
NumSlotes = 128;


GivenBandwidthOld = [0.052508, 0.04248, 0.0613841, 0.0633719, 0.0324149, 0.0569775, 0.0402213, 0.0601454, 0.0442733, 0.0420364, 0.0449683, 0.0422588, 0.0644726, 0.051828, 0.0540537, 0.0608302];
GivenLatency = [20.5416, 19.3275, 13.3804, 17.2133, 26.5477, 18.6715, 20.7936, 14.0763, 19.5436, 19.7967, 17.1592, 19.7779, 11.9983, 19.8774, 15.7822, 14.3848];
HighestPossibleCritFunctionValue = 1.1;
