NumDevices = 128;
NumSlotes = 1024;


GivenBandwidthOld = [0.00408739, 0.00559208, 0.00734657, 0.00756135, 0.00485976, 0.00547275, 0.00807991, 0.00778798, 0.0076533, 0.00643752, 0.00418297, 0.0056849, 0.00491271, 0.00787364, 0.00979484, 0.0056931, 0.00516277, 0.00449252, 0.00836453, 0.00398568, 0.00852625, 0.00937828, 0.00448143, 0.00938691, 0.00573248, 0.00455017, 0.00846559, 0.00859029, 0.00443513, 0.00630669, 0.00525687, 0.00463938, 0.0078463, 0.00650387, 0.00681459, 0.00398692, 0.00432981, 0.00490561, 0.00732356, 0.00825195, 0.00555502, 0.00942432, 0.00952412, 0.00560162, 0.0051851, 0.00479437, 0.00651037, 0.00977609, 0.009244, 0.00392732, 0.00894151, 0.00743458, 0.00542573, 0.00524306, 0.00384291, 0.00911008, 0.00942945, 0.00822502, 0.00917512, 0.00873963, 0.00812802, 0.0039379, 0.00558518, 0.00379174, 0.00523442, 0.00869106, 0.00437806, 0.00962629, 0.00407018, 0.00994687, 0.0044534, 0.00706534, 0.0059807, 0.00755312, 0.00406351, 0.00416048, 0.0089538, 0.00769932, 0.00504624, 0.00843755, 0.00618992, 0.00526225, 0.00755855, 0.00782127, 0.00465946, 0.00771965, 0.00921603, 0.00878484, 0.0056194, 0.00398434, 0.00477744, 0.00944393, 0.00780398, 0.00778672, 0.00519653, 0.00924777, 0.00474915, 0.00898837, 0.00758806, 0.00999591, 0.00380649, 0.00942013, 0.0079111, 0.00804521, 0.00581338, 0.00791675, 0.00933262, 0.00584291, 0.0043279, 0.00394741, 0.00910923, 0.00761179, 0.00885117, 0.00785363, 0.00470516, 0.00708431, 0.00601544, 0.00407621, 0.00519289, 0.00439838, 0.00732356, 0.00838373, 0.00782252, 0.00692893, 0.00704571, 0.00731998, 0.0044104, 0.0094081];
GivenLatency = [1062.23, 598.336, 462.718, 605.834, 962.292, 826.737, 514.528, 567.017, 644.552, 529.436, 902.94, 666.869, 692.123, 506.898, 356.205, 642.672, 670.328, 862.666, 429.483, 986.242, 425.226, 403.521, 1083.91, 444.656, 705.093, 852.219, 530.588, 445.489, 974.734, 662.336, 730.953, 866.827, 524.528, 676.509, 616.349, 1200.63, 1074.22, 717.158, 461.103, 536.429, 791.088, 426.785, 350.991, 600.182, 887.217, 842.619, 683.381, 408.226, 386.097, 995.618, 457.247, 599.201, 664.316, 893.435, 1186.2, 392.343, 495.444, 450.117, 518.18, 430.158, 528.566, 972.305, 645.797, 898.115, 698.149, 554.174, 865.072, 371.531, 1036.72, 396.822, 981.104, 550.377, 773.411, 590.117, 1067.14, 965.683, 475.216, 506.084, 787.227, 400.393, 682.929, 777.288, 625.017, 577.049, 987.784, 459.678, 374.458, 426.312, 717.646, 1041.37, 1017.66, 427.868, 470.977, 601.607, 766.557, 479.385, 923.119, 389.717, 450.15, 442.402, 928.154, 451.369, 474.561, 521.303, 581.317, 516.686, 505.23, 585.558, 861.831, 1249.9, 445.215, 465.435, 379.954, 486.999, 979.302, 599.726, 668.455, 983.74, 801.054, 895.891, 598.624, 460.064, 468.765, 707.786, 538.118, 458.881, 833.448, 371.627];
HighestPossibleCritFunctionValue = 1.1;
