NumDevices = 64;
NumSlotes = 512;


GivenBandwidthOld = [0.0130607, 0.0164389, 0.0135584, 0.0109423, 0.0116303, 0.0150466, 0.0138397, 0.00821275, 0.0167564, 0.00989799, 0.0105783, 0.0152332, 0.00882046, 0.0104194, 0.0131571, 0.0158616, 0.0108895, 0.0148163, 0.0127882, 0.0165083, 0.00935487, 0.012335, 0.0089672, 0.0166591, 0.0149342, 0.0133998, 0.0156466, 0.00774955, 0.0117437, 0.0116272, 0.0133632, 0.00985583, 0.0120103, 0.0113612, 0.0129263, 0.016662, 0.0138784, 0.00915779, 0.00998635, 0.0155986, 0.0101824, 0.00982829, 0.00910227, 0.0168676, 0.00870122, 0.0164061, 0.0128784, 0.011993, 0.0117213, 0.0148397, 0.0162211, 0.0134796, 0.0173545, 0.0124373, 0.00856234, 0.0121789, 0.0157888, 0.00812378, 0.0114484, 0.00852629, 0.0163745, 0.0109518, 0.0125764, 0.0157293];
GivenLatency = [69.6194, 69.2149, 68.8157, 87.1409, 86.8795, 76.476, 80.12, 113.477, 56.3355, 113.165, 99.3936, 62.0567, 132.32, 97.0217, 83.2459, 66.6199, 90.5872, 77.4847, 81.4646, 63.4579, 127.288, 84.5768, 103.013, 57.0642, 68.0439, 72.3656, 77.7773, 155.763, 106.146, 79.6043, 79.8111, 92.4361, 88.626, 108.466, 80.2947, 65.5699, 67.1327, 101.083, 106.764, 72.7765, 121.714, 96.8183, 110.121, 67.2443, 111.378, 63.4617, 73.5806, 83.6348, 99.5279, 76.8653, 71.6089, 73.2712, 69.5516, 89.3325, 107.987, 81.4275, 62.8743, 115.711, 79.5626, 109.289, 71.9871, 83.1826, 79.1198, 78.5934];
HighestPossibleCritFunctionValue = 1.1;
