NumDevices = 16;
NumSlotes = 128;


GivenBandwidthOld = [0.0755867, 0.0559457, 0.0501883, 0.0345217, 0.0755341, 0.0713575, 0.0746461, 0.0462318, 0.0376007, 0.075283, 0.0513287, 0.0508605, 0.0328499, 0.0781742, 0.0445217, 0.0457738];
GivenLatency = [23.9758, 30.0823, 27.5425, 45.8848, 21.7029, 27.3963, 18.5436, 30.9668, 45.1464, 23.8927, 31.0482, 29.6045, 41.1982, 25.0294, 34.2973, 29.2636];
HighestPossibleCritFunctionValue = 1.1;
