NumDevices = 128;
NumSlotes = 1024;


GivenBandwidthOld = [0.00484423, 0.00705593, 0.00410179, 0.00379825, 0.00840802, 0.0098722, 0.0058798, 0.00558077, 0.00467333, 0.00966459, 0.00405054, 0.00496777, 0.00824926, 0.00405843, 0.00625973, 0.00972491, 0.00534393, 0.00545545, 0.00480045, 0.00872065, 0.00793846, 0.00543294, 0.00763802, 0.00588092, 0.00556274, 0.00797025, 0.00850047, 0.00734223, 0.00963236, 0.00599528, 0.00895108, 0.00577341, 0.00496186, 0.00896389, 0.00860593, 0.00491983, 0.00878477, 0.00434033, 0.0065992, 0.00900513, 0.00792955, 0.00573841, 0.0042632, 0.00413609, 0.00528851, 0.00523842, 0.00721002, 0.00636416, 0.00862896, 0.00435127, 0.00925689, 0.00810925, 0.00723049, 0.0065306, 0.00604256, 0.00973355, 0.00673248, 0.00532323, 0.00757456, 0.00817027, 0.00771241, 0.00623854, 0.00997485, 0.0060181, 0.0050409, 0.00622056, 0.00762088, 0.00532166, 0.00617001, 0.00805274, 0.00744892, 0.00904003, 0.00694906, 0.00788377, 0.00495875, 0.00668169, 0.00790247, 0.00677117, 0.00550786, 0.00434301, 0.00800774, 0.0073696, 0.00716888, 0.00868212, 0.00411143, 0.00958916, 0.0050763, 0.00734799, 0.00643652, 0.00610838, 0.00979118, 0.00653892, 0.00835223, 0.0096656, 0.00853777, 0.00938115, 0.00904615, 0.0099029, 0.00920812, 0.00712583, 0.00377148, 0.00855922, 0.00739053, 0.00883495, 0.00399143, 0.00516122, 0.00955882, 0.00757897, 0.00720987, 0.00386114, 0.00912797, 0.00385163, 0.00559501, 0.00665734, 0.00497721, 0.00453025, 0.00487739, 0.00800615, 0.00566887, 0.00416819, 0.00722972, 0.00612198, 0.00715324, 0.00820525, 0.00817114, 0.00986103, 0.00551661, 0.0077064];
GivenLatency = [923.544, 682.462, 959.548, 1216.27, 534.305, 383.626, 833.952, 657.331, 853.81, 437.326, 1209.91, 819.559, 426.036, 1166.26, 555.733, 405.953, 756.551, 898.111, 750.179, 447.894, 510.598, 783.624, 557.326, 801.337, 600.194, 484.569, 505.537, 530.711, 429.427, 809.983, 498.889, 646.253, 704.392, 467.833, 423.232, 720.466, 507.611, 1031.98, 732.474, 519.394, 451.652, 667.872, 897.847, 850.805, 720.108, 747.81, 688.571, 607.948, 503.123, 1104.68, 456.496, 411.295, 583.764, 609.064, 635.428, 383.974, 622.206, 664.359, 461.635, 483.497, 604.257, 669.578, 463.365, 787.317, 764.601, 768.928, 458.851, 818.49, 543.509, 503.4, 564.674, 433.655, 640.695, 477.767, 952.704, 668.253, 587.971, 500.982, 716.914, 820.334, 476.824, 622.878, 522.945, 478.995, 1135.39, 492.599, 691.976, 506.711, 529.641, 732.968, 379.479, 666.704, 508.163, 499.784, 399.273, 479.841, 403.962, 428.37, 428.441, 499.62, 891.141, 564, 476.086, 534.741, 890.97, 758.318, 427.445, 547.477, 546.388, 874.956, 440.368, 901.109, 622.443, 681.873, 912.399, 738.28, 887.103, 514.588, 592.769, 827.019, 475.682, 783.896, 478.635, 429.147, 582.776, 421.59, 698.797, 638.863];
HighestPossibleCritFunctionValue = 1.1;
