NumDevices = 128;
NumSlotes = 1024;


GivenBandwidthOld = [0.0052058, 0.00893656, 0.00554824, 0.00793951, 0.00437004, 0.00606811, 0.00793374, 0.00744525, 0.00987885, 0.00507662, 0.00648459, 0.00771343, 0.00466645, 0.0064776, 0.00899966, 0.00974921, 0.00746077, 0.00816497, 0.00612368, 0.00436544, 0.0037515, 0.0040189, 0.00441236, 0.0047087, 0.00419781, 0.00516984, 0.00453791, 0.00861431, 0.00827554, 0.00831432, 0.00376946, 0.00586382, 0.00564779, 0.00617593, 0.00754111, 0.0084128, 0.00889297, 0.004127, 0.00878759, 0.0080689, 0.00394675, 0.00424716, 0.00947174, 0.00652458, 0.00493007, 0.0059623, 0.00460758, 0.00464323, 0.00997959, 0.00442347, 0.0040574, 0.00773639, 0.00928326, 0.00744998, 0.0080821, 0.00712974, 0.00699298, 0.00848616, 0.00433086, 0.00376871, 0.00564944, 0.00886195, 0.00782722, 0.00460273, 0.00431746, 0.00987832, 0.0087517, 0.0048689, 0.00909719, 0.00526082, 0.00855028, 0.00710814, 0.00657802, 0.00934184, 0.00452895, 0.00809787, 0.00971664, 0.00384306, 0.00538169, 0.00883268, 0.0095373, 0.00838106, 0.00676372, 0.00540936, 0.00516922, 0.00655405, 0.0063481, 0.00744366, 0.00816354, 0.00708679, 0.00396727, 0.00548811, 0.00995154, 0.00804507, 0.00970221, 0.00503818, 0.00417945, 0.00896467, 0.00928216, 0.00782939, 0.00979255, 0.00461962, 0.00687113, 0.00434875, 0.00452527, 0.00866121, 0.00896406, 0.00513654, 0.00740173, 0.00966068, 0.00699907, 0.00463906, 0.00871704, 0.00979364, 0.00413651, 0.00603499, 0.00758836, 0.00878287, 0.00988272, 0.00756043, 0.00815288, 0.00912962, 0.00645871, 0.00399369, 0.00567859, 0.0050185, 0.00474206, 0.00859071];
GivenLatency = [857.952, 457.961, 633.591, 447.435, 915.127, 667.146, 607.295, 463.884, 451.213, 854.778, 669.016, 641.098, 885.808, 572.192, 446.021, 400.071, 486.18, 605.39, 604.039, 968.227, 1056.67, 1233.31, 824.377, 847.403, 794.969, 747.287, 834.54, 575.311, 594.703, 541.783, 1279.01, 622.93, 604.318, 733.709, 501.224, 469.134, 429.932, 939.136, 408.421, 463.173, 1260.9, 790.013, 386.583, 605.605, 948.382, 744.07, 843.957, 983.845, 465.306, 1011.87, 1135.6, 442.452, 434.544, 521.494, 425.9, 499.683, 684.083, 504.674, 918.885, 1154.37, 669.225, 513.916, 489.305, 809.632, 1107.13, 340.218, 531.463, 753.125, 441.657, 654.687, 544.338, 671.378, 694.193, 399.734, 804.544, 460.056, 384.237, 917.646, 859.155, 431.93, 354.622, 501.193, 572.467, 768.252, 704.606, 635.389, 754.997, 607.808, 574.056, 484.706, 1014.33, 687.517, 414.708, 469.073, 351.451, 795.932, 1090.26, 465.179, 377.038, 462.145, 364.165, 738.073, 489.343, 1122.27, 1059.98, 449.07, 473.863, 658.973, 505.303, 489.719, 661.265, 1069.47, 389.548, 362.744, 1077.43, 573.107, 526.53, 401.386, 471.363, 568.086, 445.254, 366.727, 533.141, 1075.58, 640.433, 883.299, 768.366, 390.34];
HighestPossibleCritFunctionValue = 1.1;
