NumDevices = 64;
NumSlotes = 512;


GivenBandwidthOld = [0.00820504, 0.00579189, 0.00424349, 0.0052721, 0.00564391, 0.00473073, 0.00695159, 0.00779137, 0.00328396, 0.00348379, 0.00579474, 0.00843332, 0.00512803, 0.00312462, 0.00671507, 0.00770681, 0.00711528, 0.00280223, 0.00714211, 0.00373146, 0.00591544, 0.00584104, 0.00540549, 0.00387028, 0.00782694, 0.00735113, 0.00410899, 0.00735807, 0.00839373, 0.00847797, 0.0054538, 0.00318059, 0.00361189, 0.00257951, 0.00756684, 0.00468429, 0.00756552, 0.0074347, 0.00253761, 0.00331423, 0.00607756, 0.00558499, 0.00825675, 0.00619556, 0.00750316, 0.00319341, 0.00656929, 0.00763731, 0.00776514, 0.00625485, 0.00396212, 0.00767258, 0.00678249, 0.00333859, 0.00285891, 0.00348505, 0.00831187, 0.00760827, 0.0071679, 0.00591029, 0.00675704, 0.00680726, 0.00718524, 0.00356933];
GivenLatency = [49.0821, 107.414, 125.779, 62.9913, 63.0527, 91.9175, 48.2319, 62.7886, 98.3451, 99.741, 110.088, 47.6592, 75.8171, 137.627, 49.7839, 65.3848, 63.0572, 115.19, 73.5631, 169.883, 58.6231, 102.593, 58.5488, 138.048, 40.0381, 74.7166, 86.6528, 58.5487, 46.0789, 61.8107, 108.755, 169.897, 111.589, 236.463, 67.1625, 93.9496, 49.914, 58.2197, 172.106, 98.3932, 79.3744, 109.024, 50.1697, 71.1675, 79.5097, 102.443, 67.3717, 43.2799, 46.0963, 50.1868, 119.517, 52.8544, 94.1424, 151.619, 119.275, 111.338, 59.3254, 67.0753, 52.7518, 88.454, 49.677, 50.342, 65.967, 93.5671];
HighestPossibleCritFunctionValue = 1.1;
