NumDevices = 32;
NumSlotes = 256;


GivenBandwidthOld = [0.0152476, 0.0261076, 0.0249706, 0.0159335, 0.0289758, 0.0309761, 0.0253726, 0.0227552, 0.0320486, 0.0265328, 0.0210587, 0.0192054, 0.0209267, 0.0251938, 0.0171238, 0.034851, 0.026422, 0.0351125, 0.0204786, 0.0180205, 0.0304752, 0.0311792, 0.0384851, 0.0296232, 0.0366003, 0.0253951, 0.0259166, 0.0399917, 0.0256452, 0.0294519, 0.0327541, 0.032481];
GivenLatency = [154.318, 84.7112, 86.3492, 111.082, 73.0472, 57.4565, 77.3297, 107.79, 53.991, 71.4739, 81.5145, 101.226, 81.4935, 94.2614, 138.764, 50.8843, 88.8666, 57.0161, 81.7209, 117.844, 57.3015, 65.1121, 48.8069, 56.4572, 46.3706, 75.1327, 81.2576, 57.7274, 75.5861, 75.3029, 52.1502, 73.9845];
HighestPossibleCritFunctionValue = 1.1;
