NumDevices = 32;
NumSlotes = 256;


GivenBandwidthOld = [0.0136238, 0.00749901, 0.00578655, 0.0121073, 0.00716629, 0.0138838, 0.0145815, 0.0160888, 0.0123107, 0.0140312, 0.0171464, 0.0127799, 0.0123085, 0.013255, 0.00857442, 0.00522081, 0.0160745, 0.00934613, 0.0128558, 0.0127924, 0.00937534, 0.0163965, 0.00867697, 0.0162696, 0.0127099, 0.00995241, 0.0152203, 0.0152876, 0.00871684, 0.0114384, 0.0158935, 0.0164498];
GivenLatency = [46.8171, 56.8149, 83.1974, 35.4252, 89.0338, 35.3675, 32.7975, 20.9588, 31.4521, 23.3882, 21.3139, 43.0006, 32.139, 44.3919, 74.5101, 103.468, 23.861, 38.4509, 35.2832, 26.1944, 47.7195, 21.2876, 43.1711, 37.1234, 25.1937, 41.2192, 41.994, 28.1165, 41.3556, 32.7522, 30.4456, 29.336];
HighestPossibleCritFunctionValue = 1.1;
