NumDevices = 32;
NumSlotes = 256;


GivenBandwidthOld = [0.0202316, 0.0177611, 0.0200327, 0.0247828, 0.0344572, 0.0323148, 0.0255558, 0.0261824, 0.033252, 0.0262071, 0.0224096, 0.022476, 0.0398607, 0.0233534, 0.0364027, 0.0298414, 0.0289886, 0.0206732, 0.0390343, 0.0346465, 0.0382589, 0.0270922, 0.0244117, 0.0218159, 0.0192438, 0.0158293, 0.028359, 0.0151793, 0.0290342, 0.0377438, 0.0207649, 0.0306604];
GivenLatency = [113.844, 110.943, 115.187, 68.1157, 49.727, 70.5532, 69.3621, 71.8234, 64.76, 81.0761, 102.126, 77.6246, 61.0038, 77.2628, 55.8485, 60.2146, 84.8234, 88.2138, 53.2232, 59.4738, 49.6127, 71.8179, 70.74, 79.4124, 107.338, 148.879, 70.0801, 117.645, 76.8618, 53.3919, 105.622, 59.0367];
HighestPossibleCritFunctionValue = 1.1;
