NumDevices = 64;
NumSlotes = 512;


GivenBandwidthOld = [0.0131929, 0.00757666, 0.0159168, 0.00902685, 0.00922689, 0.0113329, 0.0172357, 0.0154452, 0.0121488, 0.00940092, 0.0162405, 0.00896355, 0.015357, 0.00969332, 0.0107003, 0.0146528, 0.0145154, 0.0147978, 0.0119687, 0.0121748, 0.0173471, 0.00753572, 0.00779371, 0.0139496, 0.016228, 0.00848822, 0.0164667, 0.010203, 0.0168375, 0.0120603, 0.0132215, 0.0092295, 0.0152514, 0.016003, 0.00782726, 0.00781557, 0.0113581, 0.00980008, 0.0150023, 0.0093908, 0.0161973, 0.0127021, 0.00874586, 0.016623, 0.00824372, 0.0171698, 0.00802066, 0.00824901, 0.0161309, 0.0170124, 0.0130496, 0.00879645, 0.0169573, 0.0170871, 0.0174218, 0.0135756, 0.0106448, 0.0120191, 0.0103301, 0.0134395, 0.0121539, 0.015979, 0.0132912, 0.00949953];
GivenLatency = [77.0063, 120.505, 63.4193, 132.689, 110.199, 102.988, 62.2001, 60.7107, 85.1642, 97.9518, 57.4165, 107.995, 63.2295, 127.156, 87.3492, 82.7415, 81.3457, 82.8261, 85.6866, 80.146, 67.2446, 150.093, 155.206, 68.682, 66.3516, 133.336, 67.6083, 90.2574, 73.7371, 96.1577, 93.4596, 115.662, 74.5887, 58.5129, 122.633, 142.94, 99.3436, 126.938, 81.1646, 117.35, 64.2206, 80.1072, 114.572, 74.0872, 136.074, 56.6224, 118.032, 111.898, 75.6623, 67.2115, 90.7649, 112.746, 58.2624, 60.8088, 61.6334, 68.0672, 85.6246, 100.137, 107.785, 88.7314, 75.6079, 57.0483, 87.298, 124.766];
HighestPossibleCritFunctionValue = 1.1;
