NumDevices = 32;
NumSlotes = 256;


GivenBandwidthOld = [0.0351664, 0.0273068, 0.0312069, 0.028519, 0.0287262, 0.035899, 0.0387864, 0.0174813, 0.0180403, 0.0376394, 0.0152338, 0.018998, 0.034461, 0.0205411, 0.0200195, 0.0282285, 0.020674, 0.0279304, 0.0365662, 0.0282887, 0.033334, 0.02928, 0.0197992, 0.0243121, 0.0240774, 0.0280924, 0.0341507, 0.0311479, 0.0374833, 0.0162852, 0.0151712, 0.0180774];
GivenLatency = [48.9504, 72.134, 59.2864, 61.2065, 70.6844, 55.4991, 49.0077, 109.125, 98.4951, 50.1351, 136.674, 101.746, 60.3639, 94.8723, 91.1189, 62.3806, 94.0715, 76.3977, 55.7838, 66.9052, 61.9576, 79.3604, 94.5255, 71.4638, 94.1907, 65.6385, 58.8855, 79.1733, 57.5158, 126.247, 160.058, 97.353];
HighestPossibleCritFunctionValue = 1.1;
