NumDevices = 32;
NumSlotes = 256;


GivenBandwidthOld = [0.0207877, 0.0380756, 0.0212907, 0.0179318, 0.0153769, 0.0249092, 0.0342981, 0.0326819, 0.0198592, 0.0341718, 0.0362064, 0.0307411, 0.0251569, 0.0227737, 0.0176988, 0.0230731, 0.0242113, 0.0292294, 0.0176895, 0.0174369, 0.0223141, 0.0173415, 0.0188348, 0.0165578, 0.0225648, 0.0322229, 0.0302171, 0.0183193, 0.0277995, 0.0369722, 0.0263151, 0.0375759];
GivenLatency = [104.599, 62.8736, 112.78, 112.378, 115.478, 99.0625, 52.8442, 65.0947, 86.9496, 58.5135, 51.1254, 76.4312, 97.7091, 88.2414, 132.496, 86.0057, 83.2144, 73.2573, 112.499, 110.369, 108.164, 107.569, 118.591, 125.172, 103.902, 52.6488, 68.3882, 106.362, 74.3157, 57.6763, 83.0659, 56.0647];
HighestPossibleCritFunctionValue = 1.1;
