NumDevices = 64;
NumSlotes = 512;


GivenBandwidthOld = [0.00754535, 0.0197762, 0.00918157, 0.0196935, 0.0194416, 0.0106347, 0.0178616, 0.0177001, 0.0161827, 0.0120191, 0.00929065, 0.0154193, 0.019544, 0.0192151, 0.0149786, 0.0128878, 0.0102955, 0.0172276, 0.0114048, 0.0100893, 0.0128288, 0.0193089, 0.0176862, 0.0196005, 0.0174099, 0.0135769, 0.0161973, 0.00781421, 0.0133535, 0.0125583, 0.00955348, 0.00789241, 0.0151584, 0.00978075, 0.0150651, 0.0171317, 0.012362, 0.0109225, 0.0163954, 0.0127431, 0.0152537, 0.0120472, 0.0199243, 0.0104119, 0.0106259, 0.0193272, 0.0123361, 0.0125093, 0.0105272, 0.0105624, 0.0144727, 0.0107982, 0.0159272, 0.0187899, 0.00763995, 0.00962371, 0.0132343, 0.00900345, 0.013443, 0.0173275, 0.0166284, 0.0164813, 0.0179376, 0.0195062];
GivenLatency = [417.269, 112.623, 349.708, 112.902, 139.052, 249.462, 140.889, 145.146, 138.069, 273.279, 326.975, 215.857, 149.824, 163.755, 203.17, 191.362, 278.753, 140.502, 237.49, 305.808, 222.227, 115.55, 167.617, 160.161, 163.586, 171.67, 164.253, 331.115, 183.276, 232.141, 341.748, 308.623, 182.137, 300.784, 173.179, 139.478, 230.895, 206.767, 192.382, 239.504, 185.474, 276.669, 139.368, 218.791, 227.693, 119.338, 237.438, 206.816, 248.579, 244.911, 229.934, 281.033, 186.214, 130.223, 360.213, 283.403, 245.542, 305.922, 177.208, 152.755, 146.574, 148.424, 165.183, 139.069];
HighestPossibleCritFunctionValue = 1.1;
