NumDevices = 32;
NumSlotes = 256;


GivenBandwidthOld = [0.0153302, 0.0393505, 0.024139, 0.0391055, 0.0311064, 0.0151017, 0.0246353, 0.0311883, 0.0162997, 0.0338593, 0.0338793, 0.019411, 0.0258874, 0.0244803, 0.0250036, 0.0203676, 0.0276559, 0.02209, 0.0262883, 0.0378345, 0.0199347, 0.0268257, 0.0195582, 0.0243284, 0.0231224, 0.0276669, 0.0328706, 0.0157073, 0.0269616, 0.02857, 0.0356348, 0.0234574];
GivenLatency = [118.441, 44.7236, 71.0267, 44.0721, 65.0925, 162.511, 89.0352, 66.1201, 111.594, 50.676, 57.5619, 106.056, 84.7456, 70.2075, 78.0401, 97.2448, 81.2276, 92.9406, 70.854, 59.1445, 119.202, 73.7612, 88.9363, 74.8727, 99.8103, 68.2321, 62.3444, 115.241, 89.1261, 82.8467, 50.0018, 72.22];
HighestPossibleCritFunctionValue = 1.1;
