NumDevices = 16;
NumSlotes = 128;


GivenBandwidthOld = [0.0765795, 0.0417071, 0.0411299, 0.0399621, 0.0627839, 0.0790426, 0.0395996, 0.0698709, 0.0403651, 0.0357332, 0.0387471, 0.0421535, 0.0444176, 0.0469422, 0.0783326, 0.0560726];
GivenLatency = [25.413, 34.4532, 40.28, 47.0394, 24.9337, 22.9082, 37.378, 21.3865, 35.557, 50.8268, 39.6936, 31.761, 33.0107, 41.5152, 18.2995, 28.872];
HighestPossibleCritFunctionValue = 1.1;
