NumDevices = 128;
NumSlotes = 1024;


GivenBandwidthOld = [0.00536012, 0.00500863, 0.00751461, 0.00555248, 0.00806933, 0.00865147, 0.00773879, 0.00831319, 0.00732653, 0.00446582, 0.00447046, 0.00746993, 0.00463564, 0.00862191, 0.00591269, 0.00706488, 0.00686603, 0.00480193, 0.00849777, 0.00450947, 0.00823672, 0.00698148, 0.00520544, 0.00527648, 0.0042273, 0.00571295, 0.00496777, 0.00580534, 0.00777668, 0.00517186, 0.00595311, 0.00637119, 0.00804802, 0.00562513, 0.00403634, 0.00634721, 0.00500754, 0.0041804, 0.00749922, 0.00692945, 0.00567942, 0.00655308, 0.00514412, 0.00466769, 0.00740279, 0.00612422, 0.00719804, 0.00499887, 0.00844037, 0.00487358, 0.00774731, 0.00657054, 0.00853502, 0.00552764, 0.00558449, 0.00606494, 0.00601902, 0.00421195, 0.00778505, 0.00576421, 0.00657167, 0.00748673, 0.00691239, 0.00398429, 0.0065324, 0.00753976, 0.00826083, 0.0072641, 0.0052534, 0.00640433, 0.0050281, 0.00486307, 0.00611758, 0.00573732, 0.00459685, 0.00667932, 0.00687627, 0.00690993, 0.0077162, 0.00869472, 0.00467807, 0.00675445, 0.00459575, 0.00831706, 0.00726004, 0.00692497, 0.00548343, 0.00753847, 0.00654031, 0.00544067, 0.00380271, 0.0046932, 0.00611412, 0.00743325, 0.0081942, 0.00748859, 0.00828173, 0.00848522, 0.00856061, 0.00565253, 0.00459114, 0.00571637, 0.00760233, 0.00480789, 0.00871012, 0.00854086, 0.0038045, 0.00466319, 0.00665852, 0.00722985, 0.00466339, 0.00503685, 0.00683148, 0.00425677, 0.0059528, 0.00613719, 0.00517914, 0.00823183, 0.00488087, 0.00526568, 0.00776729, 0.00738764, 0.00653685, 0.0072686, 0.00578487, 0.00378623, 0.00765405, 0.004128];
GivenLatency = [198.476, 199.692, 137.772, 233.369, 145.946, 138.473, 144.233, 129.691, 174.318, 215.408, 231.939, 167.587, 265.755, 126.972, 205.869, 169.021, 175.211, 221.664, 135.221, 271.079, 155.67, 152.811, 205.435, 215.118, 293.457, 204.467, 251.16, 221.25, 144.641, 219.161, 180.899, 202.227, 129.742, 189.891, 267.262, 189.917, 198.066, 253.144, 166.379, 142.392, 221.625, 150.71, 213.026, 228.525, 156.294, 210.005, 160.052, 248.626, 152.642, 253.776, 152.35, 172.266, 149.83, 210.404, 219.374, 208.907, 215.127, 276.448, 136.708, 180.136, 186.262, 140.097, 138.204, 294.776, 158.534, 130.531, 156.419, 166.099, 201.658, 159.39, 219.996, 205.782, 157.144, 182.607, 263.8, 150.051, 154.848, 174.439, 162.774, 132.024, 234.222, 149.27, 262.61, 154.115, 176.667, 144.154, 205.226, 126.757, 148.355, 189.454, 281.673, 271.345, 179.705, 135.748, 127.979, 133.095, 116.942, 145.407, 117.615, 169.055, 246.294, 216.331, 168.756, 210.066, 112.894, 111.648, 284.28, 262.651, 185.568, 173.217, 264.49, 236.667, 142.253, 234.791, 170.128, 171.084, 193.99, 117.848, 208.75, 212.115, 131.345, 138.092, 159.038, 178.202, 216.197, 258.869, 156.688, 243.625];
HighestPossibleCritFunctionValue = 1.1;
