NumDevices = 128;
NumSlotes = 1024;


GivenBandwidthOld = [0.0078112, 0.00408933, 0.00689885, 0.00767513, 0.00472355, 0.00994386, 0.00391428, 0.00854363, 0.00780489, 0.00426028, 0.00506935, 0.0093853, 0.00378639, 0.00908982, 0.00628633, 0.0069192, 0.00599631, 0.00756515, 0.0062313, 0.00690501, 0.00506221, 0.00804681, 0.00770556, 0.00991059, 0.00728021, 0.00481121, 0.00833237, 0.00710755, 0.00911501, 0.00466542, 0.00798126, 0.00611337, 0.00619362, 0.00493037, 0.00479122, 0.0098052, 0.00471707, 0.0072327, 0.00622219, 0.00387137, 0.00609008, 0.00854127, 0.00560255, 0.00828692, 0.00580292, 0.00724763, 0.00719752, 0.00865199, 0.00394677, 0.0045899, 0.00750475, 0.00981516, 0.00968929, 0.0065875, 0.00615145, 0.00865339, 0.00876128, 0.00961045, 0.00651441, 0.0089805, 0.006474, 0.00478861, 0.00962447, 0.00466522, 0.00455082, 0.0068845, 0.0039633, 0.00747786, 0.00792168, 0.00463835, 0.00917969, 0.00434858, 0.00787071, 0.00419959, 0.00993886, 0.00735633, 0.00916075, 0.00468265, 0.00381588, 0.00472101, 0.00483842, 0.00939263, 0.008178, 0.00638391, 0.00932428, 0.00945835, 0.00643341, 0.00382618, 0.00908771, 0.00839026, 0.00507532, 0.00966829, 0.00994632, 0.00774563, 0.00828548, 0.0065966, 0.00905635, 0.0063289, 0.00980927, 0.00441879, 0.00661702, 0.00857917, 0.00515365, 0.00734887, 0.00865415, 0.00913532, 0.00851716, 0.00671169, 0.00588157, 0.00402098, 0.00807065, 0.00845994, 0.00742413, 0.0049192, 0.0045555, 0.00435256, 0.00593545, 0.0095613, 0.00549763, 0.00748039, 0.00674224, 0.00674473, 0.00487911, 0.00565991, 0.0099127, 0.00532372, 0.00949818, 0.00712565];
GivenLatency = [506.47, 1028.96, 505.308, 585.847, 914.545, 500.169, 1078.2, 468.244, 582.161, 887.502, 952.874, 378.978, 911.456, 540.869, 615.538, 511, 819.013, 479.899, 579.329, 680.446, 945.502, 480.38, 593.058, 489.592, 597.443, 971.729, 524.367, 498.422, 514.995, 737.188, 482.013, 601.602, 707.153, 793.073, 1024.07, 436.442, 962.102, 509.999, 569.095, 953.017, 579.45, 421.731, 664.816, 472.863, 670.953, 475.407, 557.498, 458.269, 1227.3, 865.254, 487.99, 380.962, 488.211, 572.439, 588.031, 445.725, 387.573, 356.402, 523.179, 476.252, 636.286, 847.193, 423.261, 787.214, 1004.12, 617.113, 920.5, 658.842, 436.797, 757.678, 413.815, 1071.88, 511.138, 1148.47, 353.2, 501.693, 392.967, 769.415, 1055.2, 734.19, 889.943, 461.87, 581.707, 600.489, 375.836, 397.393, 710.098, 1251.39, 524.474, 492.398, 744.618, 391.14, 404.801, 570.769, 462.121, 704.208, 534.865, 758.131, 464.152, 1026.54, 547.314, 421.471, 882.003, 491.521, 474.133, 441.056, 558.352, 558.565, 648.982, 970.36, 613.701, 541.201, 581.192, 803.511, 1093.47, 1068.62, 642.001, 445.922, 658.873, 556.283, 570.57, 592.082, 786.551, 626.577, 483.136, 700.057, 441.38, 677.808];
HighestPossibleCritFunctionValue = 1.1;
