NumDevices = 32;
NumSlotes = 256;


GivenBandwidthOld = [0.0250826, 0.0336519, 0.0170178, 0.0285501, 0.0316, 0.0312138, 0.0198802, 0.0165142, 0.0249325, 0.0305638, 0.0155244, 0.0281891, 0.0244661, 0.0322258, 0.0292726, 0.033887, 0.0280689, 0.0245328, 0.03304, 0.0332818, 0.0169664, 0.0242887, 0.0299473, 0.0337349, 0.031829, 0.0194918, 0.0289826, 0.0208811, 0.0185821, 0.0200845, 0.0300893, 0.0202398];
GivenLatency = [42.0811, 25.6322, 52.8569, 32.9442, 29.4095, 36.8822, 44.7027, 69.3037, 42.4442, 35.0848, 69.3158, 31.6743, 38.8653, 31.9436, 36.9272, 26.3032, 39.2051, 35.2308, 27.2432, 26.4461, 60.0581, 48.1249, 30.3994, 31.3398, 36.5764, 49.0183, 31.4191, 55.1664, 55.3176, 45.0572, 30.6967, 42.3944];
HighestPossibleCritFunctionValue = 1.1;
