NumDevices = 128;
NumSlotes = 1024;


GivenBandwidthOld = [0.00173243, 0.00312352, 0.0019606, 0.00375618, 0.00387887, 0.00343322, 0.00406314, 0.00349214, 0.00358038, 0.00237539, 0.0031405, 0.00306362, 0.00159216, 0.00196605, 0.00156313, 0.00157085, 0.00319879, 0.00141441, 0.00204829, 0.00241137, 0.00172227, 0.00125595, 0.00130191, 0.00188173, 0.00315868, 0.002229, 0.00222472, 0.00204006, 0.00164646, 0.00197221, 0.0019124, 0.00287206, 0.00388353, 0.0035547, 0.00193643, 0.00375738, 0.00211933, 0.00266159, 0.00391857, 0.00197761, 0.00213347, 0.00282233, 0.00232317, 0.00364118, 0.00232845, 0.00175178, 0.00334492, 0.00427122, 0.0039402, 0.00294308, 0.00372802, 0.00237485, 0.00348094, 0.00287944, 0.00282335, 0.00397001, 0.00400844, 0.00306014, 0.00231995, 0.00258188, 0.0017598, 0.00379962, 0.00276157, 0.00310645, 0.00255549, 0.00207664, 0.00400872, 0.00144332, 0.00352947, 0.00294635, 0.00245461, 0.00346427, 0.00404063, 0.00337223, 0.00397143, 0.0028011, 0.0017822, 0.00222475, 0.00264856, 0.00370948, 0.00341101, 0.00258515, 0.00364977, 0.00296026, 0.00189861, 0.00241817, 0.00342793, 0.00261699, 0.00432311, 0.0041665, 0.00328327, 0.00261506, 0.00321445, 0.0021382, 0.00425579, 0.00398743, 0.00294362, 0.00345388, 0.00130574, 0.00364359, 0.00212706, 0.00141548, 0.00435059, 0.0034434, 0.00314969, 0.00127267, 0.00417001, 0.00282716, 0.00237971, 0.00384253, 0.00205214, 0.00150074, 0.00291615, 0.00422265, 0.0032551, 0.00409578, 0.00210837, 0.00284037, 0.00246668, 0.00306422, 0.00229251, 0.00399579, 0.00278346, 0.00224303, 0.00359656, 0.00245068, 0.00287601, 0.00151899];
GivenLatency = [213.839, 144.52, 199.775, 123.952, 83.188, 126.382, 145.836, 94.6568, 120.808, 173.756, 170.579, 137.04, 316.264, 276.495, 381.818, 226.454, 99.8121, 323.462, 251.544, 186.48, 287.406, 343.619, 311.892, 328.349, 175.646, 203.993, 225.235, 182.111, 260.68, 197.484, 206.966, 152.748, 100.653, 180.183, 315.712, 107.172, 250.339, 124.458, 114.432, 162.16, 214.244, 133.377, 146.856, 109.856, 151.323, 239.85, 99.2985, 96.7529, 79.3962, 140.148, 143.359, 180.204, 147.107, 157.444, 115.111, 92.7583, 121.09, 140.754, 281.093, 147.642, 186.064, 95.9739, 147.237, 110.719, 173.133, 303.997, 87.8994, 367.56, 131.24, 170.406, 208.459, 179.798, 145.954, 163.091, 91.0852, 153.504, 279.751, 228.927, 173.895, 90.6305, 94.024, 133.558, 96.3261, 141.945, 313.774, 155.79, 167.763, 130.491, 137.674, 114.304, 103.106, 121.471, 123.683, 158.573, 125.003, 82.7174, 106.844, 117.135, 338.84, 142.715, 183.782, 362.251, 131.893, 154.131, 151.81, 446.237, 117.493, 148.331, 152.844, 113.161, 155.573, 275.22, 115.397, 105.808, 107.242, 147.992, 235.558, 178.725, 151.473, 103.693, 224.564, 136.072, 173.079, 175.826, 144.696, 189.677, 142.583, 228.497];
HighestPossibleCritFunctionValue = 1.1;
