NumDevices = 32;
NumSlotes = 256;


GivenBandwidthOld = [0.0165257, 0.0174008, 0.0246804, 0.0331773, 0.0206554, 0.0255434, 0.0178446, 0.023647, 0.0250863, 0.0154843, 0.0339438, 0.0235102, 0.0261403, 0.0294283, 0.031311, 0.0334455, 0.0292054, 0.025404, 0.0154426, 0.0340224, 0.023902, 0.0305621, 0.0269232, 0.0286039, 0.0150404, 0.0336647, 0.0327141, 0.0162989, 0.0254008, 0.0205796, 0.0314967, 0.0154813];
GivenLatency = [60.0986, 63.7593, 42.9558, 26.5339, 53.2082, 34.4726, 59.3275, 39.1405, 41.4196, 60.1308, 29.0921, 48.2207, 34.945, 30.6782, 30.1795, 28.1874, 32.8988, 45.9567, 72.1456, 29.4927, 37.9866, 36.6322, 43.1957, 29.8917, 65.1787, 29.9576, 28.8608, 67.106, 34.3757, 54.9236, 36.4613, 68.0973];
HighestPossibleCritFunctionValue = 1.1;
