NumDevices = 32;
NumSlotes = 256;


GivenBandwidthOld = [0.0268726, 0.0172079, 0.0230961, 0.0255507, 0.0212688, 0.0340273, 0.0276989, 0.0256597, 0.033108, 0.0155664, 0.0338514, 0.0296727, 0.0194199, 0.0208224, 0.0320181, 0.0174164, 0.0282404, 0.026577, 0.0299251, 0.021521, 0.0340549, 0.0313099, 0.0348775, 0.015803, 0.0317771, 0.0280046, 0.0237516, 0.0232324, 0.0172101, 0.0203825, 0.017881, 0.0161448];
GivenLatency = [31.017, 65.1855, 38.3073, 39.4853, 47.6181, 32.6974, 30.7273, 41.5561, 29.8228, 72.417, 28.4008, 30.216, 50.8996, 51.3989, 35.1381, 58.1014, 37.0124, 39.0014, 36.7707, 39.1217, 24.9978, 27.8116, 32.1972, 72.4433, 32.8902, 36.707, 38.8377, 41.6476, 60.5415, 44.4025, 47.6433, 61.3028];
HighestPossibleCritFunctionValue = 1.1;
