NumDevices = 128;
NumSlotes = 1024;


GivenBandwidthOld = [0.00151835, 0.00197256, 0.00152459, 0.00378594, 0.00400752, 0.00308633, 0.00187123, 0.00165541, 0.00250702, 0.00292404, 0.00252956, 0.00366583, 0.00404895, 0.00254177, 0.00258508, 0.00235734, 0.00301377, 0.00437472, 0.00270701, 0.00170326, 0.00361935, 0.0042428, 0.00126932, 0.00409806, 0.00289196, 0.00389013, 0.00201706, 0.00259095, 0.00421053, 0.00254786, 0.00196321, 0.00374932, 0.00425936, 0.00145004, 0.00388048, 0.00238548, 0.00401461, 0.00351933, 0.00131602, 0.00153513, 0.00275115, 0.00302756, 0.00167489, 0.00183334, 0.00238895, 0.002935, 0.00236887, 0.00304886, 0.00342465, 0.00363615, 0.00218585, 0.00199017, 0.0038276, 0.00423126, 0.00413105, 0.00427449, 0.00259514, 0.00276463, 0.00140148, 0.00335237, 0.001479, 0.00311547, 0.00421984, 0.00290457, 0.00327934, 0.00215591, 0.00190526, 0.00171125, 0.00349655, 0.00272755, 0.00322159, 0.00338058, 0.00363816, 0.00151379, 0.00352781, 0.00313924, 0.00362718, 0.00133449, 0.00256105, 0.00167109, 0.0034844, 0.00174194, 0.00370432, 0.00408473, 0.00394527, 0.00375747, 0.00373951, 0.00178901, 0.0041516, 0.00284633, 0.0026511, 0.00267013, 0.0037938, 0.00174483, 0.00229846, 0.00403581, 0.00364218, 0.00345112, 0.00175068, 0.00366015, 0.00237181, 0.00234144, 0.00126515, 0.00277427, 0.00397893, 0.00385759, 0.00200338, 0.00386742, 0.00156278, 0.00184936, 0.00277749, 0.00191485, 0.00343091, 0.00267413, 0.00217235, 0.0032358, 0.0015194, 0.00397188, 0.00414999, 0.00384232, 0.001656, 0.00307774, 0.00135916, 0.00153674, 0.00169519, 0.00236435, 0.0020665, 0.00236135];
GivenLatency = [395.77, 172.524, 270.327, 111.638, 112.986, 102.818, 178.301, 265.927, 226.498, 120.957, 187.423, 155.878, 138.173, 145.358, 122.647, 176.614, 145.513, 72.9712, 184.652, 202.103, 97.6759, 139.194, 362.921, 100.643, 125.516, 126.743, 255.411, 161.843, 119.737, 257.847, 195.595, 101.068, 109.388, 342.461, 92.6861, 149.46, 140.048, 166.534, 482.972, 311.946, 149.217, 162.924, 279.92, 172.046, 156.862, 177.843, 144.174, 111.227, 122.418, 127.837, 168.944, 263.51, 84.5643, 106.017, 126.912, 111.927, 247.366, 133.148, 393.989, 109.048, 269.261, 110.024, 103.568, 149.812, 133.003, 209.28, 209.108, 311.536, 165.467, 224.895, 114.793, 137.163, 101.798, 209.432, 90.1128, 183.524, 142.736, 253.989, 223.113, 219.857, 140.896, 281.465, 170.461, 156.983, 153.916, 115.679, 101.295, 276.457, 140.035, 140.942, 179.868, 163.772, 150.902, 252.132, 250.446, 84.74, 168.492, 107.802, 206.365, 108.358, 247.327, 150.326, 389.292, 201.917, 88.9265, 116.062, 221.709, 149.68, 235.821, 245.864, 123.976, 200.815, 149.747, 133.616, 196.799, 147.518, 213.457, 88.5387, 91.8069, 109.843, 280.713, 151.799, 254.146, 268.383, 363.258, 160.598, 197.881, 185.929];
HighestPossibleCritFunctionValue = 1.1;
