NumDevices = 128;
NumSlotes = 1024;


GivenBandwidthOld = [0.00845825, 0.00397831, 0.0097802, 0.00950639, 0.00759994, 0.00972476, 0.00901568, 0.00404748, 0.00979466, 0.00878438, 0.00401148, 0.00468449, 0.00967129, 0.00412866, 0.00534864, 0.00967117, 0.0084317, 0.00785751, 0.00742968, 0.0043617, 0.00951782, 0.00597659, 0.00738133, 0.00419078, 0.00575884, 0.00999797, 0.00710834, 0.00994723, 0.00428752, 0.00664762, 0.0041131, 0.00643255, 0.00815428, 0.00779494, 0.00585038, 0.00489441, 0.00658093, 0.0082612, 0.00466119, 0.00555719, 0.00838155, 0.00874785, 0.00881627, 0.0087787, 0.00860784, 0.00575858, 0.0056536, 0.00380426, 0.00940541, 0.00421586, 0.00838393, 0.00498727, 0.00476012, 0.00584285, 0.00960567, 0.00741568, 0.00653808, 0.00679915, 0.0070911, 0.00764871, 0.00433771, 0.00636486, 0.00791943, 0.00435122, 0.00839731, 0.00489956, 0.00565344, 0.0074133, 0.00405091, 0.00492241, 0.00851348, 0.0072628, 0.00585119, 0.00593114, 0.00594986, 0.00808913, 0.00651218, 0.00891999, 0.0082827, 0.0098362, 0.00694509, 0.00982025, 0.00764981, 0.00418624, 0.00444249, 0.00493456, 0.00640816, 0.0043805, 0.00689146, 0.00843539, 0.00728356, 0.00478414, 0.0095285, 0.00420354, 0.00758303, 0.00670616, 0.00662852, 0.00809525, 0.00931795, 0.00921382, 0.00909159, 0.00483881, 0.00956167, 0.0055055, 0.00845157, 0.0043128, 0.00640709, 0.00515255, 0.00768831, 0.00744977, 0.00456552, 0.00391308, 0.00713158, 0.00676563, 0.00619191, 0.00743231, 0.00482726, 0.00922304, 0.00796967, 0.00496726, 0.0059965, 0.00436695, 0.00399756, 0.00825534, 0.00619803, 0.00397145, 0.00685328, 0.00437062];
GivenLatency = [402.886, 1016.61, 459.961, 471.33, 585.879, 495.708, 421.584, 867.039, 427.891, 517.699, 1014.82, 939.868, 423.431, 966.064, 871.593, 455.072, 514.016, 600.626, 564.852, 949.179, 450.439, 606.34, 478.246, 883.468, 676.409, 388.178, 483.142, 474.378, 939.08, 542.235, 857.752, 596.309, 537.526, 476.245, 620.508, 780.04, 658.841, 502.262, 762.895, 634.399, 594.799, 397.427, 413.705, 516.456, 493.873, 601.076, 766.864, 996.513, 520.281, 820.346, 431.231, 968.428, 849.106, 696.96, 474.512, 516.472, 579.5, 587.324, 483.97, 600.492, 848.435, 537.158, 479.365, 1080.07, 479.672, 709.676, 775.037, 467.271, 892.334, 854.077, 476.433, 590.866, 587.165, 574.65, 668.204, 590.68, 702.796, 413.496, 495.129, 387.552, 643.014, 499.482, 469.69, 954.619, 815.548, 702.512, 549.943, 979.759, 610.362, 407.894, 461.083, 746.241, 372.192, 1023.27, 498.719, 537.024, 643.558, 597.185, 393.935, 452.428, 497.752, 801.831, 499.367, 727.152, 472.112, 809.92, 523.742, 754.799, 600.415, 461.859, 745.906, 1133.49, 548.229, 583.775, 615.304, 455.075, 780.458, 380.998, 562.992, 898.422, 805.106, 803.432, 1213.28, 489.28, 794.512, 841.756, 613.468, 1121.4];
HighestPossibleCritFunctionValue = 1.1;
