NumDevices = 16;
NumSlotes = 128;


GivenBandwidthOld = [0.03024, 0.0338026, 0.0346049, 0.0200878, 0.0302526, 0.0211858, 0.0341196, 0.0122655, 0.0115514, 0.0341115, 0.027189, 0.0311352, 0.028515, 0.0157646, 0.0214696, 0.0290742];
GivenLatency = [12.0442, 17.9435, 10.7989, 26.3494, 13.9856, 29.1214, 11.089, 43.432, 36.1471, 11.3312, 18.2138, 13.3419, 20.8769, 35.4605, 24.6911, 12.3996];
HighestPossibleCritFunctionValue = 1.1;
