NumDevices = 128;
NumSlotes = 1024;


GivenBandwidthOld = [0.00859447, 0.00606806, 0.00721235, 0.00794963, 0.00570828, 0.00400071, 0.00491448, 0.00640043, 0.00582895, 0.00712232, 0.00735345, 0.00443153, 0.00815678, 0.00596087, 0.0056429, 0.00518116, 0.00717529, 0.00390358, 0.00996788, 0.00762839, 0.00661021, 0.0064866, 0.00401821, 0.00533955, 0.00685349, 0.00783042, 0.00833633, 0.00495374, 0.00378399, 0.00619558, 0.00655039, 0.00741975, 0.00632042, 0.00477269, 0.0046829, 0.00802735, 0.00559904, 0.00550736, 0.00851174, 0.00938804, 0.00605906, 0.00587033, 0.0087983, 0.0068206, 0.00500715, 0.00759938, 0.00658277, 0.00791513, 0.00710312, 0.0095704, 0.00854092, 0.00590842, 0.00533683, 0.00481072, 0.00622244, 0.0079807, 0.00914997, 0.00481075, 0.00683744, 0.00688452, 0.0043107, 0.00861143, 0.00985292, 0.00672108, 0.00738544, 0.00464947, 0.00856361, 0.00605721, 0.00595807, 0.00853725, 0.00685921, 0.00402687, 0.00704018, 0.00804057, 0.00911675, 0.00895996, 0.00507129, 0.00433715, 0.00943648, 0.00766817, 0.0063421, 0.00669995, 0.00853844, 0.00814017, 0.00805817, 0.00496941, 0.00453791, 0.00857357, 0.00470693, 0.00569411, 0.00967221, 0.00714439, 0.00944153, 0.00499989, 0.00445168, 0.00932589, 0.00514808, 0.00751931, 0.00457611, 0.00685556, 0.0052057, 0.00716252, 0.00797011, 0.0061031, 0.00860139, 0.00980457, 0.00661018, 0.00610687, 0.00946915, 0.00681383, 0.0099724, 0.00863002, 0.00971031, 0.00990777, 0.0098665, 0.00383309, 0.00641945, 0.00662833, 0.00488732, 0.00612281, 0.00853731, 0.00788564, 0.00520778, 0.00467819, 0.00375537, 0.00653994, 0.00670725, 0.0062227];
GivenLatency = [486.599, 727.383, 623.814, 445.703, 603.014, 911.258, 940.474, 617.973, 707.757, 556.111, 588.574, 821.426, 418.626, 678.303, 637.071, 644.105, 562.103, 1232.62, 338.285, 650.58, 620.362, 626.001, 1091.37, 778.647, 581.396, 427.28, 505.752, 742.573, 1002.65, 587.926, 527.38, 473.966, 573.9, 732.719, 816.292, 551.335, 742.911, 742.817, 521.26, 401.951, 765.885, 624.464, 558.083, 506.898, 837.357, 488.824, 543.776, 448.463, 578.526, 409.13, 415.905, 764.465, 872.55, 843.925, 588.514, 451.424, 469.013, 726.385, 685.023, 660.153, 941.556, 528.914, 441.711, 537.861, 585.627, 1040.94, 459.426, 611.749, 835.235, 470.613, 489.674, 1209.09, 583.36, 565.687, 529.317, 450.483, 777.902, 863.653, 515.033, 507.244, 565.004, 592.547, 443.141, 579.96, 456.768, 867.386, 788.467, 500.268, 842.574, 745.179, 355.375, 557.97, 447.177, 708.429, 841.186, 476.685, 714.013, 542.013, 902.354, 689.594, 891.855, 515.07, 540.631, 672.167, 441.03, 481.503, 752.265, 755.394, 475.51, 544.221, 388.958, 394.431, 494.828, 382.467, 372.082, 1156.56, 600.057, 600.156, 801.444, 573.787, 421.752, 437.734, 833.6, 1044.28, 888.204, 565.661, 523.782, 650.452];
HighestPossibleCritFunctionValue = 1.1;
