NumDevices = 64;
NumSlotes = 512;


GivenBandwidthOld = [0.0125755, 0.0120501, 0.0118002, 0.0104789, 0.0140991, 0.009231, 0.0103879, 0.0138095, 0.0107769, 0.0119633, 0.0118605, 0.0141564, 0.0110189, 0.00993385, 0.0132217, 0.0119575, 0.0153783, 0.0173502, 0.00950375, 0.0144915, 0.0139616, 0.00814196, 0.0168767, 0.011739, 0.0121, 0.0100212, 0.0117107, 0.0162137, 0.00904428, 0.0122919, 0.0156171, 0.0107898, 0.00948767, 0.0142058, 0.0122483, 0.0118826, 0.0153217, 0.0166755, 0.00967079, 0.0119687, 0.0122088, 0.00822109, 0.0168628, 0.00833529, 0.0161594, 0.0165108, 0.0126619, 0.0127395, 0.0083494, 0.0134046, 0.0164594, 0.0174886, 0.0156191, 0.0152944, 0.00802652, 0.0167261, 0.0106039, 0.0147682, 0.013824, 0.0150977, 0.0112799, 0.0167909, 0.0088607, 0.0168402];
GivenLatency = [94.1482, 80.6918, 79.6529, 90.3803, 71.9636, 126.859, 118.973, 80.0446, 114.518, 86.7467, 91.1032, 75.6514, 106.541, 102.826, 78.0818, 79.4956, 62.3671, 53.9835, 111.375, 71.8314, 65.8496, 144.833, 71.0383, 86.9671, 87.7584, 124.077, 80.9859, 59.6794, 134.072, 76.7934, 60.2791, 108.823, 97.8095, 77.8089, 82.4513, 98.3851, 64.5794, 71.7504, 123.525, 102.748, 75.4468, 125.01, 57.2335, 127.613, 73.4389, 65.0656, 80.9506, 96.4853, 138.951, 75.7773, 72.7259, 58.34, 60.8387, 59.44, 135.85, 72.6953, 96.531, 67.121, 67.6162, 62.5968, 103.906, 57.9393, 134.482, 62.7305];
HighestPossibleCritFunctionValue = 1.1;
