NumDevices = 64;
NumSlotes = 512;


GivenBandwidthOld = [0.0163158, 0.0154459, 0.0138173, 0.01172, 0.0133275, 0.00961824, 0.00868658, 0.0103234, 0.0104595, 0.00763647, 0.0111128, 0.0171302, 0.012886, 0.0104323, 0.0102009, 0.0117867, 0.0148146, 0.0145619, 0.0162677, 0.015868, 0.00852869, 0.0166318, 0.0150265, 0.0152327, 0.0102779, 0.0156082, 0.0123918, 0.0146561, 0.0101222, 0.00867485, 0.0131192, 0.00888115, 0.0105349, 0.0156921, 0.0126146, 0.00849485, 0.00794922, 0.00759545, 0.0117374, 0.0146915, 0.0154795, 0.00897997, 0.0113462, 0.0108852, 0.0118943, 0.0120779, 0.00903082, 0.0159237, 0.0142557, 0.0111278, 0.00938844, 0.016512, 0.0127244, 0.0132825, 0.0148126, 0.0100853, 0.00863411, 0.00841478, 0.0121405, 0.0110529, 0.0103981, 0.0152302, 0.00900444, 0.0126672];
GivenLatency = [65.6763, 76.6877, 90.4385, 79.1839, 69.6376, 115.821, 109.626, 104.108, 106.638, 133.466, 85.633, 54.207, 77.2474, 89.4251, 94.9677, 92.1667, 65.4069, 81.3048, 67.5662, 71.946, 142.565, 71.6443, 65.5103, 79.2402, 112.5, 65.7473, 86.6528, 63.7386, 111.123, 123.229, 72.1918, 139.925, 103.954, 68.3569, 83.8669, 141.14, 124.16, 161.308, 105.345, 71.6874, 60.018, 130.462, 93.2664, 99.6101, 90.7266, 80.902, 103.402, 58.0513, 85.0034, 98.0464, 132.864, 56.0426, 86.6204, 79.2872, 83.7532, 103.107, 113.171, 114.035, 84.0134, 84.1098, 89.2691, 66.8571, 110.435, 96.4711];
HighestPossibleCritFunctionValue = 1.1;
