NumDevices = 128;
NumSlotes = 1024;


GivenBandwidthOld = [0.00548367, 0.00397889, 0.00693588, 0.00510829, 0.00747113, 0.00734189, 0.00393525, 0.00470663, 0.00675185, 0.005893, 0.00871098, 0.00786119, 0.00681562, 0.00883499, 0.00470734, 0.00633039, 0.00980567, 0.00634979, 0.00459292, 0.00815271, 0.00628424, 0.00925161, 0.00673374, 0.00769, 0.00457975, 0.00564288, 0.00493242, 0.00798996, 0.00857193, 0.00849337, 0.00686963, 0.00406357, 0.00509989, 0.00384893, 0.00395065, 0.00739489, 0.00715502, 0.00688476, 0.00833634, 0.0050391, 0.00711799, 0.00951612, 0.00870339, 0.00541244, 0.00684404, 0.00535304, 0.00855122, 0.00410377, 0.00584343, 0.0068269, 0.00464655, 0.00960385, 0.00811114, 0.00768628, 0.00459104, 0.00779357, 0.00771549, 0.00797632, 0.00433093, 0.00487154, 0.00971801, 0.00809692, 0.00611394, 0.00941607, 0.00840381, 0.00780281, 0.00677612, 0.00747369, 0.00650989, 0.00799731, 0.00705981, 0.00676248, 0.00947055, 0.00525449, 0.00840745, 0.00643546, 0.00698731, 0.00690095, 0.00553849, 0.00657505, 0.00939713, 0.00880225, 0.00439629, 0.00965132, 0.00602059, 0.00930671, 0.00795387, 0.00820304, 0.00843318, 0.00767082, 0.00719854, 0.00714558, 0.00454483, 0.00618363, 0.0057576, 0.00797038, 0.00437205, 0.00852026, 0.0088176, 0.00619636, 0.00715976, 0.00525334, 0.00787523, 0.00520992, 0.00937475, 0.00763843, 0.00650731, 0.00837974, 0.00947393, 0.00585606, 0.00662641, 0.00377895, 0.00902717, 0.00972003, 0.00458239, 0.00616572, 0.00482984, 0.00881949, 0.00665352, 0.0094893, 0.00798528, 0.00487094, 0.00593803, 0.0092003, 0.00691821, 0.00810638, 0.00889111, 0.00417058];
GivenLatency = [610.793, 1053.52, 531.322, 674.743, 551.139, 632.068, 1028.36, 952.998, 607.764, 705.574, 491.268, 425.29, 504.724, 461.758, 883.493, 765.465, 417.481, 535.489, 765.997, 572.307, 700.459, 411.101, 713.564, 521.002, 963.826, 625.038, 947.02, 448.456, 427.203, 523.938, 568.364, 881.062, 755.643, 963.344, 1139.13, 586.841, 651.615, 554.463, 594.963, 833.169, 512.318, 413.062, 419.772, 848.205, 539.953, 886.944, 532.349, 1055.98, 600.638, 702.516, 773.207, 435.749, 526.122, 590.587, 850.49, 464.931, 483.087, 578.423, 908.386, 738.99, 355.892, 539.979, 558.959, 496.797, 436.87, 501.835, 526.041, 463.238, 554.96, 478.529, 567.179, 550.914, 372.151, 746.691, 400.539, 681.251, 523.789, 628.89, 762.342, 737.182, 530.556, 470.824, 934.652, 357.673, 672.085, 487.415, 485.637, 591.028, 515.4, 573.8, 540.79, 561.905, 1070.96, 760.245, 719.269, 559.966, 983.642, 531.397, 396.044, 576.239, 513.136, 702.543, 453.13, 874.197, 529.821, 472.595, 671.667, 500.219, 370.422, 818.986, 599.169, 1108.63, 442.309, 451.326, 786.463, 558.644, 830.549, 387.49, 556.754, 396.18, 463.712, 993.105, 770.642, 387.463, 580.297, 492.618, 446.35, 954.262];
HighestPossibleCritFunctionValue = 1.1;
