NumDevices = 128;
NumSlotes = 1024;


GivenBandwidthOld = [0.00420272, 0.0025735, 0.00153524, 0.00160608, 0.00149663, 0.00252881, 0.00359203, 0.00126063, 0.00175366, 0.00377469, 0.00246851, 0.00267851, 0.00403833, 0.00227079, 0.00146825, 0.00372957, 0.00345199, 0.00392231, 0.00224152, 0.00330526, 0.0033864, 0.00149707, 0.00381017, 0.00197767, 0.00310971, 0.00426717, 0.00151705, 0.00201201, 0.00213173, 0.00167328, 0.00282273, 0.00290884, 0.00330062, 0.00357319, 0.00331841, 0.00244956, 0.0028958, 0.00281807, 0.00274405, 0.00244788, 0.00275474, 0.00393764, 0.00362968, 0.00281548, 0.00291654, 0.00136083, 0.00148556, 0.00405371, 0.001298, 0.00173004, 0.00360428, 0.00403488, 0.00362425, 0.00208313, 0.00359921, 0.00314225, 0.00427093, 0.00210201, 0.00223551, 0.00216788, 0.00303556, 0.00185274, 0.00342444, 0.00326692, 0.002799, 0.00407648, 0.00275151, 0.00280873, 0.00194683, 0.00344849, 0.00133858, 0.00252244, 0.00273259, 0.00353422, 0.00142563, 0.0030561, 0.00322787, 0.00270519, 0.00244615, 0.00180434, 0.00240569, 0.00297993, 0.00427632, 0.00203639, 0.00254217, 0.00309006, 0.0021944, 0.00193989, 0.00254514, 0.00306441, 0.00237048, 0.00187164, 0.00224784, 0.0031178, 0.00275337, 0.00280693, 0.00290721, 0.00402582, 0.00137062, 0.00353187, 0.00259536, 0.00331629, 0.00435196, 0.00145387, 0.002778, 0.00425932, 0.00395585, 0.00343616, 0.00344816, 0.00199776, 0.00330637, 0.00322315, 0.00144591, 0.00331979, 0.00381785, 0.00286225, 0.00145179, 0.00218804, 0.00434229, 0.00154974, 0.00152319, 0.00211279, 0.00210816, 0.00251404, 0.00219633, 0.0030622, 0.00269246, 0.00405368];
GivenLatency = [80.8894, 156.867, 394.711, 218.347, 305.379, 137.516, 100.675, 260.463, 184.295, 159.869, 144.199, 152.696, 88.4051, 152.599, 217.149, 107.014, 115.49, 109.19, 155.683, 127.898, 191.902, 415.995, 108.787, 264.993, 202.907, 93.6569, 210.502, 278.417, 190.784, 344.65, 216.989, 108.561, 115.178, 121.552, 142.928, 174.956, 219.21, 149.622, 225.776, 197.031, 117.909, 88.2317, 91.5761, 199.969, 120.371, 370.986, 234.797, 81.3834, 462.742, 237.078, 88.8247, 143.273, 145.656, 175.313, 126.528, 133.652, 74.8923, 212.253, 176.347, 207.271, 107.882, 234.831, 127.516, 108.321, 122.34, 82.0731, 178.121, 221.456, 254.412, 90.9696, 276.486, 146.051, 209.89, 132.055, 379.495, 211.843, 167.194, 124.376, 255.867, 217.028, 248.29, 150.665, 145.858, 174.96, 152.45, 155.088, 287.209, 165.301, 149.791, 106.012, 171.364, 228.798, 186.527, 108.054, 184.218, 199.674, 181.037, 91.6736, 270.596, 119.76, 155.11, 118.232, 92.4782, 390.851, 117.415, 96.0018, 103.278, 114.985, 99.9612, 157.735, 183.159, 142.673, 261.854, 127.379, 123.441, 176.753, 378.442, 236.672, 100.743, 231.714, 216.683, 169.035, 298.657, 126.919, 160.948, 149.631, 177.902, 103.957];
HighestPossibleCritFunctionValue = 1.1;
