NumDevices = 64;
NumSlotes = 512;


GivenBandwidthOld = [0.011326, 0.0102635, 0.016002, 0.0130077, 0.0133077, 0.0175592, 0.00967102, 0.00825705, 0.0187328, 0.0102553, 0.0162524, 0.00948039, 0.0169484, 0.0186925, 0.00802238, 0.0120613, 0.0186191, 0.0120027, 0.0100513, 0.0129192, 0.0129221, 0.0111662, 0.0120536, 0.0149412, 0.00944943, 0.00903101, 0.0141433, 0.011271, 0.0120452, 0.0113797, 0.0137982, 0.0106544, 0.0114968, 0.0186798, 0.0190407, 0.0100976, 0.0159994, 0.0196477, 0.0110769, 0.0126729, 0.0107776, 0.01957, 0.0176008, 0.00882034, 0.0110048, 0.012568, 0.00963163, 0.00880773, 0.011467, 0.0188025, 0.0179838, 0.00867918, 0.0135552, 0.0150441, 0.0130459, 0.0176071, 0.0143472, 0.0132712, 0.0169298, 0.0186854, 0.0133534, 0.0101559, 0.0198852, 0.0153937];
GivenLatency = [231.614, 321.973, 158.742, 205.344, 199.737, 135.986, 280.428, 292.647, 153.898, 276.887, 204.42, 296.014, 163.731, 140.926, 354.749, 193.088, 127.998, 272.014, 267.409, 186.666, 175.172, 231.155, 249.002, 160.036, 325.002, 304.528, 201.609, 290.291, 227.483, 220.212, 214.837, 208.735, 217.217, 155.99, 120.568, 315.399, 146.498, 113.901, 278.404, 236.593, 218.998, 126.73, 168.542, 256.281, 240.035, 243.319, 309.584, 261.824, 218.235, 129.997, 144.014, 285.48, 203.136, 171.719, 204.128, 140.22, 225.281, 218.948, 134.072, 119.133, 223.672, 283.38, 136.479, 213.727];
HighestPossibleCritFunctionValue = 1.1;
