NumDevices = 32;
NumSlotes = 256;


GivenBandwidthOld = [0.0154633, 0.0273421, 0.0235204, 0.0168052, 0.0307093, 0.0169869, 0.0339756, 0.0373552, 0.0380996, 0.0243969, 0.0229786, 0.0364427, 0.0274016, 0.0235433, 0.0273768, 0.0319187, 0.0171086, 0.0287799, 0.0382433, 0.0156854, 0.0353459, 0.0184604, 0.0243837, 0.0272051, 0.0218423, 0.0385382, 0.0213706, 0.0363342, 0.0286535, 0.0390581, 0.0348966, 0.0168783];
GivenLatency = [117.348, 71.4277, 104.254, 105.87, 58.0393, 119.479, 72.8366, 62.2775, 51.4432, 72.8639, 105.848, 53.2991, 80.1109, 74.8423, 90.0439, 57.9105, 143.569, 67.4154, 53.9138, 142.677, 49.9206, 101.452, 88.4149, 77.12, 86.1261, 60.8918, 95.4598, 47.9189, 66.1404, 62.0109, 67.2501, 125.038];
HighestPossibleCritFunctionValue = 1.1;
