NumDevices = 128;
NumSlotes = 1024;


GivenBandwidthOld = [0.00770168, 0.00455587, 0.0079573, 0.0058698, 0.00621373, 0.00667016, 0.00791284, 0.00858415, 0.00635388, 0.00713272, 0.00714064, 0.00515213, 0.00432296, 0.00845526, 0.00504234, 0.00407233, 0.00613173, 0.00849768, 0.00802027, 0.00422639, 0.00540077, 0.00825833, 0.00532654, 0.00567332, 0.00406337, 0.00558944, 0.00428523, 0.00441244, 0.00739656, 0.00640583, 0.00528513, 0.00466683, 0.00794521, 0.00768356, 0.0050424, 0.00519666, 0.00785038, 0.00375827, 0.00769823, 0.00656771, 0.00607748, 0.0066879, 0.00603177, 0.00839499, 0.0070448, 0.0044979, 0.00864124, 0.00589406, 0.00402595, 0.00670432, 0.0070149, 0.00698735, 0.00386664, 0.00417594, 0.00759825, 0.00623176, 0.00461823, 0.00614278, 0.00420506, 0.00690321, 0.00466567, 0.00836411, 0.00802989, 0.00586259, 0.0050856, 0.0061884, 0.00601163, 0.00489113, 0.00777799, 0.00722786, 0.00614383, 0.00684401, 0.00479705, 0.00660675, 0.00715168, 0.00583806, 0.00779235, 0.00853596, 0.00630431, 0.00406165, 0.00671961, 0.00400771, 0.00505598, 0.00837642, 0.00494814, 0.00582819, 0.00695699, 0.00856628, 0.00589467, 0.00423479, 0.00656824, 0.00493125, 0.00709918, 0.00844263, 0.00782298, 0.00830131, 0.00755141, 0.00403945, 0.00857664, 0.00506747, 0.00641018, 0.00832762, 0.00474366, 0.00418857, 0.00474028, 0.00740943, 0.00781797, 0.00413771, 0.00490839, 0.00774537, 0.00385545, 0.00611142, 0.00716428, 0.00758154, 0.00540817, 0.00753466, 0.00754127, 0.00859342, 0.00706521, 0.00745041, 0.00661759, 0.00434134, 0.00743136, 0.00630746, 0.00702449, 0.00818567, 0.00401223, 0.00598824];
GivenLatency = [137.943, 228.913, 127.751, 194.578, 154.65, 151.245, 141.058, 125.137, 151.502, 172.389, 160.069, 218.504, 265.683, 117.67, 222.261, 285.265, 155.916, 137.236, 118.845, 241.384, 218.172, 120.317, 223.84, 176.46, 251.621, 178.134, 229.227, 221.201, 151.995, 180.484, 187.778, 226.277, 123.285, 142.808, 214.371, 192.208, 138.631, 308.715, 125.486, 185.738, 169.331, 189.203, 189.788, 136.058, 148.611, 218.557, 111.232, 165.57, 297.371, 162.414, 154.778, 137.99, 277.312, 283.145, 158.107, 156.095, 235.652, 161.351, 294.632, 169.914, 264.478, 121.857, 135.55, 215.984, 217.162, 168.656, 164.613, 200.1, 162.728, 161.76, 188.859, 175.123, 231.666, 171.929, 141.823, 213.774, 134.968, 143.669, 170.038, 260.337, 166.975, 269.845, 220.592, 116.344, 225.822, 205.722, 146.763, 131.237, 183.034, 231.023, 184.517, 235.582, 134.863, 132.523, 124.572, 123.976, 130.626, 274.453, 120.495, 243.829, 165.838, 134.072, 219.825, 254.2, 247.468, 171.079, 123.359, 289.994, 233.84, 139.095, 289.857, 212.166, 148.214, 134.266, 194.137, 142.178, 135.814, 120.676, 171.815, 155.575, 155.532, 285.199, 147.398, 155.099, 157.809, 155.898, 272.535, 174.262];
HighestPossibleCritFunctionValue = 1.1;
