NumDevices = 32;
NumSlotes = 256;


GivenBandwidthOld = [0.0151064, 0.0277541, 0.0223322, 0.021933, 0.0386849, 0.0367404, 0.0300554, 0.025548, 0.0206801, 0.030096, 0.0341411, 0.0190548, 0.0386224, 0.0361164, 0.0184915, 0.0209083, 0.016063, 0.0303566, 0.0385817, 0.026855, 0.0367897, 0.0336875, 0.0203664, 0.0325979, 0.0321812, 0.0292982, 0.0248777, 0.0291011, 0.036801, 0.0250874, 0.0289172, 0.0213463];
GivenLatency = [134.304, 60.0643, 108.743, 110.342, 54.2407, 61.6944, 78.3615, 68.0821, 90.8425, 80.615, 57.0035, 90.6483, 51.1146, 59.188, 99.1413, 81.0623, 110.76, 59.1813, 44.2857, 88.4474, 57.7008, 73.3868, 87.9182, 53.6849, 59.5112, 75.8493, 87.2801, 79.4936, 64.5152, 74.4524, 84.2996, 78.7296];
HighestPossibleCritFunctionValue = 1.1;
