NumDevices = 128;
NumSlotes = 1024;


GivenBandwidthOld = [0.00705347, 0.00511607, 0.00822353, 0.00530133, 0.00695228, 0.0045365, 0.00743685, 0.00858587, 0.00528084, 0.0076361, 0.00741595, 0.00731823, 0.00498148, 0.00631425, 0.00617788, 0.0041637, 0.00678438, 0.00756344, 0.00621386, 0.00388502, 0.00810688, 0.00489033, 0.00434121, 0.00526091, 0.00759037, 0.00377852, 0.00803783, 0.00433811, 0.00813189, 0.00516026, 0.00596503, 0.00669063, 0.00692755, 0.00386911, 0.00555548, 0.00853403, 0.00391324, 0.00730249, 0.00541659, 0.00412022, 0.00596283, 0.00480237, 0.00592456, 0.00663584, 0.00612919, 0.00573092, 0.00701154, 0.00550155, 0.00698063, 0.00599169, 0.00489561, 0.00795547, 0.0051556, 0.00774105, 0.00636347, 0.00840261, 0.00519929, 0.00697509, 0.00788862, 0.00650252, 0.00537224, 0.00378748, 0.00872725, 0.00646098, 0.00711978, 0.00461257, 0.00598403, 0.00609654, 0.00702605, 0.00425389, 0.00770773, 0.00630751, 0.00784086, 0.00389235, 0.00620338, 0.0077835, 0.00475898, 0.00675536, 0.0047903, 0.00801354, 0.00599084, 0.00551684, 0.00410034, 0.00694556, 0.00654568, 0.00573956, 0.00720631, 0.00388949, 0.00813997, 0.00594589, 0.00502024, 0.00768544, 0.00664039, 0.00757407, 0.00488807, 0.00633464, 0.00382337, 0.00691262, 0.00783487, 0.00812417, 0.00535828, 0.00412574, 0.00874491, 0.00817307, 0.0073555, 0.0064688, 0.00869474, 0.00502239, 0.00375944, 0.0074519, 0.00662961, 0.00635465, 0.00503437, 0.00521132, 0.00419169, 0.00718568, 0.00725462, 0.00597661, 0.00641649, 0.00443452, 0.00843326, 0.00523884, 0.0066486, 0.00549888, 0.00716692, 0.00693216, 0.00637677, 0.00688658];
GivenLatency = [165.666, 238.583, 151.201, 212.889, 162.849, 265.97, 173.646, 112.119, 209.9, 164.356, 134.225, 132.247, 205.332, 190.118, 172.033, 236.779, 159.413, 151.63, 156.689, 282.976, 149.972, 243.74, 254.565, 236.627, 141.709, 287.757, 132.098, 280.782, 123.55, 243.939, 180.448, 166.301, 178.606, 273.726, 188.555, 114.253, 286.073, 137.129, 239.033, 294.674, 168.277, 266.836, 190.661, 156.787, 204.013, 213.889, 155.278, 205.237, 156.662, 194.7, 227.037, 153.652, 185.364, 148.362, 163.181, 148.734, 241.881, 177.764, 161.589, 162.267, 193.621, 321.765, 111.174, 167.132, 134.577, 266.82, 169.565, 190.988, 160.7, 267.306, 126.119, 154.286, 148.261, 277.335, 157.073, 125, 224.705, 141.036, 232.077, 126.236, 181.991, 209.038, 297.857, 153.942, 178.428, 167.103, 151.119, 259.25, 124.236, 203.075, 217.695, 143.785, 166.617, 167.636, 238.261, 178.097, 266.942, 174.447, 142.525, 131.657, 189.892, 259.282, 139.392, 153.938, 132.462, 162.295, 133.085, 240.028, 265.908, 133.498, 165.722, 156.871, 189.53, 231.746, 255.649, 171.26, 136.455, 199.897, 184.019, 222.715, 133.104, 232.235, 169.514, 232.856, 137.174, 150.674, 170.706, 143.315];
HighestPossibleCritFunctionValue = 1.1;
