NumDevices = 128;
NumSlotes = 1024;


GivenBandwidthOld = [0.00527275, 0.00903555, 0.00669456, 0.00545976, 0.00851065, 0.00972162, 0.00620134, 0.00959654, 0.00395662, 0.00766506, 0.00417182, 0.00573685, 0.00929589, 0.00731015, 0.00788236, 0.00624431, 0.00689039, 0.00932835, 0.00908924, 0.00915075, 0.00545499, 0.00958629, 0.00685554, 0.00485757, 0.00619728, 0.00395087, 0.00477192, 0.00419871, 0.00772626, 0.00775685, 0.00935569, 0.0060159, 0.00550545, 0.00757062, 0.00434052, 0.00983301, 0.00959708, 0.00682615, 0.00460636, 0.0091059, 0.00795339, 0.0063299, 0.00789653, 0.00698931, 0.00937693, 0.00679049, 0.00519985, 0.00894437, 0.00558925, 0.00974395, 0.00658986, 0.00827337, 0.00932598, 0.00668303, 0.00536801, 0.00391992, 0.00961269, 0.00668014, 0.00678294, 0.00959546, 0.0046957, 0.00435898, 0.00769878, 0.00845513, 0.00789285, 0.00754766, 0.006019, 0.00763557, 0.00858044, 0.00763326, 0.00721454, 0.00726101, 0.00701692, 0.00460619, 0.00617654, 0.0054314, 0.00673034, 0.00676872, 0.00804214, 0.00432198, 0.00453467, 0.00412923, 0.00879527, 0.00588013, 0.00481323, 0.00478815, 0.00813786, 0.00670108, 0.00882716, 0.00439627, 0.00940014, 0.0094797, 0.00909841, 0.0069012, 0.00970451, 0.00621179, 0.00408267, 0.00738403, 0.00597656, 0.0067447, 0.00441383, 0.00448841, 0.0079263, 0.00732338, 0.00523591, 0.00875202, 0.00399581, 0.00384609, 0.0062573, 0.00640717, 0.00651943, 0.00576301, 0.00516929, 0.00781106, 0.00796109, 0.00460348, 0.00435785, 0.00741471, 0.00904959, 0.00519153, 0.00661088, 0.00528905, 0.00806496, 0.0065156, 0.00394151, 0.00988633, 0.00574527, 0.00693625];
GivenLatency = [861.136, 473.773, 641.819, 867.557, 414.336, 439.519, 640.053, 379.806, 859.278, 475.712, 945.361, 709.734, 488.039, 590.032, 561.915, 573.937, 562.657, 461.614, 403.846, 447.516, 687.202, 433.446, 546.307, 757.488, 580.074, 970.419, 765.937, 881.618, 434.73, 594.705, 392.027, 648.314, 671.659, 513.789, 774.203, 446.394, 347.986, 556.621, 758.785, 454.99, 541.659, 711.072, 514.264, 597.729, 498.578, 526.278, 655.726, 548.918, 880.85, 373.663, 512.311, 418.567, 404.553, 669.762, 654.954, 1165.56, 382.907, 561.069, 626.076, 476.702, 942.834, 914.095, 480.388, 404.035, 543.313, 468.319, 684.923, 535.885, 397.248, 596.798, 506.281, 678.979, 513.318, 934.698, 770.832, 650.347, 738.497, 563.032, 545.865, 981.122, 877.505, 1088.15, 555.826, 624.733, 716.112, 702.601, 598.441, 716.717, 490.351, 912.893, 355.035, 363.022, 438.336, 639.036, 492.547, 622.061, 1158.95, 521.04, 721.093, 599.646, 774.867, 934.661, 620.614, 593.441, 796.372, 542.726, 989.574, 961.23, 648.333, 762.246, 607.107, 696.56, 650.6, 620.152, 566.459, 1036.23, 838.103, 607.083, 406.256, 831.502, 691.093, 631.294, 554.582, 761.458, 906.793, 503.473, 589.344, 552.972];
HighestPossibleCritFunctionValue = 1.1;
