NumDevices = 128;
NumSlotes = 1024;


GivenBandwidthOld = [0.00166613, 0.0014116, 0.00161792, 0.0036595, 0.00397053, 0.0033395, 0.00382067, 0.00330536, 0.00186363, 0.0020347, 0.00212349, 0.00394265, 0.00346749, 0.00187735, 0.00132909, 0.00234472, 0.00334061, 0.00375549, 0.0015871, 0.00130244, 0.00133434, 0.00311548, 0.00433457, 0.00304133, 0.00185611, 0.00380519, 0.00256498, 0.00214107, 0.00251622, 0.00133501, 0.00190734, 0.00226925, 0.00366392, 0.00333317, 0.00371043, 0.00369477, 0.00296633, 0.00390826, 0.00369155, 0.00202169, 0.00224321, 0.00348237, 0.00191277, 0.00299346, 0.00359974, 0.00274996, 0.00176727, 0.00436056, 0.00229942, 0.00138962, 0.00406667, 0.003561, 0.00165322, 0.00321672, 0.00282032, 0.00296092, 0.00351755, 0.00265973, 0.00396169, 0.00154012, 0.00223548, 0.00172801, 0.00395082, 0.00322237, 0.00397874, 0.00383328, 0.00285848, 0.00377203, 0.00155797, 0.00235292, 0.00366016, 0.0025583, 0.00226529, 0.00279822, 0.00342194, 0.00194826, 0.00249445, 0.00423837, 0.00181575, 0.00354745, 0.00195352, 0.00341293, 0.00363309, 0.00377705, 0.0014627, 0.00418788, 0.00312322, 0.00312581, 0.00303022, 0.00272604, 0.00281751, 0.00268899, 0.00195878, 0.00431823, 0.00334384, 0.00176563, 0.00183913, 0.00279242, 0.00277412, 0.00150276, 0.00257064, 0.0035495, 0.0020738, 0.00316845, 0.00402479, 0.00282398, 0.00197924, 0.00128931, 0.00252551, 0.00128381, 0.00388838, 0.00384595, 0.00328826, 0.00205693, 0.0039474, 0.00213025, 0.00184285, 0.00281496, 0.00348831, 0.00185145, 0.00356282, 0.00409391, 0.00200987, 0.00364102, 0.00270989, 0.00326909, 0.00166295, 0.0042842];
GivenLatency = [232.706, 334.159, 267.797, 129.362, 126.43, 129.049, 120.241, 149.472, 201.153, 227.067, 259.232, 131.011, 111.221, 273.046, 461.226, 189.854, 178.475, 148.583, 324.804, 328.328, 380.977, 164.974, 145.364, 206.911, 259.058, 138.854, 135.249, 211.959, 125.457, 249.098, 164.708, 192.729, 147.736, 121.242, 149.663, 86.8021, 194.585, 87.7763, 93.4245, 257.209, 178.208, 148.151, 186.606, 128.286, 94.6272, 115.953, 189.017, 107.949, 159.392, 309.191, 88.4402, 120.04, 320.057, 117.979, 127.161, 119.514, 136.168, 213.698, 85.5845, 308.891, 155.343, 377.793, 80.6085, 100.334, 137.547, 171.392, 120.603, 82.9812, 392.126, 226.99, 89.3199, 172.859, 282.516, 140.653, 172.212, 309.519, 149.667, 119.296, 228.611, 147.12, 244.101, 169.884, 154.22, 90.7419, 245.413, 141.198, 100.168, 123.921, 127.665, 232.767, 119.846, 126.905, 253.764, 144.19, 99.2431, 354.302, 188.58, 122.903, 139.959, 374.782, 170.679, 90.2794, 287.412, 171.978, 135.304, 161.547, 178.595, 335.158, 128.475, 365.124, 85.7632, 82.3595, 141.266, 262.44, 158.131, 181.536, 293.92, 159.919, 92.6773, 191.286, 119.286, 126.565, 238.966, 161.267, 165.28, 102.058, 194.47, 95.6113];
HighestPossibleCritFunctionValue = 1.1;
