NumDevices = 64;
NumSlotes = 512;


GivenBandwidthOld = [0.0117959, 0.00793567, 0.00981782, 0.0130511, 0.0156231, 0.0116645, 0.0105621, 0.011652, 0.0104907, 0.011427, 0.00779101, 0.00849743, 0.0113157, 0.0076872, 0.01372, 0.017178, 0.0160357, 0.0171586, 0.00885779, 0.00780186, 0.0108298, 0.0108429, 0.0108873, 0.00840045, 0.0114061, 0.00761225, 0.0140505, 0.0123623, 0.00844199, 0.00947122, 0.00777251, 0.00760235, 0.00764259, 0.0140881, 0.012947, 0.0148007, 0.0103701, 0.0144718, 0.0129017, 0.0134116, 0.0134968, 0.0151415, 0.00895249, 0.00944322, 0.0171589, 0.0149487, 0.0170855, 0.0106718, 0.015308, 0.0169898, 0.0133872, 0.0138787, 0.0140782, 0.0164784, 0.0171086, 0.00893379, 0.0152628, 0.0165531, 0.0133474, 0.0141601, 0.0132635, 0.0149551, 0.0159141, 0.0136003];
GivenLatency = [84.0781, 137.593, 101.526, 75.7077, 58.4384, 103.909, 102.032, 102.162, 86.9392, 105.114, 136.175, 123.899, 109.995, 118.488, 75.2107, 66.9784, 61.2614, 71.3148, 108.884, 145.944, 100.783, 100.706, 92.5337, 120.656, 87.759, 148.884, 77.6424, 80.901, 116.645, 117.419, 138.736, 141.115, 135.25, 81.9162, 75.1703, 65.2458, 100.511, 68.6088, 79.0927, 88.8092, 80.2273, 77.0485, 109.787, 125.385, 56.1012, 77.4663, 53.2619, 113.57, 65.1905, 64.0858, 88.5945, 83.9869, 84.4465, 68.6495, 61.3584, 125.375, 62.5122, 70.5053, 86.3203, 76.623, 82.2031, 67.4109, 69.5377, 79.0144];
HighestPossibleCritFunctionValue = 1.1;
