NumDevices = 16;
NumSlotes = 128;


GivenBandwidthOld = [0.031711, 0.0320274, 0.0239306, 0.0167044, 0.0160479, 0.0324449, 0.0158926, 0.0227405, 0.0141288, 0.0269335, 0.0109089, 0.0100649, 0.0264359, 0.0233793, 0.0258232, 0.0259938];
GivenLatency = [14.8873, 10.1368, 16.1029, 25.7511, 25.4963, 10.9334, 36.5902, 14.3097, 26.7781, 12.2001, 43.1733, 38.5341, 16.8706, 18.7997, 11.8479, 14.24];
HighestPossibleCritFunctionValue = 1.1;
