NumDevices = 32;
NumSlotes = 256;


GivenBandwidthOld = [0.00600642, 0.007338, 0.0122699, 0.0148803, 0.0128137, 0.0173092, 0.00999346, 0.017499, 0.0136974, 0.00685463, 0.0132787, 0.00707582, 0.0058657, 0.0173039, 0.00930025, 0.0168373, 0.00511303, 0.0171468, 0.00579126, 0.0162189, 0.0105228, 0.0149973, 0.0174094, 0.00713353, 0.0131649, 0.00688944, 0.0108214, 0.00761267, 0.0160595, 0.00668618, 0.00706631, 0.00839011];
GivenLatency = [86.5916, 86.62, 29.5838, 20.68, 29.7303, 23.9451, 44.3149, 35.3809, 44.5506, 66.3667, 43.2016, 84.6351, 88.6478, 24.0963, 42.7025, 19.455, 70.804, 19.0528, 62.3625, 25.0578, 29.1234, 29.5166, 23.8089, 49.1879, 25.9783, 84.2962, 58.5443, 60.9776, 24.762, 54.1307, 90.1144, 42.0589];
HighestPossibleCritFunctionValue = 1.1;
