NumDevices = 64;
NumSlotes = 512;


GivenBandwidthOld = [0.014572, 0.0167865, 0.0156809, 0.0132752, 0.0118706, 0.0137481, 0.00886539, 0.0156739, 0.0167659, 0.00907218, 0.0111058, 0.00984098, 0.012347, 0.0117196, 0.0166909, 0.00820465, 0.0104855, 0.0141845, 0.0144975, 0.0146256, 0.0082191, 0.0134276, 0.0131198, 0.00955037, 0.00810925, 0.0170916, 0.0128204, 0.00810358, 0.0118704, 0.0106981, 0.017274, 0.00872382, 0.016223, 0.0143521, 0.0105213, 0.0160836, 0.0119782, 0.0131173, 0.00752238, 0.01361, 0.0087311, 0.0086795, 0.0114003, 0.0100919, 0.00875676, 0.00980116, 0.0130597, 0.00863712, 0.00902086, 0.00863245, 0.0106267, 0.00801609, 0.011464, 0.0109992, 0.00786006, 0.00908624, 0.0174642, 0.0152427, 0.00953471, 0.0149527, 0.0157802, 0.0125611, 0.0101267, 0.0151388];
GivenLatency = [72.0753, 61.5349, 71.2461, 78.2737, 88.3315, 68.4065, 115.498, 71.3194, 71.2985, 106.514, 89.9229, 103.215, 85.935, 87.8808, 60.2665, 147.345, 106.733, 74.9956, 66.1527, 65.1836, 114.481, 79.9796, 75.4765, 130.155, 140.707, 65.1979, 80.6977, 147.234, 89.2523, 100.039, 55.2912, 124.692, 72.4287, 74.2275, 97.1066, 64.2541, 101.64, 82.462, 151.017, 82.4188, 124.754, 119.876, 80.0467, 93.7253, 131.208, 105.103, 92.7418, 116.898, 118.063, 109.315, 95.4761, 122.728, 93.3354, 93.4882, 144.134, 113.694, 60.2336, 80.5844, 100.658, 75.8747, 70.6347, 92.0805, 96.1583, 64.6044];
HighestPossibleCritFunctionValue = 1.1;
