NumDevices = 128;
NumSlotes = 1024;


GivenBandwidthOld = [0.0020814, 0.00269131, 0.00352491, 0.00125258, 0.00398137, 0.00432242, 0.0019463, 0.00390114, 0.00270243, 0.00286994, 0.00250782, 0.00390479, 0.00161725, 0.00167944, 0.00324321, 0.00432893, 0.00186879, 0.00130467, 0.00138841, 0.00257416, 0.00327386, 0.00376763, 0.00258301, 0.00199911, 0.00409844, 0.00309495, 0.00301279, 0.00339781, 0.00259941, 0.00266216, 0.00412748, 0.00363136, 0.0029371, 0.00313278, 0.00139323, 0.00228404, 0.00217331, 0.00364808, 0.00262269, 0.00331152, 0.00240141, 0.00300238, 0.00345143, 0.00381799, 0.00201147, 0.00240275, 0.00366333, 0.00277922, 0.00288445, 0.0026415, 0.00379319, 0.00396262, 0.00168557, 0.00309731, 0.0021487, 0.0025993, 0.00397442, 0.00313441, 0.00377114, 0.00221685, 0.00425121, 0.00196519, 0.00274383, 0.00187617, 0.00336368, 0.0039725, 0.00203971, 0.00208058, 0.00147262, 0.00215241, 0.0023509, 0.00413981, 0.00162135, 0.00186907, 0.00277546, 0.00221895, 0.00193695, 0.00310602, 0.00155383, 0.00139771, 0.00247984, 0.0024389, 0.00180626, 0.00345677, 0.00300837, 0.00425715, 0.00171899, 0.00239401, 0.00355587, 0.0028225, 0.00213516, 0.00316252, 0.0042682, 0.00318847, 0.00299014, 0.00406138, 0.00206452, 0.0034068, 0.00369111, 0.00403454, 0.00420118, 0.00173711, 0.00377508, 0.00280272, 0.0039894, 0.00173956, 0.00433537, 0.0039706, 0.00129679, 0.00322754, 0.00345135, 0.00244375, 0.00208404, 0.00331697, 0.00337501, 0.00384703, 0.00257907, 0.00142293, 0.00151326, 0.00400716, 0.00337579, 0.00435284, 0.00375329, 0.00224983, 0.00218593, 0.0032725, 0.00275813, 0.00155203];
GivenLatency = [218.012, 158.93, 106.587, 482.096, 99.0626, 77.9174, 164.313, 80.342, 160.199, 116.632, 197.059, 122.771, 201.644, 326.444, 147.149, 110.571, 279.148, 254.358, 231.858, 142.427, 134.726, 83.7883, 215.732, 170.828, 152.974, 147.74, 113.297, 160.182, 153.113, 150.589, 104.566, 134.75, 150.107, 200.004, 358.581, 174.116, 192.206, 87.9588, 125.195, 96.0918, 172.126, 126.55, 103.656, 84.3167, 258.574, 218.791, 92.8408, 159.627, 110.722, 197.001, 110.621, 110.344, 274.844, 143.928, 271.162, 128.181, 81.3149, 193.032, 127.03, 252.254, 98.8778, 258.264, 128.934, 317.764, 168.667, 155.808, 164.645, 269.054, 213.114, 165.36, 179.632, 99.37, 240.724, 178.879, 227.211, 157.484, 295.811, 112.916, 284.479, 232.052, 202.735, 172.176, 201.038, 103.081, 148.543, 86.4302, 193.049, 198.632, 102.236, 139.648, 153.954, 122.15, 75.3831, 121.536, 214.496, 92.6545, 156.082, 95.5826, 158.82, 141.981, 134.266, 308.252, 97.6896, 115.378, 93.7497, 261.117, 126.116, 87.2249, 330.949, 174.767, 131.095, 163.605, 312.008, 176.981, 144.014, 132.806, 135.652, 261.208, 258.85, 105.168, 113.543, 150.923, 163.347, 225.388, 198.001, 107.729, 123.01, 338.105];
HighestPossibleCritFunctionValue = 1.1;
