NumDevices = 64;
NumSlotes = 512;


GivenBandwidthOld = [0.00820435, 0.00681305, 0.00441384, 0.0058911, 0.00297855, 0.00793321, 0.00599999, 0.00804082, 0.00838954, 0.00668655, 0.00340792, 0.00573005, 0.00862783, 0.00538854, 0.00648271, 0.00869496, 0.00871297, 0.00513997, 0.00380862, 0.00278919, 0.0067412, 0.00313088, 0.00570293, 0.00294041, 0.00450058, 0.0074499, 0.00800752, 0.00485236, 0.00737572, 0.00492127, 0.00297381, 0.00324752, 0.00352456, 0.00355436, 0.00445789, 0.00258519, 0.00302898, 0.00560516, 0.00348299, 0.00491884, 0.00591594, 0.00798947, 0.00778384, 0.007969, 0.00741694, 0.0040438, 0.00534335, 0.0031417, 0.0063785, 0.00720547, 0.0060586, 0.00561305, 0.00482441, 0.00629889, 0.00668257, 0.00528072, 0.00678236, 0.00739407, 0.00716312, 0.00675271, 0.00281488, 0.0071749, 0.00476205, 0.0083499];
GivenLatency = [71.6728, 52.611, 83.6372, 60.8936, 144.731, 48.9031, 92.583, 57.672, 59.2438, 97.0143, 124.808, 62.4948, 67.4212, 68.1373, 58.4986, 41.8787, 47.8786, 122.202, 94.9334, 168.115, 46.1511, 131.642, 54.1513, 154.575, 90.5504, 61.184, 52.0734, 79.5812, 81.6494, 86.9767, 188.02, 123.711, 172.636, 170.622, 71.1068, 137.707, 102.035, 84.9727, 143.366, 71.3261, 94.0609, 49.1155, 63.7421, 41.4194, 62.8703, 100.054, 110.136, 147.421, 51.0362, 48.5294, 51.7142, 98.1861, 82.0861, 61.5378, 66.3314, 72.9069, 47.4616, 54.8519, 85.9854, 72.0622, 134.62, 49.4675, 65.804, 50.2452];
HighestPossibleCritFunctionValue = 1.1;
