NumDevices = 16;
NumSlotes = 128;


GivenBandwidthOld = [0.0390724, 0.0302422, 0.0611793, 0.060539, 0.0584272, 0.0463269, 0.036656, 0.0573589, 0.0503562, 0.0363286, 0.0355252, 0.0521134, 0.0492642, 0.0436568, 0.0393615, 0.0490536];
GivenLatency = [20.7722, 33.4929, 13.9935, 15.0049, 15.3972, 20.5398, 25.4987, 18.0523, 15.8076, 26.0933, 25.0363, 15.6068, 17.6862, 21.383, 23.7165, 20.7334];
HighestPossibleCritFunctionValue = 1.1;
