NumDevices = 64;
NumSlotes = 512;


GivenBandwidthOld = [0.0103597, 0.0077351, 0.0088914, 0.0177457, 0.00765941, 0.0116757, 0.0143057, 0.0156199, 0.0155147, 0.010209, 0.0121123, 0.0142498, 0.0141868, 0.0178791, 0.0121828, 0.0118929, 0.0140322, 0.0195714, 0.0166018, 0.019111, 0.0164013, 0.0116944, 0.015259, 0.0132074, 0.00760351, 0.00974387, 0.00778037, 0.0196995, 0.0195825, 0.0152396, 0.0115858, 0.0144663, 0.0144751, 0.0132329, 0.00985655, 0.0141168, 0.0168368, 0.0194102, 0.0189045, 0.00768603, 0.00907572, 0.0156856, 0.0197319, 0.0145943, 0.0164323, 0.00750718, 0.015755, 0.0119177, 0.0184175, 0.010048, 0.0188978, 0.00852565, 0.00814473, 0.0184327, 0.0165698, 0.0178647, 0.0194291, 0.0125587, 0.0170665, 0.0167364, 0.0179325, 0.00920802, 0.0141343, 0.0097396];
GivenLatency = [282.947, 420.947, 284.257, 185.083, 358.282, 191.419, 176.546, 188.242, 145.995, 280.035, 208.003, 180.054, 194.672, 147.48, 245.588, 238.754, 205.366, 129.288, 192.146, 128.286, 194.814, 267.035, 146.707, 238.065, 332.231, 305.258, 351.522, 161.709, 113.558, 182.496, 204.022, 224.314, 212.816, 207.595, 271.148, 188.202, 185.498, 137.508, 123.023, 420.904, 250.859, 143.005, 135.253, 163.733, 143.745, 418.769, 149.81, 256.444, 128.769, 296.004, 151.777, 321.329, 292.813, 179.137, 187.19, 154.12, 143.093, 257.743, 177.865, 149.499, 147.855, 317.513, 235.082, 274.047];
HighestPossibleCritFunctionValue = 1.1;
