NumDevices = 16;
NumSlotes = 128;


GivenBandwidthOld = [0.0319243, 0.0718421, 0.0704404, 0.0610833, 0.0476356, 0.0307583, 0.0741302, 0.0764714, 0.0756783, 0.0456536, 0.0699013, 0.0508349, 0.0524653, 0.0547438, 0.0488857, 0.0411791];
GivenLatency = [45.5467, 27.0684, 20.8819, 27.4459, 33.3823, 45.0147, 26.5436, 25.5574, 25.438, 32.3267, 21.2494, 32.3341, 31.9504, 31.3223, 29.0406, 35.266];
HighestPossibleCritFunctionValue = 1.1;
