NumDevices = 128;
NumSlotes = 1024;


GivenBandwidthOld = [0.00923391, 0.00931405, 0.00620843, 0.00375183, 0.00955043, 0.00410468, 0.00863283, 0.00701137, 0.00506386, 0.00453532, 0.00886697, 0.00462871, 0.00977716, 0.00843282, 0.00794152, 0.00690051, 0.00440196, 0.0049606, 0.00659404, 0.00980774, 0.00992762, 0.00597127, 0.00531181, 0.00928693, 0.00675604, 0.00754785, 0.00917244, 0.00749886, 0.00460488, 0.00923767, 0.00995367, 0.00639116, 0.00621891, 0.00492223, 0.00543087, 0.00406649, 0.00430491, 0.00511043, 0.00600423, 0.00928962, 0.00806397, 0.00857963, 0.00666085, 0.00767181, 0.00506432, 0.0059467, 0.00492411, 0.00584621, 0.00974099, 0.00677091, 0.0074445, 0.00975741, 0.00780201, 0.00594908, 0.00749537, 0.00843206, 0.00760329, 0.00977917, 0.00484903, 0.00638389, 0.00895718, 0.00826397, 0.00757127, 0.00901843, 0.00647448, 0.00658592, 0.00463879, 0.00417016, 0.00919928, 0.00855698, 0.00714116, 0.0052224, 0.00658808, 0.00968084, 0.00837445, 0.0081691, 0.00676623, 0.00998613, 0.00806328, 0.00953016, 0.00720267, 0.00770278, 0.00683151, 0.00717486, 0.00911586, 0.006518, 0.0068425, 0.00432361, 0.0069543, 0.00844788, 0.00481905, 0.00875076, 0.00774971, 0.00817895, 0.00990673, 0.00499373, 0.00703941, 0.00761537, 0.00653174, 0.00649289, 0.00974498, 0.00507436, 0.00595875, 0.00752852, 0.0092551, 0.00918131, 0.00656263, 0.00685608, 0.00766606, 0.00839383, 0.00891345, 0.00451743, 0.00814827, 0.00668099, 0.0086658, 0.00484351, 0.00740403, 0.00452236, 0.00985954, 0.00558131, 0.00759226, 0.00568818, 0.00999323, 0.00866326, 0.00587645, 0.00557468, 0.00858582, 0.00444105];
GivenLatency = [465.108, 404.823, 648.96, 939.833, 397.917, 899.755, 407.133, 694.688, 886.093, 823.606, 392.468, 731.938, 420.102, 416.984, 460.077, 507.879, 860.817, 982.019, 653.721, 436.68, 381.983, 772.525, 796.165, 417.881, 549.217, 552.299, 449.923, 516.322, 887.169, 511.951, 395.781, 760.994, 648.747, 923.579, 765.546, 822.812, 841.897, 891.23, 694.01, 405.527, 578.847, 515.623, 544.237, 622.659, 721.116, 587.838, 949.625, 648.389, 422.389, 622.318, 455.29, 359.226, 442.675, 561.904, 448.979, 453.67, 502.794, 484.849, 944.762, 753.817, 500.693, 478.992, 568.31, 464.319, 545.103, 520.498, 1023.26, 867.049, 371.354, 576.603, 504.422, 908.641, 660.147, 376.872, 514.793, 526.037, 718.675, 336.992, 436.291, 476.12, 623.029, 595.466, 573.215, 526.262, 397.656, 643.238, 712.839, 918.141, 613.771, 412.359, 784.791, 547.523, 501.721, 448.719, 341.263, 996.583, 537.333, 537.178, 558.211, 521.741, 466.493, 862.879, 596.082, 582.722, 409.996, 444.888, 570.783, 580.616, 492.212, 456.287, 444.85, 781.661, 584.174, 534.336, 411.111, 941.041, 641.306, 1008, 488.923, 783.562, 453.932, 799.292, 360.068, 397.941, 629.963, 742.332, 434.047, 906.383];
HighestPossibleCritFunctionValue = 1.1;
