NumDevices = 16;
NumSlotes = 128;


GivenBandwidthOld = [0.0740289, 0.0730344, 0.0591298, 0.0648789, 0.0404802, 0.0702885, 0.0582559, 0.0770163, 0.0332895, 0.0669465, 0.0405857, 0.0442481, 0.0486596, 0.0417887, 0.0631844, 0.0597926];
GivenLatency = [21.7652, 25.7595, 29.0751, 28.542, 36.7716, 24.2657, 34.1867, 23.7256, 44.5852, 27.132, 35.8783, 36.6671, 38.9346, 44.7065, 22.019, 24.0828];
HighestPossibleCritFunctionValue = 1.1;
