NumDevices = 64;
NumSlotes = 512;


GivenBandwidthOld = [0.0173791, 0.0163026, 0.0125526, 0.0165493, 0.00837707, 0.00847331, 0.0159055, 0.00923098, 0.0100034, 0.0126733, 0.0154435, 0.0130688, 0.0123338, 0.00888113, 0.0101874, 0.014099, 0.0161822, 0.00984249, 0.00775621, 0.013618, 0.0124859, 0.0163094, 0.00792612, 0.00926846, 0.010019, 0.0136041, 0.00872325, 0.0167305, 0.0147996, 0.0119381, 0.00851159, 0.00925132, 0.0118994, 0.00804826, 0.0121722, 0.0137064, 0.00835987, 0.00940057, 0.0103625, 0.00750776, 0.00797974, 0.0105117, 0.0158666, 0.0153559, 0.0116564, 0.0134522, 0.0164031, 0.0110753, 0.00811179, 0.00986947, 0.0112705, 0.00856601, 0.013867, 0.017158, 0.00972175, 0.00848025, 0.012513, 0.0101979, 0.0103804, 0.00858388, 0.0143438, 0.0116737, 0.0141841, 0.00795717];
GivenLatency = [67.2319, 60.5217, 97.0118, 55.8976, 109.954, 138.966, 69.8499, 118.393, 114.991, 81.7833, 65.2892, 95.2693, 74.126, 103.883, 122.301, 73.2772, 76.5246, 125.161, 132.275, 75.1315, 81.2122, 62.8861, 141.418, 121.636, 100.17, 74.8948, 108.156, 64.0654, 73.9753, 94.6524, 110.461, 102.374, 92.5389, 147.419, 77.2622, 69.0177, 120.533, 104.128, 99.7696, 130.504, 144.6, 89.3573, 57.6241, 61.6892, 83.5765, 79.1999, 56.2886, 100.931, 120.12, 117.001, 97.0244, 116.501, 68.1106, 62.48, 116.538, 125.333, 82.1755, 119.656, 110.92, 128.838, 76.9183, 100.489, 66.2457, 129.913];
HighestPossibleCritFunctionValue = 1.1;
