NumDevices = 16;
NumSlotes = 128;


GivenBandwidthOld = [0.0206222, 0.0125009, 0.0180096, 0.0269213, 0.031234, 0.0154063, 0.0238301, 0.0280617, 0.0236688, 0.0163009, 0.0342822, 0.0204221, 0.0239432, 0.0288201, 0.0202586, 0.0268107];
GivenLatency = [19.6124, 28.0006, 21.5798, 20.7225, 11.3942, 23.6312, 14.9655, 18.3937, 24.6446, 20.412, 14.9818, 29.4226, 14.0485, 11.3786, 26.5162, 13.4441];
HighestPossibleCritFunctionValue = 1.1;
