NumDevices = 128;
NumSlotes = 1024;


GivenBandwidthOld = [0.00761503, 0.00834028, 0.00757586, 0.00502609, 0.00599536, 0.00646624, 0.00560013, 0.00389571, 0.00772765, 0.00617774, 0.00674339, 0.0087234, 0.00661755, 0.00866057, 0.00561685, 0.00497851, 0.00634277, 0.00542752, 0.0078474, 0.0038123, 0.00576105, 0.00852477, 0.00830483, 0.00670671, 0.00714962, 0.00618024, 0.0087436, 0.00626347, 0.00757911, 0.00459353, 0.00599643, 0.00445194, 0.00627568, 0.00793059, 0.00700933, 0.00823836, 0.0046599, 0.00648547, 0.00383474, 0.00793785, 0.00401409, 0.00726777, 0.00691325, 0.00857977, 0.00766889, 0.00846118, 0.00447835, 0.00521282, 0.00442958, 0.00537955, 0.00662724, 0.00652328, 0.00424615, 0.00759665, 0.00438328, 0.00726294, 0.00575091, 0.00804774, 0.00590375, 0.00689258, 0.00610251, 0.0074357, 0.00435292, 0.00708568, 0.00655904, 0.005356, 0.00580681, 0.00763425, 0.00628692, 0.00668509, 0.00381469, 0.00605378, 0.0084656, 0.00385324, 0.00394039, 0.00870101, 0.00532799, 0.0049526, 0.00585126, 0.00464417, 0.00707049, 0.00624703, 0.00634275, 0.00509604, 0.00656439, 0.00514887, 0.00463472, 0.00816843, 0.00428849, 0.00413199, 0.00383454, 0.00458097, 0.004826, 0.00803297, 0.00769867, 0.0040563, 0.00669469, 0.00508439, 0.005824, 0.00639843, 0.00595265, 0.00866847, 0.00855693, 0.00386702, 0.00557651, 0.00683215, 0.00537635, 0.00786912, 0.00384488, 0.00840682, 0.00593124, 0.00380842, 0.00555073, 0.00857405, 0.0065316, 0.00418301, 0.00626776, 0.00477506, 0.00688551, 0.00719011, 0.00661715, 0.00687448, 0.00683151, 0.00471574, 0.00498638, 0.00861131, 0.00771612, 0.00736647];
GivenLatency = [148.96, 150.81, 159.387, 241.277, 179.409, 155.601, 188.035, 291.054, 152.675, 200.935, 164.958, 117.582, 144.238, 145.287, 210.183, 195.246, 167.74, 192.426, 157.693, 275.205, 222.033, 119.389, 115.773, 151.334, 156.174, 183.81, 146.425, 155.518, 167.137, 226.937, 163.417, 225.001, 173.593, 148.923, 173.531, 121.21, 239.902, 192.251, 283.454, 159.988, 312.283, 152.822, 163.988, 140.689, 156.274, 132.734, 273.417, 212.034, 248.487, 193.074, 192.441, 183.808, 293.097, 136.271, 236.46, 142.406, 170.186, 128.185, 163.081, 161.27, 203.321, 173.758, 273.587, 148.348, 186.593, 184.594, 182.97, 158.064, 161.361, 187.668, 275.136, 186.758, 132.936, 326.17, 285.221, 132.493, 211.161, 234.719, 187.032, 242.644, 160.691, 152.61, 183.269, 229.751, 180.833, 187.156, 240.587, 144.738, 274.782, 263.32, 335.369, 274.747, 243.635, 123.205, 157.365, 243.492, 157.998, 203.517, 186.594, 161.955, 183.278, 127.902, 142.061, 297.769, 208.008, 173.689, 194.682, 125.77, 308.903, 118.179, 174.988, 334.762, 204.499, 123.625, 160.191, 287.377, 193.382, 241.404, 165.392, 161.071, 160.177, 144.574, 145.667, 229.393, 242.979, 142.281, 130.343, 163.713];
HighestPossibleCritFunctionValue = 1.1;
