NumDevices = 16;
NumSlotes = 128;


GivenBandwidthOld = [0.0508865, 0.0693348, 0.050049, 0.0342821, 0.0398003, 0.0639236, 0.0647553, 0.0427989, 0.0611175, 0.0626106, 0.0358863, 0.0418606, 0.0513504, 0.0659936, 0.0544409, 0.047553];
GivenLatency = [18.8789, 13.0701, 20.3424, 22.746, 27.3854, 15.1247, 13.9557, 18.1457, 14.2294, 13.1499, 27.2333, 21.4175, 15.0316, 12.9364, 18.2632, 21.7912];
HighestPossibleCritFunctionValue = 1.1;
