NumDevices = 32;
NumSlotes = 256;


GivenBandwidthOld = [0.0070343, 0.00799481, 0.0137539, 0.00609451, 0.0129601, 0.015086, 0.00714322, 0.0136752, 0.00947911, 0.0104339, 0.00808791, 0.0160488, 0.0152547, 0.00629844, 0.0153157, 0.00593032, 0.0158756, 0.0166796, 0.0157727, 0.0123064, 0.0162154, 0.0152193, 0.0114228, 0.0148461, 0.0126548, 0.00920074, 0.00681601, 0.0141352, 0.0160159, 0.0111213, 0.0103136, 0.0113913];
GivenLatency = [76.555, 41.0136, 42.482, 90.2172, 36.4783, 28.1144, 69.1542, 30.539, 61.8884, 29.3409, 43.4312, 30.4815, 34.8357, 72.248, 20.3723, 58.2491, 19.9835, 33.8284, 29.5382, 25.828, 39.333, 40.2078, 32.8462, 32.9174, 30.0753, 42.0972, 54.945, 36.3376, 26.4777, 55.8656, 58.3306, 27.6127];
HighestPossibleCritFunctionValue = 1.1;
