NumDevices = 128;
NumSlotes = 1024;


GivenBandwidthOld = [0.00659331, 0.00626173, 0.00840867, 0.00694956, 0.00383954, 0.00868024, 0.0062284, 0.00825131, 0.00731577, 0.00866565, 0.00609607, 0.00412372, 0.00489152, 0.00423588, 0.00497606, 0.00509741, 0.00470712, 0.00501917, 0.00468455, 0.00578153, 0.00766486, 0.00582514, 0.00570558, 0.00612604, 0.00788398, 0.00862013, 0.00601185, 0.00865683, 0.00784245, 0.00550666, 0.00794805, 0.00546413, 0.00810435, 0.00735906, 0.00630453, 0.00770021, 0.0049527, 0.00747805, 0.00608881, 0.00719276, 0.00626345, 0.00734072, 0.0079525, 0.00525831, 0.00396892, 0.00818563, 0.00843378, 0.00403032, 0.00501909, 0.00829138, 0.00573986, 0.00736146, 0.00651516, 0.00780965, 0.00420128, 0.00847185, 0.00391188, 0.00445865, 0.00397442, 0.00563763, 0.00419827, 0.00780679, 0.00628273, 0.0063987, 0.00542765, 0.00500267, 0.00734608, 0.00813271, 0.00389135, 0.0044105, 0.00478224, 0.00753126, 0.00534029, 0.00678433, 0.00666662, 0.00829872, 0.00407115, 0.00638827, 0.0050926, 0.00380805, 0.00441834, 0.00648246, 0.00820337, 0.00657889, 0.00383505, 0.00820981, 0.00484125, 0.00434688, 0.00552187, 0.0085824, 0.00686118, 0.00842033, 0.00793461, 0.00446124, 0.00758467, 0.00813148, 0.00828671, 0.0072449, 0.00753839, 0.00515594, 0.00837901, 0.0085553, 0.00636462, 0.00758133, 0.00683758, 0.00670727, 0.00650315, 0.00593698, 0.00533232, 0.00779563, 0.00868756, 0.00428589, 0.0054286, 0.00604101, 0.00378919, 0.00745132, 0.0068472, 0.00832711, 0.006274, 0.00465193, 0.00743863, 0.00852991, 0.00477748, 0.00760106, 0.00845994, 0.00874309, 0.00768154, 0.0061329];
GivenLatency = [149.357, 160.386, 153.162, 186.61, 279.715, 140.016, 163.295, 131.067, 151.445, 114.443, 180.851, 302.567, 252.701, 291.475, 218.363, 214.922, 212.369, 248.949, 251.738, 196.986, 167.227, 194.103, 199.588, 184.908, 157.124, 128.794, 171.416, 119.814, 153.392, 212.431, 134.64, 227.508, 155.104, 139.5, 152.359, 134.791, 197.875, 137.706, 200.674, 159.185, 182.182, 173.666, 150.948, 219.272, 279.119, 126.939, 129.786, 249.403, 200.229, 155.371, 201.147, 154.273, 153.751, 157.29, 296.715, 135.639, 266.996, 217.347, 302.223, 214.694, 296.57, 139.023, 166.804, 190.731, 220.29, 231.035, 137.759, 122.777, 311.607, 217.758, 246.943, 127.65, 231.226, 173.943, 160.314, 130.53, 274.431, 182.907, 193.871, 298.76, 292.072, 160.574, 135.217, 169.525, 333.901, 119.126, 197.879, 252.141, 187.33, 117.255, 174.322, 128.749, 130.947, 281.652, 141.254, 147.289, 131.001, 154.976, 138.811, 221.572, 148.583, 127.832, 191.886, 165.461, 146.951, 154.841, 181.607, 179.615, 185.041, 125.655, 146.438, 288.727, 194.069, 196.945, 278.992, 147.587, 185.883, 136.411, 162.858, 224.842, 130.73, 145.001, 224.274, 152.391, 152.792, 119.065, 124.099, 203.709];
HighestPossibleCritFunctionValue = 1.1;
