NumDevices = 32;
NumSlotes = 256;


GivenBandwidthOld = [0.0136609, 0.00599963, 0.00571633, 0.00684874, 0.0141987, 0.00741816, 0.00944297, 0.0155632, 0.0151068, 0.00804123, 0.00644485, 0.0135616, 0.0121263, 0.0136458, 0.0153036, 0.0145883, 0.00598188, 0.00742512, 0.0140623, 0.0157456, 0.00651695, 0.0129036, 0.0149821, 0.0123342, 0.00878259, 0.0164601, 0.0157192, 0.0125519, 0.0168147, 0.0116009, 0.00906437, 0.0149402];
GivenLatency = [39.8423, 67.879, 77.5372, 53.5526, 25.4629, 43.2251, 44.9096, 37.1125, 33.685, 45.0058, 50.9204, 24.9923, 36.3162, 36.4421, 32.3666, 21.6893, 54.9425, 44.0951, 39.0573, 25.8082, 61.745, 42.0059, 34.8224, 49.5293, 44.5988, 28.8822, 25.5835, 32.1334, 29.312, 47.5402, 57.7158, 29.9804];
HighestPossibleCritFunctionValue = 1.1;
