NumDevices = 128;
NumSlotes = 1024;


GivenBandwidthOld = [0.00461268, 0.00904614, 0.00969158, 0.00768784, 0.00578213, 0.00771792, 0.00509381, 0.0079925, 0.00738031, 0.00589407, 0.00790826, 0.00410063, 0.00927288, 0.00796783, 0.00529679, 0.00693099, 0.00413748, 0.00993979, 0.00437397, 0.00962619, 0.00855768, 0.00638697, 0.00463484, 0.00655563, 0.00804883, 0.00419436, 0.00961594, 0.00507624, 0.0064032, 0.00860916, 0.00912839, 0.00462056, 0.00404398, 0.00712295, 0.00549834, 0.00683774, 0.00556816, 0.00533812, 0.00776148, 0.00591295, 0.00652795, 0.00526951, 0.00473747, 0.00639531, 0.00727024, 0.00592601, 0.00720313, 0.00919746, 0.00919399, 0.0071165, 0.00958703, 0.00674738, 0.00564232, 0.00791164, 0.00477069, 0.00844748, 0.00435789, 0.00802531, 0.0089634, 0.00657427, 0.00867086, 0.00862295, 0.00973698, 0.00812775, 0.00561813, 0.00774279, 0.00431664, 0.00853896, 0.00423093, 0.00547766, 0.00931891, 0.0067049, 0.0042711, 0.00561329, 0.00759919, 0.0095074, 0.00583106, 0.00512425, 0.00699591, 0.00782153, 0.00901865, 0.00387343, 0.00943542, 0.0086752, 0.00656105, 0.00526413, 0.00804061, 0.00985541, 0.00491083, 0.0075461, 0.00480991, 0.00517431, 0.00455987, 0.00897179, 0.00380051, 0.00888235, 0.00687405, 0.00971362, 0.00938587, 0.00708598, 0.00903257, 0.00673288, 0.00571048, 0.00984002, 0.00870882, 0.00918991, 0.00740382, 0.0072998, 0.00904294, 0.00599985, 0.00452873, 0.00436494, 0.00780225, 0.00996704, 0.00610158, 0.00800941, 0.00409789, 0.00706927, 0.0095083, 0.00850179, 0.00461701, 0.00679752, 0.00472038, 0.00669124, 0.0058472, 0.00755755, 0.00977818, 0.00695533];
GivenLatency = [865.387, 476.11, 357.404, 470.612, 860.788, 622.373, 748.143, 515.639, 565.237, 597.717, 472.928, 1158.57, 390.189, 473.314, 701.613, 680.039, 1037.35, 352.176, 983.383, 445.862, 501.845, 530.938, 962.692, 588.268, 542.766, 800.919, 395.311, 663.368, 582.448, 437.13, 545.322, 993.738, 961.379, 651.774, 883.272, 724.496, 659.429, 876.8, 452.441, 754.697, 535.428, 841.971, 1000.94, 681.424, 533.393, 679.538, 601.993, 447.534, 420.192, 487.921, 471.898, 504.939, 682.656, 493.517, 723.94, 412.713, 901.804, 531.325, 434.772, 580.348, 406.464, 441.367, 414.021, 574.791, 641.825, 567.366, 888.318, 476.483, 1017.02, 817.536, 379.317, 513.282, 1051.33, 770.221, 464.055, 356.9, 678.686, 908.819, 539.749, 494.249, 491.862, 1119.33, 388.001, 406.436, 747.298, 724.501, 594.605, 364.809, 770.733, 444.565, 863.431, 852.39, 849.98, 374.21, 1028.15, 504.352, 722.284, 364.798, 451.835, 696.912, 373.998, 514.941, 675.216, 363.006, 500.462, 364.064, 572.751, 674.391, 479.199, 814.811, 748.17, 876.784, 483.886, 468.128, 711.291, 445.73, 1207.82, 482.536, 452.635, 440.63, 783.499, 652.621, 710.894, 721.384, 810.809, 505.295, 444.926, 528.233];
HighestPossibleCritFunctionValue = 1.1;
