NumDevices = 32;
NumSlotes = 256;


GivenBandwidthOld = [0.0193771, 0.0306675, 0.0390815, 0.0279548, 0.0221358, 0.0210587, 0.0185251, 0.0370045, 0.0192012, 0.0239611, 0.0240589, 0.0183948, 0.0207592, 0.035163, 0.0201804, 0.0322952, 0.0202611, 0.038217, 0.0229605, 0.0314195, 0.0282425, 0.0317273, 0.0253315, 0.0314804, 0.0260464, 0.0224926, 0.0175127, 0.0204061, 0.0247254, 0.0197803, 0.0325674, 0.020773];
GivenLatency = [126.031, 56.7662, 49.0422, 62.7598, 92.156, 86.3336, 133.428, 46.6286, 94.7351, 73.636, 97.3325, 130.045, 90.5293, 52.5645, 103.223, 61.0522, 89.0039, 58.3111, 81.8804, 71.7719, 72.9566, 70.117, 66.8359, 72.9591, 89.1976, 77.8938, 122.067, 90.2011, 97.108, 100.496, 61.7338, 84.4694];
HighestPossibleCritFunctionValue = 1.1;
