NumDevices = 128;
NumSlotes = 1024;


GivenBandwidthOld = [0.00711295, 0.00492441, 0.00702894, 0.00781272, 0.00588733, 0.00586315, 0.00446413, 0.00620838, 0.00675935, 0.00681047, 0.00607777, 0.00649482, 0.00588355, 0.00740585, 0.00766258, 0.00747128, 0.00727869, 0.00546212, 0.00434073, 0.0071603, 0.00571813, 0.00704583, 0.00680529, 0.0039367, 0.00661567, 0.00710069, 0.00382848, 0.00773873, 0.00739254, 0.00387882, 0.00383374, 0.00616219, 0.00539596, 0.00737175, 0.00452848, 0.00766172, 0.00803217, 0.00426721, 0.00653504, 0.00695284, 0.00390098, 0.00634649, 0.00802204, 0.00392319, 0.00461868, 0.00865116, 0.00761287, 0.00698116, 0.00484273, 0.00426866, 0.00590448, 0.00405605, 0.00752902, 0.00778127, 0.0073352, 0.00527921, 0.00526286, 0.00545196, 0.00858951, 0.00633282, 0.00827153, 0.00719135, 0.00756059, 0.00831093, 0.00422976, 0.00705527, 0.00544137, 0.00558351, 0.00457956, 0.00613746, 0.00471733, 0.00673366, 0.005183, 0.00813118, 0.00817758, 0.00806142, 0.005828, 0.00376332, 0.00759876, 0.00480887, 0.0051687, 0.00790551, 0.00535089, 0.00483787, 0.00751194, 0.00573513, 0.00784472, 0.00377616, 0.00839758, 0.00570268, 0.00739918, 0.00558807, 0.00621822, 0.00717025, 0.00782821, 0.00623276, 0.00643178, 0.0064038, 0.00623084, 0.00415462, 0.00417714, 0.00776328, 0.0049198, 0.00451113, 0.00614019, 0.00563061, 0.00619474, 0.00747157, 0.00725035, 0.00418435, 0.00384363, 0.00736336, 0.00844186, 0.00477415, 0.00666251, 0.00435377, 0.006261, 0.00608937, 0.00660569, 0.00439201, 0.00397383, 0.00563917, 0.00507009, 0.0055615, 0.00468645, 0.00760605, 0.00740354, 0.00385889];
GivenLatency = [180.482, 199.257, 158.757, 133.789, 176.476, 200.138, 219.077, 162.738, 163.783, 159.196, 204.478, 189.946, 180.717, 151.996, 127.756, 131.274, 136.175, 237.585, 296.405, 168.018, 201.741, 162.374, 174.983, 269.04, 157.036, 161.882, 303.722, 163.759, 143.165, 302.507, 267.441, 167.52, 226.673, 169.004, 246.47, 159.635, 124.077, 282.773, 151.151, 158.073, 266.424, 195.266, 153.654, 327.705, 264.142, 146.136, 135.443, 146.537, 245.616, 289.174, 208.243, 242.501, 130.133, 122.961, 145.06, 193.552, 241.86, 184.315, 130.295, 190.268, 118.406, 175.713, 146.621, 126.82, 305.343, 148.258, 183.734, 230.815, 232.649, 174.365, 221.691, 157.075, 192.138, 117.206, 138.283, 123.616, 195.273, 312.168, 166.512, 222.274, 216.946, 123.716, 198.307, 228.209, 172.001, 188.711, 159.227, 265.764, 130.652, 214.341, 155.207, 177.297, 184.955, 169.071, 124.038, 154.553, 148.413, 191.6, 201.933, 269.639, 247.3, 133.591, 244.415, 230.157, 196.184, 208.497, 161.844, 155.74, 151.68, 301.314, 304.403, 143.813, 140.322, 215.161, 158.996, 235.153, 187.878, 193.722, 152.526, 242.005, 291.484, 227.838, 213.842, 216.398, 267.469, 143.756, 147.975, 247.957];
HighestPossibleCritFunctionValue = 1.1;
