NumDevices = 128;
NumSlotes = 1024;


GivenBandwidthOld = [0.00566607, 0.00721374, 0.00630342, 0.00657387, 0.00833707, 0.00492501, 0.00842728, 0.00855396, 0.00641905, 0.00618278, 0.00391534, 0.0075746, 0.00886633, 0.00635444, 0.00788689, 0.00742096, 0.00775428, 0.00997354, 0.00900111, 0.00915163, 0.00774576, 0.00416944, 0.00951876, 0.00929251, 0.00677049, 0.00670614, 0.00637793, 0.00891969, 0.00953004, 0.0050599, 0.00680061, 0.00653936, 0.00950187, 0.00660585, 0.00822978, 0.00786463, 0.00839994, 0.00533959, 0.00746664, 0.00674401, 0.00529079, 0.00607501, 0.00526724, 0.00402933, 0.00470204, 0.00472742, 0.00619821, 0.00711926, 0.00592378, 0.00730375, 0.00654037, 0.00776615, 0.00939672, 0.00808756, 0.00516862, 0.0089751, 0.00951819, 0.00599214, 0.00617396, 0.00569907, 0.00547164, 0.00804926, 0.00524044, 0.00989682, 0.00716533, 0.00512212, 0.00878644, 0.00746135, 0.00542, 0.00893337, 0.00820169, 0.00460875, 0.00550259, 0.00948467, 0.0050885, 0.00614544, 0.00768809, 0.00997256, 0.00508814, 0.00632345, 0.00573938, 0.0080284, 0.00461641, 0.00927189, 0.00399166, 0.00905097, 0.00966164, 0.00439663, 0.009192, 0.00500793, 0.00821207, 0.00406992, 0.0056022, 0.00871665, 0.00943833, 0.00745965, 0.00806066, 0.0092267, 0.00697388, 0.00618494, 0.00903643, 0.00906055, 0.0081999, 0.00568003, 0.00418095, 0.00924962, 0.00459698, 0.007779, 0.00672313, 0.00446229, 0.00652537, 0.00565453, 0.00697348, 0.00578316, 0.00635396, 0.00592962, 0.00535309, 0.00931556, 0.00666301, 0.00639821, 0.00599541, 0.00477688, 0.00620538, 0.00885597, 0.00731169, 0.00887627, 0.00473852, 0.00523713];
GivenLatency = [849.959, 502.727, 660.124, 648.303, 429.803, 736.07, 539.759, 389.999, 733.025, 762.917, 1212.64, 473.088, 420.807, 575.73, 558.294, 455.453, 542.212, 466.103, 497.324, 498.662, 494.511, 1009.16, 492.641, 368.657, 528.182, 549.504, 599.704, 484.601, 392.833, 680.963, 719.663, 749.34, 410.205, 694.085, 520.854, 619.865, 421.713, 696.946, 656.552, 631.804, 675.075, 723.835, 910.257, 1025.48, 1021.46, 709.681, 802.383, 642.634, 843.916, 536.844, 632.978, 516.284, 418.037, 452.94, 670.785, 425.522, 382.402, 575.992, 580.63, 789.74, 756.359, 579.245, 855.85, 402.493, 534.755, 928.417, 458.11, 457.611, 633.316, 487.604, 601.613, 739.45, 830.538, 358.221, 915.457, 608.799, 532.47, 334.263, 954.582, 675.791, 582.732, 541.313, 900.348, 407.328, 907.998, 428.471, 412.533, 813.913, 375.497, 724.983, 431.811, 1090.91, 819.577, 543.827, 487.352, 504.464, 531.708, 441.643, 702.495, 735.586, 535.081, 443.533, 496.352, 707.068, 993.285, 393.226, 788.304, 583.577, 555.826, 791.535, 731.059, 676.55, 626.045, 638.994, 558.252, 736.691, 632.722, 373.227, 688.325, 527.082, 774.312, 717.163, 765.38, 541.865, 488.621, 448.053, 999.939, 926.413];
HighestPossibleCritFunctionValue = 1.1;
