NumDevices = 16;
NumSlotes = 128;


GivenBandwidthOld = [0.0372969, 0.069334, 0.0369001, 0.040275, 0.0424106, 0.05501, 0.0531751, 0.0538491, 0.0623987, 0.0355771, 0.0435808, 0.04302, 0.05718, 0.0449352, 0.0461822, 0.0436416];
GivenLatency = [21.5756, 15.7373, 23.8636, 21.6523, 19.2041, 14.7643, 18.6529, 19.4118, 14.9624, 24.7184, 20.0834, 21.3183, 17.2846, 18.3974, 19.9796, 19.0618];
HighestPossibleCritFunctionValue = 1.1;
