NumDevices = 128;
NumSlotes = 1024;


GivenBandwidthOld = [0.00326148, 0.00193979, 0.00386382, 0.00351791, 0.00241212, 0.00167119, 0.00206944, 0.0017126, 0.00423095, 0.00208027, 0.00254675, 0.00190544, 0.00159114, 0.00348319, 0.00329348, 0.00219818, 0.00290659, 0.00289925, 0.00150016, 0.00251795, 0.00224865, 0.00437274, 0.00393526, 0.00423075, 0.00187219, 0.00223016, 0.00300258, 0.00378292, 0.00332106, 0.00336575, 0.00130023, 0.00177384, 0.00229462, 0.00186718, 0.00237225, 0.00355302, 0.0019092, 0.00230465, 0.00171486, 0.00164705, 0.00251388, 0.00263847, 0.00294448, 0.00229928, 0.00209673, 0.00420019, 0.00388051, 0.00286981, 0.00352342, 0.00430744, 0.00334278, 0.00275263, 0.00290355, 0.00185423, 0.00341861, 0.00216686, 0.00152463, 0.00134638, 0.00237642, 0.00181995, 0.0022731, 0.00270102, 0.00422625, 0.00127534, 0.00210004, 0.00354417, 0.00312114, 0.00263309, 0.00309521, 0.00434106, 0.00275743, 0.00223654, 0.00388707, 0.00368026, 0.00283613, 0.00301476, 0.00227104, 0.00241656, 0.00130457, 0.00282573, 0.00330831, 0.00156993, 0.00329153, 0.00382295, 0.00425332, 0.003118, 0.00290811, 0.00348627, 0.00188755, 0.00397173, 0.00164105, 0.00174089, 0.00160484, 0.0025617, 0.00325203, 0.00244558, 0.00161735, 0.00343274, 0.0022462, 0.00381123, 0.0040896, 0.00136003, 0.00372013, 0.00424431, 0.00156706, 0.00189495, 0.00340902, 0.00355202, 0.00385119, 0.00385661, 0.00427985, 0.0020156, 0.00306022, 0.00377793, 0.00371364, 0.00144752, 0.00226936, 0.00230321, 0.00252512, 0.00402645, 0.00258404, 0.00368572, 0.00409209, 0.00262118, 0.00284694, 0.0035083, 0.00329935, 0.00406704];
GivenLatency = [113.959, 305.68, 117.322, 103.662, 131.052, 377.427, 225.86, 275.649, 97.5114, 234.626, 185.9, 220.715, 277.175, 108.752, 127.536, 146.861, 117.037, 176.121, 215.218, 149.357, 217.704, 100.866, 90.086, 121.456, 205.893, 161.594, 137.58, 138.038, 101.888, 94.3839, 280.822, 291.008, 270.759, 167.924, 208.649, 126.969, 177.338, 160.544, 344.875, 277.754, 128.007, 172.589, 112.331, 143.663, 154.713, 102.776, 95.355, 218.056, 130.541, 126.582, 107.616, 162.813, 178.413, 214.681, 124.863, 218.225, 329.607, 369.321, 149.303, 195.136, 189.645, 134.169, 96.65, 305.88, 172.219, 94.1492, 104.562, 204.881, 196.063, 75.6057, 131.22, 187.914, 119.03, 88.0055, 117.969, 119.747, 229.398, 160.166, 260.936, 186.934, 99.5244, 243.22, 114.751, 130.032, 96.6812, 105.718, 155.663, 153.282, 199.746, 89.0681, 236.082, 365.87, 301.454, 156.385, 104.505, 198.975, 237.279, 150.569, 259.406, 85.3372, 157.503, 431.867, 133.735, 154.451, 236.887, 237.844, 123.472, 171.412, 97.9908, 153.144, 127.388, 268.95, 164.177, 94.8803, 153.25, 414.436, 145.176, 186.218, 129.344, 161.162, 162.976, 92.2089, 144.458, 182.958, 140.573, 129.728, 103.565, 94.4802];
HighestPossibleCritFunctionValue = 1.1;
