NumDevices = 64;
NumSlotes = 512;


GivenBandwidthOld = [0.0119572, 0.00996546, 0.0145005, 0.0153069, 0.0174738, 0.0168126, 0.0137791, 0.0103497, 0.0121122, 0.0139128, 0.0170675, 0.00783886, 0.0126566, 0.0151013, 0.0118746, 0.0110156, 0.0148391, 0.0158621, 0.0100633, 0.00815006, 0.0131227, 0.0078469, 0.00779988, 0.00753482, 0.0127845, 0.0147257, 0.00900922, 0.0130247, 0.0114418, 0.0168442, 0.0160838, 0.0156723, 0.00895331, 0.0132345, 0.0164723, 0.0148672, 0.0174154, 0.0164592, 0.0142382, 0.0166603, 0.014848, 0.0160402, 0.0131647, 0.0146642, 0.0166686, 0.0145184, 0.0165073, 0.0139733, 0.0145431, 0.0100472, 0.00862235, 0.0108441, 0.011963, 0.0165101, 0.0109783, 0.0165525, 0.0129442, 0.00755518, 0.014889, 0.0142673, 0.0150638, 0.0121018, 0.0103871, 0.0104364];
GivenLatency = [97.1527, 100.738, 63.1986, 65.4169, 63.0728, 60.0366, 74.0487, 95.373, 76.2348, 83.0547, 61.9477, 116.336, 90.5923, 60.7348, 105.021, 87.6337, 82.5186, 71.9742, 91.4789, 142.278, 70.6733, 120.375, 145.674, 159.896, 74.6793, 72.7284, 137.005, 73.9061, 80.7102, 61.0161, 57.8854, 65.5318, 133.866, 85.2347, 56.7747, 63.4642, 60.5689, 66.8915, 77.1753, 63.272, 65.6595, 73.454, 80.5255, 67.1797, 57.1952, 83.2294, 66.3623, 77.1548, 65.7245, 114.489, 116.552, 89.5283, 88.0917, 61.738, 89.715, 59.1871, 73.7784, 136.959, 79.9958, 64.2495, 64.154, 91.6283, 110.643, 91.1358];
HighestPossibleCritFunctionValue = 1.1;
