NumDevices = 128;
NumSlotes = 1024;


GivenBandwidthOld = [0.00578975, 0.00452288, 0.00598919, 0.00657918, 0.00385572, 0.00552302, 0.00912797, 0.00377307, 0.00403447, 0.00976892, 0.00752651, 0.0068791, 0.00707455, 0.00454582, 0.00406427, 0.00448051, 0.00649978, 0.00671988, 0.0060114, 0.00489059, 0.00490358, 0.00448986, 0.00740092, 0.00854446, 0.00919948, 0.00569457, 0.00495065, 0.00801358, 0.00543112, 0.00839976, 0.00848976, 0.0086372, 0.00536602, 0.00793979, 0.00904146, 0.00600752, 0.00833296, 0.00460931, 0.00865347, 0.00395945, 0.00528392, 0.00933422, 0.00770428, 0.00714169, 0.00794905, 0.00839264, 0.00759526, 0.00610952, 0.00387123, 0.00997897, 0.00648481, 0.00517191, 0.00802525, 0.00783699, 0.00624811, 0.00817486, 0.00990272, 0.00621233, 0.00692686, 0.00972175, 0.00838841, 0.00533143, 0.00786391, 0.00869443, 0.00472631, 0.00638147, 0.00591389, 0.00980528, 0.00601297, 0.00617408, 0.00779595, 0.00398353, 0.00985521, 0.00782704, 0.00780891, 0.00930532, 0.00955092, 0.00611571, 0.00795088, 0.00801414, 0.00872748, 0.00408318, 0.00974911, 0.0057353, 0.00819324, 0.0062628, 0.00509417, 0.00772463, 0.00536079, 0.00754462, 0.00500316, 0.00931834, 0.00959544, 0.00431426, 0.00603603, 0.00638439, 0.00499433, 0.00464961, 0.00477432, 0.00693202, 0.00896643, 0.00762186, 0.00928824, 0.00378204, 0.00470557, 0.00784336, 0.00714795, 0.00684011, 0.00791822, 0.00908723, 0.00657836, 0.00882187, 0.00909843, 0.00731199, 0.00754417, 0.00979614, 0.00873147, 0.00850441, 0.00484685, 0.00724899, 0.00507566, 0.00905851, 0.00511968, 0.00513867, 0.00560274, 0.00529563, 0.00609946, 0.00991366];
GivenLatency = [611.743, 807.613, 797.942, 676.518, 1009.87, 671.344, 500.012, 1121.89, 853.839, 379.708, 443.498, 569.668, 683.127, 783.177, 1074.91, 963.336, 518.057, 721.67, 568.481, 962.021, 751.574, 996.66, 507.462, 411.637, 368.478, 590.683, 678.58, 471.671, 701.793, 542.262, 399.065, 395.908, 626.479, 496.492, 493.598, 591.652, 466.815, 1008.15, 483.122, 990.729, 631.883, 491.516, 593.347, 623.054, 523.963, 413.018, 484.18, 649.159, 1165.76, 335.352, 719.678, 730.86, 465.094, 440.751, 689.705, 551.914, 499.892, 627.605, 687.484, 460.797, 435.512, 729.443, 614.967, 444.005, 913.264, 558.077, 614.605, 444.63, 620.832, 708.536, 447.305, 929.351, 381.394, 476.478, 617.523, 419.901, 474.288, 655.593, 444.84, 529.163, 407.488, 1131.72, 378.469, 657.039, 433.436, 757.508, 655.273, 527.657, 737.356, 620.67, 801.132, 407.785, 441.27, 880.513, 709.088, 530.832, 921.17, 1065.16, 778.261, 507.482, 376.559, 444.267, 393.968, 925.635, 953.244, 604.431, 684.229, 643.251, 496.204, 500.478, 737.462, 478.823, 482.404, 562.492, 475.251, 402.608, 544.78, 556.488, 910.552, 542.168, 965.19, 499.766, 969.343, 780.212, 701.969, 665.523, 798.849, 454.336];
HighestPossibleCritFunctionValue = 1.1;
