NumDevices = 64;
NumSlotes = 512;


GivenBandwidthOld = [0.0110179, 0.0197101, 0.0104448, 0.0124218, 0.0157631, 0.0108409, 0.0081986, 0.0114304, 0.0150437, 0.0191136, 0.00998743, 0.013723, 0.010194, 0.0113565, 0.0116042, 0.0110594, 0.0182167, 0.0106516, 0.0146698, 0.0109973, 0.0123868, 0.0156621, 0.0122453, 0.0125701, 0.00755309, 0.0123273, 0.0150398, 0.0166677, 0.0133832, 0.0112976, 0.0083718, 0.00985194, 0.0116403, 0.0183685, 0.0111935, 0.00882227, 0.0183768, 0.0140326, 0.0135357, 0.0118821, 0.00827195, 0.0192109, 0.0199537, 0.0173359, 0.00779627, 0.0119022, 0.00810148, 0.0165614, 0.0155342, 0.0130277, 0.0114543, 0.0168526, 0.009272, 0.0144711, 0.019956, 0.0182697, 0.0135663, 0.0135185, 0.00966933, 0.0174109, 0.0178064, 0.014729, 0.0178059, 0.0181424];
GivenLatency = [259.509, 124.45, 213.466, 240.527, 161.242, 233.533, 351.966, 262.19, 204.715, 125.26, 244.215, 235.682, 250.902, 240.817, 191.941, 219.955, 123.212, 268.837, 179.658, 253.026, 198.861, 205.901, 187.478, 221.522, 326.274, 215.359, 184.376, 150.428, 205.896, 263.49, 270.763, 325.238, 244.536, 156.24, 260.003, 292.042, 152.945, 231.402, 164.971, 216.854, 293.086, 141.993, 130.859, 183.499, 364.966, 215.447, 276.56, 146.237, 194.077, 234.232, 230.095, 178.211, 273.144, 155.117, 158.284, 161.291, 163.84, 224.621, 258.858, 173.496, 145.795, 152.05, 174.116, 136.901];
HighestPossibleCritFunctionValue = 1.1;
