NumDevices = 16;
NumSlotes = 128;


GivenBandwidthOld = [0.0170669, 0.0336985, 0.0113181, 0.0130905, 0.0276186, 0.0263187, 0.0276424, 0.0255429, 0.0149462, 0.0163689, 0.0269732, 0.0280644, 0.0179116, 0.0309942, 0.0339488, 0.0175504];
GivenLatency = [18.1138, 14.8302, 44.4994, 24.0171, 16.2208, 17.2092, 11.9796, 15.0093, 33.1235, 32.1121, 14.5603, 20.8844, 19.7295, 12.7309, 9.23682, 22.4769];
HighestPossibleCritFunctionValue = 1.1;
