NumDevices = 32;
NumSlotes = 256;


GivenBandwidthOld = [0.00588155, 0.008642, 0.0161821, 0.00516122, 0.0146881, 0.00824765, 0.0132543, 0.0100846, 0.0123587, 0.00758109, 0.0103309, 0.013601, 0.012803, 0.0118253, 0.0170611, 0.0156639, 0.00800509, 0.0115927, 0.00798276, 0.0111813, 0.00663, 0.0128889, 0.00642696, 0.0129283, 0.00665677, 0.0128001, 0.0133504, 0.0124531, 0.00686435, 0.0140511, 0.0145372, 0.00881147];
GivenLatency = [59.8004, 43.8684, 31.7638, 59.6926, 35.617, 42.2385, 25.6655, 58.2031, 42.663, 75.0962, 51.2635, 35.7534, 28.2636, 43.7496, 34.7453, 31.1432, 60.8454, 48.3675, 50.7125, 56.5796, 78.9119, 34.8299, 82.8476, 42.6388, 58.4943, 38.123, 23.1881, 39.8407, 60.0797, 35.9833, 23.1366, 37.2538];
HighestPossibleCritFunctionValue = 1.1;
