NumDevices = 128;
NumSlotes = 1024;


GivenBandwidthOld = [0.0060753, 0.00499428, 0.00637357, 0.00806609, 0.00424728, 0.00661598, 0.00725451, 0.00409273, 0.00395551, 0.00767741, 0.00676, 0.00783712, 0.00598286, 0.00638931, 0.00764092, 0.00849431, 0.00644979, 0.00410151, 0.00656693, 0.00796127, 0.00750875, 0.0070723, 0.0066389, 0.00743162, 0.00579753, 0.00656893, 0.00651506, 0.00617941, 0.00488001, 0.00588324, 0.0070894, 0.00404309, 0.00477591, 0.00624408, 0.00667775, 0.00536546, 0.00475251, 0.00791596, 0.00599735, 0.00492107, 0.00597546, 0.00707413, 0.00734108, 0.0039938, 0.00625005, 0.0070512, 0.00710222, 0.00445585, 0.00691063, 0.00446401, 0.0041493, 0.00482497, 0.00582823, 0.00752131, 0.00809849, 0.00381643, 0.00520255, 0.00674989, 0.00798338, 0.00425123, 0.00798304, 0.00849032, 0.00433257, 0.00496871, 0.00655696, 0.00533292, 0.0078895, 0.00626137, 0.00736006, 0.00797, 0.00426628, 0.00592578, 0.00706897, 0.00564416, 0.00388413, 0.00806922, 0.00686882, 0.00671909, 0.00531093, 0.00829273, 0.00840831, 0.00604179, 0.00688247, 0.00622475, 0.00688307, 0.00623832, 0.00487918, 0.00680188, 0.00667022, 0.00383529, 0.00728555, 0.00577518, 0.00593052, 0.00675107, 0.00777662, 0.00423665, 0.00784511, 0.00531321, 0.00665051, 0.00760409, 0.00450837, 0.00475079, 0.00406819, 0.00665639, 0.00637162, 0.00534869, 0.00802004, 0.00534905, 0.00394977, 0.00626961, 0.00587818, 0.00712857, 0.00730328, 0.00874568, 0.0061272, 0.00738706, 0.00684205, 0.0068066, 0.00602608, 0.00781506, 0.00523021, 0.00672032, 0.00597262, 0.00436881, 0.00401496, 0.00697657, 0.00771691, 0.00566625];
GivenLatency = [194.138, 225.166, 197.535, 143.812, 262.94, 147.882, 174.465, 264.55, 297.366, 149.496, 190.562, 130.015, 213.236, 192.899, 169.376, 145.661, 147.777, 265.455, 150.062, 161.385, 162.857, 140.678, 173.734, 154.721, 204.721, 162.621, 190.261, 207.608, 231.021, 197.287, 137.847, 237.023, 242.003, 196.544, 165.535, 216.169, 236.095, 120.903, 180.18, 229.278, 186.927, 143.075, 164.845, 277.005, 203.805, 144.578, 156.497, 232.977, 182.902, 287.252, 289.51, 204.862, 164.178, 148.491, 129.156, 259.764, 229.68, 180.661, 161.617, 235.709, 124.995, 122.63, 270.832, 209.015, 166.668, 196.27, 159.331, 160.988, 131.415, 122.176, 263.349, 186.74, 156.837, 174.889, 323.227, 152.838, 159.1, 144.2, 194.752, 131.987, 132.777, 159.004, 169.356, 186.81, 145.766, 186.598, 197.604, 189.582, 181.037, 269.212, 133.055, 165.308, 208.815, 177.941, 129.485, 288.737, 132.377, 187.649, 187.126, 134.733, 281.162, 222.6, 261.819, 175.116, 188.655, 193.74, 130.029, 184.924, 307.183, 189.149, 178.039, 180.972, 163.834, 115.918, 178.879, 145.683, 173.034, 159.498, 165.547, 149.318, 234.017, 173.06, 209.475, 294.765, 292.361, 170.188, 141.264, 194.847];
HighestPossibleCritFunctionValue = 1.1;
