NumDevices = 128;
NumSlotes = 1024;


GivenBandwidthOld = [0.00547986, 0.00752978, 0.00554972, 0.00663274, 0.00391619, 0.00690034, 0.00655294, 0.00783843, 0.00797762, 0.00729684, 0.0055021, 0.00630606, 0.00852778, 0.00386121, 0.00793367, 0.00862967, 0.00636993, 0.00690548, 0.00786735, 0.0040387, 0.00594832, 0.00595403, 0.00688649, 0.00382075, 0.00784006, 0.00540387, 0.00542934, 0.00845688, 0.00730937, 0.00606853, 0.00629623, 0.00826405, 0.00641158, 0.00693676, 0.00860844, 0.00453758, 0.00560799, 0.00604932, 0.00838384, 0.00463265, 0.00839626, 0.00847266, 0.00746574, 0.00423091, 0.00638351, 0.0051091, 0.00615536, 0.00570486, 0.00408999, 0.00789267, 0.00452921, 0.00485372, 0.00391392, 0.00379418, 0.00629705, 0.00708295, 0.00571104, 0.00792008, 0.00526662, 0.00865717, 0.00855891, 0.0070225, 0.00463144, 0.00810699, 0.00662223, 0.00733835, 0.00816266, 0.00727806, 0.00484048, 0.00651617, 0.00484123, 0.00410509, 0.00666191, 0.00415597, 0.00686536, 0.00857653, 0.00819055, 0.00601782, 0.00405925, 0.00626902, 0.00594969, 0.00394822, 0.00516957, 0.00748157, 0.00527366, 0.00685808, 0.00627714, 0.0074211, 0.00400212, 0.00608074, 0.00641222, 0.0077078, 0.00748937, 0.00636225, 0.00785205, 0.00695981, 0.00596402, 0.00478571, 0.00596285, 0.00515119, 0.00856378, 0.00396505, 0.00816557, 0.00616669, 0.00602248, 0.00728009, 0.00398106, 0.0072325, 0.00415798, 0.00564307, 0.00554331, 0.00386653, 0.00724244, 0.00618769, 0.00393691, 0.00510314, 0.00599678, 0.00533808, 0.00453077, 0.00613736, 0.00818704, 0.00714995, 0.00667435, 0.00827088, 0.00619965, 0.00497172, 0.0071942, 0.00534523];
GivenLatency = [220.591, 165.761, 229.71, 163.94, 273.096, 173.065, 192.469, 123.435, 124.317, 131.928, 229.602, 176.543, 127.943, 290.506, 120.912, 148.629, 166.706, 163.162, 156.141, 282.902, 189.086, 195.288, 183.318, 307.875, 130.258, 239.896, 218.549, 132.035, 149.189, 178.023, 192.8, 148.878, 181.675, 179.945, 124.56, 244.317, 208.999, 172.798, 120.169, 269.469, 114.185, 117.943, 147.193, 286.2, 155.108, 193.885, 164.786, 202.558, 233.984, 149.585, 239.677, 229.141, 321.677, 265.566, 170.628, 171.427, 206.703, 146.282, 200.692, 133.358, 115.749, 177.595, 208.003, 151.393, 174.682, 168.022, 132.52, 156.594, 262.22, 161.947, 222.255, 248.38, 158.805, 303.264, 178.436, 123.42, 128.282, 205.123, 245.853, 184.839, 162.963, 306.143, 191.85, 167.783, 199.327, 183.455, 162.753, 160.156, 320.424, 187.379, 158.452, 133.914, 154.417, 165.039, 142.118, 163.332, 193.78, 222.229, 191.711, 210.533, 112.435, 293.639, 132.247, 193.029, 211.755, 147.974, 260.075, 179.368, 258.528, 203.942, 201.429, 276.728, 166.955, 172.583, 261.969, 228.559, 167.855, 187.607, 268.087, 171.892, 132.205, 135.9, 182.659, 129.265, 182.564, 251.27, 143.131, 182.904];
HighestPossibleCritFunctionValue = 1.1;
