NumDevices = 128;
NumSlotes = 1024;


GivenBandwidthOld = [0.00560552, 0.00441695, 0.00811981, 0.00712123, 0.0040195, 0.00815324, 0.00407407, 0.00539496, 0.00552213, 0.00787825, 0.00729541, 0.00640365, 0.00869877, 0.00773402, 0.00818725, 0.0056861, 0.00873548, 0.00464558, 0.0057955, 0.00752876, 0.00842856, 0.00627895, 0.00782322, 0.00740549, 0.0066252, 0.00724844, 0.00699907, 0.0058706, 0.00470228, 0.00375958, 0.00479551, 0.00562027, 0.00736838, 0.00781638, 0.00736057, 0.00652003, 0.00469601, 0.00829409, 0.00628534, 0.00520418, 0.00413162, 0.00766587, 0.00781173, 0.0042671, 0.00458549, 0.00588981, 0.00761523, 0.00659863, 0.0057032, 0.00618988, 0.00580478, 0.00845019, 0.00487817, 0.00498078, 0.00447523, 0.00765038, 0.00743676, 0.00714332, 0.00523573, 0.00446311, 0.00402363, 0.00766103, 0.00642426, 0.00505059, 0.00783327, 0.00625017, 0.0041898, 0.00546052, 0.00738816, 0.00535243, 0.00577547, 0.00584176, 0.00500158, 0.00400644, 0.00866068, 0.00760577, 0.00767661, 0.0083233, 0.00718555, 0.00498545, 0.00791032, 0.00620937, 0.00841527, 0.00790044, 0.00521235, 0.00653257, 0.00546287, 0.00696701, 0.00707391, 0.00378442, 0.00730366, 0.0051894, 0.005792, 0.00869501, 0.00454842, 0.00772002, 0.00778775, 0.00629415, 0.00831188, 0.00522662, 0.0063481, 0.00505178, 0.00769366, 0.00482981, 0.00714553, 0.00750154, 0.005849, 0.00665763, 0.00736969, 0.00491891, 0.00454344, 0.0040665, 0.00812007, 0.00657694, 0.00611304, 0.00437528, 0.00776718, 0.00543856, 0.00836609, 0.00631916, 0.00855601, 0.00843342, 0.00805829, 0.00813678, 0.0073162, 0.00587695, 0.00632944, 0.00642365];
GivenLatency = [216.569, 248.088, 136.09, 143.478, 254.652, 141.116, 290.932, 179.59, 178.618, 145.253, 154.979, 172.016, 147.271, 132.894, 153.624, 188.374, 120.613, 236.426, 179.213, 164.34, 127.668, 203.233, 121.741, 160.007, 154.693, 133.561, 168.803, 191.197, 209.125, 335.587, 216.118, 172.046, 140.352, 129.156, 137.69, 173.477, 227.38, 123.8, 163.289, 247.189, 268.2, 125.646, 129.144, 232.266, 230.332, 176.794, 131.68, 163.113, 195.401, 185.551, 169.078, 126.213, 217.542, 211.087, 237.159, 140.869, 130.017, 158.055, 198.031, 283.572, 286.649, 124.696, 166.208, 214.164, 140.133, 180.304, 233.819, 213.291, 143.57, 191.475, 165.054, 189.571, 257.549, 269.327, 116.327, 144.9, 158.315, 121.068, 168.235, 254.412, 128.749, 179.17, 139.739, 127.259, 226.041, 154.184, 193.86, 140.452, 154.137, 269.403, 144.787, 221.328, 174.117, 120.453, 220.297, 131.689, 162.795, 188.49, 123.258, 233.419, 153.227, 233.09, 134.564, 216.06, 139.558, 151.09, 192.735, 144.129, 144.486, 205.875, 276.779, 293.014, 128.011, 179.381, 207.84, 239.458, 152.085, 191.043, 124.599, 160.271, 133.935, 153.706, 127.147, 151.747, 140.824, 175.581, 184.378, 169.734];
HighestPossibleCritFunctionValue = 1.1;
