NumDevices = 128;
NumSlotes = 1024;


GivenBandwidthOld = [0.00782823, 0.00660709, 0.00788419, 0.00700636, 0.00846665, 0.00641158, 0.00699503, 0.00790727, 0.0050192, 0.00525823, 0.0075014, 0.00853498, 0.00487981, 0.00754408, 0.0058344, 0.00625435, 0.00440388, 0.0084384, 0.0066461, 0.00854473, 0.00872673, 0.00770793, 0.00459983, 0.0068422, 0.00438324, 0.00655438, 0.00697726, 0.0043199, 0.00701406, 0.00781074, 0.00763258, 0.00825137, 0.00833578, 0.00698558, 0.00413771, 0.00499542, 0.00544557, 0.00618664, 0.00630089, 0.00653596, 0.00740769, 0.0085443, 0.00651031, 0.0063173, 0.00737842, 0.00660831, 0.00836047, 0.00695224, 0.00378321, 0.00692474, 0.00657361, 0.00520565, 0.0037895, 0.00759426, 0.00427392, 0.00425249, 0.00403519, 0.00698665, 0.00708874, 0.00795857, 0.00714888, 0.00864822, 0.00820265, 0.00446327, 0.00676212, 0.00839079, 0.00650452, 0.004025, 0.00575348, 0.00616427, 0.00533624, 0.00861927, 0.00659705, 0.00407018, 0.0050699, 0.00722743, 0.00393101, 0.00596077, 0.00515409, 0.00735192, 0.00620185, 0.00695714, 0.00623882, 0.00841857, 0.00834021, 0.00641529, 0.00428749, 0.00728213, 0.00823818, 0.00654649, 0.00443797, 0.00648152, 0.00732887, 0.00387937, 0.00811386, 0.00709448, 0.00440675, 0.00676568, 0.00828024, 0.00851691, 0.00618585, 0.00810524, 0.00724826, 0.0040542, 0.00648937, 0.00430967, 0.00518119, 0.00780325, 0.00675243, 0.00565541, 0.00799504, 0.00510546, 0.00495061, 0.0074518, 0.00489869, 0.00479973, 0.00658329, 0.00785489, 0.00472562, 0.00607724, 0.00763208, 0.00486151, 0.00482689, 0.00808019, 0.00619629, 0.00851691, 0.00619783, 0.00435805];
GivenLatency = [124.485, 171.179, 136.251, 178.017, 122.913, 169.142, 158.799, 143.517, 241.152, 229.268, 145.797, 136.327, 219.191, 155.307, 165.963, 195.116, 247.98, 115.349, 163.977, 133.761, 128.202, 139.159, 245.214, 177.325, 241.004, 183.415, 172.888, 222.116, 176.626, 147.687, 125.028, 153.627, 123.963, 142.539, 243.96, 208.796, 186.162, 201.631, 193.261, 147.341, 170.818, 121.033, 150.916, 194.205, 136.067, 189.954, 117.309, 178.9, 254.198, 164.802, 173.036, 221.863, 325.459, 128.026, 303.08, 302.225, 298.991, 152.587, 153.599, 151.055, 141.789, 135.479, 126.737, 264.967, 156.577, 122.561, 193.449, 293.741, 217.7, 167.52, 200.12, 119.298, 144.589, 293.277, 192.807, 143.016, 287.221, 215.92, 216.01, 160.054, 159.402, 148.961, 157.103, 141.866, 120.124, 188.915, 248.098, 166.177, 155.213, 198.064, 289.083, 155.892, 131.03, 318.434, 149.305, 170.025, 294.123, 147.285, 136.528, 132.089, 163.068, 145.737, 153.907, 238.005, 146.995, 263.116, 218.528, 153.528, 177.237, 212.778, 136.714, 199.153, 202.565, 132.563, 198.009, 260.502, 155.665, 131.968, 212.166, 201.599, 163.278, 196.713, 248.322, 158.49, 182.644, 116.893, 199.065, 256.85];
HighestPossibleCritFunctionValue = 1.1;
