NumDevices = 64;
NumSlotes = 512;


GivenBandwidthOld = [0.0112513, 0.0162375, 0.00926994, 0.0148558, 0.016144, 0.0171011, 0.0137512, 0.0109722, 0.0145367, 0.0136603, 0.012853, 0.0154574, 0.0172597, 0.0083451, 0.0111748, 0.0102665, 0.0133019, 0.00979208, 0.0104773, 0.0171271, 0.0105517, 0.00776598, 0.00785982, 0.0150466, 0.0129194, 0.0119996, 0.0126826, 0.0118155, 0.00780657, 0.010012, 0.0173145, 0.00950595, 0.0114857, 0.0146709, 0.00871523, 0.0118393, 0.00788282, 0.0115195, 0.0133358, 0.0101862, 0.0152226, 0.0115064, 0.0129219, 0.0140895, 0.00764574, 0.017014, 0.00987005, 0.0109042, 0.0110602, 0.0135702, 0.0087784, 0.0135696, 0.00972188, 0.0106719, 0.00835514, 0.00991228, 0.0107634, 0.014721, 0.0116744, 0.016048, 0.0134595, 0.00812266, 0.0125254, 0.00988523];
GivenLatency = [84.1343, 62.4025, 117.982, 65.1749, 69.2085, 53.7853, 83.8447, 109.517, 70.5745, 86.862, 85.0317, 60.5927, 58.3519, 116.976, 89.9414, 100.827, 92.7115, 119.569, 99.513, 69.1569, 86.2766, 129.454, 154.893, 81.824, 84.0911, 81.7299, 82.0301, 89.8877, 127.146, 98.3694, 54.3525, 98.6656, 93.1502, 65.121, 105.97, 95.4565, 133.93, 87.8337, 85.7583, 104.547, 69.8987, 83.7187, 95.264, 66.0825, 150.892, 54.5738, 107.343, 95.3183, 86.1172, 86.8972, 117.698, 82.6295, 115.277, 104.855, 122.221, 94.7355, 107.505, 65.5526, 93.3965, 63.0738, 91.5428, 129.604, 78.3536, 98.4705];
HighestPossibleCritFunctionValue = 1.1;
