NumDevices = 8;
NumSlotes = 64;


GivenBandwidthOld = [0.121347, 0.12203, 0.0929763, 0.0930718, 0.0972223, 0.15566, 0.113976, 0.139026];
GivenLatency = [9.32798, 9.43186, 17.7236, 15.0324, 13.3728, 9.34864, 11.5697, 8.68453];
HighestPossibleCritFunctionValue = 1.1;
