NumDevices = 128;
NumSlotes = 1024;


GivenBandwidthOld = [0.00649295, 0.00451128, 0.00857826, 0.00728237, 0.00736471, 0.00616067, 0.00490015, 0.00435007, 0.00418247, 0.00729996, 0.0078582, 0.00530509, 0.00522969, 0.00794199, 0.00858562, 0.00599325, 0.00597424, 0.00659624, 0.00542996, 0.00377814, 0.00671362, 0.00825533, 0.00491721, 0.00604141, 0.00540733, 0.00843573, 0.00681975, 0.00705167, 0.0049053, 0.00591907, 0.00430699, 0.00511179, 0.00640418, 0.00760772, 0.00548671, 0.00761564, 0.00859752, 0.006001, 0.00636136, 0.00785826, 0.00620759, 0.00850973, 0.00556972, 0.00782558, 0.00704723, 0.00525281, 0.00654615, 0.00871478, 0.00684318, 0.00582491, 0.0067974, 0.00641615, 0.00381029, 0.00709025, 0.00836418, 0.00419755, 0.00564289, 0.00762165, 0.00449484, 0.00721961, 0.00750694, 0.00659951, 0.00544929, 0.0037711, 0.00835062, 0.00638951, 0.00593238, 0.0080265, 0.00382409, 0.00400099, 0.0071563, 0.00843667, 0.00759255, 0.00541763, 0.00653533, 0.00687594, 0.00643124, 0.00731837, 0.00730102, 0.00582622, 0.00870525, 0.00659655, 0.00567437, 0.00659229, 0.00406199, 0.00741549, 0.00457916, 0.00449737, 0.00476943, 0.00728818, 0.00494482, 0.00508777, 0.00772992, 0.00423291, 0.0050306, 0.0067102, 0.00577852, 0.00705878, 0.00433323, 0.00613173, 0.00850801, 0.00665015, 0.00662541, 0.00581895, 0.00651109, 0.00435267, 0.00777222, 0.0051648, 0.0072607, 0.00807986, 0.00563518, 0.00802617, 0.00828009, 0.00592032, 0.00523619, 0.00714947, 0.00860074, 0.00520401, 0.00630532, 0.00608213, 0.00483975, 0.00423821, 0.00401688, 0.00425365, 0.0086282, 0.00657775, 0.00478864, 0.00521783];
GivenLatency = [147.727, 278.504, 118.834, 162.097, 133.649, 197.611, 195.762, 239.558, 299.429, 152.315, 157.795, 199.584, 198.129, 139.038, 131.514, 211.385, 162.724, 193.712, 224.934, 264.061, 164.537, 126.685, 217.925, 160.781, 205.244, 150.978, 162.902, 173.607, 263.61, 176.861, 259.248, 196.948, 157.73, 135.879, 209.071, 131.412, 126.838, 173.964, 191.128, 154.422, 170.449, 146.685, 221.117, 127.038, 169.123, 190.907, 192.134, 135.094, 167.962, 220.015, 142.002, 195.702, 279.656, 179.142, 133.328, 280.413, 219.549, 148.844, 248.224, 143.104, 142.493, 171.981, 193.275, 332.225, 132.941, 170.654, 183.753, 160.518, 282.527, 275.467, 138.371, 133.438, 131.874, 223.98, 164.893, 152.676, 160.948, 143.4, 157.969, 195.776, 109.934, 159.182, 184.418, 186.111, 310.171, 131.304, 252.634, 263.388, 201.36, 145.577, 240.097, 223.35, 157.904, 233.338, 239.492, 152.812, 167.723, 141.363, 224.014, 189.592, 148.908, 150.124, 147.028, 193.34, 167.086, 285.812, 134.261, 242.412, 139.796, 123.312, 172.391, 130.54, 149.884, 213.419, 212.838, 181.117, 145.835, 213.238, 187.803, 171.953, 202.754, 229.931, 259.081, 262.418, 133.759, 190.13, 218.797, 193.44];
HighestPossibleCritFunctionValue = 1.1;
