NumDevices = 32;
NumSlotes = 256;


GivenBandwidthOld = [0.00876491, 0.00676268, 0.00533869, 0.00994257, 0.0122694, 0.00678292, 0.00802964, 0.0116527, 0.0166007, 0.015696, 0.0105492, 0.00831858, 0.00537098, 0.0150319, 0.0117282, 0.011467, 0.0081363, 0.0168161, 0.0109432, 0.0169026, 0.0147287, 0.0157874, 0.00828694, 0.0110797, 0.0107594, 0.0157072, 0.0109473, 0.0119303, 0.00796303, 0.0171936, 0.017373, 0.00751108];
GivenLatency = [55.2873, 94.3267, 69.2612, 35.2356, 32.2365, 51.7895, 38.3435, 26.1887, 25.64, 25.6377, 29.681, 62.7604, 116.182, 24.7571, 34.6437, 28.2777, 59.4742, 21.8484, 38.0732, 25.0338, 28.1797, 30.0229, 62.3584, 34.0604, 34.987, 34.6879, 31.9773, 29.7373, 65.3801, 27.9768, 23.0608, 53.3161];
HighestPossibleCritFunctionValue = 1.1;
