NumDevices = 128;
NumSlotes = 1024;


GivenBandwidthOld = [0.00786285, 0.00847612, 0.00570371, 0.00479693, 0.00448729, 0.00540328, 0.00536076, 0.00575012, 0.00484039, 0.00496706, 0.00390914, 0.00836564, 0.00874804, 0.00587283, 0.00717881, 0.00680042, 0.00710281, 0.00448373, 0.00562089, 0.00778531, 0.00527009, 0.00682243, 0.00713887, 0.00555284, 0.00406589, 0.00790474, 0.00753665, 0.00604427, 0.00858383, 0.00599438, 0.0050554, 0.008616, 0.00654179, 0.00531878, 0.00520446, 0.00388915, 0.00751422, 0.00395301, 0.00580254, 0.00579761, 0.0078948, 0.00533175, 0.00827704, 0.00479886, 0.00698093, 0.00596516, 0.00387153, 0.0062476, 0.00584819, 0.00800125, 0.00445241, 0.0040801, 0.00675524, 0.00785859, 0.00685667, 0.00748521, 0.00649128, 0.0064908, 0.00843919, 0.00499351, 0.00835014, 0.00826742, 0.00798891, 0.0071572, 0.00859693, 0.00615351, 0.00459712, 0.00623963, 0.00697235, 0.00679709, 0.00626832, 0.00417245, 0.00391155, 0.00394665, 0.0038833, 0.00414329, 0.00379011, 0.00783299, 0.00661219, 0.00858117, 0.00619053, 0.00673348, 0.00715987, 0.00837206, 0.00673175, 0.00798171, 0.00616337, 0.00530362, 0.00543963, 0.00634036, 0.00494954, 0.00440713, 0.0080859, 0.00727875, 0.00637287, 0.00639314, 0.00695165, 0.00383398, 0.00516925, 0.0070858, 0.00851869, 0.00610277, 0.00682344, 0.00404078, 0.00587549, 0.00687576, 0.00831615, 0.00699024, 0.00749266, 0.00660746, 0.00402558, 0.00536641, 0.005741, 0.00646335, 0.00711006, 0.00627558, 0.00616477, 0.00379588, 0.00478754, 0.00672389, 0.00587753, 0.00616832, 0.00849632, 0.00516234, 0.0060162, 0.00682861, 0.00592353, 0.00434994];
GivenLatency = [134.344, 148.93, 174.598, 235.26, 230.032, 224.455, 181.362, 172.853, 212.957, 220.694, 317.052, 133.272, 122.65, 172.78, 143.668, 167.932, 143.002, 218.526, 199.201, 146.784, 235.317, 157.43, 176.664, 174.399, 249.426, 120.812, 129.874, 212.119, 132.465, 185.814, 191.472, 143.751, 169.819, 208.547, 201.11, 305.6, 147.966, 281.993, 209.184, 167.99, 130.803, 243.068, 154.02, 231.105, 137.176, 197.793, 318.032, 190.555, 194.747, 151.611, 255.75, 293.984, 189.388, 131.086, 148.447, 166.326, 191.575, 197.614, 125.736, 193.256, 140.224, 141.025, 120.088, 136.67, 140.303, 184.456, 226.457, 157.681, 148.08, 164.52, 203.008, 230.835, 276.413, 280.131, 278.119, 277.431, 332.018, 128.611, 178.598, 129.066, 182.616, 172.914, 143.631, 132.048, 143.595, 160.37, 192.95, 185.084, 177.08, 155.589, 195.466, 271.078, 135.356, 149.262, 191.694, 175.065, 184.188, 299.543, 228.783, 138.054, 148.487, 174.316, 169.948, 320.869, 202.642, 157.286, 132.896, 139.277, 148.726, 180.208, 268.074, 234.679, 171.215, 182.035, 170.287, 172.285, 187.118, 317.365, 238.875, 174.349, 202.897, 163.661, 143.771, 184.819, 174.524, 140.462, 190.655, 243.022];
HighestPossibleCritFunctionValue = 1.1;
