NumDevices = 16;
NumSlotes = 128;


GivenBandwidthOld = [0.0548862, 0.0520086, 0.0482704, 0.0605913, 0.0583703, 0.0502458, 0.060519, 0.0426794, 0.0530922, 0.0608002, 0.0485054, 0.0502888, 0.0635772, 0.0421892, 0.0544602, 0.0523442];
GivenLatency = [19.2978, 20.5044, 20.1984, 13.8184, 14.3307, 15.5115, 17.3496, 20.7962, 19.183, 13.3276, 22.7415, 21.1622, 16.4796, 20.1589, 18.5225, 15.4967];
HighestPossibleCritFunctionValue = 1.1;
