NumDevices = 64;
NumSlotes = 512;


GivenBandwidthOld = [0.00767659, 0.0153712, 0.00906964, 0.00838852, 0.0108088, 0.00782586, 0.0142616, 0.00917699, 0.0126906, 0.0153248, 0.0090961, 0.0131989, 0.00863645, 0.00785991, 0.0165389, 0.0145449, 0.0108225, 0.00808978, 0.00987231, 0.00894422, 0.0104795, 0.0132387, 0.00774461, 0.00872707, 0.010847, 0.0110291, 0.0103115, 0.0100929, 0.0155841, 0.0165687, 0.0149508, 0.0131128, 0.0112027, 0.00839979, 0.0103151, 0.0114665, 0.0130803, 0.0155009, 0.00800683, 0.0158395, 0.00943554, 0.00804613, 0.016327, 0.0127444, 0.0106479, 0.0142774, 0.0144491, 0.0112968, 0.0108148, 0.0093766, 0.00757011, 0.0158109, 0.00913133, 0.0153032, 0.0152599, 0.00873479, 0.0106156, 0.011202, 0.0168225, 0.0104113, 0.0171816, 0.0156996, 0.00890958, 0.00825127];
GivenLatency = [161.048, 63.9472, 111.662, 138.995, 98.385, 130.853, 75.4214, 108.999, 79.9498, 79.1535, 112.002, 94.1838, 143.357, 117.655, 56.6827, 74.2208, 105.902, 134.756, 92.9101, 111.449, 105.726, 90.0793, 125.066, 114.322, 112.502, 94.9824, 91.862, 104.945, 60.0362, 65.8483, 63.8856, 72.9135, 103.751, 141.571, 94.684, 94.057, 79.402, 68.2763, 136.814, 72.8913, 102.797, 128.602, 65.1694, 74.5015, 95.9441, 64.5873, 80.5255, 107.371, 89.6081, 117.792, 135.3, 59.926, 106.579, 64.0047, 65.6721, 126.91, 99.6018, 83.0661, 58.0401, 116.768, 60.1941, 67.9594, 105.829, 114.069];
HighestPossibleCritFunctionValue = 1.1;
