NumDevices = 64;
NumSlotes = 512;


GivenBandwidthOld = [0.00683257, 0.00757967, 0.00768395, 0.00417738, 0.00665174, 0.00581888, 0.00790392, 0.00744504, 0.00762081, 0.00540057, 0.0086775, 0.00274486, 0.00540975, 0.00658041, 0.00701491, 0.00342142, 0.00763542, 0.00726312, 0.00629935, 0.00816718, 0.0070383, 0.00263215, 0.0048532, 0.00270467, 0.00489258, 0.00833297, 0.00595296, 0.00516753, 0.00447164, 0.00860606, 0.00831017, 0.00407465, 0.00508933, 0.00266397, 0.00827326, 0.00861413, 0.00644125, 0.00558739, 0.00476804, 0.00268333, 0.0086572, 0.00530019, 0.0027283, 0.00836653, 0.00747239, 0.00475364, 0.00445387, 0.00377083, 0.0050635, 0.00597412, 0.00452599, 0.00322539, 0.0066693, 0.0071841, 0.00308378, 0.00778584, 0.00418191, 0.00791526, 0.00425222, 0.00826818, 0.00462338, 0.00258802, 0.0068883, 0.00670588];
GivenLatency = [83.1885, 51.3461, 45.977, 120.478, 49.3008, 79.1403, 54.8579, 76.6993, 67.0407, 64.9472, 54.7374, 199.496, 85.4358, 62.5623, 61.8421, 138.314, 61.8526, 49.5093, 72.8199, 64.0572, 76.1713, 134.511, 80.8776, 176.92, 70.4088, 51.868, 56.4532, 98.1519, 70.2983, 49.6748, 40.4427, 115.535, 69.8759, 176.458, 56.4, 43.9628, 93.9789, 58.828, 73.6092, 136.692, 36.3653, 97.6505, 134.284, 77.6092, 47.8251, 86.2625, 87.978, 107.668, 68.1949, 52.4824, 142.005, 159.677, 91.2121, 45.1616, 112.382, 67.9308, 108.313, 53.4508, 78.0366, 43.0353, 84.6436, 246.159, 56.0352, 74.5732];
HighestPossibleCritFunctionValue = 1.1;
