NumDevices = 128;
NumSlotes = 1024;


GivenBandwidthOld = [0.00398679, 0.00851013, 0.00723753, 0.0062461, 0.00572456, 0.00900908, 0.00566749, 0.00607536, 0.00482724, 0.00900058, 0.00650804, 0.00813598, 0.0063665, 0.00420822, 0.00508269, 0.00851212, 0.00946845, 0.00747111, 0.00695772, 0.00957407, 0.00768037, 0.0052635, 0.00993124, 0.00430192, 0.00480859, 0.00804383, 0.00762267, 0.00421981, 0.00617216, 0.0067045, 0.00383836, 0.00753444, 0.0088547, 0.004626, 0.00795621, 0.00384902, 0.00552424, 0.00471142, 0.00605011, 0.00547691, 0.00909901, 0.0045205, 0.00977613, 0.00375326, 0.00848699, 0.00585283, 0.0084805, 0.00925735, 0.00952112, 0.00525874, 0.00497343, 0.00967202, 0.00386959, 0.00742041, 0.00487042, 0.00965366, 0.00786478, 0.00453205, 0.00383174, 0.00886405, 0.00551135, 0.00673888, 0.00665886, 0.00542827, 0.00423462, 0.00504997, 0.00853579, 0.00724616, 0.00748116, 0.00705747, 0.00497381, 0.0098414, 0.00695187, 0.00504581, 0.00742488, 0.00491097, 0.00991338, 0.00420238, 0.00689414, 0.00975852, 0.00774192, 0.00848039, 0.00745264, 0.00897929, 0.00489398, 0.00561957, 0.00687687, 0.00699972, 0.00922594, 0.00665961, 0.00564808, 0.0047748, 0.00884986, 0.0046627, 0.00594877, 0.00839874, 0.00381998, 0.0048549, 0.00507499, 0.004081, 0.00429725, 0.00763358, 0.00633974, 0.00448602, 0.00522474, 0.00838336, 0.00779499, 0.00671906, 0.00476678, 0.00529916, 0.00930928, 0.00724474, 0.00865837, 0.00503992, 0.00848851, 0.00647171, 0.00384832, 0.00619156, 0.00772952, 0.00636349, 0.00984245, 0.00581276, 0.00387669, 0.00802088, 0.00943782, 0.00525101, 0.00616346, 0.00418954];
GivenLatency = [840.829, 564.315, 654.96, 612.849, 742.726, 482.914, 745.995, 685.92, 815.593, 521.321, 746.296, 556.847, 626.178, 1117.56, 855.713, 421.001, 397.663, 617.065, 599.246, 415.213, 464.212, 876.324, 376.635, 1137.48, 742.085, 458.374, 527.889, 884.154, 704.44, 650.882, 1169.37, 643.83, 520.086, 803.783, 456.875, 988.768, 684.786, 831.951, 627.401, 777.767, 478.861, 966.194, 425.988, 998.581, 489.691, 738.059, 471.729, 474.785, 351.187, 676.833, 971.133, 487.504, 954.177, 558.236, 764.592, 346.044, 515.283, 970.818, 1025.43, 434.216, 614.465, 500.166, 697.396, 640.554, 1046.61, 666.606, 435.453, 572.137, 464.969, 524.883, 1002.84, 466.897, 618.168, 786.248, 596.182, 860.866, 385.122, 1160.05, 701.613, 392.28, 497.926, 394.306, 632.741, 470.003, 892.646, 752.354, 579.619, 585.551, 389.808, 586.774, 864.471, 936.053, 558.73, 1055.93, 661.566, 555.285, 885.869, 980.147, 695.19, 872.283, 919.746, 475.747, 714.279, 1046.3, 834.638, 497.097, 565.211, 651.305, 748.187, 795.048, 462.964, 528.354, 403.278, 737.823, 473.002, 584.695, 1157.86, 734.295, 524.378, 768.322, 370.376, 650.953, 884.897, 546.542, 449.314, 928.324, 651.246, 881.815];
HighestPossibleCritFunctionValue = 1.1;
