NumDevices = 128;
NumSlotes = 1024;


GivenBandwidthOld = [0.00530742, 0.00435978, 0.00728671, 0.0051854, 0.00845658, 0.00728867, 0.00826206, 0.00792599, 0.00461792, 0.00590111, 0.00742914, 0.00401669, 0.00603306, 0.00517069, 0.00620964, 0.00796611, 0.0038358, 0.00581708, 0.00511803, 0.00629224, 0.00625988, 0.00734213, 0.00664566, 0.00618125, 0.00574107, 0.00766251, 0.00632996, 0.00512305, 0.00553798, 0.00439199, 0.00871407, 0.00489998, 0.00652945, 0.00796362, 0.00714184, 0.00535066, 0.00599273, 0.00733894, 0.00806231, 0.00574166, 0.00756858, 0.00765455, 0.00744751, 0.00776946, 0.0038674, 0.00692498, 0.00568207, 0.00596753, 0.00380338, 0.00598102, 0.0054352, 0.00687735, 0.00510647, 0.00701977, 0.00873698, 0.00499429, 0.00656445, 0.00627274, 0.00846109, 0.0080927, 0.00644743, 0.00450728, 0.00637369, 0.00518786, 0.00479934, 0.00499685, 0.00459853, 0.00495463, 0.00488571, 0.00670809, 0.00537907, 0.00848922, 0.00590041, 0.00572003, 0.00401647, 0.00735447, 0.00412181, 0.00781808, 0.00593785, 0.00491504, 0.00452552, 0.0079723, 0.0079037, 0.00496673, 0.00831371, 0.00608169, 0.00750097, 0.00625426, 0.00790626, 0.00802495, 0.00778967, 0.00854873, 0.00605202, 0.00377283, 0.00737729, 0.00768431, 0.0076195, 0.00839528, 0.00693722, 0.00640002, 0.00764025, 0.00726453, 0.0074814, 0.00747088, 0.00554539, 0.00389916, 0.00563586, 0.00439905, 0.00741693, 0.00379426, 0.00767539, 0.00786051, 0.00414236, 0.00808806, 0.00856864, 0.00565427, 0.00382149, 0.00528211, 0.00391795, 0.00654636, 0.00709061, 0.00435272, 0.00862459, 0.0059453, 0.00523634, 0.00466572, 0.00431501, 0.00487115];
GivenLatency = [198.978, 254.773, 140.779, 236.638, 133.546, 165.081, 129.103, 137.96, 222.923, 217.918, 172.971, 251.696, 180.187, 211.021, 158.127, 134.763, 331.033, 170.057, 188.053, 158.187, 203.2, 135.253, 177.886, 209.29, 179.788, 136.695, 155.373, 214.826, 231.775, 287.115, 124.336, 246.882, 158.54, 124.506, 170.959, 191.246, 184.968, 161.582, 119.387, 212.971, 135.384, 133.504, 141.741, 162.398, 260.045, 153.268, 184.797, 167.723, 308.34, 180.143, 191.291, 156.518, 191.828, 140.032, 132.242, 206.629, 167.559, 187.493, 143.649, 130.081, 175.505, 272.726, 184.294, 200.362, 212.059, 225.395, 250.871, 199.355, 220.885, 157.949, 183.011, 141.958, 189.957, 166.783, 239.197, 153.411, 291.836, 148.316, 169.427, 203.803, 215.653, 140.016, 130.304, 196.901, 155.845, 165.768, 139.185, 173.031, 141.031, 142.936, 140.747, 131.096, 158.67, 268.266, 132.568, 140.532, 167.894, 113.891, 137.6, 150.982, 164.815, 134.882, 137.428, 164.336, 190.156, 249.126, 214.553, 254.766, 141.906, 322.051, 154.048, 124.943, 246.513, 124.535, 114.799, 200.444, 296.093, 182.091, 295.415, 157.455, 141.413, 227.415, 112.003, 171.694, 231.265, 205.392, 252.753, 209.963];
HighestPossibleCritFunctionValue = 1.1;
