NumDevices = 32;
NumSlotes = 256;


GivenBandwidthOld = [0.0153349, 0.018652, 0.0189311, 0.0355932, 0.0244331, 0.0324115, 0.0254867, 0.0154665, 0.0309298, 0.0226211, 0.0281167, 0.0175614, 0.039219, 0.0389463, 0.0303707, 0.0257308, 0.0178349, 0.0353391, 0.0289299, 0.0352574, 0.0305905, 0.0202105, 0.0377434, 0.0390599, 0.0389488, 0.0233017, 0.0164023, 0.0341594, 0.026239, 0.0336532, 0.019452, 0.0153044];
GivenLatency = [122.209, 128.31, 106.776, 49.5806, 96.7943, 51.7769, 79.2601, 113.785, 54.3666, 80.0121, 83.6808, 110.362, 52.8464, 42.8855, 67.4303, 74.6744, 109.349, 49.1996, 58.139, 53.8423, 60.5494, 100.732, 48.7661, 56.1907, 58.3284, 102.667, 143.558, 59.9231, 93.1833, 56.5055, 87.0304, 151.993];
HighestPossibleCritFunctionValue = 1.1;
