NumDevices = 32;
NumSlotes = 256;


GivenBandwidthOld = [0.034951, 0.0316604, 0.0256378, 0.0298473, 0.0281868, 0.0206957, 0.0170425, 0.0177373, 0.0213972, 0.0324091, 0.0340416, 0.0222441, 0.0162757, 0.0314488, 0.0192535, 0.0277682, 0.0359255, 0.0349233, 0.0153064, 0.0393984, 0.0288208, 0.0269846, 0.0396172, 0.0310532, 0.0204925, 0.0281092, 0.0158439, 0.0227374, 0.0326141, 0.0302197, 0.0381132, 0.0277531];
GivenLatency = [53.9811, 54.523, 75.9194, 70.4537, 74.2536, 120.026, 130.872, 111.068, 105.027, 53.1245, 50.7412, 81.2812, 105.918, 72.1363, 95.2747, 73.7512, 47.9866, 50.0537, 111.73, 44.4834, 70.2447, 66.5861, 53.6218, 76.9629, 83.0313, 83.2026, 127.599, 95.405, 51.4881, 65.8037, 64.6387, 63.191];
HighestPossibleCritFunctionValue = 1.1;
