NumDevices = 128;
NumSlotes = 1024;


GivenBandwidthOld = [0.00415189, 0.00824571, 0.00813453, 0.00462687, 0.00632365, 0.00411343, 0.00686309, 0.00551588, 0.00782689, 0.0041073, 0.00384319, 0.00493375, 0.00396188, 0.00486377, 0.00779903, 0.00575146, 0.00721062, 0.00639998, 0.00693565, 0.00491747, 0.00533425, 0.0051995, 0.00551101, 0.00600361, 0.00520906, 0.0062086, 0.00536151, 0.00839284, 0.00598336, 0.00480454, 0.00733225, 0.00556095, 0.00541764, 0.00674586, 0.00524244, 0.00721441, 0.00500692, 0.00873971, 0.00582833, 0.00420542, 0.00805743, 0.00874768, 0.00483119, 0.00526788, 0.00471589, 0.00754697, 0.00448714, 0.00788741, 0.00622338, 0.00386325, 0.00716898, 0.00661092, 0.0072891, 0.00540331, 0.00589616, 0.00425021, 0.00580048, 0.00622259, 0.00551585, 0.00736357, 0.00707024, 0.00700811, 0.00784594, 0.00414143, 0.00747993, 0.00775775, 0.00696022, 0.00786339, 0.00758054, 0.00861266, 0.00546824, 0.00718576, 0.00853056, 0.00558221, 0.00775217, 0.00816552, 0.00547597, 0.00715498, 0.00633238, 0.00581367, 0.00785996, 0.00491499, 0.00872046, 0.00733772, 0.00756223, 0.00592091, 0.00521184, 0.00784499, 0.00825652, 0.00483516, 0.00708147, 0.00584021, 0.00384847, 0.00378362, 0.00380169, 0.00751268, 0.00804621, 0.00507392, 0.0048381, 0.00652135, 0.00688631, 0.00567326, 0.00794549, 0.00738947, 0.00739904, 0.00812085, 0.0045882, 0.00637045, 0.00566737, 0.004025, 0.00564308, 0.00582377, 0.00752317, 0.00435916, 0.00691516, 0.00565086, 0.00650558, 0.0068406, 0.0074552, 0.00711747, 0.00585729, 0.00598399, 0.00543564, 0.00431753, 0.00716246, 0.00699734, 0.00677815, 0.00783237];
GivenLatency = [265.333, 149.639, 150.373, 264.031, 166.871, 245.615, 151.76, 195.626, 143.05, 234.154, 277.635, 219.725, 247.583, 207.269, 160.269, 166.761, 167.181, 194.976, 142.073, 239.856, 201.679, 233.612, 187.635, 177.22, 230.536, 205.129, 217.957, 123.576, 190.203, 232.213, 162.262, 185.917, 179.95, 149.803, 246.408, 143.071, 205.037, 140.949, 220.92, 248.681, 131.781, 135.205, 203.172, 233.886, 264.332, 164.8, 255.555, 162.584, 167.724, 289.835, 150.612, 185.242, 176.833, 194.15, 164.097, 265.144, 188.235, 154.081, 234.099, 143.399, 165.869, 150.875, 155.909, 234.729, 140.286, 163.764, 167.924, 149.954, 153.397, 124.345, 191.411, 144.741, 144.379, 173.69, 142.094, 120.104, 216.921, 171.522, 185.335, 207.431, 142.49, 252.272, 132.628, 140.727, 138.541, 211.749, 235.216, 141.959, 141.594, 203.658, 166.407, 209.635, 302.57, 298.828, 275.111, 163.764, 145.182, 207.933, 226.716, 172.323, 168.207, 207.387, 158.291, 140.701, 162.326, 133.324, 218.951, 182.507, 207.976, 274.51, 178.579, 166.666, 151.007, 271.674, 141.536, 216.871, 167.867, 141.795, 141.159, 139.995, 221.37, 162.794, 225.301, 255.473, 180.955, 167.08, 143.919, 161.925];
HighestPossibleCritFunctionValue = 1.1;
