NumDevices = 128;
NumSlotes = 1024;


GivenBandwidthOld = [0.00632482, 0.00999348, 0.0066212, 0.00381247, 0.00997122, 0.00756238, 0.00965584, 0.00694611, 0.00820183, 0.00686328, 0.0099288, 0.00701533, 0.00910869, 0.00473756, 0.0079872, 0.00580635, 0.00854854, 0.00913996, 0.00530355, 0.00799249, 0.00724144, 0.00942044, 0.00688632, 0.00967735, 0.00598421, 0.00406077, 0.00804888, 0.00507517, 0.00712188, 0.00623272, 0.00585899, 0.00573193, 0.00786632, 0.00544809, 0.00602496, 0.00768783, 0.00559195, 0.00509967, 0.00638449, 0.00654429, 0.00488644, 0.00393584, 0.00847408, 0.00768801, 0.00862021, 0.00743046, 0.00494631, 0.00386315, 0.00542957, 0.00733751, 0.00525624, 0.00666149, 0.00587764, 0.00682105, 0.00638453, 0.00728926, 0.00688965, 0.00936745, 0.00998352, 0.00796942, 0.00704776, 0.00423986, 0.00563155, 0.00813978, 0.00775961, 0.00569151, 0.00970216, 0.00417537, 0.00921042, 0.00820044, 0.00847168, 0.00482126, 0.00841075, 0.00574471, 0.003779, 0.00991561, 0.00422532, 0.00495405, 0.00905539, 0.00890067, 0.00854262, 0.00959955, 0.00461338, 0.00836415, 0.00379012, 0.00936449, 0.00394759, 0.00581559, 0.00768915, 0.0090391, 0.0038244, 0.00419929, 0.00504845, 0.00807519, 0.00973011, 0.00516459, 0.00379799, 0.00408645, 0.00842192, 0.00603849, 0.00382761, 0.00809422, 0.00450739, 0.00814555, 0.00484983, 0.00726076, 0.00916678, 0.0061032, 0.00399331, 0.00561041, 0.00913425, 0.00928799, 0.00570577, 0.00558262, 0.00463885, 0.00520471, 0.00935065, 0.00888551, 0.00995547, 0.00539159, 0.00650553, 0.00964105, 0.00830421, 0.00891274, 0.00523341, 0.00416699, 0.00591496, 0.00901185];
GivenLatency = [574.4, 426.531, 569.466, 1112.63, 374.886, 492.693, 469.015, 493.009, 442.466, 558.75, 346.952, 639.257, 502.772, 763.1, 528.02, 666.147, 432.075, 376.752, 642.732, 539.374, 487.334, 452.915, 579.174, 355.067, 564.055, 1066.19, 525.797, 831.592, 547.39, 798.032, 741.414, 636.57, 632.413, 721.718, 708.605, 434.926, 665.811, 788.107, 781.446, 687.604, 707.039, 919.09, 449.344, 494.804, 418.691, 658.647, 746.222, 1025.79, 616.462, 611.925, 937.794, 647.985, 760.122, 550.319, 550.363, 605.16, 717.98, 405.563, 403.893, 562.253, 530.718, 1178.56, 641.945, 476.288, 442.059, 844.941, 480.29, 896.734, 513.419, 440.283, 537.964, 1035.21, 468.402, 683.357, 916.624, 476.409, 860.577, 923.319, 491.87, 553.843, 527.91, 462.579, 743.542, 478.81, 973.886, 473.364, 845.544, 652.919, 501.231, 394.809, 1094.28, 1048.63, 885.274, 451.662, 461.81, 859.707, 1152.31, 1086.01, 507.44, 719.593, 872.865, 483.731, 1051.79, 455.157, 892.471, 619.026, 401.148, 649.255, 904.338, 600.57, 416.81, 381.57, 696.076, 732.607, 970.93, 707.893, 370.251, 390.873, 356.535, 688.505, 554.58, 381.071, 444.28, 393.693, 803.032, 808.39, 610.826, 554.559];
HighestPossibleCritFunctionValue = 1.1;
