NumDevices = 32;
NumSlotes = 256;


GivenBandwidthOld = [0.0136444, 0.0169208, 0.00828291, 0.00590582, 0.0166591, 0.00954671, 0.00912161, 0.0144051, 0.0147748, 0.0146016, 0.0170527, 0.0119194, 0.012658, 0.0134417, 0.0093894, 0.0151559, 0.00795454, 0.0119389, 0.0151655, 0.00586811, 0.0077905, 0.0174321, 0.0137296, 0.0106105, 0.0128426, 0.0160581, 0.00772301, 0.00808968, 0.00823435, 0.0147294, 0.0142306, 0.00599921];
GivenLatency = [30.3344, 35.3683, 63.423, 85.0605, 18.6412, 64.0212, 65.1441, 24.5477, 23.8452, 35.7056, 20.1141, 26.9692, 24.4567, 24.9504, 43.448, 38.0768, 41.0651, 36.379, 26.8863, 79.1076, 71.6972, 21.4068, 23.6486, 32.5387, 45.9287, 22.9645, 59.2532, 45.6215, 37.9172, 21.0685, 33.5295, 64.3685];
HighestPossibleCritFunctionValue = 1.1;
