NumDevices = 32;
NumSlotes = 256;


GivenBandwidthOld = [0.033653, 0.0164385, 0.0316791, 0.0208707, 0.0239971, 0.0298138, 0.0305976, 0.023325, 0.0326268, 0.0287977, 0.0325288, 0.0218613, 0.0327881, 0.019921, 0.0225049, 0.0299086, 0.0237806, 0.0299676, 0.015869, 0.0198988, 0.0292906, 0.0163437, 0.0190142, 0.0220296, 0.0218273, 0.0213514, 0.0230269, 0.0239407, 0.0207543, 0.0275333, 0.0226285, 0.0270882];
GivenLatency = [30.9004, 53.5757, 29.5236, 42.4361, 37.6931, 32.5147, 32.6699, 45.5297, 29.5447, 30.3989, 27.629, 44.667, 27.7454, 50.2222, 51.0208, 34.3742, 44.6881, 33.5094, 67.1304, 42.9373, 37.81, 53.1687, 51.0417, 40.8014, 45.5817, 40.2771, 49.809, 39.1656, 55.1878, 32.3089, 50.6188, 40.1943];
HighestPossibleCritFunctionValue = 1.1;
