NumDevices = 32;
NumSlotes = 256;


GivenBandwidthOld = [0.0187472, 0.0199529, 0.0335114, 0.0356319, 0.025605, 0.0289219, 0.0261856, 0.0363379, 0.0154472, 0.0305297, 0.0233884, 0.0233937, 0.0375664, 0.0376822, 0.0352727, 0.0375445, 0.0208517, 0.0394508, 0.0349274, 0.0346533, 0.0279894, 0.0270091, 0.0267422, 0.0169585, 0.0322415, 0.0175473, 0.0277343, 0.0155246, 0.0327131, 0.0198846, 0.0348823, 0.0269813];
GivenLatency = [95.2677, 86.498, 50.63, 69.0711, 69.1782, 76.9105, 70.5482, 54.1031, 138.913, 66.8605, 78.6077, 93.4484, 52.1686, 48.4133, 51.7336, 62.5298, 103.344, 58.1025, 59.0335, 61.3765, 69.8316, 66.9803, 65.4933, 115.924, 64.8488, 121.46, 88.9431, 118.22, 57.5634, 107.669, 66.2718, 66.1018];
HighestPossibleCritFunctionValue = 1.1;
