NumDevices = 32;
NumSlotes = 256;


GivenBandwidthOld = [0.0222826, 0.0343899, 0.0211454, 0.0199529, 0.019033, 0.0182832, 0.0154778, 0.0252465, 0.0277858, 0.0260624, 0.0212061, 0.0202574, 0.0168903, 0.0253487, 0.0248973, 0.0193805, 0.0182678, 0.0169486, 0.024337, 0.0216172, 0.0303896, 0.0277759, 0.0195596, 0.0273784, 0.0192699, 0.0187937, 0.0154796, 0.0157919, 0.0239884, 0.0229623, 0.0176329, 0.026853];
GivenLatency = [41.4351, 24.2885, 40.9484, 43.8517, 45.4557, 58.8503, 64.0086, 42.5301, 37.5558, 39.3679, 54.5237, 49.9634, 58.3927, 39.1095, 34.6264, 43.9917, 63.7815, 54.6499, 44.1426, 38.7265, 30.4863, 36.5125, 54.8795, 34.284, 60.7711, 46.0191, 56.6495, 64.8958, 37.7746, 45.2799, 47.5049, 43.5422];
HighestPossibleCritFunctionValue = 1.1;
