NumDevices = 128;
NumSlotes = 1024;


GivenBandwidthOld = [0.0063743, 0.00403381, 0.00505951, 0.00644544, 0.00607883, 0.00694513, 0.00434388, 0.00391017, 0.00827234, 0.00450803, 0.00647598, 0.00677372, 0.00474082, 0.00641872, 0.0068851, 0.00792632, 0.0077145, 0.00383688, 0.007628, 0.00628615, 0.00388878, 0.00499263, 0.00746186, 0.00778365, 0.00985089, 0.00394677, 0.00457738, 0.00954429, 0.00709665, 0.00709908, 0.00415992, 0.00581675, 0.008382, 0.00382773, 0.0039862, 0.00475578, 0.00787717, 0.00665781, 0.00649405, 0.00430909, 0.0066266, 0.00703051, 0.00804548, 0.0041462, 0.00651282, 0.0072241, 0.00541079, 0.00409335, 0.00573595, 0.00667231, 0.00658256, 0.00435281, 0.00396251, 0.00664041, 0.00783368, 0.00691093, 0.00445769, 0.00407156, 0.00821784, 0.00723478, 0.00990289, 0.00914952, 0.00973664, 0.00867663, 0.00566636, 0.00579584, 0.00687804, 0.00799486, 0.00966165, 0.00457698, 0.00906591, 0.00448807, 0.00848105, 0.00602494, 0.00749295, 0.00530102, 0.00927715, 0.0047462, 0.00939008, 0.0090527, 0.0075249, 0.00474263, 0.0057075, 0.0097671, 0.00822873, 0.00897864, 0.00657603, 0.00708402, 0.0073928, 0.00947143, 0.00754182, 0.00794281, 0.00977135, 0.00451282, 0.0056385, 0.00624911, 0.00634904, 0.0046148, 0.00716385, 0.0052712, 0.00806408, 0.00429938, 0.00600579, 0.0043638, 0.00745283, 0.00597097, 0.00659583, 0.00859402, 0.00476151, 0.00418945, 0.00837092, 0.00503965, 0.00391381, 0.0068461, 0.00864736, 0.00747319, 0.00446008, 0.0067451, 0.00483816, 0.00491414, 0.00689507, 0.00665588, 0.00538598, 0.00589612, 0.00489452, 0.00842664, 0.0039822, 0.00625883];
GivenLatency = [618.959, 936.471, 709.27, 526.8, 683.458, 539.568, 1102.31, 855.767, 563.132, 815.457, 597.592, 734.728, 888.01, 589.833, 516.777, 534.662, 472.285, 1066.24, 528.055, 665.539, 923.655, 798.207, 662.802, 462.416, 419.409, 957.095, 989.145, 429.326, 540.978, 644.107, 1109.79, 734.718, 422.447, 972.18, 840.182, 970.937, 628.983, 507.394, 642.376, 808.56, 642.29, 628.924, 473.019, 1150.26, 563.693, 608.204, 803.164, 949.559, 740.743, 612.893, 540.731, 847.476, 846.393, 560.874, 546.177, 523.779, 816.715, 897.782, 425.831, 647.244, 342.984, 387.371, 428.568, 488.241, 607.462, 629.54, 507.665, 479.981, 502.418, 792.271, 413.818, 1066.66, 398.29, 654.056, 579.888, 723.224, 396.682, 956.594, 465.573, 458.145, 496.118, 720.014, 658.553, 341.372, 451.467, 379.366, 600.874, 534.936, 532.347, 378.036, 468.669, 464.273, 385.602, 967.829, 634.45, 575.702, 536.718, 874.842, 656.894, 667.794, 587.56, 843.387, 603.686, 987.591, 538.977, 619.556, 668.115, 578.791, 765.917, 976.308, 404.011, 873.702, 1072.82, 703.909, 496.41, 648.632, 885.834, 525.352, 735.859, 1008.2, 679.389, 624.828, 801.519, 696.962, 939.927, 578.401, 1179.3, 607.321];
HighestPossibleCritFunctionValue = 1.1;
