NumDevices = 16;
NumSlotes = 128;


GivenBandwidthOld = [0.0461892, 0.04263, 0.0616619, 0.0522764, 0.0300168, 0.032022, 0.0531497, 0.0668884, 0.0541198, 0.0521574, 0.0692459, 0.0352181, 0.051454, 0.0472969, 0.0589544, 0.066002];
GivenLatency = [22.5849, 20.7054, 17.9255, 20.9141, 29.8212, 34.4415, 20.2509, 16.3162, 18.6014, 21.2342, 12.5788, 21.996, 19.3926, 21.4622, 13.6581, 13.7582];
HighestPossibleCritFunctionValue = 1.1;
