NumDevices = 128;
NumSlotes = 1024;


GivenBandwidthOld = [0.00553857, 0.00424437, 0.00768943, 0.00377194, 0.00742102, 0.00765579, 0.00829273, 0.00840667, 0.00841886, 0.00820536, 0.00490822, 0.00500195, 0.00525689, 0.00499981, 0.00424029, 0.00401797, 0.00754979, 0.00675012, 0.00669774, 0.0064278, 0.00449093, 0.00654968, 0.00799961, 0.00690374, 0.00869659, 0.00613322, 0.00856722, 0.00683632, 0.00552852, 0.0053831, 0.00626472, 0.00867657, 0.00469365, 0.00870742, 0.00802607, 0.0065899, 0.00401959, 0.00471081, 0.00706698, 0.00718815, 0.00377813, 0.00655001, 0.00845787, 0.00398795, 0.0079604, 0.00790823, 0.00609394, 0.00835205, 0.00538476, 0.00421394, 0.00616408, 0.00719606, 0.00671253, 0.00507362, 0.00487775, 0.00787123, 0.0042331, 0.00821964, 0.00507042, 0.00605718, 0.00552128, 0.0086633, 0.00652618, 0.008013, 0.00705066, 0.00792838, 0.00480672, 0.00402011, 0.00853887, 0.00537662, 0.00743554, 0.00654044, 0.00766613, 0.00723046, 0.00484459, 0.00557238, 0.00746105, 0.00533363, 0.00486044, 0.00685829, 0.0048147, 0.00815903, 0.00638578, 0.00823361, 0.00486737, 0.00835482, 0.00689112, 0.0066086, 0.00822397, 0.00782224, 0.00582056, 0.00858297, 0.00645412, 0.00691801, 0.00849013, 0.00610094, 0.00604292, 0.00578535, 0.0068137, 0.00530566, 0.00472895, 0.00693235, 0.00454543, 0.00759087, 0.00720865, 0.00830864, 0.00583289, 0.00582824, 0.0077262, 0.00675778, 0.00556376, 0.007663, 0.00459617, 0.00533488, 0.00587929, 0.00566133, 0.00747023, 0.00459258, 0.0050531, 0.00487758, 0.00500568, 0.00798735, 0.00588698, 0.00491112, 0.00866087, 0.0058048, 0.00874752, 0.00699875];
GivenLatency = [208.994, 226.272, 132.872, 301.614, 167.472, 152.388, 135.145, 117.965, 125.471, 154.871, 197.47, 219.996, 196.834, 204.088, 241.673, 299.437, 144.992, 175.056, 165.251, 179.269, 279.446, 171.009, 120.754, 164.742, 120.293, 199.874, 151.029, 161.83, 225.91, 231.672, 154.163, 111.918, 248.933, 135.984, 139.876, 149.643, 242.832, 229.463, 166.276, 138.96, 269.104, 187.546, 151.776, 317.023, 131.206, 123.15, 189.318, 136.902, 233.729, 253.396, 162.018, 156.499, 166.495, 213.86, 253.299, 158.293, 268.099, 141.234, 209.166, 197.265, 208.544, 127.438, 161.82, 159.849, 155.682, 147.125, 220.046, 290.639, 136.721, 199.853, 165.921, 149.679, 145.763, 158.048, 258.628, 184.17, 147.531, 206.278, 226.001, 172.701, 202.29, 151.121, 154.162, 150, 248.324, 150.562, 165.94, 171.046, 132.017, 139.506, 183.261, 128.298, 156.639, 161.002, 146.253, 187.816, 192.426, 211.544, 151.944, 180.906, 257.872, 174.238, 249.734, 153.5, 141.173, 119.786, 177.815, 210.912, 137.217, 173.191, 222.451, 147.11, 252.033, 203.061, 164.627, 170.084, 155.514, 220.518, 239.743, 197.778, 221.522, 133.007, 172.141, 213.007, 126.755, 176.737, 146.035, 168.368];
HighestPossibleCritFunctionValue = 1.1;
