NumDevices = 128;
NumSlotes = 1024;


GivenBandwidthOld = [0.00399129, 0.00913633, 0.00688436, 0.00797447, 0.00444934, 0.0075742, 0.00828498, 0.00445184, 0.00583634, 0.00642018, 0.00646152, 0.00746076, 0.00801979, 0.00984771, 0.00663672, 0.00829156, 0.00868665, 0.00521945, 0.00703107, 0.00500732, 0.00422151, 0.00973469, 0.00715078, 0.00435184, 0.00640715, 0.00620681, 0.00790049, 0.0047092, 0.00635485, 0.00848975, 0.00855248, 0.00646946, 0.00976218, 0.00665378, 0.00755217, 0.00684977, 0.00785134, 0.00994292, 0.00682586, 0.00598332, 0.00792423, 0.00377206, 0.00569182, 0.00870595, 0.00467044, 0.00484067, 0.00966743, 0.00803836, 0.00950455, 0.00791759, 0.00463624, 0.00496064, 0.00716483, 0.00927305, 0.00466827, 0.0058987, 0.00444239, 0.00950409, 0.00652871, 0.00550023, 0.00735844, 0.00707013, 0.00514077, 0.00967295, 0.00704507, 0.0090284, 0.00524278, 0.00536946, 0.00944438, 0.00925484, 0.00478759, 0.00499837, 0.0037782, 0.00898199, 0.00661675, 0.00397624, 0.00616988, 0.00599622, 0.00592875, 0.00957402, 0.00677721, 0.00705275, 0.00682706, 0.00732669, 0.0047194, 0.00890373, 0.00992396, 0.00698149, 0.00911692, 0.00564431, 0.00394862, 0.0043851, 0.00920375, 0.00875445, 0.00723353, 0.00769671, 0.00488532, 0.00384073, 0.00988401, 0.0043827, 0.00621756, 0.00719949, 0.00437155, 0.00638177, 0.00457783, 0.00452189, 0.00823211, 0.0095091, 0.00944534, 0.00661415, 0.00394959, 0.00826824, 0.00429412, 0.00501553, 0.00477094, 0.00642397, 0.00762404, 0.00851197, 0.00686745, 0.00503144, 0.00972395, 0.00793585, 0.00539861, 0.00566492, 0.0064911, 0.00459907, 0.00538932, 0.00579352];
GivenLatency = [1098.81, 416.329, 551.002, 587.268, 1001.05, 567.266, 569.502, 803.152, 584.942, 567.075, 536.499, 496.127, 587.057, 452.095, 542.471, 545.115, 407.779, 762.212, 590.61, 896.441, 1005, 371.841, 622.115, 972.298, 561.905, 665.542, 603.907, 958.221, 570.698, 485.506, 447.533, 515.893, 451.474, 522.736, 544.207, 588.889, 436.051, 352.685, 488.703, 677.218, 580.9, 1000.21, 806.198, 436.269, 811.094, 974.103, 424.461, 557.376, 446.501, 461.256, 728.048, 783.783, 636.093, 398.851, 730.839, 830.773, 857.737, 477.02, 553.597, 657.351, 468.415, 659.279, 835.401, 483.795, 564.211, 406.962, 888.018, 624.903, 408.432, 374.24, 786.992, 667.262, 1074.67, 522.504, 518.537, 1103.2, 671.954, 809.51, 817.712, 372.708, 537.979, 669.445, 643.035, 561.209, 1051.13, 480.855, 359.565, 526.671, 526.95, 790.164, 1049.04, 969.373, 451.569, 565.252, 668.26, 602.307, 706.297, 1249.96, 487.771, 1108.53, 791.081, 589.326, 900.045, 780.571, 920.403, 737.639, 422.713, 429.326, 445.327, 733.772, 1140.6, 554.531, 910.338, 773.608, 877.534, 714.297, 514.73, 423.609, 539.95, 856.016, 402.191, 427.592, 641.314, 779.555, 652.117, 1017.7, 721.228, 618.162];
HighestPossibleCritFunctionValue = 1.1;
