NumDevices = 64;
NumSlotes = 512;


GivenBandwidthOld = [0.0153796, 0.00957316, 0.0110532, 0.0158039, 0.0110112, 0.0107126, 0.0114863, 0.0149267, 0.00846357, 0.0121656, 0.0121887, 0.0103628, 0.0118328, 0.00839223, 0.0131249, 0.0151025, 0.0131866, 0.0128819, 0.011248, 0.0106229, 0.0138551, 0.00809995, 0.0107875, 0.011146, 0.0166356, 0.00910669, 0.0111268, 0.0126426, 0.00905288, 0.0166846, 0.0133548, 0.00873771, 0.00968309, 0.00868013, 0.011946, 0.0119999, 0.0167042, 0.0125079, 0.0156014, 0.0173823, 0.00975943, 0.0116838, 0.0153617, 0.00930566, 0.0151734, 0.0137839, 0.0104253, 0.0136223, 0.0148789, 0.0150652, 0.0164838, 0.00795074, 0.013033, 0.00980251, 0.0157779, 0.0138978, 0.015038, 0.0090624, 0.0167081, 0.00836298, 0.0116351, 0.015922, 0.015881, 0.0169307];
GivenLatency = [75.2788, 97.0827, 106.605, 71.8622, 93.6875, 89.2728, 102.535, 73.3463, 119.274, 89.5997, 91.8529, 99.9798, 89.6876, 142.405, 87.9377, 78.4453, 79.6646, 94.5047, 105.873, 90.0383, 73.9898, 115.628, 84.7994, 81.6788, 59.7104, 110.644, 84.7732, 93.5135, 127.285, 69.3094, 75.1841, 111.755, 103.154, 106.188, 102.181, 95.5718, 71.0408, 85.1297, 66.8978, 71.1741, 100.22, 90.5629, 73.5648, 98.5901, 63.5368, 69.9179, 99.076, 86.0648, 70.682, 82.0826, 57.0745, 122.553, 82.509, 97.7171, 64.9822, 83.6987, 73.2745, 111.609, 58.741, 127.657, 85.0288, 64.2966, 77.9372, 59.1922];
HighestPossibleCritFunctionValue = 1.1;
