NumDevices = 64;
NumSlotes = 512;


GivenBandwidthOld = [0.0194292, 0.0148638, 0.00823356, 0.0113939, 0.0143626, 0.00997862, 0.0155886, 0.0155552, 0.0160601, 0.0153672, 0.0183966, 0.00882156, 0.0189738, 0.00985484, 0.0103462, 0.0191296, 0.0167402, 0.0194214, 0.00788499, 0.0154739, 0.0118838, 0.0116604, 0.0195856, 0.0176939, 0.0107263, 0.00773694, 0.0148218, 0.0149498, 0.0165631, 0.0188959, 0.0128855, 0.00874617, 0.0143663, 0.00948488, 0.0174554, 0.0156765, 0.0181597, 0.0153378, 0.0120531, 0.0184666, 0.0109235, 0.00946298, 0.0118039, 0.0179203, 0.0163093, 0.0147302, 0.0136415, 0.0154747, 0.0124693, 0.0145538, 0.0102942, 0.0192482, 0.00922812, 0.0145225, 0.00974399, 0.0097848, 0.00817127, 0.0145506, 0.0187715, 0.00993486, 0.0176509, 0.0131894, 0.0164727, 0.0111573];
GivenLatency = [139.932, 193.242, 355.932, 228.439, 196.444, 267.078, 159.45, 198.575, 180.82, 172.3, 143.169, 298.642, 133.116, 280.022, 220.884, 172.078, 171.23, 147.944, 418.509, 201.663, 222.325, 227.074, 163.621, 174.055, 277.548, 356.601, 193.233, 167.497, 177.031, 133.674, 209.339, 343.747, 185.427, 348.251, 153.346, 163.33, 145.197, 173.377, 263.853, 164.048, 273.478, 331.465, 203.568, 124.48, 140.272, 197.326, 222.067, 183.751, 191.021, 160.656, 317.874, 143.402, 315.488, 155.87, 235.334, 247.955, 374.069, 225.395, 146.552, 261.91, 179.919, 234.901, 191.327, 227.758];
HighestPossibleCritFunctionValue = 1.1;
