NumDevices = 16;
NumSlotes = 128;


GivenBandwidthOld = [0.0636872, 0.0602232, 0.0418827, 0.0423657, 0.0600708, 0.0792238, 0.033977, 0.0711963, 0.0657444, 0.0358876, 0.0332362, 0.0713035, 0.0679177, 0.0634407, 0.0674149, 0.0619914];
GivenLatency = [24.1535, 24.8018, 38.8345, 45.8215, 31.4658, 23.7636, 50.6368, 18.8063, 20.627, 52.8837, 41.5372, 19.3347, 25.9534, 28.1223, 21.699, 27.575];
HighestPossibleCritFunctionValue = 1.1;
