NumDevices = 64;
NumSlotes = 512;


GivenBandwidthOld = [0.0116305, 0.0168576, 0.0181418, 0.0145144, 0.0102153, 0.0189115, 0.0137722, 0.0110839, 0.0169781, 0.0188621, 0.00787148, 0.0133934, 0.00841264, 0.00880309, 0.008471, 0.0145134, 0.0189639, 0.0181945, 0.0118206, 0.011585, 0.0133096, 0.0126117, 0.0197259, 0.0133089, 0.0119259, 0.0190047, 0.0164071, 0.00891679, 0.0194227, 0.016707, 0.0112354, 0.0141335, 0.0091136, 0.014828, 0.0196271, 0.0154026, 0.0148, 0.0104674, 0.0189082, 0.00753548, 0.0163745, 0.0116003, 0.00863979, 0.0139083, 0.0114491, 0.0175587, 0.0134226, 0.0111732, 0.0186586, 0.0129047, 0.0198749, 0.0166649, 0.0173883, 0.0127262, 0.0195087, 0.0131585, 0.0102032, 0.0143893, 0.00910039, 0.0177819, 0.0153381, 0.0181688, 0.0178827, 0.00981244];
GivenLatency = [259.206, 143.526, 129.02, 173.204, 306.776, 173.925, 238.496, 227.278, 166.426, 161.302, 388.367, 222.322, 353.825, 313.961, 324.242, 158.412, 164.298, 139.856, 268.038, 274.3, 181.339, 176.509, 124.335, 196.804, 231.854, 170.398, 145.629, 346.256, 134.618, 149.533, 251.969, 173.505, 265.784, 195.596, 122.374, 184.131, 204.984, 276.182, 162.193, 325.489, 156.177, 280.01, 381.673, 189.008, 277.377, 167.172, 166.261, 206.182, 152.698, 201.906, 153.265, 169.184, 143.57, 200.008, 148.413, 185.051, 305.8, 155.784, 312.004, 187.064, 171.642, 179.755, 140.196, 227.276];
HighestPossibleCritFunctionValue = 1.1;
