NumDevices = 32;
NumSlotes = 256;


GivenBandwidthOld = [0.00705115, 0.0161452, 0.0101795, 0.00743634, 0.0150492, 0.0142875, 0.0120194, 0.0170214, 0.0105423, 0.0170831, 0.0107375, 0.00979789, 0.00566519, 0.00982957, 0.0130668, 0.00826114, 0.0149128, 0.00952482, 0.0161441, 0.0167205, 0.0156977, 0.0132264, 0.0160526, 0.0155324, 0.0103585, 0.0147866, 0.0137335, 0.0142171, 0.0165008, 0.0122528, 0.0148598, 0.00647557];
GivenLatency = [43.5201, 29.0892, 45.3905, 59.8726, 29.6118, 25.4757, 35.2907, 33.0783, 40.7434, 20.1521, 40.1244, 33.7199, 65.7431, 44.151, 39.2407, 48.8352, 33.137, 55.5718, 31.6286, 33.0301, 26.1452, 45.876, 25.9793, 28.1471, 58.2445, 26.6852, 30.3167, 26.0424, 27.6033, 28.5735, 23.8484, 52.8109];
HighestPossibleCritFunctionValue = 1.1;
