NumDevices = 16;
NumSlotes = 128;


GivenBandwidthOld = [0.0105726, 0.033123, 0.0140664, 0.0285782, 0.0288613, 0.011518, 0.0230258, 0.0345428, 0.0260579, 0.0208521, 0.0268103, 0.0151711, 0.020562, 0.0250544, 0.0293531, 0.0278235];
GivenLatency = [30.4848, 10.1806, 23.4744, 21.9564, 17.6872, 38.2168, 23.0636, 17.5015, 11.7226, 19.1328, 16.6007, 36.2771, 29.4691, 20.1732, 15.2259, 10.962];
HighestPossibleCritFunctionValue = 1.1;
