NumDevices = 64;
NumSlotes = 512;


GivenBandwidthOld = [0.00774802, 0.00593493, 0.00840938, 0.00261033, 0.00682529, 0.00397446, 0.00872124, 0.00655671, 0.00860116, 0.00724976, 0.00668563, 0.00669047, 0.00681089, 0.00568944, 0.00741657, 0.00402223, 0.00543104, 0.00826183, 0.00407841, 0.00583936, 0.00835162, 0.00699791, 0.00506935, 0.00436528, 0.00846407, 0.0031847, 0.00396531, 0.00495103, 0.0032345, 0.00343974, 0.0029362, 0.00250534, 0.00466676, 0.00676087, 0.00864892, 0.00367801, 0.00756883, 0.00676626, 0.005462, 0.00355406, 0.00566727, 0.00360062, 0.00694869, 0.00287113, 0.00266394, 0.00788639, 0.00653684, 0.00592567, 0.00268806, 0.00691753, 0.00425705, 0.00818301, 0.00441865, 0.00550784, 0.00532831, 0.00673532, 0.0043531, 0.00379811, 0.00732819, 0.00613805, 0.00348144, 0.00377299, 0.00394443, 0.00395441];
GivenLatency = [75.9146, 89.8819, 65.6046, 235.052, 90.7123, 79.9028, 49.9956, 47.3355, 63.6251, 55.2302, 47.2425, 67.2457, 67.0991, 111.856, 44.7603, 130.33, 85.0912, 39.1587, 91.309, 97.1721, 58.0407, 59.7056, 107.044, 76.9309, 61.0945, 123.505, 108.252, 72.1569, 122.289, 120.497, 129.538, 124.228, 98.4052, 92.497, 68.6228, 124.862, 53.395, 46.1353, 67.4706, 175.254, 75.6134, 88.3586, 86.562, 157.483, 216.522, 82.1289, 53.1939, 95.9276, 184.959, 47.0181, 104.498, 40.4744, 139.21, 91.6237, 72.4502, 46.6068, 119.323, 119.989, 60.1441, 50.7805, 127.196, 91.2691, 91.6374, 101.239];
HighestPossibleCritFunctionValue = 1.1;
