NumDevices = 16;
NumSlotes = 128;


GivenBandwidthOld = [0.0303482, 0.027693, 0.0268735, 0.0272346, 0.0226224, 0.0291034, 0.0314018, 0.0101147, 0.0126211, 0.0120285, 0.0285473, 0.034855, 0.023232, 0.024414, 0.0166456, 0.0267514];
GivenLatency = [12.2365, 10.9784, 13.9747, 12.8163, 19.0959, 21.4431, 15.3258, 50.1156, 27.4393, 25.1505, 18.989, 17.2996, 16.4439, 14.7483, 22.0602, 19.121];
HighestPossibleCritFunctionValue = 1.1;
