NumDevices = 16;
NumSlotes = 128;


GivenBandwidthOld = [0.0581007, 0.0685082, 0.0370765, 0.065413, 0.0670385, 0.0358519, 0.0320983, 0.0458727, 0.0520437, 0.0678627, 0.0388463, 0.060161, 0.0459761, 0.0402036, 0.071539, 0.0759737];
GivenLatency = [26.5425, 19.6873, 36.0368, 21.8763, 20.3343, 53.4743, 47.7518, 42.4208, 30.5676, 27.6396, 39.2227, 24.4976, 34.897, 39.2764, 18.8461, 18.8274];
HighestPossibleCritFunctionValue = 1.1;
