NumDevices = 16;
NumSlotes = 128;


GivenBandwidthOld = [0.0694242, 0.0322532, 0.0488605, 0.0680778, 0.0531822, 0.053523, 0.0311864, 0.0696753, 0.0531996, 0.0454517, 0.0761837, 0.0393367, 0.0512429, 0.0597058, 0.0461572, 0.0341005];
GivenLatency = [24.7401, 48.7548, 34.4767, 22.4488, 27.9098, 29.9599, 48.9843, 21.3251, 25.7038, 33.0856, 20.4664, 36.9506, 37.1124, 25.5297, 29.5077, 39.3069];
HighestPossibleCritFunctionValue = 1.1;
