NumDevices = 128;
NumSlotes = 1024;


GivenBandwidthOld = [0.00375236, 0.00599661, 0.00623397, 0.00815903, 0.00637748, 0.00755356, 0.00517573, 0.00968568, 0.00840785, 0.00701186, 0.00710668, 0.00697564, 0.00451637, 0.0090585, 0.00494192, 0.00508666, 0.00641686, 0.00695451, 0.00562358, 0.00555314, 0.00914535, 0.00839558, 0.00705836, 0.00732958, 0.0095103, 0.00461179, 0.00664341, 0.00829596, 0.00764598, 0.00853374, 0.00399342, 0.00735368, 0.00835444, 0.00940097, 0.00465609, 0.00740496, 0.00767911, 0.00909895, 0.00972343, 0.0054143, 0.00695621, 0.00933247, 0.00950605, 0.00822836, 0.00902576, 0.00465781, 0.00514085, 0.00474761, 0.00813783, 0.00620171, 0.00964417, 0.00455418, 0.00715516, 0.00935016, 0.00688382, 0.00516066, 0.00639267, 0.0066055, 0.00858408, 0.0063046, 0.00771567, 0.00471208, 0.0047471, 0.00580196, 0.00974334, 0.00879799, 0.00779352, 0.00693716, 0.00779329, 0.00938163, 0.00461592, 0.00726625, 0.00760584, 0.00877685, 0.00881998, 0.00862625, 0.00884431, 0.00499451, 0.00776548, 0.00450622, 0.00730092, 0.00905021, 0.00932825, 0.0074143, 0.00841987, 0.00897098, 0.00897494, 0.00675715, 0.00735471, 0.00681135, 0.00591565, 0.00809987, 0.00573532, 0.0084879, 0.00866052, 0.00988455, 0.0071521, 0.00779728, 0.00760799, 0.00748296, 0.00607493, 0.00385512, 0.00800179, 0.00738925, 0.0061608, 0.00958961, 0.00628957, 0.00510488, 0.0063943, 0.00899075, 0.00995857, 0.0073875, 0.00789228, 0.00430251, 0.00858598, 0.00711855, 0.00652413, 0.00985165, 0.00420571, 0.0065565, 0.0038708, 0.00897422, 0.00713787, 0.00612343, 0.00655233, 0.00883668, 0.00804335, 0.0058298];
GivenLatency = [937.446, 748.869, 650.458, 550.017, 775.348, 538.45, 906.992, 384.932, 540.194, 554.647, 541.737, 695.897, 813.298, 465.199, 766.685, 769.276, 702.436, 637.338, 650.244, 815.556, 421.991, 417.945, 618.587, 578.449, 487.628, 833.98, 652.197, 582.598, 438.899, 521.855, 848.782, 466.163, 495, 466.163, 959.939, 603.888, 479.122, 397.567, 506.193, 859.082, 523.507, 439.524, 469.066, 466.953, 438.678, 916.653, 826.689, 707.06, 438.246, 696.288, 406.755, 996.258, 656.381, 500.885, 549.441, 779.71, 557.856, 554.19, 395.03, 788.758, 456.608, 1033.34, 977.446, 641.256, 401.925, 414.942, 558.106, 635.801, 517.744, 388.109, 975.883, 498.65, 485.832, 400.816, 427.497, 407.546, 562.899, 803.488, 616.581, 749.768, 637.717, 526.156, 466.8, 542.406, 527.119, 477.728, 426.39, 510.852, 659.82, 540.82, 798.409, 474.194, 606.17, 465.143, 389.295, 454.179, 569.542, 596.998, 512.42, 505.69, 719.11, 925.846, 527.031, 530.999, 601.516, 349.008, 661.945, 671.861, 677.704, 465.059, 424.811, 658.678, 451.529, 1139.97, 398.729, 594.102, 526.743, 368.48, 937.529, 686.614, 1239.21, 429.834, 542.197, 649.984, 679.137, 538.613, 581.457, 687.661];
HighestPossibleCritFunctionValue = 1.1;
