NumDevices = 8;
NumSlotes = 64;


GivenBandwidthOld = [0.143348, 0.0912423, 0.149657, 0.119006, 0.0817547, 0.0905018, 0.103398, 0.150752];
GivenLatency = [8.78684, 12.6468, 9.91892, 10.9179, 19.3908, 14.4297, 11.6436, 10.6824];
HighestPossibleCritFunctionValue = 1.1;
