NumDevices = 32;
NumSlotes = 256;


GivenBandwidthOld = [0.0170391, 0.0260422, 0.021533, 0.0155605, 0.0347412, 0.025108, 0.0207497, 0.0298388, 0.030175, 0.0214853, 0.0330976, 0.0217712, 0.0183742, 0.0258701, 0.0294764, 0.0197522, 0.0255011, 0.0277327, 0.0339463, 0.0260423, 0.0229884, 0.0163275, 0.0271069, 0.0156866, 0.0341451, 0.0274891, 0.0185918, 0.023168, 0.0150573, 0.0172621, 0.0344206, 0.0165387];
GivenLatency = [67.9374, 35.1904, 43.6482, 57.0659, 30.2038, 44.4782, 48.7123, 31.9807, 33.5943, 43.2378, 32.0832, 40.3607, 47.583, 34.2907, 38.4492, 53.9698, 33.3291, 32.4419, 31.9871, 36.1483, 37.3473, 68.8214, 37.4802, 73.4357, 26.9914, 33.5415, 61.8639, 41.1825, 71.3833, 55.0962, 32.3699, 59.0959];
HighestPossibleCritFunctionValue = 1.1;
