NumDevices = 64;
NumSlotes = 512;


GivenBandwidthOld = [0.0178606, 0.0122623, 0.00986068, 0.00851072, 0.0196545, 0.0137303, 0.00806296, 0.0191308, 0.0115192, 0.00750803, 0.0175454, 0.0150535, 0.00956541, 0.00829011, 0.0119158, 0.0115779, 0.00808559, 0.0119909, 0.0108596, 0.00949072, 0.01546, 0.0153979, 0.0099661, 0.0178173, 0.00986848, 0.0145335, 0.0075734, 0.0160503, 0.0116515, 0.0195058, 0.0135493, 0.015837, 0.0150434, 0.0145429, 0.0152749, 0.0182698, 0.0152839, 0.0186303, 0.0117024, 0.0114155, 0.0152362, 0.0180594, 0.0173349, 0.0159903, 0.0167329, 0.00901286, 0.00920065, 0.0153069, 0.0185189, 0.0151976, 0.0192028, 0.00963493, 0.014181, 0.0192699, 0.0120231, 0.0151303, 0.0125969, 0.00882732, 0.0157008, 0.0126765, 0.00902884, 0.0152082, 0.00946365, 0.0106381];
GivenLatency = [155.064, 189.396, 280.912, 339.816, 130.84, 170.627, 295.95, 141.243, 218.008, 349.796, 147.022, 189.938, 267.669, 271.831, 274.343, 255.244, 395.725, 252.818, 236.454, 293.865, 158.612, 171.877, 230.509, 142.146, 229.1, 214.43, 339.781, 195.963, 190.916, 146.301, 197.117, 165.232, 168.715, 159.259, 164.785, 144.588, 176.244, 121.543, 241.127, 264.925, 177.513, 132.345, 186.255, 201.62, 170.771, 290.886, 247.288, 162.13, 120.86, 213.038, 157.202, 300.31, 223.945, 120.742, 271.406, 150.122, 223.483, 284.841, 183.949, 211.242, 272.497, 193.138, 303.005, 288.843];
HighestPossibleCritFunctionValue = 1.1;
