NumDevices = 8;
NumSlotes = 64;


GivenBandwidthOld = [0.0524216, 0.0303492, 0.0595205, 0.0406141, 0.0304599, 0.0689778, 0.0392768, 0.0544535];
GivenLatency = [9.68374, 14.0322, 6.88855, 9.02288, 10.8188, 7.7372, 7.6699, 7.97456];
HighestPossibleCritFunctionValue = 1.1;
