NumDevices = 64;
NumSlotes = 512;


GivenBandwidthOld = [0.00864656, 0.0152355, 0.017761, 0.01359, 0.0121069, 0.0111721, 0.0122495, 0.00774325, 0.00824603, 0.00854744, 0.0117852, 0.0159101, 0.0186876, 0.0125877, 0.0166394, 0.0137508, 0.0143185, 0.0188708, 0.0157395, 0.0143568, 0.0130628, 0.0144178, 0.0128942, 0.0175471, 0.0196341, 0.0197895, 0.0191659, 0.0134544, 0.00862847, 0.0112262, 0.00932233, 0.0104435, 0.0156862, 0.0182294, 0.01235, 0.00858597, 0.00943944, 0.0161174, 0.0156293, 0.0124241, 0.0172623, 0.00771612, 0.0147994, 0.0129702, 0.00832607, 0.016187, 0.0106623, 0.0180504, 0.0156492, 0.00779164, 0.00913139, 0.0138123, 0.0100846, 0.010207, 0.0166703, 0.00854574, 0.00832517, 0.0136089, 0.0166038, 0.0157817, 0.0110381, 0.0100916, 0.0151, 0.0157427];
GivenLatency = [272.97, 190.298, 161.676, 238.254, 184.854, 260.259, 243.766, 309.576, 370.628, 262.949, 268.14, 141.781, 135.591, 217.178, 190.442, 169.76, 179.545, 165.978, 185.697, 185.12, 195.28, 207.04, 191.004, 129.37, 145.494, 143.593, 136.907, 179.314, 272.377, 242.989, 357.215, 220.941, 206.297, 127.379, 247.741, 315.996, 247.032, 150.811, 158.944, 191.701, 149.629, 349.105, 202.801, 218.848, 296.951, 170.831, 239.346, 182.504, 163.617, 375.598, 279.387, 211.507, 221.618, 325.319, 152.577, 276.915, 380.189, 220.459, 162.698, 142.268, 272.696, 297.914, 152.798, 151.262];
HighestPossibleCritFunctionValue = 1.1;
