NumDevices = 16;
NumSlotes = 128;


GivenBandwidthOld = [0.0347867, 0.0793361, 0.0722979, 0.0312216, 0.0621663, 0.0491052, 0.0307855, 0.0321634, 0.040023, 0.0360163, 0.0465018, 0.0761721, 0.0448913, 0.0580503, 0.0710364, 0.0794946];
GivenLatency = [54.5665, 17.1077, 25.5195, 44.8831, 24.8251, 30.5744, 62.4918, 46.7192, 37.3822, 52.5703, 32.0914, 20.207, 30.0489, 23.8429, 26.1396, 23.2659];
HighestPossibleCritFunctionValue = 1.1;
