NumDevices = 128;
NumSlotes = 1024;


GivenBandwidthOld = [0.00636995, 0.00732732, 0.00775413, 0.00616557, 0.00719043, 0.00710813, 0.00378664, 0.00452556, 0.0086483, 0.00448015, 0.00537643, 0.00421886, 0.00385182, 0.00510069, 0.00473299, 0.00484618, 0.007252, 0.00688856, 0.00854068, 0.00564116, 0.0084046, 0.00854334, 0.00543303, 0.0054737, 0.00392333, 0.00686806, 0.00392685, 0.00613852, 0.00761558, 0.00747444, 0.0053284, 0.00699762, 0.00656432, 0.00410902, 0.00786649, 0.0046673, 0.00573871, 0.00801299, 0.00682225, 0.00399803, 0.00746539, 0.00831601, 0.00472705, 0.00505277, 0.00443841, 0.00387368, 0.00740053, 0.00821829, 0.00733646, 0.00640556, 0.00573742, 0.00634659, 0.00458262, 0.00755815, 0.00731993, 0.00848747, 0.00640001, 0.00744291, 0.0055392, 0.00489321, 0.0076078, 0.0068195, 0.00784327, 0.00440586, 0.00682522, 0.00395805, 0.00551289, 0.00767051, 0.00577669, 0.00635115, 0.0063523, 0.00553351, 0.0042639, 0.00578977, 0.00617234, 0.00609232, 0.00611934, 0.00518176, 0.00737878, 0.00757854, 0.00498909, 0.0041382, 0.0081566, 0.00542029, 0.00630452, 0.00748546, 0.00555579, 0.00866801, 0.00572919, 0.00805977, 0.00802338, 0.00643645, 0.00490467, 0.00536494, 0.00599586, 0.00488863, 0.00564853, 0.00734122, 0.00636037, 0.00630412, 0.00576656, 0.00602236, 0.00527693, 0.00688419, 0.00505029, 0.00765671, 0.00386865, 0.00793957, 0.00779701, 0.00681816, 0.00527261, 0.00429019, 0.00774641, 0.00637635, 0.00475774, 0.00579908, 0.00763188, 0.00642256, 0.00646509, 0.00632359, 0.00803507, 0.00792895, 0.00443656, 0.00771847, 0.00677349, 0.0045517, 0.0078913, 0.00658687];
GivenLatency = [155.668, 151.011, 154.375, 200.77, 147.476, 136.404, 252.101, 253.05, 130.013, 269.015, 194.481, 275.721, 258.944, 190.44, 232.235, 233.348, 156.844, 179.389, 147.465, 208.348, 116.265, 125.188, 176.152, 209.798, 273.3, 163.213, 250.369, 168.108, 149.899, 134.126, 220.747, 154.406, 190.311, 315.008, 140.785, 253.552, 216.445, 129.984, 155.606, 249.282, 158.825, 143.627, 212.619, 213.811, 278.002, 263.77, 150.449, 146.068, 141.427, 195.296, 223.863, 159.649, 257.525, 145.186, 156.629, 143.842, 197.475, 134.104, 195.798, 215.957, 131.239, 161.282, 124.832, 246.384, 181.198, 282.043, 222.332, 164.038, 181.923, 157.086, 164.441, 216.166, 277.09, 184.206, 175.193, 202.944, 158.56, 223.173, 159.788, 131.223, 193.684, 255.651, 130.654, 199.755, 183.472, 129.503, 215.189, 112.47, 182.014, 143.85, 153.396, 160.816, 232.01, 189.188, 167.187, 247.066, 168.896, 160.188, 171.709, 155.539, 203.892, 214.369, 208.009, 144.086, 191.076, 135.663, 267.464, 145.77, 131.504, 159.038, 188.106, 256.266, 154.777, 158.668, 258.271, 172.874, 143.348, 162.539, 168.031, 178.59, 123.935, 150.546, 229.468, 135.748, 179.938, 224.853, 133.163, 175.251];
HighestPossibleCritFunctionValue = 1.1;
