NumDevices = 128;
NumSlotes = 1024;


GivenBandwidthOld = [0.00994055, 0.00460371, 0.00830493, 0.00853183, 0.00942624, 0.00428588, 0.00402768, 0.00824919, 0.00913506, 0.00420684, 0.00684698, 0.0047229, 0.00532738, 0.00859444, 0.00555656, 0.00414578, 0.00566929, 0.00505559, 0.00933195, 0.00706316, 0.00674073, 0.0065268, 0.0046066, 0.00683087, 0.00892387, 0.00480051, 0.00968197, 0.0086394, 0.00487917, 0.00670703, 0.00884665, 0.0068433, 0.00526927, 0.00680222, 0.00866888, 0.00662913, 0.00578484, 0.00951333, 0.00553558, 0.00774741, 0.00697335, 0.00984281, 0.00553761, 0.0043626, 0.00601398, 0.00441479, 0.00807923, 0.00883028, 0.00672568, 0.00969089, 0.00862296, 0.00985892, 0.00765091, 0.00389356, 0.00408516, 0.00549616, 0.00769678, 0.00599486, 0.00803853, 0.00610604, 0.00788859, 0.00471284, 0.00501964, 0.00507798, 0.00443409, 0.00758016, 0.00851539, 0.00809225, 0.0090189, 0.00811375, 0.00785904, 0.00813876, 0.00945252, 0.00855336, 0.00887777, 0.00487848, 0.00756443, 0.00658878, 0.00892093, 0.00534989, 0.00560026, 0.00724631, 0.00996999, 0.00564622, 0.0046888, 0.00719992, 0.00526316, 0.00418556, 0.00540686, 0.00688384, 0.00541604, 0.00488512, 0.00670167, 0.00616119, 0.00991552, 0.00887762, 0.00858672, 0.00695139, 0.0095928, 0.0099409, 0.00420015, 0.00699901, 0.00987511, 0.00467448, 0.00390161, 0.00814535, 0.00770959, 0.00880727, 0.00760881, 0.00871574, 0.00671545, 0.00659638, 0.00528859, 0.00657135, 0.00973957, 0.00789559, 0.00997955, 0.00377139, 0.00699331, 0.00789545, 0.00762758, 0.00544972, 0.0084264, 0.00618112, 0.00733335, 0.00410874, 0.00813714, 0.00710499];
GivenLatency = [339.371, 978.943, 434.451, 480.484, 399.195, 807.884, 1141.13, 423.123, 393.533, 868.751, 608.283, 732.726, 669.536, 440.09, 682.445, 889.512, 688.756, 849.855, 398.47, 608.621, 718.793, 514.124, 794.361, 572.323, 441.767, 759.18, 381.475, 558.741, 862.471, 660.16, 425.448, 586.321, 946.245, 641.103, 387.508, 523.114, 848.221, 449.639, 866.55, 514.077, 616.881, 429.012, 664.815, 838.298, 688.084, 1119.92, 568.217, 440.881, 675.459, 512.022, 425.554, 413.315, 472.435, 1258.38, 856.307, 760.268, 632.57, 772.252, 439.22, 610.319, 468.55, 1018.53, 853.884, 661.614, 810.868, 439.862, 471.787, 609.379, 419.65, 438.446, 489.604, 538.27, 391.399, 407.696, 427.936, 896.521, 476.203, 599.541, 407.789, 812.238, 628.107, 596.442, 491.784, 729.24, 716.476, 539.524, 752.432, 1139.15, 638.415, 654.879, 627.431, 764.379, 550.622, 691.427, 346.537, 524.641, 486.806, 582.616, 367.614, 356.292, 975.527, 697.107, 455.267, 801.876, 1074.46, 451.481, 499.683, 394.635, 575.516, 383.964, 677.963, 596.112, 861.334, 513.022, 346.097, 608.868, 345.227, 978.148, 697.265, 517.189, 454.494, 746.754, 412.241, 644.267, 586.779, 1064.09, 446.824, 559.909];
HighestPossibleCritFunctionValue = 1.1;
