NumDevices = 128;
NumSlotes = 1024;


GivenBandwidthOld = [0.00685327, 0.00543709, 0.00861519, 0.00806415, 0.00672457, 0.00739122, 0.00666997, 0.00471001, 0.00871742, 0.00620985, 0.00644598, 0.00514023, 0.00438951, 0.00701944, 0.00825285, 0.00817769, 0.00502506, 0.00865905, 0.00513866, 0.00791686, 0.00610874, 0.00702855, 0.00639971, 0.00750835, 0.00530609, 0.00695954, 0.00640637, 0.00441248, 0.0079815, 0.00754012, 0.00422691, 0.00417769, 0.00696854, 0.00769314, 0.00615702, 0.0085456, 0.00846375, 0.00770531, 0.0056435, 0.00774736, 0.00742745, 0.00560744, 0.00675437, 0.00818744, 0.00874977, 0.00486033, 0.00512698, 0.0066829, 0.00692768, 0.00609684, 0.00712919, 0.00781096, 0.00638004, 0.00683278, 0.00605418, 0.005135, 0.00641016, 0.00812781, 0.00658393, 0.00858469, 0.00540241, 0.00586186, 0.00778994, 0.00808865, 0.00849216, 0.00530812, 0.00614582, 0.00530338, 0.0064643, 0.00803625, 0.00778218, 0.00765912, 0.00429533, 0.00414964, 0.00553051, 0.00384885, 0.00513527, 0.00592441, 0.00412401, 0.00473377, 0.00798078, 0.00554495, 0.00652053, 0.00812458, 0.00725734, 0.00665905, 0.0061705, 0.00514412, 0.00466679, 0.00727594, 0.0042296, 0.00445328, 0.00873063, 0.00826007, 0.00446345, 0.00467787, 0.00845145, 0.00604533, 0.0064249, 0.00585161, 0.00550393, 0.00704323, 0.00806386, 0.00686952, 0.00858203, 0.00568637, 0.00839393, 0.00422553, 0.00597341, 0.00755354, 0.00480745, 0.00626063, 0.00495491, 0.00465659, 0.00582836, 0.00482742, 0.00702314, 0.00548067, 0.00605042, 0.00694407, 0.00649723, 0.00641785, 0.00726051, 0.00496927, 0.00594129, 0.00769086, 0.00778515, 0.00758181];
GivenLatency = [174.786, 230.208, 149.993, 159.912, 150.763, 132.883, 150.384, 222.216, 111.744, 180.552, 193.911, 190.303, 268.621, 152.63, 126.021, 151.512, 241.693, 126.049, 215.075, 144.243, 185.333, 161.929, 196.954, 138.955, 207.749, 172.771, 167.681, 284.415, 139.449, 129.059, 253.344, 254.786, 179.54, 153.821, 167.541, 126.878, 123.723, 136.263, 213.602, 128.313, 140.847, 194.561, 155.871, 118.011, 142.922, 255.359, 191.498, 193.266, 186.201, 162.925, 138.474, 144.957, 172.814, 174.748, 189.256, 232.857, 165.081, 123.977, 176.804, 123.085, 181.972, 190, 122.277, 146.858, 124.203, 184.978, 200.917, 188.135, 193.576, 130.178, 148.801, 127.695, 274.854, 233.36, 232.345, 314.607, 224.542, 170.916, 298.089, 227.875, 155.926, 196.048, 165.681, 131.863, 163.959, 152.732, 190.105, 185.577, 240.085, 176.353, 250.105, 258.478, 119.755, 139.425, 265.487, 245.634, 115.42, 173.781, 155.904, 176.041, 199.886, 182.153, 135.199, 176.34, 147.387, 178.628, 135.366, 225.64, 184.421, 147.166, 251.304, 155.916, 235.451, 276.204, 194.162, 268.492, 139.152, 174.412, 189.719, 148.027, 191.99, 163.853, 163.49, 226.811, 173.804, 131.887, 122.897, 127.563];
HighestPossibleCritFunctionValue = 1.1;
