NumDevices = 16;
NumSlotes = 128;


GivenBandwidthOld = [0.0371249, 0.0783255, 0.0366325, 0.0516997, 0.037461, 0.0763951, 0.0423929, 0.0668775, 0.0308039, 0.040961, 0.0515688, 0.0373891, 0.0690395, 0.0669298, 0.059495, 0.0527799];
GivenLatency = [48.4251, 24.9243, 37.6525, 31.0721, 42.1221, 25.4254, 43.4756, 25.3097, 49.4598, 35.7042, 31.3534, 43.5891, 25.2593, 23.4517, 24.5836, 27.7872];
HighestPossibleCritFunctionValue = 1.1;
