NumDevices = 128;
NumSlotes = 1024;


GivenBandwidthOld = [0.00437329, 0.00431546, 0.00751392, 0.00773529, 0.00959247, 0.00443089, 0.00998675, 0.00598952, 0.00584942, 0.00739036, 0.00604196, 0.00601539, 0.00948439, 0.00665955, 0.00460091, 0.00501875, 0.00885775, 0.00602505, 0.0091924, 0.00540961, 0.00925033, 0.00400578, 0.00896589, 0.00467152, 0.00421928, 0.009723, 0.00442643, 0.00998763, 0.00830797, 0.00949749, 0.0080074, 0.00795175, 0.00375271, 0.00555778, 0.00593589, 0.00455583, 0.00983356, 0.00638693, 0.00385856, 0.00965127, 0.00519594, 0.0055844, 0.00951558, 0.00581195, 0.00891533, 0.00496505, 0.00641614, 0.00726895, 0.00918167, 0.00626155, 0.00912307, 0.00896652, 0.00909224, 0.00945019, 0.00688195, 0.00484911, 0.00773809, 0.00660508, 0.00784738, 0.00587691, 0.00689948, 0.00575619, 0.00927467, 0.00694933, 0.00617639, 0.00902943, 0.00390082, 0.00740529, 0.00694494, 0.00739358, 0.00396438, 0.00681103, 0.00673596, 0.00754301, 0.00912545, 0.00510919, 0.00390018, 0.00909355, 0.00656751, 0.00767124, 0.00798963, 0.00926091, 0.00681801, 0.00525794, 0.00396233, 0.00983935, 0.00989908, 0.0076486, 0.00882032, 0.00809385, 0.00459754, 0.00468518, 0.00873592, 0.00844131, 0.00680299, 0.00903861, 0.00819006, 0.00914919, 0.00415683, 0.00381058, 0.0093519, 0.00493428, 0.00797613, 0.00729297, 0.00670252, 0.00797709, 0.00469337, 0.00893791, 0.0094249, 0.00687248, 0.00824944, 0.00711482, 0.00630444, 0.00499336, 0.0071867, 0.00813084, 0.00758669, 0.0058194, 0.00908201, 0.00641183, 0.0098312, 0.00427973, 0.00689144, 0.00821204, 0.00977393, 0.00419726, 0.00830036, 0.0066085];
GivenLatency = [803.549, 868.772, 481.452, 637.51, 500.446, 804.959, 455.252, 559.055, 824.442, 622.106, 772.985, 634.03, 463.413, 589.199, 894.999, 847.522, 485.305, 601.629, 501.774, 640.866, 444.159, 932.366, 468.949, 883.6, 1162.43, 385.224, 1044.36, 365.637, 519.573, 379.979, 466.996, 522.312, 977.439, 889.588, 602.065, 880.46, 350.864, 610.543, 1069.55, 462.436, 700.552, 638.299, 373.551, 858.055, 400.315, 820.022, 735.629, 486.271, 372.932, 556.798, 538.518, 416.059, 409.74, 356.14, 519.735, 975.755, 592.462, 654.887, 445.132, 662.407, 600.352, 598.357, 490.705, 630.392, 772.393, 465.639, 1120.23, 532.016, 635.934, 484.31, 953.043, 507.05, 697.412, 479.924, 486.623, 948.949, 1103.54, 399.343, 531.394, 527.196, 445.216, 530.175, 521.52, 803.573, 991.577, 441.371, 359.675, 480.666, 438.38, 477.701, 753.261, 725.147, 444.323, 478.731, 725.761, 426.355, 575.005, 402.406, 1074.75, 877.524, 507.646, 964.024, 440.994, 659.018, 620.314, 582.241, 965.656, 413.748, 440.636, 716.426, 498.419, 635.201, 787.184, 887.092, 513.763, 477.283, 654.573, 612.364, 525.059, 719.534, 363.103, 808.25, 492.781, 414.809, 489.032, 850.391, 478.125, 522.702];
HighestPossibleCritFunctionValue = 1.1;
