NumDevices = 128;
NumSlotes = 1024;


GivenBandwidthOld = [0.00173626, 0.0020091, 0.00323932, 0.0013993, 0.00435425, 0.00247032, 0.00186301, 0.00417931, 0.00288228, 0.00371939, 0.00422028, 0.00402686, 0.00315944, 0.00257682, 0.00422984, 0.00220951, 0.00269458, 0.00224894, 0.00293117, 0.00348307, 0.00432064, 0.00328012, 0.00276124, 0.00378967, 0.00428207, 0.0018173, 0.00146129, 0.00243184, 0.00190647, 0.00334591, 0.00221377, 0.00241981, 0.00283832, 0.00246173, 0.00434686, 0.00325924, 0.00180517, 0.00392408, 0.00392761, 0.0037643, 0.00281144, 0.00377364, 0.00356063, 0.00170985, 0.00182413, 0.00378487, 0.0016123, 0.00295413, 0.00186688, 0.00347666, 0.00281788, 0.00252252, 0.00417572, 0.00203024, 0.00219951, 0.00339886, 0.00155165, 0.00241066, 0.00217935, 0.00209023, 0.00416732, 0.00138311, 0.00403752, 0.00416905, 0.00235846, 0.00297117, 0.00393577, 0.00346992, 0.00204688, 0.00381184, 0.00182013, 0.00216247, 0.00280224, 0.00221363, 0.00324021, 0.00385633, 0.00266828, 0.0038991, 0.0028717, 0.00397652, 0.00402677, 0.00160446, 0.00244859, 0.00225866, 0.0037197, 0.003294, 0.00160485, 0.002776, 0.00179609, 0.00436381, 0.00378128, 0.00376566, 0.00387242, 0.00132663, 0.00162913, 0.00134475, 0.00302999, 0.00188557, 0.00196159, 0.00163983, 0.00316162, 0.00177342, 0.00145461, 0.00264068, 0.00256581, 0.00354039, 0.00203424, 0.00381576, 0.00215897, 0.00336423, 0.00378363, 0.00266038, 0.00236871, 0.00339012, 0.00145262, 0.00364311, 0.00356705, 0.00334342, 0.00403201, 0.00229933, 0.00293707, 0.00265914, 0.00339071, 0.00211944, 0.00149064, 0.00186583, 0.00148643, 0.00310516];
GivenLatency = [248.586, 244.583, 136.458, 233.049, 120.872, 133.957, 276.977, 134.861, 164.707, 85.5322, 86.2376, 95.6553, 119.439, 157.945, 122.156, 221.75, 234.15, 161.41, 167.992, 139.839, 128.69, 96.011, 191.492, 85.7392, 74.9809, 294.74, 424.443, 202.494, 224.299, 117.424, 166.843, 175.768, 111.854, 255.112, 103.42, 155.629, 201.616, 127.473, 110.851, 92.2521, 199.725, 160.302, 108.59, 208.075, 190.372, 139.5, 305.372, 115.452, 299.608, 113.21, 179.567, 131.63, 145.187, 289.342, 144.623, 135.314, 216.308, 192.335, 204.829, 173.505, 83.242, 259.54, 99.064, 83.5906, 170.01, 182.911, 79.4526, 101.665, 198.923, 102.748, 194.341, 152.789, 152.773, 254.551, 104.442, 107.048, 130.861, 102.722, 165.666, 140.802, 117.668, 265.678, 150.399, 224.728, 164.012, 100.914, 279.113, 143.353, 320.861, 131.737, 83.3221, 113.931, 157.318, 335.194, 311.35, 253.756, 104.461, 171.827, 197.375, 195.962, 110.34, 360.871, 243.392, 130.515, 136.02, 97.5861, 160.16, 87.0427, 195.482, 96.805, 170.562, 133.997, 229.479, 148.428, 383.046, 162.838, 129.135, 178.293, 145.743, 136.441, 163.773, 130.156, 102.016, 271.196, 241.069, 217.576, 215.056, 162.036];
HighestPossibleCritFunctionValue = 1.1;
