NumDevices = 128;
NumSlotes = 1024;


GivenBandwidthOld = [0.00800797, 0.00490605, 0.0084729, 0.00650953, 0.00816182, 0.00945842, 0.00764914, 0.00532734, 0.00792945, 0.00395513, 0.00755606, 0.0097409, 0.00523939, 0.00464359, 0.00974092, 0.00570432, 0.00631031, 0.00991959, 0.00863872, 0.00601401, 0.00496376, 0.00963295, 0.0098211, 0.00941587, 0.0049828, 0.00474139, 0.00974472, 0.0070179, 0.00854083, 0.00444998, 0.00577001, 0.00400893, 0.00552035, 0.00805601, 0.0061056, 0.00679652, 0.00664745, 0.00749929, 0.00553954, 0.00549929, 0.00411198, 0.00632883, 0.00862265, 0.00457377, 0.00518258, 0.00611948, 0.00890107, 0.00903073, 0.00705825, 0.00551553, 0.00819523, 0.00849317, 0.00977596, 0.00700992, 0.00564358, 0.00417975, 0.00788786, 0.00493802, 0.00822483, 0.00591319, 0.00418375, 0.0062748, 0.00679604, 0.00486021, 0.00683987, 0.00387644, 0.00386288, 0.00712732, 0.00381092, 0.00894805, 0.00494569, 0.00598421, 0.00409183, 0.00508948, 0.00388379, 0.00863959, 0.0081527, 0.00610326, 0.00494025, 0.00836066, 0.0076557, 0.00933739, 0.0047117, 0.00452567, 0.00924339, 0.00609255, 0.00622015, 0.00713408, 0.00505996, 0.00777626, 0.00436887, 0.00515034, 0.00807792, 0.00557551, 0.0038642, 0.00434941, 0.00931235, 0.00900483, 0.00914715, 0.00736853, 0.0078185, 0.0079847, 0.00762506, 0.00686312, 0.00722777, 0.00460831, 0.0042944, 0.00972735, 0.00877418, 0.00763566, 0.0038194, 0.00769746, 0.00487709, 0.00919861, 0.00973384, 0.00534139, 0.00641478, 0.00944378, 0.00537155, 0.00709217, 0.00681239, 0.00453677, 0.00819176, 0.00647326, 0.00487134, 0.00634191, 0.00973356, 0.00686807];
GivenLatency = [434.431, 948.098, 565.948, 623.267, 520.697, 439.855, 600.828, 847.001, 533.47, 940.927, 638.218, 363.637, 756.689, 772.565, 471.925, 596.695, 792.047, 498.671, 420.059, 566.437, 908.565, 354.966, 449.574, 470.79, 901.691, 852.605, 418.428, 645.334, 444.413, 857.204, 725.558, 845.702, 614.274, 520.34, 708.561, 610.397, 553.805, 456.402, 689.068, 689.009, 930.394, 756.764, 407.998, 1086.17, 855.77, 660.54, 505.664, 370.263, 478.932, 683.418, 422.941, 441.922, 496.672, 520.07, 688.334, 818.955, 457.944, 803.227, 605.145, 587.454, 1077.42, 645.647, 606.475, 813.672, 544.941, 1123.02, 1163.78, 482.168, 1088.72, 498.305, 816.935, 724.674, 1121.77, 982.167, 987.092, 441.377, 495.941, 554.116, 740.652, 539.81, 453.736, 528.674, 743.581, 841.304, 490.171, 610.403, 676.894, 471.853, 913.618, 586.38, 852.698, 782.483, 577.516, 615.075, 1185.54, 1007.06, 475.84, 386.331, 535.845, 480.536, 601.545, 523.568, 654.234, 490.11, 687.746, 1077.36, 951.921, 375.537, 564.358, 562.365, 1088.54, 619.036, 750.09, 403.419, 345.266, 748.445, 677.799, 483.452, 874.444, 557.622, 655.685, 822.054, 504.612, 538.218, 961.952, 642.091, 379.331, 514.37];
HighestPossibleCritFunctionValue = 1.1;
