NumDevices = 128;
NumSlotes = 1024;


GivenBandwidthOld = [0.00579988, 0.00613483, 0.00554151, 0.00866156, 0.00727595, 0.00434129, 0.00649751, 0.00621858, 0.00819745, 0.00705193, 0.00422546, 0.00477812, 0.00844484, 0.00498461, 0.00391923, 0.00807858, 0.00411486, 0.00593935, 0.00521354, 0.00647956, 0.00450813, 0.00569564, 0.00407865, 0.00731474, 0.00639227, 0.0073323, 0.00650724, 0.0046516, 0.00698537, 0.00562989, 0.00410108, 0.00436214, 0.00690426, 0.00736124, 0.00793385, 0.00677548, 0.00798387, 0.00746473, 0.00728788, 0.00482978, 0.00659327, 0.00553752, 0.00655944, 0.00701108, 0.00764958, 0.00406392, 0.0048401, 0.00497775, 0.0085692, 0.00497274, 0.00428894, 0.00675898, 0.00569753, 0.00585758, 0.00584581, 0.00802501, 0.00389973, 0.00521091, 0.00733289, 0.00641429, 0.00741841, 0.0037605, 0.00519264, 0.00517239, 0.00494294, 0.00856692, 0.00665742, 0.00868566, 0.00745127, 0.00600617, 0.0082764, 0.00392608, 0.00810875, 0.0062713, 0.00417575, 0.00436302, 0.00679858, 0.00626817, 0.0066445, 0.00654829, 0.00464956, 0.00759744, 0.00766177, 0.00387813, 0.00718673, 0.00491432, 0.0074456, 0.00571168, 0.00864494, 0.00807461, 0.00741044, 0.00476719, 0.00460629, 0.00535242, 0.00569682, 0.00388699, 0.00616809, 0.00457261, 0.00434995, 0.00706595, 0.00487822, 0.00573289, 0.00525667, 0.00632184, 0.00871444, 0.00607483, 0.00721354, 0.00545073, 0.00792292, 0.00804563, 0.00541156, 0.00460024, 0.00874662, 0.00701994, 0.00656962, 0.00812364, 0.00657674, 0.00780824, 0.00557117, 0.0070858, 0.0085406, 0.00440858, 0.00751834, 0.00826115, 0.00762376, 0.00496148, 0.00504107, 0.00781145];
GivenLatency = [212.006, 155.262, 180.717, 139.942, 140.695, 225.2, 163.564, 198.916, 141.609, 164.958, 230.287, 269.214, 142.507, 253.501, 258.426, 143.679, 283.945, 174.505, 185.894, 179.855, 237.146, 179.365, 260.147, 162.99, 162.717, 138.182, 190.618, 225.525, 136.619, 222.751, 304.226, 293.137, 140.933, 129.453, 142.785, 175.318, 132.874, 142.856, 168.686, 207.64, 150.573, 173.581, 177.417, 158.31, 127.031, 238.316, 260.082, 236.82, 116.072, 248.175, 292.572, 188.743, 222.238, 221.503, 172.792, 121.483, 245.412, 242.112, 163.257, 160.117, 150.144, 310.849, 215.104, 206.737, 249.553, 150.787, 150.727, 133.088, 155.387, 198.796, 120.389, 276.326, 130.723, 155.11, 251.944, 240.499, 169.989, 171.171, 147.201, 186.042, 205.018, 128.31, 140.749, 288.566, 140.799, 203.014, 138.865, 185.015, 128.125, 128.588, 132.978, 225.038, 242.793, 204.422, 199.291, 309.312, 198.206, 212.712, 243.523, 135.335, 212.14, 193.693, 195.519, 172.528, 125.652, 163.166, 169.627, 206.012, 141.864, 160.762, 225.312, 256.332, 126.897, 166.442, 150.872, 137.59, 191.21, 126.744, 197.712, 167.953, 133.807, 254.803, 169.983, 148.695, 146.979, 252.016, 215.486, 163.607];
HighestPossibleCritFunctionValue = 1.1;
