NumDevices = 128;
NumSlotes = 1024;


GivenBandwidthOld = [0.00147136, 0.00283274, 0.00238367, 0.00165798, 0.00189924, 0.00366874, 0.00297523, 0.00337773, 0.00265784, 0.00351597, 0.00408458, 0.00145132, 0.00363312, 0.00426979, 0.00174963, 0.00162671, 0.00132386, 0.0020681, 0.00418875, 0.00212567, 0.0030908, 0.00201614, 0.00276432, 0.00249434, 0.00234899, 0.00319947, 0.0034776, 0.00307855, 0.00236723, 0.00352352, 0.00286864, 0.00253424, 0.0041693, 0.00344947, 0.00218053, 0.0031753, 0.00355442, 0.00355288, 0.00263202, 0.00383586, 0.00234255, 0.00428046, 0.00293484, 0.00278747, 0.00395961, 0.0041317, 0.00267897, 0.00232036, 0.00328505, 0.00425528, 0.00169426, 0.00231331, 0.00350424, 0.00392986, 0.00408682, 0.00151626, 0.00435048, 0.00161146, 0.00135299, 0.00406815, 0.00332366, 0.00325096, 0.00331741, 0.00139601, 0.00203999, 0.00356734, 0.00197245, 0.00279731, 0.00374098, 0.00160415, 0.00349963, 0.00147521, 0.00204924, 0.00274449, 0.00348863, 0.00405051, 0.0037706, 0.0023932, 0.00254508, 0.00208355, 0.00136112, 0.00327337, 0.00173677, 0.00427387, 0.0016341, 0.00366839, 0.00331512, 0.00345596, 0.00181252, 0.00243556, 0.00199035, 0.00373752, 0.00274417, 0.0043324, 0.00394596, 0.00286542, 0.0016566, 0.00379656, 0.00436086, 0.00426337, 0.00324502, 0.00350983, 0.0040846, 0.00168496, 0.00232215, 0.00207492, 0.00326435, 0.00326864, 0.00356482, 0.00337191, 0.001672, 0.00312119, 0.00346966, 0.0038766, 0.00271621, 0.00315669, 0.00318453, 0.00232134, 0.00418369, 0.001485, 0.00405714, 0.00280387, 0.00144331, 0.00329522, 0.00335593, 0.00186782, 0.00361751, 0.00140126];
GivenLatency = [290.461, 177.73, 202.222, 202.365, 181.357, 138.743, 116.196, 109.442, 186.577, 104.688, 148.159, 222.474, 106.019, 111.83, 301.805, 303.037, 483.983, 215.252, 87.6734, 295.723, 152.222, 287.505, 139.379, 237.477, 157.736, 99.505, 127.936, 137.065, 187.285, 99.1007, 116.623, 213.437, 141.021, 102.525, 228.307, 166.213, 89.6618, 110.212, 168.417, 130.071, 152.098, 79.505, 185.98, 183.552, 102.596, 79.7216, 125.497, 139.81, 104.999, 103.196, 248.013, 143.575, 110.511, 147.07, 160.811, 213.419, 137.05, 250.378, 278.276, 81.8992, 168.454, 97.7844, 101.887, 252.276, 271.801, 124.653, 273.278, 164.619, 102.552, 344.598, 140.428, 348.34, 181.924, 158.117, 130.789, 107.389, 96.868, 167.482, 249.203, 285.159, 283.562, 111.594, 213.396, 88.1872, 204.225, 168.437, 127.676, 114.921, 183.075, 189.785, 179.424, 131.37, 119.972, 76.05, 125.03, 206.744, 192.279, 85.9281, 93.15, 102.704, 165.715, 125.619, 78.7073, 374.962, 256.192, 171.945, 146.595, 134.067, 91.2742, 172.225, 228.065, 196.002, 104.103, 108.078, 164.869, 143.675, 114.883, 147.899, 87.2988, 433.689, 113.659, 140.69, 328.268, 108.554, 98.9853, 203.406, 107.017, 386.133];
HighestPossibleCritFunctionValue = 1.1;
