NumDevices = 128;
NumSlotes = 1024;


GivenBandwidthOld = [0.00836585, 0.00742718, 0.00612935, 0.00846275, 0.00593418, 0.00831728, 0.00610243, 0.00605975, 0.00869439, 0.00411399, 0.00627935, 0.00454799, 0.00559227, 0.00672027, 0.00508104, 0.00458398, 0.00545666, 0.00755354, 0.00487323, 0.00683574, 0.00581764, 0.00461095, 0.008737, 0.00517939, 0.00743314, 0.00633861, 0.00553671, 0.00803786, 0.00483219, 0.00711245, 0.00652425, 0.00554785, 0.00528633, 0.00482098, 0.00379573, 0.00728506, 0.00751613, 0.00607576, 0.00778864, 0.00617216, 0.00796252, 0.00850017, 0.00483539, 0.00589777, 0.00629646, 0.00711568, 0.00576095, 0.006762, 0.00639111, 0.00794196, 0.00808716, 0.00835152, 0.00647127, 0.00516933, 0.00848461, 0.00826756, 0.00544201, 0.00636152, 0.00552912, 0.00545086, 0.00516001, 0.00680699, 0.00763686, 0.00515395, 0.00493377, 0.00431376, 0.00380272, 0.00481431, 0.00666139, 0.00542561, 0.005805, 0.00706159, 0.00667514, 0.00650065, 0.0039921, 0.00776441, 0.0039637, 0.00541102, 0.00557068, 0.00399662, 0.00871353, 0.00585967, 0.00591499, 0.0056999, 0.00578795, 0.00558705, 0.00404701, 0.0056323, 0.00463921, 0.00867031, 0.00445755, 0.00556982, 0.00440197, 0.00638852, 0.00427681, 0.00785573, 0.00869174, 0.00460249, 0.00655151, 0.00872867, 0.00529822, 0.00465339, 0.0070787, 0.00420984, 0.00723756, 0.0041574, 0.00586418, 0.00670778, 0.00512855, 0.0080756, 0.00417988, 0.00381277, 0.00379607, 0.00811034, 0.00806491, 0.00445115, 0.00796158, 0.00781847, 0.00756929, 0.00451369, 0.00402713, 0.00640208, 0.0072393, 0.00846449, 0.00515792, 0.00673359, 0.00393156, 0.00523885];
GivenLatency = [126.404, 161.304, 178.224, 122.755, 198.436, 149.714, 186.701, 189.979, 111.814, 286.319, 176.052, 222.399, 222.843, 180.575, 211.574, 263.878, 229.868, 134.98, 240.902, 151.76, 198.505, 268.248, 142.469, 222.545, 149.729, 160.868, 203.1, 127.774, 252.784, 178.765, 183.614, 200.484, 202.258, 207.873, 256.471, 173.259, 140.038, 199.803, 135.471, 193.092, 122.788, 118.317, 200.262, 162.638, 155.705, 170.461, 175.618, 143.091, 159.159, 138.347, 151.712, 142.524, 173.187, 240.601, 142.394, 120.271, 176.16, 157.276, 177.865, 192.628, 190.418, 183.36, 137.091, 237.338, 202.628, 254.196, 328.588, 201.733, 176.631, 237.165, 174.423, 176.203, 154.895, 183.674, 251.509, 133.873, 324.925, 204.303, 225.708, 305.79, 113.151, 201.977, 213.261, 193.076, 204.094, 229.609, 270.953, 190.577, 212.216, 109.906, 257.13, 184.958, 289.423, 202.606, 269.961, 134.838, 131.233, 224.394, 185.023, 144.707, 197.56, 214.913, 166.089, 251.555, 166.176, 240.501, 207.205, 159.481, 238.54, 142.834, 265.82, 338.227, 267.979, 124.492, 134.963, 264.551, 160.381, 137.396, 163.021, 256.449, 243.301, 151.894, 173.203, 127.598, 200.154, 175.098, 256.962, 240.628];
HighestPossibleCritFunctionValue = 1.1;
