NumDevices = 64;
NumSlotes = 512;


GivenBandwidthOld = [0.0133268, 0.013539, 0.0180052, 0.0190392, 0.00886649, 0.011516, 0.0170146, 0.0195954, 0.00752121, 0.0139578, 0.0180701, 0.0091583, 0.0160129, 0.00924378, 0.0151237, 0.0142409, 0.0141925, 0.0132849, 0.00978164, 0.0174521, 0.00923541, 0.0120256, 0.0197709, 0.0195961, 0.0184593, 0.0136705, 0.0145684, 0.0185827, 0.0115039, 0.0141026, 0.0146793, 0.00806919, 0.0113493, 0.0150763, 0.0172851, 0.0162737, 0.0164031, 0.0175073, 0.012752, 0.0160863, 0.0168385, 0.0101555, 0.0137819, 0.0122938, 0.0149018, 0.0101454, 0.0184354, 0.0111142, 0.0141955, 0.0132358, 0.00991646, 0.00841537, 0.0171043, 0.0139821, 0.0146447, 0.0140665, 0.00864247, 0.00905988, 0.0118238, 0.0149483, 0.0155643, 0.0194405, 0.0172854, 0.00844043];
GivenLatency = [203.405, 201.7, 153.801, 153.414, 272.708, 243.057, 164.207, 118.958, 394.41, 198.086, 142.224, 257.309, 152.556, 263.286, 177.628, 160.744, 156.843, 193.354, 317.467, 133.624, 326.619, 266.835, 113.994, 148.235, 132.358, 164.952, 170.808, 143.932, 246.152, 190.935, 178.766, 397.668, 198.66, 164.025, 179.94, 156.505, 176.955, 132.79, 222.973, 178.25, 170.263, 233.753, 171.837, 235.479, 192.039, 266.435, 155.137, 203.865, 200.409, 231.262, 306.084, 278.078, 149.357, 160.337, 176.988, 167.394, 342.514, 302.827, 213.524, 162.527, 193.596, 144.606, 129.78, 328.252];
HighestPossibleCritFunctionValue = 1.1;
