NumDevices = 32;
NumSlotes = 256;


GivenBandwidthOld = [0.0330847, 0.0151824, 0.0313715, 0.0203945, 0.030236, 0.0366876, 0.0186181, 0.0242033, 0.0206328, 0.036069, 0.0218068, 0.0166296, 0.0289605, 0.0245762, 0.0376068, 0.0179047, 0.0336104, 0.0257487, 0.0186815, 0.0393575, 0.0169658, 0.0286598, 0.0197926, 0.0387028, 0.0386713, 0.0336344, 0.0277013, 0.0350583, 0.0341988, 0.0394287, 0.0380142, 0.0399034];
GivenLatency = [73.5256, 122.978, 68.7962, 85.7569, 72.0478, 48.8145, 101.883, 96.7225, 83.3877, 52.3578, 94.9375, 144.168, 61.6393, 76.893, 63.2052, 129.431, 64.6211, 91.6382, 102.975, 49.8322, 136.511, 78.545, 86.3772, 64.5549, 46.9193, 52.2538, 74.3838, 61.3982, 61.7164, 59.2209, 58.1195, 44.6484];
HighestPossibleCritFunctionValue = 1.1;
