NumDevices = 128;
NumSlotes = 1024;


GivenBandwidthOld = [0.00648616, 0.00906868, 0.00734591, 0.00892756, 0.00420235, 0.0063414, 0.00740224, 0.00561604, 0.00381483, 0.0057665, 0.00748675, 0.00736796, 0.00454894, 0.0065682, 0.00681394, 0.00564172, 0.00412834, 0.00622051, 0.0068695, 0.00812189, 0.00708654, 0.00602352, 0.00846434, 0.00633964, 0.00912188, 0.00762804, 0.00700819, 0.00782185, 0.00805614, 0.0083031, 0.0088911, 0.00395433, 0.00660664, 0.00909042, 0.00388333, 0.00710813, 0.00631261, 0.0048166, 0.00506346, 0.00412528, 0.0047477, 0.00963966, 0.00998114, 0.00558297, 0.00414794, 0.00435823, 0.00749952, 0.00945165, 0.00630692, 0.00912735, 0.0058304, 0.00648586, 0.00406005, 0.00852205, 0.00763402, 0.00745073, 0.00820843, 0.00536546, 0.00478181, 0.00786055, 0.00854477, 0.0082425, 0.00927281, 0.00680258, 0.00846436, 0.00674358, 0.00436597, 0.00630773, 0.00408812, 0.00527089, 0.00908714, 0.00514335, 0.0092963, 0.00789007, 0.00469373, 0.00884139, 0.00601083, 0.00780706, 0.00941567, 0.00785524, 0.00671469, 0.00632286, 0.00832034, 0.00492993, 0.00987613, 0.00932782, 0.00645455, 0.00916521, 0.00465311, 0.00724028, 0.00866845, 0.00566527, 0.00622284, 0.00850266, 0.00675961, 0.00495592, 0.00908034, 0.00955587, 0.00797065, 0.00889173, 0.0082708, 0.00991864, 0.00503098, 0.00815957, 0.00906495, 0.00709706, 0.00784101, 0.00505352, 0.005694, 0.00781017, 0.00558825, 0.00551778, 0.00853382, 0.00538651, 0.00857997, 0.0061018, 0.00537446, 0.00597435, 0.00714013, 0.0066208, 0.00951855, 0.00573367, 0.00574978, 0.00782601, 0.00919669, 0.00883766, 0.00581403, 0.0064468];
GivenLatency = [768.277, 431.247, 566.275, 470.684, 1155.61, 535.714, 559.277, 684.953, 961.119, 742.853, 619.153, 525.463, 1062.54, 625.216, 633.433, 689.221, 948.389, 569.905, 687.414, 478.894, 483.521, 756.897, 567.834, 659.53, 399.164, 467.195, 549.919, 428.277, 521.884, 584.587, 391.323, 912.339, 569.43, 454.133, 1215.92, 601.363, 598.078, 766.564, 673.326, 927.42, 711.48, 363.858, 366.699, 634.379, 1020.73, 800.436, 531.661, 457.466, 563.008, 465.615, 703.646, 658.924, 905.387, 398.702, 440.914, 534.711, 510.759, 627.542, 994.404, 490.903, 497.699, 482.315, 413.405, 625.738, 521.828, 664.949, 766.574, 615.697, 1065.67, 773.719, 374.877, 917.956, 396.939, 481.302, 713.572, 469.417, 577.335, 521.468, 439.815, 538.691, 628.729, 575.683, 470.257, 676.428, 379.871, 371.811, 616.018, 385.449, 962.992, 665.565, 478.441, 649.703, 546.182, 430.979, 533.338, 841.832, 400.796, 478.436, 454.727, 384.312, 475.21, 346.016, 838.266, 484.208, 456.164, 522.812, 485.096, 765.509, 657.238, 466.487, 655.237, 789.687, 403.347, 647.823, 477.051, 562.762, 638.689, 602.126, 470.543, 555.144, 481.479, 656.577, 601.828, 452.948, 446.97, 446.203, 650.025, 604.113];
HighestPossibleCritFunctionValue = 1.1;
