NumDevices = 128;
NumSlotes = 1024;


GivenBandwidthOld = [0.00774584, 0.00686222, 0.00584558, 0.00418915, 0.004599, 0.0079304, 0.00873023, 0.00653589, 0.00614201, 0.0062532, 0.00501761, 0.00841797, 0.00826079, 0.0065287, 0.00530514, 0.00595023, 0.00796846, 0.00838961, 0.00661764, 0.00518995, 0.00507372, 0.00659255, 0.0084583, 0.00613722, 0.0057568, 0.00703597, 0.0061097, 0.00823192, 0.00631709, 0.00376518, 0.00389997, 0.00427335, 0.00465258, 0.00846888, 0.00394239, 0.00725042, 0.00533749, 0.00462133, 0.00825153, 0.00595229, 0.00769891, 0.00810903, 0.00590752, 0.00518838, 0.00862181, 0.00425698, 0.0045881, 0.00478209, 0.00507327, 0.00392486, 0.00759881, 0.00571293, 0.0047563, 0.0066543, 0.00632088, 0.0074453, 0.00558235, 0.00509397, 0.00690249, 0.00770048, 0.00444746, 0.00594516, 0.0077814, 0.00455003, 0.00481557, 0.00779102, 0.00614604, 0.00405386, 0.00568776, 0.0066627, 0.0075119, 0.00504696, 0.00672701, 0.00840018, 0.00429148, 0.00447949, 0.00431793, 0.00395497, 0.00864367, 0.00663728, 0.00528187, 0.00489508, 0.00415018, 0.00462092, 0.00630516, 0.00827305, 0.00763914, 0.00859794, 0.00801828, 0.00577296, 0.00870224, 0.00608888, 0.00827014, 0.00375537, 0.00396937, 0.00572967, 0.00599622, 0.00589051, 0.0043475, 0.0059507, 0.00597354, 0.00484314, 0.00618737, 0.00859764, 0.008051, 0.0057119, 0.00733833, 0.0077299, 0.00389606, 0.00864419, 0.00545713, 0.00547684, 0.00675688, 0.00532985, 0.00633145, 0.0051706, 0.00473285, 0.00744317, 0.00488953, 0.00583043, 0.00460417, 0.00478858, 0.00417603, 0.00396438, 0.00681036, 0.00430525, 0.00581656, 0.00639018];
GivenLatency = [133.075, 157.343, 173.62, 242.007, 239.962, 130.228, 114.186, 180.132, 198.783, 193.295, 253.39, 113.899, 138.561, 161.692, 236.153, 182.815, 145.058, 128.143, 169.944, 246.366, 205.647, 184.879, 152.63, 196.283, 211.006, 158.617, 179.233, 150.233, 150.888, 268.434, 323.358, 248.831, 253.113, 119.601, 299.289, 167.595, 192.647, 233.653, 134.69, 208.315, 130.66, 134.208, 164.456, 195.2, 121.966, 275.317, 217.705, 212.965, 227.069, 277.308, 134.981, 174.649, 227.478, 191.895, 196.355, 140.025, 220.177, 252.47, 148.78, 150.787, 216.442, 162.605, 133.252, 272.165, 254.383, 127.679, 169.729, 293.159, 180.52, 158.921, 128.749, 230.919, 147.109, 144.566, 264.102, 254.764, 279.867, 246.23, 115.817, 153.728, 213.793, 211.872, 249.586, 237.026, 187.629, 154.062, 152.587, 136.629, 131.042, 182.101, 112.236, 186.372, 121.805, 262.107, 262.44, 180.417, 190.757, 198.928, 222.774, 192.56, 174.656, 214.84, 180.693, 119.285, 147.13, 217.019, 130.725, 166.57, 264.636, 115.278, 200.301, 235.943, 151.237, 183.533, 189.341, 210.63, 268.876, 129.605, 198.915, 171.701, 241.205, 228.545, 241.138, 278.914, 159.19, 275.354, 169.423, 173.037];
HighestPossibleCritFunctionValue = 1.1;
