NumDevices = 128;
NumSlotes = 1024;


GivenBandwidthOld = [0.00493355, 0.0056471, 0.00834897, 0.00872086, 0.00407458, 0.00397489, 0.0084262, 0.0066589, 0.00855528, 0.00613452, 0.00537035, 0.00704111, 0.00739339, 0.00814637, 0.0085369, 0.0072206, 0.00417296, 0.00737323, 0.00431475, 0.00546753, 0.00519967, 0.00840802, 0.00603127, 0.00507513, 0.00514143, 0.00448211, 0.00832525, 0.0050185, 0.00836813, 0.00568983, 0.00648331, 0.00754664, 0.00391015, 0.00537496, 0.00442684, 0.00436574, 0.00756328, 0.00848434, 0.00376603, 0.00819471, 0.00607032, 0.00643949, 0.00605508, 0.00531001, 0.00791986, 0.00662333, 0.00584372, 0.00794734, 0.00850634, 0.00849092, 0.00432136, 0.00664771, 0.00562968, 0.00549629, 0.00871461, 0.00387088, 0.00540373, 0.00800814, 0.00526905, 0.00446887, 0.00577047, 0.00675983, 0.00495537, 0.00745389, 0.00495363, 0.00807585, 0.00826983, 0.00848779, 0.00680337, 0.00678954, 0.00423167, 0.00423754, 0.00777235, 0.00733654, 0.00768153, 0.00600071, 0.00646029, 0.00560688, 0.0072647, 0.00533087, 0.00840647, 0.00510912, 0.00653244, 0.00819549, 0.00415441, 0.00565602, 0.0082547, 0.00430731, 0.00552353, 0.00649624, 0.00479789, 0.00558668, 0.00784113, 0.00840089, 0.006177, 0.00434146, 0.00434048, 0.00797781, 0.00560876, 0.0040056, 0.00458828, 0.00779735, 0.00763691, 0.00598734, 0.00673514, 0.00494649, 0.00816202, 0.00653359, 0.00753034, 0.00497157, 0.00471437, 0.00693937, 0.00744816, 0.00871938, 0.00404448, 0.00810929, 0.00537489, 0.00827323, 0.00569577, 0.00633878, 0.00845489, 0.00387524, 0.00861065, 0.00669389, 0.00678023, 0.00776486, 0.00657715, 0.00471364];
GivenLatency = [247.066, 191.048, 125.679, 112.13, 279.458, 265.794, 125.139, 176.861, 116.279, 178.782, 179.03, 166.341, 144.898, 143.558, 137.915, 163.287, 303.39, 145.457, 244.019, 174.999, 227.665, 120, 171.953, 191.919, 230.553, 217.63, 149.662, 256.697, 129.988, 221.801, 152.269, 145.015, 286.202, 180.297, 245.491, 264.76, 165.357, 149.447, 293.521, 122.256, 163.484, 181.209, 163.485, 226.222, 122.975, 157.339, 190.391, 144.34, 129.433, 137.356, 233.902, 150.025, 181.025, 223.119, 121.665, 309.862, 240.009, 129.746, 220.446, 228.215, 177.912, 162.019, 242.786, 134.858, 230.24, 154.962, 148.303, 137.995, 168.586, 190.941, 296.071, 255.773, 153.559, 151.476, 139.713, 213.146, 152.322, 171.976, 152.206, 241.77, 133.372, 206.452, 150.447, 150.186, 309.909, 193.542, 148.239, 226.341, 182.282, 149.972, 263.167, 179.1, 144.334, 139.399, 157.736, 241.034, 226.722, 129.681, 224.59, 320.06, 212.516, 140.491, 167.516, 172.405, 165.093, 206.459, 158.996, 162.538, 129.382, 206.948, 259.996, 180.263, 138.403, 123.946, 317.429, 147.84, 213.323, 124.228, 207.333, 167.141, 135.102, 274.834, 119.24, 191.829, 180.533, 141.864, 146.751, 222.498];
HighestPossibleCritFunctionValue = 1.1;
