NumDevices = 64;
NumSlotes = 512;


GivenBandwidthOld = [0.0159353, 0.00887445, 0.00788241, 0.0147157, 0.0122751, 0.0122554, 0.0123169, 0.0156362, 0.0129429, 0.0163229, 0.0133928, 0.0174766, 0.0139479, 0.0172081, 0.0116313, 0.0121562, 0.0138598, 0.0172318, 0.0101558, 0.0136664, 0.0160139, 0.0113505, 0.0121326, 0.017464, 0.0126846, 0.0150933, 0.00779713, 0.0113981, 0.0122619, 0.0111271, 0.00813553, 0.00884948, 0.00828, 0.0169499, 0.0114233, 0.016188, 0.016944, 0.0131476, 0.0161823, 0.0109132, 0.013441, 0.00798212, 0.0104105, 0.0141952, 0.0137324, 0.0154424, 0.0155009, 0.00814536, 0.0140583, 0.0136497, 0.0161535, 0.0163071, 0.00832203, 0.0133376, 0.0101828, 0.0079955, 0.0153611, 0.00880157, 0.0130464, 0.0156567, 0.00773728, 0.0154023, 0.0109966, 0.014604];
GivenLatency = [61.2365, 103.647, 126.323, 63.8234, 76.591, 87.0784, 80.5632, 60.5106, 75.62, 65.6731, 86.5461, 69.0877, 71.5373, 61.5498, 85.1326, 102.491, 74.5706, 55.3954, 108.962, 69.4961, 75.6738, 94.5213, 101.472, 58.5834, 78.9231, 65.9013, 156.099, 88.7514, 83.3969, 104.713, 124.306, 103.299, 124.454, 57.7039, 89.8547, 60.2792, 71.6974, 92.2801, 71.2098, 98.9721, 71.8558, 125.632, 94.9448, 66.1023, 80.1443, 78.3291, 71.9084, 126.836, 75.6717, 70.5291, 74.5468, 76.4339, 110.858, 69.7285, 97.0726, 117.748, 66.5134, 109.81, 88.9998, 67.8059, 119.591, 59.9144, 100.667, 81.705];
HighestPossibleCritFunctionValue = 1.1;
