NumDevices = 8;
NumSlotes = 64;


GivenBandwidthOld = [0.0608367, 0.0618464, 0.0320696, 0.0243818, 0.0642259, 0.0243607, 0.0597172, 0.0466325];
GivenLatency = [8.11086, 5.42605, 14.801, 20.7767, 4.70646, 15.6199, 8.13523, 8.58519];
HighestPossibleCritFunctionValue = 1.1;
