NumDevices = 64;
NumSlotes = 512;


GivenBandwidthOld = [0.0148126, 0.00999295, 0.0164882, 0.012272, 0.010069, 0.0143995, 0.0166797, 0.0101037, 0.00840078, 0.0169696, 0.0125643, 0.0136499, 0.00839509, 0.0113604, 0.00879841, 0.00990839, 0.015375, 0.0122856, 0.00988006, 0.00923378, 0.0171229, 0.010396, 0.0104023, 0.0166396, 0.016091, 0.0167479, 0.0174742, 0.013802, 0.0149162, 0.0112387, 0.014199, 0.0170218, 0.0107584, 0.0115038, 0.00958068, 0.00754946, 0.00871223, 0.011381, 0.0148243, 0.00777414, 0.0150323, 0.0125979, 0.0171773, 0.0145158, 0.0127421, 0.0107159, 0.0169132, 0.01475, 0.00824772, 0.0145054, 0.0170578, 0.0146475, 0.0150979, 0.0158376, 0.00782178, 0.0156201, 0.0117446, 0.015988, 0.0159968, 0.0127297, 0.0128968, 0.0119482, 0.00770603, 0.0102397];
GivenLatency = [69.7132, 112.394, 57.4518, 79.3466, 103.348, 71.8077, 56.0232, 95.926, 129.485, 70.8824, 95.8532, 76.2187, 125.196, 93.0141, 107.505, 100.25, 67.0002, 94.8127, 95.9805, 118.426, 63.8746, 118.797, 88.3427, 61.2721, 58.2057, 60.33, 53.2795, 71.8175, 66.7324, 110.738, 65.1766, 67.0915, 91.4609, 103.374, 112.022, 163.433, 125.305, 95.2865, 63.8605, 139.417, 64.8155, 99.1993, 55.7396, 64.13, 92.9681, 109.235, 73.5261, 80.9768, 149.407, 84.1975, 60.0626, 80.4532, 64.7371, 71.4082, 134.92, 78.3773, 95.0654, 59.1891, 61.4811, 79.0409, 86.6543, 99.2654, 118.489, 98.7066];
HighestPossibleCritFunctionValue = 1.1;
