NumDevices = 64;
NumSlotes = 512;


GivenBandwidthOld = [0.00752148, 0.00468593, 0.0039271, 0.00646761, 0.00478191, 0.00457935, 0.00638054, 0.00394985, 0.00754484, 0.00364538, 0.00295976, 0.00475578, 0.00283934, 0.00583702, 0.00658683, 0.00855901, 0.00511297, 0.00613654, 0.00314357, 0.00643388, 0.00671382, 0.00540231, 0.00665762, 0.00461446, 0.00280721, 0.00330937, 0.00566238, 0.0026645, 0.00479417, 0.0044293, 0.00324828, 0.00381226, 0.00768486, 0.00688396, 0.00250199, 0.00473737, 0.00599368, 0.00835754, 0.00645135, 0.00654585, 0.00732947, 0.0026658, 0.00786473, 0.00497009, 0.00477949, 0.00764539, 0.0060301, 0.00788588, 0.00421437, 0.00347576, 0.00831599, 0.00809522, 0.00390293, 0.00659375, 0.00623037, 0.00501894, 0.00699699, 0.00839725, 0.00504319, 0.00831402, 0.00626693, 0.00697501, 0.0077819, 0.0065981];
GivenLatency = [65.5013, 124.491, 119.16, 50.5266, 88.0704, 131, 89.8124, 139.799, 73.3426, 154.232, 208.788, 102.29, 119.952, 64.9243, 48.7832, 48.0182, 104.831, 52.5621, 109.151, 51.2089, 49.4261, 59.5075, 94.1356, 74.5552, 117.841, 95.2407, 59.8991, 135.824, 68.7155, 108.19, 112.626, 83.8221, 58.5759, 57.6608, 132.709, 122.259, 75.0163, 68.1753, 76.6147, 90.0448, 83.144, 223.517, 80.8348, 66.9107, 68.0134, 66.899, 74.7899, 52.2308, 82.026, 148.604, 45.3485, 45.5137, 84.0014, 86.6647, 61.4752, 106.378, 75.9416, 43.089, 88.8689, 40.0502, 52.8873, 55.5262, 45.2803, 84.844];
HighestPossibleCritFunctionValue = 1.1;
