NumDevices = 16;
NumSlotes = 128;


GivenBandwidthOld = [0.0386657, 0.0341335, 0.0610015, 0.0325865, 0.0606239, 0.0455225, 0.0359062, 0.0562169, 0.0571664, 0.0552231, 0.0353009, 0.0416056, 0.0459011, 0.0391524, 0.0537268, 0.0462603];
GivenLatency = [26.5744, 27.343, 17.7715, 27.6842, 17.112, 22.7402, 26.0639, 15.5425, 13.4957, 16.6826, 23.884, 21.4395, 17.8931, 26.491, 18.4159, 18.4278];
HighestPossibleCritFunctionValue = 1.1;
