NumDevices = 64;
NumSlotes = 512;


GivenBandwidthOld = [0.0071105, 0.00374601, 0.00661431, 0.00793802, 0.00551147, 0.00370734, 0.00680007, 0.00494539, 0.00844587, 0.00341764, 0.00657924, 0.00598161, 0.005489, 0.00739211, 0.0054259, 0.0030958, 0.00360996, 0.00758354, 0.00412247, 0.00263093, 0.00311963, 0.00417865, 0.00311306, 0.00627519, 0.00840084, 0.00298712, 0.00819985, 0.00617584, 0.007292, 0.00409275, 0.00302702, 0.00391417, 0.00797114, 0.00600785, 0.00272693, 0.00400638, 0.00779256, 0.00460547, 0.00779526, 0.00620404, 0.00631166, 0.0087351, 0.00835388, 0.00733782, 0.00540969, 0.00567769, 0.00370316, 0.00532004, 0.00520927, 0.00589208, 0.0069757, 0.00686473, 0.00423611, 0.00628734, 0.00636948, 0.00563692, 0.00596041, 0.00542383, 0.00577609, 0.00745207, 0.00686496, 0.00821929, 0.00787251, 0.00447568];
GivenLatency = [47.3627, 127.827, 61.794, 56.1306, 80.189, 114.158, 48.1067, 69.0281, 38.3399, 158.519, 60.822, 52.4875, 80.1756, 46.907, 85.9801, 110.598, 92.9326, 69.4444, 85.2124, 156.682, 151.113, 90.6622, 182.787, 88.9439, 70.5107, 197.511, 40.5693, 94.2983, 82.6891, 135.908, 118.817, 163.761, 49.3554, 70.7309, 171.295, 157.266, 39.6596, 79.8755, 67.9895, 59.4594, 64.8698, 51.6324, 55.5141, 88.4785, 71.5473, 109.211, 156.31, 71.5132, 63.7982, 60.6307, 67.8321, 54.4081, 79.1745, 83.773, 92.5614, 59.9337, 72.5718, 68.8188, 70.2126, 55.8224, 49.0655, 71.0209, 65.9929, 93.1391];
HighestPossibleCritFunctionValue = 1.1;
