NumDevices = 128;
NumSlotes = 1024;


GivenBandwidthOld = [0.00464369, 0.00407441, 0.00606195, 0.00571914, 0.004136, 0.00626943, 0.00783259, 0.004856, 0.00727018, 0.00734009, 0.0074206, 0.0055145, 0.00466487, 0.00499635, 0.00622623, 0.00674807, 0.00731427, 0.00843622, 0.00496301, 0.00580485, 0.00468699, 0.00679483, 0.00828985, 0.00495558, 0.00585691, 0.00455698, 0.00660402, 0.00622694, 0.00867413, 0.00854198, 0.00749434, 0.00479354, 0.00750424, 0.0062639, 0.00479236, 0.00771135, 0.00719768, 0.00393253, 0.00652772, 0.00385427, 0.00615031, 0.00569331, 0.00498531, 0.00553995, 0.00735948, 0.00823133, 0.00653499, 0.00599916, 0.00536381, 0.00705996, 0.00421021, 0.00857148, 0.00834703, 0.00602945, 0.00455279, 0.00631763, 0.00783989, 0.00762301, 0.00742246, 0.0067738, 0.00474449, 0.00821373, 0.00571815, 0.00737102, 0.00720038, 0.00433784, 0.00852865, 0.00857941, 0.00658267, 0.00744254, 0.00422152, 0.00864448, 0.00532357, 0.00567351, 0.00714622, 0.00398188, 0.00599967, 0.00399266, 0.00707521, 0.00552412, 0.00639468, 0.00787313, 0.00619595, 0.00788873, 0.00842824, 0.0059027, 0.00425504, 0.00688546, 0.00650358, 0.00812237, 0.00517561, 0.00404194, 0.00537368, 0.00788656, 0.00685757, 0.00770316, 0.00448575, 0.00448152, 0.00839496, 0.00658446, 0.0074452, 0.00393619, 0.0080933, 0.00665705, 0.00752498, 0.00485058, 0.0061647, 0.00765205, 0.00553981, 0.00500605, 0.00416075, 0.00723657, 0.00761124, 0.00459168, 0.00493783, 0.0076589, 0.00555679, 0.00552131, 0.00420218, 0.00856058, 0.00521746, 0.00740549, 0.00661651, 0.00624149, 0.00827716, 0.00676896, 0.00833065, 0.00571489];
GivenLatency = [218.791, 256.595, 160.538, 203.978, 258.947, 190.294, 131.597, 246.486, 144.97, 141.14, 169.996, 229.321, 222.295, 237.127, 177.302, 142.486, 176.261, 153.229, 218.621, 188.739, 203.481, 149.32, 118.887, 216.303, 217.482, 235.913, 167.804, 198.353, 113.208, 138.233, 141.874, 206.438, 145.339, 196.273, 200.115, 148.258, 145.624, 318.982, 192.612, 315.797, 198.04, 227.006, 207.127, 220.932, 135.922, 125.229, 145.759, 163.759, 180.92, 166.817, 237.267, 140.661, 150.719, 188.953, 244.415, 171.18, 131.064, 131.305, 142.347, 170.404, 222.929, 150.185, 226.729, 143.916, 180.188, 252.208, 137.505, 122.747, 177.394, 163.312, 250.886, 142.872, 192.637, 211.2, 136.784, 244.446, 163.214, 255.977, 135.582, 200.461, 161.097, 163.654, 153.941, 148.32, 122.706, 210.701, 231.348, 165.138, 159.358, 127.232, 213.686, 307.73, 235.41, 132.81, 163.683, 140.591, 227.17, 215.619, 151.07, 161.822, 154.845, 287.356, 155.309, 155.888, 162.367, 206.522, 165.371, 138.199, 187.286, 215.572, 258.587, 152.135, 147.84, 230.156, 226.744, 141.602, 231.803, 222.022, 253.515, 129.613, 193.546, 175.125, 162.296, 179.077, 138.697, 154.058, 131.609, 174.96];
HighestPossibleCritFunctionValue = 1.1;
