NumDevices = 32;
NumSlotes = 256;


GivenBandwidthOld = [0.0279415, 0.0228354, 0.0289541, 0.0161233, 0.0191499, 0.036603, 0.0217386, 0.0203522, 0.0191268, 0.0244689, 0.0340099, 0.0386279, 0.0298237, 0.0316018, 0.0162224, 0.0352213, 0.0240011, 0.0221333, 0.0299822, 0.0207325, 0.0363611, 0.03045, 0.0334347, 0.0222435, 0.0309027, 0.0162644, 0.0399594, 0.0328834, 0.031229, 0.0264177, 0.0373721, 0.0221027];
GivenLatency = [60.1581, 78.1768, 77.1426, 136.99, 94.5697, 51.56, 84.8194, 90.1871, 127.592, 82.3375, 53.2593, 46.1946, 75.7332, 53.5539, 129.332, 60.2413, 103.898, 95.8521, 63.3818, 101.745, 52.8274, 63.5579, 64.306, 108.373, 60.0922, 108.808, 47.9681, 54.779, 54.5694, 94.5376, 64.1486, 109.922];
HighestPossibleCritFunctionValue = 1.1;
