NumDevices = 16;
NumSlotes = 128;


GivenBandwidthOld = [0.0461966, 0.0457402, 0.0747462, 0.0300035, 0.039149, 0.0465646, 0.0305633, 0.0471695, 0.0483118, 0.0468946, 0.0767437, 0.0519274, 0.0644816, 0.061765, 0.0544759, 0.0471444];
GivenLatency = [29.8064, 32.6524, 18.5394, 48.0715, 45.5553, 32.9893, 53.9504, 35.2641, 36.6758, 30.9522, 20.1514, 33.9718, 23.2857, 22.6003, 26.5162, 30.163];
HighestPossibleCritFunctionValue = 1.1;
