NumDevices = 128;
NumSlotes = 1024;


GivenBandwidthOld = [0.00490806, 0.00727747, 0.00497977, 0.00745307, 0.00624961, 0.00475112, 0.00457264, 0.00481354, 0.00870683, 0.00815948, 0.00387346, 0.00872398, 0.00636925, 0.00540228, 0.00862634, 0.00533614, 0.00698442, 0.00466848, 0.00567443, 0.00764384, 0.00747921, 0.00554658, 0.00381089, 0.00710339, 0.0041257, 0.00820281, 0.00720818, 0.00535286, 0.00806742, 0.00657204, 0.00381435, 0.0052141, 0.00588729, 0.00516406, 0.00485121, 0.00676298, 0.00783631, 0.00737699, 0.00754845, 0.00423447, 0.00629272, 0.0042544, 0.00621965, 0.00614821, 0.00541126, 0.00448258, 0.00618696, 0.00669975, 0.00524836, 0.0066271, 0.0041648, 0.0053337, 0.00593281, 0.00516602, 0.00785595, 0.00740011, 0.00615265, 0.00502133, 0.00592068, 0.00639832, 0.00408465, 0.0082292, 0.00567863, 0.00825354, 0.00469228, 0.00565355, 0.00676736, 0.0064385, 0.00437874, 0.00590642, 0.00665538, 0.00450873, 0.00574192, 0.00690271, 0.00630855, 0.00534086, 0.00633277, 0.00737197, 0.00823798, 0.00828486, 0.00606476, 0.00796349, 0.00488639, 0.00813318, 0.00687295, 0.00625067, 0.007536, 0.00498855, 0.00501586, 0.00402611, 0.00441279, 0.00829725, 0.0043212, 0.0039178, 0.0039338, 0.00780386, 0.00696209, 0.0043308, 0.00524995, 0.00837556, 0.00546716, 0.00408955, 0.00554143, 0.00740018, 0.00733063, 0.00843151, 0.00585575, 0.00512293, 0.00854539, 0.00487113, 0.00659904, 0.0075764, 0.0039908, 0.00595479, 0.00458255, 0.00639374, 0.00712781, 0.00452763, 0.00843338, 0.00733333, 0.00379146, 0.00559521, 0.00611523, 0.00610024, 0.00423422, 0.00696677, 0.00805738, 0.00793386];
GivenLatency = [215.614, 131.58, 211.162, 135.015, 178.402, 235.599, 269.776, 215.353, 113.135, 120.597, 292.194, 117.155, 176.161, 219.749, 138.69, 199.742, 170.221, 213.843, 190.954, 158.608, 173.195, 223.495, 292.115, 178.371, 303.285, 146.161, 167.193, 209.554, 128.959, 155.494, 286.03, 237.705, 176.813, 207.179, 262.178, 153.215, 142.53, 136.06, 130.568, 254.402, 155.672, 254.446, 193.264, 163.521, 194.457, 230.153, 169.922, 155.966, 202.027, 159.624, 253.543, 242.447, 170.882, 240.986, 164.775, 165.691, 170.234, 203.019, 213.834, 182.157, 288.903, 137.605, 177.075, 126.223, 206.575, 193.376, 166.93, 175.989, 242.091, 204.328, 153.304, 232.863, 167.126, 173.995, 175.744, 238.139, 194.843, 150.857, 134.324, 139.942, 205.657, 156.649, 201.481, 126.771, 138.896, 172.867, 166.367, 225.918, 216.858, 279.868, 288.085, 124.015, 287.396, 312.123, 274.177, 124.71, 148.673, 249.657, 184.9, 131.937, 182.484, 244.763, 196.409, 163.724, 166.883, 124.728, 210.249, 233.4, 117.307, 197.145, 145.027, 150.893, 264.078, 173.703, 240.513, 158.87, 146.998, 217.23, 133.694, 151.807, 298.56, 207.416, 170.673, 198.258, 230.73, 172.904, 150.842, 153.77];
HighestPossibleCritFunctionValue = 1.1;
