NumDevices = 64;
NumSlotes = 512;


GivenBandwidthOld = [0.0081862, 0.00798071, 0.00425023, 0.00605982, 0.00739162, 0.00344271, 0.00280901, 0.00847861, 0.00374445, 0.0054781, 0.0054224, 0.00681546, 0.00747522, 0.00853093, 0.00812415, 0.00265599, 0.00545276, 0.00448634, 0.00571379, 0.00415434, 0.00692124, 0.00395902, 0.00556662, 0.00564559, 0.00797728, 0.00280966, 0.00698997, 0.00290759, 0.0028587, 0.00609208, 0.00575993, 0.00472092, 0.00449774, 0.00358046, 0.00547978, 0.00871453, 0.00638116, 0.00807482, 0.00479158, 0.00461822, 0.00339059, 0.00806426, 0.0084662, 0.00773848, 0.00810584, 0.00734381, 0.00615864, 0.00576868, 0.00796085, 0.00795142, 0.00576606, 0.00773467, 0.00665829, 0.00335078, 0.00785965, 0.00712045, 0.00840679, 0.00283726, 0.00824799, 0.0026348, 0.00557229, 0.00716212, 0.00252556, 0.00706661];
GivenLatency = [66.5427, 75.5624, 126.564, 59.8394, 77.3454, 105.437, 200.518, 62.5949, 127.896, 58.3818, 90.109, 49.8398, 41.4432, 47.3458, 69.3848, 147.553, 57.7166, 71.0515, 100.519, 120.047, 55.2301, 163.098, 58.9104, 61.6052, 44.5998, 138.942, 78.3457, 112.283, 144.126, 71.0991, 57.2025, 70.2242, 115.472, 114.496, 88.2567, 63.9861, 49.2849, 40.0886, 122.784, 116.358, 103.819, 39.4309, 61.6384, 73.8618, 47.3483, 61.0348, 62.9059, 55.5653, 69.241, 50.7908, 58.7703, 58.9851, 54.0816, 141.271, 65.0546, 56.8426, 59.8518, 143.301, 38.9048, 134.843, 63.2496, 44.268, 204.49, 45.8569];
HighestPossibleCritFunctionValue = 1.1;
