NumDevices = 16;
NumSlotes = 128;


GivenBandwidthOld = [0.034287, 0.0270765, 0.0155714, 0.0230479, 0.0317475, 0.0205905, 0.0287539, 0.031588, 0.0145753, 0.0322795, 0.0123273, 0.0248134, 0.0284506, 0.0343322, 0.0114026, 0.0340837];
GivenLatency = [8.81895, 12.2767, 26.5022, 15.526, 13.5009, 27.4676, 19.0576, 14.2891, 28.7179, 9.53233, 44.2138, 15.5968, 20.3556, 14.0321, 32.9938, 17.2838];
HighestPossibleCritFunctionValue = 1.1;
