NumDevices = 128;
NumSlotes = 1024;


GivenBandwidthOld = [0.00676162, 0.00499783, 0.00603821, 0.00665551, 0.00664525, 0.0042427, 0.00459961, 0.00820807, 0.005469, 0.00500105, 0.00508175, 0.00651704, 0.00441068, 0.00787843, 0.00519562, 0.00536181, 0.00836302, 0.00471341, 0.00574242, 0.00539177, 0.00705891, 0.00654371, 0.00766461, 0.00667521, 0.00779341, 0.00640395, 0.00865153, 0.00379249, 0.0079033, 0.00824908, 0.00482633, 0.00858747, 0.00703998, 0.00848754, 0.00757306, 0.00798429, 0.00444292, 0.00466823, 0.00642518, 0.00551714, 0.00412558, 0.00604395, 0.00816701, 0.00540276, 0.00672178, 0.00539344, 0.00501759, 0.00819194, 0.00444946, 0.00464699, 0.00448933, 0.00463241, 0.00442716, 0.00474109, 0.00600462, 0.00710975, 0.00614289, 0.00605255, 0.00771347, 0.00785802, 0.00731425, 0.00806395, 0.00836812, 0.0054377, 0.00399347, 0.00572119, 0.00849615, 0.00727841, 0.00565665, 0.00382343, 0.00793642, 0.00495062, 0.00763439, 0.00867529, 0.0080719, 0.00689087, 0.00731454, 0.00804344, 0.00862813, 0.00554592, 0.00784665, 0.00621215, 0.00518365, 0.00418025, 0.00493843, 0.00776516, 0.006618, 0.00622992, 0.00870404, 0.00622193, 0.00440436, 0.00658886, 0.00641405, 0.00848331, 0.00656062, 0.00683664, 0.00588606, 0.00457597, 0.00588803, 0.00762438, 0.00550602, 0.00721842, 0.0074181, 0.00843184, 0.0063742, 0.00873272, 0.00841412, 0.00866565, 0.00610581, 0.00788827, 0.00562014, 0.0052553, 0.00827127, 0.0077016, 0.00827766, 0.00520574, 0.00540858, 0.00447418, 0.00512495, 0.00749853, 0.00525743, 0.00416832, 0.00444372, 0.00809687, 0.00659283, 0.00824107, 0.00519493, 0.00872525];
GivenLatency = [149.054, 230.572, 180.544, 170.326, 181.785, 224.756, 268.691, 131.001, 233.092, 235.299, 240.471, 168.337, 275.294, 157.932, 223.311, 197.802, 132.882, 240.372, 224.354, 182.596, 138.212, 174.521, 143.573, 169.984, 149.35, 199.664, 134.93, 295.782, 122.144, 154.958, 200.167, 118.265, 146.52, 112.764, 133.125, 129.249, 222.546, 243.417, 175.286, 218.5, 269.257, 188.641, 120.642, 236.417, 176.683, 180.927, 230.782, 151.898, 266.505, 245.925, 223.482, 261.532, 221.987, 263.728, 161.884, 152.731, 177.673, 176.652, 124.418, 129.952, 139.56, 152.718, 120.631, 197.97, 241.025, 184.546, 141.19, 159.492, 187.2, 284.292, 120.279, 241.663, 127.27, 123.947, 124.466, 173.289, 167.861, 119.246, 132.395, 215.204, 129.077, 170.667, 191.298, 236.546, 238.353, 162.387, 170.32, 197.966, 123.115, 188.08, 240.436, 178.841, 182.749, 127.041, 165.995, 152.904, 182.846, 243.768, 168.982, 154.465, 189.126, 158.257, 156.705, 136.741, 174.89, 134.202, 153.793, 123.431, 178.193, 154.536, 169.46, 208.765, 116.064, 159.074, 118.513, 201.671, 190.626, 277.971, 232.617, 128.482, 221.038, 280.949, 238.951, 141.984, 163.729, 134.328, 209.472, 110.245];
HighestPossibleCritFunctionValue = 1.1;
