NumDevices = 64;
NumSlotes = 512;


GivenBandwidthOld = [0.0139014, 0.0155211, 0.00755832, 0.00775463, 0.017034, 0.0154502, 0.0165994, 0.01185, 0.0081378, 0.0169716, 0.0162153, 0.0153622, 0.0170429, 0.0147461, 0.0127614, 0.0165323, 0.0126409, 0.0101201, 0.0138433, 0.00893153, 0.0171705, 0.00977681, 0.0137913, 0.0159975, 0.0145486, 0.0133722, 0.0117694, 0.0136163, 0.0133556, 0.012139, 0.0144685, 0.0167854, 0.00773993, 0.00999583, 0.0148981, 0.00794516, 0.00923337, 0.010204, 0.013099, 0.00996117, 0.0124039, 0.00788711, 0.0136897, 0.0172108, 0.0166604, 0.0161356, 0.0166371, 0.0153523, 0.0117839, 0.00753452, 0.00768378, 0.0162876, 0.0107965, 0.0123877, 0.0157225, 0.0123841, 0.0152256, 0.0123817, 0.0143138, 0.0164865, 0.0128283, 0.0104408, 0.0140608, 0.0144319];
GivenLatency = [79.0875, 73.9972, 151.473, 153.567, 55.8864, 71.7458, 59.8963, 77.1988, 113.665, 64.4826, 62.4815, 75.7295, 63.9353, 64.8329, 94.2674, 63.5668, 95.3797, 107.049, 77.6826, 115.905, 64.6066, 113.423, 85.1941, 73.6319, 74.2727, 73.7979, 84.3647, 68.2284, 84.0798, 88.133, 78.0207, 64.6298, 138.665, 95.9753, 74.3179, 130.79, 99.6697, 110.17, 79.6167, 117.17, 91.4944, 120.314, 70.8183, 63.1097, 69.1798, 56.5184, 73.2948, 78.8446, 90.6288, 142.079, 140.925, 76.4787, 102.967, 88.5979, 70.1476, 98.9187, 62.6207, 85.0533, 71.6121, 71.7729, 92.5487, 116.491, 86.7566, 80.9272];
HighestPossibleCritFunctionValue = 1.1;
