NumDevices = 32;
NumSlotes = 256;


GivenBandwidthOld = [0.0233918, 0.0166218, 0.0323948, 0.0287233, 0.0226677, 0.0254632, 0.0300084, 0.020925, 0.0166322, 0.0281198, 0.0187882, 0.0236306, 0.0293563, 0.020824, 0.0183981, 0.0265774, 0.0168757, 0.0202307, 0.0271416, 0.018492, 0.025461, 0.0334564, 0.0321008, 0.0277597, 0.0268896, 0.0239933, 0.0254051, 0.0340625, 0.0182049, 0.0196361, 0.0342639, 0.0241131];
GivenLatency = [46.6597, 64.3799, 25.9935, 36.8749, 44.6707, 39.7651, 27.991, 53.1888, 57.0213, 41.3194, 58.6818, 41.1096, 32.5398, 42.9862, 61.3831, 34.0158, 60.0006, 46.2247, 34.2637, 61.2648, 39.2377, 29.4141, 32.3796, 38.9408, 37.1645, 38.4336, 45.398, 28.6983, 51.6922, 58.1215, 27.9572, 45.3938];
HighestPossibleCritFunctionValue = 1.1;
