NumDevices = 32;
NumSlotes = 256;


GivenBandwidthOld = [0.0105997, 0.00629366, 0.00997694, 0.0149486, 0.0108476, 0.010011, 0.0118252, 0.0161519, 0.00926135, 0.0130568, 0.0154136, 0.013749, 0.0110978, 0.0162217, 0.00828043, 0.014167, 0.0124812, 0.0158029, 0.00710305, 0.0134513, 0.00853817, 0.00845889, 0.0136312, 0.00625748, 0.0144747, 0.00851222, 0.00993553, 0.00636856, 0.00643189, 0.00819308, 0.00856438, 0.0115879];
GivenLatency = [31.9926, 66.893, 38.891, 21.6098, 40.2922, 53.5311, 39.1692, 20.6557, 59.4123, 42.4638, 26.4144, 24.9727, 28.4726, 25.4225, 38.2114, 36.8885, 37.7999, 33.8348, 54.4838, 25.968, 41.7947, 68.9603, 25.3602, 79.9478, 22.776, 61.0433, 35.1479, 100.256, 60.5336, 43.0226, 35.7499, 46.0074];
HighestPossibleCritFunctionValue = 1.1;
