NumDevices = 64;
NumSlotes = 512;


GivenBandwidthOld = [0.0150778, 0.0179877, 0.0120237, 0.0123418, 0.00790555, 0.0111364, 0.0124501, 0.0160626, 0.0197722, 0.0161083, 0.0122334, 0.0115745, 0.0129529, 0.0167286, 0.0118824, 0.0125511, 0.0141408, 0.0191087, 0.0150287, 0.0174429, 0.0180743, 0.0178335, 0.0193312, 0.0168353, 0.0180522, 0.00850891, 0.0142467, 0.0124621, 0.0172046, 0.0132732, 0.0134716, 0.0103814, 0.010098, 0.00946908, 0.0142398, 0.00848151, 0.0162941, 0.0106476, 0.00842634, 0.0139699, 0.00886894, 0.0153296, 0.011258, 0.018135, 0.0126382, 0.0156718, 0.0141119, 0.0090142, 0.0191229, 0.0161373, 0.0119318, 0.0181262, 0.0148593, 0.0194928, 0.00774223, 0.0162263, 0.00825223, 0.0127262, 0.0191676, 0.0172552, 0.0127562, 0.0104767, 0.0121084, 0.0113984];
GivenLatency = [171.212, 139.74, 261.039, 185.571, 286.868, 234.713, 235.679, 197.74, 124.574, 139.713, 199.489, 205.498, 215.439, 188.667, 233.075, 215.704, 190.244, 117.072, 156.017, 152.938, 150.053, 155.47, 137.158, 193.515, 149.306, 354.483, 183.897, 262.683, 143.863, 200.432, 178.044, 251.253, 235.584, 257.646, 159.769, 306.35, 144.296, 266.796, 269.989, 164.844, 279.725, 186.463, 265.05, 124.551, 185.765, 193.206, 162.776, 251.909, 148.839, 155.275, 223.384, 132.949, 153.059, 144.256, 323.32, 196.281, 342.257, 243.506, 120.705, 172.392, 249.967, 245.838, 220.761, 205.859];
HighestPossibleCritFunctionValue = 1.1;
