NumDevices = 16;
NumSlotes = 128;


GivenBandwidthOld = [0.0363877, 0.0382191, 0.0691232, 0.0738696, 0.0458624, 0.0792863, 0.0356117, 0.0458655, 0.0318115, 0.0751693, 0.0398644, 0.0704418, 0.0359297, 0.0406516, 0.0509746, 0.050704];
GivenLatency = [44.8243, 41.7279, 24.4794, 20.5551, 32.7554, 17.7638, 43.6072, 39.6264, 49.5576, 18.5249, 39.3494, 22.6825, 47.4762, 42.7058, 31.6119, 37.3197];
HighestPossibleCritFunctionValue = 1.1;
