NumDevices = 32;
NumSlotes = 256;


GivenBandwidthOld = [0.0342459, 0.0300593, 0.0162369, 0.0285089, 0.0333567, 0.0358271, 0.0309894, 0.023287, 0.0195176, 0.0167479, 0.017449, 0.0255791, 0.0187561, 0.0180319, 0.0225204, 0.0350206, 0.0268924, 0.0397566, 0.0239445, 0.0201751, 0.0172943, 0.0251588, 0.0286933, 0.0340384, 0.0180195, 0.0382875, 0.0327542, 0.0347469, 0.0266022, 0.038151, 0.0386521, 0.0350588];
GivenLatency = [68.5906, 63.1734, 124.138, 59.0486, 58.3695, 46.9243, 70.96, 72.013, 110.829, 133.004, 111.838, 81.4294, 116.812, 97.8364, 106.349, 63.1863, 78.1854, 52.372, 102.012, 101.221, 125.252, 74.547, 72.3127, 51.4629, 134.197, 48.7278, 51.8753, 56.4576, 83.3852, 46.6221, 47.1873, 52.9168];
HighestPossibleCritFunctionValue = 1.1;
