NumDevices = 32;
NumSlotes = 256;


GivenBandwidthOld = [0.0307922, 0.0342248, 0.0266079, 0.0342639, 0.03319, 0.0345588, 0.039958, 0.0338001, 0.0381474, 0.0277202, 0.0291861, 0.0157597, 0.0331564, 0.0193273, 0.0184569, 0.0156936, 0.0220434, 0.018641, 0.0347326, 0.0365381, 0.0309219, 0.0399004, 0.0155747, 0.0241668, 0.0314843, 0.0172192, 0.0376451, 0.0360724, 0.0281365, 0.0249944, 0.0165966, 0.024502];
GivenLatency = [54.2416, 52.0079, 68.3748, 57.3307, 59.2027, 64.1611, 57.4991, 49.9479, 49.9897, 83.6993, 71.6438, 111.637, 62.774, 123.956, 90.7979, 119.919, 78.7544, 95.8049, 54.0382, 53.5911, 72.641, 60.4465, 118.402, 98.5498, 61.0154, 103.542, 52.2453, 63.6808, 62.47, 67.2046, 117.348, 88.9224];
HighestPossibleCritFunctionValue = 1.1;
