NumDevices = 16;
NumSlotes = 128;


GivenBandwidthOld = [0.0186238, 0.0249976, 0.0252674, 0.0348764, 0.0319025, 0.0256495, 0.0312636, 0.012856, 0.0110094, 0.0251543, 0.0335752, 0.0131671, 0.0139106, 0.010336, 0.0325243, 0.025865];
GivenLatency = [18.7807, 16.6136, 13.633, 15.9085, 11.1534, 15.5437, 10.5182, 36.1683, 30.646, 19.3136, 10.5119, 37.1219, 42.1886, 44.355, 12.3099, 22.3584];
HighestPossibleCritFunctionValue = 1.1;
