NumDevices = 32;
NumSlotes = 256;


GivenBandwidthOld = [0.015903, 0.0134838, 0.00520527, 0.0173938, 0.00757821, 0.0120491, 0.017188, 0.0110647, 0.0100633, 0.0160372, 0.00681052, 0.00947515, 0.00628203, 0.0145343, 0.0105533, 0.01417, 0.0123553, 0.0127232, 0.00868914, 0.00831574, 0.00771612, 0.0172957, 0.00897632, 0.0100806, 0.00676811, 0.00909357, 0.00568698, 0.0136558, 0.00792239, 0.00906032, 0.00934333, 0.0157974];
GivenLatency = [21.5386, 44.7979, 101.758, 24.3355, 64.7476, 51.6453, 31.2736, 28.3983, 56.9534, 24.1525, 50.7807, 40.8032, 51.1866, 25.2856, 29.6381, 32.9208, 35.0327, 25.654, 45.7176, 48.4737, 48.0849, 20.9977, 43.551, 57.1871, 51.4492, 55.59, 80.2988, 34.4628, 46.6898, 47.5805, 58.2642, 33.674];
HighestPossibleCritFunctionValue = 1.1;
