NumDevices = 16;
NumSlotes = 128;


GivenBandwidthOld = [0.0313823, 0.0326786, 0.0188327, 0.0115809, 0.0307205, 0.0339214, 0.032326, 0.0179309, 0.0301103, 0.0294074, 0.0152203, 0.0222156, 0.0171199, 0.0242454, 0.0331553, 0.0314925];
GivenLatency = [17.2156, 17.0521, 20.7414, 33.7921, 12.6802, 10.4658, 13.3362, 31.4187, 10.2531, 10.5684, 20.4418, 28.0192, 30.6938, 19.4054, 13.0357, 15.5335];
HighestPossibleCritFunctionValue = 1.1;
