NumDevices = 128;
NumSlotes = 1024;


GivenBandwidthOld = [0.0060134, 0.00478974, 0.00869777, 0.00590392, 0.00472381, 0.00555506, 0.00643903, 0.0083314, 0.00829765, 0.00613949, 0.00398114, 0.00851247, 0.00650554, 0.00611549, 0.00547913, 0.00528437, 0.00692257, 0.00509944, 0.00386703, 0.00563383, 0.00534644, 0.00518534, 0.00748134, 0.00636489, 0.00728286, 0.00553305, 0.00649247, 0.0063969, 0.00519951, 0.00568432, 0.00390793, 0.00808892, 0.00801577, 0.00849198, 0.00724402, 0.00778638, 0.00826369, 0.00535115, 0.00433513, 0.00807114, 0.00422142, 0.00697003, 0.00781379, 0.00391482, 0.00395049, 0.00843144, 0.00468176, 0.00379702, 0.00396903, 0.00505809, 0.00384959, 0.00760365, 0.00706315, 0.00785293, 0.00672519, 0.00778589, 0.00489867, 0.00447474, 0.00447664, 0.00634389, 0.0042789, 0.0079177, 0.00535187, 0.00633382, 0.00496952, 0.00529693, 0.00807378, 0.00859314, 0.00743298, 0.00852206, 0.00771752, 0.00579451, 0.00582271, 0.00483905, 0.00749227, 0.00513137, 0.00545202, 0.00463045, 0.00651634, 0.00755741, 0.00495215, 0.008267, 0.0059775, 0.00639894, 0.00445694, 0.00525983, 0.00441214, 0.00727337, 0.00611202, 0.00726319, 0.00499722, 0.00584777, 0.00590539, 0.00440141, 0.00695868, 0.00702663, 0.00411512, 0.00532079, 0.00401348, 0.00700709, 0.00561149, 0.00477816, 0.00399993, 0.00430224, 0.00522671, 0.00783918, 0.00563117, 0.00561964, 0.00685295, 0.00495961, 0.00860572, 0.00378928, 0.00396349, 0.00692093, 0.00760944, 0.00435924, 0.0082737, 0.00863781, 0.00825544, 0.00662375, 0.00785611, 0.00514783, 0.007097, 0.00671587, 0.00610225, 0.00798387, 0.00737058, 0.00488828];
GivenLatency = [199.329, 265.69, 125.588, 173.029, 235.319, 202.085, 161.913, 138.419, 130.843, 194.031, 242.986, 114.093, 147.453, 158.659, 192.5, 185.299, 166.051, 236.805, 258.633, 205.059, 208.421, 241.374, 166.07, 172.763, 177.23, 176.379, 195.141, 170.897, 195.959, 172.524, 244.4, 127.767, 160.721, 145.514, 157.722, 157.538, 125.757, 198.938, 286.245, 133.566, 235.745, 152.691, 154.113, 249.932, 295.199, 149.571, 268.352, 270.03, 304.416, 213.553, 262.844, 153.686, 141.959, 137.609, 151.312, 135.778, 226.226, 227.01, 240.358, 188.417, 259.637, 133.358, 203.102, 159.13, 246.061, 196.027, 152.841, 138.426, 141.783, 125.527, 156.854, 179.299, 183.212, 224.147, 139.945, 247.523, 191.46, 240.787, 193.445, 135.597, 222.625, 131.523, 207.521, 197.763, 243.115, 213.289, 245.54, 158.219, 167.17, 169.897, 222.863, 168.258, 162.261, 265.419, 161.054, 137.895, 298.254, 184.545, 268.289, 178.145, 170.016, 256.75, 300.013, 265.667, 195.86, 129.085, 178.177, 190.17, 150.335, 244.226, 131.034, 289.863, 249.732, 148.016, 150.225, 273.172, 153.493, 140.905, 147.896, 168.315, 127.128, 240.827, 163.203, 159.855, 170.845, 142.409, 155.627, 251.503];
HighestPossibleCritFunctionValue = 1.1;
