NumDevices = 64;
NumSlotes = 512;


GivenBandwidthOld = [0.0168689, 0.00889421, 0.0149574, 0.0195684, 0.0157763, 0.0196284, 0.0115432, 0.0121733, 0.0140638, 0.0121445, 0.0183972, 0.0189286, 0.0135176, 0.00801299, 0.0168597, 0.0163996, 0.00837038, 0.0109268, 0.0147662, 0.0173436, 0.0109733, 0.00853709, 0.0128812, 0.0117289, 0.00758203, 0.0112607, 0.0137727, 0.00815378, 0.00809702, 0.01666, 0.00878654, 0.0178522, 0.00873171, 0.00878368, 0.0197752, 0.016176, 0.0130697, 0.0174473, 0.016175, 0.00773605, 0.0122221, 0.00916248, 0.0113798, 0.015497, 0.0125756, 0.012577, 0.0119241, 0.0128292, 0.012926, 0.0151214, 0.0132203, 0.010853, 0.0119496, 0.0171973, 0.0153862, 0.0140162, 0.0131291, 0.015521, 0.0156162, 0.0159948, 0.0172953, 0.0116267, 0.0152456, 0.0135331];
GivenLatency = [136.16, 363.186, 169.262, 159.817, 144.382, 134.881, 208.914, 212.002, 229.055, 250.717, 130.283, 141.614, 172.879, 319.586, 140.982, 169.862, 310.634, 212.414, 155.792, 167.97, 221.352, 338.009, 218.206, 216.394, 342.67, 216.124, 195.968, 277.055, 383.548, 134.32, 265.849, 153.466, 302.77, 294.004, 113.113, 158.784, 196.983, 148.709, 194.084, 326.555, 262.539, 255.932, 219.63, 187.921, 182.627, 233.62, 195.171, 183.61, 187.822, 168.081, 193.401, 228.586, 209.472, 134.23, 155.311, 201.181, 191.067, 193.573, 153.453, 182.551, 134.745, 259.85, 158.794, 183.434];
HighestPossibleCritFunctionValue = 1.1;
