NumDevices = 16;
NumSlotes = 128;


GivenBandwidthOld = [0.0467496, 0.0409143, 0.0660107, 0.0620954, 0.0571335, 0.0625757, 0.0303824, 0.0576308, 0.070224, 0.0745057, 0.0370334, 0.0407828, 0.0568486, 0.0735989, 0.0460887, 0.033065];
GivenLatency = [37.7884, 45.7603, 23.5268, 24.6339, 25.0544, 30.4967, 58.4318, 27.2789, 26.6797, 21.24, 49.4208, 44.8901, 26.1101, 26.8987, 35.7615, 44.4338];
HighestPossibleCritFunctionValue = 1.1;
