NumDevices = 16;
NumSlotes = 128;


GivenBandwidthOld = [0.0100155, 0.0209178, 0.0312425, 0.0319129, 0.0256931, 0.013991, 0.0120416, 0.0225287, 0.0305904, 0.0223667, 0.0321727, 0.01731, 0.0188369, 0.0319983, 0.0103924, 0.0300276];
GivenLatency = [53.8161, 25.2411, 10.9125, 19.004, 19.1064, 22.6379, 36.8067, 23.0123, 10.7496, 16.7516, 13.7975, 32.1484, 17.2404, 13.1833, 55.0899, 10.2582];
HighestPossibleCritFunctionValue = 1.1;
