NumDevices = 128;
NumSlotes = 1024;


GivenBandwidthOld = [0.00428982, 0.00654726, 0.00726743, 0.00611611, 0.00590933, 0.00569463, 0.00713546, 0.00813026, 0.00776433, 0.00754145, 0.00670647, 0.00819351, 0.0058014, 0.00658731, 0.00550153, 0.00673211, 0.00400923, 0.0056486, 0.00852054, 0.00713198, 0.00469209, 0.00746169, 0.00605353, 0.00414192, 0.00580218, 0.00478015, 0.00743563, 0.00806768, 0.00595011, 0.00605303, 0.00583134, 0.00477109, 0.00515667, 0.00562004, 0.00852129, 0.00475893, 0.00578641, 0.00475444, 0.00529662, 0.00781126, 0.00626902, 0.00585828, 0.00758685, 0.00469941, 0.00544803, 0.00755232, 0.00441479, 0.00679602, 0.00828121, 0.0048201, 0.00386771, 0.00710796, 0.00592457, 0.00681413, 0.00756, 0.00842016, 0.00506155, 0.00693921, 0.0048709, 0.00766805, 0.00443386, 0.0073276, 0.00745977, 0.00391838, 0.00866843, 0.0077932, 0.00775197, 0.00483114, 0.00445902, 0.00528549, 0.00573692, 0.00799601, 0.00639342, 0.00679147, 0.00680217, 0.0065005, 0.00632738, 0.0067783, 0.0054636, 0.00421411, 0.00398169, 0.00777286, 0.0059626, 0.00600087, 0.00407473, 0.00646269, 0.00600061, 0.00470069, 0.00696597, 0.00452011, 0.00702171, 0.00634849, 0.00651526, 0.00449137, 0.0040412, 0.00794348, 0.00865223, 0.00548262, 0.00392438, 0.00458477, 0.00864863, 0.00501848, 0.00809221, 0.00832511, 0.00761768, 0.00783624, 0.00620119, 0.00596884, 0.00586889, 0.00599015, 0.00396849, 0.00588629, 0.00840029, 0.00617052, 0.00538705, 0.00759974, 0.00626514, 0.0057297, 0.00654833, 0.00522378, 0.00852496, 0.00642426, 0.00503831, 0.00631894, 0.00494982, 0.00410909, 0.00401595, 0.00862224];
GivenLatency = [252.4, 182.34, 171.273, 166.519, 178.721, 172.514, 139.109, 119.379, 159.842, 152.213, 163.546, 137.728, 216.054, 146.746, 186.036, 156.223, 264.502, 215.386, 113.377, 169.225, 264.3, 152.91, 172.806, 288.909, 212.38, 208.727, 153.27, 121.161, 191.82, 164.04, 180.303, 271.538, 245.196, 225.157, 123.424, 258.042, 172.167, 207.733, 244.776, 125.245, 156.06, 195.984, 147.921, 211.643, 180.291, 147.097, 251.711, 162.564, 131.544, 218.571, 264.026, 176.478, 188.655, 145.814, 132.466, 139.384, 230.61, 166.585, 210.749, 164.39, 218.299, 130.255, 165.233, 273.549, 142.954, 135.084, 125.11, 200.765, 288.083, 203.354, 224.374, 145.895, 166.285, 175.565, 154.439, 181.624, 172.653, 161.443, 200.704, 232.677, 247.49, 154.678, 188.103, 171.362, 252.888, 194.734, 200.867, 219.339, 159.17, 281.401, 154.122, 174.758, 184.438, 257.337, 256.6, 131.514, 125.33, 186.922, 259.41, 209.211, 150.025, 225.118, 158.4, 150.067, 136.03, 126.682, 181.174, 170.313, 209.344, 184.105, 282.855, 170.362, 142.766, 169.69, 177.123, 135.313, 176.957, 185.708, 161.229, 212.777, 129.35, 184.523, 202.501, 159.382, 197.457, 299.794, 310.813, 120.963];
HighestPossibleCritFunctionValue = 1.1;
