NumDevices = 128;
NumSlotes = 1024;


GivenBandwidthOld = [0.00452496, 0.00976229, 0.00857535, 0.00961761, 0.0080965, 0.00542498, 0.00511888, 0.00428008, 0.00661272, 0.00493384, 0.0067721, 0.0086651, 0.00555353, 0.00937519, 0.00885728, 0.00423487, 0.00920631, 0.00789452, 0.00437011, 0.00723341, 0.00558829, 0.0061052, 0.00626693, 0.00578847, 0.00813894, 0.00611276, 0.00837988, 0.00571683, 0.00393003, 0.00456166, 0.00781222, 0.00871147, 0.00994486, 0.00821877, 0.00404966, 0.00896751, 0.00687417, 0.00540275, 0.00658922, 0.00997215, 0.00445245, 0.00980533, 0.00695438, 0.00977577, 0.00392114, 0.00511127, 0.00759428, 0.00838017, 0.00418818, 0.00574495, 0.00791734, 0.00673743, 0.00720703, 0.006061, 0.00722156, 0.00642592, 0.00926553, 0.00954731, 0.00782478, 0.00725837, 0.00645426, 0.00426028, 0.00495494, 0.00521726, 0.00778109, 0.0041982, 0.00539528, 0.0060096, 0.00576283, 0.00841157, 0.00701696, 0.00536324, 0.00499121, 0.00857872, 0.00378091, 0.00450955, 0.00698794, 0.00500651, 0.00946731, 0.00706969, 0.00405746, 0.00876546, 0.00485818, 0.00385478, 0.00859132, 0.00936187, 0.00988899, 0.00676513, 0.00405532, 0.00400487, 0.00608159, 0.00959137, 0.00458744, 0.00990868, 0.00636785, 0.00816506, 0.00770587, 0.00887354, 0.00881245, 0.0071262, 0.00996899, 0.00754521, 0.00860504, 0.00865817, 0.00779755, 0.00596689, 0.00676428, 0.00857664, 0.00630125, 0.00754811, 0.00733559, 0.00419126, 0.00752847, 0.00844737, 0.00865946, 0.00462085, 0.0087959, 0.00400736, 0.00418731, 0.00986502, 0.00393574, 0.00676358, 0.0092823, 0.00385451, 0.00407756, 0.00908678, 0.00521448, 0.00478467];
GivenLatency = [938.925, 350.207, 532.491, 391.435, 611.36, 769.869, 747.299, 1166.78, 537.64, 787.252, 596.087, 402.706, 673.855, 477.458, 383.056, 869.001, 377.569, 540.782, 790.248, 468.096, 634.587, 612.556, 713.151, 631.284, 609.484, 715.657, 542.445, 862.268, 1172.59, 1038.57, 440.51, 526.448, 417.594, 499.611, 840.682, 485.927, 519.892, 890.47, 588.719, 334.732, 890.307, 389.692, 653.182, 385.743, 882.468, 880.24, 655.429, 415.692, 969.204, 639.68, 568.053, 509.296, 491.841, 715.107, 678.07, 525.335, 469.492, 351.639, 510.01, 617.353, 630.062, 941.383, 683.051, 918.615, 577.228, 830.32, 628.162, 770.553, 663.419, 414.971, 495.55, 910.133, 753.268, 418.479, 904.469, 939.745, 578.596, 764.571, 451.76, 520.507, 1021.02, 437.178, 715.783, 1245.12, 399.195, 417.918, 449.026, 702.322, 994.922, 875.99, 672.709, 429.425, 769.791, 422.548, 526.458, 562.329, 438.039, 450.825, 534.608, 559.565, 403.339, 568.625, 454.128, 391.229, 566.454, 790.408, 681.138, 527.522, 581.894, 553.961, 670.571, 1029.62, 504.608, 473.29, 395.777, 774.88, 550.019, 1151.37, 939.876, 395.387, 1093.54, 513.875, 416.159, 1000.05, 1113.18, 416.452, 758.681, 858.932];
HighestPossibleCritFunctionValue = 1.1;
