NumDevices = 32;
NumSlotes = 256;


GivenBandwidthOld = [0.0175088, 0.0310733, 0.0341069, 0.0190319, 0.028483, 0.0240814, 0.0216737, 0.0300576, 0.0372455, 0.0197918, 0.0256715, 0.0216772, 0.0379926, 0.0272991, 0.0259696, 0.0312056, 0.0327905, 0.0193174, 0.0274229, 0.0309795, 0.0318146, 0.0186873, 0.0376211, 0.0330879, 0.0185023, 0.0285914, 0.0211138, 0.0197873, 0.024961, 0.0297107, 0.0321169, 0.0241192];
GivenLatency = [108.851, 74.0798, 53.302, 94.1087, 84.6653, 90.7309, 106.793, 67.5412, 66.0262, 125.638, 92.4408, 91.3804, 56.7448, 77.2603, 82.6688, 54.9143, 73.6857, 86.9462, 72.2793, 56.8291, 59.8505, 123.061, 61.3327, 56.1335, 96.7526, 84.8429, 95.5841, 92.9982, 75.3451, 80.788, 57.7043, 73.8104];
HighestPossibleCritFunctionValue = 1.1;
