NumDevices = 64;
NumSlotes = 512;


GivenBandwidthOld = [0.0052587, 0.00548127, 0.00252241, 0.0042059, 0.00477503, 0.00763521, 0.00380142, 0.00674143, 0.00698811, 0.00285182, 0.00302346, 0.0064681, 0.00678286, 0.0032925, 0.00329146, 0.00460143, 0.00865488, 0.00386757, 0.00599641, 0.00413354, 0.0073252, 0.00582257, 0.00740202, 0.00326927, 0.00657911, 0.00378407, 0.00257231, 0.0053627, 0.00345198, 0.00871512, 0.00385743, 0.00429337, 0.00614578, 0.00844138, 0.00303811, 0.00283907, 0.00748849, 0.00659307, 0.00723436, 0.00412827, 0.00625682, 0.00581816, 0.00823754, 0.00827071, 0.00331226, 0.00407112, 0.00827817, 0.00372875, 0.00403967, 0.00467062, 0.00277843, 0.0070137, 0.00802463, 0.00503463, 0.00825762, 0.00827491, 0.00517181, 0.00756786, 0.00296755, 0.00433552, 0.00838539, 0.00581816, 0.00834994, 0.00373219];
GivenLatency = [78.9481, 94.5306, 206.466, 110.066, 97.7111, 59.9879, 158.942, 56.2095, 78.1151, 221.734, 140.427, 71.2405, 72.987, 184.607, 139.406, 67.639, 72.5578, 146.209, 80.1033, 108.904, 42.5966, 79.0303, 49.0245, 156.05, 56.0184, 157.009, 243.252, 58.0882, 171.284, 46.1876, 101.497, 101.487, 56.1575, 55.7462, 178.384, 184.78, 58.5936, 56.1658, 88.3817, 118.025, 60.3125, 67.8529, 39.4373, 60.01, 162.534, 137.996, 43.6586, 89.5458, 104.021, 97.7114, 233.142, 77.2315, 56.592, 62.0296, 64.6215, 75.9926, 66.8721, 44.0301, 109.346, 84.7513, 70.3094, 62.1128, 63.2231, 117.305];
HighestPossibleCritFunctionValue = 1.1;
