NumDevices = 64;
NumSlotes = 512;


GivenBandwidthOld = [0.0127874, 0.0121606, 0.00770476, 0.00887806, 0.00861285, 0.0111211, 0.00800582, 0.00885714, 0.0169044, 0.00761355, 0.0159922, 0.0164436, 0.0132991, 0.0126351, 0.0126886, 0.0128188, 0.0100468, 0.0120537, 0.0111785, 0.012416, 0.0114544, 0.0094359, 0.0141074, 0.00839777, 0.0163983, 0.0114156, 0.0165197, 0.0117702, 0.0159407, 0.0111721, 0.014064, 0.00917723, 0.0166649, 0.011529, 0.0130348, 0.0103224, 0.0131673, 0.00752432, 0.0162655, 0.00883675, 0.0143303, 0.0144893, 0.0160623, 0.0137721, 0.0129919, 0.00930214, 0.0160975, 0.0157822, 0.0172158, 0.010245, 0.0126131, 0.0132495, 0.00913677, 0.0166198, 0.0131798, 0.00806915, 0.0132113, 0.00810234, 0.0110063, 0.00805478, 0.0117137, 0.0170966, 0.00802776, 0.00762603];
GivenLatency = [74.784, 90.8627, 122.783, 115.406, 128.982, 82.6774, 128.863, 113.72, 68.4726, 159.763, 67.4221, 55.3797, 69.729, 75.1868, 75.3748, 83.8055, 95.8057, 80.2858, 100.393, 73.4618, 95.1524, 100.049, 64.8675, 126.253, 64.1058, 87.8685, 68.6683, 102.965, 68.1582, 86.4093, 80.1837, 120.081, 60.6098, 108.381, 90.5672, 94.665, 74.7388, 142.45, 60.1644, 113.004, 85.1044, 80.3717, 64.6567, 66.6934, 92.6103, 133.746, 60.8047, 59.6018, 62.4055, 114.508, 79.2908, 69.7409, 110.353, 66.4291, 79.8481, 150.414, 72.1663, 149.108, 95.0723, 123.455, 100.757, 68.3133, 129.404, 121.951];
HighestPossibleCritFunctionValue = 1.1;
