NumDevices = 128;
NumSlotes = 1024;


GivenBandwidthOld = [0.00932566, 0.00759353, 0.00828416, 0.00941139, 0.00467675, 0.00456221, 0.00449656, 0.00745008, 0.00973552, 0.0086317, 0.00681236, 0.00405965, 0.00806935, 0.00538381, 0.00691267, 0.0087692, 0.00518416, 0.00766066, 0.00517511, 0.00557963, 0.00431814, 0.0086594, 0.00978587, 0.00479791, 0.00974704, 0.00844621, 0.00792694, 0.00560004, 0.00990963, 0.00991802, 0.00714465, 0.00768303, 0.0062144, 0.00412355, 0.00702003, 0.00693584, 0.00432785, 0.00943732, 0.00932367, 0.0054174, 0.00907367, 0.00991549, 0.00841268, 0.00691999, 0.00677272, 0.0066584, 0.0039872, 0.00915599, 0.00600478, 0.00606802, 0.00647237, 0.00855176, 0.00697506, 0.00738074, 0.00677218, 0.00380937, 0.00776048, 0.00796334, 0.00487828, 0.00421821, 0.00428535, 0.00764289, 0.00661942, 0.0051381, 0.0086277, 0.0082503, 0.00904361, 0.00476488, 0.00466043, 0.00530304, 0.00571933, 0.0084796, 0.00661191, 0.00380984, 0.00950683, 0.00883782, 0.00850356, 0.00940769, 0.0050612, 0.00984905, 0.0042359, 0.00769804, 0.00850235, 0.00775757, 0.00905685, 0.00846128, 0.00503515, 0.00952659, 0.00972426, 0.00684901, 0.00752167, 0.00669103, 0.00871625, 0.00905519, 0.00550153, 0.0042149, 0.00479052, 0.0042614, 0.00506356, 0.00571002, 0.00825558, 0.00402234, 0.00589973, 0.00928895, 0.00939618, 0.00530495, 0.00661888, 0.00848262, 0.00743469, 0.00725426, 0.00615304, 0.00408138, 0.00448028, 0.00883488, 0.00905192, 0.00681164, 0.00449491, 0.00474204, 0.00824938, 0.0060518, 0.00893437, 0.00615048, 0.00478253, 0.00752082, 0.00495521, 0.0097344, 0.00853185, 0.00972751];
GivenLatency = [481.509, 467.386, 474.119, 488.52, 809.105, 977.094, 973.928, 658.315, 403.023, 508.492, 683.147, 1108.25, 579.492, 858.597, 489.782, 546.258, 675.069, 503.218, 888.72, 843.827, 1157.2, 470.152, 436.576, 765.548, 362.852, 531.587, 423.071, 749.312, 475.724, 411.031, 493.114, 469.277, 713.26, 861.79, 637.591, 490.959, 853.561, 508.145, 483.367, 642.113, 418.476, 394.249, 435.186, 663.186, 562.931, 744.269, 868.239, 486.531, 578.079, 569.259, 587.614, 561.049, 571.094, 564.727, 510.095, 1236.66, 457.085, 622.943, 919.994, 826.637, 785.877, 502.331, 576.904, 756.765, 551.774, 426.568, 437.731, 957.247, 717.852, 704.823, 827.85, 546.703, 569.473, 1032.75, 378.669, 405.327, 580.252, 491.761, 660.102, 379.283, 881.763, 437.196, 519.066, 460.514, 386.153, 442.087, 663.313, 492.041, 489.215, 653.642, 541.197, 558.332, 414.937, 424.191, 760.225, 1142.02, 875.659, 867.491, 770.435, 768.305, 464.754, 965.659, 795.961, 452.569, 406.751, 756.632, 742.973, 403.347, 519.229, 680.656, 677.813, 914.697, 1085.83, 381.654, 396.639, 558.504, 852.868, 796.7, 450.555, 553.972, 498.385, 747.026, 964.009, 532.852, 673.196, 450.363, 571.739, 367.749];
HighestPossibleCritFunctionValue = 1.1;
