NumDevices = 64;
NumSlotes = 512;


GivenBandwidthOld = [0.00757779, 0.00738351, 0.00464203, 0.00366638, 0.00579206, 0.00708974, 0.0047772, 0.00665946, 0.00431746, 0.00482665, 0.00652346, 0.00598476, 0.0083597, 0.00516513, 0.00787226, 0.00649607, 0.00812373, 0.00803732, 0.00571911, 0.00602541, 0.00402005, 0.00614437, 0.00336933, 0.00710223, 0.00844177, 0.00336725, 0.00343645, 0.00390753, 0.00259335, 0.0026029, 0.00693126, 0.00372538, 0.00370658, 0.0065199, 0.00867002, 0.00828992, 0.00745159, 0.00515931, 0.00384131, 0.0083949, 0.00301689, 0.00861878, 0.00339771, 0.00284875, 0.00762607, 0.00637347, 0.0039209, 0.00852442, 0.00487669, 0.00383697, 0.00417579, 0.00502125, 0.00836983, 0.00675929, 0.00709053, 0.00552084, 0.00493822, 0.00672608, 0.0052302, 0.00775322, 0.00586438, 0.00387717, 0.0048103, 0.0067634];
GivenLatency = [45.3388, 49.4943, 100.958, 110.084, 55.3666, 45.2567, 95.7029, 82.5857, 148.342, 96.6786, 59.5744, 101.768, 60.8601, 64.7854, 44.6676, 62.2644, 46.972, 48.7548, 70.7297, 74.9265, 98.5673, 83.0555, 103.402, 82.324, 38.3142, 122.785, 175.857, 114.991, 168.726, 204.121, 52.8635, 94.8651, 115.231, 48.3243, 46.51, 60.3073, 84.0329, 86.812, 132.272, 44.0375, 145.412, 68.8971, 176.714, 134.709, 51.4746, 85.6111, 84.0841, 50.3522, 106.749, 80.8392, 105.064, 99.6784, 46.0353, 63.6545, 49.2903, 64.5038, 67.5642, 68.4509, 102.138, 43.6907, 68.9782, 137.751, 65.7338, 67.2541];
HighestPossibleCritFunctionValue = 1.1;
