NumDevices = 128;
NumSlotes = 1024;


GivenBandwidthOld = [0.00474904, 0.0045782, 0.00832453, 0.00784943, 0.0078921, 0.00508646, 0.00556619, 0.00842453, 0.00865051, 0.0066421, 0.00625587, 0.00497024, 0.00727324, 0.00377409, 0.00863743, 0.00679735, 0.00558711, 0.00501239, 0.00581847, 0.0085557, 0.00816409, 0.00629629, 0.00418545, 0.00735538, 0.00435134, 0.00548847, 0.00722444, 0.008673, 0.00461198, 0.00612695, 0.00819851, 0.0047909, 0.00817224, 0.00835523, 0.00378111, 0.00655808, 0.00414739, 0.00775913, 0.00512185, 0.00539745, 0.00741723, 0.00386583, 0.00547749, 0.00766535, 0.00401434, 0.00658558, 0.00631097, 0.00603602, 0.00494667, 0.00614606, 0.00426145, 0.00472759, 0.00409387, 0.00820665, 0.00669793, 0.00461943, 0.00625862, 0.0061781, 0.00781666, 0.007047, 0.00634757, 0.00616294, 0.00799309, 0.0073071, 0.00796495, 0.00444781, 0.00685833, 0.00549955, 0.00837319, 0.00562949, 0.00741341, 0.00466448, 0.00837842, 0.00853026, 0.00566565, 0.00505597, 0.0081241, 0.00416985, 0.00511261, 0.00507673, 0.00715054, 0.0066505, 0.00751636, 0.00496977, 0.00441513, 0.00760022, 0.00433565, 0.00683914, 0.00797855, 0.00794657, 0.00543634, 0.00604241, 0.00721132, 0.00822065, 0.00700704, 0.00474992, 0.00444075, 0.00818803, 0.00380247, 0.00554538, 0.00871716, 0.0067246, 0.00779729, 0.00650811, 0.00429216, 0.00577952, 0.00383796, 0.00714337, 0.00605014, 0.00728535, 0.00731346, 0.00479376, 0.00618299, 0.00494352, 0.00829603, 0.00391261, 0.00677379, 0.00460327, 0.00461435, 0.00582011, 0.00602939, 0.00841558, 0.00821932, 0.00460855, 0.00846559, 0.00867903, 0.00590923, 0.00392654];
GivenLatency = [238.346, 250.771, 127.536, 130.512, 145.585, 232.359, 212.757, 115.577, 143.793, 150.528, 189.545, 198.362, 135.181, 329.798, 118.321, 178.124, 188.921, 240.794, 202.736, 113.21, 144.106, 196.826, 260.319, 170.251, 278.858, 175.652, 164.19, 136.125, 275.617, 199.236, 157.647, 210.744, 125.935, 134.652, 259.009, 148.662, 237.724, 158.846, 233.018, 186.26, 145.321, 272.174, 234.577, 137.025, 246.63, 165.838, 163.428, 168.648, 230.265, 184.446, 229.11, 249.684, 305.199, 151.948, 148.447, 245.392, 154.731, 190.532, 140.34, 140.079, 152.377, 173.17, 147.638, 135.52, 160.207, 236.727, 140.959, 184.166, 135.151, 222.489, 134.914, 257.914, 138.432, 128.18, 168.519, 216.859, 135.353, 231.404, 190.71, 232.677, 177.344, 179.617, 162.873, 248.329, 216.049, 136.703, 273.418, 153.91, 129.751, 142.926, 205.868, 186.186, 139.934, 119.618, 136.103, 254.169, 220.75, 140.579, 250.556, 180.822, 123.042, 172.592, 163.986, 149.597, 224.017, 200.678, 289.687, 156.88, 181.622, 141.898, 155.216, 220.163, 185.251, 207.646, 152.164, 260.14, 161.931, 220.203, 267.353, 170.197, 191.887, 132.89, 132.234, 212.893, 136.502, 117.805, 173.089, 282.864];
HighestPossibleCritFunctionValue = 1.1;
