NumDevices = 128;
NumSlotes = 1024;


GivenBandwidthOld = [0.00575142, 0.00409621, 0.00377592, 0.00813983, 0.00858886, 0.00544227, 0.00830858, 0.00727341, 0.00922901, 0.00829472, 0.0056428, 0.00978092, 0.00911055, 0.00479886, 0.006971, 0.00782659, 0.00644727, 0.00558524, 0.00489976, 0.00894678, 0.00851455, 0.00652049, 0.00489793, 0.00946698, 0.00778841, 0.00847569, 0.009704, 0.00387744, 0.00810974, 0.00918639, 0.00432936, 0.00975034, 0.00778031, 0.00985111, 0.0076616, 0.00856063, 0.006083, 0.00824833, 0.00714811, 0.00950621, 0.00458787, 0.00451277, 0.00486237, 0.00556109, 0.00516375, 0.00835453, 0.00455287, 0.00386239, 0.0052083, 0.00713399, 0.00978035, 0.00578768, 0.00728118, 0.00859862, 0.00705116, 0.00512104, 0.00928799, 0.0057334, 0.00757544, 0.00412015, 0.00606299, 0.00943496, 0.00708513, 0.00733177, 0.00888262, 0.00527096, 0.00402533, 0.00629592, 0.00560181, 0.00832979, 0.00749976, 0.00720136, 0.00451566, 0.00969979, 0.00809688, 0.00551233, 0.00452072, 0.0072172, 0.00819048, 0.00987454, 0.00760473, 0.00899905, 0.00576511, 0.00914422, 0.00808793, 0.00514523, 0.00961724, 0.00814, 0.00517054, 0.00995825, 0.00825921, 0.00887427, 0.0085751, 0.00546533, 0.008223, 0.00652129, 0.00579139, 0.00712227, 0.00656641, 0.00791271, 0.00384656, 0.00795698, 0.00423759, 0.00484798, 0.00750108, 0.00432049, 0.00447307, 0.00632404, 0.00943254, 0.00392768, 0.00881559, 0.00993169, 0.00561781, 0.00860473, 0.00962639, 0.00580489, 0.00904761, 0.00937307, 0.00436708, 0.00633887, 0.00860677, 0.00650269, 0.00577497, 0.00625215, 0.00737971, 0.00828172, 0.00582642, 0.00840889];
GivenLatency = [753.57, 948.883, 901.091, 440.764, 440.418, 789.56, 523.593, 680.056, 394.737, 458.04, 608.81, 484.264, 414.505, 779.196, 582.728, 591.237, 542.061, 802.157, 787.809, 423.058, 536.593, 739.55, 934.053, 474.89, 639.373, 577.489, 380.894, 1240.21, 561.786, 476.203, 878.517, 451.625, 538.066, 414.93, 468.304, 424.973, 557.966, 550.659, 587.05, 524.847, 1069.73, 844.22, 816.121, 755.619, 942.95, 529.209, 796.205, 886.524, 803.813, 515.364, 431.929, 715.683, 528.368, 393.671, 703.504, 769.231, 454.046, 640.287, 462.382, 1024.1, 775.32, 374.818, 496.996, 486.66, 408.091, 892.614, 1195.49, 642.811, 686.551, 430.16, 480.562, 464.37, 818.193, 382.899, 470.635, 869.084, 813.559, 527.714, 423.342, 357.274, 653.778, 422.047, 582.242, 501.086, 568.265, 957.873, 369.546, 552.444, 714.251, 373.171, 553.338, 417.503, 441.468, 661.894, 446.427, 605.861, 650.012, 594.962, 565.013, 498.343, 1156.04, 441.125, 816.385, 965.718, 489.981, 897.94, 1048.4, 715.85, 406.842, 1184.02, 466.277, 349.951, 840.322, 521.097, 347.099, 647.045, 401.096, 422.435, 1049.98, 596.555, 463.698, 541.727, 622.805, 738.38, 506.22, 482.28, 699.048, 399.424];
HighestPossibleCritFunctionValue = 1.1;
