NumDevices = 32;
NumSlotes = 256;


GivenBandwidthOld = [0.0357579, 0.0177763, 0.0255451, 0.0211634, 0.0286642, 0.0198281, 0.0355351, 0.023588, 0.0282404, 0.0219091, 0.0367312, 0.0256329, 0.0218733, 0.0342876, 0.0314106, 0.0271413, 0.0244014, 0.0239476, 0.0224446, 0.0371431, 0.0236439, 0.0173969, 0.0249485, 0.0197892, 0.0328136, 0.0325955, 0.0176878, 0.0383117, 0.0393008, 0.0388054, 0.0367676, 0.0382413];
GivenLatency = [51.8848, 101.599, 68.8344, 112.093, 59.5017, 86.6514, 52.3127, 73.2326, 59.0394, 77.3614, 54.4358, 88.7714, 79.1819, 49.893, 56.3728, 69.7657, 68.9929, 94.7112, 82.026, 59.4791, 70.5592, 100.13, 73.7569, 120.123, 64.747, 56.6619, 94.2614, 49.57, 48.0725, 47.037, 59.7414, 47.8379];
HighestPossibleCritFunctionValue = 1.1;
