NumDevices = 128;
NumSlotes = 1024;


GivenBandwidthOld = [0.00605856, 0.00870518, 0.00542236, 0.00606001, 0.0081258, 0.0077827, 0.00634686, 0.00413244, 0.0063936, 0.00469596, 0.00744841, 0.00796964, 0.00827109, 0.00469162, 0.00450203, 0.00817685, 0.00586109, 0.00485851, 0.00451668, 0.00437435, 0.00728165, 0.00516712, 0.00622941, 0.00511538, 0.00665322, 0.00812378, 0.00393408, 0.00764772, 0.00767224, 0.00479879, 0.00569635, 0.0060103, 0.00759197, 0.00570819, 0.00509768, 0.0041352, 0.00778432, 0.0086198, 0.00543967, 0.00704012, 0.00574318, 0.00807898, 0.0059942, 0.00699744, 0.00851372, 0.00765227, 0.00424598, 0.00472562, 0.00606108, 0.00600655, 0.00453652, 0.00771437, 0.00791584, 0.00404557, 0.00636978, 0.00434219, 0.00661098, 0.00818358, 0.00385711, 0.00402843, 0.00837379, 0.00576805, 0.00606799, 0.00724504, 0.00481206, 0.00385646, 0.00805919, 0.00829837, 0.00823859, 0.00850934, 0.00400426, 0.00709049, 0.00729849, 0.00824364, 0.00843836, 0.00604296, 0.00658508, 0.00800258, 0.00683551, 0.00689268, 0.00775251, 0.00388989, 0.00484498, 0.00699974, 0.00721187, 0.00742646, 0.00398803, 0.00428818, 0.00395168, 0.00831488, 0.00564018, 0.00701043, 0.00673469, 0.00751844, 0.0049896, 0.00774427, 0.00539688, 0.00792271, 0.00445583, 0.00665889, 0.00855106, 0.00510411, 0.00734348, 0.00437004, 0.00469908, 0.00490841, 0.00813281, 0.00563366, 0.0073529, 0.00763906, 0.00722363, 0.00498268, 0.00647839, 0.00473908, 0.00716199, 0.00403702, 0.00772076, 0.00532509, 0.0062808, 0.00392369, 0.00792571, 0.00483257, 0.00843593, 0.00511093, 0.00698003, 0.00583342, 0.0047658, 0.0062495];
GivenLatency = [164.444, 138.216, 191.548, 177.43, 153.188, 145.14, 151.503, 239.223, 171.4, 209.378, 152.864, 143.04, 142.929, 212.472, 281.614, 147.205, 220.623, 226.237, 224.23, 253.099, 135.188, 199.235, 175.199, 211.649, 154.498, 120.05, 284.541, 133.122, 135.051, 202.884, 181.231, 188.246, 128.596, 218.045, 226.966, 254.622, 153.079, 132.89, 235.096, 149.162, 211.983, 140.05, 176.455, 142.614, 152.185, 140.174, 271.879, 217.237, 183.848, 159.744, 231.045, 125.825, 121.925, 319.88, 172.738, 297.557, 193.108, 118.286, 248.696, 251.591, 145.73, 170.583, 200.418, 132.571, 246.735, 296.262, 120.189, 151.998, 152.517, 135.121, 251.515, 146.248, 140.726, 125.24, 144.749, 188.912, 187.803, 148.506, 165.916, 169.77, 137.336, 325.718, 249.018, 147.799, 177.12, 134.504, 276.536, 245.065, 291.432, 120.119, 202.514, 178.341, 170.897, 129.971, 232.417, 158.555, 204.635, 121.181, 259.047, 171.783, 136.788, 236.221, 166.576, 225.326, 245.362, 209.779, 130.485, 200.948, 170.491, 137.649, 166.138, 210.167, 167.807, 224.586, 147.538, 241.294, 164.268, 190.829, 160.183, 329.398, 147.566, 240.697, 120.877, 201.659, 142.922, 196.761, 266.935, 182.653];
HighestPossibleCritFunctionValue = 1.1;
