NumDevices = 64;
NumSlotes = 512;


GivenBandwidthOld = [0.00650551, 0.00427808, 0.00541044, 0.00582691, 0.00543692, 0.00700444, 0.0086353, 0.00595016, 0.00815512, 0.0043436, 0.00660603, 0.00636647, 0.00498705, 0.008679, 0.00293271, 0.00633388, 0.0073015, 0.0075673, 0.00612056, 0.00332725, 0.00617163, 0.00533217, 0.0027681, 0.00839446, 0.00810258, 0.00254519, 0.00569573, 0.00689627, 0.00308371, 0.0066383, 0.00495373, 0.00478489, 0.00467662, 0.003772, 0.00598268, 0.00467117, 0.00584919, 0.00487038, 0.00396057, 0.00654268, 0.00406922, 0.00759937, 0.00766346, 0.00350951, 0.00677648, 0.00849811, 0.00653769, 0.00775012, 0.00383536, 0.00842115, 0.00674382, 0.00331826, 0.0050619, 0.00413681, 0.00619089, 0.00396012, 0.00523505, 0.00795988, 0.00412493, 0.00643044, 0.00516711, 0.00360121, 0.00427641, 0.00858804];
GivenLatency = [65.7407, 94.2451, 73.3974, 61.5967, 56.793, 48.9032, 66.4981, 60.3413, 47.0593, 146.007, 50.5672, 56.3691, 81.5274, 37.0786, 121.056, 79.4414, 79.1093, 45.2543, 72.1776, 163.987, 76.7241, 63.0011, 125.963, 37.7949, 67.4636, 235.687, 55.5288, 53.1918, 161.036, 59.5416, 73.9558, 74.9502, 106.686, 141.275, 72.841, 94.3352, 64.9162, 65.7385, 106.293, 79.7451, 94.609, 40.8372, 81.7919, 116.739, 84.5287, 48.4634, 47.5222, 61.0067, 85.9005, 36.8266, 87.4963, 98.6029, 115.72, 81.966, 58.2524, 78.4393, 112.222, 63.3653, 146.677, 78.7368, 97.0867, 120.788, 116.779, 42.1085];
HighestPossibleCritFunctionValue = 1.1;
