NumDevices = 128;
NumSlotes = 1024;


GivenBandwidthOld = [0.00291353, 0.00394023, 0.00340912, 0.00201724, 0.00256052, 0.00216301, 0.00250353, 0.00365865, 0.00220489, 0.00328088, 0.0030383, 0.00411098, 0.00143215, 0.00325658, 0.00393922, 0.00204772, 0.00220475, 0.0039217, 0.00130012, 0.00303665, 0.00139715, 0.00252583, 0.00355649, 0.00387347, 0.0033078, 0.00237628, 0.00246629, 0.00280848, 0.00402295, 0.00311291, 0.00181145, 0.00323224, 0.00422019, 0.0024224, 0.00271576, 0.00188824, 0.00308623, 0.00347104, 0.00219289, 0.00155859, 0.0032963, 0.00284927, 0.00206014, 0.00170735, 0.00353361, 0.00382519, 0.00428333, 0.00434798, 0.00336103, 0.00323842, 0.00185519, 0.00386616, 0.00226231, 0.00268576, 0.00388996, 0.00231884, 0.00280021, 0.00250814, 0.00311246, 0.0036717, 0.00270334, 0.00254615, 0.00435714, 0.00418888, 0.00132376, 0.00345582, 0.00255217, 0.00239801, 0.00216948, 0.00184372, 0.00173969, 0.00336864, 0.00298201, 0.00175698, 0.00335111, 0.00213145, 0.00329486, 0.00364405, 0.00361636, 0.00397073, 0.00356357, 0.0042176, 0.00272659, 0.00266305, 0.00353987, 0.00267406, 0.00411303, 0.001405, 0.00329401, 0.00186567, 0.00189779, 0.00421845, 0.00137945, 0.00199946, 0.00370555, 0.00288426, 0.00261832, 0.00168185, 0.0031105, 0.00198672, 0.00206117, 0.00325675, 0.00375542, 0.00352061, 0.00403236, 0.00188284, 0.00293274, 0.00176737, 0.00293295, 0.00225434, 0.0030164, 0.0016806, 0.00391041, 0.00229525, 0.00318689, 0.00147369, 0.00148954, 0.00213119, 0.00206967, 0.00250873, 0.00359309, 0.00340303, 0.00280425, 0.00161587, 0.00356472, 0.00169599, 0.00324889, 0.00281151];
GivenLatency = [190.329, 107.667, 123.423, 161.277, 232.945, 241.251, 250.923, 86.3734, 205.206, 136.142, 206.806, 125.453, 296.323, 144.826, 131.185, 163.387, 246.489, 110.517, 251.347, 112.744, 284.45, 164.867, 115.09, 84.9935, 170.187, 149.349, 150.909, 208.006, 87.7127, 208.374, 196.893, 197.501, 140.08, 174.037, 162.512, 286.29, 107.264, 183.547, 213.883, 268.274, 109.358, 172.528, 179.411, 273.819, 100.788, 101.913, 123.628, 75.5393, 192.308, 128.734, 216.888, 83.0257, 233.186, 157.97, 113.902, 158.742, 136.206, 182.476, 164.342, 91.4427, 209.307, 204.526, 90.3456, 91.7584, 334.365, 97.9744, 127.104, 185.35, 173.595, 252.895, 231.29, 123.65, 152.07, 191.954, 109.236, 156.605, 115.304, 107.481, 134.467, 109.277, 122.597, 89.7714, 171.745, 179.677, 118.439, 181.699, 85.6926, 247.393, 150.65, 227.434, 180.529, 74.2145, 271.514, 280.231, 127.14, 158.132, 218.261, 250.672, 184.661, 182.827, 273.462, 125.561, 118.99, 116.707, 81.1807, 191.969, 111.819, 314.293, 112.599, 175.677, 150.485, 193.338, 160.858, 283.464, 99.3217, 256.682, 233.799, 210.28, 295.497, 169.782, 170.968, 175.363, 135.537, 195.549, 141.341, 267.153, 123.644, 116.017];
HighestPossibleCritFunctionValue = 1.1;
