NumDevices = 128;
NumSlotes = 1024;


GivenBandwidthOld = [0.00607098, 0.00620591, 0.00522452, 0.00475055, 0.00749218, 0.00486863, 0.0045918, 0.00806674, 0.00517896, 0.00781001, 0.00912842, 0.00513074, 0.00991354, 0.0068949, 0.00375381, 0.00535202, 0.00397012, 0.00955904, 0.00500521, 0.00629741, 0.00557111, 0.00481119, 0.00794222, 0.00619881, 0.0046897, 0.00970634, 0.00578448, 0.00974793, 0.0047695, 0.00727424, 0.00436539, 0.00911434, 0.0058885, 0.00807655, 0.00759969, 0.00545166, 0.00977758, 0.00923663, 0.00505575, 0.00578234, 0.00503273, 0.00641209, 0.00802169, 0.00428228, 0.00596112, 0.00983064, 0.00733526, 0.0049156, 0.00648948, 0.00872723, 0.00608351, 0.00430226, 0.00426788, 0.00778817, 0.00448268, 0.00537449, 0.00654205, 0.00481243, 0.00384186, 0.00385249, 0.00758715, 0.00725176, 0.00782486, 0.00859609, 0.0083007, 0.00609997, 0.00597874, 0.00595732, 0.00838001, 0.00779923, 0.00909701, 0.00849776, 0.00564607, 0.00850417, 0.00701036, 0.00686503, 0.00797921, 0.00900869, 0.00528646, 0.00821802, 0.00405042, 0.00907662, 0.00947676, 0.00960988, 0.00943332, 0.00459814, 0.00846604, 0.00993054, 0.00514263, 0.00971082, 0.00598762, 0.0052052, 0.00505767, 0.00684282, 0.00978153, 0.00686931, 0.00495945, 0.0059548, 0.00980295, 0.00441228, 0.00966819, 0.00818866, 0.00432475, 0.00724772, 0.00862666, 0.00952421, 0.00720113, 0.00697056, 0.0066321, 0.00563108, 0.00658024, 0.00902771, 0.00617076, 0.00816802, 0.00738752, 0.00828634, 0.00848015, 0.00956396, 0.0064027, 0.00635454, 0.00944668, 0.00415213, 0.006145, 0.00644483, 0.00826153, 0.00396747, 0.00873777, 0.00815751];
GivenLatency = [707.919, 678.794, 736.875, 802.752, 594.949, 907.785, 803.786, 541.489, 919.621, 437.588, 480.775, 666.974, 401.958, 587.997, 1311.53, 928.064, 1163.71, 479.019, 707.738, 625.21, 682.436, 796.243, 511.209, 758.275, 855.406, 493.536, 684.133, 445.715, 1035.33, 667.285, 1088.95, 419.803, 605.868, 515.995, 621.334, 774.096, 508.288, 510.854, 695.638, 775.935, 823.149, 686.908, 492.36, 1096.31, 567.316, 360.318, 543.386, 843.793, 554.584, 440.527, 779.653, 1059.99, 839.223, 492.078, 1038.44, 802.68, 677.027, 887.906, 1219.53, 872.483, 539.06, 531.599, 494.095, 490.237, 476.115, 562.568, 681.131, 685.22, 444.819, 602.171, 446.284, 566.509, 754.255, 523.867, 532.467, 622.792, 574.795, 488.983, 735.143, 436.535, 1018.17, 524.746, 482.441, 362.515, 458.956, 745.696, 406.519, 363.017, 676.2, 429.792, 666.729, 790.987, 666.663, 635.997, 354.412, 605.475, 881, 713.898, 412.481, 1038.48, 353.083, 519.441, 1093.9, 580.638, 424.939, 506.064, 611.575, 528.087, 728.413, 691.885, 617.219, 392.38, 600.584, 593.041, 487.528, 573.687, 551.722, 415.283, 664.806, 783.258, 395.017, 905.614, 594.645, 517.466, 571.421, 851.713, 463.344, 566.956];
HighestPossibleCritFunctionValue = 1.1;
