NumDevices = 16;
NumSlotes = 128;


GivenBandwidthOld = [0.0687564, 0.0483019, 0.0698054, 0.0394204, 0.0385452, 0.0489036, 0.0623022, 0.0531378, 0.06764, 0.0461866, 0.0385018, 0.0389973, 0.0472278, 0.0571129, 0.0372305, 0.0336735];
GivenLatency = [13.1592, 16.7908, 11.2531, 21.7148, 22.1542, 17.9086, 14.2941, 17.4952, 11.5574, 18.944, 24.8293, 20.5113, 17.5485, 16.146, 27.4771, 26.1309];
HighestPossibleCritFunctionValue = 1.1;
