NumDevices = 128;
NumSlotes = 1024;


GivenBandwidthOld = [0.00742609, 0.00779354, 0.00844424, 0.00489521, 0.00632196, 0.00569944, 0.00800404, 0.00639141, 0.00788369, 0.00867735, 0.00766406, 0.00733757, 0.00505838, 0.00869404, 0.00817913, 0.00420153, 0.00769809, 0.00431748, 0.00633263, 0.00504566, 0.00494584, 0.00715889, 0.00689955, 0.00822984, 0.00645785, 0.00459146, 0.00612451, 0.007187, 0.00441961, 0.00783103, 0.00869342, 0.00788664, 0.00819866, 0.00736085, 0.00623573, 0.00647487, 0.00572493, 0.00633583, 0.00377541, 0.00579975, 0.00392893, 0.00595823, 0.00752347, 0.00444301, 0.00623159, 0.00675605, 0.00645828, 0.00678268, 0.00396346, 0.00635927, 0.00780007, 0.00834329, 0.00824699, 0.00459702, 0.00464943, 0.00546687, 0.0041297, 0.00544127, 0.00386132, 0.00468928, 0.00518631, 0.0037558, 0.00630307, 0.00821405, 0.00596338, 0.00399663, 0.00388732, 0.00665625, 0.00413117, 0.00502608, 0.00588446, 0.00757578, 0.00867272, 0.00482334, 0.0084159, 0.00852607, 0.00512118, 0.00421036, 0.00598748, 0.00406223, 0.00639242, 0.00484852, 0.00656382, 0.00554072, 0.00529603, 0.00796056, 0.00557428, 0.00444147, 0.00530505, 0.0045522, 0.00637336, 0.0046109, 0.00794458, 0.00697834, 0.00739427, 0.00801275, 0.00785393, 0.00842024, 0.0065648, 0.00705987, 0.00776316, 0.00789214, 0.00570098, 0.00391331, 0.00855443, 0.00685887, 0.00452558, 0.00393118, 0.0039135, 0.0067308, 0.00712788, 0.00572362, 0.00438048, 0.00516064, 0.00741137, 0.00542059, 0.00636328, 0.00522327, 0.00494592, 0.00864703, 0.00815228, 0.00780383, 0.00648719, 0.00761781, 0.005119, 0.00748555, 0.0071512, 0.00764612];
GivenLatency = [151.482, 164.969, 119.986, 224.256, 188.942, 184.983, 143.306, 164.007, 129.086, 133.903, 124.958, 175.984, 253.591, 133.315, 155.073, 263.013, 161.868, 224.213, 153.382, 213.753, 230.181, 153.053, 157.88, 115.899, 186.971, 219.026, 179.685, 134.292, 244.384, 147.183, 117.324, 133.467, 118.843, 131.304, 160.803, 162.268, 211.549, 203.648, 282.074, 212.889, 262.247, 169.083, 139.79, 244.429, 183.962, 165.552, 176.872, 145.793, 284.397, 181.907, 131.599, 141.641, 153.898, 244.675, 215.593, 181.217, 243.321, 211.882, 261.111, 221.587, 239.251, 287.085, 180.99, 122.843, 196.852, 265.467, 308.192, 167.113, 292.382, 233.908, 165.766, 129.423, 112.512, 230.276, 142.523, 142.383, 248.024, 231.238, 171.621, 235.715, 190.144, 222.353, 182.036, 230.949, 243.636, 126.643, 206.317, 262.414, 240.666, 218.176, 152.594, 209.701, 120.617, 175.1, 132.399, 134.491, 157.29, 131.861, 171.291, 150.074, 142.633, 123.384, 222.847, 249.582, 140.603, 185.912, 229.821, 316.232, 264.015, 152.864, 178.786, 186.104, 260.611, 209.477, 159.319, 238.043, 164.774, 189.521, 194.891, 116.343, 146.534, 147.051, 177.727, 128.68, 220.751, 167.541, 160.405, 169.832];
HighestPossibleCritFunctionValue = 1.1;
