NumDevices = 64;
NumSlotes = 512;


GivenBandwidthOld = [0.0095628, 0.017016, 0.0131784, 0.0138921, 0.00930697, 0.0172531, 0.00819177, 0.0141603, 0.0173745, 0.00780911, 0.0127217, 0.00875505, 0.01109, 0.0140531, 0.0154005, 0.0118389, 0.0113667, 0.0144725, 0.0139006, 0.0126729, 0.00854842, 0.00827745, 0.0140449, 0.00811491, 0.0122512, 0.0110558, 0.00987535, 0.0100269, 0.00762267, 0.00917666, 0.0171557, 0.0104857, 0.0174562, 0.0112391, 0.0103185, 0.00773375, 0.0161159, 0.0146285, 0.0156113, 0.0139268, 0.0133681, 0.0124917, 0.013477, 0.0134964, 0.00914169, 0.00945334, 0.0172911, 0.0167948, 0.0149291, 0.00859406, 0.0153281, 0.0140388, 0.0147792, 0.00911933, 0.013516, 0.009099, 0.0118247, 0.0134372, 0.0141751, 0.0165006, 0.0100123, 0.0117639, 0.0100539, 0.0106674];
GivenLatency = [112.356, 62.4183, 80.3162, 74.093, 111.692, 65.9343, 128.724, 80.7398, 56.3034, 124.82, 94.0933, 125.71, 83.4051, 69.4101, 59.1912, 78.5192, 88.2839, 70.0144, 80.224, 93.9394, 120.76, 126.394, 71.1468, 124.891, 81.5668, 98.4158, 116.075, 114.156, 126.763, 125.935, 58.6961, 90.5036, 69.8521, 93.1767, 103.036, 124.939, 59.2178, 69.0757, 77.9187, 74.4338, 87.7429, 75.5406, 87.5804, 73.1774, 125.75, 111.911, 52.888, 73.5763, 66.1454, 133.224, 61.379, 73.3995, 66.016, 133.513, 73.29, 105.94, 79.5994, 68.2069, 84.9045, 65.7447, 122.118, 90.4498, 91.5238, 115.863];
HighestPossibleCritFunctionValue = 1.1;
