NumDevices = 32;
NumSlotes = 256;


GivenBandwidthOld = [0.00689395, 0.011648, 0.0121269, 0.0112841, 0.00935433, 0.0132227, 0.0163628, 0.0166045, 0.0162923, 0.00734146, 0.00787118, 0.0109677, 0.0161595, 0.0134254, 0.010751, 0.0114695, 0.0129312, 0.0167539, 0.0154451, 0.00601305, 0.00629479, 0.0165742, 0.00694965, 0.0103393, 0.005431, 0.0113208, 0.0136994, 0.0159174, 0.00683823, 0.0125647, 0.007068, 0.0118109];
GivenLatency = [54.2241, 46.0605, 33.586, 30.3474, 61.1587, 29.803, 26.5495, 25.4502, 25.6723, 48.9738, 60.4459, 43.9396, 20.3768, 25.5589, 43.049, 36.3142, 43.6879, 34.3388, 32.7681, 63.0526, 71.1506, 20.8201, 64.3504, 49.3773, 78.7172, 51.4896, 22.6078, 24.7864, 58.8306, 28.1835, 60.8353, 29.7591];
HighestPossibleCritFunctionValue = 1.1;
