NumDevices = 32;
NumSlotes = 256;


GivenBandwidthOld = [0.0184777, 0.0243705, 0.0250465, 0.0257111, 0.0163108, 0.0254179, 0.0281544, 0.0207071, 0.0343458, 0.0203527, 0.018446, 0.0311171, 0.0347132, 0.0343928, 0.0294201, 0.0339685, 0.0188935, 0.0331999, 0.0210069, 0.0336788, 0.0293284, 0.0329863, 0.0308825, 0.031672, 0.0220747, 0.0198032, 0.0219645, 0.0277641, 0.0213943, 0.0242751, 0.0213908, 0.0257234];
GivenLatency = [55.1782, 39.7594, 39.0207, 33.6082, 69.5815, 45.5452, 38.5945, 44.5181, 29.0671, 53.4222, 46.4047, 31.5135, 26.9665, 30.9953, 36.1027, 29.5797, 49.54, 31.858, 52.7722, 28.513, 37.9195, 26.6556, 31.0373, 28.7365, 39.0583, 46.4148, 46.3032, 41.5451, 52.4285, 47.1754, 39.134, 44.5905];
HighestPossibleCritFunctionValue = 1.1;
