NumDevices = 64;
NumSlotes = 512;


GivenBandwidthOld = [0.00473984, 0.00372452, 0.00797115, 0.00605471, 0.00280944, 0.00319325, 0.00396023, 0.0070493, 0.00631339, 0.00663368, 0.00851415, 0.00727233, 0.00482759, 0.0035565, 0.00291522, 0.0060827, 0.00445368, 0.00667158, 0.00803917, 0.00564902, 0.00306859, 0.00256594, 0.00445401, 0.00598462, 0.0059211, 0.00713457, 0.00819893, 0.00309808, 0.00451214, 0.00809185, 0.00345475, 0.00526544, 0.00625119, 0.00502165, 0.00266576, 0.0072034, 0.00252699, 0.00612976, 0.00795924, 0.00594854, 0.00583463, 0.0039443, 0.00815718, 0.0077697, 0.00779552, 0.00422738, 0.00341031, 0.00840862, 0.0086756, 0.00823883, 0.00498091, 0.00542023, 0.00781729, 0.00764444, 0.00255594, 0.00521706, 0.00555391, 0.00452431, 0.00625668, 0.00359248, 0.00760692, 0.00328468, 0.00306443, 0.00755818];
GivenLatency = [128.147, 103.537, 65.3783, 61.2021, 140.619, 96.9513, 81.3681, 53.5868, 52.8939, 69.7116, 47.8167, 46.2576, 71.4437, 117.801, 138.311, 68.7096, 132.518, 81.8813, 45.0027, 61.4129, 142.716, 129.067, 102.058, 51.7986, 90.2869, 78.9555, 54.9944, 179.703, 76.5682, 40.0578, 141.574, 87.2574, 50.9073, 68.9902, 132.781, 53.5861, 193.329, 62.4833, 51.2755, 64.5622, 75.2004, 130.624, 46.9172, 53.547, 42.28, 86.4575, 100.177, 47.0504, 70.1677, 49.7822, 80.875, 88.7671, 41.1932, 61.8833, 143.557, 116.46, 65.2272, 92.4303, 75.7626, 127.197, 56.1348, 133.252, 115.971, 42.6238];
HighestPossibleCritFunctionValue = 1.1;
