NumDevices = 128;
NumSlotes = 1024;


GivenBandwidthOld = [0.00405945, 0.00461084, 0.00692754, 0.00864277, 0.00648265, 0.00642811, 0.00475142, 0.00467398, 0.00811692, 0.00858991, 0.00819522, 0.00455031, 0.00460601, 0.00575576, 0.00460771, 0.00421311, 0.00718611, 0.00439106, 0.00805104, 0.00635151, 0.00726406, 0.00457485, 0.0070781, 0.00404667, 0.00489663, 0.0051981, 0.00697586, 0.00582862, 0.00410837, 0.00687788, 0.00403585, 0.00808608, 0.00529526, 0.00498256, 0.00435247, 0.00447199, 0.00831029, 0.00860844, 0.00449223, 0.00834651, 0.00731648, 0.00550632, 0.00724651, 0.00452778, 0.00584911, 0.00844471, 0.00770824, 0.00483818, 0.00771456, 0.00613749, 0.00526068, 0.0087446, 0.00808249, 0.00491659, 0.00554304, 0.00430293, 0.00690048, 0.00394629, 0.00775173, 0.00586317, 0.00480043, 0.00838714, 0.00512004, 0.00500664, 0.00408596, 0.00517105, 0.00739071, 0.00822274, 0.00702914, 0.00622502, 0.00636296, 0.00478363, 0.00592165, 0.00772389, 0.00796458, 0.00826314, 0.00609432, 0.00472776, 0.00698618, 0.00431164, 0.0082008, 0.00836218, 0.00571888, 0.004735, 0.00862502, 0.00829176, 0.00712731, 0.00626956, 0.00502084, 0.00782156, 0.00451826, 0.00591698, 0.00414018, 0.006503, 0.00833957, 0.00557119, 0.0075013, 0.00688178, 0.00449514, 0.00725385, 0.00787378, 0.00716696, 0.00756015, 0.00596889, 0.00665763, 0.00736844, 0.00387286, 0.00864659, 0.00568248, 0.00787732, 0.00654347, 0.0085859, 0.00575692, 0.00407975, 0.0058877, 0.00700575, 0.00821254, 0.00560156, 0.00790189, 0.00450443, 0.00838475, 0.0049323, 0.00464524, 0.00498294, 0.00572889, 0.00791182, 0.00641247, 0.00692367];
GivenLatency = [236.407, 227.025, 159.001, 134.589, 199.555, 167.911, 204.096, 252.304, 154.282, 122.67, 147.429, 238.934, 273.908, 197.279, 254.419, 227.545, 155.519, 238.255, 132.137, 155.126, 169.149, 214.695, 150.031, 314.014, 254.027, 236.501, 178.663, 209.973, 255.22, 182.539, 236.568, 145.891, 238.382, 258.192, 298.037, 235.918, 151.419, 126.714, 223.122, 141.744, 143.804, 230.911, 136.049, 259.049, 178.812, 147.035, 123.568, 204.127, 151.482, 166.314, 215.196, 119.661, 128.017, 202.775, 180.956, 269.823, 162.994, 250.948, 123.623, 214.708, 227.43, 122.727, 230.685, 231.122, 306.341, 204.075, 158.411, 132.247, 148.448, 162.067, 194.549, 205.713, 190.303, 168.014, 124.013, 129.551, 166.335, 228.015, 157.936, 291.02, 153.034, 137.232, 191.983, 204.11, 115.276, 135.742, 141.087, 203.026, 224.809, 163.386, 271.965, 169.115, 241.788, 148.253, 133.732, 177.317, 172.894, 188.035, 244.751, 146.808, 143.31, 133.908, 137.453, 189.625, 176.182, 135.945, 274.011, 119.504, 200.706, 125.066, 169.286, 120.051, 206.678, 288.753, 163.224, 140.199, 125.399, 197.203, 142.037, 214.926, 135.15, 241.311, 227.429, 203.496, 194.885, 128.972, 168.485, 157.226];
HighestPossibleCritFunctionValue = 1.1;
