NumDevices = 64;
NumSlotes = 512;


GivenBandwidthOld = [0.0160277, 0.0123198, 0.0145596, 0.017495, 0.0131964, 0.0166459, 0.0134267, 0.00752795, 0.0173381, 0.0160743, 0.0151257, 0.0132747, 0.0132334, 0.00864508, 0.0128318, 0.00938834, 0.0148427, 0.0157141, 0.0126673, 0.0147394, 0.0108336, 0.0146397, 0.0137981, 0.0102964, 0.0171295, 0.0104034, 0.0142371, 0.0174923, 0.00775883, 0.00770932, 0.0156076, 0.012457, 0.0105878, 0.0147262, 0.00819738, 0.008388, 0.01209, 0.0120991, 0.0148205, 0.013757, 0.00933274, 0.0104121, 0.0104527, 0.014327, 0.00885442, 0.01128, 0.00755455, 0.0143181, 0.00880758, 0.0140672, 0.0125416, 0.0123348, 0.0166426, 0.0173053, 0.0150414, 0.0151376, 0.0131218, 0.012492, 0.00855181, 0.015229, 0.00874471, 0.0173719, 0.0142232, 0.0143104];
GivenLatency = [72.2988, 99.3982, 67.5947, 71.1652, 73.5078, 70.8847, 91.1639, 124.683, 52.5505, 67.3211, 73.3961, 91.8948, 75.0667, 117.646, 73.2242, 131.519, 63.6941, 60.579, 79.6728, 67.4227, 90.6536, 68.0984, 71.2324, 92.0737, 56.7209, 111.834, 84.778, 69.9907, 118.505, 155.476, 66.6017, 97.1424, 99.3809, 63.2322, 116.697, 119.494, 92.6838, 83.8635, 72.4765, 71.5378, 127.829, 98.7125, 107.459, 86.1544, 107.435, 99.5832, 143.254, 77.041, 118.511, 83.3502, 91.7938, 82.4217, 59.5299, 56.4714, 68.06, 63.1114, 78.2758, 81.691, 145.881, 77.8579, 117.585, 55.5665, 65.564, 85.1648];
HighestPossibleCritFunctionValue = 1.1;
