NumDevices = 16;
NumSlotes = 128;


GivenBandwidthOld = [0.0441898, 0.0679744, 0.066361, 0.0493854, 0.0403494, 0.0722515, 0.0507252, 0.058937, 0.0749413, 0.0584043, 0.0702616, 0.0567276, 0.0410974, 0.0443151, 0.0731555, 0.0438043];
GivenLatency = [41.8605, 25.7626, 22.5071, 27.0376, 46.9347, 24.6998, 34.6862, 29.1467, 20.1693, 30.696, 24.1093, 24.352, 38.4834, 41.432, 23.2612, 33.6889];
HighestPossibleCritFunctionValue = 1.1;
