NumDevices = 128;
NumSlotes = 1024;


GivenBandwidthOld = [0.00674241, 0.00724983, 0.00535804, 0.00512998, 0.00712717, 0.00387583, 0.00853065, 0.00715574, 0.00408216, 0.00639358, 0.00437825, 0.0076719, 0.00417159, 0.00436898, 0.00700561, 0.00585386, 0.00840066, 0.00734791, 0.00382092, 0.00565857, 0.00610752, 0.00657402, 0.00712889, 0.00777458, 0.0048403, 0.00847387, 0.00781454, 0.00642621, 0.00788937, 0.00421161, 0.00695565, 0.00615809, 0.00650348, 0.00652246, 0.00556327, 0.00442395, 0.00582046, 0.00694405, 0.00612591, 0.00560749, 0.007566, 0.00431376, 0.00379971, 0.00417226, 0.00575334, 0.00384531, 0.00568961, 0.0077623, 0.00856296, 0.00513774, 0.00746299, 0.00790765, 0.0063154, 0.00543572, 0.00564903, 0.00568636, 0.0081308, 0.00692509, 0.00752247, 0.0077361, 0.00817292, 0.00485279, 0.00831491, 0.00622481, 0.0078832, 0.00545226, 0.0086833, 0.00770224, 0.00399549, 0.00462971, 0.00411706, 0.00789735, 0.00821822, 0.00615624, 0.00550711, 0.00545483, 0.00690669, 0.00828322, 0.00851285, 0.0079918, 0.00568817, 0.00850201, 0.0057542, 0.00842592, 0.0069043, 0.00803361, 0.00834523, 0.00582871, 0.00561671, 0.0074981, 0.00807157, 0.00643276, 0.00786109, 0.00389174, 0.00602613, 0.00867455, 0.00571011, 0.00729681, 0.00493011, 0.00786682, 0.0051128, 0.00841632, 0.00564012, 0.00599754, 0.00811415, 0.00707765, 0.00648953, 0.0070084, 0.00769899, 0.00440848, 0.00578417, 0.00711805, 0.00559646, 0.00726525, 0.00447661, 0.00583494, 0.00537653, 0.0059036, 0.00433379, 0.00548037, 0.00605364, 0.00598554, 0.00650125, 0.00394787, 0.00435395, 0.00438196, 0.00507084, 0.00811805];
GivenLatency = [150.496, 135.121, 207.15, 227.707, 168.846, 285.979, 141.768, 135.298, 309.746, 163.18, 277.603, 153.475, 234.191, 276.484, 169.232, 205.625, 120.179, 172.362, 327.766, 170.31, 204.632, 159.817, 148.333, 138.862, 250.268, 116.044, 142.466, 162.804, 147.298, 279.456, 140.519, 180.68, 148.712, 155.261, 177.078, 247.781, 180.266, 173.706, 174.458, 195.155, 140.724, 297.398, 320.876, 265.279, 166.108, 260.38, 212.679, 135.06, 111.326, 221.643, 155.527, 146.834, 158.865, 210.498, 185.833, 187.158, 156.925, 142.861, 152.328, 166.652, 140.816, 223.912, 151.068, 154.579, 156.369, 174.977, 120.559, 150.28, 277.51, 233.372, 259.998, 140.221, 133.091, 160.191, 226.556, 208.362, 150.544, 147.614, 147.059, 151.818, 200.65, 115.521, 208.084, 113.199, 183.572, 153.227, 137.3, 186.799, 209.239, 139.841, 158.265, 152.967, 130.021, 280.985, 198.815, 126.359, 186.353, 166.836, 197.302, 121.628, 223.114, 139.49, 193.321, 167.889, 151.269, 180.959, 172.375, 140.155, 141.928, 246.081, 192.263, 177.589, 192.851, 152.495, 262.498, 188.001, 201.566, 190.128, 228.255, 198.341, 177.069, 168.862, 175.037, 268.396, 229.47, 240.468, 207.559, 126.238];
HighestPossibleCritFunctionValue = 1.1;
