NumDevices = 16;
NumSlotes = 128;


GivenBandwidthOld = [0.0321921, 0.0179208, 0.0347246, 0.0313946, 0.0145422, 0.0263223, 0.0131052, 0.0240137, 0.012753, 0.0294293, 0.033585, 0.0277323, 0.0122703, 0.017336, 0.0303145, 0.0108853];
GivenLatency = [16.9296, 18.681, 8.78799, 13.7006, 37.6106, 12.4597, 44.3258, 17.0916, 27.334, 11.1691, 12.2522, 17.6988, 26.3511, 17.704, 16.184, 34.8571];
HighestPossibleCritFunctionValue = 1.1;
