NumDevices = 64;
NumSlotes = 512;


GivenBandwidthOld = [0.00676104, 0.00524674, 0.00449067, 0.00345544, 0.00433301, 0.00364051, 0.00857799, 0.005277, 0.00674948, 0.00467836, 0.00799865, 0.00573239, 0.00426878, 0.00530216, 0.00460239, 0.00604051, 0.00782538, 0.00623918, 0.00311052, 0.00728857, 0.00272702, 0.00553727, 0.00615604, 0.00572902, 0.00387763, 0.00630547, 0.004847, 0.00470606, 0.0047854, 0.0069604, 0.00593197, 0.00858094, 0.00479189, 0.00358528, 0.00523016, 0.00707203, 0.00714414, 0.00662894, 0.00379945, 0.00478498, 0.0061289, 0.00600281, 0.00549528, 0.00668627, 0.00496968, 0.00423439, 0.00867717, 0.0033767, 0.00600853, 0.00779988, 0.00251771, 0.00646005, 0.00278351, 0.00503537, 0.00826235, 0.00649225, 0.00649294, 0.00566583, 0.00431051, 0.00673096, 0.00605304, 0.00589825, 0.00441918, 0.00808217];
GivenLatency = [83.7807, 86.5836, 81.6915, 122.582, 100.299, 112.928, 42.4464, 72.3951, 54.3074, 74.8259, 41.9655, 112.384, 145.956, 71.8259, 138.269, 63.0921, 67.2797, 51.0861, 122.147, 45.4977, 208.761, 56.7543, 50.513, 91.3735, 85.3542, 52.6362, 77.7205, 133.8, 69.6362, 48.7059, 78.435, 47.1841, 69.0723, 117.549, 90.0905, 47.3012, 61.6828, 50.0497, 117.821, 71.1316, 60.6185, 77.0606, 90.6958, 73.6478, 70.8871, 95.985, 48.7376, 133.203, 90.0981, 66.4268, 205.202, 49.6949, 122.739, 82.1662, 56.8742, 56.0291, 53.8909, 104.366, 123.057, 84.3776, 77.0314, 53.0796, 117.077, 52.8967];
HighestPossibleCritFunctionValue = 1.1;
