NumDevices = 32;
NumSlotes = 256;


GivenBandwidthOld = [0.0181289, 0.0273991, 0.0324944, 0.0182549, 0.019784, 0.0200991, 0.016258, 0.033259, 0.0190256, 0.0238492, 0.0177766, 0.0318792, 0.0279838, 0.0339416, 0.0168461, 0.0173795, 0.0327315, 0.0276244, 0.0190961, 0.0332948, 0.0209609, 0.0246921, 0.0359429, 0.0274393, 0.0322147, 0.0172392, 0.0235566, 0.0254199, 0.0174776, 0.0315154, 0.0394908, 0.0317848];
GivenLatency = [132.306, 68.7749, 56.4781, 132.43, 114.993, 115.628, 135.434, 74.5014, 102.148, 83.4851, 116.921, 70.1979, 66.7596, 69.8021, 104.629, 137.124, 70.3576, 63.4606, 127.179, 51.9545, 103.814, 78.7287, 60.1891, 74.8473, 57.4708, 100.683, 75.0454, 91.2488, 129.468, 58.0609, 51.0374, 71.8646];
HighestPossibleCritFunctionValue = 1.1;
