NumDevices = 32;
NumSlotes = 256;


GivenBandwidthOld = [0.0127578, 0.0150515, 0.0157077, 0.00700714, 0.0139534, 0.010449, 0.011076, 0.0115601, 0.0109102, 0.0119447, 0.0128822, 0.0057873, 0.0122112, 0.015553, 0.00652984, 0.0169533, 0.0169267, 0.00739537, 0.0139453, 0.0113439, 0.0146855, 0.0142991, 0.00688188, 0.00867811, 0.0104754, 0.0172978, 0.00596801, 0.0119109, 0.00692862, 0.0068231, 0.00833857, 0.0164229];
GivenLatency = [28.2342, 20.4792, 33.3769, 54.9337, 25.3861, 51.8373, 30.5405, 35.2203, 48.4403, 27.0145, 29.1399, 101.261, 32.0191, 37.3129, 68.8274, 26.9557, 20.0388, 47.7474, 38.8467, 51.3282, 30.1571, 30.4374, 89.7974, 44.3967, 37.708, 33.5592, 76.3026, 32.0149, 63.3961, 62.5171, 68.33, 31.4957];
HighestPossibleCritFunctionValue = 1.1;
