NumDevices = 128;
NumSlotes = 1024;


GivenBandwidthOld = [0.00919694, 0.00666055, 0.00890109, 0.009429, 0.00693744, 0.00638136, 0.00400382, 0.00718597, 0.00831155, 0.00724282, 0.00762186, 0.00937561, 0.0095726, 0.00789998, 0.00877546, 0.00416224, 0.00722202, 0.00805375, 0.00566463, 0.00797449, 0.00483132, 0.00869037, 0.00529724, 0.00819484, 0.00820732, 0.00549697, 0.00878282, 0.00905185, 0.00568, 0.00995286, 0.00518499, 0.00905687, 0.00873907, 0.00505452, 0.003793, 0.00768738, 0.00425614, 0.00420429, 0.00773088, 0.0041708, 0.00733199, 0.00625751, 0.00989176, 0.00957538, 0.00458765, 0.00715741, 0.00951393, 0.00930182, 0.00688079, 0.00413723, 0.0056482, 0.00687785, 0.00469776, 0.00775784, 0.00722234, 0.00711502, 0.00964033, 0.00883134, 0.00576022, 0.00826645, 0.00546205, 0.00943558, 0.00501162, 0.00776158, 0.00768299, 0.00544296, 0.0073582, 0.00919793, 0.00461564, 0.00887722, 0.00815402, 0.00969466, 0.00932084, 0.00792607, 0.0096551, 0.00709228, 0.00869747, 0.00580726, 0.00517868, 0.00934066, 0.00977006, 0.00789893, 0.00976743, 0.00742094, 0.00749596, 0.00590442, 0.00680294, 0.00833072, 0.00434713, 0.0083978, 0.0067524, 0.00876395, 0.0044935, 0.00599875, 0.00466249, 0.00868306, 0.00748008, 0.00771418, 0.00473251, 0.00437235, 0.00737751, 0.00876759, 0.00936695, 0.00790303, 0.0037535, 0.00629775, 0.00505632, 0.00902445, 0.00774486, 0.00788205, 0.00735107, 0.00811658, 0.00537327, 0.00480536, 0.0099213, 0.00607021, 0.00583466, 0.00942814, 0.00498767, 0.00523522, 0.00961998, 0.00431396, 0.00724091, 0.0067656, 0.00569097, 0.00694176, 0.0038641, 0.00899804];
GivenLatency = [417.258, 529.823, 436.205, 372.76, 609.464, 619.171, 847.537, 516.869, 466.26, 674.714, 539.055, 379.184, 350.305, 528.595, 424.225, 944.75, 641.901, 475.694, 659.634, 482.532, 723.386, 384.377, 717.927, 448.124, 420.776, 764.592, 419.88, 451.142, 676.689, 430.966, 910.621, 477.405, 383.832, 859.758, 1120.31, 606.921, 786.711, 842.933, 475.821, 902.331, 518.051, 716.34, 372.997, 433.691, 743.467, 599.617, 399.144, 363.312, 525.77, 960.856, 638.416, 543.306, 918.638, 558.593, 643.363, 530.414, 376.628, 401.697, 643.564, 452.209, 714.028, 469.935, 690.864, 570.067, 608.14, 782.903, 468.956, 434.107, 934.202, 406.259, 476.427, 406.87, 521.202, 568.89, 367.918, 637.656, 441.318, 852.463, 852.423, 368.168, 372.663, 581.764, 457.991, 450.725, 645.365, 761.241, 721.904, 449.69, 854.753, 544.415, 559.897, 487.297, 835.379, 643.169, 799.721, 407.176, 579.346, 542.792, 1038.09, 862.297, 496.257, 459.145, 448.058, 448.487, 1136.88, 558.75, 792.782, 395.258, 578.714, 538.42, 639.208, 547.646, 638.414, 767.998, 466.327, 763.647, 797.901, 421.893, 819.221, 897.185, 385.518, 774.72, 541.272, 567.32, 848.982, 708.165, 867.577, 526.012];
HighestPossibleCritFunctionValue = 1.1;
