NumDevices = 8;
NumSlotes = 64;


GivenBandwidthOld = [0.0329683, 0.0287829, 0.0347691, 0.0441828, 0.0611012, 0.0570555, 0.0610956, 0.0640938];
GivenLatency = [10.6776, 16.5797, 9.67694, 12.7868, 5.33077, 9.16407, 5.66282, 6.18833];
HighestPossibleCritFunctionValue = 1.1;
