NumDevices = 64;
NumSlotes = 512;


GivenBandwidthOld = [0.0126005, 0.0198272, 0.0159522, 0.0138985, 0.00945457, 0.00797169, 0.0102058, 0.0084336, 0.0110223, 0.0189635, 0.0117193, 0.00903159, 0.0115216, 0.011623, 0.0151378, 0.0138431, 0.0159456, 0.0157024, 0.0156233, 0.0107396, 0.018473, 0.0177872, 0.0175278, 0.0079998, 0.00764974, 0.0116586, 0.0143851, 0.0130328, 0.008964, 0.0128748, 0.0159465, 0.0175046, 0.01771, 0.0197406, 0.0104234, 0.0166157, 0.0142559, 0.0165956, 0.0154908, 0.00838429, 0.0197341, 0.0141105, 0.00992043, 0.0126094, 0.0193177, 0.0153013, 0.0117071, 0.0157932, 0.0158776, 0.00975393, 0.0142673, 0.00862109, 0.0121993, 0.0138881, 0.00927597, 0.0187175, 0.0143284, 0.0101995, 0.0153514, 0.015626, 0.018694, 0.00771584, 0.0101577, 0.0136965];
GivenLatency = [202.249, 130.284, 162.068, 227.711, 274.041, 320.667, 292.501, 382.648, 235.601, 117.68, 206.722, 265.971, 229.132, 245.818, 185.46, 199.465, 152.36, 151.062, 166.136, 304.096, 161.2, 133.405, 182.214, 347.784, 333.568, 233.042, 169.937, 244.498, 354.281, 190.51, 151.203, 128.923, 151.184, 165.746, 217.967, 182.044, 165.045, 176.973, 189.257, 327.552, 148.948, 188.053, 243.783, 231.647, 123.565, 172.098, 223.875, 151.421, 154.061, 229.158, 182.799, 290.786, 230.199, 173.271, 249.967, 157.808, 180.944, 296.077, 172.809, 193.413, 137.557, 327.536, 218.801, 228.426];
HighestPossibleCritFunctionValue = 1.1;
