NumDevices = 32;
NumSlotes = 256;


GivenBandwidthOld = [0.0172523, 0.0187192, 0.0234959, 0.0313456, 0.0360453, 0.0230505, 0.0202855, 0.0233328, 0.0398272, 0.0353921, 0.0207255, 0.0189487, 0.0308216, 0.0290503, 0.0341668, 0.0268919, 0.0327072, 0.0195703, 0.0275712, 0.0246542, 0.0233889, 0.0316802, 0.0347764, 0.0225974, 0.0290323, 0.0314955, 0.0298382, 0.0252905, 0.0168896, 0.0236878, 0.0308276, 0.0290087];
GivenLatency = [103.807, 125.834, 73.6932, 69.0809, 58.4809, 85.4096, 89.8876, 81.9459, 46.5362, 49.6528, 80.4844, 118.018, 58.0749, 59.5197, 63.3412, 86.6865, 61.5803, 86.6652, 84.1843, 86.0324, 91.7114, 58.5333, 51.9348, 97.0151, 81.3902, 60.1698, 59.4813, 76.1371, 131.67, 71.7536, 64.1618, 59.9075];
HighestPossibleCritFunctionValue = 1.1;
