NumDevices = 128;
NumSlotes = 1024;


GivenBandwidthOld = [0.00315711, 0.00406948, 0.00394301, 0.0033732, 0.00149433, 0.00151393, 0.00268958, 0.00246171, 0.00393226, 0.00379491, 0.00173823, 0.00380834, 0.0024582, 0.0012764, 0.0043729, 0.00341526, 0.00220854, 0.00197869, 0.00142658, 0.00332756, 0.00309809, 0.00274657, 0.00411176, 0.00198392, 0.00180425, 0.00408611, 0.00210663, 0.0016877, 0.00150501, 0.00286443, 0.003639, 0.00316235, 0.00148833, 0.00366323, 0.00420223, 0.00377608, 0.00397159, 0.00234731, 0.00311246, 0.00365502, 0.00361343, 0.0015373, 0.00185905, 0.00310371, 0.003417, 0.00319198, 0.00259674, 0.00152255, 0.00385525, 0.00325492, 0.00410855, 0.00424875, 0.0043002, 0.00344187, 0.00255257, 0.00299433, 0.0025131, 0.00211444, 0.00178384, 0.00170375, 0.00237923, 0.00208613, 0.00410881, 0.00239487, 0.00239791, 0.00354888, 0.00419824, 0.00230638, 0.00263156, 0.0023694, 0.00246321, 0.00424051, 0.00334571, 0.00197495, 0.00415635, 0.00144831, 0.00301847, 0.00203342, 0.00260746, 0.0036101, 0.00175087, 0.00371177, 0.00129079, 0.00247165, 0.00224557, 0.00258634, 0.00177567, 0.00180425, 0.00408114, 0.00303734, 0.00360058, 0.00429884, 0.00239021, 0.00223677, 0.00144342, 0.00208352, 0.00398458, 0.00188143, 0.00424195, 0.00259183, 0.00332867, 0.00305578, 0.00411529, 0.00195987, 0.00390191, 0.00322551, 0.00362441, 0.00163895, 0.00397431, 0.0013003, 0.00289049, 0.0042346, 0.00396779, 0.00421311, 0.00215852, 0.00197036, 0.00204228, 0.00148479, 0.00363455, 0.00336872, 0.00437082, 0.00292354, 0.0035018, 0.00353064, 0.00388104, 0.00238591, 0.00183053, 0.00188619];
GivenLatency = [126.408, 105.192, 97.8519, 124.652, 396.467, 255.681, 134.957, 246.773, 85.2029, 126.16, 249.995, 104.819, 128.305, 304.189, 78.7183, 137.877, 289.959, 177.626, 241.681, 192.597, 113.834, 130.963, 113.554, 286.552, 277.616, 105.585, 152.481, 190.556, 216.788, 208.723, 107.053, 104.63, 215.112, 119.72, 78.8939, 122.44, 102.395, 153.259, 123.82, 116.171, 110.556, 318.575, 177.085, 188.001, 104.518, 114.236, 163.004, 257.912, 160.328, 100.739, 80.6349, 143.695, 80.3, 117.386, 146.967, 170.026, 132.476, 156.51, 346.445, 245.76, 209.261, 258.615, 80.2939, 192.525, 209.419, 112.055, 92.8345, 199.325, 216.568, 173.444, 231.998, 74.9352, 106.997, 194.439, 86.9679, 431.164, 179.23, 190.003, 193.796, 113.495, 278.08, 162.799, 349.385, 151.818, 221.088, 194.796, 202.685, 221.941, 87.978, 140.732, 92.266, 95.0688, 168.541, 219.085, 278.902, 248.216, 164.193, 171.364, 128.907, 126.756, 96.0086, 122.009, 96.1587, 214.601, 95.0785, 100.928, 133.445, 366.016, 103.238, 369.825, 156.289, 75.5447, 121.859, 113.388, 236.244, 307.584, 166.482, 290.041, 167.549, 100.163, 91.5956, 163.207, 122.217, 180.172, 114.188, 141.388, 189.936, 232.887];
HighestPossibleCritFunctionValue = 1.1;
