NumDevices = 64;
NumSlotes = 512;


GivenBandwidthOld = [0.00986381, 0.0160132, 0.00873905, 0.0121408, 0.0150478, 0.013862, 0.0139669, 0.0169643, 0.0137035, 0.00965716, 0.0128987, 0.014003, 0.0136018, 0.010738, 0.00939114, 0.0119244, 0.0081093, 0.00805248, 0.0130301, 0.011325, 0.0149336, 0.0138595, 0.0110829, 0.0148618, 0.0172329, 0.00836479, 0.012115, 0.0124687, 0.0159204, 0.0090425, 0.0122861, 0.00762958, 0.0153208, 0.0124009, 0.0165836, 0.0158655, 0.0156467, 0.0087291, 0.0150133, 0.0131893, 0.00801369, 0.0110033, 0.016942, 0.00946538, 0.00963422, 0.0174002, 0.0100412, 0.00827781, 0.0101395, 0.00922129, 0.0172277, 0.0110865, 0.0163785, 0.00792451, 0.0122062, 0.014709, 0.00885283, 0.0145376, 0.00819398, 0.0111563, 0.00965281, 0.00972766, 0.00776032, 0.012763];
GivenLatency = [104.863, 74.8108, 106.04, 83.0842, 81.0768, 66.2263, 65.9285, 69.8581, 72.5271, 96.0421, 89.1253, 86.4513, 77.7642, 90.3832, 122.466, 102.986, 136.662, 138.762, 78.2881, 83.7114, 70.5304, 87.0123, 100.888, 81.6778, 58.0142, 126.938, 88.3804, 77.1761, 65.3531, 107.363, 94.6844, 153.635, 59.909, 85.4815, 69.5792, 62.7585, 77.3172, 106.841, 67.5624, 68.9385, 151.902, 105.327, 61.968, 99.0619, 110.374, 63.711, 113.81, 137.94, 105.019, 111.52, 54.6455, 83.1593, 63.4882, 145.04, 77.7451, 80.8861, 116.781, 69.3905, 126.229, 85.1646, 110.46, 95.4563, 137.17, 97.9177];
HighestPossibleCritFunctionValue = 1.1;
