NumDevices = 32;
NumSlotes = 256;


GivenBandwidthOld = [0.00752739, 0.00787567, 0.011298, 0.00617798, 0.0157726, 0.0100008, 0.015183, 0.0138914, 0.0055939, 0.0116179, 0.00727851, 0.0123568, 0.0132704, 0.00591408, 0.00548872, 0.00640925, 0.0152504, 0.0090003, 0.0129691, 0.0159201, 0.0148863, 0.0144726, 0.0103122, 0.0128149, 0.0126914, 0.0113551, 0.0154396, 0.0137359, 0.00507102, 0.0111876, 0.0128698, 0.0107478];
GivenLatency = [63.2229, 81.3276, 42.5008, 78.3812, 24.2063, 31.2207, 31.5066, 34.7072, 62.8364, 28.2627, 55.9373, 27.0515, 24.9496, 72.9999, 56.7761, 54.884, 20.7585, 42.4558, 29.6611, 30.1783, 20.7225, 27.6118, 31.8086, 49.6086, 50.382, 40.6531, 31.8253, 26.7152, 66.3561, 32.4845, 27.1504, 43.6905];
HighestPossibleCritFunctionValue = 1.1;
