NumDevices = 32;
NumSlotes = 256;


GivenBandwidthOld = [0.0346477, 0.0346163, 0.0268777, 0.0233315, 0.0217474, 0.0180857, 0.0157425, 0.0338827, 0.0158938, 0.017789, 0.0305345, 0.0234192, 0.0161923, 0.033914, 0.0226148, 0.0161613, 0.0332025, 0.0242177, 0.0174839, 0.0223212, 0.0229217, 0.0346983, 0.0247524, 0.0238689, 0.0341007, 0.0196945, 0.0154873, 0.0253945, 0.0155602, 0.0306405, 0.0245686, 0.0337851];
GivenLatency = [33.5985, 30.0001, 43.2108, 42.8388, 45.7881, 46.6007, 62.8526, 26.6431, 60, 48.3264, 27.9729, 43.7594, 60.9497, 27.5638, 44.8353, 53.3993, 25.8418, 38.2017, 54.8097, 49.2677, 38.2159, 32.2755, 37.7026, 38.5712, 26.7128, 46.5421, 55.459, 45.8329, 58.2294, 31.298, 37.7195, 28.6332];
HighestPossibleCritFunctionValue = 1.1;
