NumDevices = 128;
NumSlotes = 1024;


GivenBandwidthOld = [0.00896856, 0.00591566, 0.0082181, 0.00527803, 0.0041008, 0.00589408, 0.00799963, 0.00855431, 0.00596501, 0.00645812, 0.00660429, 0.00702949, 0.00963338, 0.00443536, 0.00390951, 0.00966575, 0.00469443, 0.00807312, 0.00615526, 0.00393502, 0.00721342, 0.00719412, 0.007785, 0.00745257, 0.00778092, 0.00774228, 0.00827714, 0.00394198, 0.00534628, 0.00746903, 0.00949679, 0.00873121, 0.00425826, 0.008592, 0.00830397, 0.00481314, 0.00952365, 0.00393163, 0.00637617, 0.00429351, 0.00727624, 0.0068106, 0.00575841, 0.00903988, 0.00455546, 0.00994548, 0.00626602, 0.00927197, 0.0052025, 0.00959102, 0.00500005, 0.00705517, 0.00994322, 0.00573104, 0.00535226, 0.00792743, 0.00749739, 0.00489131, 0.00450349, 0.00516511, 0.00628677, 0.00796435, 0.00940709, 0.0074261, 0.00673552, 0.00631619, 0.00864377, 0.0095097, 0.00697977, 0.00532288, 0.00789584, 0.0079352, 0.00681818, 0.0081808, 0.00964353, 0.00634199, 0.00477398, 0.00748301, 0.00686544, 0.00874383, 0.00386187, 0.00891914, 0.00648158, 0.00708592, 0.00808984, 0.00593418, 0.00707689, 0.00631507, 0.00856528, 0.00918743, 0.00933577, 0.00880175, 0.00854526, 0.00389871, 0.00930661, 0.00616657, 0.00658278, 0.00804025, 0.0038135, 0.00856049, 0.0099599, 0.00477463, 0.00594682, 0.00693652, 0.0095721, 0.00573199, 0.00880264, 0.00480022, 0.00475669, 0.00444299, 0.00703231, 0.00707932, 0.00968476, 0.00547185, 0.0054602, 0.00950718, 0.00845388, 0.00561422, 0.00448681, 0.00605133, 0.00721267, 0.00712003, 0.00631401, 0.00957926, 0.00739616, 0.00974968, 0.00910591, 0.00809142];
GivenLatency = [426.809, 566.941, 430.132, 799.614, 1020.61, 567.074, 483.146, 515.266, 629.677, 574.082, 601.638, 494.575, 510.91, 1059.69, 900.297, 354.116, 971.31, 498.615, 633.613, 1106.48, 638.841, 510.308, 525.451, 527.068, 494.185, 447.239, 405.282, 931.6, 785.518, 539.927, 423.801, 529.001, 1128.03, 445.702, 472.992, 746.577, 506.427, 1062.33, 755.009, 1026.36, 487.771, 681.379, 751.45, 401.45, 960.406, 462.241, 754.321, 449.407, 723.596, 353.164, 963.478, 496.428, 438.927, 623.508, 820.466, 629.061, 481.953, 954.672, 928.425, 950.338, 551.97, 474.861, 368.761, 529.786, 529.76, 754.234, 560.623, 351.471, 562.943, 770.416, 534.108, 585.618, 600.455, 466.392, 369.991, 620.129, 716.536, 470.354, 530.071, 447.064, 1277.25, 454.096, 681.658, 634.541, 484.119, 572.242, 538.826, 592.519, 404.429, 452.892, 419.828, 473.215, 418.129, 970.859, 510.799, 572.362, 611.195, 487.948, 971.345, 471.785, 360.996, 755.816, 827.919, 606.463, 412.573, 825.543, 417.711, 722.079, 992.798, 834.186, 592.606, 501.38, 454.985, 886.857, 623.515, 370.212, 463.415, 675.193, 847.53, 666.597, 563.908, 575.451, 656.134, 367.679, 492.953, 393.399, 449.718, 439.891];
HighestPossibleCritFunctionValue = 1.1;
