NumDevices = 32;
NumSlotes = 256;


GivenBandwidthOld = [0.0289794, 0.0265503, 0.0206261, 0.0328257, 0.0317004, 0.0194224, 0.0215159, 0.028009, 0.0175134, 0.0179474, 0.0311386, 0.0169728, 0.0318848, 0.0183049, 0.0201439, 0.0279776, 0.030195, 0.0179803, 0.0255604, 0.0228232, 0.0191423, 0.0345534, 0.0284509, 0.0249081, 0.0211575, 0.0238735, 0.032395, 0.0332041, 0.0306821, 0.0246223, 0.0163819, 0.0208238];
GivenLatency = [40.4755, 38.6575, 49.4829, 25.6074, 33.8168, 51.6118, 38.9243, 31.6653, 51.2441, 51.6388, 28.3776, 57.5423, 26.9912, 51.8937, 52.348, 33.8147, 36.6938, 54.3518, 42.6004, 45.4379, 60.8719, 25.4632, 40.559, 34.9524, 46.5711, 47.6038, 28.6899, 32.1443, 36.6499, 39.9891, 71.6414, 55.3525];
HighestPossibleCritFunctionValue = 1.1;
