NumDevices = 64;
NumSlotes = 512;


GivenBandwidthOld = [0.00878724, 0.0170728, 0.010579, 0.0188691, 0.0134796, 0.0192312, 0.0111102, 0.00837645, 0.0129891, 0.0135422, 0.00911939, 0.01208, 0.00784592, 0.00881224, 0.0123361, 0.0135534, 0.00931235, 0.0177574, 0.0166335, 0.0136073, 0.0153197, 0.00762981, 0.014179, 0.0112555, 0.0129503, 0.0104744, 0.0100798, 0.0159918, 0.0164801, 0.0114316, 0.0115646, 0.00922345, 0.0110024, 0.00985578, 0.0135435, 0.0178271, 0.0123898, 0.0157579, 0.00997347, 0.0166769, 0.0186825, 0.0146373, 0.0133956, 0.0195516, 0.00854939, 0.0196617, 0.00912943, 0.0182997, 0.0188963, 0.0194524, 0.0163158, 0.011402, 0.0138443, 0.0116251, 0.0138558, 0.0171211, 0.00875008, 0.0176848, 0.00840828, 0.0104292, 0.0137554, 0.0165517, 0.0140139, 0.0121307];
GivenLatency = [339.666, 189.108, 264.069, 138.2, 204.679, 145.225, 267.29, 285.838, 251.353, 165.296, 260.723, 241.105, 336.074, 332.604, 233.479, 244.944, 259.311, 175.642, 167.311, 182.492, 183.486, 315.283, 198.253, 216.296, 231.355, 263.623, 233.806, 160.478, 177.298, 246.375, 218.103, 262.681, 267.336, 237.641, 190.994, 182.045, 211.617, 147.572, 263.896, 157.12, 143.878, 222.589, 222.118, 124.337, 272.901, 163.708, 322.232, 126.145, 172.558, 121.968, 141.073, 215.056, 188.501, 271.317, 230.862, 130.106, 313.174, 151.442, 375.722, 311.033, 192.642, 134.492, 162.579, 236.836];
HighestPossibleCritFunctionValue = 1.1;
