NumDevices = 64;
NumSlotes = 512;


GivenBandwidthOld = [0.0183649, 0.0133056, 0.0198258, 0.017991, 0.0175472, 0.00817018, 0.0087484, 0.0143655, 0.00799877, 0.0153511, 0.0111855, 0.0124415, 0.00864616, 0.00853914, 0.00988521, 0.00823126, 0.0103209, 0.0188642, 0.0180327, 0.0182816, 0.0131085, 0.0190514, 0.0143597, 0.0117388, 0.012047, 0.0157505, 0.0113095, 0.00880756, 0.00871185, 0.0125684, 0.0165752, 0.00913337, 0.00950888, 0.0081995, 0.0140768, 0.0192693, 0.0140387, 0.0163209, 0.00981717, 0.0146443, 0.0198903, 0.0144765, 0.0118848, 0.0160619, 0.019516, 0.0101674, 0.0136187, 0.0077245, 0.0181326, 0.0101508, 0.00886243, 0.0184491, 0.0164289, 0.0131576, 0.0199926, 0.00819808, 0.0151567, 0.0187505, 0.0197122, 0.00849016, 0.0116711, 0.0112352, 0.0100776, 0.0162991];
GivenLatency = [123.256, 179.305, 127.598, 134.498, 134.982, 285.27, 371.159, 203.793, 306.94, 166.53, 236.476, 179.164, 329.685, 296.457, 319.391, 296.285, 268.814, 127.23, 169.417, 126.568, 249.858, 116.875, 209.167, 249.517, 199.151, 183.887, 202.902, 255.184, 267.362, 185.33, 187.393, 306.676, 276.4, 314.478, 226.654, 164.359, 182.094, 166.472, 255.173, 162.176, 138.866, 164.399, 191.426, 150.621, 138.393, 278.501, 187.041, 291.65, 146.308, 232.658, 340.738, 150.596, 182.129, 202.982, 164.988, 328.03, 199.934, 124.591, 157.544, 309.745, 210.002, 231.047, 262.171, 137.584];
HighestPossibleCritFunctionValue = 1.1;
