NumDevices = 128;
NumSlotes = 1024;


GivenBandwidthOld = [0.00376893, 0.00942043, 0.00662884, 0.00708412, 0.00906911, 0.00822143, 0.00500677, 0.00756794, 0.00935401, 0.00908354, 0.00700723, 0.00433566, 0.00939797, 0.00414945, 0.00476507, 0.00776539, 0.00920415, 0.00921331, 0.00681975, 0.00952396, 0.00926153, 0.00482623, 0.00443552, 0.00661577, 0.00628866, 0.00856978, 0.00980561, 0.00540637, 0.00478467, 0.00590365, 0.0063774, 0.00624093, 0.00632232, 0.00550554, 0.00918104, 0.00820676, 0.00854565, 0.00421141, 0.00867463, 0.00956443, 0.00816778, 0.0095976, 0.00930221, 0.00723536, 0.00723242, 0.00778454, 0.00599105, 0.00655982, 0.00967819, 0.00758591, 0.00506378, 0.00938601, 0.00948256, 0.00711964, 0.00600013, 0.00923057, 0.0094075, 0.00811716, 0.00888349, 0.00725884, 0.00809608, 0.00453317, 0.00402664, 0.00956091, 0.00528452, 0.00693072, 0.0059221, 0.00398266, 0.00778486, 0.00517685, 0.00988058, 0.00910472, 0.00678503, 0.00729852, 0.00623888, 0.00932075, 0.00635874, 0.00506881, 0.00643144, 0.00827542, 0.00625838, 0.00586463, 0.00681821, 0.0086247, 0.00780245, 0.00708135, 0.00633615, 0.00662475, 0.00720679, 0.00830566, 0.00822003, 0.00651216, 0.00859427, 0.00884438, 0.00623719, 0.00599991, 0.00546379, 0.00734218, 0.00874812, 0.00719156, 0.00846727, 0.00565819, 0.00600342, 0.00818132, 0.00594639, 0.00593553, 0.00477772, 0.00781858, 0.00930511, 0.00594414, 0.00567604, 0.00598815, 0.00785085, 0.00794612, 0.00924216, 0.00423772, 0.00718053, 0.00444461, 0.0092917, 0.00566176, 0.00968956, 0.00498103, 0.00623749, 0.00470865, 0.00948424, 0.00415179, 0.00660515, 0.00893338];
GivenLatency = [967.543, 432.695, 664.207, 592.576, 387.743, 423.398, 665.953, 478.247, 405.481, 543.835, 535.442, 1084.41, 516.593, 990.54, 1043.78, 473.67, 509.456, 414.537, 508.026, 424.337, 458.455, 969.241, 926.72, 723.853, 752.209, 411.098, 446.685, 924.108, 850.512, 614.984, 777.837, 756.895, 534.943, 793.947, 493.544, 522.973, 437.979, 872.195, 545.559, 370.44, 472.502, 433.681, 489.592, 513.491, 591.173, 633.926, 566.968, 533.462, 507.467, 502.176, 940.277, 382.159, 522.053, 499.884, 557.066, 490.471, 431.088, 431.941, 377.708, 465.246, 434.428, 820.924, 1101.74, 356.873, 634.094, 496.819, 669.201, 839.779, 453.21, 759.14, 423.248, 433.37, 566.271, 540.544, 659.629, 378.248, 532.909, 891.378, 689.089, 516.218, 535.47, 663.499, 557, 515.02, 518.054, 473.411, 669.903, 708.067, 468.023, 425.953, 461.725, 586.345, 547.468, 384.232, 744.866, 764.377, 618.832, 504.682, 483.909, 479.974, 559.951, 731.725, 738.913, 454.541, 708.644, 578.898, 863.51, 561.34, 430.526, 630.835, 734.428, 622.218, 590.03, 465.082, 447.18, 1036.24, 595.598, 772.863, 411.664, 801.779, 494.606, 880.001, 759.714, 848.41, 417.068, 1013.25, 538.49, 529.582];
HighestPossibleCritFunctionValue = 1.1;
