NumDevices = 32;
NumSlotes = 256;


GivenBandwidthOld = [0.0150329, 0.0151734, 0.0141239, 0.0125845, 0.0158955, 0.0134339, 0.0161379, 0.0116656, 0.00930409, 0.00631058, 0.00683486, 0.00601075, 0.00514554, 0.0135823, 0.0103519, 0.0161935, 0.00850372, 0.01696, 0.016507, 0.0153287, 0.0119237, 0.00858567, 0.0068774, 0.00846259, 0.013274, 0.0159587, 0.0124089, 0.0140566, 0.00669443, 0.00836285, 0.0120055, 0.00883215];
GivenLatency = [26.5158, 27.7276, 41.7223, 31.8228, 31.7853, 28.4169, 37.4223, 31.2817, 44.2795, 52.7664, 59.5173, 77.9721, 63.4326, 41.8923, 34.2848, 22.0562, 39.3189, 29.151, 20.5922, 31.0638, 31.7908, 46.7693, 78.5967, 42.2919, 24.883, 27.3255, 46.0312, 29.0692, 74.053, 58.0594, 37.0774, 52.5302];
HighestPossibleCritFunctionValue = 1.1;
