NumDevices = 16;
NumSlotes = 128;


GivenBandwidthOld = [0.0400239, 0.0611331, 0.0443704, 0.0329641, 0.0467941, 0.0486247, 0.055084, 0.0571117, 0.0561416, 0.0319496, 0.0364232, 0.0646548, 0.0327048, 0.0493979, 0.0506816, 0.0653157];
GivenLatency = [20.7873, 13.1823, 21.8343, 31.9547, 20.2784, 16.1923, 17.6359, 17.812, 18.0609, 34.7329, 29.2346, 16.6114, 29.068, 19.8788, 20.1775, 11.8352];
HighestPossibleCritFunctionValue = 1.1;
