NumDevices = 64;
NumSlotes = 512;


GivenBandwidthOld = [0.0168461, 0.0121817, 0.017785, 0.0178109, 0.0155674, 0.00877097, 0.0187201, 0.00802186, 0.01594, 0.0090244, 0.015515, 0.0157654, 0.0115092, 0.0156934, 0.0135811, 0.0126389, 0.0149942, 0.0118062, 0.00752377, 0.0195459, 0.0135069, 0.0162047, 0.00754736, 0.0159289, 0.010161, 0.0189635, 0.012377, 0.0131385, 0.0107039, 0.0179335, 0.0125645, 0.0146257, 0.0194576, 0.0157961, 0.014495, 0.00999387, 0.00952881, 0.0182406, 0.0122781, 0.0133535, 0.0129319, 0.0138386, 0.0161015, 0.00996908, 0.0177567, 0.0176293, 0.0129241, 0.0196664, 0.0138346, 0.0112975, 0.00767349, 0.0108928, 0.0177554, 0.00781044, 0.0125367, 0.00968887, 0.00832093, 0.0173282, 0.0158139, 0.0139085, 0.0152991, 0.0117851, 0.0145707, 0.00763939];
GivenLatency = [163.898, 232.663, 157.247, 134.871, 151.762, 327.294, 154.739, 324.053, 206.384, 351.448, 208.87, 159.937, 283.956, 151.289, 177.204, 195.765, 150.492, 281.112, 363.893, 166.404, 226.499, 147.883, 398.61, 140.763, 252.534, 123.532, 182.79, 182.487, 221.268, 159.507, 241.874, 204.455, 114.289, 175.985, 192.487, 253.066, 256.23, 160.387, 236.527, 236.518, 226.801, 189.745, 193.219, 228.737, 135.16, 171.655, 172.498, 142.762, 226.52, 197.86, 379.444, 294.951, 144.269, 319.496, 247.396, 317.58, 344.645, 188.001, 193.77, 173.769, 180.591, 253.71, 161.204, 336.131];
HighestPossibleCritFunctionValue = 1.1;
