NumDevices = 32;
NumSlotes = 256;


GivenBandwidthOld = [0.0199183, 0.0172326, 0.0190501, 0.0243459, 0.0315875, 0.0211628, 0.0329688, 0.0159445, 0.0290798, 0.0346109, 0.0161976, 0.0233799, 0.0157939, 0.0175051, 0.0188015, 0.0276495, 0.034389, 0.0253243, 0.0163142, 0.0228742, 0.0170415, 0.0265074, 0.0192513, 0.0270941, 0.0210373, 0.0235217, 0.0185683, 0.0274407, 0.0251525, 0.0284502, 0.0318591, 0.0255726];
GivenLatency = [46.5882, 67.0861, 56.2725, 47.6835, 30.2695, 41.3921, 34.7261, 63.3664, 35.7337, 26.3394, 56.1408, 48.3663, 60.9596, 47.6516, 47.7588, 30.2448, 25.5347, 39.4012, 62.7783, 44.1997, 49.5882, 36.6537, 60.0602, 40.0314, 42.7283, 40.2785, 60.2777, 34.7427, 46.5356, 32.6674, 34.157, 37.58];
HighestPossibleCritFunctionValue = 1.1;
