NumDevices = 32;
NumSlotes = 256;


GivenBandwidthOld = [0.039685, 0.0210204, 0.0246961, 0.0275353, 0.0213057, 0.0201098, 0.0200829, 0.0184687, 0.0389226, 0.0321797, 0.0297034, 0.0358015, 0.0265958, 0.030829, 0.0274055, 0.0387262, 0.0312876, 0.0352952, 0.0170636, 0.0223126, 0.0171966, 0.0326522, 0.0199984, 0.0234885, 0.0310042, 0.0221953, 0.0210241, 0.037294, 0.0345147, 0.0232444, 0.0279262, 0.0155971];
GivenLatency = [52.32, 114.242, 69.5109, 62.0772, 79.9767, 102.151, 120.198, 99.0844, 47.4357, 55.6352, 70.6155, 47.8539, 85.5978, 67.3735, 66.497, 47.1175, 61.6133, 52.3812, 111.548, 75.8917, 103.977, 64.2325, 96.7142, 87.2675, 79.2733, 108.181, 99.6099, 58.6413, 60.6283, 76.2809, 74.7678, 158.209];
HighestPossibleCritFunctionValue = 1.1;
