NumDevices = 64;
NumSlotes = 512;


GivenBandwidthOld = [0.0107271, 0.0145749, 0.014934, 0.010892, 0.0169932, 0.00913616, 0.0164819, 0.0170213, 0.0122711, 0.0153495, 0.013389, 0.0144139, 0.00928161, 0.0110913, 0.0172903, 0.0129319, 0.012045, 0.0148869, 0.0083494, 0.0134312, 0.0123725, 0.00899062, 0.0104431, 0.0113753, 0.0102982, 0.0162074, 0.0119553, 0.007583, 0.0124329, 0.0151697, 0.0121014, 0.0137634, 0.0160602, 0.00807519, 0.014671, 0.010311, 0.0123943, 0.015808, 0.0102814, 0.0145755, 0.0159643, 0.00761986, 0.0120222, 0.0114591, 0.00797101, 0.0137193, 0.0160123, 0.0137041, 0.0101575, 0.0118876, 0.00943959, 0.0161378, 0.0132298, 0.00817307, 0.00980417, 0.0137453, 0.0128683, 0.0131008, 0.0107223, 0.0151033, 0.0168257, 0.0151007, 0.0121991, 0.0147943];
GivenLatency = [97.6739, 77.1861, 63.632, 88.3384, 60.4646, 135.481, 60.9181, 57.7422, 91.039, 62.0217, 81.2335, 72.8871, 130.154, 89.5704, 57.718, 92.7118, 84.2349, 81.8744, 131.962, 90.1397, 83.0815, 106.232, 97.7222, 99.0403, 105.85, 59.0807, 80.1047, 133.47, 80.0262, 70.6216, 83.6939, 70.8452, 74.7716, 124.758, 63.6311, 99.7179, 85.8112, 74.1476, 97.1217, 80.8767, 72.6581, 123.213, 88.9036, 85.4116, 126.044, 70.6571, 57.1856, 89.1804, 95.9684, 101.03, 107.089, 60.3789, 79.4095, 115.973, 94.9053, 85.897, 88.1069, 72.7257, 86.2384, 73.4867, 60.3887, 62.199, 89.0478, 62.6324];
HighestPossibleCritFunctionValue = 1.1;
