NumDevices = 16;
NumSlotes = 128;


GivenBandwidthOld = [0.0232113, 0.0281492, 0.0192465, 0.0160197, 0.0326746, 0.0272043, 0.0126407, 0.0170409, 0.0212871, 0.0116845, 0.022216, 0.024003, 0.0334417, 0.0191461, 0.0278172, 0.0142961];
GivenLatency = [23.305, 11.9252, 16.3779, 25.4386, 9.25111, 17.3691, 29.2398, 19.1598, 19.9657, 39.495, 20.9587, 19.1979, 9.49954, 16.9706, 16.2197, 22.2984];
HighestPossibleCritFunctionValue = 1.1;
