NumDevices = 128;
NumSlotes = 1024;


GivenBandwidthOld = [0.00209352, 0.00331043, 0.00274919, 0.00134295, 0.00407355, 0.00358795, 0.00141145, 0.0022402, 0.00284119, 0.00368109, 0.001252, 0.00359753, 0.00301305, 0.00162745, 0.00132695, 0.00399472, 0.00355502, 0.00419377, 0.00226062, 0.002317, 0.003082, 0.00418713, 0.00306554, 0.00247313, 0.00206683, 0.00157327, 0.00322121, 0.0032728, 0.0016299, 0.00191904, 0.00203486, 0.00175903, 0.00332292, 0.0032435, 0.00281185, 0.00436301, 0.00278947, 0.00325585, 0.00419129, 0.00428905, 0.00355824, 0.00215618, 0.00325714, 0.00398951, 0.00363098, 0.00269427, 0.00315057, 0.00350914, 0.00183475, 0.00410346, 0.00305436, 0.00209304, 0.00140305, 0.00173472, 0.00426316, 0.00278261, 0.00362619, 0.00349504, 0.00230574, 0.0013897, 0.00228289, 0.00168839, 0.00365405, 0.0029498, 0.00414073, 0.00140723, 0.00314164, 0.00347913, 0.00376043, 0.00348924, 0.00183057, 0.0025856, 0.00179024, 0.00290977, 0.00329938, 0.0014236, 0.00336184, 0.00427464, 0.00196695, 0.00410749, 0.00213939, 0.00233571, 0.00192191, 0.00344489, 0.00325353, 0.00272086, 0.00331521, 0.00193204, 0.00178053, 0.00226935, 0.00221609, 0.00397011, 0.00256971, 0.00348476, 0.00144541, 0.00430265, 0.00395579, 0.00248406, 0.00146518, 0.00212405, 0.00395954, 0.00292382, 0.00187665, 0.00207021, 0.00217859, 0.00183168, 0.00251509, 0.00421187, 0.00321745, 0.00264362, 0.00196791, 0.00146282, 0.00304933, 0.00196912, 0.00318792, 0.00310011, 0.00237538, 0.00308024, 0.00272266, 0.00218118, 0.00161004, 0.0023804, 0.00308512, 0.00345524, 0.00228109, 0.00271596, 0.00215108, 0.00188128];
GivenLatency = [267.039, 126.379, 235.025, 248.161, 140.941, 110.262, 354.611, 205.106, 145.833, 112.976, 391.024, 109.644, 188.731, 312.819, 331.146, 94.221, 152.194, 81.7454, 187.545, 222.05, 142.857, 90.8945, 113.062, 155.872, 222.185, 215.74, 171.717, 98.3365, 291.677, 312.075, 232.01, 344.091, 154.77, 172.08, 126.22, 94.7736, 136.294, 141.745, 140.159, 97.4062, 105.239, 182.549, 161.958, 136.429, 86.4835, 219.018, 165.505, 126.075, 266.558, 118.413, 132.67, 171.903, 285.358, 203.102, 112.368, 165.184, 99.4347, 160.489, 265.025, 231.025, 144.393, 373.805, 90.2049, 111.195, 76.2989, 411.829, 202.582, 112.779, 150.174, 94.0638, 225.607, 160.386, 181.182, 135.862, 113.768, 300.911, 148.185, 110.657, 246.278, 90.9562, 235.642, 256.026, 162.985, 171.282, 129.436, 148.605, 193.637, 184.649, 278.114, 210.771, 259.114, 85.8386, 159.031, 95.9418, 327.366, 131.538, 155.25, 169.983, 330.209, 227.936, 151.799, 107.1, 219.446, 279.964, 181.739, 184.861, 133.627, 90.5114, 195.596, 170.638, 178.632, 279.919, 125.675, 169.694, 103.43, 137.421, 192.47, 139.666, 218.545, 166.695, 259.919, 159.096, 105.073, 141.566, 275.895, 122.207, 153.527, 230.163];
HighestPossibleCritFunctionValue = 1.1;
