NumDevices = 128;
NumSlotes = 1024;


GivenBandwidthOld = [0.00810422, 0.00381394, 0.00969047, 0.00766145, 0.00600826, 0.00832184, 0.00521263, 0.00487383, 0.00454091, 0.00902322, 0.00583731, 0.00385658, 0.00752073, 0.00969306, 0.00748951, 0.00988853, 0.00528889, 0.00537875, 0.00945826, 0.0050548, 0.0084448, 0.00921021, 0.00466952, 0.00812645, 0.00875762, 0.00428717, 0.00697575, 0.00647359, 0.00419298, 0.0051654, 0.00488496, 0.00401355, 0.00829152, 0.00810001, 0.00814012, 0.00718964, 0.00756337, 0.00748727, 0.00987518, 0.00586276, 0.00669841, 0.00764593, 0.00763243, 0.00577289, 0.00870577, 0.00780863, 0.00459399, 0.00751879, 0.00837935, 0.00917116, 0.00462661, 0.0056528, 0.00910631, 0.00841826, 0.00703579, 0.00934537, 0.00770281, 0.00742724, 0.00716687, 0.00609848, 0.00589273, 0.00416865, 0.00872318, 0.00668168, 0.00778155, 0.00576234, 0.00640563, 0.00569847, 0.00800392, 0.00570017, 0.00532956, 0.00772224, 0.00898196, 0.00608392, 0.0049692, 0.00736504, 0.00552192, 0.00946927, 0.00880891, 0.00392093, 0.00784425, 0.00947863, 0.00976597, 0.00791858, 0.00888785, 0.00551449, 0.00951899, 0.00688198, 0.00549302, 0.00500961, 0.00528296, 0.00578698, 0.00805136, 0.00926653, 0.00760199, 0.00661925, 0.00856112, 0.0080344, 0.00541286, 0.00763284, 0.00632914, 0.00761534, 0.00594961, 0.00379779, 0.00687661, 0.00885423, 0.00931568, 0.00857054, 0.00376774, 0.00812509, 0.00464684, 0.00823012, 0.00730215, 0.00480481, 0.00692229, 0.00800063, 0.00660503, 0.00691849, 0.00648567, 0.0072428, 0.00721866, 0.00771318, 0.0067309, 0.0038185, 0.00502335, 0.00490866, 0.0085422, 0.00879212];
GivenLatency = [430.529, 1309.42, 347.996, 582.355, 640.093, 439.641, 945.539, 692.974, 873.586, 463.287, 608.873, 1288.82, 459.658, 370.885, 466.237, 385.879, 920.882, 862.296, 524.862, 701.86, 463.606, 504.237, 765.245, 472.786, 442.128, 869.678, 549.027, 530.754, 1145.22, 692.241, 860.214, 967.485, 407.15, 527.943, 543.106, 509.65, 633.231, 559.139, 425.931, 785.249, 629.015, 548.744, 636.799, 583.882, 515.743, 495.454, 985.825, 483.281, 538.902, 437.744, 852.251, 683.394, 414.517, 547.688, 677.883, 371.591, 632.083, 501.46, 471.003, 678.17, 604.373, 804.749, 435.117, 686.495, 431.599, 580.369, 539.885, 601.437, 417.756, 606.902, 639.625, 439.332, 400.141, 680.487, 866.852, 560.423, 828.857, 428.783, 391.704, 1236.17, 485.478, 405.956, 434.801, 452.317, 453.678, 659.574, 428.561, 487.339, 750.031, 878.704, 712.437, 674.134, 481.499, 406.34, 475.208, 682.485, 406.478, 560.494, 878.427, 535.532, 579.179, 579.493, 579.49, 903.635, 684.692, 529.382, 400.867, 452.567, 1291.81, 578.105, 955.762, 446.412, 538.695, 861.785, 547.323, 497.664, 629.353, 545.546, 618.481, 560.899, 599.972, 555.363, 590.005, 1058.13, 804.559, 923.398, 405.562, 439.101];
HighestPossibleCritFunctionValue = 1.1;
