NumDevices = 128;
NumSlotes = 1024;


GivenBandwidthOld = [0.00458691, 0.00467349, 0.00477268, 0.00694633, 0.00446885, 0.00553916, 0.0041605, 0.00804008, 0.00704924, 0.00401792, 0.0067371, 0.0078662, 0.00464108, 0.0051981, 0.006941, 0.00482777, 0.00788666, 0.00859154, 0.00555781, 0.00762291, 0.0057115, 0.00564024, 0.00808698, 0.00541514, 0.00480854, 0.0046085, 0.00754161, 0.00432776, 0.00414489, 0.00569196, 0.007276, 0.00523236, 0.00773238, 0.00566254, 0.00780822, 0.00526574, 0.00382362, 0.0060429, 0.00558718, 0.0062769, 0.0083789, 0.00670761, 0.0072659, 0.00549883, 0.00642118, 0.00835402, 0.00852364, 0.00440876, 0.00555564, 0.00610366, 0.00671522, 0.00519792, 0.0040144, 0.00758728, 0.00683248, 0.00596121, 0.00757705, 0.00502477, 0.00384771, 0.00596802, 0.00698898, 0.00635363, 0.00804168, 0.00405033, 0.00636008, 0.00643275, 0.00770108, 0.00460166, 0.00767532, 0.00657261, 0.00828394, 0.00567624, 0.00810293, 0.00847768, 0.00689779, 0.00862007, 0.00494015, 0.00652981, 0.00402765, 0.00525085, 0.0084664, 0.00728795, 0.00604983, 0.00701906, 0.00685119, 0.00552851, 0.00509572, 0.00619714, 0.00784914, 0.00806081, 0.00549446, 0.00784474, 0.0041116, 0.00610718, 0.00594679, 0.00514384, 0.00499187, 0.00580895, 0.0085025, 0.00396998, 0.00587671, 0.0073693, 0.00830285, 0.00841654, 0.00432935, 0.0059378, 0.00412896, 0.00787008, 0.00497374, 0.00608445, 0.0038254, 0.00605304, 0.00592044, 0.0073288, 0.00772326, 0.00735179, 0.00407628, 0.00760926, 0.00638937, 0.00862924, 0.0040862, 0.00428988, 0.00744017, 0.00441367, 0.00812732, 0.00830289, 0.00410875, 0.00818903];
GivenLatency = [251.97, 264.611, 202.591, 162.509, 235.809, 201.295, 261.334, 149.729, 156.66, 253.902, 155.169, 135.073, 240.123, 218.491, 139.544, 247.376, 146.2, 145.328, 230.145, 158.927, 203.788, 191.133, 126.761, 224.845, 203.212, 270.381, 170.566, 220.091, 300.411, 223.622, 140.334, 240.867, 151.271, 177.586, 147.311, 202.471, 259.104, 186.849, 223.401, 165.911, 142.071, 183.38, 134.297, 231.217, 168.573, 139.33, 144.491, 242.808, 189.5, 173.443, 142.147, 185.934, 312.81, 165.534, 184.068, 162.125, 133.386, 207.381, 336.504, 192.396, 179.201, 173.758, 141.359, 298.52, 150.398, 152.769, 164.99, 272.625, 151.266, 181.714, 118.564, 216.286, 143.324, 126.749, 140.326, 149.053, 221.124, 183.046, 300.017, 217.873, 135.59, 172.298, 167.049, 178.84, 157.467, 218.643, 208.331, 156.282, 125.748, 132.745, 219.927, 134.907, 271.575, 182.516, 187.336, 195.198, 218.33, 170.541, 133.361, 275.978, 174.251, 142.777, 131.362, 136.308, 229.207, 186.691, 231.998, 155.131, 215.563, 201.509, 250.884, 205.316, 182.977, 174.399, 132.033, 136.457, 236.242, 140.793, 181.186, 119.387, 238.476, 232.34, 130.638, 232.093, 153.666, 140.72, 291.61, 122.647];
HighestPossibleCritFunctionValue = 1.1;
