NumDevices = 128;
NumSlotes = 1024;


GivenBandwidthOld = [0.00671025, 0.00673658, 0.00550711, 0.00425875, 0.00428763, 0.00845938, 0.00428895, 0.00559211, 0.00779326, 0.00883061, 0.00603352, 0.00792903, 0.00951998, 0.00488354, 0.00522477, 0.00889124, 0.00627533, 0.00953194, 0.00579378, 0.00981308, 0.00589197, 0.00389631, 0.00648559, 0.00588106, 0.00796563, 0.00585966, 0.00447451, 0.00564899, 0.00749342, 0.00693946, 0.00907437, 0.00921311, 0.00969086, 0.00805027, 0.00958127, 0.00998146, 0.00467016, 0.00634256, 0.0081577, 0.00895699, 0.0050692, 0.00677403, 0.00995337, 0.00762407, 0.00891982, 0.00538044, 0.0065138, 0.00487895, 0.00926851, 0.00965921, 0.00727748, 0.00882865, 0.00443302, 0.00832286, 0.00979554, 0.00483668, 0.00511286, 0.00936555, 0.00936518, 0.00928355, 0.00606872, 0.00566799, 0.00822814, 0.00537348, 0.00840476, 0.00497218, 0.00743042, 0.0043969, 0.00741042, 0.00568596, 0.00384825, 0.00499618, 0.00447661, 0.00959559, 0.00676793, 0.00727684, 0.00434797, 0.00379381, 0.00883813, 0.00746622, 0.00600726, 0.00404098, 0.00678629, 0.00969478, 0.00522711, 0.00448092, 0.00711644, 0.00843675, 0.00523096, 0.00680009, 0.00405851, 0.00755597, 0.00817107, 0.00872542, 0.00688355, 0.00687415, 0.00508588, 0.00595302, 0.00490167, 0.00985523, 0.00814181, 0.00434432, 0.00505687, 0.00588592, 0.00834804, 0.00796566, 0.0063398, 0.00556782, 0.0057855, 0.00817902, 0.00470948, 0.00472045, 0.00790031, 0.00804124, 0.00788476, 0.00924044, 0.00658392, 0.00836458, 0.00481654, 0.00415668, 0.0075783, 0.00842606, 0.00678875, 0.0072371, 0.00517424, 0.00969109, 0.00564497, 0.0087697];
GivenLatency = [578.66, 724.964, 621.931, 810.453, 918.242, 396.975, 1068.87, 626.536, 445.056, 383.351, 775.549, 448.806, 463.732, 883.328, 836.865, 425.728, 698.084, 360.622, 810.609, 442.588, 619.878, 1015.83, 589.385, 680.055, 539.773, 710.653, 782.431, 770.594, 538.751, 573.961, 550.768, 471.99, 482.279, 444.301, 386.386, 347.877, 782.082, 576.308, 559.308, 380.344, 738.342, 515.387, 424.457, 448.499, 538.101, 793.769, 748.9, 846.15, 442.053, 350.579, 628.18, 511.071, 757.677, 444.525, 370.645, 729.679, 826.739, 517.438, 422.196, 538.346, 804.506, 800.889, 501.691, 676.304, 405.37, 871.314, 569.023, 787.944, 462.236, 761.838, 1127.85, 811.879, 917.011, 376.563, 540.633, 498.876, 1056.81, 961.497, 532.102, 562.739, 800.394, 1213, 497.339, 451.752, 827.505, 744.986, 657.415, 523.956, 714.55, 692.423, 896.289, 505.872, 525.082, 420.427, 559.572, 547.727, 879.792, 657.017, 985.424, 408.078, 447.188, 943.124, 843.569, 770.436, 413.03, 548.147, 759.916, 635.896, 576.621, 586.372, 965.336, 1011.05, 515.217, 606.173, 562.721, 375.093, 561.746, 411.033, 926.082, 968.215, 638.745, 405.391, 493.123, 489.841, 953.277, 484.702, 800.031, 493.897];
HighestPossibleCritFunctionValue = 1.1;
