NumDevices = 128;
NumSlotes = 1024;


GivenBandwidthOld = [0.00651322, 0.00522338, 0.00688968, 0.00737209, 0.0052901, 0.0081506, 0.00455827, 0.00832133, 0.00411988, 0.00532663, 0.00720655, 0.00797376, 0.00745009, 0.00613933, 0.00617809, 0.00759595, 0.00768137, 0.00827749, 0.00722922, 0.00395699, 0.00765805, 0.00630677, 0.0054628, 0.00569969, 0.00715988, 0.0086146, 0.0080878, 0.00419065, 0.00473096, 0.00576031, 0.00598481, 0.00425302, 0.00796711, 0.00580274, 0.00421875, 0.00700813, 0.00808624, 0.00800921, 0.00834135, 0.00561005, 0.00557824, 0.00600521, 0.00708548, 0.00815379, 0.00826438, 0.00693113, 0.00396185, 0.00426192, 0.00754312, 0.00470218, 0.00701548, 0.00659942, 0.00397422, 0.00718648, 0.00563752, 0.00730589, 0.00762731, 0.00469385, 0.00709005, 0.00497348, 0.00676621, 0.00719311, 0.00703849, 0.0084169, 0.00534173, 0.00589741, 0.00524957, 0.00707443, 0.00742086, 0.00491057, 0.00444047, 0.00850583, 0.00500533, 0.00710532, 0.00668923, 0.00839714, 0.00827447, 0.00659601, 0.00668664, 0.00491176, 0.00446604, 0.00819049, 0.00501139, 0.00395738, 0.00420261, 0.00583598, 0.00774532, 0.00811301, 0.00777915, 0.00666539, 0.00773677, 0.00444419, 0.00597145, 0.00465375, 0.00809205, 0.00561167, 0.00780884, 0.00569301, 0.00490721, 0.0079038, 0.0066242, 0.00538649, 0.00817683, 0.00542591, 0.0056998, 0.00408274, 0.00613377, 0.00775941, 0.00494156, 0.00531352, 0.0068428, 0.00437657, 0.0045253, 0.00430107, 0.00550035, 0.00684417, 0.00741658, 0.00796213, 0.00703105, 0.00833047, 0.00765055, 0.00527042, 0.00737258, 0.00847671, 0.00562313, 0.00539344, 0.00511883, 0.00463323];
GivenLatency = [150.606, 197.767, 163.695, 143.588, 188.062, 138.173, 221.284, 123.598, 258.889, 228.005, 152.484, 148.82, 173.18, 197.384, 196.821, 156.582, 125.832, 140.766, 132.254, 287.743, 165.735, 201.963, 180.549, 198.614, 145.001, 121.101, 157.443, 253.775, 217.998, 181.553, 161.654, 289.577, 159.348, 181.857, 230.501, 138.86, 157.659, 121.035, 125.442, 205.123, 196.197, 187.259, 150.04, 130.509, 130.093, 150.05, 320.482, 249.131, 152.771, 270.557, 154.263, 145.913, 255.319, 155.408, 204.089, 167.23, 137.872, 222.058, 166.775, 244.761, 184.012, 170.277, 142.245, 142.928, 210.906, 185.405, 193.184, 178.387, 141.094, 198.142, 283.64, 118.429, 203.4, 149.818, 166.644, 133.468, 128.613, 170.947, 148.268, 237.211, 222.545, 139.174, 207.689, 324.71, 238.09, 180.727, 132.224, 143.966, 149.217, 153.547, 153.923, 259.69, 189.739, 224.092, 140.956, 189.669, 155.694, 225.811, 262.031, 144.372, 146.545, 191.569, 149.629, 218.059, 216.663, 264.821, 158.172, 167.257, 224.594, 185.313, 153.27, 285.883, 267.757, 268.897, 226.945, 183.16, 135.011, 126.059, 142.559, 129.048, 156.912, 232.935, 153.603, 135.939, 189.732, 200.103, 227.864, 230.447];
HighestPossibleCritFunctionValue = 1.1;
