NumDevices = 16;
NumSlotes = 128;


GivenBandwidthOld = [0.0614576, 0.0578158, 0.0498934, 0.0577209, 0.0551495, 0.0371818, 0.0539818, 0.0528983, 0.0421223, 0.0491958, 0.0533179, 0.054308, 0.0551203, 0.0677141, 0.0502196, 0.0613398];
GivenLatency = [14.5664, 13.9087, 18.1012, 15.0723, 20.0371, 21.4258, 20.1437, 15.638, 21.4824, 21.3655, 18.3968, 14.6679, 17.3035, 15.5712, 19.6365, 16.0593];
HighestPossibleCritFunctionValue = 1.1;
