NumDevices = 32;
NumSlotes = 256;


GivenBandwidthOld = [0.0172246, 0.0141126, 0.0103696, 0.0149305, 0.00651137, 0.00658123, 0.00576632, 0.00962188, 0.00996734, 0.0161372, 0.0134675, 0.00536881, 0.0160605, 0.0107702, 0.00899516, 0.0141228, 0.00653223, 0.00721294, 0.0104627, 0.0167333, 0.00608894, 0.00678989, 0.0126359, 0.0165093, 0.0173719, 0.0148194, 0.0142014, 0.0153346, 0.0107276, 0.00574786, 0.0118224, 0.00631993];
GivenLatency = [20.6416, 25.9994, 34.3288, 33.5088, 57.19, 52.6313, 54.7344, 41.5783, 42.0077, 20.0594, 41.2684, 116.527, 23.9498, 39.2477, 61.5606, 27.2167, 78.8695, 78.4238, 32.8717, 36.4852, 57.9451, 57.7359, 32.696, 36.3412, 32.3892, 42.2972, 28.7082, 38.2602, 41.7924, 60.9083, 30.7426, 53.0146];
HighestPossibleCritFunctionValue = 1.1;
