NumDevices = 16;
NumSlotes = 128;


GivenBandwidthOld = [0.0498406, 0.0505957, 0.0616332, 0.0494267, 0.0546082, 0.0603239, 0.0431846, 0.0643122, 0.0345691, 0.0632693, 0.0676111, 0.0404289, 0.0689126, 0.0345857, 0.0612197, 0.0595419];
GivenLatency = [21.3484, 16.1908, 16.9833, 16.9795, 17.7076, 14.9696, 17.9119, 16.2089, 25.3251, 13.7976, 16.0219, 24.8997, 13.1573, 30.755, 16.3448, 15.4335];
HighestPossibleCritFunctionValue = 1.1;
