NumDevices = 128;
NumSlotes = 1024;


GivenBandwidthOld = [0.00641961, 0.00686055, 0.00772242, 0.00827431, 0.00376831, 0.0064261, 0.00593083, 0.00688012, 0.00672377, 0.00396257, 0.00650232, 0.00698609, 0.00764807, 0.00852855, 0.0068949, 0.00504684, 0.00473101, 0.00666038, 0.00848814, 0.0076431, 0.00502554, 0.00669888, 0.00561997, 0.00737421, 0.00592301, 0.00549237, 0.00769785, 0.00526647, 0.00605811, 0.00617484, 0.00805105, 0.00650913, 0.00643511, 0.00746604, 0.00429175, 0.00397883, 0.00473464, 0.00767667, 0.00431126, 0.00685823, 0.00382329, 0.00560972, 0.00508159, 0.00872815, 0.00657757, 0.00669989, 0.00751436, 0.00642059, 0.00835176, 0.00559964, 0.00569489, 0.00651404, 0.0039189, 0.00749591, 0.00623751, 0.00632895, 0.00819469, 0.00561761, 0.00763614, 0.00806522, 0.00469313, 0.00499901, 0.0059292, 0.0045479, 0.0040178, 0.00460574, 0.00618035, 0.00564369, 0.00600767, 0.00843923, 0.00567256, 0.00622633, 0.0083632, 0.00776761, 0.00770656, 0.00659073, 0.00797964, 0.00629428, 0.00539228, 0.00560147, 0.00635485, 0.00842984, 0.00788071, 0.00856072, 0.00754542, 0.00832058, 0.0064196, 0.00672323, 0.00489193, 0.00617893, 0.00675174, 0.00402492, 0.0042919, 0.00648233, 0.00604232, 0.00570713, 0.00731546, 0.00844214, 0.00448782, 0.00424156, 0.00532722, 0.00706245, 0.00614112, 0.00634444, 0.00842346, 0.0056155, 0.00727848, 0.00690746, 0.00619273, 0.00377902, 0.00641471, 0.00449427, 0.00773245, 0.00674246, 0.00804992, 0.00746612, 0.00566207, 0.00493016, 0.00867051, 0.00772827, 0.00652686, 0.00442217, 0.00586515, 0.008033, 0.00808928, 0.0041073, 0.00395632, 0.00631247];
GivenLatency = [171.318, 177.653, 165.768, 136.535, 274.862, 193.117, 186.258, 163.203, 191.662, 245.407, 160.459, 162.359, 129.736, 116.162, 153.924, 241.19, 206.746, 167.474, 123.085, 130.812, 252.453, 164.494, 191.587, 173.342, 209.958, 201.463, 164.533, 227.329, 176.031, 177.197, 119.316, 167.613, 187.756, 139.278, 291.421, 267.129, 226.267, 156.815, 228.635, 181.127, 254.596, 209.951, 188.958, 137.084, 168.831, 181.756, 135.497, 177.256, 127.632, 180.978, 210.794, 152.978, 291.064, 162.952, 196.504, 152.637, 143.517, 225.926, 135.733, 146.977, 230.172, 207.641, 205.384, 211.117, 252.603, 207.346, 177.646, 187.707, 190.77, 119.616, 225.858, 173.096, 141.772, 158.707, 135.687, 161.19, 140.346, 156.381, 182.151, 177.14, 154.259, 137.509, 158.302, 118.77, 155.991, 134.941, 163.61, 167.756, 206.02, 155.751, 156.768, 264.703, 245.526, 164.126, 182.252, 203.087, 130.896, 114.003, 229.048, 288.966, 236.427, 147.983, 208.632, 202.183, 138.735, 217.321, 136.851, 146.49, 184.878, 269.185, 164.282, 266.168, 160.832, 141.781, 136.783, 131.737, 181.857, 244.757, 138.56, 167.569, 179.035, 247.981, 194.648, 130.831, 120.929, 263.843, 272.129, 171.381];
HighestPossibleCritFunctionValue = 1.1;
