NumDevices = 16;
NumSlotes = 128;


GivenBandwidthOld = [0.0297728, 0.0311717, 0.0181252, 0.020344, 0.0113453, 0.0199893, 0.0247678, 0.0116652, 0.022154, 0.0322027, 0.0208686, 0.0278367, 0.0168251, 0.0196593, 0.0283609, 0.0271768];
GivenLatency = [12.7662, 11.9478, 17.4047, 19.1257, 38.3829, 16.3164, 12.1964, 38.057, 23.0721, 10.3342, 20.9232, 17.002, 23.7974, 18.3252, 19.0916, 12.7221];
HighestPossibleCritFunctionValue = 1.1;
