NumDevices = 16;
NumSlotes = 128;


GivenBandwidthOld = [0.0241017, 0.0165936, 0.0284564, 0.0311865, 0.0158576, 0.0332979, 0.0271916, 0.0248726, 0.0241555, 0.0222176, 0.0262656, 0.0104613, 0.0136155, 0.026153, 0.01901, 0.0167633];
GivenLatency = [13.4892, 19.2813, 13.1694, 15.2891, 29.1041, 11.7099, 21.5968, 15.1378, 16.6471, 24.1721, 18.4041, 37.8545, 24.0471, 11.7474, 28.9003, 18.4517];
HighestPossibleCritFunctionValue = 1.1;
