NumDevices = 32;
NumSlotes = 256;


GivenBandwidthOld = [0.025471, 0.0204577, 0.0222548, 0.0256942, 0.0318266, 0.02048, 0.0178316, 0.0252558, 0.0236156, 0.0165469, 0.0329915, 0.0188232, 0.030767, 0.0310534, 0.0236645, 0.019717, 0.0339029, 0.0163426, 0.0205116, 0.0282832, 0.0250609, 0.0282285, 0.0266903, 0.0337699, 0.0206953, 0.0163016, 0.0308236, 0.0222252, 0.0287778, 0.0182899, 0.0291121, 0.0176384];
GivenLatency = [42.8267, 52.1783, 38.8689, 41.0189, 35.2024, 45.8402, 46.9265, 43.7811, 40.6175, 62.8108, 32.82, 48.8211, 33.2285, 30.2018, 45.6284, 53.522, 25.6507, 55.602, 44.0398, 39.7568, 40.1383, 36.9505, 33.6218, 27.8969, 46.9862, 66.8051, 33.4773, 38.9268, 35.131, 46.9325, 31.1941, 64.2434];
HighestPossibleCritFunctionValue = 1.1;
