NumDevices = 64;
NumSlotes = 512;


GivenBandwidthOld = [0.0145825, 0.0187492, 0.00963159, 0.00816381, 0.0141955, 0.0138746, 0.00754419, 0.0127547, 0.0111882, 0.0194483, 0.00945133, 0.0159953, 0.0124892, 0.0106378, 0.0194478, 0.0135116, 0.018933, 0.0115999, 0.0138018, 0.00907812, 0.018399, 0.012195, 0.0158608, 0.0150401, 0.00962646, 0.0093462, 0.0115647, 0.0111057, 0.00834045, 0.00793576, 0.0189002, 0.0108477, 0.00957413, 0.0174881, 0.0144379, 0.0124625, 0.012324, 0.00938689, 0.00803306, 0.0167173, 0.010642, 0.0146849, 0.0145259, 0.0172266, 0.00781004, 0.0184164, 0.0168739, 0.0167789, 0.00768165, 0.0105078, 0.00883279, 0.00775823, 0.0101211, 0.010241, 0.0134187, 0.00827453, 0.0125933, 0.0112114, 0.0101425, 0.0195757, 0.0131355, 0.0110042, 0.0151616, 0.0140321];
GivenLatency = [165.996, 120.682, 293.171, 290.347, 203.352, 162.093, 372.834, 208.544, 297.236, 117.132, 339.154, 141.385, 230.461, 250.98, 116.019, 200.182, 136.518, 283.173, 162.628, 314.794, 169.947, 212.035, 201.453, 208.765, 300.825, 252.549, 203.202, 218.619, 336.135, 340.564, 154.831, 301.496, 281.354, 154.251, 190.185, 205.896, 232.392, 297.652, 380.992, 181.542, 253.292, 174.234, 229.283, 184.917, 411.497, 172.013, 142.303, 142.227, 292.216, 306.01, 375.321, 335.348, 257.078, 301.564, 181.17, 311.248, 182.426, 294.351, 251.716, 123.638, 187.371, 206.829, 156.304, 178.429];
HighestPossibleCritFunctionValue = 1.1;
