NumDevices = 64;
NumSlotes = 512;


GivenBandwidthOld = [0.0178151, 0.0113019, 0.0190118, 0.0107319, 0.0139479, 0.0154126, 0.0191764, 0.0160802, 0.0156048, 0.0129428, 0.00921957, 0.00826991, 0.00982427, 0.00901819, 0.0111769, 0.0174448, 0.0116508, 0.0198615, 0.0172192, 0.00861349, 0.00940057, 0.012961, 0.0160685, 0.0185507, 0.0124169, 0.00840614, 0.0120521, 0.0139481, 0.017859, 0.0112448, 0.00885889, 0.00890295, 0.0118216, 0.0156242, 0.0138289, 0.014449, 0.0110834, 0.0094925, 0.00790041, 0.012216, 0.0192416, 0.0115288, 0.00755233, 0.0120598, 0.0183691, 0.0099253, 0.0194905, 0.0189648, 0.00930318, 0.0136173, 0.00818443, 0.0106768, 0.0124377, 0.00770816, 0.0184782, 0.0187152, 0.0143232, 0.00974382, 0.0193616, 0.0146632, 0.0115177, 0.0197141, 0.0147121, 0.00865779];
GivenLatency = [137.833, 230.309, 156.777, 214.675, 165.076, 166.733, 139.852, 179.194, 212.084, 190.025, 284.289, 355.725, 253.699, 333.252, 226.611, 174.973, 259.532, 131.926, 142.739, 357.171, 306.032, 226.819, 155.996, 159.927, 241.729, 279.181, 197.077, 161.901, 146.187, 251.131, 269.794, 251.967, 230.064, 153.118, 196.889, 158.148, 273.053, 284.924, 327.427, 209.775, 131.739, 267.395, 374.971, 195.861, 145.465, 251.419, 166.794, 145.091, 341.77, 174.907, 299.62, 213.007, 191.159, 373.655, 145.7, 134.866, 177.315, 237.24, 118.944, 170.683, 244.36, 151.391, 187.362, 320.423];
HighestPossibleCritFunctionValue = 1.1;
