NumDevices = 128;
NumSlotes = 1024;


GivenBandwidthOld = [0.00728501, 0.00670704, 0.00769922, 0.00831043, 0.00592152, 0.00548551, 0.00749949, 0.00636297, 0.00486334, 0.00563403, 0.0085641, 0.00431618, 0.00449745, 0.00619363, 0.00387718, 0.00622333, 0.00794553, 0.00804795, 0.00433084, 0.00597463, 0.00811705, 0.00574197, 0.00779851, 0.00712378, 0.00692604, 0.00842687, 0.00790997, 0.00530645, 0.00801163, 0.00392026, 0.0052301, 0.00483526, 0.00378097, 0.0042709, 0.00854419, 0.00465977, 0.00420729, 0.00449999, 0.00378462, 0.00554719, 0.00405263, 0.00508371, 0.00436243, 0.00693845, 0.0070704, 0.00472328, 0.00659309, 0.00751783, 0.00467695, 0.00803159, 0.00437593, 0.00381688, 0.00772244, 0.00851825, 0.00380116, 0.00864399, 0.00705544, 0.00823491, 0.00668161, 0.00534326, 0.00671554, 0.00565506, 0.00702563, 0.00728831, 0.00710321, 0.00623668, 0.0073437, 0.00805954, 0.00424316, 0.0073694, 0.004978, 0.00776472, 0.00409252, 0.00541204, 0.00762845, 0.00389432, 0.00440339, 0.00528845, 0.00542811, 0.00772049, 0.00570511, 0.00820908, 0.00754594, 0.00716633, 0.00700465, 0.00463864, 0.00420354, 0.00634901, 0.00537209, 0.00620239, 0.00613814, 0.00624503, 0.00768795, 0.00393022, 0.00766999, 0.00702458, 0.00461574, 0.00425456, 0.00397074, 0.00865381, 0.00701609, 0.0068837, 0.00686242, 0.00413813, 0.00713663, 0.00775805, 0.0070409, 0.00390701, 0.00766557, 0.00781205, 0.00463959, 0.00501554, 0.00871929, 0.00758479, 0.00499643, 0.00742625, 0.00543713, 0.00427832, 0.00826094, 0.00416352, 0.00381689, 0.008038, 0.00712187, 0.00480775, 0.00641731, 0.00823045, 0.00666931, 0.00852054];
GivenLatency = [142.773, 166.96, 132.742, 144.899, 198.967, 195.798, 156.816, 156.636, 235.804, 211.494, 117.403, 289.379, 222.515, 168.339, 286.286, 189.19, 159.463, 131.663, 256.792, 161.974, 117.437, 225.371, 150.508, 150.265, 184.276, 150.189, 122.641, 186.694, 141.491, 248.11, 232.69, 250.117, 282.804, 228.529, 136.086, 249.86, 244.886, 286.628, 315.622, 195.305, 292.871, 198.656, 227.517, 152, 155.109, 266.211, 159.304, 134.923, 218.461, 158.286, 250.146, 336.333, 136.268, 146.27, 314.279, 122.323, 159.84, 128.715, 162.781, 235.228, 151.827, 178.691, 153.109, 156.737, 136.486, 155.988, 132.516, 137.753, 281.009, 138.621, 233.956, 137.484, 301.406, 185.889, 143.103, 306.31, 246.755, 184.559, 180.985, 133.445, 174.776, 136.08, 164.81, 134.654, 158.709, 226.07, 249.185, 190.601, 180.371, 208.18, 157.185, 202.993, 150.899, 251.197, 149.841, 184.068, 212.59, 223.939, 257.26, 116.766, 145.497, 165.043, 152.941, 278.339, 151.675, 126.8, 137.988, 329.46, 132.966, 135.484, 243.245, 235.825, 129.957, 156.817, 229.162, 133.993, 194.231, 258.774, 154.707, 247.449, 273.371, 141.572, 143.065, 201.736, 155.502, 125.095, 142.98, 119.984];
HighestPossibleCritFunctionValue = 1.1;
