NumDevices = 16;
NumSlotes = 128;


GivenBandwidthOld = [0.0406935, 0.0349531, 0.0368709, 0.0688852, 0.0529676, 0.0467843, 0.0441861, 0.0556634, 0.0345839, 0.0316038, 0.0647671, 0.0399927, 0.0577506, 0.034757, 0.0613023, 0.0477958];
GivenLatency = [23.51, 27.014, 21.8448, 12.7187, 18.6788, 21.5094, 19.7338, 15.2792, 30.955, 24.9021, 12.9635, 24.4335, 14.5386, 30.9805, 15.5824, 17.2129];
HighestPossibleCritFunctionValue = 1.1;
