NumDevices = 128;
NumSlotes = 1024;


GivenBandwidthOld = [0.00532495, 0.0039217, 0.00448821, 0.00581344, 0.0039233, 0.00640755, 0.0042434, 0.00632136, 0.00564181, 0.00445019, 0.00676988, 0.00389241, 0.00716438, 0.0043085, 0.0055365, 0.00440506, 0.00827938, 0.00401202, 0.00759926, 0.00831543, 0.00490601, 0.00788625, 0.00676577, 0.00487588, 0.00644116, 0.00399894, 0.00769414, 0.00783263, 0.00545311, 0.00794572, 0.00624815, 0.00513241, 0.00799088, 0.00515599, 0.00426535, 0.0052098, 0.00866735, 0.00470877, 0.00772722, 0.00383512, 0.00430594, 0.00736617, 0.00565028, 0.0067661, 0.00529783, 0.00819002, 0.00725405, 0.00633253, 0.00831936, 0.00599822, 0.00451494, 0.0051467, 0.00809645, 0.00453533, 0.00772524, 0.00553959, 0.00638228, 0.00453408, 0.00686029, 0.00842716, 0.00770542, 0.00745538, 0.0050607, 0.00761559, 0.00769948, 0.0076975, 0.00442866, 0.00504887, 0.00383094, 0.0040379, 0.00743524, 0.00649364, 0.00618114, 0.00391647, 0.00660027, 0.00828317, 0.00772454, 0.00384809, 0.00734209, 0.00596747, 0.00777422, 0.00376187, 0.00833533, 0.004385, 0.00621476, 0.00388677, 0.00736995, 0.00428402, 0.00408709, 0.00415692, 0.0079379, 0.00483977, 0.00450442, 0.00827475, 0.00616869, 0.00461243, 0.00865533, 0.00768537, 0.00544045, 0.00520039, 0.00548007, 0.00609642, 0.00495053, 0.00609017, 0.00495431, 0.00458578, 0.00563334, 0.00701093, 0.00520639, 0.00625491, 0.00874864, 0.00587282, 0.00695686, 0.00638874, 0.00813588, 0.00716599, 0.00634204, 0.00810279, 0.00608477, 0.00421906, 0.0072928, 0.00766231, 0.00794697, 0.00725643, 0.00635944, 0.00557922, 0.00741186, 0.0086969];
GivenLatency = [206.256, 297.698, 222.597, 209.345, 297.444, 163.79, 297.682, 168.409, 171.001, 234.694, 178.581, 302.021, 160.44, 295.336, 211.053, 269.735, 137.337, 293.712, 150.961, 150.398, 204.226, 131.048, 165.631, 217.299, 175.09, 257.241, 137.8, 139.702, 200.011, 120.686, 188.155, 193.581, 160.374, 223.016, 264.888, 193.862, 126.287, 254.832, 126.853, 317.768, 222.539, 145.684, 229.517, 161.495, 188.077, 137.354, 146.966, 187.26, 139.002, 206.707, 215.746, 187.056, 118.797, 233.694, 138.593, 172.287, 154.381, 272.726, 154.906, 144.575, 168.445, 170.777, 213.319, 164.228, 160.234, 144.71, 237.976, 248.347, 279.445, 242.529, 169.235, 149.303, 167.983, 322.618, 154.878, 147.775, 124.799, 298.463, 131.387, 205.376, 131.897, 313.85, 119.663, 256.572, 202.787, 284.673, 153.14, 253.822, 285.772, 294.362, 153.545, 268.07, 240.281, 118.143, 170.433, 253.887, 115.094, 128.834, 202.873, 246.992, 192.535, 170.392, 199.012, 185.497, 201.574, 248.876, 183.71, 150.418, 199.453, 183.794, 114.185, 162.359, 150.054, 183.702, 125.237, 157.312, 161.394, 124.879, 165.857, 268.98, 148.37, 161.8, 149.847, 135.413, 158.076, 172.694, 130.937, 142.058];
HighestPossibleCritFunctionValue = 1.1;
