NumDevices = 128;
NumSlotes = 1024;


GivenBandwidthOld = [0.00600543, 0.0044479, 0.00830066, 0.00551295, 0.00857252, 0.00583562, 0.00675355, 0.00942663, 0.00453954, 0.00485752, 0.0052994, 0.00702813, 0.00545133, 0.00431233, 0.00475495, 0.0064142, 0.00591209, 0.00451126, 0.00447529, 0.00617813, 0.00706468, 0.00728972, 0.00834774, 0.00929077, 0.00872028, 0.00800123, 0.0040903, 0.00440549, 0.008036, 0.00726361, 0.00704851, 0.00429106, 0.0098545, 0.00836752, 0.00409273, 0.00783994, 0.00591777, 0.00617042, 0.00879976, 0.00634208, 0.00631073, 0.00449982, 0.00594299, 0.0050638, 0.00978873, 0.00917387, 0.006486, 0.00641598, 0.00468473, 0.00747613, 0.00385669, 0.00946607, 0.00505452, 0.0038874, 0.00686195, 0.00624534, 0.0054215, 0.00923568, 0.00786598, 0.00605767, 0.00756315, 0.00390466, 0.00930843, 0.00558146, 0.00386739, 0.00803341, 0.0075779, 0.00801176, 0.00614581, 0.00763765, 0.00598722, 0.00464905, 0.00779233, 0.00564691, 0.00381086, 0.00792109, 0.00722155, 0.00639834, 0.00809483, 0.00853855, 0.00983306, 0.00425386, 0.00962313, 0.007178, 0.00570682, 0.00444743, 0.00673863, 0.00860338, 0.00570257, 0.00810675, 0.00889614, 0.00745931, 0.00857378, 0.00831166, 0.00910511, 0.00703855, 0.00566202, 0.00787149, 0.00486413, 0.00386385, 0.00467867, 0.0055814, 0.00913352, 0.00958922, 0.00604383, 0.00620705, 0.00564448, 0.00673094, 0.0043909, 0.00661833, 0.00549291, 0.00931623, 0.00530595, 0.00454041, 0.00699048, 0.00400189, 0.00604903, 0.00610299, 0.00671611, 0.00524563, 0.00948313, 0.00427322, 0.00375125, 0.00603283, 0.00876241, 0.00985553, 0.00694735, 0.0040728];
GivenLatency = [815.628, 842.838, 510.315, 608.236, 437.943, 640.652, 636.476, 358.604, 838.473, 706.234, 836.279, 498.808, 859.053, 923.05, 866.579, 655.977, 623.733, 894.656, 909.095, 659.291, 549.035, 474.438, 404.613, 501.216, 511.369, 424.588, 881.684, 782.644, 560.848, 651.405, 673.455, 887.725, 463.692, 549.63, 936.263, 636.684, 600.29, 801.077, 417.465, 559.051, 743.901, 745.542, 721.084, 863.906, 485.565, 469.234, 641.367, 651.874, 731.689, 447.476, 1144.97, 497.599, 849.475, 1036.25, 486.641, 556.256, 803.711, 377.905, 478.77, 732.028, 520.387, 1158.57, 500.431, 813.617, 1128.59, 489.504, 455.344, 587.034, 664.659, 513.036, 643.427, 1059.93, 500.889, 642.536, 1056.88, 541.101, 506.77, 532.143, 559.87, 431.218, 370.522, 962.387, 476.724, 481.402, 769.366, 1007.12, 735.434, 431.215, 857.104, 527.551, 406.532, 609.797, 503.094, 488.169, 519.196, 507.564, 760.826, 588.041, 696.648, 892.685, 937.252, 679.652, 398.019, 408.516, 557.49, 615.426, 679.136, 502.882, 982.13, 650.731, 657.006, 471.355, 670.438, 908.484, 625.251, 878.669, 573.401, 586.153, 584.823, 759.681, 402.957, 927.946, 1328.22, 736.403, 455.079, 455.448, 697.951, 1013.78];
HighestPossibleCritFunctionValue = 1.1;
