NumDevices = 64;
NumSlotes = 512;


GivenBandwidthOld = [0.00727008, 0.00443803, 0.00627332, 0.00823154, 0.00753184, 0.00382617, 0.00390529, 0.00865884, 0.00785977, 0.00285703, 0.00305797, 0.00533069, 0.00298428, 0.00435863, 0.00300625, 0.00480586, 0.00710522, 0.00872243, 0.00785351, 0.00399649, 0.00402976, 0.00694949, 0.00375095, 0.00845022, 0.00782761, 0.00620269, 0.00855536, 0.00620752, 0.00851133, 0.00364829, 0.00808163, 0.00661806, 0.00846886, 0.00856895, 0.00326044, 0.00818503, 0.00705698, 0.00409684, 0.00304102, 0.00790624, 0.00273048, 0.0074304, 0.00514849, 0.0030908, 0.00715552, 0.00403791, 0.00638062, 0.00533453, 0.00486801, 0.00786701, 0.00588435, 0.00834926, 0.00469338, 0.00420575, 0.00847686, 0.00557562, 0.00690358, 0.0072416, 0.0071352, 0.00622774, 0.00463447, 0.00785209, 0.00511433, 0.00396924];
GivenLatency = [43.1463, 75.0693, 59.2745, 63.5115, 54.4291, 159.254, 82.6749, 48.2429, 72.2898, 216.854, 184.221, 80.3322, 111.474, 111.984, 106.331, 114.119, 63.4861, 71.8664, 52.795, 142.393, 83.9581, 83.3562, 106.12, 73.7104, 61.9179, 83.7305, 37.5017, 95.8223, 40.1271, 85.9245, 40.6145, 75.156, 44.5398, 38.4878, 191.201, 40.9548, 53.0443, 84.7137, 156.397, 39.2483, 205.538, 42.3054, 66.7363, 110.663, 57.4531, 124.143, 76.1283, 118.544, 77.7073, 70.2119, 70.464, 46.3637, 88.5152, 89.1622, 61.5966, 99.2606, 59.1056, 88.9779, 66.1245, 90.307, 81.884, 42.193, 60.8909, 94.8797];
HighestPossibleCritFunctionValue = 1.1;
