NumDevices = 32;
NumSlotes = 256;


GivenBandwidthOld = [0.010961, 0.0165822, 0.0173187, 0.0086246, 0.0112215, 0.00802699, 0.0172001, 0.0141947, 0.0158068, 0.00909742, 0.00782516, 0.0125365, 0.00866853, 0.0119661, 0.0097763, 0.00519129, 0.00754128, 0.0163623, 0.0083815, 0.0128268, 0.0117196, 0.0156438, 0.0082505, 0.0112164, 0.00982326, 0.00706457, 0.0167183, 0.0169727, 0.00570864, 0.0151484, 0.00649802, 0.00724256];
GivenLatency = [45.388, 21.3412, 21.7453, 35.8931, 28.8875, 58.1535, 23.9005, 38.623, 22.0326, 54.9371, 42.6993, 42.7896, 62.8739, 52.6398, 46.1779, 98.0664, 56.3457, 23.0091, 60.2209, 25.0729, 50.0934, 20.3939, 50.1821, 36.0293, 57.0219, 76.2311, 19.4345, 19.6035, 67.3019, 24.3311, 49.9517, 45.6391];
HighestPossibleCritFunctionValue = 1.1;
