NumDevices = 32;
NumSlotes = 256;


GivenBandwidthOld = [0.0368185, 0.0180431, 0.0349608, 0.020316, 0.0360181, 0.0166186, 0.0193654, 0.0348437, 0.0287959, 0.0332981, 0.0257187, 0.0386922, 0.03525, 0.0324861, 0.0281488, 0.0316082, 0.0247423, 0.0283263, 0.0157283, 0.0304638, 0.0155386, 0.0173882, 0.0284812, 0.0176993, 0.0314508, 0.0288366, 0.0169465, 0.0297232, 0.0181262, 0.0321751, 0.0262509, 0.034571];
GivenLatency = [62.4139, 92.8976, 57.6481, 82.6182, 57.6739, 106.667, 86.0876, 66.5734, 79.7459, 51.4161, 89.1822, 60.5768, 59.2084, 75.0868, 62.8064, 72.28, 80.0589, 60.2025, 141.081, 74.4933, 134.72, 110.047, 67.3811, 96.4867, 71.2295, 61.5456, 102.12, 59.1155, 94.5872, 75.5908, 65.248, 62.6185];
HighestPossibleCritFunctionValue = 1.1;
