NumDevices = 32;
NumSlotes = 256;


GivenBandwidthOld = [0.0159587, 0.0276844, 0.0213579, 0.0321128, 0.0292009, 0.0290803, 0.0231481, 0.0202477, 0.0327774, 0.0205308, 0.030663, 0.0238612, 0.0248577, 0.0335994, 0.0154298, 0.018019, 0.0346104, 0.0268085, 0.0201262, 0.0312009, 0.0241149, 0.0286022, 0.0266928, 0.0159038, 0.0249008, 0.0180021, 0.0305008, 0.0172692, 0.0330741, 0.0267449, 0.0316246, 0.0241829];
GivenLatency = [53.9541, 30.5127, 40.7526, 28.4093, 37.1142, 35.1793, 47.7884, 48.5913, 27.5088, 43.6182, 29.437, 46.6605, 44.4359, 26.6555, 70.9122, 51.7359, 33.7375, 33.7096, 41.5667, 32.3371, 45.1629, 33.4085, 37.0372, 62.6576, 33.861, 46.5543, 37.0314, 49.8408, 32.6691, 38.4157, 34.1669, 36.9025];
HighestPossibleCritFunctionValue = 1.1;
