NumDevices = 32;
NumSlotes = 256;


GivenBandwidthOld = [0.00801619, 0.0106408, 0.0104703, 0.00630034, 0.00987701, 0.0103448, 0.0097484, 0.0113437, 0.0117183, 0.00753513, 0.0130141, 0.0104468, 0.0125965, 0.0168962, 0.00767789, 0.0123251, 0.00617876, 0.0163789, 0.0131134, 0.00519079, 0.0116017, 0.0100884, 0.0138823, 0.014957, 0.0146691, 0.0135052, 0.0151886, 0.00744901, 0.015544, 0.00598023, 0.017253, 0.0168279];
GivenLatency = [58.2462, 43.6401, 55.6124, 101.395, 40.4958, 36.5952, 57.2124, 33.4554, 44.5574, 44.4165, 28.3242, 47.7729, 29.8914, 32.1135, 68.0453, 26.166, 57.5786, 22.0092, 25.6211, 60.8215, 46.6864, 30.7258, 22.7629, 22.898, 25.9664, 23.8828, 24.0583, 55.6617, 25.1473, 67.9151, 25.4914, 27.7237];
HighestPossibleCritFunctionValue = 1.1;
