NumDevices = 128;
NumSlotes = 1024;


GivenBandwidthOld = [0.00494343, 0.00544893, 0.00773945, 0.00447921, 0.00959078, 0.00730208, 0.00989005, 0.00581097, 0.00503856, 0.00424914, 0.00533438, 0.00738477, 0.00582779, 0.00642717, 0.00517559, 0.00731067, 0.00412182, 0.00913178, 0.00524102, 0.00709785, 0.00861428, 0.00778165, 0.00745778, 0.0078511, 0.00592393, 0.00970532, 0.00723277, 0.0074818, 0.00530626, 0.00979416, 0.00666344, 0.00740961, 0.00464947, 0.00858987, 0.00378091, 0.00445843, 0.00413176, 0.00745925, 0.00765864, 0.00868367, 0.00523028, 0.00775531, 0.00852299, 0.00470013, 0.00387835, 0.00461392, 0.00495081, 0.00452271, 0.00950622, 0.00483357, 0.00897721, 0.00739695, 0.00430866, 0.00572521, 0.00730448, 0.00645979, 0.0097216, 0.00586984, 0.0068991, 0.00559869, 0.00596541, 0.00689952, 0.00644682, 0.00416237, 0.00939648, 0.00418397, 0.00990834, 0.00693052, 0.00879864, 0.0062633, 0.0073058, 0.00977062, 0.00472248, 0.00448444, 0.00379127, 0.00989812, 0.00401435, 0.00913162, 0.00883201, 0.00463433, 0.00420607, 0.00639933, 0.00603887, 0.00396754, 0.00376557, 0.00916776, 0.00377889, 0.0080704, 0.00422543, 0.00683175, 0.0049371, 0.00528506, 0.00980896, 0.00544919, 0.00577767, 0.00774967, 0.00741441, 0.00405906, 0.00429881, 0.00890465, 0.00666587, 0.00445623, 0.00457194, 0.00564795, 0.00880671, 0.00439648, 0.00666932, 0.00626825, 0.00925406, 0.00429958, 0.00932261, 0.00632842, 0.00798838, 0.00689688, 0.00585104, 0.00974719, 0.00476986, 0.00705646, 0.00668771, 0.00913895, 0.00709425, 0.00425458, 0.00926104, 0.00913364, 0.00525101, 0.00618703, 0.00669713, 0.00490545];
GivenLatency = [940.153, 632.098, 600.769, 1101.15, 415.187, 491.538, 346.076, 720.649, 797.102, 910.69, 652.95, 594.72, 702.718, 557.027, 772.547, 555.543, 1016.35, 416.906, 751.193, 523.447, 439.988, 508.756, 662.73, 598.135, 581.87, 343.818, 520.921, 644.26, 705.562, 373.959, 510.561, 455.495, 742.085, 433.931, 1192.76, 965.339, 915.22, 495.204, 444.606, 439.976, 794.308, 529.937, 434.115, 745.456, 939.728, 735.72, 769.334, 905.731, 506.653, 772.619, 424.206, 470.379, 869.069, 798.749, 513.933, 572.105, 417.324, 658.32, 521.733, 636.631, 611.633, 533.864, 521.795, 946.614, 393.598, 951.176, 341.063, 651.238, 397.942, 624.097, 519.199, 384.012, 888.405, 793.169, 1052.6, 378.508, 1087.86, 527.674, 555.46, 962.307, 841.301, 597.407, 589.421, 1172.69, 1318.71, 485.33, 968.761, 568.254, 1072.72, 654.21, 768.589, 643.773, 364.854, 848.066, 628.845, 466.512, 580.921, 875.204, 991.853, 378.566, 554.079, 975.105, 819.774, 862.534, 487.02, 791.27, 587.42, 697.326, 526.968, 884.447, 363.868, 774.115, 490.467, 580.308, 780.783, 375.188, 1015.02, 609.646, 623.862, 499.874, 604.411, 819.122, 447.267, 451.545, 708.364, 602.382, 540.839, 763.4];
HighestPossibleCritFunctionValue = 1.1;
