NumDevices = 32;
NumSlotes = 256;


GivenBandwidthOld = [0.0273174, 0.0343029, 0.0186145, 0.0240995, 0.0301427, 0.0191004, 0.0297347, 0.0203872, 0.0168556, 0.0229189, 0.0273953, 0.0224686, 0.0199652, 0.0251843, 0.0225455, 0.0330276, 0.0249114, 0.0164796, 0.0224058, 0.0246239, 0.0242186, 0.0317979, 0.0170435, 0.0197197, 0.0182706, 0.0240636, 0.0270831, 0.015881, 0.0225298, 0.0278558, 0.0226196, 0.0178498];
GivenLatency = [31.8915, 26.0693, 53.2283, 35.2794, 29.2118, 48.9195, 33.8979, 45.4971, 58.2069, 45.7061, 42.2378, 40.457, 48.5167, 40.9758, 44.5612, 30.8034, 38.4386, 63.9511, 41.3082, 47.5743, 41.9474, 35.6501, 54.3318, 52.8445, 60.4595, 40.1033, 40.9993, 71.045, 39.1113, 31.1623, 46.2545, 48.8149];
HighestPossibleCritFunctionValue = 1.1;
