NumDevices = 64;
NumSlotes = 512;


GivenBandwidthOld = [0.0115038, 0.0120551, 0.0152497, 0.0197718, 0.0102417, 0.0115074, 0.009825, 0.008814, 0.0169074, 0.0175763, 0.0104068, 0.012149, 0.0185229, 0.0192339, 0.0192856, 0.0135618, 0.01371, 0.0165771, 0.0169937, 0.0172873, 0.0149306, 0.0186864, 0.0165902, 0.0122634, 0.0157868, 0.00864646, 0.0134899, 0.0174015, 0.0102679, 0.0159281, 0.0090994, 0.01364, 0.0150297, 0.00845674, 0.0124753, 0.0152184, 0.0180655, 0.0193585, 0.0136543, 0.0182623, 0.0148014, 0.00881165, 0.01489, 0.0112553, 0.0107886, 0.0172373, 0.0118898, 0.0118254, 0.0161691, 0.00990438, 0.0178416, 0.0192886, 0.0143351, 0.0101779, 0.0152697, 0.0175251, 0.0122612, 0.0169409, 0.0188699, 0.0134835, 0.00972264, 0.0133982, 0.0139928, 0.00772559];
GivenLatency = [250.455, 270.677, 207.931, 114.719, 324.157, 197.193, 256.147, 326.195, 152.491, 134.377, 311.066, 244.777, 122.476, 169.999, 132.58, 191.209, 178.863, 193.529, 153.301, 135.446, 167.711, 135.459, 161.889, 225.946, 171.531, 332.371, 186.897, 166.883, 289.527, 205.999, 313.728, 209.959, 166.478, 268.778, 178.388, 152.901, 138.075, 136.433, 192.73, 148.679, 208.818, 267.012, 187.775, 248.19, 259.527, 154.363, 267.032, 203.988, 166.068, 239.755, 185.058, 125.833, 162.206, 306.624, 191.586, 143.048, 205.206, 177.971, 167.136, 234.929, 337.927, 167.374, 181.3, 327.61];
HighestPossibleCritFunctionValue = 1.1;
