NumDevices = 64;
NumSlotes = 512;


GivenBandwidthOld = [0.0143838, 0.0135819, 0.0153258, 0.0151814, 0.00886872, 0.011587, 0.00771655, 0.017059, 0.0147918, 0.0102108, 0.00837641, 0.0173963, 0.0152125, 0.0107943, 0.0141257, 0.0158915, 0.0137487, 0.00894169, 0.00794541, 0.0135061, 0.011944, 0.0082686, 0.0154142, 0.0113495, 0.0164653, 0.0172274, 0.0166143, 0.0117402, 0.0123752, 0.0157613, 0.0155265, 0.00900499, 0.0118325, 0.0145288, 0.0108112, 0.00809128, 0.0151355, 0.00766283, 0.0142353, 0.00751854, 0.00907629, 0.0102222, 0.00898639, 0.00918052, 0.0119377, 0.0113732, 0.0149501, 0.0118411, 0.00784944, 0.0105027, 0.0132221, 0.00943587, 0.013681, 0.0109037, 0.0134643, 0.00956988, 0.0160329, 0.0106841, 0.0124796, 0.00983365, 0.00920288, 0.00776133, 0.00963667, 0.00853089];
GivenLatency = [70.4389, 68.8339, 74.4617, 65.8817, 108.936, 100.836, 138.55, 62.1852, 61.8786, 106.358, 138.073, 66.1088, 79.3037, 94.7263, 67.0091, 76.6443, 71.361, 107.927, 120.135, 73.4197, 89.2117, 130.487, 64.9868, 92.3985, 73.092, 63.6185, 68.584, 98.0434, 74.7262, 76.5496, 79.2445, 124.183, 82.884, 71.9671, 95.6637, 144.239, 68.0898, 131.673, 72.0547, 123.84, 106.187, 121.086, 125.329, 113.074, 80.8874, 105.665, 69.9361, 82.0853, 120.795, 90.4397, 90.5726, 113.211, 71.0411, 88.2275, 83.9362, 119.303, 58.2194, 107.89, 98.3797, 103.905, 115.458, 118.199, 127.799, 134.626];
HighestPossibleCritFunctionValue = 1.1;
