NumDevices = 128;
NumSlotes = 1024;


GivenBandwidthOld = [0.00249859, 0.00189389, 0.004326, 0.00276429, 0.00198164, 0.0041407, 0.00396707, 0.00134412, 0.0018298, 0.00223778, 0.00291011, 0.00274032, 0.00225125, 0.00427187, 0.00234307, 0.00366363, 0.00152983, 0.00125707, 0.00131458, 0.00230342, 0.00288417, 0.00428918, 0.00258581, 0.00226664, 0.00354221, 0.00140845, 0.00188993, 0.00349072, 0.00170622, 0.00326016, 0.00156777, 0.00137174, 0.00358044, 0.00332164, 0.0037562, 0.00421961, 0.00213467, 0.00435485, 0.00322225, 0.00205898, 0.00406096, 0.00134548, 0.00288624, 0.00145943, 0.00240801, 0.00140983, 0.00316115, 0.00322754, 0.00347268, 0.00150922, 0.00173354, 0.00313858, 0.00204074, 0.00363581, 0.00265065, 0.00132929, 0.00259597, 0.0041703, 0.00154395, 0.00413745, 0.00250886, 0.00270883, 0.00411888, 0.00295553, 0.0035152, 0.00377959, 0.00357953, 0.00366654, 0.00352285, 0.00420862, 0.00185023, 0.00188512, 0.00379386, 0.00273834, 0.00332356, 0.00153393, 0.00140986, 0.00367212, 0.00350089, 0.00380515, 0.00187971, 0.00352455, 0.00156146, 0.00159112, 0.00314101, 0.00221474, 0.00321673, 0.00298785, 0.0030667, 0.00319398, 0.00188912, 0.00226036, 0.0042602, 0.0030343, 0.00242586, 0.0013895, 0.00211717, 0.00394509, 0.00384, 0.00321042, 0.00320627, 0.0022211, 0.00374768, 0.00170166, 0.00172259, 0.00350657, 0.00238987, 0.00273108, 0.00317663, 0.00402571, 0.00264459, 0.00257575, 0.00186659, 0.00182696, 0.00136572, 0.00236932, 0.00426321, 0.00364298, 0.00436466, 0.00250761, 0.00353806, 0.00353307, 0.00398994, 0.00148686, 0.00397595, 0.00385281, 0.00297415, 0.00401998];
GivenLatency = [154.773, 238.639, 72.9637, 166.315, 159.44, 140.221, 79.6234, 359.555, 347.25, 207.496, 109.32, 114.747, 256.903, 109.026, 170.509, 116.625, 231.458, 290.053, 440.197, 157.415, 176.655, 81.9019, 129.236, 234.578, 91.4503, 243.62, 235.894, 127.919, 188.468, 150.206, 410.641, 414.355, 109.002, 137.33, 92.3579, 129.834, 209.238, 87.7056, 144.055, 156.759, 153.062, 345.195, 170.84, 259.094, 162.115, 251.109, 152.666, 146.662, 162.192, 285.12, 250.398, 117.859, 221.503, 126.036, 198.413, 263.72, 177.228, 134.498, 244.056, 115.273, 153.504, 170.296, 108.275, 107.322, 141.527, 99.746, 87.9305, 154.128, 116.947, 112.925, 208.932, 194.278, 92.4848, 127.368, 159.183, 360.918, 222.455, 107.297, 131.448, 146.783, 265.358, 144.179, 294.542, 212.847, 114.387, 156.125, 193.264, 110.88, 106.186, 165.104, 191.049, 169.817, 94.8689, 126.988, 134.058, 391.17, 194.954, 114.648, 141.012, 191.024, 127.845, 170.113, 166.715, 239.484, 247.198, 121.639, 233.136, 202.562, 142.847, 122.858, 134.058, 132.433, 215.855, 293.911, 286.673, 241.413, 76.5115, 88.2596, 129.066, 146.644, 153.709, 125.66, 124.024, 353.408, 123.954, 90.6243, 111.184, 137.34];
HighestPossibleCritFunctionValue = 1.1;
