NumDevices = 128;
NumSlotes = 1024;


GivenBandwidthOld = [0.00671796, 0.00623838, 0.00596454, 0.00846234, 0.0040163, 0.00443559, 0.00644604, 0.00603514, 0.0050779, 0.00671001, 0.00760219, 0.00744746, 0.00691322, 0.00797569, 0.00492471, 0.00706438, 0.00856792, 0.0085736, 0.00406478, 0.00424085, 0.00845407, 0.00503019, 0.00497498, 0.0069888, 0.0082306, 0.0042027, 0.00730256, 0.00661144, 0.00599433, 0.00422737, 0.00691801, 0.0084987, 0.00513482, 0.00843074, 0.00800724, 0.00519382, 0.00506597, 0.0062428, 0.00528922, 0.008375, 0.00607959, 0.00714343, 0.00706957, 0.00573994, 0.0086847, 0.00626669, 0.00677949, 0.00547234, 0.00609252, 0.00443631, 0.00852713, 0.00802643, 0.00767745, 0.00739965, 0.00842055, 0.00660584, 0.00686459, 0.00570724, 0.00402861, 0.00640627, 0.00771482, 0.00546218, 0.00541165, 0.00613354, 0.00397239, 0.00643663, 0.00801022, 0.00521696, 0.00396573, 0.00455422, 0.00535217, 0.00644115, 0.00389931, 0.00821809, 0.00397687, 0.00683693, 0.00581879, 0.00389771, 0.00625445, 0.00604303, 0.00771275, 0.00562478, 0.00822836, 0.00649694, 0.00651991, 0.00762425, 0.0082685, 0.00622247, 0.00863451, 0.00765237, 0.00588486, 0.00439615, 0.00859357, 0.00463742, 0.00865987, 0.00386278, 0.0042937, 0.0067116, 0.00443364, 0.00870806, 0.00386351, 0.00656897, 0.00715542, 0.00860124, 0.00850748, 0.00763703, 0.00810476, 0.00428372, 0.00396641, 0.00595521, 0.00670967, 0.0069382, 0.00789249, 0.00656352, 0.00558197, 0.00861116, 0.00520644, 0.00714394, 0.00578368, 0.00385939, 0.00731859, 0.00608308, 0.00580465, 0.00619917, 0.00697955, 0.00777801, 0.00752428, 0.00813755];
GivenLatency = [172.655, 177.014, 197.41, 138.547, 251.866, 272.138, 164.043, 166.249, 247.601, 182.095, 139.65, 165.651, 141.646, 129.098, 232.272, 136.446, 135.038, 118.716, 265.992, 232.835, 121.243, 204.241, 210.972, 167.543, 131.718, 288.416, 162.858, 167.03, 161.298, 288.125, 137.779, 120.327, 190.14, 127.507, 119.93, 203.862, 240.139, 167.174, 235.383, 118.802, 174.067, 161.106, 182.409, 169.207, 130.969, 180.079, 150.657, 202.089, 158.947, 256.25, 139.165, 153.139, 125.94, 130.553, 141.081, 152.346, 150.845, 199.515, 279.508, 170.267, 152.35, 192.814, 196.755, 189.475, 266.832, 184.231, 138.52, 246.796, 297.345, 262.598, 191.515, 165.323, 314.656, 149.197, 300.79, 166.729, 206.567, 275.125, 172.493, 162.445, 167.453, 179.263, 121.956, 160.396, 153.877, 147.647, 144.822, 162.447, 145.988, 153.828, 189.929, 242.342, 127.445, 214.404, 114.877, 294.436, 276.704, 172.509, 277.764, 114.119, 334.866, 167.613, 163.013, 138.368, 145.608, 138.96, 117.903, 254.474, 252.795, 164.416, 177.833, 155.546, 155.776, 145.812, 225.103, 119.338, 230.744, 173.538, 224.068, 281.578, 137.754, 167.492, 204.425, 164.962, 158.857, 145.951, 142.062, 127.583];
HighestPossibleCritFunctionValue = 1.1;
