NumDevices = 128;
NumSlotes = 1024;


GivenBandwidthOld = [0.00794044, 0.00751985, 0.00731772, 0.00397614, 0.0044653, 0.00706596, 0.00383958, 0.00932529, 0.0075729, 0.00524197, 0.00425964, 0.00684136, 0.00396221, 0.00779099, 0.00817148, 0.00934565, 0.00611454, 0.00708864, 0.0037545, 0.004433, 0.0078679, 0.00708949, 0.0055548, 0.00570738, 0.00769008, 0.00599398, 0.0057712, 0.00531414, 0.0048188, 0.00461173, 0.00566834, 0.00783178, 0.0061679, 0.00396042, 0.00910523, 0.00902606, 0.00968332, 0.00634306, 0.00406513, 0.00635379, 0.00936403, 0.00881169, 0.00682837, 0.00441148, 0.00880476, 0.00905963, 0.00518216, 0.00538058, 0.00897837, 0.00820055, 0.00410701, 0.00395231, 0.00401033, 0.00419492, 0.0065767, 0.00581511, 0.00572934, 0.00797144, 0.00981395, 0.00807747, 0.0042962, 0.00875723, 0.00397173, 0.0053195, 0.00736387, 0.00458044, 0.00463953, 0.00401054, 0.00762307, 0.00466635, 0.00483636, 0.00595337, 0.00459061, 0.00691154, 0.00854549, 0.00776381, 0.00756539, 0.00407747, 0.00756699, 0.00597025, 0.00692617, 0.00433824, 0.00904323, 0.00455025, 0.00987531, 0.00808438, 0.0078438, 0.0081617, 0.0074555, 0.00716282, 0.0067578, 0.005761, 0.00882969, 0.0092948, 0.00764152, 0.00852963, 0.00995652, 0.00430336, 0.00408203, 0.00917164, 0.00655692, 0.00473741, 0.0054292, 0.0072524, 0.00617152, 0.0084609, 0.0049118, 0.00505093, 0.00600266, 0.00798064, 0.00810168, 0.00489614, 0.00447707, 0.00481591, 0.00596904, 0.00539692, 0.0085206, 0.00828516, 0.00737748, 0.00837788, 0.00960722, 0.00848052, 0.00959349, 0.00906912, 0.00850733, 0.0039966, 0.00452487, 0.00816664];
GivenLatency = [437.607, 568.88, 660.33, 876.935, 877.748, 579.448, 1177.36, 374.771, 460.653, 743.693, 975.291, 490.589, 1236.97, 609.586, 485.044, 509.759, 549.418, 654.499, 939.994, 878.822, 580.344, 608.23, 613.72, 682.314, 464.897, 716.644, 682.629, 668.516, 982.776, 977.619, 757.51, 571.068, 598.696, 1198.01, 505.841, 374.075, 399.064, 666.61, 1025.14, 680.335, 389.777, 551.118, 521.781, 1116.45, 449.109, 505.243, 946.455, 826.983, 447.249, 459.843, 987.687, 863.549, 884.425, 837.827, 675.456, 766.331, 791.121, 549.281, 368.686, 517.321, 1081.9, 502.025, 1018.77, 666.77, 603.6, 886.915, 853.861, 913.929, 476.305, 796.07, 985.739, 804.777, 920.626, 648.291, 413.382, 516.457, 621.987, 1127.9, 598.878, 650.646, 548.267, 961.861, 413.502, 782.59, 382.642, 588.314, 534.759, 449.577, 593.788, 484.002, 567.063, 689.64, 388.201, 359.795, 456.216, 502.533, 347.361, 1085.13, 1017.65, 492.41, 536.192, 802.444, 761.246, 482.905, 640.276, 473.702, 941.822, 853.586, 627.768, 557.585, 484.046, 764.419, 1095.91, 708.541, 636.24, 818.125, 404.308, 497.816, 573.866, 522.051, 408.96, 544.215, 435.799, 519.526, 532.031, 1240.06, 993.998, 419.413];
HighestPossibleCritFunctionValue = 1.1;
