NumDevices = 64;
NumSlotes = 512;


GivenBandwidthOld = [0.0100514, 0.0137243, 0.019872, 0.0190637, 0.00818593, 0.0108708, 0.00987572, 0.0112459, 0.014851, 0.0188888, 0.0185769, 0.0141559, 0.0112574, 0.00871441, 0.0181026, 0.0185455, 0.0119481, 0.0170905, 0.00795032, 0.0135328, 0.0124721, 0.0115425, 0.0125204, 0.0105421, 0.0112552, 0.0082392, 0.0188028, 0.0109561, 0.0190449, 0.0172416, 0.00894943, 0.0180579, 0.0166071, 0.00853091, 0.00896707, 0.0144679, 0.0176419, 0.0127997, 0.0175759, 0.0162423, 0.0136455, 0.00781078, 0.0182141, 0.0163446, 0.00886671, 0.0153671, 0.0168275, 0.0121393, 0.0170517, 0.0187365, 0.00967472, 0.00804976, 0.00988267, 0.0155315, 0.0174468, 0.0087319, 0.0120111, 0.0126705, 0.00892077, 0.0114179, 0.0173368, 0.00946943, 0.00775966, 0.00905971];
GivenLatency = [312.647, 171.704, 141.356, 118.457, 275.796, 212.361, 317.572, 264.239, 158.741, 145.797, 166.872, 189.791, 224.482, 338.102, 128.732, 140.955, 207.624, 192.189, 322.351, 191.672, 248.741, 199.345, 179.471, 224.583, 248.032, 325.274, 143.366, 256.324, 154.585, 140.788, 256.291, 142.418, 200.484, 369.425, 362.016, 223.492, 171.682, 192.05, 187.538, 200.01, 189.798, 404.465, 124.025, 192.799, 302.094, 170.228, 142.595, 208.143, 132.631, 165.422, 252.746, 382.739, 271.496, 207.932, 131.525, 315.691, 191.077, 231.66, 276.493, 203.607, 166.317, 334.354, 289.662, 251.395];
HighestPossibleCritFunctionValue = 1.1;
