NumDevices = 128;
NumSlotes = 1024;


GivenBandwidthOld = [0.0064422, 0.00787408, 0.00467379, 0.00488032, 0.00722321, 0.00916972, 0.00546494, 0.00804902, 0.00741056, 0.00799786, 0.00386087, 0.00455835, 0.00847558, 0.00778752, 0.00606157, 0.00425647, 0.00973533, 0.0054521, 0.00461959, 0.00647991, 0.00410357, 0.00870422, 0.00688774, 0.00851178, 0.00991422, 0.00575898, 0.00616064, 0.00691998, 0.00667793, 0.00715694, 0.00796774, 0.00375627, 0.00911162, 0.00392488, 0.00539445, 0.00455288, 0.00399735, 0.00466303, 0.00535327, 0.00612856, 0.00519273, 0.00795865, 0.00732422, 0.00697462, 0.00623844, 0.00814861, 0.00624735, 0.0080115, 0.00807883, 0.00846582, 0.00631403, 0.00985284, 0.00546397, 0.00412822, 0.00429459, 0.00663617, 0.0053197, 0.00438877, 0.00824577, 0.00796407, 0.00454168, 0.00949377, 0.00801937, 0.00911199, 0.00390124, 0.00817603, 0.00456202, 0.00759293, 0.00429835, 0.00732094, 0.00806105, 0.00950404, 0.00570552, 0.00769125, 0.00684615, 0.00942594, 0.00551678, 0.00427203, 0.00883353, 0.00518889, 0.00599769, 0.00570229, 0.0097165, 0.00764155, 0.00906378, 0.00616057, 0.0056166, 0.00695353, 0.0080356, 0.00677139, 0.00928247, 0.00669612, 0.0067321, 0.00521167, 0.00747769, 0.00507919, 0.0059358, 0.0092992, 0.00673723, 0.00388987, 0.00459161, 0.00487828, 0.00418407, 0.00545175, 0.00506468, 0.00575822, 0.00594103, 0.00966825, 0.00926816, 0.00999629, 0.00383431, 0.00831267, 0.00727523, 0.0085154, 0.00839328, 0.00579107, 0.00808346, 0.00493974, 0.00594863, 0.00617023, 0.00550691, 0.00721194, 0.00731649, 0.00818994, 0.00703744, 0.00572314, 0.00385451, 0.00408006];
GivenLatency = [605.806, 458.449, 836.855, 811.553, 661.803, 421.185, 803.136, 466.297, 653.895, 575.46, 1039.09, 1000.83, 504.704, 582.684, 572.734, 809.904, 391.069, 733.198, 1018.07, 711.612, 1029.2, 391.645, 603.516, 394.986, 395.965, 593.097, 777.97, 647.479, 731.678, 532.024, 432.671, 1041.92, 433.542, 1041.64, 634.755, 821.851, 1243.19, 864.655, 638.172, 680.697, 879.894, 516.325, 564.898, 521.347, 689.728, 508.198, 577.46, 446.083, 499.189, 562.414, 708.644, 391.861, 667.607, 951.438, 967.722, 572.204, 900.434, 944.75, 591.271, 515.428, 812.682, 371.319, 498.326, 395.079, 954.231, 483.809, 807.697, 513.973, 884.61, 549.303, 450.981, 383.058, 709.717, 449.431, 533.992, 400.378, 774.709, 847.673, 428.785, 715.903, 831.128, 816.664, 363.829, 485.677, 406.179, 669.88, 856.191, 497.94, 433.143, 688.491, 395.035, 627.411, 732.671, 740.525, 519.755, 691.328, 730.743, 395.627, 628.115, 1086.99, 921.457, 739.923, 918.352, 788.345, 794.493, 699.786, 638.082, 410.288, 424.32, 345.693, 1098.96, 598.185, 487.563, 404.913, 526.877, 621.044, 526.078, 854.888, 687.657, 598.588, 836.304, 514.711, 507.58, 453.203, 683.827, 721.58, 916.839, 1009.12];
HighestPossibleCritFunctionValue = 1.1;
