NumDevices = 128;
NumSlotes = 1024;


GivenBandwidthOld = [0.00877188, 0.0065522, 0.00656708, 0.0066569, 0.0037589, 0.00959591, 0.00599868, 0.00986777, 0.00628257, 0.00611463, 0.0086547, 0.00571591, 0.00730797, 0.0087593, 0.0075637, 0.00678798, 0.00683508, 0.00476993, 0.00820479, 0.00656968, 0.00657985, 0.00878485, 0.00577749, 0.00479766, 0.00550495, 0.00542659, 0.00720218, 0.00576229, 0.00549777, 0.00981505, 0.00778655, 0.00853487, 0.00433002, 0.00845663, 0.00805648, 0.00777676, 0.00658612, 0.00798911, 0.00678093, 0.00717011, 0.00432876, 0.00605611, 0.00629458, 0.0080062, 0.00643742, 0.00867898, 0.00767236, 0.00806494, 0.00614595, 0.00999735, 0.00920245, 0.00562622, 0.00617367, 0.00704878, 0.00887404, 0.00466691, 0.00792659, 0.0060103, 0.00509479, 0.0055618, 0.00461559, 0.00799925, 0.00833053, 0.0074451, 0.00737573, 0.00393141, 0.00903988, 0.00456843, 0.00905495, 0.00773734, 0.00641125, 0.00634823, 0.00974217, 0.00791769, 0.00642485, 0.00377789, 0.00381615, 0.00927758, 0.00571079, 0.00878374, 0.00590137, 0.00554932, 0.00748106, 0.00537794, 0.00821448, 0.00693926, 0.00563356, 0.00444666, 0.00628349, 0.00913633, 0.00679514, 0.00844369, 0.00929867, 0.00396269, 0.00973848, 0.00831712, 0.00702772, 0.00486241, 0.00623249, 0.00821175, 0.00484611, 0.00725106, 0.00863177, 0.0079195, 0.00547401, 0.00413725, 0.0059281, 0.00474799, 0.0082831, 0.00398318, 0.00406067, 0.00639292, 0.00457342, 0.00548077, 0.00534793, 0.00397114, 0.0079551, 0.00381358, 0.00990981, 0.00664669, 0.00710471, 0.00509613, 0.00933804, 0.00950431, 0.00401785, 0.00557274, 0.00724619, 0.00790378];
GivenLatency = [565.567, 581.236, 561.534, 573.09, 1320.47, 507.489, 646.912, 480.949, 564.635, 552.318, 424.979, 802.783, 556.271, 456.484, 540.438, 505.606, 520.384, 947.975, 598.365, 515.113, 696.585, 552.078, 810.598, 772.579, 646.304, 629.265, 533.281, 772.796, 738.341, 427.372, 525.472, 436.956, 850.7, 546.99, 602.111, 575.806, 713.529, 566.328, 736.932, 540.855, 930.625, 617.2, 622.135, 429.837, 702.136, 553.381, 565.442, 556.064, 545.053, 464.893, 537.792, 757.659, 641.462, 685.457, 488.769, 885.345, 421.864, 565.124, 836.613, 822.564, 1002.99, 435.257, 583.571, 456.889, 600.685, 891.317, 474.381, 984.641, 475.364, 596.082, 710.459, 631.314, 409.108, 545.172, 598.082, 972.199, 905.243, 374.044, 840.716, 530.44, 728.873, 650.453, 581.835, 756.61, 410.259, 584.629, 792.468, 859.654, 622.767, 538.728, 548.691, 402.391, 452.965, 848.993, 353.083, 594.831, 645.861, 811.059, 680.727, 468.116, 984.683, 472.924, 478.822, 495.809, 757.222, 1057.72, 589.897, 798.591, 450.851, 1051.58, 1039.39, 676.333, 916.433, 765.578, 843.91, 880.8, 513.939, 993.573, 405.313, 713.246, 584.404, 947.989, 451.898, 426.409, 885.137, 845.219, 615.693, 449.384];
HighestPossibleCritFunctionValue = 1.1;
