NumDevices = 128;
NumSlotes = 1024;


GivenBandwidthOld = [0.00667735, 0.00991727, 0.00705095, 0.00779546, 0.00835525, 0.00424689, 0.00502954, 0.00899815, 0.00932173, 0.00401398, 0.00925342, 0.00602756, 0.00774945, 0.00380308, 0.00841305, 0.00689049, 0.00465096, 0.00871355, 0.00734518, 0.00921588, 0.00625306, 0.00396705, 0.00788514, 0.00932633, 0.00632242, 0.0071257, 0.00789741, 0.00920352, 0.00485608, 0.00618915, 0.00471319, 0.00463805, 0.00414998, 0.00744481, 0.00866533, 0.00945918, 0.00791414, 0.00924825, 0.00660008, 0.00503655, 0.00798946, 0.00639778, 0.00493455, 0.00621842, 0.00916125, 0.00693492, 0.00778625, 0.00975785, 0.00889237, 0.00649058, 0.00847706, 0.00764079, 0.00874526, 0.00910003, 0.00924458, 0.00735184, 0.00855621, 0.00673107, 0.00666974, 0.00713379, 0.0063726, 0.00676839, 0.0088063, 0.00998149, 0.00520661, 0.00993583, 0.00643, 0.00905697, 0.00418353, 0.00880776, 0.00956779, 0.0083075, 0.00794284, 0.00398662, 0.00568432, 0.0076249, 0.00424946, 0.00436131, 0.00923843, 0.00396628, 0.00752862, 0.00473541, 0.00929205, 0.0052043, 0.00866712, 0.00834266, 0.00503294, 0.00989003, 0.00552052, 0.00459239, 0.00559662, 0.00868136, 0.00381067, 0.00470499, 0.00423385, 0.00455878, 0.00942281, 0.00908172, 0.00766092, 0.00965091, 0.00539645, 0.00680683, 0.00493672, 0.00520935, 0.00606958, 0.00772499, 0.00519198, 0.00780023, 0.00728357, 0.00495397, 0.0076485, 0.00708903, 0.00404089, 0.00525521, 0.00804287, 0.00396342, 0.0094323, 0.00619582, 0.00442743, 0.00808389, 0.00589695, 0.00620351, 0.00866637, 0.00818028, 0.00715128, 0.00659419, 0.00598895, 0.00881939];
GivenLatency = [678.651, 397.392, 703.528, 532.413, 417.572, 949.226, 744.921, 510.307, 515.309, 979.078, 373.527, 607.123, 539.65, 889.033, 543.131, 535.184, 1011.45, 437.962, 621.171, 460.883, 596.985, 854.256, 476.69, 498.407, 692.976, 480.271, 460.212, 486.219, 953.551, 762.035, 796.935, 776.393, 851.538, 475.475, 414.54, 425.095, 506.266, 415.273, 505.862, 784.77, 592.599, 588.391, 892.48, 750.634, 420.776, 526.15, 499.597, 362.385, 393.332, 686.43, 504.501, 609.074, 458.087, 415.102, 519.92, 505.088, 493.545, 508.975, 517.453, 491.186, 542.623, 618.878, 433.272, 336, 732.139, 459.177, 551.827, 535.209, 997.468, 518.849, 402.479, 570.956, 458.928, 1073.84, 645.435, 460.084, 1088.54, 784.789, 443.233, 841.973, 460.523, 797.719, 514.492, 924.986, 473.631, 460.566, 778.59, 433.714, 813.007, 740.62, 678.444, 390.93, 1014.25, 814.952, 835.929, 1002.56, 353.756, 471.346, 448.179, 412.533, 705.5, 606.874, 950.94, 834.875, 727.786, 489.509, 670.858, 560.867, 465.725, 702.942, 564.282, 477.141, 954.746, 694.468, 417.471, 964.044, 364.742, 645.659, 924.025, 540.343, 578.172, 684.493, 429.648, 436.24, 591.953, 581.797, 694.494, 492.003];
HighestPossibleCritFunctionValue = 1.1;
