NumDevices = 128;
NumSlotes = 1024;


GivenBandwidthOld = [0.00537248, 0.00776285, 0.00768905, 0.00740636, 0.00616104, 0.00606698, 0.00520793, 0.00717412, 0.00796465, 0.00446676, 0.00529076, 0.00427026, 0.00778997, 0.00858508, 0.00693407, 0.00835371, 0.00832369, 0.00872925, 0.00504549, 0.00707626, 0.00817117, 0.00543014, 0.00686572, 0.00468642, 0.00711099, 0.00698075, 0.00804424, 0.00699592, 0.00800727, 0.0057392, 0.00627674, 0.00559968, 0.00632366, 0.00425994, 0.00425049, 0.00544751, 0.00375736, 0.00750998, 0.00775915, 0.00560896, 0.00730938, 0.00629248, 0.00525004, 0.00491035, 0.00568511, 0.00707126, 0.00412556, 0.00571927, 0.00632187, 0.00411597, 0.00462105, 0.00854459, 0.00649575, 0.00654604, 0.00674668, 0.0040356, 0.00375454, 0.00504873, 0.00643896, 0.00714371, 0.00678061, 0.00425382, 0.00653037, 0.00842035, 0.00835422, 0.00685975, 0.00436402, 0.0086583, 0.00760214, 0.00674168, 0.00483548, 0.00748773, 0.00385581, 0.00711491, 0.0078285, 0.00609011, 0.00404461, 0.00529097, 0.00784871, 0.00581285, 0.00400655, 0.00553389, 0.00551767, 0.00803245, 0.00393912, 0.00735999, 0.0067719, 0.00780399, 0.00408503, 0.00461352, 0.00697162, 0.00451709, 0.00624415, 0.00786364, 0.00662881, 0.00784895, 0.0048772, 0.008553, 0.00771178, 0.00441093, 0.00705035, 0.00772897, 0.00833485, 0.00640234, 0.00661698, 0.00412629, 0.00799489, 0.00768488, 0.00728581, 0.00505972, 0.00629264, 0.00788471, 0.00579135, 0.00766077, 0.00705167, 0.00488836, 0.00613976, 0.00842147, 0.00713426, 0.00796311, 0.00856108, 0.00863511, 0.00787353, 0.0079208, 0.00739088, 0.00607936, 0.00832181, 0.00716762];
GivenLatency = [178.115, 155.163, 144.927, 172.11, 155.943, 178.912, 244.894, 138.391, 160.582, 239.92, 198.292, 248.043, 140.724, 145.862, 139.483, 142.468, 147.507, 109.686, 207.447, 176.517, 157.917, 195.373, 143.348, 203.894, 182.489, 166.796, 130.058, 182.519, 132.906, 176.821, 163.304, 186.983, 156.423, 298.436, 254.85, 204.696, 271.767, 133.285, 139.169, 228.654, 148.755, 158.844, 211.208, 230.87, 224.526, 156.428, 235.553, 192.787, 188.36, 252.639, 268.7, 125.52, 186.081, 197.28, 173.294, 319.052, 273.467, 231.138, 191.738, 134.206, 144.42, 285.139, 178.797, 148.411, 134.258, 184.703, 231.548, 137.164, 140.962, 162.685, 210.779, 128.737, 257.881, 153.881, 137.144, 198.461, 268.471, 205.313, 127.137, 206.29, 247.602, 226.352, 182.808, 134.953, 308.235, 145.139, 165.966, 149.031, 270.309, 246.492, 182.334, 257.733, 167.875, 138.407, 172.967, 132.466, 217.283, 130.122, 137.736, 244.466, 142.896, 128.241, 133.241, 159.637, 146.921, 250.54, 143.879, 163.968, 139.327, 232.647, 172.625, 126.503, 178.63, 150.133, 166.824, 212.754, 199.415, 135.422, 156.144, 130.357, 121.553, 135.354, 123.142, 156.17, 136.532, 159.394, 152.79, 174.32];
HighestPossibleCritFunctionValue = 1.1;
