NumDevices = 64;
NumSlotes = 512;


GivenBandwidthOld = [0.00924902, 0.0158484, 0.0193422, 0.0140883, 0.0115596, 0.0116572, 0.0146197, 0.0189328, 0.00926271, 0.0083298, 0.0164388, 0.0165034, 0.0145787, 0.0166738, 0.0163416, 0.00865038, 0.016957, 0.0138987, 0.0127978, 0.0101263, 0.0109093, 0.0198037, 0.00836692, 0.0153539, 0.00800325, 0.015567, 0.0149638, 0.0140608, 0.0126378, 0.00803184, 0.00856736, 0.00904374, 0.0155972, 0.0104197, 0.0167111, 0.0187599, 0.0156085, 0.0113326, 0.00972088, 0.00879205, 0.0104825, 0.00974239, 0.00780545, 0.0161753, 0.0135487, 0.0178373, 0.00973528, 0.0133328, 0.0142242, 0.00856325, 0.0151135, 0.0172493, 0.0137698, 0.00933984, 0.0171144, 0.00875982, 0.0188156, 0.0136561, 0.0106537, 0.0112198, 0.0141638, 0.018072, 0.0158248, 0.00934598];
GivenLatency = [355.731, 203.106, 116.193, 194.382, 247.031, 197.019, 202.689, 122.166, 334.835, 279.141, 189.457, 160.097, 183.629, 180.018, 182.879, 359.088, 167.999, 175.173, 250.371, 237.911, 248.857, 121.451, 323.545, 189.751, 285.656, 174.865, 176.883, 222.534, 178.092, 347.873, 278.604, 309.654, 167.169, 318.079, 192.986, 173.703, 181.738, 220.521, 328.121, 306.928, 258.14, 294.725, 331.977, 147.997, 165.859, 170.168, 328.438, 188.471, 176.869, 280.26, 193.326, 188.119, 165.668, 336.2, 186.013, 358.894, 120.018, 198.988, 309.874, 262.547, 159.179, 155.866, 209.147, 349.292];
HighestPossibleCritFunctionValue = 1.1;
