NumDevices = 64;
NumSlotes = 512;


GivenBandwidthOld = [0.0110048, 0.0128301, 0.0161475, 0.00908602, 0.0137464, 0.0165049, 0.0156165, 0.00967383, 0.0180232, 0.00897366, 0.0127579, 0.0149267, 0.0147957, 0.0131103, 0.0125955, 0.00965019, 0.00830985, 0.0186602, 0.0152744, 0.00981799, 0.0159822, 0.0184978, 0.00969176, 0.0194162, 0.00847394, 0.0139903, 0.0153414, 0.0103104, 0.0176909, 0.0103256, 0.00996775, 0.00794259, 0.00866462, 0.0188097, 0.0143428, 0.0145257, 0.0133134, 0.013916, 0.0157553, 0.0168079, 0.00816018, 0.0155885, 0.0131996, 0.0139744, 0.00955531, 0.0136731, 0.00920228, 0.0177327, 0.0131015, 0.0140381, 0.0178939, 0.0100458, 0.0198836, 0.0140424, 0.0156788, 0.0190429, 0.00854484, 0.0180699, 0.018508, 0.0187648, 0.00921146, 0.00947936, 0.0121087, 0.015146];
GivenLatency = [239.25, 218.239, 197.229, 339.973, 171.481, 147.65, 192.157, 266.527, 126.586, 343.967, 206.204, 184.304, 162.231, 239.792, 244.794, 242.137, 337.049, 124.621, 179.194, 266.101, 177.716, 123.352, 257.089, 171.031, 381.71, 216.474, 151.296, 302.164, 129.821, 310.962, 324.361, 322.189, 371.163, 138.587, 158.799, 170.996, 207.922, 238.7, 182.059, 161.196, 367.412, 213.093, 181.058, 205.184, 304.615, 170.211, 320.143, 129.225, 212.871, 186.781, 152.089, 273.164, 162.564, 226.757, 191.44, 134.592, 280.908, 176.082, 120.884, 131.984, 307.473, 260.383, 274.199, 206.92];
HighestPossibleCritFunctionValue = 1.1;
