NumDevices = 128;
NumSlotes = 1024;


GivenBandwidthOld = [0.00223793, 0.0022818, 0.00202791, 0.00368283, 0.0023388, 0.00383649, 0.00369681, 0.00295345, 0.00296611, 0.00323645, 0.00309997, 0.00301722, 0.0029814, 0.00394652, 0.00296901, 0.00205499, 0.00261107, 0.00171048, 0.00303429, 0.00239333, 0.00156057, 0.00225755, 0.00393048, 0.00202617, 0.0025363, 0.00142709, 0.00256462, 0.002297, 0.00125931, 0.00154208, 0.00405727, 0.00181515, 0.00279075, 0.00285171, 0.00245928, 0.00380496, 0.00183016, 0.00204529, 0.00213891, 0.00368964, 0.00422023, 0.00320404, 0.00214129, 0.00310852, 0.00308488, 0.00255898, 0.00130738, 0.00311762, 0.00278845, 0.001705, 0.00159221, 0.00277889, 0.0036206, 0.00326736, 0.00393983, 0.00303671, 0.00238753, 0.00406081, 0.00193748, 0.0025561, 0.0029219, 0.00404281, 0.00254344, 0.0026455, 0.00223751, 0.00140706, 0.00347747, 0.00400277, 0.0014412, 0.00230692, 0.00232654, 0.00401208, 0.00159611, 0.00262839, 0.00229715, 0.00377598, 0.00228708, 0.00339369, 0.00212319, 0.00200553, 0.00254006, 0.00211869, 0.00436548, 0.00370566, 0.00172965, 0.0032757, 0.00351678, 0.00213934, 0.00154833, 0.00277331, 0.00357694, 0.0039337, 0.00300699, 0.00277757, 0.00332462, 0.00374711, 0.00143032, 0.00376893, 0.00251423, 0.00228633, 0.00317741, 0.00140002, 0.00385303, 0.00343072, 0.00253634, 0.00197953, 0.00311324, 0.00421268, 0.0043505, 0.00199946, 0.00358884, 0.00382699, 0.00340395, 0.00268676, 0.00196908, 0.00238285, 0.00363333, 0.00156166, 0.00187276, 0.0024128, 0.00380763, 0.00296119, 0.00178701, 0.00183577, 0.00256132, 0.0031002, 0.00387621, 0.00250639];
GivenLatency = [242.545, 205.715, 229.047, 95.2439, 183.775, 135.647, 127.925, 111.754, 111.607, 168.354, 153.22, 209.8, 125.214, 82.0405, 179.208, 152.147, 152.931, 325.421, 134.049, 200.768, 215.792, 151.137, 140.487, 254.651, 131.837, 316.326, 122.112, 199.779, 380.651, 268.118, 82.4257, 267.941, 154.309, 127.477, 208.309, 83.0711, 299.681, 156.716, 155.185, 135.316, 107.152, 111.628, 174.31, 133.377, 204.915, 155.855, 322.273, 113.939, 221.138, 243.365, 231.097, 182.996, 115.466, 100.764, 146.008, 116.208, 146.94, 78.1603, 244.975, 183.008, 118.078, 132.547, 131.483, 143.429, 221.644, 378.016, 142.164, 88.8761, 221.462, 148.553, 274.977, 109.86, 212.535, 147.747, 231.579, 110.178, 206.891, 156.739, 263.817, 159.582, 201.533, 187.933, 74.9032, 111.74, 343.083, 140.124, 182.47, 186.45, 311.92, 207.894, 135.137, 146.043, 124.872, 128.537, 102.312, 89.6188, 263.116, 116.205, 127.249, 261.98, 102.718, 232.814, 104.175, 125.924, 124.475, 215.496, 128.861, 86.0415, 145.039, 246.445, 161.314, 154.546, 132.26, 123.918, 184.618, 199.105, 172.764, 309.803, 202.723, 173.585, 88.6318, 128.873, 183.337, 174.262, 124.075, 126.006, 156.793, 198.357];
HighestPossibleCritFunctionValue = 1.1;
