NumDevices = 64;
NumSlotes = 512;


GivenBandwidthOld = [0.0136497, 0.0150966, 0.0134442, 0.0113793, 0.0172238, 0.0152951, 0.00974698, 0.0124561, 0.0149102, 0.0108597, 0.0147281, 0.00961673, 0.0134154, 0.0174362, 0.0159862, 0.0155335, 0.0163585, 0.0122968, 0.0167612, 0.0098388, 0.0156924, 0.0171196, 0.0142765, 0.00948478, 0.0157844, 0.0132146, 0.0119784, 0.0153015, 0.0170883, 0.00794335, 0.00880992, 0.0133601, 0.00853004, 0.00930335, 0.0163219, 0.0078421, 0.0171531, 0.0163969, 0.00774198, 0.0144412, 0.00901131, 0.0080892, 0.010194, 0.0153693, 0.0162699, 0.0127261, 0.0117958, 0.0172285, 0.0140633, 0.0165542, 0.0119971, 0.0108169, 0.01541, 0.0107005, 0.00827484, 0.0102037, 0.00894093, 0.0152497, 0.0168523, 0.0116585, 0.0097841, 0.0163847, 0.0123262, 0.0121002];
GivenLatency = [75.3342, 70.0279, 82.2846, 81.4215, 58.1668, 78.8542, 94.1304, 98.6069, 74.6873, 97.1912, 76.7433, 119.788, 90.8251, 63.3467, 60.2736, 76.6333, 61.3385, 85.7604, 65.6517, 119.22, 64.7281, 60.0209, 76.15, 110.257, 60.5526, 86.9336, 84.0919, 66.2201, 68.7921, 118.793, 117, 73.2013, 137.504, 109.983, 57.6863, 140.064, 54.4443, 58.2212, 149.296, 67.8702, 122.113, 151.038, 109.59, 73.1024, 56.2974, 85.5279, 78.9495, 70.2363, 85.5423, 57.666, 99.6362, 111.96, 80.2199, 91.3291, 113.59, 106.618, 129.116, 64.8875, 67.1496, 96.4375, 127.53, 71.2762, 95.7304, 77.2306];
HighestPossibleCritFunctionValue = 1.1;
