NumDevices = 128;
NumSlotes = 1024;


GivenBandwidthOld = [0.00797059, 0.0041938, 0.00766391, 0.00475201, 0.004577, 0.00814177, 0.0062283, 0.00655315, 0.0062465, 0.00742284, 0.00819044, 0.00428855, 0.00512727, 0.00649506, 0.00490979, 0.00636327, 0.00504256, 0.0077384, 0.00672014, 0.00792073, 0.00620832, 0.00571957, 0.00635763, 0.00513268, 0.00753154, 0.00509223, 0.00758315, 0.00755009, 0.00689932, 0.00435469, 0.00683743, 0.00417223, 0.00509819, 0.00781707, 0.00396809, 0.00415976, 0.00561751, 0.00606425, 0.00435816, 0.0051422, 0.00741327, 0.0072934, 0.00769012, 0.00534185, 0.00802168, 0.00789372, 0.00724901, 0.00653292, 0.00625798, 0.00543762, 0.00759079, 0.00586111, 0.00513228, 0.00570851, 0.00544853, 0.00586326, 0.00636508, 0.00542174, 0.00573605, 0.00834101, 0.00491206, 0.00449158, 0.00755039, 0.00685693, 0.00696659, 0.00502877, 0.00609829, 0.00650473, 0.00751365, 0.00438023, 0.00601466, 0.00592579, 0.00727918, 0.00874915, 0.00444308, 0.00741176, 0.00699681, 0.00796284, 0.00392932, 0.00759902, 0.00430978, 0.00689298, 0.00774827, 0.0077485, 0.00661227, 0.0048452, 0.00585869, 0.00454907, 0.00874267, 0.00560858, 0.00582993, 0.00615768, 0.00460379, 0.00846613, 0.00768925, 0.0057609, 0.00588779, 0.00862018, 0.00682747, 0.00686742, 0.0082511, 0.00873016, 0.0052857, 0.00429573, 0.00585903, 0.00524553, 0.00417946, 0.00672036, 0.0066217, 0.00845527, 0.00514236, 0.00512526, 0.00776775, 0.00504637, 0.00678557, 0.00752479, 0.00663097, 0.00414942, 0.00673461, 0.00604853, 0.00521992, 0.00873068, 0.00402236, 0.00624401, 0.00563625, 0.0059743, 0.00757426, 0.00804965];
GivenLatency = [124.485, 251.545, 150.197, 219.089, 260.588, 148.831, 171.569, 173.372, 174.433, 174.678, 124.56, 284.989, 218.424, 178.658, 204.438, 160.446, 219.242, 139.536, 155.07, 162.037, 200.799, 171.505, 190.358, 190.903, 155.8, 249.94, 150.831, 149.421, 152.633, 274.821, 143.002, 235.16, 220.446, 137.61, 304.707, 235.863, 224.107, 193.857, 296.141, 249.988, 166.393, 156.759, 124.721, 179.332, 139.1, 143.386, 158.006, 160.001, 158.12, 176.805, 134.557, 191.743, 248.797, 206.277, 181.45, 177.553, 174.619, 221.756, 180.033, 142.682, 255.088, 238.684, 136.487, 168.333, 167.089, 202.935, 198.188, 175.614, 154.734, 289.276, 166.65, 199.021, 163.864, 118.647, 291.389, 174.896, 177.977, 155.845, 298.051, 150.468, 295.135, 158.694, 134.359, 131.551, 149.078, 209.15, 183.541, 215.697, 124.828, 189.876, 173.048, 171.765, 234.58, 128.882, 139.953, 212.117, 174.482, 112.652, 181.69, 178.109, 123.134, 140.472, 243.836, 262.098, 180.5, 239.895, 302.975, 153.092, 159.806, 150.766, 195.269, 188.058, 159.434, 190.019, 175.249, 157.071, 169.724, 237.743, 159.085, 161.249, 204.72, 142.118, 300.632, 155.257, 171.895, 216.244, 161.121, 139.095];
HighestPossibleCritFunctionValue = 1.1;
