NumDevices = 128;
NumSlotes = 1024;


GivenBandwidthOld = [0.00642084, 0.00505901, 0.00436168, 0.00928146, 0.00853539, 0.0068506, 0.0092068, 0.00993827, 0.00993054, 0.00511093, 0.00823278, 0.00828607, 0.00392217, 0.00985036, 0.00755812, 0.00675083, 0.0074672, 0.00380901, 0.00794857, 0.00661953, 0.00702597, 0.00675853, 0.00567161, 0.00655512, 0.00571193, 0.00922165, 0.00959656, 0.00436775, 0.00500949, 0.0095639, 0.0054516, 0.00872483, 0.0095099, 0.00419485, 0.00535647, 0.00992971, 0.00991454, 0.00493275, 0.00724205, 0.00710333, 0.00695248, 0.00901206, 0.00567085, 0.00626336, 0.00834621, 0.00857533, 0.009255, 0.00753636, 0.0097859, 0.00528496, 0.00800802, 0.00570992, 0.00654796, 0.00412119, 0.0047635, 0.00631329, 0.00999456, 0.00614749, 0.00457168, 0.00743721, 0.00595014, 0.00644803, 0.0057935, 0.0051717, 0.00447883, 0.00938251, 0.00689142, 0.00785071, 0.00558867, 0.00634404, 0.00799708, 0.00941111, 0.00621331, 0.0046793, 0.00994127, 0.00415813, 0.00691679, 0.00921174, 0.00544224, 0.00778392, 0.00805894, 0.00533723, 0.0052865, 0.00900912, 0.00630446, 0.00535709, 0.00790541, 0.00613819, 0.00460158, 0.00992675, 0.0039602, 0.00531037, 0.00381892, 0.00583019, 0.00924378, 0.00647109, 0.00589982, 0.00456172, 0.00878919, 0.00998799, 0.00810173, 0.00583805, 0.00379987, 0.00441643, 0.00451242, 0.00518394, 0.00400868, 0.00760472, 0.00874616, 0.00545033, 0.00614724, 0.00670555, 0.00885387, 0.00949853, 0.00676084, 0.00685437, 0.00394313, 0.00599501, 0.00446339, 0.00618358, 0.00489758, 0.00986168, 0.00404221, 0.00860389, 0.0081078, 0.00781877, 0.00629449, 0.00650676];
GivenLatency = [685.902, 802.516, 1058.28, 480.24, 486.45, 504.413, 367.769, 468.404, 435.598, 736.911, 461.781, 441.262, 880.762, 398.319, 474.999, 514.936, 620.485, 1068.73, 457.331, 507.594, 632.744, 582.75, 785, 558.578, 737.443, 425.889, 474.965, 965.454, 749.816, 388.396, 912.932, 413.715, 517.136, 1174.14, 712.08, 346.941, 431.554, 999.7, 551.149, 556.335, 549.436, 533.895, 601.515, 648.735, 522.683, 426.974, 403.939, 631.957, 479.18, 651.771, 486.153, 585.097, 603.597, 1069.26, 918.539, 788.032, 413.522, 603.587, 975.557, 553.05, 638.775, 585.649, 636.289, 734.546, 944.473, 403.169, 532.79, 479.303, 737.08, 605.881, 452.693, 448.367, 640.461, 1001.64, 351.317, 902.763, 639.061, 393.724, 899.001, 639.419, 592.965, 649.862, 713.657, 459.236, 530.183, 777.937, 431.378, 727.489, 798.354, 373.427, 975.895, 902.878, 894.637, 578.436, 540.884, 685.184, 606.915, 769.371, 387.018, 417.577, 543.161, 854.961, 1020.24, 802.138, 828.389, 911.327, 858.576, 492.042, 476.181, 797.815, 666.505, 733.781, 403.841, 467.121, 577.384, 673, 1249.39, 682.931, 760.973, 802.413, 703.385, 448.596, 1096.84, 428.431, 461.501, 539.303, 682.497, 564.476];
HighestPossibleCritFunctionValue = 1.1;
