NumDevices = 16;
NumSlotes = 128;


GivenBandwidthOld = [0.0346199, 0.076374, 0.0382007, 0.0598529, 0.0674413, 0.0559281, 0.0542807, 0.0657129, 0.0561269, 0.045587, 0.0515284, 0.0574079, 0.075354, 0.0452597, 0.0495556, 0.0504233];
GivenLatency = [55.7483, 24.115, 50.2436, 26.2868, 23.4009, 33.1905, 29.6985, 26.4302, 25.3632, 39.594, 26.5112, 30.0646, 22.0299, 31.2869, 36.9499, 37.3029];
HighestPossibleCritFunctionValue = 1.1;
