NumDevices = 64;
NumSlotes = 512;


GivenBandwidthOld = [0.00828713, 0.011787, 0.00974689, 0.00849133, 0.0187978, 0.0142676, 0.0137694, 0.0144006, 0.0105141, 0.0150659, 0.0171658, 0.0109182, 0.0192361, 0.0185479, 0.015293, 0.00886462, 0.0176762, 0.01374, 0.00808828, 0.0196661, 0.0199919, 0.00814136, 0.0117852, 0.0161265, 0.0182074, 0.0175749, 0.0108156, 0.0197649, 0.01854, 0.0196544, 0.011349, 0.00940247, 0.0198214, 0.0182503, 0.0122569, 0.018739, 0.0130529, 0.0105037, 0.0153762, 0.0082349, 0.00898332, 0.012669, 0.0075102, 0.0164307, 0.0174517, 0.0159336, 0.0139191, 0.0176005, 0.0165201, 0.00894666, 0.00898865, 0.0148063, 0.0176823, 0.0155871, 0.0145752, 0.0197955, 0.00821987, 0.0188512, 0.0113386, 0.0105068, 0.0178991, 0.00997535, 0.0107456, 0.0194374];
GivenLatency = [308.458, 206.318, 317.136, 350.068, 124.562, 175.351, 179.289, 159.802, 241.544, 164.268, 165.217, 233.369, 118.75, 120.068, 165.402, 336.427, 145.365, 197.146, 374.497, 117.962, 152.548, 408.608, 201.273, 171.694, 158.683, 176.409, 219.75, 145.988, 131.9, 125.974, 293.221, 293.798, 112.955, 179.542, 263.898, 149.203, 240.97, 225.42, 194.15, 279.625, 345.999, 206.906, 309.828, 165.48, 146.352, 174.36, 171.653, 167.748, 169.507, 289.969, 327.086, 200.575, 128.133, 211.932, 180.615, 117.29, 382.94, 165.203, 238.499, 249.796, 141.248, 257.859, 299.13, 148.437];
HighestPossibleCritFunctionValue = 1.1;
