NumDevices = 16;
NumSlotes = 128;


GivenBandwidthOld = [0.0513013, 0.0417705, 0.0564355, 0.0508935, 0.0675596, 0.0546152, 0.058055, 0.0303471, 0.0645013, 0.0534656, 0.0568896, 0.044376, 0.0469453, 0.0693847, 0.0489031, 0.0542902];
GivenLatency = [18.9737, 18.9292, 18.8077, 18.7025, 12.1308, 18.6097, 14.0649, 31.5886, 14.8363, 17.7262, 15.1758, 20.1493, 23.1002, 11.835, 20.0392, 19.3777];
HighestPossibleCritFunctionValue = 1.1;
