NumDevices = 64;
NumSlotes = 512;


GivenBandwidthOld = [0.0198698, 0.0189501, 0.0125761, 0.00919229, 0.0123417, 0.0194029, 0.00950154, 0.00996324, 0.0197476, 0.0156295, 0.0146995, 0.01023, 0.0155185, 0.0115921, 0.00838493, 0.0179725, 0.0188212, 0.0195929, 0.0149892, 0.015925, 0.0187269, 0.0104489, 0.0190996, 0.0114936, 0.0160091, 0.00788031, 0.0118398, 0.00897658, 0.0119166, 0.0126489, 0.0196102, 0.0191196, 0.0101883, 0.0153804, 0.015689, 0.0157624, 0.0113852, 0.017785, 0.01735, 0.0196359, 0.0130626, 0.00996041, 0.00969117, 0.00948094, 0.0136846, 0.013869, 0.0136983, 0.0197813, 0.0197148, 0.0139495, 0.0166671, 0.016629, 0.0135842, 0.0148036, 0.00973658, 0.01018, 0.0128156, 0.0088751, 0.0187236, 0.0178329, 0.0106015, 0.00879794, 0.0094857, 0.0186855];
GivenLatency = [129.64, 125.961, 189.521, 273.914, 252.152, 120.786, 252.075, 261.686, 155.038, 205.979, 215.148, 218.336, 157.363, 223.113, 331.65, 183.076, 150.268, 143.292, 166.622, 200.919, 133.199, 295.575, 137.704, 200.96, 201.374, 301.215, 278.783, 249.257, 244.411, 234.28, 134.409, 126.099, 317.113, 192.893, 193.991, 162.223, 278.737, 154.92, 142.088, 125.855, 202.884, 234.126, 259.863, 271.012, 214.53, 203.375, 210.538, 164.725, 155.979, 172.791, 146.096, 199.577, 195.134, 225.015, 310.891, 253.548, 256.356, 258.75, 133.804, 132.613, 252.33, 299.411, 301.056, 129.687];
HighestPossibleCritFunctionValue = 1.1;
