NumDevices = 16;
NumSlotes = 128;


GivenBandwidthOld = [0.0648419, 0.0682717, 0.0622475, 0.0639532, 0.0306207, 0.062126, 0.0722467, 0.0706775, 0.0470168, 0.0314862, 0.0577874, 0.0535957, 0.0531178, 0.071115, 0.0499342, 0.0634814];
GivenLatency = [25.3655, 24.8164, 21.488, 27.9487, 44.1423, 31.3529, 24.0768, 21.5472, 32.7813, 50.3278, 33.7669, 26.2064, 31.9589, 27.3568, 39.663, 27.4239];
HighestPossibleCritFunctionValue = 1.1;
