NumDevices = 128;
NumSlotes = 1024;


GivenBandwidthOld = [0.00417689, 0.00283589, 0.00215152, 0.00309736, 0.00302817, 0.00249719, 0.00338624, 0.0018847, 0.00307455, 0.00394617, 0.00324294, 0.0028913, 0.00217964, 0.00381943, 0.00133619, 0.00301413, 0.00417372, 0.00263847, 0.00280679, 0.00368132, 0.0019156, 0.00357443, 0.00238193, 0.00368163, 0.0039572, 0.00428133, 0.00197164, 0.0017495, 0.00253887, 0.00399743, 0.00237205, 0.00328879, 0.00155899, 0.0038086, 0.00371695, 0.00387999, 0.00342899, 0.00169541, 0.00283239, 0.00274293, 0.00229223, 0.00242709, 0.00337241, 0.00385491, 0.00383791, 0.00257932, 0.00251874, 0.00316452, 0.00355496, 0.0031335, 0.00405377, 0.00231098, 0.00183038, 0.00254564, 0.00206977, 0.00410374, 0.00161931, 0.00201769, 0.00382613, 0.00145386, 0.0024469, 0.00188877, 0.00275319, 0.00279402, 0.00156422, 0.00428069, 0.00365007, 0.00175272, 0.00358734, 0.00371846, 0.00428308, 0.00330336, 0.00267412, 0.00207169, 0.001956, 0.00129594, 0.00145956, 0.0014314, 0.00310479, 0.00279463, 0.00243032, 0.00140914, 0.00404936, 0.00327472, 0.00262127, 0.00127474, 0.00142757, 0.00136781, 0.00311977, 0.00152701, 0.00380572, 0.0020969, 0.00390115, 0.00283448, 0.00340906, 0.00411136, 0.00156749, 0.00289948, 0.00218146, 0.0032241, 0.00179957, 0.00349784, 0.00257638, 0.00303753, 0.00360226, 0.00134231, 0.00268896, 0.00145603, 0.00153456, 0.00264695, 0.00172778, 0.00320372, 0.00302668, 0.00262059, 0.00230551, 0.00376777, 0.0018396, 0.0043591, 0.00278425, 0.00301337, 0.00387303, 0.00211246, 0.00279814, 0.00206695, 0.00364657, 0.00235051, 0.00381772, 0.00378298];
GivenLatency = [76.4893, 118.984, 243.999, 149.219, 105.818, 200.183, 154.325, 231.869, 169.684, 94.6932, 198.006, 148.303, 146.012, 136.984, 263.134, 194.213, 95.847, 140.184, 156.434, 153.348, 288.38, 129.242, 204.457, 166.334, 129.968, 116.048, 271.336, 198.114, 181.976, 78.1918, 231.71, 138.466, 352.965, 141.594, 95.8964, 116.258, 185.561, 277.991, 213.229, 182.522, 225.035, 134.884, 138.926, 105.017, 96.6203, 224.434, 188.212, 101.251, 112.607, 123.603, 102.683, 192.538, 249.428, 188.799, 288.649, 85.0686, 225.876, 300.888, 126.96, 360.716, 131.063, 196.297, 156.966, 227.599, 255.24, 76.2389, 89.4326, 267.664, 153.916, 144.759, 149.352, 101.615, 186.577, 157.457, 242.624, 467.849, 224.191, 233.2, 193.784, 168.09, 175.373, 236.101, 122.763, 164.276, 192.735, 297.687, 220.259, 244.598, 108.712, 241.471, 144.372, 180.946, 129.572, 203.502, 148.696, 135.68, 222.527, 138.311, 163.007, 146.427, 210.323, 136.92, 174.452, 183.204, 87.5898, 329.477, 194.553, 240.306, 240.436, 123.993, 279.37, 130.039, 200.345, 131.596, 264.844, 94.0371, 276.766, 76.2667, 148.555, 108.507, 166.885, 182.508, 218.413, 283.74, 98.2328, 164.685, 85.5771, 100.158];
HighestPossibleCritFunctionValue = 1.1;
