NumDevices = 128;
NumSlotes = 1024;


GivenBandwidthOld = [0.0059688, 0.00760377, 0.00527714, 0.00785318, 0.00960277, 0.00874324, 0.00642306, 0.00493775, 0.00383785, 0.00530027, 0.00906546, 0.00942648, 0.0082807, 0.00752531, 0.0053183, 0.00599521, 0.00775379, 0.00795816, 0.00526516, 0.0065934, 0.00520799, 0.0082698, 0.00559057, 0.00701736, 0.00573591, 0.00601754, 0.00805236, 0.00727254, 0.00714585, 0.00900141, 0.00791075, 0.00854072, 0.00893831, 0.00993601, 0.00947343, 0.00999222, 0.00423066, 0.00726125, 0.00484744, 0.00469259, 0.00837394, 0.00576049, 0.00657854, 0.00548298, 0.00497295, 0.00790664, 0.00819386, 0.00422969, 0.00958781, 0.00733747, 0.0045641, 0.00503835, 0.00703196, 0.00745001, 0.00853197, 0.00558622, 0.0088814, 0.00976905, 0.00970763, 0.00856644, 0.00983278, 0.00585446, 0.00463375, 0.00691875, 0.00474626, 0.00408066, 0.0049285, 0.00461703, 0.0071388, 0.00934006, 0.00580582, 0.00585951, 0.0082889, 0.0077672, 0.00839462, 0.00965185, 0.00858029, 0.00524583, 0.00661227, 0.00985747, 0.00829418, 0.00896041, 0.00642675, 0.00447122, 0.00654846, 0.00615011, 0.00497424, 0.00451324, 0.00657037, 0.0056504, 0.00632296, 0.00990836, 0.00726926, 0.00816853, 0.00980615, 0.00825682, 0.00610261, 0.00654976, 0.00938424, 0.0046548, 0.00444569, 0.00869125, 0.00758091, 0.00857187, 0.00735322, 0.00678023, 0.00778572, 0.00712536, 0.00840182, 0.00570269, 0.00387639, 0.00929448, 0.00863523, 0.00985689, 0.00472707, 0.00664163, 0.00969579, 0.00969512, 0.00455462, 0.00820775, 0.00647183, 0.00581983, 0.0038825, 0.00568272, 0.00569828, 0.00473935, 0.0067503, 0.00470954];
GivenLatency = [720.359, 445.554, 930.122, 522.433, 484.987, 560.277, 619.976, 703.01, 1195.97, 930.38, 428.563, 361.688, 487.719, 574.722, 750.507, 603.799, 526.365, 554.791, 635.058, 515.15, 641.269, 481.771, 673.458, 494.889, 599.614, 559.023, 558.087, 560.363, 554.424, 483.045, 445.607, 521.087, 421.323, 457.008, 354.122, 486.903, 1142.76, 524.116, 899.312, 764.259, 434.502, 782.436, 719.421, 826.576, 864.396, 452.731, 506.454, 917.713, 380.535, 547.495, 931.717, 930.848, 612.858, 660.053, 449.959, 807.069, 410.403, 441.475, 480.38, 442.222, 340.956, 811.197, 790.705, 568.027, 860.876, 896.062, 852.932, 826.021, 592.319, 436.405, 661.054, 676.5, 481.353, 627.7, 466.971, 405.9, 492.331, 940.153, 666.791, 363.849, 575.234, 403.029, 526.677, 748.762, 524.106, 718.297, 808.309, 750.177, 572.975, 802.797, 645.116, 431.034, 471.15, 434.527, 343.519, 565.225, 599.027, 564.207, 413.311, 858.024, 946.787, 389.245, 563.071, 440.257, 495.526, 725.78, 438.699, 508.676, 469.129, 643.94, 1098.02, 405.242, 537.153, 467.643, 798.639, 678.474, 381.644, 488.188, 739.774, 499.07, 687.437, 762.365, 979.134, 670.159, 772.865, 703.858, 643.544, 975.496];
HighestPossibleCritFunctionValue = 1.1;
