NumDevices = 16;
NumSlotes = 128;


GivenBandwidthOld = [0.051652, 0.0353239, 0.0580278, 0.0439526, 0.0310165, 0.0642139, 0.0636195, 0.0735816, 0.0563737, 0.0435311, 0.0465162, 0.0679698, 0.0377404, 0.0733808, 0.0315248, 0.0564862];
GivenLatency = [37.1724, 55.2192, 33.2863, 36.4016, 64.2972, 24.7637, 30.6319, 23.5928, 24.0241, 39.5353, 41.3745, 27.2591, 39.0656, 23.3181, 55.001, 24.9891];
HighestPossibleCritFunctionValue = 1.1;
