NumDevices = 32;
NumSlotes = 256;


GivenBandwidthOld = [0.0272409, 0.0231671, 0.0294337, 0.0273218, 0.032184, 0.0270398, 0.0185391, 0.022127, 0.0234708, 0.0335123, 0.0268497, 0.0232096, 0.0192706, 0.015989, 0.0366072, 0.0176731, 0.0163835, 0.0168547, 0.0364059, 0.0331853, 0.0306872, 0.0198789, 0.0389347, 0.0361791, 0.022651, 0.029668, 0.015407, 0.0301708, 0.0159206, 0.0372268, 0.0313948, 0.037656];
GivenLatency = [83.5116, 85.3209, 80.8071, 65.8042, 52.1112, 65.3345, 95.1677, 108.35, 82.8894, 73.9324, 83.3087, 104.507, 99.6766, 131.111, 50.7966, 105.468, 119.385, 101.896, 48.2519, 69.1324, 62.2826, 86.7769, 58.3353, 65.5678, 104.131, 83.0436, 118.676, 58.627, 105.283, 64.4078, 72.7015, 46.2718];
HighestPossibleCritFunctionValue = 1.1;
