NumDevices = 64;
NumSlotes = 512;


GivenBandwidthOld = [0.0127949, 0.00918372, 0.015737, 0.0165981, 0.00905148, 0.0132994, 0.00844381, 0.010035, 0.0130889, 0.0101747, 0.0118973, 0.0126866, 0.0089302, 0.0148473, 0.0132283, 0.0131748, 0.0136397, 0.0172297, 0.0138955, 0.0159401, 0.0109957, 0.00942424, 0.00824494, 0.00765784, 0.0102732, 0.0169736, 0.00961925, 0.0157419, 0.0087867, 0.0131337, 0.0125905, 0.0128042, 0.0151787, 0.0129841, 0.00921192, 0.00972148, 0.0138925, 0.0163769, 0.011914, 0.0142596, 0.015757, 0.0126584, 0.0145901, 0.0104758, 0.011197, 0.0134982, 0.00888065, 0.0120022, 0.0166186, 0.0139121, 0.0151885, 0.00846863, 0.0173426, 0.0113445, 0.012434, 0.012573, 0.0100502, 0.00820623, 0.0171855, 0.0119257, 0.00983444, 0.0124832, 0.0102879, 0.0136397];
GivenLatency = [95.2649, 122.449, 68.4838, 72.2205, 129.217, 77.8513, 127.907, 96.7064, 76.0621, 89.5471, 79.8885, 72.4493, 119.059, 72.69, 71.1398, 79.7359, 81.584, 57.9231, 84.0142, 65.931, 90.7903, 96.9185, 132.426, 121.791, 119.047, 56.8799, 116.683, 59.8824, 126.679, 73.2323, 92.129, 80.4505, 71.7214, 87.3358, 112.582, 101.33, 77.9229, 57.7935, 84.4228, 70.3003, 64.6616, 97.856, 64.4935, 100.692, 84.824, 88.5689, 120.461, 81.9861, 60.7916, 87.2587, 60.5199, 116.453, 59.5486, 94.6353, 87.4009, 96.5952, 114.422, 118.068, 67.6251, 101.66, 112.793, 76.7935, 106.048, 82.2952];
HighestPossibleCritFunctionValue = 1.1;
