NumDevices = 32;
NumSlotes = 256;


GivenBandwidthOld = [0.0325973, 0.0334674, 0.0164403, 0.021468, 0.0226307, 0.0240866, 0.0331189, 0.019912, 0.0301591, 0.0347859, 0.0172603, 0.0240946, 0.0286557, 0.0260655, 0.0329047, 0.0194246, 0.0189671, 0.0305251, 0.0254375, 0.0180776, 0.0208891, 0.0336088, 0.032605, 0.0224799, 0.0300629, 0.0165049, 0.0273464, 0.0203689, 0.0307925, 0.0193608, 0.026966, 0.0277005];
GivenLatency = [26.4307, 30.326, 59.613, 48.4571, 38.9059, 44.9615, 34.0826, 48.8602, 32.3728, 25.0421, 51.2245, 34.9132, 32.6532, 32.5823, 31.4822, 55.7196, 55.7466, 34.3689, 33.5931, 46.6424, 42.2795, 28.6472, 30.239, 41.8885, 31.9525, 58.6972, 42.2279, 45.2372, 31.8563, 52.7517, 32.406, 35.2142];
HighestPossibleCritFunctionValue = 1.1;
