NumDevices = 32;
NumSlotes = 256;


GivenBandwidthOld = [0.0174494, 0.0227706, 0.0155411, 0.0298724, 0.0346604, 0.0265159, 0.0230147, 0.0178783, 0.0307612, 0.03366, 0.033229, 0.0306302, 0.0324122, 0.0223208, 0.0154675, 0.0328474, 0.0160193, 0.0271372, 0.0252731, 0.0342071, 0.0283131, 0.0274836, 0.0264914, 0.0317387, 0.0218499, 0.0208556, 0.0308814, 0.0335924, 0.0166303, 0.0159484, 0.0342948, 0.022169];
GivenLatency = [57.102, 41.7703, 74.1608, 33.7565, 26.5966, 42.4017, 45.385, 60.2109, 28.4403, 25.0992, 32.9616, 31.1991, 32.8561, 39.9633, 67.7812, 27.2146, 52.9237, 35.8958, 43.1056, 25.0309, 32.0959, 31.5348, 40.4309, 30.3141, 51.2897, 51.8546, 28.0682, 33.9374, 58.7336, 60.3126, 26.745, 50.3591];
HighestPossibleCritFunctionValue = 1.1;
