NumDevices = 128;
NumSlotes = 1024;


GivenBandwidthOld = [0.00515029, 0.0084437, 0.00585063, 0.0040194, 0.00663082, 0.00668583, 0.00626966, 0.00660521, 0.0063314, 0.00425969, 0.00504968, 0.00753972, 0.00760068, 0.00705167, 0.00494447, 0.0042657, 0.00611163, 0.0056557, 0.00790421, 0.00849845, 0.00594501, 0.00533355, 0.00847603, 0.00413895, 0.00578926, 0.0075372, 0.00518915, 0.00654315, 0.00814521, 0.00397505, 0.0061499, 0.00378224, 0.00554149, 0.00826018, 0.00636048, 0.00812234, 0.0046255, 0.00825081, 0.00387558, 0.00436878, 0.00864845, 0.00706195, 0.00771968, 0.00708057, 0.00565059, 0.0070208, 0.00608417, 0.0041594, 0.00453913, 0.0065834, 0.00470665, 0.00722399, 0.0060745, 0.00654654, 0.00525371, 0.00666517, 0.00407161, 0.00398262, 0.00844301, 0.00421047, 0.0078671, 0.00483512, 0.00634462, 0.00655745, 0.00860739, 0.0068737, 0.00376629, 0.00750528, 0.00379559, 0.00496082, 0.00408149, 0.0051852, 0.00516571, 0.00762183, 0.00755816, 0.00742527, 0.0039861, 0.00684765, 0.00587369, 0.00658622, 0.00708385, 0.00582834, 0.00433859, 0.0061729, 0.00537224, 0.00376318, 0.00530242, 0.00530645, 0.00801112, 0.0053703, 0.00611576, 0.00502301, 0.0041511, 0.00503855, 0.00548629, 0.00553356, 0.00505303, 0.00874495, 0.00385698, 0.00678512, 0.00503988, 0.00783652, 0.00588743, 0.00750794, 0.00844569, 0.00422289, 0.00667107, 0.00817308, 0.00754036, 0.00839136, 0.00609245, 0.0083385, 0.00772159, 0.00426788, 0.00782344, 0.00613926, 0.00501548, 0.00765752, 0.00751076, 0.00580039, 0.0046561, 0.00756986, 0.00418031, 0.00595308, 0.00598171, 0.00707, 0.00792627, 0.00431253];
GivenLatency = [190.657, 114.294, 169.517, 322.017, 160.839, 170.257, 171.865, 164.964, 169.117, 247.737, 226.599, 142.094, 154.062, 165.079, 254.446, 256.142, 189.963, 193.811, 149.566, 120.674, 181.278, 181.878, 119.845, 278.208, 166.226, 140.842, 223.885, 169.228, 121.722, 310.653, 176.785, 252.686, 230.08, 123.635, 161.084, 157.61, 241.696, 149.235, 262.654, 295.256, 149.001, 172.447, 124.311, 165.204, 182.849, 152.628, 171.22, 281.07, 254.263, 164.181, 209.576, 173.437, 183.72, 185.873, 181.767, 180.794, 299.737, 241.944, 149.327, 256.729, 131.632, 237.781, 203.895, 149.313, 136.807, 179.556, 263, 150.89, 297.163, 204.698, 279.351, 219.943, 205.817, 164.656, 152.698, 155.818, 239.45, 144.687, 208.224, 181.058, 141.471, 192.08, 274.048, 196.087, 192.757, 264.048, 193.054, 193.058, 159.277, 187.66, 171.567, 204.529, 254.116, 253, 213.018, 213.216, 237.998, 143.247, 275.876, 159.309, 212.316, 146.255, 180.09, 137.466, 121.738, 239.829, 150.521, 137.531, 147.193, 123.058, 181.47, 130.271, 167.859, 255.942, 160.778, 181.953, 202.317, 160.653, 148.485, 181.012, 233.796, 141.228, 262.145, 172.189, 180.111, 171.276, 144.164, 245.701];
HighestPossibleCritFunctionValue = 1.1;
