NumDevices = 64;
NumSlotes = 512;


GivenBandwidthOld = [0.0117456, 0.0130789, 0.00979932, 0.0146301, 0.0174157, 0.0100667, 0.00842397, 0.0116556, 0.0123331, 0.0124345, 0.0163069, 0.0121448, 0.0109655, 0.0153002, 0.0185243, 0.0173384, 0.0119227, 0.0143687, 0.0119638, 0.0187175, 0.0146186, 0.011963, 0.0169187, 0.00757964, 0.00853934, 0.0131277, 0.0168369, 0.00760591, 0.0126139, 0.0184992, 0.00807245, 0.016193, 0.0102036, 0.00936068, 0.0175056, 0.00945766, 0.00995346, 0.0177524, 0.019533, 0.00786725, 0.0173585, 0.011265, 0.0109919, 0.00861298, 0.0134385, 0.016016, 0.011704, 0.0145619, 0.00866063, 0.0142599, 0.00873689, 0.00844458, 0.0081026, 0.0104184, 0.0193252, 0.0154361, 0.0138152, 0.010394, 0.00977253, 0.0143574, 0.0100906, 0.0110211, 0.0118134, 0.0157177];
GivenLatency = [253.67, 178.461, 251.734, 184.572, 180.069, 227.685, 363.005, 255.941, 266.034, 184.537, 192.519, 207.291, 222.212, 179.225, 158.722, 167.676, 217.148, 212.316, 253.617, 141.975, 154.491, 237.9, 135.988, 379.18, 293.354, 213.581, 188.835, 351.101, 260.517, 125.11, 371.917, 166.586, 326.451, 252.664, 134.031, 258.548, 231.423, 136.817, 115.706, 340.197, 152.308, 254.766, 243.565, 315.204, 180.532, 183.174, 211.589, 225.174, 306.803, 173.589, 288.539, 325.594, 324.956, 214.752, 127.803, 184.812, 187.972, 244.598, 228.32, 167.958, 248.186, 231.705, 274.914, 163.457];
HighestPossibleCritFunctionValue = 1.1;
