NumDevices = 16;
NumSlotes = 128;


GivenBandwidthOld = [0.0461828, 0.063792, 0.0722035, 0.043971, 0.0398517, 0.0571412, 0.0418979, 0.0476399, 0.0544142, 0.0591389, 0.06706, 0.0467324, 0.0513167, 0.0495436, 0.0494793, 0.068032];
GivenLatency = [42.0272, 21.2696, 19.0892, 31.3949, 40.0017, 34.0664, 43.3523, 35.9689, 24.653, 33.4186, 24.2717, 34.823, 38.8207, 32.467, 31.5526, 21.0327];
HighestPossibleCritFunctionValue = 1.1;
