NumDevices = 128;
NumSlotes = 1024;


GivenBandwidthOld = [0.00569319, 0.00677652, 0.00801233, 0.00945944, 0.00602632, 0.00555081, 0.00739401, 0.00478726, 0.00579862, 0.00990576, 0.00738348, 0.00919708, 0.00899985, 0.00679597, 0.0098598, 0.00996188, 0.00675862, 0.00715461, 0.00632175, 0.00847542, 0.00518853, 0.00607846, 0.00689657, 0.00687621, 0.00844194, 0.0048793, 0.00884495, 0.00960981, 0.00835465, 0.00665249, 0.00466251, 0.00897611, 0.00774814, 0.00666096, 0.00956339, 0.0094256, 0.00603054, 0.00779444, 0.0098577, 0.00580783, 0.00841062, 0.00980366, 0.0039531, 0.00473313, 0.00850432, 0.00968615, 0.00381268, 0.00721633, 0.00612223, 0.00507513, 0.00649533, 0.00706067, 0.00868041, 0.00667231, 0.00651917, 0.00764673, 0.0085594, 0.00407434, 0.00491906, 0.00834152, 0.00464629, 0.00526735, 0.00591695, 0.00497232, 0.00978606, 0.00812691, 0.00391733, 0.00989254, 0.00387712, 0.00897427, 0.00806803, 0.00813955, 0.00399488, 0.00690486, 0.00867952, 0.0041291, 0.00652024, 0.00698934, 0.00979114, 0.00592792, 0.00811153, 0.00800261, 0.00854529, 0.00440889, 0.00892617, 0.00593851, 0.00483826, 0.00655454, 0.00846546, 0.00653141, 0.00720363, 0.00515908, 0.00498997, 0.0064782, 0.00652685, 0.00553549, 0.0062221, 0.00858055, 0.00958804, 0.00499346, 0.00885783, 0.00723706, 0.00446312, 0.00783881, 0.00570638, 0.00967209, 0.00503288, 0.0088684, 0.0099065, 0.00726265, 0.00955503, 0.0063281, 0.00892589, 0.0073684, 0.00568087, 0.0059042, 0.0094489, 0.00392928, 0.00434626, 0.00626204, 0.00493957, 0.00930865, 0.00919773, 0.00754663, 0.0074176, 0.00760448, 0.0047734, 0.00397484];
GivenLatency = [667.737, 522.094, 493.871, 424.119, 635.271, 731.701, 460.735, 845.158, 606.72, 415.358, 476.87, 517.714, 370.416, 568.94, 443.554, 414.853, 686.651, 527.785, 546.45, 547.017, 724.164, 801.628, 597.705, 520.793, 430.928, 949.759, 422.494, 441.416, 545.758, 593.071, 717.905, 432.511, 480.336, 639.037, 415.092, 459.347, 619.537, 442.403, 451.828, 621.623, 537.112, 381.05, 1081.77, 985.353, 563.861, 463.405, 969.914, 621.258, 575.868, 837.786, 623.451, 535.145, 405.831, 594.514, 647.677, 599.996, 478.469, 937.893, 812.193, 437.864, 788.111, 846.156, 770.573, 685.747, 346.357, 416.348, 975.934, 470.012, 1205.36, 407.232, 495.686, 431.94, 1106.8, 546.716, 395.967, 814.327, 595.18, 483.632, 344.401, 619.505, 415.123, 468.061, 565.756, 950.498, 548.913, 784.731, 841.015, 599.805, 551.834, 606.746, 503.599, 936.382, 715.643, 564.688, 530.83, 613.198, 610.236, 468.178, 446.027, 779.142, 398.049, 460.966, 1036.04, 465.737, 817.351, 385.845, 716.047, 527.075, 481.305, 611.103, 382.526, 771.423, 374.653, 546.772, 630.002, 652.241, 403.071, 1080.09, 1036.74, 637.927, 684.437, 390.284, 383.282, 443.318, 487.992, 506.41, 873.921, 1059.9];
HighestPossibleCritFunctionValue = 1.1;
