NumDevices = 64;
NumSlotes = 512;


GivenBandwidthOld = [0.006728, 0.00629782, 0.00753024, 0.00831145, 0.00683317, 0.00513293, 0.00415549, 0.00754893, 0.00369558, 0.00281411, 0.00668973, 0.00676875, 0.00355705, 0.00585749, 0.00675332, 0.00679473, 0.00271778, 0.0064787, 0.00368734, 0.00814645, 0.00864752, 0.00506507, 0.00740822, 0.00744866, 0.00589897, 0.00402207, 0.0026562, 0.00278904, 0.00421143, 0.00393509, 0.0032276, 0.00626839, 0.00665067, 0.00662991, 0.00767338, 0.00781844, 0.00830374, 0.00837632, 0.00322103, 0.00839795, 0.0043635, 0.00355179, 0.00490264, 0.00861895, 0.00612995, 0.0047627, 0.00666658, 0.00525109, 0.00254327, 0.00479486, 0.00344624, 0.00600253, 0.00704667, 0.00590305, 0.00384197, 0.00701113, 0.00853639, 0.0061107, 0.00622915, 0.0033742, 0.00767487, 0.00773814, 0.00866441, 0.00767005];
GivenLatency = [48.8548, 56.5591, 66.1736, 70.7074, 53.8309, 102.49, 82.4341, 43.6594, 90.3005, 141.947, 51.4492, 64.0656, 122.454, 84.3085, 58.7735, 92.3868, 224.21, 71.2212, 174.008, 59.0281, 52.1165, 71.9422, 70.4846, 58.5174, 63.8626, 143.182, 213.117, 139.783, 80.5517, 158.854, 126.287, 53.0074, 91.001, 78.1134, 41.6359, 51.5428, 38.0813, 44.9072, 115.853, 55.8132, 98.7243, 95.9268, 64.4692, 56.2365, 51.9227, 77.7493, 57.5864, 97.8035, 219.87, 69.2109, 151.569, 106.011, 64.2677, 78.0873, 94.114, 91.4335, 68.8827, 80.6974, 56.7098, 109.436, 51.3672, 59.842, 38.219, 66.7383];
HighestPossibleCritFunctionValue = 1.1;
