NumDevices = 16;
NumSlotes = 128;


GivenBandwidthOld = [0.0385001, 0.0413455, 0.0631762, 0.0726128, 0.0729304, 0.061781, 0.0726856, 0.047144, 0.0696397, 0.0539321, 0.0575522, 0.0499816, 0.0611402, 0.0540441, 0.0391209, 0.0757803];
GivenLatency = [40.2477, 35.3447, 28.3324, 18.4111, 24.1758, 27.2263, 21.5221, 39.4683, 21.7751, 27.1524, 26.615, 31.5406, 30.4526, 28.7194, 36.8876, 20.5215];
HighestPossibleCritFunctionValue = 1.1;
