NumDevices = 16;
NumSlotes = 128;


GivenBandwidthOld = [0.0296623, 0.0248929, 0.0152467, 0.0165618, 0.0190991, 0.0131059, 0.0101866, 0.0210993, 0.0315873, 0.0275133, 0.0312405, 0.0234047, 0.0282301, 0.0275843, 0.0244342, 0.0312401];
GivenLatency = [15.89, 14.1136, 21.1614, 27.6156, 18.5114, 44.3307, 32.903, 21.8623, 13.8281, 15.4068, 14.2609, 19.7009, 11.3432, 11.4665, 22.8625, 14.2];
HighestPossibleCritFunctionValue = 1.1;
