NumDevices = 32;
NumSlotes = 256;


GivenBandwidthOld = [0.0370033, 0.0245531, 0.023344, 0.0268976, 0.0272386, 0.0336097, 0.0381258, 0.0396714, 0.0174235, 0.0216342, 0.0167017, 0.0159949, 0.0366175, 0.0397411, 0.0384438, 0.0348967, 0.019145, 0.0305177, 0.0211961, 0.0275214, 0.0379688, 0.0261865, 0.0268859, 0.0317055, 0.0349529, 0.0392067, 0.0321067, 0.0273599, 0.0226929, 0.0348908, 0.0197668, 0.0301261];
GivenLatency = [45.4865, 91.7671, 87.518, 66.5716, 65.3438, 70.9916, 44.2437, 51.9514, 128.883, 108.618, 117.679, 148.707, 61.3885, 42.9203, 61.0265, 65.28, 90.4588, 62.5993, 97.4572, 61.9347, 45.5257, 68.8361, 78.4559, 75.1778, 65.1274, 44.7098, 53.4978, 67.421, 87.2057, 60.2745, 121.913, 61.9568];
HighestPossibleCritFunctionValue = 1.1;
