NumDevices = 128;
NumSlotes = 1024;


GivenBandwidthOld = [0.00298923, 0.00431756, 0.00155756, 0.00158174, 0.00176908, 0.00360615, 0.00425726, 0.00357015, 0.0022804, 0.00359097, 0.00210324, 0.00407089, 0.00254331, 0.00351807, 0.00191208, 0.00382033, 0.0039695, 0.00171684, 0.00373738, 0.00349137, 0.00318602, 0.00250648, 0.00323065, 0.00260549, 0.00176527, 0.00194937, 0.00243367, 0.00151012, 0.00128255, 0.00146279, 0.00262707, 0.0019694, 0.00154452, 0.00436722, 0.00166803, 0.00204789, 0.0020186, 0.00343325, 0.00144614, 0.00402775, 0.00257459, 0.00431879, 0.0034789, 0.00306756, 0.0021038, 0.00415053, 0.00364328, 0.00315255, 0.00232895, 0.00390649, 0.00198955, 0.00271546, 0.00313359, 0.00251444, 0.00268897, 0.00156619, 0.00292893, 0.00341686, 0.00410339, 0.00190259, 0.00362723, 0.00227356, 0.0042014, 0.00236469, 0.00139211, 0.00215084, 0.00419469, 0.00197562, 0.00297548, 0.00145997, 0.00207836, 0.00161953, 0.00262355, 0.0020508, 0.00399721, 0.00177307, 0.00182075, 0.00315656, 0.00410958, 0.00287121, 0.00200015, 0.00279948, 0.0027665, 0.00162008, 0.00249572, 0.00366621, 0.00425685, 0.0030366, 0.00358042, 0.00295542, 0.00173483, 0.00286307, 0.00267506, 0.00230293, 0.00417583, 0.00378997, 0.00306012, 0.00201929, 0.00260054, 0.00283409, 0.00321815, 0.00180017, 0.00415245, 0.00155716, 0.00431425, 0.00216273, 0.00400654, 0.00230748, 0.00236678, 0.00227649, 0.00348004, 0.00340351, 0.00148324, 0.00259837, 0.00394546, 0.00388034, 0.00318842, 0.00216392, 0.00215651, 0.00250516, 0.00303568, 0.00386982, 0.00128694, 0.00338485, 0.00358753, 0.00380264, 0.00344206, 0.00252946];
GivenLatency = [175.051, 112.933, 205.429, 200.3, 279.076, 89.6733, 113.984, 102.655, 173.816, 154.4, 239.831, 96.1257, 245.214, 95.1007, 288.488, 85.2773, 124.207, 244.927, 99.2904, 97.6472, 191.073, 197.845, 118.471, 229.941, 343.027, 170.757, 263.936, 306.923, 244.729, 291.984, 163.551, 206.838, 422.821, 84.9739, 201.937, 308.806, 324.219, 111.197, 295.384, 104.482, 218.277, 101.856, 99.4383, 116.894, 301.216, 93.2483, 146.095, 174.612, 193.964, 86.9174, 229.925, 195.639, 207.834, 144.758, 130.515, 260.96, 112.197, 95.7401, 131.218, 203.434, 92.9775, 182.387, 109.847, 166.305, 257.927, 187.119, 155.614, 180.454, 184.839, 285.886, 229.375, 201.822, 129.879, 224.31, 132.299, 292.348, 222.832, 141.195, 139.269, 196.984, 163.542, 170.723, 130.224, 259.287, 194.899, 91.7303, 128.757, 201.445, 151.026, 128.321, 182.624, 161.374, 158.272, 179.336, 79.0095, 94.9081, 167.914, 254.256, 218.41, 201.627, 98.6541, 237.024, 152.232, 250.628, 84.3689, 200.491, 99.1233, 257.992, 165.027, 272.894, 153.411, 134.032, 216.323, 122.116, 106.591, 85.0591, 99.8734, 144.587, 188.903, 155.432, 199.791, 110.152, 256.767, 120.207, 170.298, 114.888, 91.9452, 187.804];
HighestPossibleCritFunctionValue = 1.1;
