NumDevices = 128;
NumSlotes = 1024;


GivenBandwidthOld = [0.00756732, 0.00511697, 0.00963009, 0.00546069, 0.00535826, 0.00877861, 0.00705074, 0.00424351, 0.00450222, 0.00874395, 0.00578373, 0.00966724, 0.00481351, 0.00935894, 0.00449458, 0.00534938, 0.00947046, 0.0037821, 0.00578894, 0.00971169, 0.00806467, 0.00798462, 0.00622306, 0.0060126, 0.00622936, 0.0056703, 0.00945341, 0.00467611, 0.00631924, 0.00375744, 0.0038595, 0.00664881, 0.00527368, 0.00599826, 0.00892915, 0.00592994, 0.00443113, 0.0077754, 0.00859876, 0.00930834, 0.00394125, 0.00558544, 0.00829801, 0.0047265, 0.00956798, 0.00527434, 0.00451221, 0.00791418, 0.00985479, 0.00702866, 0.00819902, 0.00962469, 0.00835868, 0.00552149, 0.00842617, 0.00867681, 0.00865638, 0.00898569, 0.00616885, 0.0074112, 0.00630491, 0.00656562, 0.00716751, 0.00426024, 0.0044273, 0.00585401, 0.00956477, 0.00757962, 0.0056441, 0.00655495, 0.00907361, 0.00895094, 0.0097024, 0.00828656, 0.00601053, 0.00892618, 0.00613598, 0.00495107, 0.00892133, 0.0057816, 0.00516477, 0.0068176, 0.00465356, 0.00859536, 0.00847564, 0.00874698, 0.00677228, 0.00549644, 0.00612494, 0.00688561, 0.00389734, 0.00510583, 0.00992495, 0.00494798, 0.00689495, 0.00471959, 0.00586508, 0.00816688, 0.00698532, 0.00473231, 0.007111, 0.00462675, 0.00796725, 0.0081187, 0.00980217, 0.00384606, 0.00568666, 0.00940819, 0.00719637, 0.00818527, 0.0097781, 0.00544939, 0.00907051, 0.00687981, 0.00640866, 0.00661894, 0.00945436, 0.00824531, 0.00635008, 0.00955004, 0.00379349, 0.00975025, 0.00626204, 0.00484232, 0.00620163, 0.0083016, 0.00881874, 0.00653468];
GivenLatency = [568.166, 740.526, 423.337, 836.484, 702.401, 536.062, 490.28, 888.259, 812.776, 430.967, 712.222, 398.247, 976.965, 409.414, 1003.19, 917.458, 462.681, 1101.22, 636.967, 346.111, 586.603, 605.451, 741.872, 626.494, 769.794, 651.215, 416.014, 714.675, 565.483, 1134.82, 916.269, 599.766, 679.51, 594.304, 490.651, 655.245, 1106.62, 448.088, 440.803, 437.131, 1056.99, 700.632, 405.474, 1023.96, 499.832, 744.447, 918.285, 528.724, 374.018, 572.44, 550.826, 393.582, 425.569, 611.092, 528.707, 482.555, 456.712, 373.457, 550.982, 450.184, 612.082, 632.587, 590.956, 911.364, 858.664, 612.809, 462.986, 624.771, 774.935, 615.672, 389.101, 452.005, 475.115, 462.34, 621.342, 437.47, 672.708, 854.135, 482.133, 691.423, 798.09, 623.848, 825.235, 568.216, 539.197, 461.542, 610.554, 818.562, 592.032, 624.976, 939.099, 669.805, 387.487, 858.625, 640.177, 802.586, 678.235, 421.051, 588.981, 1036.67, 689.512, 1002.59, 438.948, 524.157, 505.267, 894.888, 824.305, 403.94, 480.25, 474.547, 472.463, 740.108, 478.682, 502.511, 565.544, 718.909, 406.676, 428.419, 528.141, 476.918, 1179.49, 382.77, 623.647, 883.743, 649.163, 481.993, 420.546, 528.32];
HighestPossibleCritFunctionValue = 1.1;
