NumDevices = 32;
NumSlotes = 256;


GivenBandwidthOld = [0.0254426, 0.0240965, 0.0195648, 0.0161445, 0.03034, 0.0339096, 0.0285839, 0.0191772, 0.021563, 0.0192359, 0.0269425, 0.0323443, 0.0203698, 0.0247231, 0.0313622, 0.0342153, 0.0265893, 0.0171245, 0.021324, 0.0222695, 0.0334005, 0.0317597, 0.0151607, 0.01541, 0.0255287, 0.0300339, 0.0289999, 0.0306307, 0.0195131, 0.026556, 0.0161764, 0.0261121];
GivenLatency = [45.5519, 38.0167, 46.7874, 57.3322, 27.8969, 24.811, 38.8197, 57.5409, 52.7059, 48.1443, 42.2542, 27.5406, 43.8065, 42.7355, 29.9252, 27.0669, 34.4549, 68.1551, 39.3572, 41.5883, 34.7681, 33.7538, 69.2189, 68.9788, 36.3768, 32.8809, 29.7376, 30.0521, 51.1433, 44.2629, 57.3472, 43.0471];
HighestPossibleCritFunctionValue = 1.1;
