NumDevices = 128;
NumSlotes = 1024;


GivenBandwidthOld = [0.0090975, 0.00425223, 0.00730122, 0.00793748, 0.0078045, 0.00397032, 0.00673303, 0.00821541, 0.00390334, 0.00588726, 0.00589776, 0.00746775, 0.00667438, 0.00376042, 0.0038883, 0.00933462, 0.00825995, 0.00868593, 0.00566963, 0.00444767, 0.00449553, 0.00891246, 0.0067374, 0.00675804, 0.00990252, 0.00908873, 0.00674117, 0.00757508, 0.00438249, 0.00893395, 0.00538815, 0.00481858, 0.0070972, 0.00392013, 0.00694927, 0.00508789, 0.00833943, 0.00711811, 0.00527163, 0.0090116, 0.00427625, 0.00469035, 0.00820763, 0.00434272, 0.00928668, 0.00867713, 0.00778089, 0.00720114, 0.0070112, 0.00855648, 0.00505622, 0.00744436, 0.00733755, 0.00589003, 0.00875599, 0.00824114, 0.00513205, 0.00679137, 0.00762787, 0.00412148, 0.0096808, 0.00775558, 0.0068185, 0.00727538, 0.00472694, 0.00449398, 0.0078325, 0.00589964, 0.00772529, 0.00396822, 0.00883411, 0.00868908, 0.00866838, 0.00450775, 0.00803397, 0.00447551, 0.0099051, 0.0086815, 0.00626668, 0.00790713, 0.00387902, 0.0097033, 0.0046915, 0.00871138, 0.00834955, 0.00838488, 0.0083498, 0.00637124, 0.00893241, 0.00455961, 0.00463226, 0.00688543, 0.00712132, 0.00934216, 0.00984966, 0.00824103, 0.0095224, 0.00801869, 0.00385825, 0.00436701, 0.0050256, 0.00531592, 0.00967963, 0.00678284, 0.00790971, 0.00977824, 0.00794512, 0.00482693, 0.00997199, 0.00795261, 0.00568136, 0.00780189, 0.00393536, 0.00657248, 0.00993266, 0.00942435, 0.00376899, 0.00415039, 0.00805413, 0.00581553, 0.00654875, 0.00483914, 0.00893389, 0.00439195, 0.00545237, 0.00923475, 0.00474147, 0.00483954];
GivenLatency = [380.179, 896.347, 492.661, 467.847, 443.923, 939.496, 546.714, 535.519, 854.189, 814.196, 581.826, 664.039, 540.711, 923.793, 1045.44, 398.299, 435.797, 465.035, 850.938, 812.839, 972.599, 495.558, 535.245, 622.369, 386.648, 467.224, 546.256, 556.239, 786.35, 529.821, 806.648, 888.351, 615.828, 1176.28, 564.857, 750.312, 552.305, 673.727, 833.345, 388.252, 836.555, 1009.42, 428.455, 962.877, 397.281, 445.308, 520.871, 526.705, 698.781, 396.795, 744.657, 578.274, 495.319, 586.051, 426.714, 407.698, 815.837, 537.927, 530.791, 1199.55, 432.315, 491.282, 520.651, 482.178, 995.518, 793.749, 454.1, 584.329, 483.142, 890.425, 549.277, 430.476, 533.614, 740.441, 463.302, 749.32, 410.889, 401.622, 673.043, 557.585, 981.468, 501.6, 917.452, 420.562, 448.77, 541.879, 456.441, 764.561, 404.087, 826.626, 824.87, 533.624, 473.022, 359.719, 376.454, 592.701, 503.012, 495.037, 906.598, 1114, 674.26, 853.437, 354.596, 638.578, 425.611, 353.417, 585.27, 738.479, 342.245, 599.536, 704.917, 570.324, 885.785, 607.651, 337.557, 398.328, 1254.28, 955.39, 434.384, 730.76, 698.073, 769.532, 535.771, 1046.99, 788.531, 381.807, 900.744, 731.769];
HighestPossibleCritFunctionValue = 1.1;
