NumDevices = 64;
NumSlotes = 512;


GivenBandwidthOld = [0.014573, 0.00920168, 0.00758051, 0.0105711, 0.0117043, 0.018409, 0.0177046, 0.0165011, 0.0139424, 0.00933972, 0.0152276, 0.0107875, 0.0112625, 0.0195756, 0.0112919, 0.013134, 0.0103829, 0.0107604, 0.0169437, 0.0157561, 0.0175647, 0.0150868, 0.0196086, 0.0159587, 0.010919, 0.00881007, 0.0132844, 0.0126888, 0.0149409, 0.0168469, 0.0138258, 0.0128084, 0.0135844, 0.0177852, 0.00820119, 0.0174726, 0.0163165, 0.0107138, 0.00896264, 0.0150675, 0.00760116, 0.00775495, 0.0174281, 0.0185957, 0.0180106, 0.00904731, 0.0131412, 0.0199746, 0.0176881, 0.0133052, 0.0125135, 0.0189471, 0.0116045, 0.0173857, 0.0184993, 0.0103237, 0.0155377, 0.0100745, 0.0150711, 0.0180015, 0.0180676, 0.0173373, 0.0181882, 0.0191441];
GivenLatency = [209.625, 246.558, 416.651, 256.998, 213.936, 132.448, 175.783, 142.966, 176.078, 316.707, 161.29, 270.317, 283.327, 132.066, 242.154, 172.738, 276.769, 221.169, 177.659, 195.978, 161.747, 176.036, 113.976, 143.389, 209.754, 256.178, 229.967, 176.234, 149.383, 137.491, 231.587, 255.274, 182.985, 129.568, 381.671, 132.991, 177.983, 213.531, 321.782, 154.21, 293.096, 399.318, 139.167, 125.246, 138.898, 312.551, 252.875, 126.633, 172.41, 212.481, 255.641, 118.319, 222.902, 130.454, 146.106, 228.28, 149.871, 262.717, 160.031, 132.63, 129.921, 177.54, 139.691, 161.509];
HighestPossibleCritFunctionValue = 1.1;
