NumDevices = 64;
NumSlotes = 512;


GivenBandwidthOld = [0.00465244, 0.00351969, 0.00300697, 0.00437089, 0.0028652, 0.00294206, 0.00716376, 0.0050601, 0.00502441, 0.00534178, 0.00811266, 0.00329825, 0.00621234, 0.00821157, 0.00309184, 0.00574802, 0.00444477, 0.00693661, 0.00602842, 0.00461919, 0.00714649, 0.00859345, 0.00266827, 0.00559468, 0.00853569, 0.00687726, 0.00856084, 0.00445757, 0.0032974, 0.00435643, 0.00344678, 0.00874933, 0.00381103, 0.00575118, 0.00760112, 0.0058389, 0.00681903, 0.00499927, 0.00766443, 0.00730753, 0.0026434, 0.00630132, 0.00375492, 0.00638367, 0.00664293, 0.00773218, 0.00857346, 0.0041186, 0.00628305, 0.00303808, 0.0085649, 0.00399513, 0.00617662, 0.00789177, 0.00329254, 0.00396531, 0.00500498, 0.00377312, 0.00614393, 0.00850555, 0.00651948, 0.00786665, 0.00607469, 0.00732256];
GivenLatency = [93.084, 99.2935, 122.935, 103.838, 126.006, 129.354, 78.1902, 61.9343, 94.1851, 77.374, 43.2842, 139.469, 100.623, 49.5307, 151.727, 70.1677, 116.372, 59.9174, 53.4841, 78.0772, 57.527, 42.369, 184.103, 76.0338, 70.7818, 60.3934, 68.1752, 111.896, 189.997, 102.228, 140.238, 64.9717, 106.994, 60.0573, 81.743, 77.4613, 56.7416, 94.326, 66.0379, 47.5084, 201.101, 56.613, 114.511, 53.8839, 63.8283, 50.8833, 63.0912, 115.456, 56.2178, 145.754, 54.3171, 78.0496, 60.1245, 45.8327, 185.025, 117.389, 128.756, 116.046, 98.0356, 42.5607, 70.8229, 45.9837, 79.3355, 47.2569];
HighestPossibleCritFunctionValue = 1.1;
