NumDevices = 32;
NumSlotes = 256;


GivenBandwidthOld = [0.00893585, 0.0173649, 0.00938166, 0.010099, 0.015943, 0.0107608, 0.0147363, 0.00562983, 0.0155609, 0.0149968, 0.00912342, 0.00728877, 0.00992012, 0.0100285, 0.00682796, 0.0150481, 0.00874818, 0.0131388, 0.00647904, 0.0131539, 0.00939882, 0.0109979, 0.0123978, 0.0149219, 0.0115701, 0.0168599, 0.0099414, 0.00513871, 0.0113374, 0.0170901, 0.015993, 0.0148583];
GivenLatency = [66.7718, 26.0728, 34.0382, 59.8894, 26.7424, 46.926, 30.4357, 104.356, 24.2076, 23.3005, 54.9837, 52.9103, 56.5425, 47.5736, 50.1975, 21.4987, 42.1281, 38.4232, 73.9473, 27.5656, 47.5799, 50.9334, 33.0003, 41.59, 31.3207, 19.4401, 39.6083, 100.362, 38.534, 27.7658, 20.5515, 21.2012];
HighestPossibleCritFunctionValue = 1.1;
