NumDevices = 128;
NumSlotes = 1024;


GivenBandwidthOld = [0.0066363, 0.00755726, 0.0047924, 0.00455739, 0.00478678, 0.00394485, 0.00992514, 0.00807515, 0.00903454, 0.00849367, 0.00562498, 0.00405597, 0.0087337, 0.0085408, 0.00398734, 0.00524251, 0.00703932, 0.00606443, 0.00860269, 0.0066307, 0.00712165, 0.00850688, 0.0088405, 0.00975573, 0.00448274, 0.00636169, 0.00463981, 0.00872876, 0.00682287, 0.0057799, 0.00780152, 0.00384204, 0.00687308, 0.00584649, 0.00812586, 0.00509327, 0.00511137, 0.00934866, 0.0067196, 0.00756622, 0.00540515, 0.0093532, 0.00792603, 0.00909581, 0.00707309, 0.00500213, 0.00452221, 0.00729998, 0.00571981, 0.00409417, 0.0070291, 0.00929803, 0.00567986, 0.00772875, 0.00586193, 0.0051919, 0.00647127, 0.00884503, 0.00469773, 0.00723954, 0.00863232, 0.00465256, 0.00428535, 0.00757104, 0.00518811, 0.00523674, 0.00389618, 0.0042811, 0.00497458, 0.0040865, 0.00933375, 0.00601292, 0.00532018, 0.00620115, 0.00647034, 0.00575926, 0.00459164, 0.00549318, 0.00769366, 0.00991741, 0.00938223, 0.00836411, 0.0092906, 0.00590494, 0.00932038, 0.00646577, 0.00398678, 0.00834152, 0.00467031, 0.00892394, 0.00593079, 0.00620491, 0.00721552, 0.00505791, 0.0045355, 0.00565864, 0.00721796, 0.00856309, 0.00994003, 0.00834855, 0.00401978, 0.00674802, 0.00398991, 0.00464657, 0.00985992, 0.00561315, 0.00514792, 0.00480004, 0.00802162, 0.00928637, 0.00971736, 0.00968588, 0.00560082, 0.0042012, 0.00580551, 0.00701836, 0.00381349, 0.00831005, 0.00700068, 0.00665432, 0.0041426, 0.00838492, 0.00912813, 0.00655427, 0.0038817, 0.00481523, 0.00708402, 0.00737651];
GivenLatency = [713.023, 442.535, 709.655, 859.837, 945.869, 961.554, 430.959, 560.311, 383.577, 414.555, 780.503, 827.684, 444.589, 457.685, 926.106, 908.452, 508.834, 593.595, 461.908, 705.062, 591.23, 450.369, 477.082, 455.04, 1099.94, 727.982, 758.709, 443.045, 491.379, 849.242, 539.862, 1235.68, 547.127, 796.85, 602.846, 780.827, 683.211, 529.095, 542.413, 582.07, 752.688, 499.436, 607.266, 448.505, 573.754, 725.893, 928.734, 586.861, 729.9, 1043.26, 486.441, 489.648, 839.443, 594.807, 585.673, 704.396, 612.04, 416.217, 957.867, 544.986, 462.785, 1025.1, 918.583, 460.445, 895.228, 739.43, 1152.81, 778.807, 764.774, 1006.77, 442.615, 650.695, 787.756, 625.048, 616.926, 649.826, 954.263, 647.175, 543.378, 375.352, 423.808, 510.124, 378.842, 651.95, 406.714, 723.275, 1247.56, 473.077, 839.42, 519.853, 623.181, 769.795, 501.261, 791.98, 1075.15, 700.201, 551.382, 536.927, 358.13, 592.403, 1240.76, 537.951, 841.773, 792.257, 426.201, 669.046, 747.404, 997.622, 451.054, 425.569, 353.95, 452.031, 611.024, 1069, 779.705, 566.591, 1112.88, 525.719, 479.526, 631.724, 969.219, 448.077, 537.135, 556.43, 1004.01, 939.291, 513.585, 588.746];
HighestPossibleCritFunctionValue = 1.1;
