NumDevices = 64;
NumSlotes = 512;


GivenBandwidthOld = [0.0173611, 0.0123649, 0.012027, 0.0134134, 0.0138118, 0.010187, 0.00838774, 0.00779672, 0.0144147, 0.0124089, 0.0120542, 0.00920932, 0.0159712, 0.0131876, 0.00950927, 0.0172251, 0.016798, 0.0098199, 0.00807885, 0.0161477, 0.00884453, 0.0150925, 0.0146998, 0.014225, 0.0143113, 0.0147178, 0.0174914, 0.0128408, 0.00958521, 0.0136348, 0.0156811, 0.0169736, 0.0100524, 0.0150431, 0.0139852, 0.014832, 0.0159294, 0.0100056, 0.00862774, 0.0113576, 0.011475, 0.0156263, 0.0168975, 0.010879, 0.00753629, 0.0174802, 0.0143239, 0.0162671, 0.015997, 0.0164934, 0.00941914, 0.0125476, 0.0125545, 0.00800414, 0.010586, 0.0142677, 0.0120642, 0.00870719, 0.0166796, 0.0092199, 0.0138384, 0.0164605, 0.0172049, 0.00824575];
GivenLatency = [62.9492, 97.0462, 82.0645, 68.7779, 81.3332, 100.487, 126.74, 155.557, 72.1264, 83.5787, 90.5878, 109.995, 58.1337, 94.3665, 124.537, 53.3433, 73.9316, 124.462, 141.436, 72.2749, 111.311, 62.9673, 71.5809, 83.9627, 71.8322, 80.8398, 65.79, 92.3012, 102.187, 67.8386, 73.674, 65.8806, 108.818, 69.1794, 83.9729, 62.7496, 74.7065, 99.0538, 129.866, 105.49, 81.0331, 61.8384, 73.0287, 110.814, 163.991, 54.6405, 66.6505, 68.237, 77.6524, 68.9278, 106.546, 98.397, 88.6346, 126.938, 88.3031, 73.5638, 76.1948, 139.789, 73.2524, 109.894, 67.1776, 63.2571, 62.0731, 130.306];
HighestPossibleCritFunctionValue = 1.1;
