NumDevices = 128;
NumSlotes = 1024;


GivenBandwidthOld = [0.00343592, 0.00257479, 0.00139708, 0.00135359, 0.00166216, 0.00336381, 0.00299273, 0.0038335, 0.00336066, 0.00328206, 0.00406708, 0.00412312, 0.00234113, 0.00243669, 0.00226171, 0.00189416, 0.00258683, 0.00371271, 0.00142915, 0.00287736, 0.00227394, 0.00433315, 0.00408242, 0.00252816, 0.00200982, 0.00279956, 0.00409239, 0.00139062, 0.00210736, 0.00160669, 0.00231146, 0.00370975, 0.00165146, 0.00174927, 0.00178718, 0.0015233, 0.00397077, 0.00417907, 0.00196753, 0.00136265, 0.00387936, 0.00235329, 0.00369557, 0.00387806, 0.00237208, 0.00383573, 0.0033701, 0.00256429, 0.00306976, 0.00161039, 0.00212988, 0.00187901, 0.00424384, 0.00307269, 0.00397108, 0.00323009, 0.00246094, 0.00347377, 0.00426325, 0.00433727, 0.00153569, 0.00289476, 0.00403789, 0.00414662, 0.00340676, 0.00305737, 0.00276215, 0.00343522, 0.00316768, 0.00357303, 0.0038326, 0.0039266, 0.00254411, 0.00143391, 0.00158835, 0.00346606, 0.00286182, 0.00353245, 0.0029671, 0.00427814, 0.00146882, 0.00392864, 0.0023614, 0.00237175, 0.00137275, 0.00183648, 0.00196178, 0.00161713, 0.00288268, 0.00413934, 0.00294206, 0.0022039, 0.00218453, 0.00158521, 0.00389365, 0.00179263, 0.00253518, 0.00436741, 0.00181399, 0.00203328, 0.00330421, 0.00133105, 0.00401832, 0.00346694, 0.0019309, 0.00133785, 0.00279332, 0.00232567, 0.00195175, 0.00185371, 0.00406938, 0.00224203, 0.00236811, 0.00276135, 0.0025826, 0.00135022, 0.0043603, 0.00422596, 0.00266306, 0.00365783, 0.00394516, 0.00187699, 0.00162246, 0.00184522, 0.00199115, 0.00157336, 0.00160761, 0.00214997];
GivenLatency = [148.267, 174.996, 270.877, 403.999, 200.708, 131.507, 105.54, 138.908, 105.725, 197.093, 144.696, 108.548, 180.057, 226.693, 168.109, 208.635, 143.488, 157.694, 219.938, 184.542, 242.044, 137.104, 137.879, 131.371, 267.274, 164.822, 105.305, 228.853, 160.349, 315.183, 245.195, 144.03, 190.956, 363.733, 181.047, 289.986, 155.003, 79.6201, 170.719, 341.771, 161.023, 144.383, 163.703, 139.324, 207.674, 92.2435, 144.966, 123.738, 116.927, 292.764, 148.586, 256.055, 83.1269, 102.083, 104.492, 171.795, 128.729, 160.264, 98.8271, 122.061, 283.126, 136.211, 84.8907, 136.401, 138.759, 118.67, 225.736, 128.048, 194.332, 147.168, 86.3965, 111.389, 148.881, 230.744, 203.284, 142.261, 138.776, 118.56, 214.492, 131.672, 364.865, 83.1131, 209.623, 134.391, 457.945, 228.229, 296.467, 230.934, 204.689, 114.07, 189.919, 276.239, 255.601, 270.342, 82.752, 230.041, 190.24, 89.9652, 339.377, 293.808, 194.196, 290.409, 109.349, 128.279, 236.498, 394.626, 134.352, 136.767, 163.484, 192.022, 79.759, 187.868, 135.254, 127.465, 152.818, 446.735, 132.277, 80.4967, 167.578, 86.5257, 87.8079, 192.804, 230.517, 254.91, 194.673, 248.617, 194.815, 150.446];
HighestPossibleCritFunctionValue = 1.1;
