NumDevices = 128;
NumSlotes = 1024;


GivenBandwidthOld = [0.00597903, 0.00448307, 0.00563256, 0.0063619, 0.00814064, 0.00972562, 0.00477856, 0.00946704, 0.0087464, 0.00952307, 0.00676797, 0.00802015, 0.0096494, 0.00490929, 0.00663441, 0.00703459, 0.00790598, 0.00960341, 0.00696278, 0.00712093, 0.0089349, 0.00884073, 0.00743637, 0.0043705, 0.00746716, 0.00931888, 0.00608437, 0.00621872, 0.00805631, 0.00487685, 0.00522506, 0.00760457, 0.00632424, 0.00650968, 0.00435776, 0.00580566, 0.00945246, 0.00745982, 0.00476032, 0.00917483, 0.00392474, 0.00943654, 0.00859862, 0.00704089, 0.00747769, 0.005056, 0.00375511, 0.00831844, 0.00423621, 0.00681693, 0.00592502, 0.0092586, 0.00554735, 0.00553615, 0.00478697, 0.00713332, 0.00467003, 0.00418341, 0.00684828, 0.00786619, 0.00959749, 0.00753262, 0.00946935, 0.00389654, 0.00412315, 0.00648888, 0.0047693, 0.00384643, 0.00578052, 0.00565081, 0.00698041, 0.00976595, 0.00758156, 0.00704184, 0.0047603, 0.00889768, 0.00834282, 0.00781306, 0.00415083, 0.00917109, 0.0098355, 0.00783853, 0.00720832, 0.00898447, 0.00442404, 0.00729961, 0.00584274, 0.00769828, 0.00626248, 0.006076, 0.00927887, 0.00880575, 0.00705801, 0.00772668, 0.00854755, 0.00489412, 0.00800881, 0.00664725, 0.00413698, 0.00776153, 0.00675781, 0.00603218, 0.00411405, 0.00976921, 0.00611859, 0.0064144, 0.00939233, 0.00939931, 0.00799447, 0.00929211, 0.00616577, 0.0055844, 0.00945649, 0.00645165, 0.00409515, 0.00465656, 0.0090235, 0.00412709, 0.00399481, 0.00583294, 0.00543521, 0.00828516, 0.00740155, 0.00660658, 0.00809358, 0.00632968, 0.00410275, 0.00736862];
GivenLatency = [575.315, 1092.96, 759.426, 610.296, 479.679, 355.726, 720.512, 367.098, 400.531, 511.018, 611.162, 470.714, 413.363, 830.893, 536.367, 495.028, 449.034, 361.519, 506.222, 598.082, 503.374, 392.272, 536.784, 896.357, 647.61, 462.435, 797.762, 550.617, 420.851, 727.328, 684.372, 442.939, 585.21, 518.164, 798.995, 649.828, 468.739, 485.92, 772.795, 400.246, 1083.26, 401.269, 452.007, 700.41, 468.37, 940.391, 953.91, 526.21, 1032.06, 696.475, 701.648, 373.179, 639.084, 737.423, 817.761, 650.453, 755.298, 850.836, 545.057, 557.438, 484.772, 453.953, 511.705, 958.44, 970.392, 678.136, 750.004, 1075.39, 599.527, 596.063, 576.16, 432.131, 545.229, 539.419, 881.282, 406.183, 551.584, 433.602, 1199.54, 489.108, 433.091, 614.195, 471.874, 404.467, 955.653, 650.238, 721.027, 555.391, 645.362, 707.737, 506.496, 413.172, 512.792, 573.007, 394.833, 747.812, 560.952, 551.567, 967.393, 498.008, 553.176, 689.619, 1031.44, 415.017, 567.128, 558.674, 468.034, 507.064, 423.082, 387.321, 586.08, 598.262, 461.571, 641.164, 1053.81, 775.488, 440.829, 876.986, 876.401, 686.842, 783.492, 490.509, 571.809, 601.641, 419.597, 530.223, 1034.23, 578.788];
HighestPossibleCritFunctionValue = 1.1;
