NumDevices = 128;
NumSlotes = 1024;


GivenBandwidthOld = [0.00817199, 0.00410641, 0.00388899, 0.00476274, 0.00487053, 0.00641744, 0.00546398, 0.00558097, 0.00694541, 0.00403655, 0.00472468, 0.00514001, 0.00565719, 0.00796365, 0.00763075, 0.00751628, 0.00865721, 0.00421268, 0.00503163, 0.00412203, 0.00644576, 0.00633341, 0.00809398, 0.00803467, 0.00624218, 0.00486575, 0.00608724, 0.00568728, 0.00855173, 0.00635209, 0.00713722, 0.00778304, 0.00708218, 0.00765435, 0.00408581, 0.00768563, 0.00493533, 0.00564057, 0.00850674, 0.00533343, 0.00649416, 0.00482486, 0.00385352, 0.00856429, 0.00754162, 0.00450839, 0.00503704, 0.0050628, 0.00792104, 0.0065002, 0.0063104, 0.00645228, 0.00600589, 0.00842679, 0.00653566, 0.00727085, 0.00871705, 0.00495709, 0.00630321, 0.00560214, 0.00774636, 0.00562662, 0.00409532, 0.00758724, 0.00624249, 0.00498505, 0.00626984, 0.00468458, 0.00618952, 0.00472976, 0.00553059, 0.00513695, 0.00428213, 0.00722637, 0.00605597, 0.00522954, 0.00537847, 0.00838311, 0.00746996, 0.00512353, 0.00868762, 0.00534847, 0.0043141, 0.00457561, 0.0047176, 0.00625914, 0.00493592, 0.00557466, 0.00573661, 0.00772495, 0.00569311, 0.00660698, 0.00593832, 0.0077661, 0.00731539, 0.00722928, 0.00507679, 0.00808477, 0.00831627, 0.00412367, 0.00403602, 0.00584026, 0.00475829, 0.00505149, 0.0079204, 0.00559051, 0.00723755, 0.00407933, 0.00377474, 0.00454469, 0.00509349, 0.00872241, 0.005062, 0.00454273, 0.00712052, 0.0071287, 0.00450327, 0.00401793, 0.00678327, 0.00393915, 0.00771248, 0.00623388, 0.0052677, 0.00668697, 0.0054499, 0.00389337, 0.0084066, 0.00731099];
GivenLatency = [120.119, 313.08, 257.484, 213.267, 266.612, 161.431, 210.654, 194.506, 169.236, 251.898, 271.653, 224.028, 212.481, 138.83, 124.954, 155.364, 121.232, 236.889, 207.741, 244.944, 199.455, 166.146, 155.106, 141.481, 173.656, 208.536, 209.385, 173.925, 131.012, 191.351, 153.788, 153.813, 164.772, 141.485, 237.905, 134.036, 199.344, 195.996, 151.192, 181.176, 162.273, 214.923, 270.209, 131.063, 133.996, 253.108, 255.309, 221.978, 121.291, 151.11, 170.043, 151.005, 179.837, 138.468, 196.605, 138.271, 136.144, 254.481, 170.051, 210.221, 153.901, 170.243, 292.362, 137.355, 182.965, 205.307, 172.152, 262.119, 187.684, 214.022, 221.057, 195.085, 267.328, 146.322, 178.342, 195.233, 220.288, 116.699, 163.951, 222.089, 129.934, 186.894, 224.464, 273.247, 238.429, 198.331, 193.741, 209.659, 168.885, 163.713, 193.071, 153.261, 183.641, 148.398, 162.964, 163.323, 190.578, 128.932, 116.488, 266.375, 292.796, 167.035, 227.496, 216.834, 147.326, 202.875, 146.677, 252.788, 311.374, 245.268, 187.853, 143.09, 228.337, 230.718, 151.388, 145.022, 279.169, 255.313, 161.567, 298.465, 137.045, 156.02, 180.952, 154.653, 178.737, 259.764, 127.522, 144.207];
HighestPossibleCritFunctionValue = 1.1;
