NumDevices = 16;
NumSlotes = 128;


GivenBandwidthOld = [0.0254526, 0.022173, 0.0260378, 0.0329162, 0.0119254, 0.0196232, 0.0227181, 0.0135951, 0.0328028, 0.0312833, 0.0184536, 0.0144873, 0.0273718, 0.0281228, 0.0254262, 0.0283799];
GivenLatency = [17.0064, 18.9675, 14.6393, 9.48041, 32.0408, 16.8743, 26.8396, 24.4718, 12.271, 18.8155, 20.7032, 38.8657, 16.5141, 15.9231, 14.7985, 14.8853];
HighestPossibleCritFunctionValue = 1.1;
