NumDevices = 16;
NumSlotes = 128;


GivenBandwidthOld = [0.0120005, 0.0331843, 0.0183836, 0.0133792, 0.0296817, 0.0255497, 0.0289189, 0.0301394, 0.0178184, 0.014408, 0.0207215, 0.0319889, 0.0282291, 0.0118195, 0.0145791, 0.0215495];
GivenLatency = [34.1527, 17.6505, 19.7518, 24.8196, 13.2737, 21.6312, 11.6628, 14.3048, 23.3653, 40.4972, 16.2067, 10.6807, 16.144, 37.4697, 22.3618, 19.8093];
HighestPossibleCritFunctionValue = 1.1;
