NumDevices = 16;
NumSlotes = 128;


GivenBandwidthOld = [0.0138718, 0.0333001, 0.0142421, 0.0313386, 0.0225311, 0.0198746, 0.0230058, 0.0241974, 0.0251809, 0.0306659, 0.0171601, 0.0246674, 0.0245023, 0.0252822, 0.032135, 0.0335318];
GivenLatency = [22.4263, 11.0494, 34.5396, 14.4363, 14.3006, 19.9438, 21.3878, 21.4821, 14.7214, 15.8, 17.6195, 20.3442, 24.0632, 24.5376, 11.1316, 17.5835];
HighestPossibleCritFunctionValue = 1.1;
