NumDevices = 16;
NumSlotes = 128;


GivenBandwidthOld = [0.032261, 0.031238, 0.0376878, 0.0382834, 0.0494494, 0.0660702, 0.0610406, 0.0799516, 0.0669322, 0.0493809, 0.0653865, 0.0704322, 0.0740479, 0.043311, 0.0471496, 0.0625778];
GivenLatency = [45.8652, 45.487, 37.8249, 36.7682, 35.36, 26.5677, 28.6676, 20.1914, 25.9835, 27.1993, 25.6993, 22.3736, 23.9629, 34.2653, 28.8005, 24.4294];
HighestPossibleCritFunctionValue = 1.1;
