NumDevices = 16;
NumSlotes = 128;


GivenBandwidthOld = [0.0280832, 0.0346585, 0.0204714, 0.0286474, 0.016027, 0.0312154, 0.0274977, 0.0187726, 0.0261033, 0.0336831, 0.0262326, 0.0308919, 0.0143317, 0.0130671, 0.0334471, 0.0348108];
GivenLatency = [13.9499, 12.4629, 19.6119, 17.4609, 20.8454, 13.4768, 20.1028, 24.9731, 21.6021, 15.7113, 13.2314, 15.2286, 23.7709, 33.7201, 16.127, 9.79794];
HighestPossibleCritFunctionValue = 1.1;
