NumDevices = 128;
NumSlotes = 1024;


GivenBandwidthOld = [0.00425644, 0.00550873, 0.00779406, 0.00733899, 0.00390681, 0.00432669, 0.00616087, 0.00829703, 0.00569626, 0.00456046, 0.00521671, 0.00482226, 0.00516074, 0.00400447, 0.00559506, 0.00860464, 0.00575087, 0.00738094, 0.0038842, 0.00431913, 0.00411127, 0.00566708, 0.00403025, 0.00388438, 0.00728517, 0.00430222, 0.00497208, 0.00825724, 0.00701201, 0.0084376, 0.00827088, 0.00612248, 0.00800913, 0.00692572, 0.00805493, 0.00668756, 0.00536935, 0.00514758, 0.00781617, 0.0038342, 0.00388114, 0.00782796, 0.0070109, 0.00468734, 0.0076688, 0.00700367, 0.00819607, 0.00383367, 0.00501551, 0.00813693, 0.00485797, 0.0054044, 0.00426993, 0.00722699, 0.00652527, 0.00767105, 0.00483994, 0.00737134, 0.00753961, 0.00573229, 0.00503551, 0.00428591, 0.00571971, 0.00858904, 0.00852915, 0.00694298, 0.00812459, 0.00751405, 0.0060985, 0.00502507, 0.00386844, 0.00443218, 0.00413725, 0.00729302, 0.00621599, 0.00465275, 0.00618705, 0.00833159, 0.00653487, 0.0041148, 0.00501056, 0.00496653, 0.00501795, 0.00420373, 0.00454374, 0.00409721, 0.00429491, 0.00712199, 0.00683134, 0.00682781, 0.00754256, 0.00524742, 0.00581744, 0.00625586, 0.0048026, 0.00473381, 0.00870809, 0.0043516, 0.00492313, 0.00548134, 0.00731672, 0.00453624, 0.00802669, 0.00704226, 0.00668179, 0.00828676, 0.00807767, 0.00381673, 0.00534025, 0.0060463, 0.00765319, 0.00471684, 0.00836371, 0.00643778, 0.00724133, 0.00750074, 0.00747554, 0.00383139, 0.00666329, 0.00733298, 0.00787116, 0.00817768, 0.00469122, 0.0079147, 0.00479364, 0.00419548, 0.00592222, 0.00732446];
GivenLatency = [285.171, 208.68, 153.582, 137.982, 252.177, 220.622, 159.655, 120.46, 226.823, 264.286, 242.916, 258.468, 208.918, 256.43, 204.596, 112.694, 174.007, 161.52, 324.244, 285.913, 310.425, 206.299, 309.905, 295.153, 159.25, 274.416, 211.323, 131.083, 174.95, 124.639, 133.423, 170.132, 121.474, 155.193, 158.731, 153.061, 201.506, 244.444, 153.562, 301.533, 298.552, 143.417, 158.71, 250.972, 142.759, 144.417, 153.478, 275.865, 194.191, 143.488, 217.552, 225.993, 229.042, 159.645, 159.499, 150.181, 221.059, 147.861, 133.347, 208.103, 251.033, 232.596, 203.082, 130.822, 113.113, 176.637, 139.616, 129.207, 163.999, 191.915, 284.406, 238.01, 252.814, 147.476, 160.45, 206.507, 197.847, 144.909, 177.182, 312.915, 247.369, 249.328, 213.014, 227.91, 238.671, 241.223, 225.743, 180.854, 164.842, 164.31, 134.14, 226.563, 169.589, 176.527, 202.937, 229.103, 136.648, 266.884, 248.922, 186.353, 156.006, 261.368, 159.098, 168.807, 158.4, 152.195, 156.414, 314.859, 210.671, 177.404, 131.6, 207.266, 126.718, 148.439, 143.885, 129.603, 146.205, 281.176, 143.034, 170.141, 140.385, 136.334, 204.782, 135.007, 224.804, 249.282, 165.394, 136.452];
HighestPossibleCritFunctionValue = 1.1;
