NumDevices = 32;
NumSlotes = 256;


GivenBandwidthOld = [0.00765952, 0.0160499, 0.00865981, 0.0154264, 0.0159618, 0.0144793, 0.0112687, 0.0125241, 0.0119206, 0.00648944, 0.0130906, 0.0091354, 0.00867084, 0.0133428, 0.0105851, 0.0115688, 0.0062066, 0.0093374, 0.0162437, 0.0147533, 0.0168141, 0.0151102, 0.0142418, 0.00693617, 0.00870987, 0.00682485, 0.0127201, 0.00729865, 0.013449, 0.00759886, 0.00896821, 0.0111461];
GivenLatency = [43.6464, 29.4683, 44.0099, 25.3936, 20.0901, 33.5046, 30.4379, 39.598, 26.5982, 91.4467, 34.8956, 48.9823, 45.6098, 26.5197, 42.0605, 42.0794, 91.4924, 59.2971, 21.9894, 34.6744, 20.8883, 35.0057, 39.7275, 44.1011, 41.2065, 63.1474, 28.9687, 59.8359, 41.2303, 57.2465, 54.3636, 31.5808];
HighestPossibleCritFunctionValue = 1.1;
