NumDevices = 32;
NumSlotes = 256;


GivenBandwidthOld = [0.0166982, 0.016477, 0.0193616, 0.0199429, 0.030507, 0.0219373, 0.0305144, 0.0260908, 0.0175859, 0.0160073, 0.0247807, 0.0184226, 0.0194538, 0.0297511, 0.0163125, 0.0346991, 0.0183734, 0.0322354, 0.0296034, 0.0343841, 0.0235873, 0.0219624, 0.0320103, 0.0267937, 0.0320333, 0.0333012, 0.0225313, 0.0337072, 0.0277184, 0.0329017, 0.0284438, 0.0244459];
GivenLatency = [51.7403, 56.6463, 52.218, 48.813, 31.4855, 47.3707, 35.4335, 41.4771, 49.8264, 67.2805, 37.0165, 49.7658, 45.2523, 29.9772, 51.8142, 27.2231, 57.1481, 35.9515, 32.3641, 27.1606, 47.7898, 39.4784, 27.6624, 38.7698, 26.18, 34.6039, 44.9371, 28.4626, 37.0777, 33.1603, 33.9099, 45.6991];
HighestPossibleCritFunctionValue = 1.1;
