NumDevices = 16;
NumSlotes = 128;


GivenBandwidthOld = [0.0504253, 0.0373737, 0.0390114, 0.0439031, 0.0597951, 0.0364338, 0.042237, 0.0566868, 0.0355038, 0.052251, 0.0417967, 0.0566822, 0.0377216, 0.0465742, 0.0334141, 0.0515191];
GivenLatency = [16.3641, 25.4633, 25.2705, 21.0692, 15.565, 23.1762, 20.8214, 17.8402, 29.6574, 15.4095, 22.5034, 14.2156, 29.377, 22.3823, 30.6815, 20.6791];
HighestPossibleCritFunctionValue = 1.1;
