NumDevices = 32;
NumSlotes = 256;


GivenBandwidthOld = [0.0230304, 0.0321983, 0.0164802, 0.0172065, 0.0241345, 0.0385394, 0.0160121, 0.0251442, 0.0335503, 0.0153617, 0.019194, 0.0278003, 0.0244069, 0.0168413, 0.0372019, 0.0372839, 0.016121, 0.0298871, 0.0226928, 0.0326286, 0.0237691, 0.0224077, 0.0164449, 0.0241076, 0.0360312, 0.0365621, 0.0343834, 0.0167627, 0.0161221, 0.0243752, 0.0333622, 0.0276611];
GivenLatency = [76.9544, 52.1329, 107.181, 138.233, 97.503, 60.5373, 151.794, 75.1969, 50.4438, 148.935, 119.176, 75.183, 101.423, 106.045, 51.9846, 64.854, 112.976, 64.8152, 73.6201, 52.9141, 91.854, 106.254, 129.605, 90.9957, 52.2404, 63.0904, 56.5612, 104.911, 141.325, 84.6162, 58.6956, 85.1079];
HighestPossibleCritFunctionValue = 1.1;
