NumDevices = 64;
NumSlotes = 512;


GivenBandwidthOld = [0.00828913, 0.00664598, 0.00276569, 0.00548305, 0.00730561, 0.00793657, 0.00610611, 0.00409569, 0.0086936, 0.00455651, 0.00373108, 0.00578896, 0.00500026, 0.00569177, 0.00279186, 0.00780005, 0.00547256, 0.00605196, 0.00657291, 0.00589268, 0.00453283, 0.00578305, 0.0056878, 0.00478968, 0.00391853, 0.00628383, 0.00351239, 0.00529953, 0.0041356, 0.0045325, 0.00651898, 0.00573916, 0.00555993, 0.00571809, 0.00762671, 0.00456767, 0.00376517, 0.00374933, 0.00624977, 0.00613914, 0.00310046, 0.00700499, 0.00533348, 0.00609624, 0.0069227, 0.00349396, 0.00795078, 0.00749267, 0.00814241, 0.00315202, 0.00476168, 0.00836899, 0.00510251, 0.00539034, 0.00536125, 0.00403053, 0.00737889, 0.00828752, 0.00455515, 0.00592837, 0.00432787, 0.00472365, 0.00663365, 0.00798812];
GivenLatency = [63.8125, 59.0593, 121.44, 67.3274, 44.9314, 56.9839, 90.6969, 87.6498, 39.2859, 71.1081, 141.681, 99.896, 70.2357, 67.688, 168.351, 59.045, 88.4471, 99.596, 91.399, 70.5738, 72.3124, 61.5999, 74.1216, 97.9633, 140.775, 101.777, 134.829, 98.904, 76.7191, 70.1821, 61.836, 73.6559, 80.4156, 110.785, 57.0731, 77.7496, 110.575, 122.769, 96.8294, 58.189, 184.676, 66.2934, 96.7174, 65.0178, 50.6804, 93.8058, 67.9187, 44.0075, 79.1775, 101.527, 82.1361, 72.4665, 84.3313, 76.1605, 120.975, 130.214, 66.8941, 38.0572, 81.1531, 83.6539, 148.059, 79.9435, 63.7138, 67.2131];
HighestPossibleCritFunctionValue = 1.1;
