NumDevices = 128;
NumSlotes = 1024;


GivenBandwidthOld = [0.00466816, 0.0039809, 0.00942952, 0.00939242, 0.00468044, 0.0042185, 0.00902833, 0.00408095, 0.00983481, 0.0085843, 0.00389275, 0.00924119, 0.00675716, 0.00750492, 0.00651477, 0.0088153, 0.00506584, 0.00653648, 0.00488578, 0.00537312, 0.00859421, 0.00789749, 0.00430905, 0.00595099, 0.00828095, 0.00541604, 0.00492357, 0.00913105, 0.00557234, 0.00678429, 0.00734667, 0.00922372, 0.00680807, 0.00701572, 0.00948449, 0.00837901, 0.00970297, 0.00525803, 0.00554174, 0.00498711, 0.00827564, 0.00986179, 0.00582862, 0.00792615, 0.00474513, 0.00382794, 0.00749623, 0.00405954, 0.00616911, 0.00550885, 0.00844044, 0.00476717, 0.00554892, 0.00687022, 0.00774229, 0.00847637, 0.0086508, 0.00897427, 0.00798145, 0.00925277, 0.007611, 0.00808777, 0.00869195, 0.0068931, 0.00483918, 0.00954841, 0.00757465, 0.00963776, 0.0093698, 0.00570899, 0.00974115, 0.00945492, 0.00500684, 0.00863012, 0.00524819, 0.00889336, 0.00442983, 0.00458916, 0.00751504, 0.00773595, 0.00818586, 0.00727447, 0.00830563, 0.00763589, 0.0076105, 0.00585203, 0.00759516, 0.00432251, 0.00718364, 0.00667124, 0.00732687, 0.00776263, 0.00655053, 0.00983096, 0.00646872, 0.0098274, 0.00905542, 0.0094536, 0.00793735, 0.00561556, 0.0082452, 0.00461947, 0.00450664, 0.00806662, 0.00948983, 0.00435667, 0.00624225, 0.00971087, 0.00684109, 0.005651, 0.00381806, 0.00388971, 0.00804877, 0.00936858, 0.00392485, 0.00490217, 0.00582601, 0.00767258, 0.00556974, 0.00679403, 0.00859574, 0.00858637, 0.00736796, 0.0045803, 0.00854147, 0.00895776, 0.00560881, 0.00727708];
GivenLatency = [779.505, 946.239, 371.872, 359.347, 853.968, 919.115, 469.285, 976.925, 365.595, 417.5, 1173.37, 373.691, 555.725, 514.064, 533.242, 549.19, 950.973, 598.692, 694.499, 663.974, 396.853, 586.311, 1044.37, 596.896, 502.009, 734.833, 709.606, 476.98, 711.55, 606.978, 589.145, 369.967, 540.116, 550.798, 402.452, 496.957, 399.732, 668.076, 723.762, 858.101, 423.97, 496.35, 622.758, 490.102, 857.196, 1183.78, 491.441, 1136.38, 601.642, 760.349, 553.54, 720.421, 682.37, 547.957, 631.695, 425.896, 560.715, 532.101, 541.273, 386.077, 574.205, 493.56, 408.464, 484.992, 769.687, 390.126, 544.655, 400.672, 402.826, 875.458, 398.482, 457.333, 750.211, 397.153, 949.122, 554.853, 1065.01, 821.435, 533.805, 538.775, 495.33, 529.694, 428.202, 551.22, 512.917, 636.932, 639.816, 811.412, 547.196, 585.909, 549.73, 524.774, 741.804, 347.581, 606.047, 467.36, 502.674, 367.811, 469.338, 637.258, 435.231, 750.478, 838.357, 494.818, 370.632, 848.172, 694.177, 436.397, 526.427, 619.035, 1202.05, 1063.34, 423.933, 421.388, 853.941, 855.666, 580.934, 557.398, 830.598, 498.081, 499.554, 495.704, 573.701, 1079.11, 393.139, 387.907, 701.552, 470.79];
HighestPossibleCritFunctionValue = 1.1;
