NumDevices = 32;
NumSlotes = 256;


GivenBandwidthOld = [0.0309455, 0.0360751, 0.0241794, 0.018379, 0.0304874, 0.0361606, 0.0361366, 0.0330674, 0.0245367, 0.0237061, 0.0383356, 0.0164156, 0.0313028, 0.0165292, 0.0162283, 0.0333303, 0.017252, 0.0387708, 0.0304409, 0.0309905, 0.0180331, 0.0176455, 0.027866, 0.0281981, 0.0356383, 0.0332571, 0.0377747, 0.0151727, 0.016835, 0.0304361, 0.0250856, 0.0244366];
GivenLatency = [78.4076, 64.6533, 73.6417, 112.373, 57.9816, 68.1335, 52.7625, 60.5886, 70.4643, 93.6161, 64.0034, 120.507, 56.821, 131.076, 109.188, 56.9047, 141.982, 53.2022, 66.6969, 78.2398, 138.624, 114.364, 75.8849, 77.4815, 48.09, 50.37, 57.0984, 135.521, 111.197, 70.341, 99.0795, 82.7984];
HighestPossibleCritFunctionValue = 1.1;
