NumDevices = 128;
NumSlotes = 1024;


GivenBandwidthOld = [0.00603588, 0.00760095, 0.00664019, 0.00423428, 0.00811005, 0.00809747, 0.00675933, 0.00648556, 0.00528649, 0.00753987, 0.00502333, 0.00457399, 0.00757196, 0.00441404, 0.00420997, 0.00447183, 0.00556516, 0.00607156, 0.00714744, 0.00451949, 0.00654412, 0.00447692, 0.00611215, 0.00433401, 0.00423828, 0.00523799, 0.00743705, 0.00694859, 0.00746459, 0.00479686, 0.00832488, 0.00375329, 0.00408028, 0.00473928, 0.00558646, 0.00405391, 0.00660751, 0.00498356, 0.00624937, 0.00561046, 0.00753275, 0.00548376, 0.00797478, 0.00466102, 0.00523154, 0.0040641, 0.00780781, 0.00844933, 0.00532935, 0.00780951, 0.00696153, 0.00498764, 0.00478077, 0.00796389, 0.00664642, 0.00389769, 0.00597, 0.00530212, 0.00523731, 0.00598574, 0.00480311, 0.00842531, 0.00668333, 0.00428612, 0.00424063, 0.00480917, 0.0052515, 0.00446433, 0.00444936, 0.00787279, 0.00553044, 0.0076839, 0.0057355, 0.00407221, 0.00405187, 0.00733048, 0.0059059, 0.00795383, 0.00750743, 0.00485457, 0.00821978, 0.00737482, 0.00604352, 0.00595235, 0.00860814, 0.00451156, 0.00835583, 0.00386746, 0.00785562, 0.00684045, 0.00499639, 0.00689057, 0.00733322, 0.00687204, 0.00595266, 0.00390996, 0.00715539, 0.00806924, 0.00722633, 0.00536526, 0.00636205, 0.00443076, 0.00521572, 0.00809742, 0.00588054, 0.00676502, 0.00714289, 0.0080098, 0.00825407, 0.00874175, 0.00516723, 0.0080893, 0.00441304, 0.00748001, 0.00403438, 0.00840422, 0.00720355, 0.00759006, 0.00860443, 0.00709071, 0.00610355, 0.00494317, 0.00741193, 0.00485735, 0.0050244, 0.00767458, 0.00422224, 0.00573505];
GivenLatency = [179.569, 133.823, 151.06, 291.881, 145.831, 138.976, 162.745, 166.099, 202.087, 147.492, 214.427, 265.516, 137.486, 251.126, 255.54, 234.739, 228.436, 165.32, 152.283, 229.057, 168.457, 216.152, 175.192, 221.233, 273.452, 207.332, 158.973, 141.274, 142.949, 206.001, 145.575, 277.187, 242.074, 236.232, 231.481, 307.099, 166.014, 253.928, 162.297, 208.587, 153.726, 197.215, 134.088, 237.531, 237.98, 267.665, 163.249, 145.226, 217.898, 135.597, 165.133, 209.675, 206.257, 129.819, 158.236, 268.016, 177.093, 195.625, 211.111, 160.073, 268.102, 113.901, 173.91, 297.893, 250.284, 238.344, 190.301, 225.701, 217.186, 130.15, 177.67, 126.363, 211.419, 311.548, 282.678, 171.785, 189.378, 125.368, 127.793, 241.755, 147.59, 163.287, 181.43, 187.043, 113.148, 238.956, 147.176, 296.936, 132.492, 166.992, 239.852, 156.822, 135.92, 161.866, 217.134, 258.766, 143.655, 118.947, 168.5, 178.591, 187.144, 232.217, 187.084, 126.137, 211.821, 158.538, 156.558, 152.199, 133.494, 138.547, 216.679, 143.623, 222.615, 146.748, 263.52, 122.625, 154.345, 166.04, 144.833, 137.955, 179.892, 236.795, 148.951, 218.898, 235.521, 151.733, 234.088, 188.671];
HighestPossibleCritFunctionValue = 1.1;
