NumDevices = 32;
NumSlotes = 256;


GivenBandwidthOld = [0.0310264, 0.0214323, 0.0226318, 0.0320078, 0.0392654, 0.018981, 0.0228705, 0.0191807, 0.0298583, 0.0389739, 0.0186333, 0.0295439, 0.029759, 0.0197392, 0.0169496, 0.0323681, 0.0202119, 0.0369353, 0.0322283, 0.0216702, 0.0202582, 0.0398907, 0.0284262, 0.0196761, 0.0304079, 0.0255897, 0.0211478, 0.0153842, 0.0221927, 0.0280458, 0.0258188, 0.021778];
GivenLatency = [59.6764, 97.2683, 82.8076, 59.2891, 54.4819, 112.408, 98.5533, 115.78, 56.7053, 62.4482, 100.99, 71.1451, 70.6539, 106.376, 100.25, 61.8417, 85.0623, 61.7572, 52.896, 89.6629, 83.5395, 51.0793, 76.3299, 88.2219, 74.7875, 75.6622, 90.431, 113.203, 92.977, 80.1114, 84.9875, 96.518];
HighestPossibleCritFunctionValue = 1.1;
