NumDevices = 32;
NumSlotes = 256;


GivenBandwidthOld = [0.00997856, 0.0171093, 0.0137318, 0.00966618, 0.0169762, 0.0132322, 0.0129586, 0.014781, 0.00601282, 0.014987, 0.00600756, 0.0141252, 0.00985076, 0.00669123, 0.0169657, 0.0122294, 0.0102753, 0.0161632, 0.0119198, 0.00642597, 0.00876776, 0.0173018, 0.0115803, 0.0129158, 0.00837728, 0.0170225, 0.0166482, 0.0142995, 0.0146051, 0.0134559, 0.0106975, 0.0122142];
GivenLatency = [58.2549, 30.6161, 25.6678, 34.078, 21.8678, 35.0467, 35.7347, 43.2075, 57.9376, 22.6964, 71.2538, 24.1611, 46.2206, 51.4863, 30.1436, 32.7077, 42.1198, 29.7741, 47.9938, 82.4992, 47.8297, 24.1135, 32.5733, 41.9295, 37.9304, 29.1273, 29.2665, 29.1541, 28.5441, 31.0215, 35.4354, 47.0664];
HighestPossibleCritFunctionValue = 1.1;
