NumDevices = 16;
NumSlotes = 128;


GivenBandwidthOld = [0.0420168, 0.0459558, 0.0491292, 0.0350011, 0.0326916, 0.0681432, 0.0521649, 0.055503, 0.0583317, 0.0505251, 0.0450606, 0.0538755, 0.0547148, 0.0623117, 0.0421987, 0.0535003];
GivenLatency = [39.7896, 39.2871, 29.971, 51.8369, 47.702, 19.9843, 32.8169, 33.4019, 23.1186, 37.6929, 32.7475, 36.8819, 29.7305, 22.0739, 35.6312, 27.9764];
HighestPossibleCritFunctionValue = 1.1;
