NumDevices = 32;
NumSlotes = 256;


GivenBandwidthOld = [0.0171802, 0.00577907, 0.0113598, 0.00729353, 0.0148313, 0.0141144, 0.0149702, 0.0122201, 0.0161258, 0.00841081, 0.00553289, 0.0113454, 0.0153506, 0.00531194, 0.01036, 0.0157889, 0.00823662, 0.0153945, 0.017466, 0.00896276, 0.00712349, 0.00692042, 0.00649506, 0.00752448, 0.00888514, 0.014994, 0.0124328, 0.015008, 0.0102439, 0.0143384, 0.0173834, 0.00809733];
GivenLatency = [23.2093, 84.613, 31.4727, 58.8596, 34.3905, 36.3886, 21.3051, 28.968, 33.8426, 46.2992, 88.1914, 27.8016, 24.5395, 77.4215, 41.792, 32.9639, 68.0708, 25.003, 33.9787, 49.9663, 46.9046, 55.3501, 65.6624, 61.2968, 51.4318, 31.8767, 30.5448, 28.5594, 61.9681, 26.8409, 23.0629, 46.4266];
HighestPossibleCritFunctionValue = 1.1;
