NumDevices = 16;
NumSlotes = 128;


GivenBandwidthOld = [0.0726279, 0.0774737, 0.070495, 0.0790636, 0.0423047, 0.0347158, 0.0387164, 0.077241, 0.0602601, 0.0615844, 0.0688531, 0.0339888, 0.0699821, 0.0597943, 0.0332687, 0.067262];
GivenLatency = [24.4236, 18.2091, 19.8161, 22.628, 39.0545, 51.3341, 35.6461, 18.6138, 30.9215, 27.0334, 27.6555, 43.1695, 26.4243, 26.2211, 49.6, 28.5133];
HighestPossibleCritFunctionValue = 1.1;
