NumDevices = 16;
NumSlotes = 128;


GivenBandwidthOld = [0.0491679, 0.0657468, 0.0669695, 0.0561322, 0.0345366, 0.0358442, 0.0539126, 0.0492174, 0.0567091, 0.0495335, 0.0494226, 0.0655255, 0.0667909, 0.0554541, 0.0362897, 0.0607859];
GivenLatency = [18.8235, 14.0122, 15.5734, 15.6434, 25.1412, 28.1627, 16.4468, 21.0393, 17.6986, 15.7304, 18.7509, 14.0854, 15.1533, 17.053, 26.7134, 17.0087];
HighestPossibleCritFunctionValue = 1.1;
