NumDevices = 16;
NumSlotes = 128;


GivenBandwidthOld = [0.0330189, 0.0688446, 0.0408359, 0.0491454, 0.0572855, 0.0678407, 0.0684458, 0.0383771, 0.0739912, 0.0407475, 0.0633022, 0.0398225, 0.0673772, 0.078115, 0.0488639, 0.0754036];
GivenLatency = [40.9213, 27.4515, 38.9297, 27.1559, 26.1418, 28.58, 23.0852, 51.233, 23.2422, 41.8178, 23.3587, 39.8685, 20.2229, 21.767, 35.988, 17.8299];
HighestPossibleCritFunctionValue = 1.1;
