NumDevices = 64;
NumSlotes = 512;


GivenBandwidthOld = [0.0176236, 0.0178708, 0.010345, 0.0107953, 0.0157828, 0.0163833, 0.00933505, 0.0116303, 0.0136079, 0.0128637, 0.0182944, 0.0172143, 0.0131354, 0.00894401, 0.0144831, 0.0103761, 0.00801199, 0.0125138, 0.0112433, 0.00874955, 0.00871725, 0.0157664, 0.015906, 0.0117011, 0.0151915, 0.0153412, 0.00782137, 0.00874157, 0.0119979, 0.0170264, 0.0179823, 0.0089324, 0.0193576, 0.00990541, 0.010295, 0.00842154, 0.008374, 0.00937087, 0.0136667, 0.0129326, 0.0127837, 0.0111744, 0.0133021, 0.0112434, 0.0106181, 0.0133642, 0.0165371, 0.018625, 0.00987902, 0.0166972, 0.00974337, 0.0117725, 0.0157585, 0.0199269, 0.0156474, 0.0161412, 0.0144088, 0.0109489, 0.0113708, 0.0137162, 0.00783699, 0.00881596, 0.0123575, 0.00975086];
GivenLatency = [156.526, 134.117, 234.525, 220.46, 202.388, 157.166, 238.167, 222.595, 197.727, 176.837, 127.254, 179.126, 231.331, 333.818, 213.288, 219.621, 398.52, 177.999, 283.709, 334.439, 260.124, 154.466, 143.59, 229.27, 200.858, 159.936, 425.201, 287.356, 216.917, 153.854, 140.464, 278.981, 166.63, 306.152, 223.932, 367.996, 301.098, 292.881, 231.447, 175.529, 186.277, 241.029, 231.01, 226.386, 293.034, 172.331, 192.196, 122.7, 242.551, 142.995, 307.85, 267.163, 145.061, 135.189, 156.629, 161.677, 193.398, 227.969, 276.455, 173.673, 345.575, 356.244, 215.608, 262.57];
HighestPossibleCritFunctionValue = 1.1;
