NumDevices = 64;
NumSlotes = 512;


GivenBandwidthOld = [0.0132411, 0.0100096, 0.0109172, 0.0146505, 0.0116911, 0.00970421, 0.0162279, 0.00933938, 0.0094143, 0.0186627, 0.0195743, 0.0149907, 0.0159476, 0.0104874, 0.0162301, 0.00853448, 0.0190647, 0.0125566, 0.0195153, 0.0115984, 0.0139365, 0.0112272, 0.0127848, 0.0166277, 0.0169112, 0.0195723, 0.0185882, 0.0172684, 0.0104626, 0.0116223, 0.0165963, 0.0136874, 0.011012, 0.00886318, 0.0184452, 0.0128826, 0.00984036, 0.0169589, 0.00766729, 0.0190785, 0.00812504, 0.0125482, 0.0155877, 0.0132671, 0.009621, 0.0177207, 0.0125061, 0.0193073, 0.0151172, 0.0178764, 0.0159921, 0.00908839, 0.016146, 0.00765843, 0.00766455, 0.0106783, 0.0120167, 0.0195645, 0.0128278, 0.0141539, 0.014811, 0.00927945, 0.0147429, 0.0147639];
GivenLatency = [180.57, 329.004, 218.92, 161.353, 193.863, 268.147, 195.789, 302.552, 285.525, 131.832, 114.13, 150.35, 171.112, 249.562, 146.584, 267.293, 160.196, 222.597, 157.63, 209.324, 224.457, 214.151, 212.942, 191.922, 141.053, 142.248, 172.382, 137.939, 285.378, 213.998, 199.585, 178.032, 258.246, 335.441, 167.61, 220.03, 231.025, 150.85, 386.446, 146.17, 306.957, 191.406, 211.239, 212.621, 248.181, 145.712, 246.187, 133.267, 170.809, 147.405, 187.628, 263.279, 144.694, 329.149, 353.515, 229.141, 203.358, 136.36, 214.698, 178.011, 163.178, 254.504, 220.856, 167.898];
HighestPossibleCritFunctionValue = 1.1;
