NumDevices = 128;
NumSlotes = 1024;


GivenBandwidthOld = [0.00424067, 0.0029108, 0.00189012, 0.00348446, 0.00265663, 0.00177225, 0.0037205, 0.00412116, 0.00363845, 0.00328516, 0.00310652, 0.00371893, 0.00286596, 0.0013374, 0.001402, 0.00270911, 0.00259789, 0.00218084, 0.00219734, 0.00132196, 0.00131304, 0.00145214, 0.00166616, 0.00184944, 0.00408506, 0.00317974, 0.00320385, 0.00208664, 0.00321865, 0.0039076, 0.00197663, 0.001298, 0.00172419, 0.002237, 0.00219216, 0.00169493, 0.0041726, 0.00256407, 0.0023808, 0.00349384, 0.00412751, 0.00413675, 0.00323976, 0.00259646, 0.0031005, 0.00260339, 0.00396276, 0.00405417, 0.00281178, 0.00325193, 0.00394517, 0.00202403, 0.00413866, 0.00403021, 0.00325551, 0.00156283, 0.00280332, 0.0016257, 0.00311982, 0.00233215, 0.00138067, 0.00374442, 0.00315847, 0.00188902, 0.00383535, 0.00320126, 0.00227524, 0.00426723, 0.00246313, 0.00287532, 0.00238385, 0.00155782, 0.00293225, 0.00290323, 0.00275965, 0.0020852, 0.00401487, 0.0015911, 0.00292975, 0.00151658, 0.00347057, 0.00355085, 0.00293108, 0.00203945, 0.00385351, 0.00215591, 0.00187784, 0.00341794, 0.00339165, 0.00226881, 0.00249636, 0.00196418, 0.00133499, 0.00149083, 0.00199259, 0.00379318, 0.00392146, 0.00362901, 0.00408557, 0.00243566, 0.00370161, 0.00238595, 0.00258413, 0.00211702, 0.00141732, 0.00397576, 0.00373395, 0.00218835, 0.0033928, 0.00278598, 0.00404771, 0.00364776, 0.00350429, 0.00160997, 0.00125072, 0.00392751, 0.00217452, 0.00212611, 0.00422004, 0.00301102, 0.00190996, 0.00249591, 0.00380317, 0.00297378, 0.00412609, 0.00215556, 0.00222028, 0.00249595];
GivenLatency = [73.7772, 129.045, 302.449, 104.377, 145.48, 209.42, 107.228, 109.17, 93.4666, 146.303, 148.809, 102.355, 159.93, 242.537, 273.259, 127.46, 125.551, 199.409, 258.009, 266.396, 369.382, 368.236, 251.859, 193.831, 150.746, 160.794, 138.613, 169.856, 105.339, 143.757, 182.86, 277.537, 283.639, 275.082, 261.365, 273.182, 83.923, 158.427, 207.03, 142.617, 76.06, 115.158, 186.13, 132.895, 144.114, 224.064, 85.1943, 110.387, 119.655, 120.479, 142.065, 246.924, 87.7396, 79.6906, 106.773, 285.065, 183.993, 269.57, 117.865, 149.467, 290.337, 122.152, 198.478, 296.683, 142.175, 171.04, 161.036, 145.445, 165.475, 143.316, 270.419, 236.109, 146.788, 146.393, 208.209, 163.148, 85.3355, 265.685, 188.498, 216.255, 151.493, 127.596, 164.615, 175.803, 157.323, 200.178, 185.396, 150.819, 102.495, 259.096, 219.976, 202.763, 402.08, 322.664, 179.663, 95.1811, 166.162, 87.9085, 95.2265, 152.09, 90.7156, 219.582, 138.958, 165.314, 419.862, 133.914, 170.003, 172.295, 95.0577, 194.92, 151.957, 113.843, 146.324, 392.355, 480.864, 89.9419, 244.796, 206.6, 77.6294, 139.139, 195.574, 129.086, 111.794, 155.573, 91.3826, 245.696, 222.032, 223.433];
HighestPossibleCritFunctionValue = 1.1;
