NumDevices = 16;
NumSlotes = 128;


GivenBandwidthOld = [0.0405273, 0.0620306, 0.0681329, 0.0304677, 0.0400453, 0.0620918, 0.0463359, 0.0375761, 0.061558, 0.0758109, 0.0744936, 0.0338585, 0.0303413, 0.0660028, 0.0785791, 0.0487753];
GivenLatency = [46.1641, 26.6769, 23.4621, 46.7888, 40.6831, 29.0874, 28.7833, 51.6839, 26.0214, 20.8278, 26.7268, 49.2569, 58.8428, 20.2791, 23.9018, 37.2084];
HighestPossibleCritFunctionValue = 1.1;
