NumDevices = 32;
NumSlotes = 256;


GivenBandwidthOld = [0.00787452, 0.0171033, 0.0123872, 0.0120495, 0.0111535, 0.0135757, 0.012565, 0.0126443, 0.00748494, 0.00689596, 0.00792754, 0.00816272, 0.0108054, 0.013155, 0.0157153, 0.00908086, 0.0170486, 0.0062684, 0.0105411, 0.00924668, 0.0163719, 0.00714843, 0.0137299, 0.0158015, 0.00856906, 0.0151781, 0.00638926, 0.0167791, 0.0133887, 0.0057472, 0.0132257, 0.0163228];
GivenLatency = [68.4182, 25.0185, 34.0538, 26.2154, 38.9734, 24.7188, 49.7496, 39.207, 68.6537, 91.9996, 49.6255, 49.1415, 38.1141, 43.6635, 29.6809, 48.6874, 20.3638, 78.6254, 32.9507, 62.2346, 21.9723, 81.1764, 27.443, 38.1388, 43.8381, 24.6561, 87.9183, 21.0893, 28.657, 77.8615, 24.1664, 18.9166];
HighestPossibleCritFunctionValue = 1.1;
