NumDevices = 16;
NumSlotes = 128;


GivenBandwidthOld = [0.0528134, 0.0550709, 0.0362281, 0.0651468, 0.0629413, 0.0337499, 0.0549133, 0.0675891, 0.0691945, 0.0517774, 0.0428537, 0.0625921, 0.044956, 0.0349521, 0.0599712, 0.0367085];
GivenLatency = [15.8736, 19.2394, 21.3587, 13.6186, 14.4168, 23.62, 17.1068, 12.4405, 15.3672, 17.7846, 19.2517, 16.7212, 21.4404, 25.1664, 17.0379, 29.8406];
HighestPossibleCritFunctionValue = 1.1;
