NumDevices = 32;
NumSlotes = 256;


GivenBandwidthOld = [0.0308593, 0.0218486, 0.0190159, 0.0294221, 0.0267166, 0.0150912, 0.0276617, 0.019927, 0.0222856, 0.024631, 0.0227148, 0.0180946, 0.0252089, 0.0162531, 0.0152161, 0.0262785, 0.0326812, 0.0221678, 0.0248638, 0.0165038, 0.0295141, 0.0341494, 0.019178, 0.0342082, 0.0274709, 0.0335737, 0.0225354, 0.0230506, 0.0214596, 0.0222895, 0.0295156, 0.0193782];
GivenLatency = [35.1359, 39.1106, 44.6765, 35.7669, 33.3251, 55.8769, 36.7721, 59.0252, 41.5451, 42.2529, 40.2235, 59.0027, 43.1485, 68.8173, 58.1906, 37.444, 33.792, 49.631, 44.4688, 52.4652, 34.8306, 30.3853, 59.1179, 27.4605, 40.7332, 32.4707, 43.1584, 48.7757, 43.2032, 42.863, 29.026, 43.3381];
HighestPossibleCritFunctionValue = 1.1;
