NumDevices = 64;
NumSlotes = 512;


GivenBandwidthOld = [0.012423, 0.00762396, 0.0108635, 0.00836662, 0.0128335, 0.0169718, 0.00925396, 0.0162238, 0.00836528, 0.0102463, 0.014969, 0.00962594, 0.00818356, 0.0161351, 0.0174658, 0.0127953, 0.0156871, 0.00837743, 0.0143966, 0.00896511, 0.011563, 0.0147693, 0.0122293, 0.012514, 0.00831614, 0.0143061, 0.00757293, 0.0131587, 0.0138113, 0.0112693, 0.00765504, 0.0133123, 0.0155219, 0.0107803, 0.0090093, 0.0142214, 0.0135696, 0.008898, 0.013689, 0.0157829, 0.0078129, 0.0163563, 0.0148875, 0.00928762, 0.0119592, 0.0139268, 0.0130015, 0.0112617, 0.0109237, 0.0103242, 0.0143243, 0.0134051, 0.0137213, 0.00877145, 0.0166855, 0.00757881, 0.0120908, 0.0145759, 0.0123624, 0.00976167, 0.00937305, 0.00794194, 0.0151876, 0.0128542];
GivenLatency = [78.5649, 125.721, 89.8868, 122.6, 82.3137, 69.6751, 98.5061, 68.3951, 117.691, 99.1223, 60.7483, 97.4502, 126.562, 74.3148, 62.0113, 84.1456, 71.3737, 111.158, 69.6409, 109.66, 79.2498, 67.5828, 85.4026, 88.0816, 131.514, 75.619, 125.188, 92.9469, 87.4828, 89.0714, 146.999, 85.9718, 58.8938, 96.1297, 136.314, 72.7755, 69.9234, 104.269, 84.3666, 59.3093, 125.317, 73.6662, 72.2798, 115.271, 81.2906, 83.5339, 75.1812, 107.802, 95.2624, 95.4602, 65.149, 91.7526, 72.8872, 112.575, 56.6833, 122.497, 85.987, 82.5402, 94.0683, 108.598, 103.616, 148.84, 72.0736, 75.7012];
HighestPossibleCritFunctionValue = 1.1;
