NumDevices = 64;
NumSlotes = 512;


GivenBandwidthOld = [0.00864997, 0.00258586, 0.00812644, 0.00349419, 0.00563964, 0.00799511, 0.00263347, 0.00816373, 0.00527289, 0.00642198, 0.00677576, 0.00277362, 0.0075055, 0.00493957, 0.00428383, 0.00830852, 0.00758325, 0.00542337, 0.00431638, 0.00539908, 0.0085346, 0.0073409, 0.00719673, 0.00289972, 0.0081476, 0.00287642, 0.00393943, 0.00745952, 0.00715716, 0.00670334, 0.00430793, 0.00708795, 0.00596934, 0.00552454, 0.00471211, 0.00636311, 0.00483104, 0.00532074, 0.00439472, 0.00331934, 0.0043372, 0.00539358, 0.0035887, 0.00651146, 0.00434789, 0.00380987, 0.00493276, 0.0087031, 0.00793421, 0.0040445, 0.00458618, 0.00865537, 0.00577152, 0.0057131, 0.005011, 0.0048317, 0.00394866, 0.00639879, 0.0044967, 0.00477728, 0.00799009, 0.00570778, 0.00314902, 0.00439557];
GivenLatency = [51.1079, 191.132, 66.592, 182.522, 72.1634, 58.5537, 186.317, 65.2369, 91.4221, 56.7442, 48.0744, 143.363, 85.2878, 93.7448, 124.765, 51.8636, 77.4116, 90.4679, 73.5073, 85.1946, 49.9495, 70.1385, 64.36, 139.843, 57.1737, 172.448, 83.4691, 66.0574, 60.5282, 75.2755, 89.8104, 82.564, 60.506, 78.2628, 72.763, 64.1493, 113.946, 69.0284, 81.0881, 103.466, 86.4368, 97.4527, 173.159, 68.0062, 147.306, 155.101, 77.4608, 62.5873, 80.2096, 83.8296, 105.874, 38.377, 77.1891, 62.1718, 65.3014, 68.1442, 85.8372, 67.0719, 85.8589, 131.03, 43.4356, 65.8008, 157.024, 77.7801];
HighestPossibleCritFunctionValue = 1.1;
