NumDevices = 64;
NumSlotes = 512;


GivenBandwidthOld = [0.0162867, 0.0110714, 0.0198278, 0.0131989, 0.0136272, 0.0119876, 0.0186466, 0.0110445, 0.0169933, 0.0111231, 0.0141244, 0.0194895, 0.0155132, 0.0106276, 0.0107947, 0.0182187, 0.0186531, 0.0075611, 0.00945945, 0.0148981, 0.0102721, 0.00994634, 0.0106033, 0.0139047, 0.0139818, 0.00957413, 0.0173778, 0.0113993, 0.0178725, 0.0135903, 0.0165284, 0.0109455, 0.0164763, 0.00963528, 0.00759681, 0.00953975, 0.0146411, 0.0155319, 0.0121921, 0.0173393, 0.0136381, 0.00803018, 0.0181908, 0.0128846, 0.0188903, 0.0184811, 0.0164074, 0.0135081, 0.0110661, 0.0175692, 0.0158353, 0.0120333, 0.0115203, 0.0135521, 0.0131133, 0.0121391, 0.0148874, 0.0169612, 0.00952287, 0.0183558, 0.0106032, 0.0123685, 0.0197582, 0.0186944];
GivenLatency = [157, 265.497, 133.758, 183.964, 194.937, 243.47, 159.927, 296.226, 150.17, 238.372, 175.761, 160.255, 172.363, 229.917, 236.949, 161.453, 160.155, 332.906, 279.744, 205.431, 313.787, 315.869, 215.123, 178.843, 218.985, 238.078, 151.89, 215.315, 140.587, 236.777, 178.809, 295.229, 139.535, 271.864, 375.927, 328.179, 220.235, 162.343, 208.699, 164.891, 190.426, 281.478, 172.609, 189.932, 131.709, 134.948, 153.668, 219.654, 210.384, 160.61, 160.008, 252.93, 196.575, 198.04, 217.732, 233.331, 180.736, 163.042, 275.044, 130.211, 292.654, 220.924, 149.2, 134.187];
HighestPossibleCritFunctionValue = 1.1;
