NumDevices = 32;
NumSlotes = 256;


GivenBandwidthOld = [0.0175441, 0.0341812, 0.0341363, 0.0187333, 0.0198526, 0.0328091, 0.0319998, 0.0303806, 0.017166, 0.0195183, 0.0341186, 0.0219962, 0.0193537, 0.0267938, 0.0339019, 0.0192635, 0.030858, 0.0210127, 0.031224, 0.031597, 0.0208163, 0.0301857, 0.0213783, 0.034927, 0.0279045, 0.0209816, 0.0272057, 0.0158537, 0.0237782, 0.0304507, 0.0152691, 0.017506];
GivenLatency = [48.8936, 27.1478, 26.2122, 52.6603, 55.7062, 33.8121, 27.3766, 31.9759, 58.2169, 57.5413, 30.6187, 41.785, 55.9892, 37.1463, 32.7829, 47.6793, 29.2319, 55.766, 28.4241, 34.1593, 46.2677, 31.8633, 48.7785, 33.1235, 37.1051, 51.2289, 36.0788, 56.6329, 37.8874, 31.6729, 67.0462, 52.4545];
HighestPossibleCritFunctionValue = 1.1;
