NumDevices = 32;
NumSlotes = 256;


GivenBandwidthOld = [0.0134803, 0.00787522, 0.0162532, 0.0129618, 0.00585187, 0.00980733, 0.014247, 0.00676182, 0.0159078, 0.00655924, 0.0110609, 0.00753779, 0.00768017, 0.013046, 0.00912093, 0.0155304, 0.0143977, 0.0147714, 0.00818407, 0.00717618, 0.00511361, 0.0143845, 0.00589571, 0.00925088, 0.0119832, 0.00981329, 0.014403, 0.0162211, 0.0111172, 0.01696, 0.0165898, 0.00798503];
GivenLatency = [29.5695, 44.1941, 27.2849, 27.3102, 70.1795, 33.2654, 21.8958, 65.3167, 19.557, 79.0228, 40.5874, 51.5536, 43.4921, 42.9349, 43.9562, 38.5093, 21.211, 34.576, 45.1526, 62.8189, 89.2125, 22.1382, 87.0699, 40.5679, 28.9565, 31.3278, 40.7905, 23.331, 29.3705, 19.503, 34.7638, 51.1514];
HighestPossibleCritFunctionValue = 1.1;
