NumDevices = 16;
NumSlotes = 128;


GivenBandwidthOld = [0.0173882, 0.0326918, 0.0157979, 0.031098, 0.0293843, 0.0270429, 0.0254997, 0.0132062, 0.0218797, 0.0224154, 0.0264455, 0.0343759, 0.02124, 0.0208569, 0.0325295, 0.0130336];
GivenLatency = [25.304, 10.8373, 20.1438, 14.9847, 12.536, 15.3713, 20.0257, 46.4766, 16.3673, 26.6929, 11.7147, 13.8275, 21.3157, 26.1547, 14.3874, 40.1522];
HighestPossibleCritFunctionValue = 1.1;
