NumDevices = 16;
NumSlotes = 128;


GivenBandwidthOld = [0.0487193, 0.0458509, 0.0354084, 0.0789087, 0.038582, 0.0672834, 0.0520572, 0.045317, 0.0623911, 0.0776176, 0.0383676, 0.0646792, 0.0338396, 0.0624846, 0.0494671, 0.0640459];
GivenLatency = [37.7624, 31.5935, 50.8863, 20.0773, 38.6343, 22.1467, 33.6797, 37.0375, 29.0929, 21.082, 39.9366, 23.1338, 51.5574, 31.0895, 27.1799, 22.9981];
HighestPossibleCritFunctionValue = 1.1;
