NumDevices = 128;
NumSlotes = 1024;


GivenBandwidthOld = [0.00334316, 0.00289749, 0.00307208, 0.0030042, 0.00276656, 0.00253186, 0.00164804, 0.00356125, 0.00262222, 0.00166976, 0.00295063, 0.00240321, 0.00197434, 0.00339435, 0.00377244, 0.00216996, 0.00368318, 0.00187779, 0.00258599, 0.00217477, 0.00329806, 0.00423734, 0.00318184, 0.00409848, 0.00377313, 0.00429818, 0.00396024, 0.00231662, 0.00298318, 0.00262522, 0.00206937, 0.00368626, 0.00378915, 0.00170358, 0.00268749, 0.00185012, 0.00314209, 0.00152911, 0.00155427, 0.00257848, 0.00394385, 0.00177332, 0.0029823, 0.00347523, 0.00386708, 0.00216502, 0.00194588, 0.00311433, 0.00377183, 0.00131842, 0.0042578, 0.00330715, 0.00386658, 0.00312993, 0.00349402, 0.00394143, 0.00175648, 0.00421958, 0.00163741, 0.00302264, 0.0033241, 0.00432623, 0.00336262, 0.00172618, 0.00128893, 0.00246748, 0.00411262, 0.00398496, 0.0020229, 0.0039348, 0.002887, 0.00175875, 0.00178991, 0.00356255, 0.00263674, 0.0020123, 0.00387874, 0.00434062, 0.00158087, 0.00272409, 0.0013155, 0.00215367, 0.00168006, 0.00422162, 0.00152464, 0.00145446, 0.00320607, 0.0018822, 0.00156976, 0.00363359, 0.00291577, 0.00405708, 0.00179749, 0.00295297, 0.00127085, 0.00168209, 0.00403567, 0.00132814, 0.00205167, 0.00300831, 0.00309067, 0.00308378, 0.00289327, 0.00399527, 0.00344556, 0.00201193, 0.0039565, 0.00185006, 0.00205478, 0.00223083, 0.00172362, 0.00192562, 0.00321549, 0.00405911, 0.00153698, 0.00257299, 0.0023661, 0.00328354, 0.00397132, 0.00407166, 0.00306436, 0.00140492, 0.00193308, 0.00367748, 0.00296606, 0.00238535, 0.00190156, 0.0020497];
GivenLatency = [94.0617, 205.319, 102.294, 187.494, 140.898, 193.261, 329.048, 93.8041, 123.785, 243.482, 119.535, 142.209, 235.656, 107.32, 109.859, 155.984, 86.6672, 166.502, 127.914, 212.598, 158.564, 84.8437, 110.225, 101.13, 115.62, 77.0378, 103.109, 179.571, 177.259, 158.744, 195.361, 101.813, 123.782, 308.086, 138.895, 231.057, 193.967, 289.598, 307.148, 150.417, 92.387, 247.642, 145.743, 140.399, 114.408, 155.322, 211.803, 178.468, 85.2076, 303.833, 76.1631, 139.599, 164.348, 116.201, 158.262, 120.535, 244.167, 115.626, 267.881, 146.459, 181.207, 115.913, 131.592, 299.756, 253.375, 179.675, 80.852, 143.579, 189.231, 149.308, 212.874, 334.755, 183.936, 120.067, 128.442, 235.783, 92.883, 116.412, 355.322, 137.999, 496.7, 219.066, 325.867, 77.1759, 289.124, 259.662, 98.501, 245.569, 207.419, 168.335, 153.936, 101.813, 329.804, 176.899, 264.283, 188.121, 93.3687, 298.079, 181.704, 192.835, 198.906, 181.575, 183.837, 110.329, 120.822, 175.636, 100.674, 191.766, 153.496, 179.196, 265.038, 321.42, 155.833, 83.9487, 321.344, 207.547, 185.206, 95.6438, 79.365, 111.269, 139.384, 225.873, 247.001, 176.837, 175.73, 227.741, 261.977, 187.082];
HighestPossibleCritFunctionValue = 1.1;
