NumDevices = 128;
NumSlotes = 1024;


GivenBandwidthOld = [0.00607101, 0.00664267, 0.00835521, 0.00975006, 0.00928611, 0.00536027, 0.00513289, 0.00845035, 0.00882307, 0.00429506, 0.00833385, 0.00694356, 0.00909346, 0.00495474, 0.00809366, 0.00759539, 0.00830153, 0.00763935, 0.00961211, 0.00953707, 0.00453572, 0.00938785, 0.0091519, 0.00602659, 0.00386133, 0.00610738, 0.00545357, 0.00446362, 0.00378459, 0.00388835, 0.003933, 0.00445618, 0.00380286, 0.00459393, 0.00641621, 0.00842133, 0.00854886, 0.00817271, 0.00498843, 0.00561244, 0.00571393, 0.0052259, 0.0092186, 0.00824927, 0.00417519, 0.0061391, 0.00741181, 0.00408059, 0.00992668, 0.00889781, 0.00431752, 0.00450145, 0.00843619, 0.00833766, 0.00850253, 0.00460574, 0.00493451, 0.00552314, 0.004923, 0.00584711, 0.00620516, 0.00504839, 0.00710565, 0.00841449, 0.00608277, 0.00439634, 0.00421512, 0.00848422, 0.00934262, 0.0052179, 0.00600634, 0.00733307, 0.00567882, 0.00890038, 0.00998498, 0.00758051, 0.00820902, 0.00907124, 0.00653577, 0.00547332, 0.0050279, 0.00645583, 0.00564825, 0.00762678, 0.00454197, 0.00821464, 0.0096734, 0.00835984, 0.00641597, 0.00445708, 0.00637072, 0.00643689, 0.00598036, 0.00818751, 0.00991207, 0.00720167, 0.00976789, 0.0088873, 0.00885607, 0.0089993, 0.00378395, 0.00560865, 0.00453839, 0.00424312, 0.00417709, 0.00680968, 0.00911242, 0.00497516, 0.00748818, 0.00627253, 0.00613638, 0.00537912, 0.00932751, 0.0074129, 0.00985609, 0.0037821, 0.00580327, 0.00684026, 0.00426692, 0.00413767, 0.00685307, 0.00698161, 0.00487982, 0.00509131, 0.00966495, 0.00383247, 0.00860742, 0.00493868];
GivenLatency = [661.418, 580.472, 411.568, 400.345, 435.026, 716.329, 795.268, 530.941, 539.919, 1101.49, 461.376, 494.643, 414.262, 792.606, 429.514, 463.236, 599.372, 618.885, 385.206, 368.088, 844.536, 374.143, 453.506, 675.598, 1226.64, 677.559, 849.32, 777.37, 954.1, 1039.94, 1183.54, 1027.62, 1076.94, 915.153, 715.806, 464.609, 412.699, 493.126, 694.601, 734.988, 694.574, 804.06, 489.288, 482.487, 822.698, 573.258, 485.37, 834.251, 348.484, 522.667, 926.492, 748.62, 531.387, 477.759, 429.799, 910.642, 930.252, 626.946, 973.223, 832.096, 729.695, 667.97, 638.541, 522.545, 743.778, 803.827, 963.576, 495.936, 517.554, 663.32, 761.275, 477.2, 850.21, 521.316, 373.399, 515.083, 566.322, 488.436, 531.722, 742.117, 707.3, 582.086, 864.667, 552.451, 1016.92, 602.152, 366.237, 492.287, 547.635, 1106.43, 726.642, 702.944, 684.776, 457.506, 404.011, 575.451, 425.716, 450.04, 502.622, 384.658, 897.065, 819.629, 804.804, 829.082, 885.129, 491.271, 512.138, 700.62, 639.65, 777.016, 812.637, 620.147, 512.333, 669.578, 486.368, 981.134, 634.809, 725.848, 1170.58, 1139.07, 659.015, 625.7, 962.512, 849.665, 348.74, 1175.63, 408.488, 964.725];
HighestPossibleCritFunctionValue = 1.1;
