NumDevices = 128;
NumSlotes = 1024;


GivenBandwidthOld = [0.00738479, 0.00613067, 0.00943957, 0.00960155, 0.00707077, 0.0097139, 0.00785229, 0.00711767, 0.0041624, 0.00988519, 0.00539672, 0.00523818, 0.0092647, 0.00803282, 0.00389599, 0.00744805, 0.00687928, 0.00378742, 0.00771396, 0.00734912, 0.00670421, 0.00510668, 0.00544384, 0.00967699, 0.00610078, 0.00704042, 0.00585295, 0.00419991, 0.00909751, 0.00440539, 0.00633132, 0.00668913, 0.00801427, 0.0045592, 0.0039906, 0.00381974, 0.00718727, 0.0051188, 0.00916937, 0.00587403, 0.00850351, 0.00846354, 0.00542128, 0.00551199, 0.00508061, 0.00474044, 0.00631351, 0.00741269, 0.00626457, 0.00984112, 0.00852092, 0.00729472, 0.00488167, 0.00501707, 0.00557869, 0.00721304, 0.00700918, 0.00577136, 0.00806159, 0.00615933, 0.00986009, 0.00854715, 0.00452047, 0.00929026, 0.00647295, 0.00581408, 0.00727933, 0.00862444, 0.00974736, 0.00768254, 0.00423854, 0.00840343, 0.00776867, 0.00808124, 0.00515276, 0.00500303, 0.00712383, 0.00764965, 0.00758192, 0.00678904, 0.00595102, 0.00883848, 0.00708923, 0.00735771, 0.00721982, 0.00857841, 0.00488933, 0.00868752, 0.00734899, 0.00443578, 0.0047009, 0.00421374, 0.00405281, 0.00559681, 0.00558876, 0.00776496, 0.00825463, 0.00677988, 0.00826133, 0.00690104, 0.00710004, 0.00790223, 0.00904904, 0.00846982, 0.00477933, 0.00998297, 0.00509764, 0.00978935, 0.00706925, 0.0090531, 0.00793519, 0.00672246, 0.00555923, 0.00514593, 0.00897756, 0.0071147, 0.00433846, 0.00645098, 0.00537977, 0.0077177, 0.00770666, 0.00952179, 0.00397442, 0.00684495, 0.00807406, 0.00942427, 0.00866958, 0.00581938];
GivenLatency = [482.82, 639.841, 353.356, 379.114, 703.76, 455.154, 504.876, 560.941, 966.077, 497.14, 903.772, 662.215, 367.889, 436.249, 888.674, 580.968, 598.436, 1149.88, 460.735, 651.869, 529.771, 948.288, 716.179, 414.27, 676.047, 700.647, 656.177, 871.917, 535.672, 1130.03, 527.123, 522.6, 502.713, 921.598, 1245.71, 1159, 468.9, 703.897, 384.005, 681.535, 518.441, 470.975, 648.345, 608.148, 745.393, 957.146, 542.197, 481.151, 534.791, 380.302, 507.586, 607.34, 731.423, 673.981, 831.646, 470.913, 665.593, 608.3, 522.019, 607.558, 374.304, 541.357, 980.775, 420.109, 606.334, 587.436, 568.599, 521.933, 416.491, 483.301, 931.142, 555.349, 481.114, 566.686, 839.744, 935.524, 481.127, 576.398, 491.519, 620.059, 724.749, 501.273, 498.747, 488.578, 562.823, 571.128, 847.761, 407.26, 611.889, 814.512, 980.754, 1000.1, 1085.58, 677.768, 689.105, 526.314, 408.132, 575.788, 558.918, 653.696, 615.198, 576.445, 481.387, 431.775, 766.391, 456.694, 883.659, 346.496, 609.315, 380.081, 476.183, 612.338, 819.114, 656.082, 452.095, 517.19, 942.094, 572.328, 668.717, 636.988, 472.369, 490.957, 1034.37, 538.932, 560.487, 472.758, 420.985, 671.584];
HighestPossibleCritFunctionValue = 1.1;
