NumDevices = 128;
NumSlotes = 1024;


GivenBandwidthOld = [0.00712134, 0.00968774, 0.00556512, 0.00418854, 0.00554229, 0.00802202, 0.00977482, 0.00668084, 0.00614576, 0.00674784, 0.00721282, 0.00954645, 0.00588889, 0.00834181, 0.00951987, 0.00924225, 0.00579615, 0.0058926, 0.00810439, 0.00674922, 0.00543791, 0.00993754, 0.00399024, 0.00392423, 0.00710546, 0.00520715, 0.00650297, 0.00414023, 0.00615793, 0.00506074, 0.00838108, 0.00699612, 0.00500956, 0.00442475, 0.0068464, 0.00745525, 0.009163, 0.00509461, 0.00887598, 0.00607493, 0.00377529, 0.00381635, 0.00646497, 0.00917946, 0.00661379, 0.00415587, 0.00649979, 0.00697419, 0.00516741, 0.00734103, 0.00816631, 0.00984528, 0.00970598, 0.00595046, 0.00555988, 0.00983216, 0.00787793, 0.00693421, 0.00821686, 0.00957997, 0.00686728, 0.0083062, 0.00481168, 0.00985009, 0.00918439, 0.00836982, 0.00528792, 0.00779419, 0.0057243, 0.00451924, 0.00740477, 0.00446962, 0.00459625, 0.00792586, 0.00622833, 0.00702174, 0.00440714, 0.004597, 0.00804378, 0.00681093, 0.00503485, 0.00448265, 0.00483613, 0.00838645, 0.00986133, 0.00444591, 0.00612615, 0.00843212, 0.00867022, 0.00416814, 0.00649458, 0.00686312, 0.00720082, 0.00787505, 0.00842857, 0.00525096, 0.00530701, 0.00984496, 0.00430951, 0.00735709, 0.00930009, 0.00909995, 0.00779856, 0.00410125, 0.00727787, 0.00913608, 0.00876304, 0.00793713, 0.0080417, 0.00927614, 0.00655412, 0.00753531, 0.00465401, 0.00376838, 0.00644524, 0.00892739, 0.00772818, 0.00882579, 0.00632971, 0.00472137, 0.00460866, 0.00404771, 0.00743196, 0.00528164, 0.00845248, 0.00708845, 0.00682832, 0.00978801];
GivenLatency = [477.876, 514.752, 850.108, 905.601, 625.985, 472.834, 398.089, 527.708, 729.459, 515.536, 620.568, 376.5, 573.199, 596.108, 496.922, 363.346, 658.284, 790.102, 507.018, 672.233, 638.989, 362.37, 1071.98, 1249.44, 624.8, 655.538, 717.604, 846.88, 546.03, 679.789, 543.117, 707.921, 980.135, 796.289, 626.3, 576.093, 477.375, 917.427, 376.264, 597.573, 1026.83, 1220.61, 519.084, 429.116, 572.493, 984.189, 678.939, 564.537, 687.639, 525.965, 442.63, 359.332, 345.551, 623.856, 657.853, 478.272, 634.431, 593.733, 439.12, 481.009, 686.195, 517.114, 938.42, 370.524, 450.149, 559.758, 762.86, 433.863, 801.681, 1082.59, 494.916, 926.891, 798.348, 622.623, 540.358, 535.107, 876.94, 907.635, 519.651, 583.202, 940.566, 829.33, 869.663, 493.21, 478.093, 873.007, 683.725, 465.33, 497.705, 1051.59, 692.591, 523.733, 593.963, 619.46, 437.096, 776.312, 862.437, 349.408, 822.461, 552.091, 452.505, 457.1, 526.459, 941.701, 639.053, 396.577, 423.837, 434.885, 510.132, 439.853, 670.23, 508.254, 971.214, 1161.73, 765.22, 494.056, 496.868, 447.533, 741.171, 986.379, 957.027, 881.981, 568.984, 794.378, 474.878, 695.938, 538.524, 368.546];
HighestPossibleCritFunctionValue = 1.1;
