NumDevices = 32;
NumSlotes = 256;


GivenBandwidthOld = [0.0155802, 0.0258814, 0.0194161, 0.0166402, 0.0221866, 0.0195144, 0.0285845, 0.0303271, 0.0181882, 0.0199142, 0.0274394, 0.0245167, 0.0227642, 0.027306, 0.0227697, 0.0206328, 0.0261705, 0.0171942, 0.0330526, 0.0253595, 0.0269035, 0.0164127, 0.0178381, 0.0150915, 0.0328266, 0.0269749, 0.016462, 0.026199, 0.0171255, 0.01802, 0.0318329, 0.0262343];
GivenLatency = [57.6156, 36.1474, 53.8888, 57.8314, 39.1984, 44.642, 30.9662, 32.4493, 61.5137, 42.1232, 39.7677, 39.497, 48.4589, 31.9953, 39.0436, 40.6556, 34.9555, 61.1735, 27.0082, 41.6109, 34.326, 60.0055, 52.2491, 71.7951, 29.3023, 40.4934, 67.2745, 43.7958, 50.5267, 53.6932, 31.0857, 41.3382];
HighestPossibleCritFunctionValue = 1.1;
