NumDevices = 64;
NumSlotes = 512;


GivenBandwidthOld = [0.0116966, 0.00981847, 0.0140996, 0.0162032, 0.0121418, 0.0123668, 0.0138334, 0.0129844, 0.0138412, 0.0143232, 0.0144406, 0.00792995, 0.013735, 0.00861829, 0.0126475, 0.0111384, 0.00841413, 0.0113237, 0.0126759, 0.00828226, 0.0148829, 0.0114056, 0.00917573, 0.0115764, 0.0100492, 0.0119458, 0.00769998, 0.00852802, 0.0153879, 0.0086324, 0.00973442, 0.0113929, 0.0149012, 0.0102976, 0.0170673, 0.0155494, 0.0139075, 0.00787636, 0.0129515, 0.0106157, 0.0127083, 0.0139006, 0.0117676, 0.0135725, 0.0174098, 0.0119842, 0.0129286, 0.0152421, 0.00940504, 0.0155936, 0.0158117, 0.0116954, 0.00949136, 0.0162639, 0.0127241, 0.00850017, 0.0173318, 0.00989712, 0.0158845, 0.0156667, 0.0149401, 0.0139697, 0.0133242, 0.0143685];
GivenLatency = [82.0564, 116.849, 64.7021, 72.2926, 88.442, 97.4774, 88.2135, 93.7622, 77.8108, 74.9572, 65.4511, 124.638, 67.9909, 107.948, 85.1214, 110.878, 135.164, 85.0337, 85.7147, 145.888, 72.7133, 102.362, 126.663, 86.0863, 109.849, 101.767, 154.484, 120.791, 75.0821, 119.261, 95.6859, 82.1844, 79.8415, 115.777, 56.0885, 62.8009, 66.4448, 136.119, 74.3088, 89.5762, 78.5198, 87.6754, 85.5606, 72.2189, 71.1081, 98.3388, 73.6664, 66.6715, 104.716, 60.4582, 72.5206, 85.761, 106.544, 66.86, 81.9328, 114.924, 69.9986, 105.936, 67.9765, 62.7352, 80.9233, 70.6406, 78.1547, 79.6365];
HighestPossibleCritFunctionValue = 1.1;
