NumDevices = 64;
NumSlotes = 512;


GivenBandwidthOld = [0.012143, 0.0169861, 0.0157203, 0.0164072, 0.0108115, 0.0147212, 0.0112555, 0.0129324, 0.00958167, 0.0191326, 0.0168296, 0.0102751, 0.0105625, 0.0164501, 0.0188204, 0.0196119, 0.00924578, 0.0112825, 0.0171621, 0.0115566, 0.0116742, 0.01268, 0.0174877, 0.00842831, 0.00952766, 0.0113323, 0.01665, 0.0160502, 0.0111691, 0.0118454, 0.0149263, 0.0082895, 0.0141028, 0.0184461, 0.0155624, 0.0122458, 0.00765166, 0.0189969, 0.0110931, 0.00838886, 0.00910972, 0.012121, 0.00959342, 0.0165946, 0.0112627, 0.00951591, 0.0139185, 0.00781851, 0.0107272, 0.00924458, 0.016155, 0.00985548, 0.00856924, 0.0156974, 0.0185372, 0.00920027, 0.00893656, 0.0141921, 0.0183006, 0.00769483, 0.0195824, 0.0146143, 0.0142165, 0.016601];
GivenLatency = [191.537, 195.219, 163.019, 144.079, 252.335, 156.69, 251.47, 193.101, 345.021, 164.024, 132.324, 228.395, 219.845, 201.254, 144.37, 132.755, 275.439, 224.374, 188.509, 246.174, 211.387, 241.635, 146.802, 264.58, 332.514, 251.749, 145.334, 139.939, 208.356, 221.831, 208.947, 375.149, 214.757, 162.672, 160.932, 234.778, 398.831, 120.582, 275.905, 393.02, 293.578, 194.681, 340.987, 183.506, 250.186, 296.079, 178.292, 292.691, 234.344, 259.357, 143.021, 294.428, 280.611, 183.399, 166.571, 294.308, 296.985, 174.058, 144.146, 293.239, 124.277, 164.05, 202.006, 140.474];
HighestPossibleCritFunctionValue = 1.1;
