NumDevices = 64;
NumSlotes = 512;


GivenBandwidthOld = [0.00784286, 0.00987505, 0.0150177, 0.0168614, 0.0139902, 0.00813874, 0.0128154, 0.012629, 0.0103325, 0.0129565, 0.0140692, 0.0159278, 0.0141238, 0.0131623, 0.0145571, 0.0154887, 0.0143722, 0.00886829, 0.0143331, 0.0119176, 0.0142661, 0.014917, 0.0148968, 0.0160546, 0.0140938, 0.00944963, 0.0149205, 0.0140151, 0.016991, 0.0126842, 0.00871064, 0.0147848, 0.0125897, 0.00931983, 0.013462, 0.0103503, 0.0125536, 0.0137375, 0.010352, 0.0113259, 0.00873876, 0.0173101, 0.0159789, 0.011589, 0.011346, 0.0170423, 0.0155249, 0.0123087, 0.0172295, 0.0118824, 0.0131057, 0.0117508, 0.0100238, 0.0151838, 0.00916552, 0.00992748, 0.0161797, 0.00779071, 0.0133821, 0.00821735, 0.0140486, 0.00999378, 0.0105117, 0.0143115];
GivenLatency = [151.986, 105.335, 76.9691, 56.9391, 72.0878, 138.773, 90.892, 77.0832, 94.1802, 82.5361, 83.7438, 58.0131, 83.7845, 87.7725, 81.967, 66.9092, 82.4755, 130.417, 79.4058, 96.8226, 66.0304, 72.9433, 63.2119, 60.1971, 82.6573, 99.4203, 76.1615, 70.9554, 63.2937, 81.2045, 140.325, 65.1967, 77.5959, 131.499, 87.0958, 113.487, 76.2855, 73.7491, 90.5508, 109.262, 130.327, 68.934, 69.3227, 84.7577, 88.6645, 66.08, 64.2897, 78.4983, 55.375, 81.7016, 70.7015, 100.02, 114.329, 60.8349, 136.003, 110.509, 70.2557, 135.88, 76.9348, 120.658, 68.6822, 113.902, 104.802, 73.8561];
HighestPossibleCritFunctionValue = 1.1;
