NumDevices = 64;
NumSlotes = 512;


GivenBandwidthOld = [0.0108042, 0.01203, 0.0128755, 0.0134252, 0.0129309, 0.015116, 0.00944345, 0.0111451, 0.0110903, 0.00954423, 0.0149435, 0.00964506, 0.00947222, 0.0146216, 0.0100449, 0.0101165, 0.0136111, 0.0162217, 0.0132746, 0.0108425, 0.0151662, 0.0129619, 0.0163595, 0.00977931, 0.0158723, 0.0110075, 0.00835709, 0.0125745, 0.0153069, 0.00774849, 0.0137889, 0.0155259, 0.00896931, 0.0122422, 0.00938022, 0.00833349, 0.0159904, 0.0159605, 0.0128219, 0.0127975, 0.0125303, 0.0117228, 0.00934322, 0.0165666, 0.0106268, 0.0104661, 0.00805323, 0.0156892, 0.0136974, 0.0165422, 0.0104479, 0.0120894, 0.0113457, 0.0118996, 0.0120443, 0.0140515, 0.00822785, 0.0105307, 0.0150243, 0.00873345, 0.00801836, 0.00951553, 0.0124636, 0.0107124];
GivenLatency = [114.912, 93.5201, 73.517, 89.4939, 94.7085, 81.9761, 113.133, 96.3108, 83.6529, 109.101, 73.1633, 122.694, 105.897, 68.5645, 98.4195, 96.5927, 71.8091, 73.405, 69.8451, 89.7442, 78.956, 82.981, 70.2502, 104.052, 59.3063, 94.5799, 124.811, 93.93, 69.4734, 137.079, 76.4865, 62.5175, 130.426, 83.4584, 129.506, 110.051, 69.6221, 60.2865, 82.9632, 84.3961, 72.7262, 79.8317, 131.429, 56.9028, 95.2663, 98.5148, 116.221, 58.5406, 74.9978, 66.3109, 113.546, 96.7923, 80.2959, 103.49, 88.3712, 76.6637, 117.933, 111.272, 62.5725, 113.158, 141.974, 98.3019, 97.967, 93.2438];
HighestPossibleCritFunctionValue = 1.1;
