NumDevices = 128;
NumSlotes = 1024;


GivenBandwidthOld = [0.00453293, 0.00745411, 0.00864305, 0.00630456, 0.00817476, 0.00574648, 0.00860676, 0.00633956, 0.0065342, 0.00785371, 0.00489102, 0.00591461, 0.00439588, 0.00407267, 0.0068341, 0.0082455, 0.00461408, 0.00629901, 0.00493762, 0.00411109, 0.00750436, 0.00829468, 0.00621763, 0.00718036, 0.00773391, 0.00637529, 0.00705739, 0.00599128, 0.00796704, 0.0045247, 0.00409794, 0.00665901, 0.0055197, 0.00711934, 0.00730623, 0.00822422, 0.00696998, 0.00690214, 0.00673557, 0.00726454, 0.00757082, 0.00529011, 0.0083362, 0.00397691, 0.00750155, 0.00600776, 0.00490167, 0.00482365, 0.00863683, 0.00672685, 0.00565359, 0.00742011, 0.00734772, 0.00564063, 0.00462067, 0.00710682, 0.00679967, 0.00449813, 0.00761442, 0.00802528, 0.00840185, 0.00732354, 0.00429448, 0.00490268, 0.00677173, 0.00503243, 0.00760812, 0.00710077, 0.0052004, 0.00565531, 0.00622749, 0.0079537, 0.00526662, 0.00861276, 0.00708196, 0.0039623, 0.00679194, 0.00465291, 0.00402885, 0.00536015, 0.00560539, 0.00727096, 0.0054583, 0.00514188, 0.00715332, 0.00837675, 0.00546518, 0.00576119, 0.00581676, 0.00480377, 0.00450334, 0.00513401, 0.00472955, 0.00703612, 0.00851455, 0.00650577, 0.00494246, 0.00548447, 0.00495284, 0.00495733, 0.00528703, 0.00662475, 0.00474549, 0.00501002, 0.00593835, 0.00828706, 0.00812826, 0.00409756, 0.00512282, 0.00673593, 0.00833451, 0.00564855, 0.0076659, 0.00820552, 0.00759091, 0.00786728, 0.0078712, 0.00379878, 0.00853009, 0.00775307, 0.00826811, 0.00460344, 0.00752325, 0.0057852, 0.00441554, 0.00449662, 0.00714612, 0.00735893];
GivenLatency = [281.216, 169.697, 123, 181.774, 138.008, 180.342, 138.138, 163.832, 169.088, 161.521, 204.172, 206.768, 235.015, 261.253, 160.831, 121.708, 276.423, 202.739, 229.145, 233.071, 129.125, 117.034, 208.434, 146.667, 126.694, 154.097, 169.611, 187.804, 134.768, 237.461, 307.8, 150.868, 181.51, 134.091, 134.076, 127.898, 162.474, 142.395, 180.872, 173.044, 167.236, 193.62, 135.554, 247.343, 137.235, 194.093, 244.514, 257.518, 141.188, 141.603, 196.25, 130.576, 160.474, 194.201, 261.987, 155.127, 178.784, 227.061, 129.569, 130.833, 151.486, 177.043, 255.183, 257.479, 162.026, 241.623, 147.658, 160.184, 221.458, 183.753, 169.666, 125.806, 220.159, 149.342, 157.71, 288.042, 145.23, 234.043, 321.251, 222.332, 197.051, 167.78, 194.515, 237.256, 139.04, 114.321, 218.792, 171.825, 222.189, 223.751, 229.947, 237.597, 220.885, 173.911, 130.285, 167.363, 261.998, 232.555, 196.315, 206.413, 206.24, 169.179, 208.359, 199.13, 198.669, 136.395, 131.628, 246.932, 198.548, 180.592, 116.101, 192.559, 158.986, 150.31, 156.628, 143.274, 146.537, 277.885, 113.002, 125.924, 154.843, 219.598, 159.662, 191.457, 236.171, 218.924, 139.098, 152.029];
HighestPossibleCritFunctionValue = 1.1;
