NumDevices = 16;
NumSlotes = 128;


GivenBandwidthOld = [0.0344373, 0.0278785, 0.0197659, 0.0208885, 0.0126944, 0.0196095, 0.0167438, 0.0276416, 0.0129624, 0.0245287, 0.0185937, 0.0198186, 0.0313686, 0.0269676, 0.0341258, 0.0178597];
GivenLatency = [9.22149, 21.1389, 16.7739, 16.116, 31.9238, 21.4664, 19.1467, 19.386, 47.37, 19.8076, 25.0509, 17.6695, 12.4858, 14.0721, 11.7251, 19.7782];
HighestPossibleCritFunctionValue = 1.1;
