NumDevices = 128;
NumSlotes = 1024;


GivenBandwidthOld = [0.00576873, 0.00746973, 0.00876305, 0.00803613, 0.00949472, 0.00518346, 0.00847828, 0.00954086, 0.00573772, 0.00513278, 0.00658391, 0.00827693, 0.00659332, 0.00387707, 0.00819682, 0.003933, 0.00444586, 0.0053374, 0.00813941, 0.00782134, 0.00583454, 0.00729643, 0.00863262, 0.00973559, 0.0097903, 0.00433767, 0.00573254, 0.00548826, 0.00616372, 0.00858322, 0.00438657, 0.00886968, 0.00650234, 0.00602469, 0.00951842, 0.00991932, 0.00394183, 0.00900468, 0.00662471, 0.00648941, 0.00747315, 0.00379718, 0.00924444, 0.00506737, 0.00724796, 0.00651006, 0.0045628, 0.00820698, 0.0060546, 0.00598894, 0.00868835, 0.00885623, 0.00544211, 0.00557629, 0.00453735, 0.00546597, 0.00655054, 0.00994063, 0.00589198, 0.00399697, 0.00464039, 0.00610452, 0.00735295, 0.00857825, 0.00833705, 0.00451036, 0.00814084, 0.00688948, 0.00656175, 0.00450858, 0.00943395, 0.00884203, 0.00426505, 0.00388174, 0.00543889, 0.00775151, 0.00717562, 0.00939079, 0.00857748, 0.00793738, 0.00606739, 0.00833613, 0.00790923, 0.00795207, 0.0091352, 0.00652736, 0.00780117, 0.00420093, 0.0075915, 0.00533034, 0.00820531, 0.00912449, 0.00780784, 0.00393992, 0.0082756, 0.00917913, 0.00744505, 0.00650192, 0.00523737, 0.00820566, 0.0087812, 0.00684289, 0.00469418, 0.00387985, 0.00485259, 0.00379846, 0.00570586, 0.0071679, 0.00468995, 0.00778526, 0.00555144, 0.00546924, 0.00525716, 0.00957264, 0.00854683, 0.00537365, 0.00494212, 0.00840543, 0.00376592, 0.00889138, 0.00871202, 0.00675017, 0.00878831, 0.00766509, 0.00464155, 0.00672048, 0.00978282, 0.00991775];
GivenLatency = [613.632, 648.564, 502.289, 612.871, 492.695, 709.269, 577.259, 362.769, 772.162, 896.5, 545.635, 440.443, 685.96, 860.479, 473.469, 1006.13, 1116.42, 767.574, 552.53, 493.087, 604.533, 661.987, 558.431, 494.783, 342.891, 964.506, 702.414, 650.61, 540.882, 502.18, 913.831, 447.439, 625.13, 628.488, 471.903, 437.124, 916.245, 515.535, 580.58, 523.185, 479.312, 1297.48, 428.2, 853.781, 594.933, 549.779, 782.542, 442.185, 554.297, 622.294, 428.753, 438.288, 769.008, 637.051, 760.43, 823.892, 519.607, 403.176, 685.903, 890.251, 1020.14, 559.638, 601.089, 417.68, 580.339, 962.338, 508.48, 487.448, 580.837, 812.536, 454.091, 505.038, 799.522, 1060.73, 698.081, 542.579, 572.663, 380.25, 522.032, 459.728, 603.736, 413.75, 626.771, 463.545, 509.086, 628.359, 517.582, 873.009, 533.816, 738.865, 451.132, 396.905, 568.983, 1242.93, 455.142, 442.922, 618.067, 562.843, 820.349, 571.955, 400.039, 533.794, 819.517, 1287.71, 949.762, 1232.96, 628.816, 664.155, 903.831, 585.31, 732.731, 875.586, 741.077, 407.651, 456.649, 657.804, 960.073, 399.073, 1005.44, 401.878, 439.376, 691.887, 442.911, 500.636, 804.204, 533.677, 343.533, 494.743];
HighestPossibleCritFunctionValue = 1.1;
