NumDevices = 128;
NumSlotes = 1024;


GivenBandwidthOld = [0.00385616, 0.00800969, 0.00643284, 0.00424076, 0.00703073, 0.00791035, 0.00681306, 0.00458256, 0.00651697, 0.00819028, 0.00653343, 0.00487971, 0.00575348, 0.00630385, 0.00631269, 0.00484019, 0.00662215, 0.00597386, 0.00520698, 0.00626816, 0.00648323, 0.00621217, 0.00540189, 0.00711147, 0.00499284, 0.00722409, 0.00783242, 0.00690683, 0.00554316, 0.00636456, 0.00658464, 0.00550026, 0.00536948, 0.00740885, 0.0080293, 0.00587994, 0.00666376, 0.00526586, 0.00588861, 0.00728831, 0.00705144, 0.00611421, 0.00401449, 0.00408892, 0.00498789, 0.00395438, 0.00377786, 0.00707461, 0.00554679, 0.00741853, 0.00576221, 0.00795502, 0.00756763, 0.00659394, 0.00677939, 0.00375371, 0.00605193, 0.00728558, 0.00625141, 0.00500493, 0.00533493, 0.00663715, 0.00812304, 0.0065116, 0.00797811, 0.00556853, 0.00779039, 0.00557109, 0.00585221, 0.00555444, 0.0058977, 0.00508455, 0.00848919, 0.00527681, 0.00478907, 0.0073844, 0.00711196, 0.00822834, 0.00615011, 0.00742283, 0.0079744, 0.00818791, 0.00664235, 0.00545816, 0.0078702, 0.00699494, 0.00637593, 0.00767789, 0.00474286, 0.00572334, 0.00463347, 0.00723062, 0.00755925, 0.00576957, 0.0067231, 0.00771839, 0.00550441, 0.00504166, 0.00771028, 0.00417473, 0.0071371, 0.0058115, 0.00639797, 0.00811763, 0.00553108, 0.00829086, 0.00692671, 0.0046313, 0.00569592, 0.00377584, 0.00800674, 0.00681652, 0.00767523, 0.00508395, 0.00848126, 0.00698791, 0.00826134, 0.00582145, 0.00867096, 0.00526362, 0.00808235, 0.00756046, 0.00609192, 0.00432069, 0.00527827, 0.00436946, 0.00508869, 0.00808146];
GivenLatency = [263.452, 137.585, 175.429, 252.052, 184.22, 125.041, 181.299, 209.532, 173.579, 130.533, 197.714, 209.089, 171.798, 152.533, 188.089, 219.02, 148.265, 184.686, 227.453, 155.835, 173.261, 171.555, 191.188, 142.276, 257.21, 146.979, 127.117, 187.103, 213.243, 165.23, 158.209, 230.059, 238.684, 156.038, 134.171, 162.774, 181.959, 196.988, 174.18, 131.571, 150.804, 163.789, 279.645, 246.512, 230.829, 293.706, 260.162, 149.139, 172.253, 143.117, 181.034, 136.154, 132.075, 148.257, 184.582, 274.822, 160.837, 144.231, 176.1, 213.641, 183.442, 173.525, 125.718, 160.259, 151.899, 183.92, 137.492, 194.606, 177.489, 213.701, 164.3, 213.073, 112.338, 197.367, 217.192, 133.081, 169.755, 134.397, 184.542, 150.033, 161.427, 156.542, 172.689, 213.709, 127.533, 183.286, 177.964, 126.54, 224.316, 191.829, 256.286, 153.508, 159.539, 218.519, 149.185, 161.716, 196.911, 210.525, 136.056, 269.138, 136.619, 173.051, 170.957, 141.293, 205.789, 154.918, 158.188, 271.249, 196.596, 294.996, 156.298, 156.038, 137.291, 209.815, 150.542, 169.78, 124.99, 187.192, 141.198, 187.605, 129.125, 166.352, 167.259, 245.401, 181.798, 278.731, 244.429, 150.638];
HighestPossibleCritFunctionValue = 1.1;
