NumDevices = 128;
NumSlotes = 1024;


GivenBandwidthOld = [0.00600866, 0.00501818, 0.00808838, 0.00398257, 0.00757691, 0.00758115, 0.00380412, 0.00831827, 0.00765829, 0.0054391, 0.00741493, 0.00530981, 0.00442954, 0.00471595, 0.00853818, 0.00874801, 0.00530147, 0.00426259, 0.00383387, 0.00834993, 0.00481157, 0.00550549, 0.00829311, 0.00475143, 0.00478833, 0.00488401, 0.00798367, 0.00407365, 0.00827965, 0.00859972, 0.00807761, 0.00782122, 0.0087336, 0.00804932, 0.00735641, 0.00672424, 0.00675521, 0.0073626, 0.00564934, 0.00599792, 0.00453917, 0.00736713, 0.00690076, 0.00854095, 0.00529871, 0.0078577, 0.00682663, 0.00771304, 0.00558435, 0.0087247, 0.00858961, 0.00810851, 0.0072226, 0.00770488, 0.00839577, 0.00520559, 0.00778475, 0.00577302, 0.00466266, 0.00774855, 0.00737725, 0.00700631, 0.00750091, 0.00530622, 0.00407629, 0.00777424, 0.00420594, 0.00678943, 0.00743098, 0.00502324, 0.00809982, 0.00611418, 0.00859555, 0.00787112, 0.00743499, 0.00741282, 0.00474765, 0.00618937, 0.00724848, 0.00779024, 0.00802561, 0.0038443, 0.00870142, 0.00723554, 0.00520442, 0.00810863, 0.00425061, 0.00743423, 0.00462488, 0.00792102, 0.00609514, 0.00857218, 0.00509883, 0.00856831, 0.00505842, 0.00430297, 0.00747674, 0.00407363, 0.00797161, 0.00627238, 0.00745212, 0.00535203, 0.00401513, 0.00481574, 0.00568032, 0.00660898, 0.00464868, 0.00785021, 0.00600757, 0.00676952, 0.00774315, 0.00660886, 0.0076508, 0.00454134, 0.00385895, 0.00485709, 0.00558662, 0.00680257, 0.0083364, 0.00735074, 0.00646895, 0.00612808, 0.00709379, 0.00778819, 0.00865767, 0.00695523, 0.00405006, 0.00691122];
GivenLatency = [205.885, 201.8, 128.153, 324.843, 153.858, 147.152, 254.809, 138.88, 137.368, 192.452, 172.26, 199.659, 284.171, 269.917, 141.081, 120.396, 206.742, 273.09, 293.246, 152.36, 206.022, 227.328, 151.383, 203.028, 206.818, 197.506, 140.849, 267.991, 121.032, 111.505, 126.476, 153.234, 137.748, 134.979, 153.002, 169.733, 180.927, 134.324, 171.084, 182.539, 259.836, 147.462, 156.712, 119.489, 185.601, 159.724, 139.813, 151.286, 194.421, 116.297, 114.74, 126.652, 135.918, 165.449, 115.32, 218.323, 142.812, 175.344, 226.289, 130.94, 163.707, 164.185, 153.504, 180.203, 276.157, 153.602, 299.868, 174.222, 128.354, 209.369, 136.508, 189.575, 118.386, 153.035, 161.197, 153.694, 239.071, 199.501, 153.697, 135.782, 139.23, 330.724, 130.165, 169.025, 217.763, 154.266, 235.45, 146.103, 259.151, 146.205, 176.125, 126.417, 216.726, 123.113, 232.539, 276.425, 156.691, 237.363, 126.154, 186.488, 154.331, 224.379, 251.902, 198.839, 206.841, 182.852, 259.487, 140.788, 176.822, 182.526, 124.892, 163.302, 140.6, 241.947, 303.061, 242.338, 191.596, 165.188, 120.667, 165.635, 198.922, 155.965, 142.883, 138.417, 116.028, 145.23, 236.141, 180.766];
HighestPossibleCritFunctionValue = 1.1;
