NumDevices = 32;
NumSlotes = 256;


GivenBandwidthOld = [0.0139097, 0.0125561, 0.0134082, 0.00975818, 0.0132054, 0.0134514, 0.00935162, 0.00516775, 0.0118593, 0.0147056, 0.0139694, 0.0165827, 0.0121353, 0.0158701, 0.0108021, 0.00783595, 0.00631156, 0.0109271, 0.00855428, 0.0167638, 0.00656137, 0.00937394, 0.00537945, 0.00735426, 0.0106172, 0.012861, 0.0118191, 0.0132093, 0.0157726, 0.00957236, 0.0151334, 0.0164451];
GivenLatency = [27.3984, 31.9627, 34.2239, 40.0635, 24.1905, 32.2278, 67.1473, 67.6061, 40.7613, 27.6522, 36.0892, 20.9681, 41.9986, 21.5292, 33.1911, 47.7133, 50.6096, 42.7604, 49.812, 23.479, 57.8671, 59.7996, 96.8914, 47.8386, 32.0134, 36.2658, 28.9841, 23.0958, 19.8437, 38.431, 28.0778, 18.5748];
HighestPossibleCritFunctionValue = 1.1;
