NumDevices = 32;
NumSlotes = 256;


GivenBandwidthOld = [0.0321269, 0.02694, 0.0303787, 0.0242267, 0.0285371, 0.0326628, 0.0336669, 0.0299155, 0.0201288, 0.034403, 0.0205977, 0.015317, 0.02294, 0.0230203, 0.0327469, 0.0271062, 0.0244698, 0.0341872, 0.0339413, 0.0212228, 0.0211634, 0.0227514, 0.0329182, 0.0255084, 0.0289298, 0.0339337, 0.0336044, 0.0196823, 0.0312466, 0.032137, 0.0163817, 0.0166457];
GivenLatency = [36.6098, 33.4933, 37.4698, 42.4846, 31.223, 27.8993, 26.9027, 39.1138, 42.2347, 31.3936, 46.6795, 66.6568, 49.4019, 41.2359, 29.5566, 39.0289, 37.6806, 29.9218, 34.0678, 41.8162, 43.3433, 38.2543, 26.583, 32.9904, 31.6871, 30.2089, 31.8532, 51.4379, 27.2019, 33.9571, 61.3176, 55.6661];
HighestPossibleCritFunctionValue = 1.1;
