NumDevices = 128;
NumSlotes = 1024;


GivenBandwidthOld = [0.00568257, 0.00450117, 0.00866144, 0.00535618, 0.00377954, 0.00529001, 0.00663447, 0.00805795, 0.00745832, 0.00441632, 0.0076574, 0.00543297, 0.0044907, 0.00777714, 0.00783959, 0.00747028, 0.0055735, 0.00634177, 0.00867064, 0.00491997, 0.00736905, 0.00413659, 0.00624809, 0.00417016, 0.00541982, 0.00848163, 0.00823163, 0.00647796, 0.00763539, 0.0055732, 0.00631028, 0.00434202, 0.00381438, 0.00578574, 0.00840733, 0.00457679, 0.00465684, 0.005082, 0.00561528, 0.00851576, 0.00682737, 0.00504396, 0.00626184, 0.00524614, 0.00439147, 0.00485709, 0.00555821, 0.0043204, 0.00548908, 0.00745077, 0.00752388, 0.00630623, 0.00632183, 0.00850927, 0.00781172, 0.00402002, 0.00693752, 0.00642979, 0.00803056, 0.00713695, 0.00816169, 0.00599135, 0.00404567, 0.00806266, 0.00662345, 0.00782019, 0.00650036, 0.0040744, 0.00599523, 0.0043595, 0.00760063, 0.00627706, 0.00599189, 0.00822894, 0.00621482, 0.00501838, 0.00641874, 0.00725756, 0.00530966, 0.00697178, 0.00724665, 0.00702083, 0.00655383, 0.00774207, 0.00841451, 0.00517782, 0.00606857, 0.00696476, 0.00422191, 0.0052182, 0.00483103, 0.00758586, 0.00803128, 0.00415911, 0.00467343, 0.00388282, 0.00609982, 0.00714372, 0.00701916, 0.00852561, 0.00738059, 0.00807637, 0.00709962, 0.00573575, 0.00828393, 0.00545487, 0.00755659, 0.00618114, 0.00397881, 0.00429875, 0.00667956, 0.00587284, 0.00733914, 0.00635201, 0.00567784, 0.00493169, 0.00435775, 0.00816425, 0.00397905, 0.00836616, 0.00752575, 0.00773681, 0.00510595, 0.00814913, 0.00486177, 0.00425396, 0.00874543, 0.00690284];
GivenLatency = [169.399, 243.189, 130.392, 228.633, 271.461, 193.689, 152.06, 158.921, 164.766, 270.761, 138.847, 207.217, 264.677, 122.864, 152.841, 163.817, 210.493, 151.728, 142.175, 215.027, 172.432, 305.103, 157.414, 254.566, 188.832, 140.1, 142.817, 197.11, 158.052, 229.458, 162.754, 249.357, 323.924, 181.076, 139.347, 223.096, 248.897, 198.45, 192.553, 118.491, 148.805, 200.453, 203.122, 233.031, 258.971, 257.193, 213.742, 226.816, 180.977, 135.455, 130.688, 183.912, 165.084, 148.603, 122.135, 259.26, 149.79, 186.971, 128.423, 161.288, 137.399, 193.821, 249.294, 148.456, 189.725, 157.449, 161.58, 260.246, 183.728, 224.045, 155.82, 175.959, 189.604, 131.977, 160.767, 210.822, 200.673, 150.011, 204.392, 154.86, 158.978, 135.927, 153.891, 145.778, 153.982, 208.223, 200.035, 152.262, 225.685, 200.442, 203.556, 128.814, 133.13, 259.778, 230.439, 294.741, 176.635, 155.191, 150.157, 114.284, 153.431, 157.501, 138.706, 188.383, 124.574, 182.837, 171.608, 159.721, 299.83, 249.175, 184.764, 177.078, 135.424, 182.147, 178.854, 231.408, 263.32, 121.489, 251.932, 150.531, 145.09, 147.451, 216.872, 143.071, 221.016, 271.212, 111.224, 162.528];
HighestPossibleCritFunctionValue = 1.1;
