NumDevices = 128;
NumSlotes = 1024;


GivenBandwidthOld = [0.00832302, 0.00630776, 0.00445478, 0.00531626, 0.00919649, 0.00540203, 0.00694137, 0.00987795, 0.008734, 0.00740338, 0.00604745, 0.00441923, 0.007738, 0.00501227, 0.00619116, 0.00727624, 0.00674794, 0.00888399, 0.00947477, 0.00748785, 0.00697779, 0.00947404, 0.00762101, 0.00754186, 0.00847417, 0.00911505, 0.00539166, 0.00761589, 0.00906474, 0.0098093, 0.00490021, 0.00408522, 0.00650155, 0.00536989, 0.00419356, 0.0086311, 0.00921727, 0.00468306, 0.00443185, 0.00742833, 0.00669252, 0.00867024, 0.00446579, 0.00904108, 0.00597803, 0.00648865, 0.00717905, 0.00447013, 0.00691652, 0.00463077, 0.0068364, 0.0080987, 0.00492047, 0.00710399, 0.00550077, 0.00386914, 0.00606406, 0.00868835, 0.00878609, 0.00778469, 0.00846359, 0.00638554, 0.0055396, 0.00662883, 0.00705326, 0.00906695, 0.00955294, 0.00870531, 0.00646715, 0.00833372, 0.00480133, 0.00473451, 0.00661046, 0.00445286, 0.00421313, 0.00631675, 0.00564581, 0.00411039, 0.00462398, 0.00531461, 0.00642858, 0.00390181, 0.00523076, 0.00957645, 0.00390546, 0.00407878, 0.00454315, 0.00914668, 0.00583569, 0.0079593, 0.00571711, 0.00873449, 0.00939347, 0.00975192, 0.00917777, 0.00951252, 0.00440777, 0.00885747, 0.00753848, 0.0079509, 0.00834608, 0.00632392, 0.00744391, 0.00599783, 0.00797576, 0.00729973, 0.00779258, 0.00994397, 0.00588344, 0.00427324, 0.00407649, 0.00975004, 0.00888608, 0.00713508, 0.00925586, 0.00944548, 0.00900764, 0.00649365, 0.0037659, 0.00847072, 0.00730591, 0.0054641, 0.00634372, 0.00892608, 0.00433528, 0.00932235, 0.00830429, 0.00398594];
GivenLatency = [487.21, 538.083, 979.776, 689.413, 385.933, 627.523, 549.529, 505.035, 557.777, 482.648, 562.369, 957.322, 435.754, 712.958, 572.192, 551.534, 610.544, 442.663, 418.741, 445.39, 552.044, 456.698, 604.339, 444.909, 423.867, 525.924, 694.876, 622.627, 384.467, 425.033, 790.344, 819.958, 608.5, 674.345, 1007.82, 515.726, 406.306, 1018.99, 1065, 509.99, 563.072, 530.375, 1101.42, 451.224, 788.958, 728.616, 490.69, 826.683, 676.997, 866.027, 516.65, 482.391, 815.352, 520.56, 820.744, 1231.68, 602.18, 433.941, 524.128, 630.381, 411.626, 550.237, 683.76, 522.445, 633.835, 445.385, 479.812, 450.458, 532.921, 443.265, 808.763, 1050.52, 542.143, 757.052, 813.351, 645.545, 750.467, 1071.92, 803.926, 783.124, 774.335, 1057.58, 721.561, 350.208, 854.525, 856.85, 1081.52, 386.041, 692.043, 521.203, 757.928, 388.485, 492.491, 508.739, 534.983, 425.979, 771.199, 552.528, 642.323, 439.443, 410.656, 600.074, 588.517, 646.113, 443.443, 563.444, 571.244, 478.901, 630.433, 870.328, 881.161, 398.876, 533.675, 506.693, 409.221, 393.147, 417.502, 745.962, 1102.69, 563.837, 493.704, 905.345, 550.332, 411.214, 1097.6, 385.62, 474.532, 1107.58];
HighestPossibleCritFunctionValue = 1.1;
