NumDevices = 64;
NumSlotes = 512;


GivenBandwidthOld = [0.0134364, 0.01006, 0.0141535, 0.0131456, 0.0124914, 0.0083582, 0.0112061, 0.0154807, 0.00933456, 0.0108795, 0.016539, 0.0153979, 0.017126, 0.0115138, 0.00815019, 0.0152454, 0.0148412, 0.0106314, 0.0172101, 0.0152423, 0.0130258, 0.00892048, 0.0115019, 0.0170059, 0.0135984, 0.0133523, 0.0169749, 0.0116841, 0.010228, 0.0168716, 0.0154506, 0.0132629, 0.0144382, 0.00806517, 0.0162804, 0.00956889, 0.009403, 0.0112996, 0.0169547, 0.0125143, 0.0134108, 0.0101447, 0.0164135, 0.0160486, 0.0139722, 0.0149412, 0.0118184, 0.0170884, 0.0103102, 0.00846781, 0.0135217, 0.0135029, 0.00877128, 0.0139591, 0.0150749, 0.00942073, 0.00921596, 0.00756757, 0.0131395, 0.0109106, 0.00862917, 0.0154917, 0.0132369, 0.00820234];
GivenLatency = [80.3131, 114.068, 81.334, 91.6762, 83.8378, 114.052, 105.109, 79.2166, 129.11, 98.0676, 64.2011, 59.669, 62.9037, 96.2502, 136.099, 66.4939, 61.3902, 87.7979, 71.3376, 80.9629, 75.0757, 110.583, 81.6291, 67.6071, 90.3279, 85.528, 57.591, 95.7196, 96.3388, 63.4136, 77.306, 82.438, 69.6922, 121.09, 65.3034, 120.701, 120.772, 106.81, 71.9298, 95.3866, 70.9611, 109.984, 58.7145, 67.5691, 69.7486, 72.1852, 94.2901, 64.3821, 90.7322, 127.942, 78.2453, 88.6031, 107.226, 83.5004, 64.6792, 126.541, 120.584, 124.044, 83.9584, 109.119, 135.824, 59.3802, 93.9224, 128.396];
HighestPossibleCritFunctionValue = 1.1;
