NumDevices = 128;
NumSlotes = 1024;


GivenBandwidthOld = [0.00223335, 0.00347647, 0.00282502, 0.00387012, 0.00316923, 0.00147565, 0.00313641, 0.00297376, 0.00375566, 0.00130762, 0.00410087, 0.00338689, 0.00345376, 0.00226271, 0.00312099, 0.00327148, 0.00128753, 0.00387634, 0.00145255, 0.00230593, 0.00138884, 0.00345159, 0.00329041, 0.00381202, 0.00176659, 0.00229243, 0.00261093, 0.0025829, 0.00336753, 0.003139, 0.00282791, 0.00248224, 0.00212117, 0.00232853, 0.00316708, 0.00280968, 0.00229868, 0.00133343, 0.00348838, 0.00288487, 0.00355563, 0.00205417, 0.00139323, 0.00222492, 0.00240195, 0.00271663, 0.00400591, 0.00425398, 0.00170031, 0.00391851, 0.00402637, 0.00425732, 0.00153419, 0.00263862, 0.00232155, 0.00139409, 0.00425697, 0.00196409, 0.00290141, 0.00343743, 0.00291521, 0.00398597, 0.00353093, 0.00240055, 0.00419428, 0.0013952, 0.00419299, 0.00163756, 0.00241729, 0.00421788, 0.00423717, 0.00353102, 0.00405847, 0.00320548, 0.00131264, 0.00411531, 0.00234221, 0.00180892, 0.00128176, 0.00386663, 0.0039834, 0.00393981, 0.00270182, 0.00192836, 0.00248682, 0.00413668, 0.00198803, 0.00227147, 0.00347428, 0.00349792, 0.00387773, 0.00301931, 0.00361348, 0.00232628, 0.00272626, 0.00332899, 0.00215014, 0.0017492, 0.00386046, 0.00343591, 0.00228306, 0.00145103, 0.00179021, 0.00235349, 0.00384003, 0.00378906, 0.00337043, 0.00180334, 0.00125853, 0.00401438, 0.00283319, 0.00359587, 0.00320342, 0.00421129, 0.00286171, 0.00176212, 0.00224442, 0.00197926, 0.00168398, 0.00135453, 0.00191845, 0.00150456, 0.0015488, 0.00436448, 0.00255372, 0.0034472, 0.00152431, 0.00227805];
GivenLatency = [272.358, 118.653, 152.13, 100.197, 123.142, 438.478, 188.371, 125.293, 91.6544, 272.563, 78.5918, 178.154, 109.218, 143.945, 102.954, 147.275, 325.884, 96.8213, 345.401, 151.803, 377.409, 103.199, 133.375, 105.627, 256.312, 153.94, 185.996, 192.949, 123.003, 116.706, 113.259, 151.304, 162.301, 138.342, 125.202, 181.07, 142.592, 361.527, 165.288, 164.217, 97.5475, 275.388, 321.945, 210.434, 265.924, 219.42, 83.1509, 92.6199, 215.266, 144.33, 96.5203, 143.408, 249.159, 118.592, 258.001, 406.946, 85.2264, 322.872, 153.531, 101.094, 157.577, 95.9196, 101.462, 177.493, 128.763, 300.02, 111.29, 251.035, 153.623, 91.263, 80.7827, 97.1532, 151.377, 126.129, 259.863, 140.455, 186.728, 193.558, 402.604, 82.5808, 126.609, 161.395, 131.21, 189.625, 182.401, 89.1245, 172.622, 249.201, 148.972, 102.705, 95.0609, 191.247, 92.9264, 147.35, 165.909, 123.153, 193.885, 263.568, 161.663, 114.551, 163.495, 426.735, 312.536, 245.972, 134.908, 87.9138, 157.68, 174.878, 468.677, 119.79, 153.586, 119.468, 147.227, 97.542, 115.873, 232.672, 229.92, 267.421, 236.474, 453.024, 189.402, 374.662, 209.32, 117.041, 234.368, 102.944, 209.915, 142.084];
HighestPossibleCritFunctionValue = 1.1;
