NumDevices = 128;
NumSlotes = 1024;


GivenBandwidthOld = [0.00377457, 0.00425191, 0.00807032, 0.00913023, 0.0042023, 0.00554981, 0.00942708, 0.00586024, 0.00797054, 0.00719023, 0.00488355, 0.00534906, 0.00412574, 0.00623236, 0.00596935, 0.00430347, 0.00590866, 0.00926929, 0.00386659, 0.00706164, 0.00622261, 0.004708, 0.00484091, 0.00749292, 0.00469732, 0.00653101, 0.00674066, 0.00526553, 0.00646993, 0.00506066, 0.00708855, 0.00853041, 0.0042906, 0.00835547, 0.00783714, 0.00884563, 0.00849464, 0.00933662, 0.00432455, 0.00404316, 0.00590719, 0.00970251, 0.00378806, 0.0058454, 0.00867476, 0.00541894, 0.00992901, 0.00436873, 0.00907268, 0.0058455, 0.00410762, 0.00808184, 0.00896341, 0.00686335, 0.00484791, 0.00629454, 0.00737623, 0.00596758, 0.00592308, 0.0079533, 0.00488212, 0.00629995, 0.00444977, 0.00858565, 0.00776116, 0.00673737, 0.00627843, 0.00535244, 0.00465008, 0.00633777, 0.00893281, 0.00503985, 0.00723106, 0.00995972, 0.00793571, 0.00919817, 0.00868345, 0.00771472, 0.00749277, 0.00846729, 0.00592228, 0.00708166, 0.00513841, 0.00752178, 0.0085, 0.00578176, 0.00778034, 0.0042464, 0.00920224, 0.00821945, 0.00928638, 0.00990705, 0.00408302, 0.00708482, 0.00823377, 0.00625143, 0.00779164, 0.00655737, 0.00604362, 0.00894731, 0.00502338, 0.0055242, 0.00398924, 0.00590071, 0.0069958, 0.00590808, 0.00592367, 0.00531722, 0.0064613, 0.00999524, 0.00502698, 0.00969353, 0.00910315, 0.00537539, 0.00918143, 0.00858193, 0.00774965, 0.00703425, 0.008361, 0.00702029, 0.00497449, 0.00874731, 0.00601375, 0.00687971, 0.00479433, 0.0057338, 0.00793906, 0.00930591];
GivenLatency = [1060.2, 898.359, 517.699, 458.693, 921.4, 719.27, 396.819, 702.307, 509.66, 564.855, 698.51, 635.11, 965.74, 754.715, 600.38, 1090.62, 650.134, 515.408, 945.053, 576.109, 674.743, 897.361, 1028.14, 574.685, 711.748, 579.024, 500.552, 736.359, 519.391, 789.251, 640.253, 497.912, 1061.63, 421.495, 443.273, 464.085, 467.444, 371.22, 815.012, 1055.81, 613.295, 388.124, 894.889, 607.541, 566.332, 686.522, 417.529, 1000.1, 465.335, 631.918, 944.208, 533.745, 457.437, 536.495, 826.411, 579.319, 631.32, 639.411, 667.478, 515.04, 992.095, 542.244, 1001.46, 464.78, 590.731, 606.415, 591.405, 874.416, 891.787, 691.975, 478.808, 861.885, 628.75, 378.334, 530.512, 398.686, 410.732, 483.99, 512.41, 494.65, 814.802, 532.82, 762.689, 468.461, 457.898, 859.59, 560.755, 833.518, 392.497, 415.295, 370.755, 416.795, 906.325, 528.273, 417.325, 724.298, 462.436, 599.045, 572.966, 375.737, 792.521, 696.148, 893.976, 683.147, 507.355, 735.709, 615.498, 937.65, 619.107, 493.02, 930.279, 444.197, 535.373, 638.922, 445.275, 482.593, 592.126, 592.662, 412.76, 536.735, 927.935, 496.306, 577.667, 686.855, 786.674, 743.978, 560.306, 365.743];
HighestPossibleCritFunctionValue = 1.1;
