NumDevices = 32;
NumSlotes = 256;


GivenBandwidthOld = [0.0221216, 0.0269839, 0.0289879, 0.0293216, 0.0176803, 0.022019, 0.023348, 0.0205081, 0.029439, 0.0318932, 0.0184925, 0.0339434, 0.016742, 0.0322611, 0.0219457, 0.0306769, 0.0163386, 0.0333011, 0.0212199, 0.0332355, 0.0184906, 0.0214856, 0.0179655, 0.0156447, 0.0297725, 0.0170792, 0.0200427, 0.0279869, 0.0263115, 0.0280093, 0.0227248, 0.0263297];
GivenLatency = [38.4497, 37.4847, 30.5602, 37.1778, 54.0612, 40.5578, 45.6125, 42.9613, 29.6367, 27.4092, 55.26, 34.3554, 55.902, 32.0624, 43.6294, 29.3283, 63.8447, 30.8154, 45.0208, 25.8907, 53.5405, 49.7601, 58.5484, 54.5081, 35.8289, 56.1945, 48.3588, 31.031, 41.2373, 35.8803, 38.1738, 32.2345];
HighestPossibleCritFunctionValue = 1.1;
