NumDevices = 32;
NumSlotes = 256;


GivenBandwidthOld = [0.0381995, 0.0288817, 0.0247034, 0.024909, 0.0310265, 0.021598, 0.0329444, 0.0319504, 0.026182, 0.0253272, 0.0343313, 0.0153504, 0.0298187, 0.0230753, 0.0357554, 0.0252004, 0.0284007, 0.0154304, 0.0240141, 0.0394182, 0.0366135, 0.0235235, 0.0202374, 0.0154966, 0.0356426, 0.0301562, 0.0208384, 0.0162565, 0.0324007, 0.0181736, 0.0288646, 0.0377408];
GivenLatency = [60.6804, 60.2515, 86.4525, 86.7887, 70.6134, 85.8648, 52.8741, 74.6584, 81.2073, 90.2141, 50.2553, 122.445, 70.0133, 94.3616, 48.6032, 80.2578, 71.2642, 146.13, 83.0355, 50.8909, 60.5556, 97.6204, 96.0065, 115.464, 54.0948, 58.2006, 111.576, 141.226, 69.1933, 103.328, 59.1329, 44.6026];
HighestPossibleCritFunctionValue = 1.1;
