NumDevices = 64;
NumSlotes = 512;


GivenBandwidthOld = [0.0132487, 0.0156055, 0.0169917, 0.0144701, 0.0140966, 0.0159516, 0.0129963, 0.014158, 0.00847985, 0.0157788, 0.00850805, 0.00978093, 0.0130779, 0.0147744, 0.00824178, 0.0146441, 0.00881154, 0.0105344, 0.0174611, 0.0143228, 0.0083775, 0.0156055, 0.0162919, 0.0123611, 0.00786865, 0.0134568, 0.01295, 0.0148276, 0.0117503, 0.0116958, 0.0158234, 0.00954217, 0.0103221, 0.0085624, 0.0133205, 0.013206, 0.00827213, 0.0147432, 0.0132832, 0.015951, 0.01335, 0.0085726, 0.014696, 0.0111452, 0.0115772, 0.0138254, 0.0087066, 0.0168563, 0.00824973, 0.00826216, 0.017161, 0.00907922, 0.00943344, 0.0128137, 0.0147738, 0.00892919, 0.00783001, 0.0140387, 0.0127425, 0.00772534, 0.014787, 0.00998866, 0.0144789, 0.0114986];
GivenLatency = [82.624, 76.5225, 67.4548, 63.1967, 64.5373, 77.6323, 83.8114, 68.5649, 137.266, 63.6195, 121.859, 94.8609, 80.8583, 66.1019, 146.938, 79.9605, 116.164, 94.4737, 64.5674, 64.2402, 118.337, 71.2292, 60.9936, 76.9234, 151.304, 73.7619, 81.6546, 75.7035, 80.1165, 85.8055, 59.3468, 107.915, 102.485, 116.606, 71.299, 84.2575, 144.121, 71.0928, 69.4306, 57.9579, 71.8864, 137.327, 65.0168, 95.6037, 82.7312, 88.5069, 127.619, 58.9098, 121.987, 126.405, 70.0907, 103.606, 103.52, 72.8379, 84.079, 116.383, 119.551, 87.2424, 85.9892, 123.687, 69.9999, 103.472, 78.7192, 85.4872];
HighestPossibleCritFunctionValue = 1.1;
