NumDevices = 128;
NumSlotes = 1024;


GivenBandwidthOld = [0.00860246, 0.00912653, 0.00466101, 0.00880142, 0.0092219, 0.00755133, 0.00511654, 0.00869138, 0.00971384, 0.00672969, 0.00841618, 0.00952399, 0.00975689, 0.00534611, 0.00452989, 0.00505256, 0.008375, 0.00481778, 0.00618579, 0.00455004, 0.00625155, 0.00987213, 0.00466202, 0.00705093, 0.0074852, 0.00620406, 0.0054684, 0.00991837, 0.00685698, 0.00395848, 0.00773898, 0.0090103, 0.00742067, 0.00926796, 0.0065926, 0.00430025, 0.00805805, 0.00908285, 0.00804385, 0.00804314, 0.00858748, 0.00731809, 0.00393284, 0.00800819, 0.00861673, 0.0050767, 0.00788292, 0.00940562, 0.00772486, 0.00917336, 0.00410601, 0.00591333, 0.00661354, 0.00632535, 0.00641339, 0.00477679, 0.00483831, 0.00749283, 0.00945204, 0.00666448, 0.00612132, 0.00854126, 0.00545942, 0.00903962, 0.00642059, 0.00718334, 0.00796666, 0.00443587, 0.00611835, 0.00860139, 0.00987173, 0.00411883, 0.00889504, 0.0077606, 0.00987268, 0.00766592, 0.00608163, 0.00396816, 0.00787005, 0.00569992, 0.00726029, 0.00741119, 0.00609971, 0.00780924, 0.00864046, 0.0040271, 0.00468629, 0.00876784, 0.00736374, 0.00859532, 0.00784145, 0.00632559, 0.00412852, 0.00925293, 0.00407973, 0.00809904, 0.00431328, 0.00834924, 0.00943807, 0.00936425, 0.00624224, 0.00951169, 0.00920438, 0.00674555, 0.0061722, 0.00746351, 0.00428747, 0.00583309, 0.0080678, 0.00430864, 0.0053918, 0.00379471, 0.00517307, 0.00872598, 0.00998553, 0.00423776, 0.00774804, 0.00507847, 0.00637263, 0.00727945, 0.00447387, 0.00725903, 0.00506022, 0.00588643, 0.00446487, 0.00607041, 0.00904954, 0.00436306];
GivenLatency = [446.717, 428.193, 846.967, 383.353, 430.495, 605.479, 818.605, 507.623, 445.885, 501.786, 399.757, 511.904, 447.948, 653.879, 738.998, 795.977, 466.94, 733.033, 665.654, 880.5, 685.116, 359.069, 873.786, 627.08, 447.313, 594.134, 795.482, 378.915, 560.371, 1097.04, 556.519, 434.998, 468.682, 416.699, 623.476, 860.617, 467.802, 371.002, 416.415, 504.1, 517.52, 475.845, 1064.77, 497.872, 398.326, 747.645, 492.38, 421.076, 458.844, 519.184, 1149.01, 765.87, 740.538, 540.071, 556.797, 723.914, 851.729, 536.222, 484.416, 540.08, 641.585, 418.567, 768.529, 455.007, 697.265, 467.377, 480.607, 776.536, 752.969, 571.684, 407.102, 811.238, 560.452, 515.945, 480.787, 631.267, 617.841, 1037.88, 456.509, 767.206, 559.233, 524.735, 599.878, 549.738, 475.283, 1134.19, 717.29, 448.997, 491.054, 446.799, 443.928, 613.473, 937.181, 473.641, 920.204, 462.42, 876.656, 579.99, 431.099, 412.567, 670.021, 382.086, 394.243, 729.318, 540.793, 594.597, 937.099, 686.958, 572.227, 951.772, 842.941, 1138.66, 649.23, 563.746, 344.843, 866.791, 616.774, 982.167, 632.746, 575.319, 982.961, 609.515, 847.254, 587.304, 887.528, 801.624, 470.082, 923.235];
HighestPossibleCritFunctionValue = 1.1;
