NumDevices = 16;
NumSlotes = 128;


GivenBandwidthOld = [0.0322243, 0.0535062, 0.0579463, 0.0426689, 0.0363427, 0.0324388, 0.0588058, 0.0490934, 0.0535303, 0.0629587, 0.0463747, 0.0401968, 0.0483438, 0.0541671, 0.0456774, 0.0392469];
GivenLatency = [30.4316, 17.7701, 14.8966, 20.6536, 21.8405, 23.7739, 14.6235, 16.0871, 18.3394, 14.6321, 23.3234, 25.2423, 17.7184, 18.7295, 21.4241, 21.5533];
HighestPossibleCritFunctionValue = 1.1;
