NumDevices = 32;
NumSlotes = 256;


GivenBandwidthOld = [0.0328635, 0.0277107, 0.0230373, 0.0182483, 0.0293258, 0.0283724, 0.0249827, 0.0337571, 0.0253437, 0.021477, 0.0338812, 0.0318112, 0.0202304, 0.0222855, 0.0219252, 0.0274707, 0.0302226, 0.0206853, 0.0279637, 0.0166462, 0.0220138, 0.0155712, 0.0158144, 0.0228359, 0.0321656, 0.016886, 0.03281, 0.0269079, 0.0314517, 0.0195201, 0.0238086, 0.0211185];
GivenLatency = [27.9714, 31.0876, 39.6175, 60.1905, 37.5121, 32.3816, 45.696, 29.4678, 37.4545, 51.8465, 24.6331, 29.6591, 53.8375, 46.9514, 43.687, 39.1663, 34.1942, 49.8666, 36.9633, 58.878, 45.8386, 54.8893, 55.0357, 38.8579, 26.1867, 51.7378, 33.4489, 34.5658, 34.8883, 58.4093, 46.9436, 43.2227];
HighestPossibleCritFunctionValue = 1.1;
