NumDevices = 128;
NumSlotes = 1024;


GivenBandwidthOld = [0.00701691, 0.00577351, 0.00789423, 0.00590567, 0.00416501, 0.00874881, 0.00376204, 0.00610442, 0.00442751, 0.00571183, 0.00618319, 0.00841006, 0.00532853, 0.00417797, 0.00667672, 0.00819573, 0.00820675, 0.00829197, 0.00557843, 0.00417262, 0.00674372, 0.00418374, 0.00855927, 0.00815978, 0.00393415, 0.00868855, 0.00588268, 0.00775058, 0.00657739, 0.0087252, 0.00697416, 0.0071717, 0.00731637, 0.00376421, 0.00759255, 0.00556108, 0.00762299, 0.0071215, 0.00848816, 0.00794183, 0.00582291, 0.00815403, 0.00729551, 0.00809967, 0.00859515, 0.00618537, 0.00496409, 0.00401028, 0.00828595, 0.00444914, 0.00417397, 0.00445639, 0.00605257, 0.00809665, 0.00794813, 0.00675082, 0.00857441, 0.00765206, 0.00567947, 0.00729788, 0.00793772, 0.00684818, 0.00484259, 0.00691836, 0.00444901, 0.00699977, 0.00760116, 0.00511604, 0.00779675, 0.00754574, 0.00379406, 0.00434481, 0.00563939, 0.00874144, 0.00493792, 0.00414309, 0.00538294, 0.00851461, 0.0076132, 0.00753949, 0.00863756, 0.00394651, 0.00652142, 0.0080119, 0.00843795, 0.00410293, 0.00545145, 0.00498312, 0.00383103, 0.0055449, 0.00569403, 0.00707646, 0.00655729, 0.00591187, 0.0082864, 0.00695924, 0.0065201, 0.00576752, 0.00713267, 0.00621, 0.00399374, 0.0052941, 0.00536807, 0.00869014, 0.00763548, 0.00705642, 0.0046942, 0.00788466, 0.00489413, 0.00816874, 0.00445753, 0.00523723, 0.00470366, 0.00694035, 0.00393945, 0.00791197, 0.00402112, 0.00544152, 0.00819537, 0.00702791, 0.00552361, 0.00773261, 0.00447997, 0.00733745, 0.00809572, 0.00730522, 0.00625446, 0.0062147];
GivenLatency = [141.428, 208.595, 120.842, 170.386, 297.952, 140.302, 335.073, 176.337, 250.151, 211.662, 202.2, 127.748, 197.913, 246.796, 151.673, 140.348, 119.862, 127.174, 204.961, 263.151, 145.309, 270.627, 128.151, 153.338, 271.957, 138.058, 180.502, 161.914, 186.182, 147.849, 164.94, 179.849, 174.006, 270.777, 152.725, 206.659, 137.228, 161.264, 145.214, 127.34, 210.638, 124.156, 156.253, 127.74, 127.113, 163.24, 193.66, 296.25, 119.2, 281.979, 301.025, 253.404, 166.362, 144.426, 157.966, 181.718, 145.703, 128.97, 205.518, 135.635, 150.523, 151.54, 198.268, 166.304, 253.831, 165.396, 140.321, 201.834, 151.602, 153.755, 259.008, 227.831, 197.202, 138.579, 205.074, 260.183, 194.44, 113.51, 129.079, 151.49, 113.721, 308.446, 184.241, 132.15, 113.089, 268.738, 201.513, 223.188, 263.261, 205.83, 174.065, 140.932, 189.664, 178.729, 152.957, 169.495, 161.333, 170.282, 149.655, 188.059, 259.415, 182.443, 199.796, 140.824, 141.797, 153.819, 239.362, 155.889, 254.185, 122.855, 257.291, 224.877, 250.199, 159.533, 279.247, 122.862, 263.582, 191.968, 118.787, 144.022, 183.216, 150.344, 228.412, 160.146, 149.549, 169.406, 204.001, 178.001];
HighestPossibleCritFunctionValue = 1.1;
