NumDevices = 64;
NumSlotes = 512;


GivenBandwidthOld = [0.00982017, 0.0150339, 0.0177182, 0.0196181, 0.0145936, 0.017122, 0.0120522, 0.0164886, 0.0166693, 0.0151775, 0.0174248, 0.0143078, 0.0137105, 0.0118947, 0.0193018, 0.0100535, 0.0115811, 0.0115606, 0.0169475, 0.0164544, 0.0167809, 0.0158438, 0.0173563, 0.0130392, 0.0172966, 0.00893823, 0.0173163, 0.0151307, 0.0193103, 0.0152978, 0.0145011, 0.0120265, 0.0101055, 0.0106613, 0.0137474, 0.0198065, 0.017055, 0.0112644, 0.0133727, 0.0101856, 0.0190921, 0.0110948, 0.0136448, 0.00854491, 0.019236, 0.0176384, 0.0164578, 0.0105811, 0.0167977, 0.0120274, 0.0122938, 0.0149936, 0.0149259, 0.0154078, 0.013787, 0.0108913, 0.0180323, 0.0115146, 0.0181042, 0.0193546, 0.0107563, 0.0112066, 0.0167235, 0.0142112];
GivenLatency = [265.868, 177.881, 153.285, 155.648, 209.923, 160.448, 199.459, 196.157, 151.832, 153.182, 188.298, 189.279, 184.117, 211.563, 154.472, 270.136, 270.51, 233.001, 141.97, 139.233, 175.712, 143.783, 137.377, 212.158, 182.809, 272.221, 151.189, 150.245, 127.406, 154.896, 156.223, 194.294, 308.882, 290.513, 206.548, 156.101, 138.137, 235.547, 227.64, 218.957, 136.479, 281.577, 174.413, 294.403, 120.789, 173.231, 189.79, 218.017, 193.522, 264.338, 212.178, 158.804, 158.586, 145.462, 235.904, 260.888, 157.014, 202.464, 169.369, 137.102, 290.369, 240.346, 160.648, 162.249];
HighestPossibleCritFunctionValue = 1.1;
