NumDevices = 128;
NumSlotes = 1024;


GivenBandwidthOld = [0.00644296, 0.00429079, 0.00773008, 0.0068981, 0.00390897, 0.00554662, 0.00449444, 0.0056138, 0.00869454, 0.00670534, 0.00409869, 0.0042482, 0.0069442, 0.00861641, 0.00856243, 0.00629163, 0.00595874, 0.00599, 0.00636454, 0.00629111, 0.00717552, 0.00639187, 0.00573565, 0.00659406, 0.00381566, 0.00725543, 0.00444466, 0.0038769, 0.00663124, 0.00380603, 0.00540317, 0.00865919, 0.00746192, 0.00490927, 0.00754863, 0.00732021, 0.00835414, 0.00554281, 0.00550041, 0.00795074, 0.00554445, 0.00799864, 0.0055732, 0.00629016, 0.0062899, 0.0069087, 0.0070549, 0.00419553, 0.00685168, 0.00375218, 0.00539967, 0.00482352, 0.00635501, 0.00622703, 0.00514388, 0.0056809, 0.00639582, 0.00699506, 0.00852759, 0.00570429, 0.00453606, 0.00511086, 0.00566622, 0.00458492, 0.00630036, 0.00765186, 0.00728748, 0.00816281, 0.00481306, 0.00558775, 0.00585806, 0.00391221, 0.00507712, 0.00863715, 0.00714238, 0.00454148, 0.00607886, 0.00489301, 0.00425823, 0.00561924, 0.00509945, 0.00402915, 0.00543912, 0.00771069, 0.00612282, 0.00375466, 0.00710444, 0.00681209, 0.00821566, 0.00811751, 0.00856024, 0.00444505, 0.00539447, 0.00735508, 0.00425019, 0.00547354, 0.00623149, 0.00510351, 0.00725431, 0.0057189, 0.0049881, 0.00755709, 0.00456788, 0.00487258, 0.00596202, 0.00616093, 0.00424445, 0.0040032, 0.00436274, 0.00710843, 0.00396018, 0.00626504, 0.00399048, 0.00556336, 0.00583105, 0.00499939, 0.00722493, 0.00683312, 0.0068291, 0.00423811, 0.00746531, 0.00688715, 0.00487307, 0.0041891, 0.00868383, 0.00655914, 0.00702188, 0.00428271];
GivenLatency = [153.021, 250.089, 123.784, 143.637, 276.714, 176.143, 222.117, 192.242, 143.727, 155.476, 248.986, 301.851, 165.97, 113.299, 148.042, 199.162, 170.314, 206.254, 152.41, 156.386, 153.343, 189.059, 211.392, 183.803, 250.546, 143.804, 257.357, 294.013, 157.728, 261.646, 177.994, 147.923, 147.811, 205.823, 146.498, 139.887, 126.198, 200.787, 219.205, 147.146, 179.889, 150.701, 202.195, 170.155, 153.353, 180.882, 141.076, 254.034, 158.798, 327.02, 209.158, 260.581, 174.672, 189.221, 216.077, 187.887, 182.586, 156.988, 132.691, 220.964, 212.099, 205.272, 182.571, 226.477, 201.814, 133.518, 172.589, 141.428, 242.94, 192.259, 189.586, 266.062, 199.823, 136.903, 141.819, 214.16, 170.057, 198.498, 255.713, 176.119, 251.616, 244.517, 191.486, 157.779, 175.493, 302.861, 144.001, 162.35, 129.899, 129.284, 119.268, 264.139, 199.049, 159.222, 270.72, 189.397, 179.566, 245.847, 151.336, 192.438, 226.262, 155.565, 217.468, 221.448, 168.533, 203.185, 266.487, 320.964, 218.888, 170.157, 275.429, 162.757, 297.516, 194.105, 163.517, 213.24, 143.209, 140.274, 141.202, 227.495, 134.62, 172.061, 235.763, 233.259, 117.918, 196.525, 148.05, 300.078];
HighestPossibleCritFunctionValue = 1.1;
