NumDevices = 64;
NumSlotes = 512;


GivenBandwidthOld = [0.0117845, 0.00779458, 0.00846252, 0.0146408, 0.0127735, 0.0089253, 0.0124574, 0.0159942, 0.00971487, 0.0127979, 0.00931263, 0.01237, 0.0169154, 0.012771, 0.0167148, 0.0104969, 0.0169176, 0.00985286, 0.0119627, 0.0114059, 0.0133482, 0.00831742, 0.0159146, 0.0120906, 0.0118973, 0.012239, 0.0162841, 0.0117789, 0.0130273, 0.0142165, 0.0113638, 0.0167481, 0.0096223, 0.0169787, 0.015909, 0.0169404, 0.0128226, 0.0147497, 0.0130942, 0.00950265, 0.0160652, 0.0127086, 0.00852743, 0.0155926, 0.00988289, 0.0167813, 0.00864725, 0.00940992, 0.00754879, 0.017437, 0.00883572, 0.0169048, 0.0142886, 0.0132564, 0.0146669, 0.0114101, 0.0144842, 0.0107891, 0.0167015, 0.0169752, 0.0171653, 0.0114025, 0.00750291, 0.016484];
GivenLatency = [92.3263, 145.057, 114.31, 72.1336, 96.0093, 118.968, 82.8132, 60.9679, 114.557, 74.8246, 116.848, 75.2425, 70.4412, 75.6842, 56.2952, 95.4252, 69.4207, 99.861, 88.3562, 84.506, 91.8441, 147.134, 70.2447, 92.3677, 94.7279, 90.1725, 66.4075, 94.0757, 70.2818, 80.5921, 90.9677, 71.1792, 117.575, 55.4445, 65.1296, 65.0668, 90.0361, 72.6743, 77.2521, 104.631, 65.4535, 80.7306, 129.005, 78.6433, 93.7463, 72.7443, 142.605, 102.041, 123.245, 54.8657, 113.131, 68.4586, 67.4335, 87.6451, 79.4845, 93.8624, 68.2103, 89.032, 68.5793, 55.1167, 55.8964, 82.4392, 135.448, 63.624];
HighestPossibleCritFunctionValue = 1.1;
