NumDevices = 16;
NumSlotes = 128;


GivenBandwidthOld = [0.0641624, 0.0466304, 0.0370636, 0.0477719, 0.0721494, 0.0341285, 0.0681747, 0.0315977, 0.0317188, 0.0682438, 0.0435943, 0.0602, 0.0516407, 0.0459813, 0.0774731, 0.0599532];
GivenLatency = [25.0893, 28.6479, 42.8534, 28.3094, 23.0685, 51.6252, 21.7703, 57.2506, 52.8124, 22.2258, 45.0168, 24.7016, 32.1783, 42.3934, 23.0299, 24.0849];
HighestPossibleCritFunctionValue = 1.1;
