NumDevices = 32;
NumSlotes = 256;


GivenBandwidthOld = [0.00742414, 0.0100987, 0.0112103, 0.00571612, 0.0157529, 0.0166619, 0.00705287, 0.00763986, 0.0106559, 0.0143087, 0.00589231, 0.0145507, 0.0108279, 0.0174752, 0.0136163, 0.00695142, 0.0150601, 0.0093257, 0.0069769, 0.00580851, 0.0061611, 0.0070853, 0.0150828, 0.0168161, 0.0109033, 0.00855989, 0.0111416, 0.0141717, 0.016174, 0.0068878, 0.00833186, 0.0159971];
GivenLatency = [63.6766, 52.0207, 30.9597, 105.885, 19.8111, 34.8086, 59.415, 42.4254, 31.2957, 26.7548, 95.2088, 28.8824, 34.5505, 19.5486, 40.1507, 45.7859, 23.8194, 55.3338, 59.099, 56.7639, 55.4055, 48.0641, 21.5276, 21.5327, 40.5619, 67.3489, 48.3453, 31.3875, 35.6418, 91.2394, 58.0915, 36.0232];
HighestPossibleCritFunctionValue = 1.1;
