NumDevices = 32;
NumSlotes = 256;


GivenBandwidthOld = [0.0105885, 0.00554619, 0.00984718, 0.00902396, 0.0106907, 0.0104687, 0.0169904, 0.0156742, 0.00569814, 0.0135896, 0.00805485, 0.0103666, 0.0145859, 0.0150258, 0.00867021, 0.0152958, 0.00947337, 0.0139464, 0.00532257, 0.0138891, 0.0163702, 0.0162524, 0.0117501, 0.0157913, 0.0112279, 0.014949, 0.00522146, 0.0146503, 0.00997968, 0.0110627, 0.013726, 0.0124101];
GivenLatency = [42.7975, 77.2293, 39.9616, 60.4189, 34.875, 60.8751, 23.5255, 39.2106, 67.8613, 29.7623, 39.4348, 51.4977, 43.5747, 24.0248, 35.303, 23.9688, 53.0596, 34.5576, 100.037, 32.5491, 35.0524, 25.6257, 33.1353, 20.0432, 40.4155, 20.6559, 83.8868, 35.0731, 44.3784, 29.3221, 23.8907, 31.7616];
HighestPossibleCritFunctionValue = 1.1;
