NumDevices = 64;
NumSlotes = 512;


GivenBandwidthOld = [0.0137215, 0.0124755, 0.0108898, 0.0104657, 0.0120252, 0.012654, 0.0113661, 0.0150376, 0.0124663, 0.0153449, 0.0166414, 0.0167174, 0.0143666, 0.0148892, 0.0172577, 0.0156526, 0.00889544, 0.0106025, 0.0107978, 0.0138326, 0.009785, 0.0114154, 0.0132791, 0.0172336, 0.010001, 0.0124985, 0.0164617, 0.0169365, 0.0173711, 0.0108043, 0.013565, 0.0113819, 0.0102971, 0.0079813, 0.0167543, 0.0139087, 0.0080057, 0.0168272, 0.00994831, 0.0162611, 0.0159075, 0.0126053, 0.0118549, 0.010673, 0.015547, 0.01371, 0.00875041, 0.0131198, 0.0101541, 0.0149342, 0.0144861, 0.0130916, 0.0157683, 0.012382, 0.00971975, 0.0148982, 0.00964857, 0.00843296, 0.00770234, 0.00830022, 0.0167504, 0.00887084, 0.0171478, 0.00859529];
GivenLatency = [68.9348, 84.1919, 88.6477, 118.945, 81.2257, 74.056, 89.8882, 61.4076, 85.9281, 61.2367, 62.6521, 60.2357, 84.7616, 73.4668, 59.7716, 64.5646, 110.614, 112.109, 86.3123, 83.9944, 95.0004, 84.7573, 82.7039, 61.3674, 107.916, 74.7758, 71.5685, 58.3918, 63.4937, 107.202, 82.6101, 101.469, 88.2883, 127.872, 62.3632, 67.308, 119.865, 71.4378, 92.9055, 74.5321, 76.1317, 75.5744, 101.7, 117.021, 71.6975, 70.8387, 137.024, 75.0281, 90.2134, 64.5558, 75.941, 81.205, 74.2464, 88.3626, 96.0856, 80.9899, 99.4653, 130.686, 120.202, 133.969, 67.5757, 121.773, 57.1285, 117.799];
HighestPossibleCritFunctionValue = 1.1;
