NumDevices = 16;
NumSlotes = 128;


GivenBandwidthOld = [0.0575393, 0.0330961, 0.0662246, 0.0560146, 0.0578676, 0.050182, 0.079255, 0.0593991, 0.0408726, 0.0657092, 0.0436968, 0.0318048, 0.0634338, 0.0511706, 0.0443779, 0.0797263];
GivenLatency = [23.2724, 44.9417, 24.3301, 33.4221, 23.5948, 27.5508, 16.907, 26.0057, 42.2019, 20.3346, 30.7241, 60.9672, 24.6128, 32.0279, 35.5957, 20.2321];
HighestPossibleCritFunctionValue = 1.1;
