NumDevices = 64;
NumSlotes = 512;


GivenBandwidthOld = [0.0064367, 0.0040409, 0.00667155, 0.00746413, 0.00341004, 0.00371754, 0.00324749, 0.00313124, 0.0054584, 0.00556792, 0.0025495, 0.00314551, 0.00778756, 0.007947, 0.00647391, 0.00452595, 0.00257962, 0.00315756, 0.00404995, 0.00871477, 0.00407917, 0.00606205, 0.00739636, 0.00817727, 0.0078235, 0.0057758, 0.00262285, 0.0047949, 0.00417776, 0.00692517, 0.00753163, 0.00660757, 0.00717969, 0.00410258, 0.00573786, 0.0087472, 0.00546509, 0.00545082, 0.00313467, 0.00693717, 0.0029566, 0.00783201, 0.00501547, 0.00507456, 0.0044602, 0.00388397, 0.0067147, 0.00773715, 0.00446293, 0.00603015, 0.00251571, 0.00402809, 0.00393157, 0.00669051, 0.00737209, 0.00652096, 0.0077907, 0.00460326, 0.00817176, 0.00275398, 0.00872142, 0.00343246, 0.00564953, 0.00532038];
GivenLatency = [73.9196, 99.1378, 57.796, 47.4389, 114.568, 102.193, 161.687, 136.375, 56.6171, 59.0958, 215.803, 200.879, 61.9785, 74.5966, 50.7716, 124.689, 152.735, 125.3, 123.795, 36.6508, 83.4248, 58.3367, 75.3621, 54.1654, 46.4343, 79.2403, 187.165, 134.784, 103.612, 63.1192, 52.4174, 75.0266, 56.8491, 78.1361, 95.367, 64.7419, 75.6123, 62.2769, 100.654, 80.1752, 175.822, 65.0201, 118.93, 104.535, 144.398, 116.876, 49.6616, 45.7204, 77.8233, 55.7477, 201.604, 78.5011, 116.879, 55.9152, 77.3102, 68.3994, 60.5057, 116.104, 74.0494, 226.899, 56.5787, 131.873, 88.7636, 67.606];
HighestPossibleCritFunctionValue = 1.1;
