NumDevices = 32;
NumSlotes = 256;


GivenBandwidthOld = [0.00587466, 0.00538276, 0.013123, 0.016011, 0.0174856, 0.0129966, 0.0168513, 0.0141945, 0.0127463, 0.0103896, 0.012809, 0.0131356, 0.0141999, 0.0157133, 0.0135672, 0.00612957, 0.014673, 0.016389, 0.00718787, 0.0140472, 0.010608, 0.00915215, 0.0152464, 0.0160771, 0.015246, 0.00928508, 0.0118208, 0.0166513, 0.0155369, 0.0112639, 0.00704404, 0.00918176];
GivenLatency = [63.9324, 76.356, 46.9095, 22.111, 17.8365, 36.458, 20.4949, 25.9838, 26.9523, 32.828, 47.7575, 41.8456, 26.175, 29.2697, 34.1908, 67.5213, 36.8751, 34.0256, 69.047, 40.5072, 47.0169, 58.4874, 34.2813, 19.617, 33.1433, 47.7333, 30.9058, 24.5623, 37.8193, 50.6825, 43.6634, 36.7055];
HighestPossibleCritFunctionValue = 1.1;
