NumDevices = 16;
NumSlotes = 128;


GivenBandwidthOld = [0.0126556, 0.0170799, 0.0267156, 0.0233095, 0.0277595, 0.0182148, 0.0267403, 0.0134821, 0.0344795, 0.0126762, 0.0145398, 0.0349348, 0.0149739, 0.0319488, 0.0291253, 0.0247244];
GivenLatency = [24.5114, 24.6733, 19.5029, 24.8709, 20.6675, 20.8125, 22.6672, 33.3299, 18.2381, 26.6159, 24.2753, 8.81888, 23.8773, 14.3393, 12.0037, 13.0939];
HighestPossibleCritFunctionValue = 1.1;
