NumDevices = 128;
NumSlotes = 1024;


GivenBandwidthOld = [0.00274397, 0.0041519, 0.00167508, 0.00184633, 0.0018401, 0.00351394, 0.00126427, 0.0035727, 0.0013604, 0.00367502, 0.00236908, 0.00338409, 0.00331923, 0.00376423, 0.00162543, 0.00170501, 0.00178286, 0.0038322, 0.00344399, 0.00382292, 0.00369176, 0.00237064, 0.00148998, 0.00328102, 0.00229836, 0.00234087, 0.00416782, 0.003576, 0.00371492, 0.0041755, 0.00140452, 0.00144771, 0.002257, 0.00402578, 0.00370682, 0.00241704, 0.00327395, 0.00211612, 0.00182402, 0.00185488, 0.00189375, 0.00193167, 0.00186934, 0.00432591, 0.00435753, 0.00132016, 0.00238655, 0.00316156, 0.00380637, 0.00366155, 0.0040993, 0.00198131, 0.00169689, 0.00282602, 0.00197464, 0.002195, 0.0025398, 0.00386957, 0.00343769, 0.00405487, 0.0020349, 0.00245479, 0.00328228, 0.00155664, 0.00180858, 0.00174541, 0.00263614, 0.00427223, 0.00213962, 0.00311453, 0.00400669, 0.00174087, 0.00437262, 0.00180878, 0.0020916, 0.00230862, 0.00287276, 0.00306438, 0.0018285, 0.00225481, 0.00157927, 0.00409617, 0.00237218, 0.00238327, 0.00131754, 0.00201918, 0.00384452, 0.00417382, 0.00132649, 0.00248252, 0.00375174, 0.00421022, 0.00368478, 0.00377094, 0.001861, 0.00158677, 0.00191435, 0.00129782, 0.00177764, 0.00358782, 0.00231339, 0.00184253, 0.00363568, 0.0036694, 0.00163311, 0.0026749, 0.00263683, 0.00347608, 0.00243068, 0.00427354, 0.00223835, 0.00309646, 0.00352582, 0.00409204, 0.00184663, 0.00387752, 0.00268033, 0.00332739, 0.00342441, 0.00274459, 0.00200981, 0.00263002, 0.00153005, 0.00184033, 0.00409888, 0.00428641, 0.00285809, 0.00335575];
GivenLatency = [189.784, 121.307, 199.019, 207.216, 273.877, 106.518, 318.011, 123.894, 234.682, 87.537, 189.837, 193.618, 196.325, 91.9671, 195.334, 226.806, 196.242, 111.648, 114.004, 96.9854, 85.0148, 141.022, 355.959, 151.892, 149.231, 196.779, 77.4082, 121.228, 95.5719, 145.385, 311.756, 428.058, 247.109, 146.456, 118.942, 219.463, 144.78, 212.876, 174.263, 252.797, 205.562, 200.339, 176.004, 108.166, 76.5717, 326.071, 138.562, 129.94, 89.5198, 132.876, 85.0628, 183.954, 315.415, 203.073, 169.365, 249.624, 123.945, 107.854, 144.312, 113.244, 235.257, 218.402, 119.141, 324.931, 228.136, 291.157, 150.26, 147.206, 271.77, 180.698, 92.3628, 190.239, 127.853, 218.899, 208.359, 205.596, 117.917, 137.876, 179.655, 154.029, 220.854, 126.761, 143.499, 174.663, 305.851, 182.041, 115.23, 132.55, 315.333, 153.552, 94.8791, 119.016, 99.3202, 111.39, 225.882, 303.355, 310.692, 264.475, 179.858, 91.5599, 155.411, 209.873, 115.267, 104.184, 241.279, 144.036, 159.056, 91.3426, 175.738, 88.7661, 150.069, 169.11, 113.926, 114.387, 222.506, 115.616, 184.974, 105.51, 109.455, 168.367, 283.035, 171.517, 324.962, 258.527, 85.8935, 131.902, 217.328, 107.731];
HighestPossibleCritFunctionValue = 1.1;
