NumDevices = 16;
NumSlotes = 128;


GivenBandwidthOld = [0.0116172, 0.015981, 0.0330866, 0.0256537, 0.0275689, 0.01549, 0.0305394, 0.0156413, 0.0225985, 0.0284178, 0.0327045, 0.0288849, 0.0341482, 0.0193706, 0.0274548, 0.0225193];
GivenLatency = [26.542, 27.4718, 10.2761, 12.8009, 18.3557, 39.1359, 19.0528, 40.33, 15.0545, 16.636, 18.9159, 17.8281, 11.4283, 24.5332, 21.8175, 24.3951];
HighestPossibleCritFunctionValue = 1.1;
