NumDevices = 32;
NumSlotes = 256;


GivenBandwidthOld = [0.0131065, 0.0130984, 0.0152246, 0.0130167, 0.0163629, 0.00696667, 0.00880566, 0.0166529, 0.0169576, 0.013106, 0.017271, 0.00572961, 0.00506373, 0.0136563, 0.0168069, 0.00575742, 0.0100051, 0.0129272, 0.0122478, 0.00566237, 0.0124316, 0.00805844, 0.00825392, 0.00621698, 0.00874119, 0.00825687, 0.0057038, 0.00868518, 0.0168246, 0.0156198, 0.00504447, 0.0149187];
GivenLatency = [39.0989, 27.8992, 21.8282, 25.7902, 36.7681, 86.6572, 62.3285, 29.9743, 25.0123, 33.7858, 31.5422, 68.7882, 118.404, 42.0451, 23.0179, 53.545, 53.7845, 44.4235, 25.3985, 72.2173, 39.7513, 39.7657, 48.6306, 70.0436, 35.4646, 67.6907, 73.0892, 40.3913, 18.6459, 21.983, 117.73, 21.3145];
HighestPossibleCritFunctionValue = 1.1;
