NumDevices = 64;
NumSlotes = 512;


GivenBandwidthOld = [0.00771961, 0.0109497, 0.0114335, 0.0173853, 0.01161, 0.0100415, 0.0095078, 0.0150628, 0.0150508, 0.0139407, 0.0189561, 0.0131845, 0.00903576, 0.0190388, 0.0147813, 0.00897684, 0.0162515, 0.0181413, 0.0180081, 0.0164614, 0.00914196, 0.0163997, 0.0100258, 0.00945747, 0.0191819, 0.00831273, 0.0170632, 0.011379, 0.0139936, 0.00858813, 0.00825428, 0.00967553, 0.00904966, 0.0152019, 0.0155419, 0.0170256, 0.0172589, 0.0126856, 0.0111052, 0.0121425, 0.00927069, 0.0174803, 0.00929045, 0.0120452, 0.0119594, 0.0183156, 0.0101736, 0.0177722, 0.0142533, 0.0107055, 0.0193395, 0.0194175, 0.0175377, 0.0117695, 0.0157955, 0.0175527, 0.0129409, 0.0155977, 0.0183227, 0.0169254, 0.0195692, 0.0172785, 0.0180294, 0.0119702];
GivenLatency = [344.257, 205.204, 209.671, 165.241, 268.03, 265.918, 259.644, 219.363, 196.176, 207.141, 138.147, 202.935, 328.432, 157.869, 154.636, 318.848, 170.859, 155.939, 154.742, 189.27, 292.004, 196.512, 263.68, 239.296, 133.913, 300.314, 138.977, 255.6, 203.827, 373.185, 344.542, 292.2, 257.991, 190.393, 178.028, 156.605, 175.71, 185.392, 210.929, 272.551, 288.378, 144.673, 347.085, 204.747, 221.661, 176.625, 225.661, 165.838, 167.579, 217.189, 123.873, 118.944, 141.383, 223.875, 141.785, 142.462, 172.048, 142.712, 124.553, 131.923, 113.649, 190.476, 127.197, 201.668];
HighestPossibleCritFunctionValue = 1.1;
