NumDevices = 128;
NumSlotes = 1024;


GivenBandwidthOld = [0.00459992, 0.00717215, 0.00732422, 0.0068788, 0.00822264, 0.00670595, 0.0093998, 0.00994264, 0.0084473, 0.0074633, 0.00696415, 0.00521747, 0.00506782, 0.00862466, 0.00719038, 0.00750421, 0.00702742, 0.00606787, 0.00397903, 0.00932879, 0.00403701, 0.00879839, 0.00836973, 0.00376809, 0.00772785, 0.00939326, 0.00628019, 0.00983706, 0.00896413, 0.00632581, 0.00789075, 0.00986192, 0.00800318, 0.00570058, 0.0059339, 0.0085171, 0.00562314, 0.00436946, 0.00876573, 0.00932043, 0.0071968, 0.00918831, 0.00535115, 0.0079592, 0.00396371, 0.00808728, 0.0067161, 0.00492298, 0.00558782, 0.00444381, 0.00839956, 0.00520347, 0.00716996, 0.00794123, 0.00824939, 0.00632847, 0.00879518, 0.00429861, 0.0055647, 0.00959266, 0.00766245, 0.00401158, 0.00639959, 0.00410545, 0.00906248, 0.00940849, 0.00603146, 0.00446889, 0.00489113, 0.00763948, 0.00542343, 0.00412413, 0.00430999, 0.00923291, 0.00505285, 0.00702078, 0.00703115, 0.00634509, 0.00689006, 0.00379692, 0.00479114, 0.00842169, 0.00837457, 0.00385187, 0.00959512, 0.00519298, 0.00582992, 0.00472924, 0.00554222, 0.00691478, 0.00671624, 0.00741788, 0.00611834, 0.00850293, 0.00496193, 0.00390937, 0.00725307, 0.00488279, 0.00509242, 0.00953584, 0.00886491, 0.00757025, 0.00451505, 0.0057644, 0.00985306, 0.00907843, 0.00863934, 0.00394504, 0.00684991, 0.00387891, 0.00783349, 0.00991969, 0.00390484, 0.00609991, 0.00488227, 0.0087632, 0.00432437, 0.00716574, 0.00590705, 0.00731576, 0.00844534, 0.00580733, 0.0063339, 0.0063903, 0.00433815, 0.00752496, 0.00579147, 0.00841534];
GivenLatency = [819.722, 666.252, 561.476, 612.092, 537.146, 532.556, 445.32, 438.862, 434.842, 585.292, 535.593, 737.919, 724.326, 515.916, 475.719, 510.427, 582.772, 564.1, 890.513, 500.578, 843.869, 564.96, 416.907, 927.218, 481.724, 427.165, 543.725, 381.01, 483.849, 761.265, 629.728, 402.752, 469.124, 830.634, 669.969, 551.809, 884.811, 1092.42, 461.356, 509.699, 528.793, 412.416, 716.125, 489.283, 866.068, 509.937, 710.95, 875.558, 841.719, 767.645, 587.067, 727.709, 593.96, 525.994, 461.619, 741.832, 505.458, 776.565, 812.064, 373.586, 484.805, 1017.89, 771.833, 1045.09, 535.457, 466.42, 671.147, 952.366, 695.448, 595.988, 650.328, 1062.45, 1015.82, 480.913, 738.704, 689.133, 521.213, 618.049, 528.572, 1272.18, 869.336, 412.741, 409.606, 1255.93, 347.843, 731.201, 650.362, 883.597, 797.892, 502.741, 542.43, 462.337, 732.864, 406.918, 883.45, 1031.19, 571.662, 712.846, 768.027, 433.079, 519.775, 539.303, 791.161, 760.843, 437.626, 410.586, 463.933, 902.981, 661.782, 921.974, 600.014, 490.086, 975.797, 790.648, 821.619, 459.49, 797.401, 540.535, 663.242, 676.514, 404.704, 575.236, 635.595, 698.879, 821.79, 466.92, 639.857, 507.121];
HighestPossibleCritFunctionValue = 1.1;
