NumDevices = 128;
NumSlotes = 1024;


GivenBandwidthOld = [0.00244205, 0.00170345, 0.00355811, 0.00301525, 0.00415403, 0.00298361, 0.00357653, 0.00325985, 0.00274215, 0.00166663, 0.0035276, 0.00268656, 0.00171866, 0.00302905, 0.00175293, 0.00399289, 0.00414786, 0.00242773, 0.00155271, 0.00146961, 0.00161338, 0.00234841, 0.00290907, 0.00406164, 0.0032845, 0.00136228, 0.0038896, 0.00243825, 0.00346231, 0.00234413, 0.00287287, 0.00190045, 0.00212371, 0.00132215, 0.0014028, 0.00370678, 0.00176105, 0.00294097, 0.00259752, 0.00209327, 0.002221, 0.00213345, 0.00246075, 0.00340236, 0.0040503, 0.00331735, 0.00353041, 0.00305551, 0.00268495, 0.00289028, 0.00382413, 0.00216622, 0.00332887, 0.00331955, 0.00290545, 0.00246685, 0.00279247, 0.00373451, 0.00220859, 0.00291374, 0.00127881, 0.00427342, 0.0034476, 0.00198726, 0.00176055, 0.00388944, 0.0029163, 0.0036492, 0.00266537, 0.00184841, 0.00252607, 0.00432415, 0.0028919, 0.0029912, 0.00304392, 0.0017359, 0.00206803, 0.00298596, 0.00244792, 0.00335911, 0.00215727, 0.00288942, 0.00188864, 0.00357655, 0.00354975, 0.00310903, 0.00226002, 0.00159014, 0.00234301, 0.00272877, 0.00184104, 0.00357633, 0.00305632, 0.00388191, 0.00133437, 0.00355977, 0.00282038, 0.00406096, 0.00135079, 0.0014603, 0.00135429, 0.00405513, 0.00331761, 0.00164285, 0.00387968, 0.00132781, 0.0027821, 0.00432216, 0.00382593, 0.00426996, 0.00150918, 0.00421986, 0.00320796, 0.00242391, 0.00304348, 0.00363928, 0.00164119, 0.00408626, 0.0014415, 0.00421163, 0.00235531, 0.00321745, 0.00258651, 0.00152811, 0.00353023, 0.00321165, 0.00193319, 0.00234511];
GivenLatency = [147.938, 313.175, 125.468, 105.674, 83.049, 168.678, 172.93, 103.388, 122.119, 257.915, 136.072, 181.93, 189.129, 198.876, 213.161, 114.063, 94.0641, 167.07, 224.854, 223.706, 236.887, 165.035, 190.731, 156.602, 199.171, 332.449, 114.08, 160.084, 93.9318, 151.758, 135.843, 264.202, 258.408, 350.043, 245.528, 109.802, 298.571, 167.224, 157.19, 209.923, 272.794, 190.978, 198.902, 141.068, 120.645, 108.501, 90.493, 110.081, 142.496, 116.266, 122.398, 278.731, 125.583, 153.015, 178.568, 226.056, 137.355, 167.139, 224.706, 119.748, 245.237, 102.737, 144.419, 236.813, 224.904, 101.03, 119.82, 110.3, 167.304, 275.277, 125.808, 133.908, 119.793, 144.395, 197.577, 318.172, 163.2, 148.662, 145.602, 186.257, 192.579, 169.27, 291.975, 102.406, 181.216, 121.663, 139.717, 342.9, 222.986, 119.336, 307.984, 127.888, 112.096, 124.23, 320.786, 127.333, 154.286, 143.947, 286.888, 366.146, 418.138, 143.694, 137.583, 333.775, 156.672, 375.697, 117.101, 99.3679, 151.249, 77.1565, 291.611, 96.9117, 134.293, 170.219, 135.966, 127.576, 354.554, 129.07, 412.199, 105.286, 160.846, 105.468, 248.101, 314.525, 126.73, 186.044, 176.047, 136.328];
HighestPossibleCritFunctionValue = 1.1;
