NumDevices = 128;
NumSlotes = 1024;


GivenBandwidthOld = [0.00403159, 0.00523247, 0.00719079, 0.00802769, 0.0051225, 0.00886157, 0.00758539, 0.0089738, 0.0063703, 0.00569358, 0.00706766, 0.00732933, 0.00522013, 0.00595689, 0.00741845, 0.00937645, 0.00504541, 0.00695027, 0.00935495, 0.00618042, 0.00804278, 0.00871457, 0.00580165, 0.00458155, 0.00469404, 0.00774833, 0.00997577, 0.00907145, 0.00383728, 0.00817735, 0.00802805, 0.00490257, 0.006261, 0.00606855, 0.00905075, 0.00603734, 0.00964116, 0.00406236, 0.00986496, 0.00911402, 0.00680772, 0.00732849, 0.00995207, 0.00451399, 0.0066132, 0.00679235, 0.0052475, 0.00980916, 0.00877271, 0.00787151, 0.00527227, 0.0073095, 0.00949622, 0.00543578, 0.00544495, 0.00956079, 0.00942057, 0.00900203, 0.00595204, 0.00721546, 0.00402424, 0.00668213, 0.00908571, 0.00600179, 0.00583021, 0.0096555, 0.00743086, 0.0054623, 0.00742522, 0.00442568, 0.00985968, 0.00794258, 0.00586506, 0.00778642, 0.00635459, 0.00411858, 0.00473146, 0.00547942, 0.00756381, 0.0086623, 0.00849112, 0.00654953, 0.00542825, 0.00391345, 0.00706799, 0.00663238, 0.00414137, 0.00654565, 0.00901987, 0.00563037, 0.00718058, 0.00532561, 0.00383609, 0.00695837, 0.0081116, 0.00917299, 0.00419939, 0.00671229, 0.00968684, 0.00919907, 0.00506608, 0.00428287, 0.00969097, 0.0098133, 0.00968439, 0.00549789, 0.00546206, 0.00965217, 0.0078199, 0.00663888, 0.00707539, 0.00602626, 0.00455368, 0.00490768, 0.00469668, 0.00840525, 0.00702992, 0.00436465, 0.00916894, 0.00489202, 0.00393826, 0.00539303, 0.00565032, 0.00486647, 0.00572598, 0.0078688, 0.00962898, 0.00557327];
GivenLatency = [828.914, 741.924, 540.663, 573.601, 715.318, 382.085, 497.724, 399.582, 667.33, 649.814, 663.685, 545.392, 826.12, 777.234, 667.995, 360.567, 779.445, 596.238, 464.755, 601.268, 472.509, 440.544, 602.632, 936.007, 1033.1, 474.059, 472.322, 496.366, 1299.19, 446.713, 468.992, 1002.8, 702.093, 750.191, 420.518, 750.341, 513.459, 1113.3, 478.598, 379.116, 568.045, 520.158, 336.236, 937.925, 644.276, 632.526, 803.697, 402.337, 533.553, 426.86, 808.3, 558.602, 451.848, 762.136, 855.597, 386.59, 481.236, 397.015, 686.356, 466.684, 886.194, 533.476, 417.35, 754.434, 747.529, 398.194, 450.738, 705.984, 604.676, 978.153, 443.142, 470.702, 685.392, 442.9, 603.38, 1199.02, 908.233, 640.43, 562.931, 464.905, 513.961, 522.937, 702.701, 1024.66, 705.302, 556.428, 806.297, 550.575, 371.999, 646.91, 587.18, 926.189, 924.754, 514.78, 532.394, 367.534, 839.39, 617.704, 362.332, 491.256, 973.121, 796.343, 459.686, 360.451, 371.608, 677.587, 633.693, 457.951, 433.005, 527.643, 575.44, 817.305, 757.506, 704.581, 982.57, 453.042, 499.071, 882.032, 480.995, 921.334, 1073.48, 656.068, 675.397, 980.86, 764.561, 440.373, 490.358, 692.275];
HighestPossibleCritFunctionValue = 1.1;
