NumDevices = 16;
NumSlotes = 128;


GivenBandwidthOld = [0.042421, 0.0404609, 0.0467867, 0.0635137, 0.0443642, 0.048884, 0.0631032, 0.0454627, 0.0620936, 0.0774175, 0.0767479, 0.0725346, 0.0589449, 0.0563003, 0.0583711, 0.0633301];
GivenLatency = [36.4517, 46.4898, 39.5287, 21.4139, 34.4023, 33.8435, 22.6424, 31.3559, 28.7368, 25.1738, 20.7546, 22.643, 25.3348, 34.0748, 28.7757, 25.4967];
HighestPossibleCritFunctionValue = 1.1;
