NumDevices = 128;
NumSlotes = 1024;


GivenBandwidthOld = [0.00972551, 0.00910777, 0.00805538, 0.0080602, 0.00781444, 0.00861873, 0.00746184, 0.00747446, 0.00703615, 0.00906401, 0.00378061, 0.00565861, 0.00684029, 0.00479271, 0.0097607, 0.00686312, 0.00717078, 0.00934879, 0.00879315, 0.00768107, 0.00456273, 0.00708909, 0.00502579, 0.00846374, 0.00875013, 0.00971596, 0.00485933, 0.00459093, 0.00594835, 0.0077156, 0.00985402, 0.00646264, 0.00750593, 0.00473435, 0.00394656, 0.00727822, 0.00880159, 0.0057781, 0.00874737, 0.00712735, 0.00431274, 0.00548661, 0.00966444, 0.00780735, 0.00821113, 0.00697881, 0.00782578, 0.00534666, 0.00753912, 0.00619338, 0.00711409, 0.00643917, 0.00686499, 0.0073079, 0.00760491, 0.00573994, 0.00500296, 0.00594063, 0.00910241, 0.0054748, 0.00498879, 0.00528411, 0.00631499, 0.00732534, 0.00699123, 0.00409007, 0.00678804, 0.00781588, 0.00767112, 0.00596926, 0.0090309, 0.00980408, 0.00472638, 0.00759999, 0.0042754, 0.00908141, 0.00872194, 0.00470315, 0.00462276, 0.00978624, 0.00484873, 0.00753183, 0.00865097, 0.0056819, 0.0044337, 0.00722656, 0.00936242, 0.00665659, 0.00473696, 0.0040976, 0.00830859, 0.00740578, 0.00886186, 0.00621973, 0.00631316, 0.00770682, 0.00600779, 0.00669093, 0.00702052, 0.00892705, 0.00819088, 0.00406413, 0.00827915, 0.00639819, 0.00571537, 0.00444039, 0.00720245, 0.00403094, 0.00673398, 0.00549289, 0.00892334, 0.00835898, 0.00440324, 0.00775386, 0.00908657, 0.00804788, 0.00696326, 0.00895733, 0.00456605, 0.00664976, 0.00871893, 0.00404937, 0.00407245, 0.00449246, 0.00733145, 0.00974764, 0.00612372, 0.00506086];
GivenLatency = [496.014, 442.034, 453.912, 495.234, 635.266, 563.103, 526.428, 572.9, 630.821, 370.307, 1039.05, 813.435, 519.271, 850.865, 435.182, 588.275, 614.883, 514.103, 541.005, 623.181, 761.226, 550.92, 678.831, 492.581, 450.781, 365.13, 708.861, 905.41, 595.427, 605.925, 457.389, 527.742, 495.582, 855.792, 1152.21, 497.222, 472.071, 740.777, 541.078, 651.117, 1043.84, 632.672, 489.864, 461.397, 493.862, 488.828, 476.531, 814.382, 572.593, 646.371, 524.393, 521.765, 519.676, 533.502, 557.769, 693.185, 681.24, 756.05, 476.803, 805.982, 734.796, 660.819, 728.557, 579.325, 683.206, 1098.8, 622.84, 432.929, 593.413, 802.841, 464.537, 399.985, 773.646, 624.81, 785.244, 519.874, 542.684, 931.491, 750.284, 374.129, 902.047, 486.293, 509.584, 593.529, 962.71, 514.472, 529.646, 597.44, 873.985, 1071.65, 481.946, 534.553, 562.262, 568.366, 665.074, 444.685, 702.057, 555.822, 538.222, 455.308, 585.356, 1139.66, 444.332, 631.261, 692.933, 1123.12, 666.241, 1211.39, 696.915, 648.487, 482.768, 512.658, 1073.63, 436.804, 467.777, 537.84, 489.853, 477.895, 845.773, 571.394, 512.272, 1053.85, 982.766, 835.541, 602.989, 486.44, 649.202, 913.51];
HighestPossibleCritFunctionValue = 1.1;
