NumDevices = 32;
NumSlotes = 256;


GivenBandwidthOld = [0.0305366, 0.0183048, 0.0179907, 0.0193014, 0.0280588, 0.034156, 0.030638, 0.0227718, 0.0162275, 0.0252925, 0.0204238, 0.0321986, 0.0320659, 0.0220412, 0.017209, 0.021725, 0.0223171, 0.0335051, 0.0297634, 0.0228988, 0.0298318, 0.032467, 0.0236746, 0.0295002, 0.0204791, 0.0217449, 0.0172245, 0.0222121, 0.0287197, 0.0219011, 0.0213532, 0.0333811];
GivenLatency = [31.7539, 48.6015, 46.6256, 47.7786, 33.5364, 30.6006, 30.5976, 48.7737, 64.2179, 42.6508, 43.593, 26.7268, 29.8678, 38.681, 59.6222, 46.8034, 46.1578, 29.7073, 31.6173, 38.9493, 30.7265, 27.3544, 40.8941, 31.6739, 40.7173, 50.6252, 64.7714, 38.1554, 40.4215, 41.9771, 40.6622, 29.5091];
HighestPossibleCritFunctionValue = 1.1;
