NumDevices = 16;
NumSlotes = 128;


GivenBandwidthOld = [0.0261403, 0.0304167, 0.0282182, 0.0288417, 0.0321306, 0.0335784, 0.0177983, 0.0252869, 0.0127271, 0.0189052, 0.0292891, 0.0260812, 0.012134, 0.0262783, 0.023826, 0.0329688];
GivenLatency = [21.7627, 12.1001, 18.7466, 10.5837, 10.7613, 17.9569, 17.164, 19.0519, 44.8779, 16.9207, 10.4026, 22.5703, 41.2262, 14.4137, 23.9275, 11.6085];
HighestPossibleCritFunctionValue = 1.1;
