NumDevices = 32;
NumSlotes = 256;


GivenBandwidthOld = [0.00581188, 0.0127973, 0.0167988, 0.00661234, 0.0161277, 0.0151339, 0.0133707, 0.0161232, 0.015596, 0.0165533, 0.00631491, 0.017172, 0.00552255, 0.0124723, 0.0165994, 0.00690233, 0.0149679, 0.0106932, 0.0147914, 0.00691116, 0.013285, 0.0142394, 0.0159721, 0.0126287, 0.00856288, 0.0113315, 0.00614172, 0.00643487, 0.00828507, 0.0171678, 0.00983713, 0.0151311];
GivenLatency = [108.989, 28.0626, 22.4296, 89.0243, 37.8108, 26.0072, 23.1305, 21.8407, 34.9792, 30.81, 48.6444, 27.7199, 75.5374, 36.0723, 23.7528, 62.6328, 31.4435, 40.4413, 29.5617, 54.9776, 26.3326, 26.4941, 22.3377, 30.8048, 52.4319, 29.4188, 57.7564, 76.2006, 51.507, 23.5795, 62.3011, 28.3737];
HighestPossibleCritFunctionValue = 1.1;
