NumDevices = 64;
NumSlotes = 512;


GivenBandwidthOld = [0.00973853, 0.0180483, 0.0179202, 0.0151017, 0.0184495, 0.0112403, 0.0082593, 0.0189846, 0.0166513, 0.0138099, 0.00792237, 0.0187927, 0.0164087, 0.0103734, 0.0138386, 0.0152184, 0.0175739, 0.0196412, 0.014695, 0.00930091, 0.0128593, 0.0179378, 0.00990005, 0.0075653, 0.0174832, 0.0193397, 0.0106656, 0.0109845, 0.00865835, 0.0133437, 0.00978268, 0.00999526, 0.00776442, 0.0141356, 0.0194741, 0.0189971, 0.0139235, 0.0165299, 0.0112745, 0.00794118, 0.00986483, 0.0156844, 0.0124481, 0.00844077, 0.0189636, 0.0145043, 0.0167535, 0.0186755, 0.00977244, 0.0128593, 0.0179696, 0.0192723, 0.0147119, 0.0182493, 0.00870665, 0.0126873, 0.0146032, 0.0165463, 0.0104853, 0.0194726, 0.0179724, 0.0178934, 0.0149323, 0.00992332];
GivenLatency = [298.312, 138.529, 130.719, 157.444, 136.595, 203.612, 345.285, 135.219, 160.618, 209.076, 328.123, 118.56, 146.009, 237.545, 183.275, 160.788, 135.673, 148.134, 210.307, 284.153, 196.258, 165.594, 288.859, 425.249, 186.468, 133.98, 294.966, 207.605, 374.045, 233.962, 282.773, 270.159, 411.776, 216.818, 134.584, 161.615, 176.827, 146.365, 228.688, 288.559, 245.456, 146.697, 189.671, 333.704, 158.56, 185.376, 172.743, 167.821, 294.379, 222.762, 127.795, 120.376, 176.377, 144.212, 294.925, 251.711, 172.062, 138.71, 290.718, 142.613, 140.68, 183.531, 149.134, 238.153];
HighestPossibleCritFunctionValue = 1.1;
