NumDevices = 16;
NumSlotes = 128;


GivenBandwidthOld = [0.0643366, 0.0755172, 0.0378644, 0.0576537, 0.055767, 0.0456021, 0.0541957, 0.0365141, 0.0631363, 0.0519837, 0.0603249, 0.0506906, 0.0767213, 0.0749978, 0.0572979, 0.0760401];
GivenLatency = [21.2707, 17.914, 37.0938, 23.9857, 35.4156, 41.8423, 36.8169, 37.8028, 21.1621, 28.9886, 28.0551, 27.1629, 21.1142, 26.0646, 27.4834, 21.8432];
HighestPossibleCritFunctionValue = 1.1;
