NumDevices = 32;
NumSlotes = 256;


GivenBandwidthOld = [0.0293127, 0.0186018, 0.0249768, 0.0193816, 0.0323057, 0.0215643, 0.0169514, 0.0368226, 0.0376776, 0.0325654, 0.0369998, 0.0161682, 0.023156, 0.0173038, 0.0357882, 0.0266994, 0.0221218, 0.0356583, 0.019664, 0.0284643, 0.0343307, 0.0309093, 0.0274964, 0.017485, 0.029635, 0.0347627, 0.0174602, 0.0393338, 0.0175345, 0.0371814, 0.0182058, 0.0203799];
GivenLatency = [60.6747, 109.755, 76.4754, 88.2883, 59.297, 111.525, 131.947, 62.5296, 59.8822, 51.8898, 58.4148, 103.659, 72.2404, 130.048, 58.5084, 88.5748, 97.4765, 48.7018, 90.7497, 70.908, 56.9808, 64.2975, 87.0143, 133.806, 65.1163, 52.0502, 119.556, 47.2471, 101.096, 63.2785, 121.727, 92.7552];
HighestPossibleCritFunctionValue = 1.1;
