NumDevices = 64;
NumSlotes = 512;


GivenBandwidthOld = [0.0126275, 0.0098785, 0.00800425, 0.0199336, 0.017051, 0.0190907, 0.0120371, 0.0122052, 0.0125098, 0.0198961, 0.0119486, 0.0121039, 0.0108712, 0.0165871, 0.0098319, 0.01225, 0.0160763, 0.0114617, 0.0173692, 0.01628, 0.0106666, 0.0152443, 0.0152548, 0.0168609, 0.0111077, 0.0168958, 0.010414, 0.00782899, 0.0118221, 0.0107854, 0.0120255, 0.0170538, 0.0154645, 0.0161816, 0.0193109, 0.0136028, 0.0139272, 0.0162893, 0.0167445, 0.0174496, 0.018563, 0.0190155, 0.0116973, 0.0143911, 0.0137012, 0.01836, 0.0188427, 0.0189646, 0.0184685, 0.01701, 0.0167017, 0.0105887, 0.0194774, 0.0119359, 0.0108553, 0.0129452, 0.0121159, 0.0112845, 0.0139201, 0.0103397, 0.0100707, 0.0139699, 0.0103777, 0.0100267];
GivenLatency = [235.071, 313.434, 303.157, 136.937, 190.628, 135.732, 271.625, 216.338, 195.667, 146.359, 203.905, 258.522, 244.836, 146.981, 268.436, 254.364, 139.646, 221.883, 132.847, 154.709, 243.529, 174.685, 201.554, 134.129, 249.392, 148.947, 257.952, 368.336, 251.762, 227.493, 245.662, 132.068, 166.666, 145.524, 117.384, 198.034, 219.002, 150.719, 172.219, 133.093, 132.427, 127.361, 261.728, 195.778, 188.231, 121.05, 160.344, 138.021, 148.73, 149.831, 150.581, 297.094, 144.788, 229.859, 213.727, 215.671, 200.991, 228.204, 199.932, 307.19, 302.961, 236.13, 239.535, 272.414];
HighestPossibleCritFunctionValue = 1.1;
