NumDevices = 64;
NumSlotes = 512;


GivenBandwidthOld = [0.014659, 0.0167546, 0.0116012, 0.0122108, 0.00767934, 0.00919796, 0.00767206, 0.0118063, 0.00791441, 0.00992578, 0.0151576, 0.00857942, 0.0117921, 0.0197293, 0.00827544, 0.0152987, 0.0177589, 0.0159976, 0.0147513, 0.0183031, 0.0131224, 0.0152062, 0.0128614, 0.016957, 0.0132386, 0.0192296, 0.00926248, 0.0170038, 0.0125468, 0.0168965, 0.0102286, 0.0167502, 0.0129064, 0.0103017, 0.00795436, 0.0188595, 0.013992, 0.017842, 0.0127231, 0.0170072, 0.0198585, 0.0174653, 0.0199425, 0.0158012, 0.0141092, 0.0140272, 0.0109744, 0.0147946, 0.00864226, 0.0179497, 0.0100863, 0.0136582, 0.00849159, 0.0105735, 0.0141497, 0.019847, 0.0114339, 0.0120751, 0.0129433, 0.0188158, 0.0166846, 0.010845, 0.0146443, 0.0195655];
GivenLatency = [167.13, 133.277, 229.14, 206.704, 423.491, 321.514, 346.44, 194.229, 401.7, 268.812, 151.97, 373.871, 214.259, 137.734, 275.747, 159.889, 160.814, 157.042, 215.604, 127.232, 201.073, 197.952, 190.265, 139.172, 175.837, 156.172, 344.342, 171.901, 240.82, 137.11, 323.058, 188.718, 173.442, 216.259, 286.542, 150.673, 183.66, 129.903, 214.407, 131.242, 123.053, 171.401, 111.937, 180.127, 181.436, 185.602, 280.758, 213.668, 258.904, 156.313, 273.236, 220.534, 271.051, 311.002, 195.523, 119.44, 236.164, 211.583, 173.372, 157.127, 136.224, 299.04, 198.044, 122.78];
HighestPossibleCritFunctionValue = 1.1;
