NumDevices = 32;
NumSlotes = 256;


GivenBandwidthOld = [0.0127496, 0.0149638, 0.0172479, 0.00599788, 0.0139011, 0.00575569, 0.00584335, 0.016619, 0.0107018, 0.0101389, 0.0125879, 0.00947126, 0.0158975, 0.00938126, 0.0158946, 0.010741, 0.00590664, 0.00533392, 0.0172355, 0.00941095, 0.0148144, 0.00564952, 0.00901392, 0.0169345, 0.0127676, 0.00528553, 0.0164714, 0.00548185, 0.0158974, 0.00792967, 0.00642336, 0.0148438];
GivenLatency = [29.827, 22.4143, 34.7718, 79.9888, 24.639, 64.7985, 79.2868, 23.9958, 38.0372, 53.7918, 25.051, 36.5001, 33.6351, 38.096, 20.376, 34.4099, 57.1034, 101.251, 20.6201, 63.2711, 20.8668, 90.7063, 38.2629, 18.234, 28.8445, 74.9528, 22.3729, 79.0712, 22.9608, 54.3398, 59.6772, 24.6328];
HighestPossibleCritFunctionValue = 1.1;
