NumDevices = 16;
NumSlotes = 128;


GivenBandwidthOld = [0.0348423, 0.0647246, 0.0464692, 0.0780974, 0.052241, 0.034041, 0.0462854, 0.039434, 0.0377645, 0.0781657, 0.0514271, 0.0548936, 0.0671107, 0.0503525, 0.044985, 0.0331341];
GivenLatency = [46.0296, 24.2497, 33.9543, 18.0432, 38.2617, 43.8325, 29.6068, 39.4813, 42.7242, 17.1406, 32.2626, 24.5569, 21.2053, 33.5381, 31.8386, 48.8709];
HighestPossibleCritFunctionValue = 1.1;
