NumDevices = 128;
NumSlotes = 1024;


GivenBandwidthOld = [0.0068603, 0.00852322, 0.00733177, 0.00751071, 0.00499107, 0.00733343, 0.00542349, 0.00517017, 0.00749306, 0.00841225, 0.00718623, 0.0065259, 0.0082712, 0.00659327, 0.0055538, 0.00515804, 0.00867015, 0.00664186, 0.00721978, 0.0052752, 0.00783055, 0.00560781, 0.00790926, 0.00845017, 0.0044433, 0.00608358, 0.0042655, 0.0077558, 0.00422521, 0.00567613, 0.00620163, 0.00834512, 0.00391884, 0.00645027, 0.00713133, 0.00867988, 0.00524381, 0.00525085, 0.00859405, 0.00766927, 0.00497264, 0.00760271, 0.00628484, 0.00675283, 0.00739341, 0.00848067, 0.00717352, 0.00790194, 0.00541334, 0.00452577, 0.00715639, 0.00497831, 0.00790605, 0.00455399, 0.00643832, 0.00636637, 0.00701176, 0.00416687, 0.00507295, 0.00863224, 0.00451189, 0.00383577, 0.00531134, 0.00514616, 0.00407632, 0.00828836, 0.00492325, 0.00750304, 0.00615815, 0.00750307, 0.00652877, 0.00647502, 0.0082188, 0.00585202, 0.00741133, 0.00466429, 0.00520913, 0.00730296, 0.00829043, 0.00468504, 0.00403131, 0.00664734, 0.00439527, 0.00380964, 0.006071, 0.00776229, 0.00835008, 0.0073099, 0.00499822, 0.00762406, 0.00504654, 0.00474585, 0.00603547, 0.00556606, 0.00626857, 0.00827832, 0.00626597, 0.00461078, 0.00591551, 0.00449138, 0.00415844, 0.00837955, 0.00761995, 0.0060616, 0.0047776, 0.00459338, 0.00837698, 0.00441194, 0.00395237, 0.00502469, 0.0074788, 0.00869349, 0.00406208, 0.00385906, 0.00672419, 0.00589905, 0.00778626, 0.00620512, 0.00696674, 0.00746724, 0.00432694, 0.00545497, 0.00413525, 0.00866839, 0.00712835, 0.00861687, 0.00615902, 0.00713032];
GivenLatency = [155.786, 138.255, 147.113, 141.221, 229.911, 166.32, 182.93, 204.292, 146.456, 114.355, 140.802, 171.555, 115.869, 159.301, 216.645, 218.745, 128.492, 183.412, 153.293, 206.589, 129.257, 220.796, 162.067, 131.261, 261.885, 163.981, 258.597, 154.227, 279.874, 187.107, 199.563, 141.233, 262.302, 172.796, 170.352, 120.327, 201.705, 183.289, 130.128, 127.3, 247.879, 164.219, 153.443, 150.852, 167.045, 122.149, 179.496, 125.885, 196.452, 216.649, 159.302, 191.426, 134.664, 277.377, 196.837, 186.868, 184.161, 289.639, 240.772, 141.263, 269.047, 290.474, 181.168, 245.251, 280.743, 119.652, 197.871, 144.128, 166.106, 136.083, 198.443, 189.231, 126.131, 171.304, 147.433, 213.132, 206.535, 130.785, 127.948, 252.056, 245.312, 154.77, 230.184, 297.761, 210.842, 139.769, 116.457, 131.294, 250.913, 162.845, 189.378, 209.159, 165.749, 204.999, 177.606, 142.363, 202.009, 272.874, 207.301, 277.762, 251.989, 154.025, 126.077, 193.003, 256.706, 256.043, 116.697, 290.519, 300.167, 247.867, 130.559, 139.623, 279.625, 317.152, 170.196, 195.265, 144.982, 178.387, 178.619, 167.977, 265.086, 213.777, 249.839, 147.277, 168.634, 112.452, 156.264, 151.635];
HighestPossibleCritFunctionValue = 1.1;
