NumDevices = 128;
NumSlotes = 1024;


GivenBandwidthOld = [0.00440167, 0.00632701, 0.00550077, 0.00400373, 0.00818517, 0.00571087, 0.00517173, 0.00379925, 0.0065142, 0.00668533, 0.00781557, 0.00382877, 0.00768433, 0.00809393, 0.007216, 0.00673185, 0.00477102, 0.00399019, 0.00557041, 0.00432604, 0.00525001, 0.00449351, 0.00498251, 0.0085318, 0.00641953, 0.00553621, 0.0045556, 0.00851971, 0.00828623, 0.00421802, 0.00475211, 0.00622539, 0.00763071, 0.00682126, 0.00744393, 0.00768204, 0.00460667, 0.00672751, 0.00677521, 0.00853627, 0.0065128, 0.00811735, 0.00583956, 0.00796375, 0.00431632, 0.00680971, 0.00837545, 0.00869159, 0.00711155, 0.00636199, 0.00844475, 0.00842748, 0.00816091, 0.00784367, 0.00608461, 0.0065698, 0.00609383, 0.00648272, 0.00758407, 0.00788273, 0.00758007, 0.00574141, 0.00831088, 0.00846704, 0.00804013, 0.00792469, 0.0078349, 0.00874844, 0.00746995, 0.00498426, 0.00797268, 0.00435177, 0.007635, 0.00398262, 0.00833888, 0.0041002, 0.00453829, 0.00749511, 0.00787653, 0.00830548, 0.00767877, 0.00457864, 0.00572761, 0.0064163, 0.00630045, 0.00412599, 0.00808757, 0.00520327, 0.00385866, 0.00496076, 0.0079156, 0.0050009, 0.00764086, 0.00751167, 0.0062228, 0.00407528, 0.00574962, 0.00637077, 0.00608811, 0.00538551, 0.00677937, 0.00837139, 0.00543098, 0.00596559, 0.00619247, 0.00432538, 0.00417868, 0.00850765, 0.00558163, 0.00788218, 0.00823014, 0.00649204, 0.00430061, 0.00791393, 0.00700461, 0.00395356, 0.00504325, 0.00443714, 0.00743279, 0.00542227, 0.00454577, 0.00819455, 0.00826496, 0.00671933, 0.00432734, 0.00717023, 0.00750361, 0.00570299];
GivenLatency = [229.19, 203.2, 220.691, 250.255, 121.191, 185.58, 214.444, 259.345, 178.102, 149.754, 135.14, 250.84, 155.659, 148.38, 138.072, 146.708, 229.936, 255.841, 195.093, 267.078, 184.308, 244.767, 212.902, 139.339, 188.845, 224.772, 237.611, 112.195, 152.515, 274.151, 218.91, 187.87, 156.912, 178.276, 138.52, 155.393, 278.639, 149.15, 152.163, 127.546, 198.829, 137.174, 173.394, 151.222, 280.583, 148.695, 121.173, 113.862, 142.306, 189.199, 123.052, 117.185, 146.219, 154.637, 175.87, 164.078, 164.789, 147.86, 158.342, 161.767, 126.226, 169.704, 130.736, 144.299, 136.625, 139.213, 130.411, 128.722, 148.561, 204.687, 139.027, 261.877, 147.019, 271.431, 123.471, 261.473, 248.515, 159.994, 121.916, 119.935, 137.605, 247.111, 223.12, 155.988, 154.759, 251.611, 154.764, 246.128, 267.946, 199.18, 128.191, 212.632, 139.137, 139.456, 190.562, 286.606, 223.559, 150.859, 161.346, 195.238, 180.076, 137.222, 198.801, 171.05, 158.845, 231.508, 295.039, 113.724, 187.055, 153.463, 122.252, 149.74, 271.377, 153.862, 164.786, 261.003, 218.234, 236.334, 155.28, 231.104, 232.894, 129.741, 136.268, 145.57, 254.159, 172.594, 151.264, 168.477];
HighestPossibleCritFunctionValue = 1.1;
