NumDevices = 128;
NumSlotes = 1024;


GivenBandwidthOld = [0.00501064, 0.00627585, 0.00563222, 0.0081961, 0.00441756, 0.00839219, 0.00507199, 0.00745106, 0.00750415, 0.00472003, 0.00699058, 0.00822747, 0.00657941, 0.00760344, 0.00854383, 0.00859805, 0.00490193, 0.00428781, 0.00779119, 0.00400263, 0.00468884, 0.00785233, 0.0066676, 0.00488972, 0.00405517, 0.00777671, 0.00562751, 0.00408313, 0.00771305, 0.0056587, 0.00833369, 0.00684017, 0.00528476, 0.00851135, 0.00781715, 0.00531962, 0.0044204, 0.0061006, 0.00535553, 0.00793239, 0.00720408, 0.00654804, 0.00544136, 0.00538644, 0.00745805, 0.00499544, 0.00590701, 0.00665463, 0.00679069, 0.00854774, 0.00436401, 0.00837792, 0.00526088, 0.00718101, 0.00869451, 0.00610145, 0.00464296, 0.00674154, 0.00750002, 0.00529637, 0.00867161, 0.00632905, 0.00475718, 0.00647932, 0.00546069, 0.00527081, 0.00400825, 0.00410577, 0.0081516, 0.0064943, 0.00714874, 0.00636895, 0.00545261, 0.00452529, 0.0040842, 0.00558824, 0.00402069, 0.00822142, 0.00498198, 0.004672, 0.00472415, 0.00630924, 0.00696701, 0.00703243, 0.00663415, 0.00759546, 0.0043437, 0.00712564, 0.00821132, 0.00521195, 0.00473702, 0.0075168, 0.0074218, 0.00575087, 0.00731985, 0.00723177, 0.00681959, 0.00434699, 0.00741879, 0.0050538, 0.00670115, 0.00874605, 0.00739378, 0.00469403, 0.00502353, 0.00796723, 0.00775308, 0.00843555, 0.00385442, 0.00869912, 0.00860478, 0.00797059, 0.00412841, 0.00866568, 0.00666955, 0.00755515, 0.0068715, 0.0068243, 0.00849538, 0.00433179, 0.00690137, 0.0038313, 0.00512869, 0.00540348, 0.00377959, 0.00605981, 0.00469131, 0.00439744];
GivenLatency = [233.155, 163.511, 218.915, 122.805, 229.361, 115.822, 247.367, 127.923, 154.845, 250.66, 180.102, 117.917, 145.294, 127.708, 113.334, 122.649, 242.498, 239.318, 161.456, 244.853, 247.8, 156.312, 178.251, 243.324, 240.848, 124.238, 181.178, 233.451, 160.154, 210.964, 150.635, 179.672, 199.399, 128.136, 135.996, 179.67, 286.441, 157.356, 234.74, 148.128, 159.211, 172.407, 194.102, 238.553, 148.579, 207.089, 165.759, 163.162, 158.09, 150.046, 229.016, 147.604, 214.696, 167.556, 117.242, 164.685, 205.335, 182.698, 145.425, 203.697, 128.101, 182.293, 247.814, 193.394, 211.256, 221.136, 293.604, 298.546, 140.062, 171.603, 135.808, 156.414, 216.341, 234.758, 245.433, 209.062, 282.28, 152.023, 210.758, 215.797, 240.987, 176.827, 153.281, 144.038, 184.928, 148.46, 280.879, 157.305, 136.643, 190.307, 213.938, 153.687, 132.733, 202.407, 134.885, 156.454, 158.714, 279.948, 142.352, 215.583, 186.456, 143.828, 164.894, 245.432, 192.079, 151.049, 142.33, 148.909, 282.1, 120.526, 122.668, 120.824, 278.305, 117.953, 163.807, 138.858, 139.064, 186.064, 121.956, 243.298, 140.35, 313.539, 186.527, 204.497, 314.317, 191.978, 239.555, 221.344];
HighestPossibleCritFunctionValue = 1.1;
