NumDevices = 16;
NumSlotes = 128;


GivenBandwidthOld = [0.0512027, 0.0341333, 0.0477078, 0.0449083, 0.044124, 0.0626144, 0.0308144, 0.0672433, 0.0784396, 0.055007, 0.0734085, 0.0461004, 0.0790517, 0.0427722, 0.0419609, 0.0565876];
GivenLatency = [36.1695, 44.1156, 30.1542, 31.5702, 39.1022, 21.871, 50.7538, 28.0187, 21.4628, 27.0634, 21.0759, 30.1001, 23.354, 34.7345, 32.2619, 34.9093];
HighestPossibleCritFunctionValue = 1.1;
