NumDevices = 16;
NumSlotes = 128;


GivenBandwidthOld = [0.0230705, 0.011499, 0.0287236, 0.0229777, 0.0262217, 0.0231074, 0.0308665, 0.0135475, 0.0325485, 0.0326194, 0.0247637, 0.0183817, 0.03126, 0.0268876, 0.0151976, 0.0152438];
GivenLatency = [21.1704, 45.4476, 15.5439, 15.7917, 18.7502, 17.9433, 11.1943, 34.801, 18.9908, 16.3264, 13.0921, 20.4521, 12.1035, 12.3398, 41.5529, 39.7226];
HighestPossibleCritFunctionValue = 1.1;
