NumDevices = 128;
NumSlotes = 1024;


GivenBandwidthOld = [0.00788322, 0.00823674, 0.00616748, 0.00926119, 0.00535447, 0.00755284, 0.00550978, 0.00541034, 0.0091021, 0.00648148, 0.00542551, 0.00777597, 0.00579255, 0.00783484, 0.00766585, 0.00500541, 0.00962807, 0.00894318, 0.00432365, 0.00760555, 0.00403608, 0.00562692, 0.00542486, 0.00939346, 0.00957024, 0.00585686, 0.00752398, 0.00799158, 0.00449797, 0.00619837, 0.00967775, 0.00644884, 0.0069061, 0.00463506, 0.00395585, 0.00727322, 0.00601663, 0.00528747, 0.00646577, 0.0039677, 0.00646816, 0.00663234, 0.00971424, 0.00731064, 0.0099919, 0.00504427, 0.00657516, 0.00500051, 0.0085947, 0.00993165, 0.00498569, 0.009462, 0.00532903, 0.00495705, 0.0093538, 0.00556329, 0.00463224, 0.00653427, 0.00518519, 0.00627586, 0.00579155, 0.00989105, 0.00384741, 0.00968557, 0.00654699, 0.0064364, 0.00402373, 0.00430708, 0.00411629, 0.00990646, 0.00670233, 0.00477151, 0.00970957, 0.009943, 0.008314, 0.00457163, 0.00655371, 0.00697808, 0.00805222, 0.00492674, 0.00616018, 0.00547368, 0.0048834, 0.00905069, 0.00502769, 0.00919438, 0.00750327, 0.00988138, 0.0038106, 0.00970419, 0.00702897, 0.00716069, 0.00853203, 0.00663779, 0.00762746, 0.00978916, 0.00383598, 0.00500437, 0.00473646, 0.0081367, 0.00609427, 0.00388208, 0.00492049, 0.00737855, 0.0075108, 0.00519835, 0.008584, 0.00507899, 0.00889804, 0.00816863, 0.00513644, 0.00570258, 0.00823476, 0.00411109, 0.00382886, 0.00412, 0.00988579, 0.0092063, 0.00776205, 0.00934305, 0.00611333, 0.00543481, 0.0077697, 0.0066327, 0.00955835, 0.0058536, 0.00902109, 0.00745262];
GivenLatency = [454.492, 495.687, 563.829, 532.255, 924.679, 516.574, 809.355, 839.662, 431.652, 619.351, 679.52, 480.974, 843.443, 512.515, 511.781, 771.494, 355.306, 504.855, 859.306, 471.103, 955.878, 872.095, 709.946, 499.126, 481.913, 633.581, 608.411, 569.855, 823.749, 633.83, 350.714, 533.647, 557.57, 919.998, 912.815, 582.731, 600.467, 661.728, 601.062, 1024.05, 573.95, 574.51, 360.859, 659.217, 422.541, 863.023, 666.022, 929.393, 389.656, 401.169, 835.562, 396.307, 777.826, 956.992, 359.279, 722.338, 939.647, 739.345, 819.862, 702.022, 672.475, 362.123, 961.486, 374.703, 642.13, 643.42, 883.907, 831.746, 961.828, 345.814, 713.708, 903.135, 400.673, 378.368, 502.419, 735.7, 730.31, 642.076, 439.956, 910.716, 711.82, 632.443, 994.825, 420.348, 851.806, 404.848, 469.8, 340.204, 927.903, 353.059, 703.598, 473.437, 530.989, 711.196, 593.646, 359.198, 1240.19, 785.834, 823.525, 522.944, 800.975, 865.216, 962.308, 653.821, 519.193, 692.726, 424.565, 792.935, 437.661, 468.017, 896.053, 606.249, 442.741, 879.404, 1064.71, 880.713, 349.846, 494.093, 520.274, 356.942, 548.422, 899.771, 501.458, 700.609, 354.6, 831.034, 371.089, 500.573];
HighestPossibleCritFunctionValue = 1.1;
