NumDevices = 32;
NumSlotes = 256;


GivenBandwidthOld = [0.0108298, 0.0109185, 0.0153577, 0.0126039, 0.0165529, 0.0119714, 0.0113859, 0.00728375, 0.0130638, 0.00826746, 0.00875282, 0.0160674, 0.0153989, 0.017023, 0.0122593, 0.0117747, 0.00507092, 0.00948637, 0.00734313, 0.0110409, 0.0098612, 0.00723092, 0.0125446, 0.00734735, 0.00697982, 0.0173825, 0.0174868, 0.00747226, 0.00620439, 0.00970363, 0.00890026, 0.00668112];
GivenLatency = [42.2838, 50.2874, 38.0772, 43.7389, 24.2232, 33.716, 33.2892, 41.872, 27.9189, 43.6068, 44.8504, 21.9957, 30.0004, 33.1379, 32.0704, 44.6799, 103.862, 39.7401, 63.0382, 29.6808, 40.0868, 60.1793, 26.4072, 48.4297, 54.5818, 26.3118, 28.0619, 62.0101, 99.6111, 50.242, 52.7889, 77.7605];
HighestPossibleCritFunctionValue = 1.1;
