NumDevices = 32;
NumSlotes = 256;


GivenBandwidthOld = [0.0347253, 0.0380282, 0.0252028, 0.0184095, 0.0181803, 0.0162014, 0.0318251, 0.0193695, 0.028832, 0.0396678, 0.0308724, 0.0328341, 0.0269749, 0.0276336, 0.0237213, 0.0187983, 0.0275312, 0.0274161, 0.0166141, 0.0181356, 0.015345, 0.0385071, 0.0236819, 0.0312304, 0.0238475, 0.0398075, 0.0302857, 0.0212439, 0.0309652, 0.0165698, 0.0229353, 0.0343865];
GivenLatency = [66.9263, 62.5737, 88.1069, 113.952, 96.2922, 154.044, 63.2606, 105.157, 69.1922, 43.7647, 54.4123, 58.5998, 68.7413, 82.449, 73.0432, 129.656, 69.3876, 63.7719, 113.422, 137.81, 118.762, 43.3584, 94.8997, 78.8404, 74.1953, 55.2087, 72.5059, 104.925, 60.155, 124.757, 79.7989, 61.6393];
HighestPossibleCritFunctionValue = 1.1;
