NumDevices = 16;
NumSlotes = 128;


GivenBandwidthOld = [0.017, 0.0332068, 0.021119, 0.0123782, 0.0299745, 0.0219094, 0.0216106, 0.02484, 0.0253455, 0.0215921, 0.0131362, 0.0205304, 0.020073, 0.0323383, 0.0249783, 0.0254494];
GivenLatency = [26.8582, 11.3783, 14.9656, 27.6424, 14.9918, 21.9857, 28.2438, 14.2599, 13.1099, 21.9595, 23.0936, 15.6591, 17.2899, 9.5543, 23.74, 15.2405];
HighestPossibleCritFunctionValue = 1.1;
