NumDevices = 64;
NumSlotes = 512;


GivenBandwidthOld = [0.0115968, 0.0127734, 0.0119783, 0.011973, 0.0096692, 0.0151749, 0.0124603, 0.0132884, 0.0189632, 0.0190427, 0.0175059, 0.0133263, 0.0182264, 0.0104082, 0.0110263, 0.0113723, 0.0141213, 0.0160069, 0.0198073, 0.0183176, 0.0188206, 0.0108867, 0.0157094, 0.00861951, 0.010587, 0.0160144, 0.00866371, 0.0159745, 0.0134123, 0.0125673, 0.0102787, 0.00897181, 0.0191516, 0.0114108, 0.0111623, 0.0102285, 0.015072, 0.00791617, 0.0146305, 0.0118998, 0.0177446, 0.0136684, 0.0178002, 0.00965618, 0.00887537, 0.0108343, 0.0100324, 0.0190869, 0.0110569, 0.0134844, 0.0130162, 0.0175105, 0.016088, 0.00795868, 0.0165488, 0.0149396, 0.0192281, 0.00975274, 0.0192569, 0.0178044, 0.0180115, 0.0122308, 0.0175034, 0.00886985];
GivenLatency = [201.547, 207.827, 212.098, 197.005, 242.211, 174.69, 239.188, 168.468, 149.01, 135.46, 126.983, 201.015, 166.093, 263.659, 202.75, 207.279, 161.195, 149.547, 140.747, 137.059, 133.233, 287.077, 192.706, 370.875, 302.722, 150.032, 322.866, 169.66, 236.047, 214.948, 243.452, 342.469, 121.643, 222.937, 248.302, 280.161, 196.569, 365.82, 178.725, 224.735, 156.664, 194.892, 136.347, 240.605, 256.751, 292.489, 226.011, 121.161, 217.5, 200.682, 201.25, 183.491, 151.737, 340.257, 184.666, 167.964, 150.614, 252.362, 122.244, 139.079, 175.265, 187.883, 159.735, 323.11];
HighestPossibleCritFunctionValue = 1.1;
