NumDevices = 128;
NumSlotes = 1024;


GivenBandwidthOld = [0.00992658, 0.00735998, 0.00796426, 0.00777818, 0.00530183, 0.0041553, 0.00939092, 0.00438268, 0.00601055, 0.009275, 0.00611078, 0.00633578, 0.0066344, 0.00680142, 0.00765201, 0.00978734, 0.00455541, 0.00898705, 0.00406964, 0.0072052, 0.00651072, 0.00933321, 0.00946069, 0.00835385, 0.00572283, 0.00489494, 0.00927349, 0.00580426, 0.00471993, 0.00529761, 0.00821641, 0.00811963, 0.00662684, 0.00483291, 0.00416796, 0.00963697, 0.008568, 0.00494004, 0.00474048, 0.00695757, 0.00715054, 0.00661005, 0.00388042, 0.00818476, 0.00751726, 0.00760956, 0.00884036, 0.00742728, 0.00784654, 0.00433327, 0.00674243, 0.00381604, 0.00747795, 0.00941852, 0.00581244, 0.0046701, 0.00530288, 0.00918466, 0.00651247, 0.00751574, 0.00697634, 0.00384397, 0.00804083, 0.00723509, 0.00884852, 0.0071544, 0.00902484, 0.00804984, 0.00860651, 0.00833867, 0.00678457, 0.00582296, 0.00657187, 0.00588961, 0.00796383, 0.00678937, 0.00521313, 0.00715267, 0.00491765, 0.00964562, 0.00393513, 0.00903334, 0.00716253, 0.00810761, 0.00455762, 0.00864239, 0.00521407, 0.00416459, 0.00919608, 0.00473425, 0.00861832, 0.00686113, 0.00501583, 0.00986243, 0.00415416, 0.00888893, 0.00497185, 0.00817355, 0.0065486, 0.00864306, 0.00387032, 0.00717103, 0.0072202, 0.0086645, 0.00791628, 0.00758877, 0.0093961, 0.00405181, 0.00745266, 0.00940294, 0.00644887, 0.00748017, 0.00918182, 0.00885624, 0.0055104, 0.0094935, 0.00969378, 0.00718837, 0.00494469, 0.00785953, 0.00385626, 0.00834163, 0.00650153, 0.00505003, 0.00965858, 0.00923609, 0.00850969, 0.00615203];
GivenLatency = [431.437, 458.433, 528.807, 448.267, 874.152, 1131.71, 368.103, 827.97, 670.427, 426.223, 585.058, 632.575, 699.317, 578.657, 620.569, 393.6, 887.536, 411.995, 1094.04, 513.113, 692.329, 468.466, 380.48, 543.647, 793.891, 711.151, 428.672, 645.129, 828.251, 739.264, 576.503, 423.254, 754.49, 748.591, 956.601, 380.771, 535.928, 689.862, 999.985, 517.436, 491.243, 505.814, 1106.66, 440.47, 523.165, 465.531, 529.363, 599.571, 507.53, 877.539, 583.197, 1121.64, 526.424, 427.131, 598.871, 879.834, 675.12, 376.887, 520.719, 614.732, 575.066, 1105.5, 511.166, 463.592, 481.764, 625.119, 399.93, 455.03, 529.451, 403.398, 632.561, 851.939, 596.003, 702.122, 511.636, 602.585, 906.217, 649.551, 1000.73, 348.954, 1050.9, 428.539, 664.871, 437.506, 1074.87, 390.004, 933.191, 922.52, 447.14, 769.206, 447.545, 620.172, 751.472, 380.784, 943.226, 446.561, 691.197, 418.587, 514.529, 440.986, 894.162, 573.239, 489.882, 568.306, 558.615, 551.854, 454.508, 1164.69, 449.048, 504.273, 620.513, 515.894, 364.362, 453.154, 621.456, 501.548, 482.675, 557.685, 720.805, 479.327, 1251.68, 577.768, 559.119, 686.801, 348.007, 488.895, 411.107, 791.139];
HighestPossibleCritFunctionValue = 1.1;
