NumDevices = 16;
NumSlotes = 128;


GivenBandwidthOld = [0.0586131, 0.0306316, 0.045535, 0.0774274, 0.0425018, 0.0481959, 0.0485031, 0.0615792, 0.0324155, 0.0780414, 0.0625617, 0.0442773, 0.0387918, 0.0444245, 0.0631908, 0.0682919];
GivenLatency = [27.9814, 46.7805, 36.3875, 21.5171, 35.8529, 37.4225, 39.0284, 21.7514, 54.7095, 22.39, 28.4569, 31.1188, 37.0632, 40.2907, 23.1962, 21.8312];
HighestPossibleCritFunctionValue = 1.1;
