NumDevices = 32;
NumSlotes = 256;


GivenBandwidthOld = [0.0157916, 0.0186669, 0.019501, 0.0375721, 0.034989, 0.0209002, 0.0296364, 0.0346719, 0.016067, 0.0232828, 0.0247756, 0.0387871, 0.0300821, 0.0254561, 0.0249884, 0.0398787, 0.0258886, 0.0196989, 0.0397255, 0.0261569, 0.0294067, 0.0229711, 0.0354503, 0.0228961, 0.0240442, 0.0211605, 0.0301856, 0.0385954, 0.033378, 0.0185421, 0.0214609, 0.0284952];
GivenLatency = [122.835, 109.977, 110.271, 44.6871, 48.2258, 110.157, 74.6086, 60.3004, 151.433, 84.5767, 67.4568, 47.5927, 78.4484, 74.8672, 71.5854, 53.5331, 69.5799, 92.2405, 53.4362, 83.7637, 64.4599, 78.4534, 66.5814, 105.308, 75.8656, 93.1298, 61.5569, 50.2106, 50.8643, 90.7306, 92.8857, 74.116];
HighestPossibleCritFunctionValue = 1.1;
