NumDevices = 32;
NumSlotes = 256;


GivenBandwidthOld = [0.0350183, 0.0367601, 0.0369981, 0.0370832, 0.0175623, 0.0301351, 0.0157692, 0.0171342, 0.0345716, 0.0299272, 0.0216884, 0.0262137, 0.0334888, 0.0317263, 0.0334183, 0.0217433, 0.0251649, 0.031625, 0.0308743, 0.0386565, 0.0339575, 0.0341839, 0.0390696, 0.0276902, 0.0240208, 0.027052, 0.0225569, 0.0241883, 0.0180098, 0.0251513, 0.0281946, 0.0262788];
GivenLatency = [56.368, 47.6062, 48.0491, 64.7179, 121.585, 56.9452, 155.282, 105.787, 67.4699, 76.6122, 81.0854, 65.7749, 60.3638, 67.795, 50.0134, 102.227, 71.9403, 60.0956, 57.9239, 62.1488, 52.0521, 50.2652, 43.3587, 80.6948, 76.594, 62.2283, 78.6174, 90.5331, 96.6414, 82.4776, 83.539, 79.1694];
HighestPossibleCritFunctionValue = 1.1;
