NumDevices = 32;
NumSlotes = 256;


GivenBandwidthOld = [0.0180865, 0.0392694, 0.0355072, 0.0302426, 0.0222108, 0.0321085, 0.0320029, 0.0319308, 0.021719, 0.0165402, 0.0259953, 0.0386057, 0.0304898, 0.027214, 0.0208928, 0.0296752, 0.03527, 0.0175691, 0.0192215, 0.015126, 0.0331468, 0.0328084, 0.0211812, 0.0280653, 0.0288171, 0.0382679, 0.029311, 0.0153337, 0.0236398, 0.0235184, 0.0338942, 0.0195795];
GivenLatency = [101.24, 61.961, 62.6332, 61.8035, 102.832, 70.7642, 73.4721, 61.5809, 76.9612, 118.789, 82.9155, 45.4769, 54.967, 84.3175, 89.4939, 57.4521, 60.9614, 134.88, 91.5167, 110.819, 59.4732, 67.6193, 94.2203, 60.103, 59.504, 48.34, 68.5817, 142.374, 99.0868, 77.1513, 55.8346, 85.4277];
HighestPossibleCritFunctionValue = 1.1;
