NumDevices = 32;
NumSlotes = 256;


GivenBandwidthOld = [0.0222685, 0.0166171, 0.0342345, 0.0297714, 0.0185481, 0.0274987, 0.0208171, 0.0237022, 0.0323999, 0.0155426, 0.0150283, 0.0313113, 0.0184788, 0.0237877, 0.0302988, 0.0225155, 0.0272881, 0.0209339, 0.0258957, 0.0183999, 0.0177084, 0.0347356, 0.0315208, 0.0197713, 0.0267323, 0.0194165, 0.0228263, 0.0322851, 0.0250732, 0.0348218, 0.0202069, 0.0279083];
GivenLatency = [43.8713, 69.8085, 24.7088, 34.0955, 63.4045, 38.8924, 41.6962, 36.4018, 25.9703, 70.3629, 77.8736, 27.9584, 62.6198, 37.0419, 32.5579, 38.8746, 35.2154, 41.5809, 32.9332, 47.2397, 51.6463, 29.3604, 33.5607, 49.2138, 37.5871, 57.4939, 37.1007, 28.2709, 38.3438, 24.3278, 41.4383, 38.5959];
HighestPossibleCritFunctionValue = 1.1;
