NumDevices = 32;
NumSlotes = 256;


GivenBandwidthOld = [0.034765, 0.030676, 0.0317764, 0.0255425, 0.0278431, 0.0189878, 0.0371388, 0.0267911, 0.0386946, 0.0258262, 0.0217256, 0.026722, 0.0261497, 0.033123, 0.0331758, 0.0208933, 0.0385317, 0.0367195, 0.0294419, 0.039177, 0.0328511, 0.037836, 0.0196722, 0.0164665, 0.0368606, 0.0256654, 0.0188064, 0.0388631, 0.0314935, 0.0213043, 0.0220412, 0.0308755];
GivenLatency = [52.1087, 74.4587, 66.5505, 68.3934, 82.4613, 89.0829, 60.4178, 79.9472, 56.4979, 79.9212, 98.5384, 63.18, 92.8726, 63.5411, 52.8554, 93.1757, 45.2534, 48.5155, 59.4536, 53.9728, 64.2851, 53.7851, 99.2426, 118.598, 62.2421, 94.818, 90.8658, 60.1429, 69.6759, 103.798, 83.9827, 55.6454];
HighestPossibleCritFunctionValue = 1.1;
