NumDevices = 32;
NumSlotes = 256;


GivenBandwidthOld = [0.0167877, 0.00848916, 0.00976249, 0.0106189, 0.0168361, 0.0100952, 0.0155134, 0.0157235, 0.00957707, 0.00678095, 0.0123755, 0.0146303, 0.0118898, 0.013774, 0.00781851, 0.0131765, 0.0143797, 0.0123325, 0.00530263, 0.0162375, 0.0118419, 0.00868806, 0.0151569, 0.0120958, 0.0148821, 0.00570711, 0.0143767, 0.012427, 0.00558697, 0.0077851, 0.0141438, 0.00928156];
GivenLatency = [26.7836, 48.2992, 50.9167, 38.3069, 31.2338, 39.9325, 23.2533, 37.3827, 38.249, 53.2058, 36.1477, 23.3655, 52.664, 24.1512, 60.2834, 34.3728, 33.4156, 38.5464, 61.9968, 37.3588, 30.8557, 60.8638, 26.8281, 27.008, 26.3466, 56.1853, 21.3653, 32.4366, 112.604, 51.1725, 31.8233, 64.848];
HighestPossibleCritFunctionValue = 1.1;
