NumDevices = 32;
NumSlotes = 256;


GivenBandwidthOld = [0.0297889, 0.0327429, 0.0192626, 0.0159995, 0.0338912, 0.0194077, 0.0151485, 0.0315608, 0.0317913, 0.0262335, 0.0166847, 0.0300921, 0.0278248, 0.0208415, 0.033483, 0.0194493, 0.0346074, 0.0172857, 0.0310949, 0.0225158, 0.0328481, 0.0280093, 0.0230287, 0.0326267, 0.0262092, 0.0277208, 0.032957, 0.0188435, 0.0324849, 0.0239436, 0.0303722, 0.0160641];
GivenLatency = [36.1623, 35.5351, 54.9426, 69.9053, 29.8754, 50.585, 70.2454, 29.0356, 30.4777, 43.1332, 51.4091, 28.3744, 33.2343, 51.7385, 27.2951, 47.0957, 25.9431, 51.1153, 27.0045, 38.4433, 33.8972, 31.2008, 45.7006, 35.0984, 35.4101, 31.6317, 25.9572, 48.4226, 30.2059, 43.7399, 31.4214, 57.6911];
HighestPossibleCritFunctionValue = 1.1;
