NumDevices = 128;
NumSlotes = 1024;


GivenBandwidthOld = [0.00562444, 0.00743007, 0.00475352, 0.00498288, 0.00479426, 0.00466916, 0.0070249, 0.00492491, 0.00554391, 0.00395315, 0.0081438, 0.00532693, 0.00722693, 0.00551872, 0.00559612, 0.00643945, 0.00537787, 0.00834521, 0.00539133, 0.00462742, 0.00549467, 0.00640895, 0.0077357, 0.00632697, 0.00480337, 0.00767143, 0.00619491, 0.00539762, 0.00528321, 0.00734616, 0.00436845, 0.00805041, 0.00571285, 0.00834482, 0.00381421, 0.00790102, 0.004894, 0.00601109, 0.00580472, 0.00740596, 0.00444879, 0.00834067, 0.00408138, 0.00818173, 0.00780733, 0.0052154, 0.00771088, 0.00434016, 0.00762399, 0.00389634, 0.00829482, 0.00849929, 0.00504942, 0.00813152, 0.0039415, 0.00735395, 0.00525767, 0.00811923, 0.00734993, 0.00777562, 0.00735243, 0.00479786, 0.00517137, 0.0077884, 0.00720446, 0.00790775, 0.008048, 0.00527126, 0.00655525, 0.00665256, 0.00714182, 0.00510976, 0.00725961, 0.00480712, 0.00581125, 0.00716609, 0.00800483, 0.00462126, 0.00699152, 0.00402609, 0.00402007, 0.00773104, 0.00804613, 0.00385418, 0.00467382, 0.00543189, 0.00626325, 0.00389931, 0.0081563, 0.00548604, 0.00633291, 0.004776, 0.00770037, 0.00757167, 0.00462579, 0.00807581, 0.00757966, 0.00382794, 0.00874803, 0.00572765, 0.00715284, 0.00532169, 0.00414287, 0.00665148, 0.00392798, 0.00510768, 0.00732959, 0.00587411, 0.00858565, 0.0065893, 0.00389219, 0.00849757, 0.006224, 0.00433094, 0.00764525, 0.00617331, 0.00725405, 0.00625567, 0.00661828, 0.00595395, 0.00557065, 0.00837243, 0.00791724, 0.00755719, 0.00627372, 0.00484888, 0.00769805, 0.00854368];
GivenLatency = [196.085, 130.991, 206.325, 205.227, 202.376, 225.918, 148.625, 206.534, 178.571, 294.537, 148.933, 219.283, 158.913, 188.841, 190.614, 175.276, 219.666, 117.769, 194.459, 266.182, 185.102, 149.166, 138.454, 182.824, 246.605, 137.947, 157.829, 195.764, 229.241, 132.382, 264.695, 125.805, 208.614, 126.417, 297.649, 144.676, 198.901, 178.952, 170.006, 153.514, 284.383, 140.342, 275.263, 120.488, 154.024, 185.183, 154.703, 254.569, 147.388, 250.2, 136.326, 129.152, 223.19, 128.821, 281.299, 136.038, 198.17, 145.45, 141.863, 142.121, 175.883, 203.652, 185.594, 147.513, 145.042, 134.15, 152.657, 193.478, 194.534, 184.726, 164.813, 241.437, 142.656, 200.947, 168.97, 144.121, 143.084, 226.004, 144.053, 259.017, 266.146, 126.771, 146.129, 324.04, 215.331, 178.709, 167.023, 296.252, 133.573, 181.302, 157.756, 221.853, 157.146, 136.138, 224.653, 124.68, 136.54, 258.849, 125.25, 183.619, 147.237, 197.852, 255.167, 185.027, 267.797, 254.013, 142.522, 185.029, 119.384, 168.034, 267.056, 122.29, 186.183, 236.73, 133.521, 183.981, 155.547, 152.969, 156.836, 211.897, 212.065, 123.584, 127.098, 130.204, 200.225, 226.581, 161.658, 114.411];
HighestPossibleCritFunctionValue = 1.1;
