NumDevices = 16;
NumSlotes = 128;


GivenBandwidthOld = [0.0324217, 0.0263809, 0.0238317, 0.0295076, 0.0247203, 0.013355, 0.0224767, 0.0308748, 0.0284558, 0.0211067, 0.0300518, 0.0203133, 0.0202205, 0.0106284, 0.0211455, 0.0322803];
GivenLatency = [9.36894, 14.8041, 24.9778, 17.4624, 21.0796, 23.6556, 23.6043, 12.2009, 20.6088, 20.4649, 13.2014, 17.5586, 16.1242, 45.5979, 19.4381, 12.6863];
HighestPossibleCritFunctionValue = 1.1;
