NumDevices = 16;
NumSlotes = 128;


GivenBandwidthOld = [0.0378783, 0.0405332, 0.0613065, 0.048668, 0.0328586, 0.0752388, 0.0579449, 0.0498226, 0.0391239, 0.0747186, 0.0648597, 0.06694, 0.0310111, 0.0731377, 0.0452251, 0.0688867];
GivenLatency = [44.3989, 33.3591, 27.986, 32.8584, 43.124, 25.7637, 25.226, 32.2532, 49.2001, 21.2935, 22.9369, 21.8704, 51.1171, 19.0862, 37.4566, 24.4103];
HighestPossibleCritFunctionValue = 1.1;
