NumDevices = 128;
NumSlotes = 1024;


GivenBandwidthOld = [0.00363333, 0.00160948, 0.00236144, 0.00306407, 0.00274828, 0.00158603, 0.00199079, 0.00174897, 0.00312545, 0.00317668, 0.00176562, 0.0017144, 0.00328392, 0.0040643, 0.00426629, 0.0022178, 0.00138747, 0.00230023, 0.00251203, 0.00273833, 0.00303095, 0.00241488, 0.00434088, 0.00276531, 0.0034158, 0.00184357, 0.00237412, 0.00371995, 0.00436709, 0.00263547, 0.00245709, 0.00128513, 0.00424985, 0.00417307, 0.00426982, 0.002153, 0.00304152, 0.00194442, 0.00368256, 0.00397014, 0.00304399, 0.00279972, 0.00362794, 0.00162564, 0.00215038, 0.00266075, 0.00236892, 0.0038259, 0.00369673, 0.00156331, 0.00147754, 0.00370236, 0.00242857, 0.00315158, 0.00166517, 0.00404358, 0.00299513, 0.00352871, 0.00258134, 0.00210241, 0.00269938, 0.00164549, 0.00142248, 0.00317669, 0.00196395, 0.00371416, 0.00392004, 0.0015453, 0.00179606, 0.00390543, 0.00290245, 0.00203145, 0.00380751, 0.00406549, 0.00246328, 0.00225038, 0.0021471, 0.0038442, 0.00191705, 0.00290253, 0.00346898, 0.0019218, 0.00160931, 0.00270954, 0.00368761, 0.0014099, 0.00428609, 0.00389037, 0.00291767, 0.00173256, 0.00223933, 0.00390963, 0.00161626, 0.00382805, 0.00239278, 0.00174942, 0.00435083, 0.00128108, 0.00180039, 0.00157119, 0.00257563, 0.00299037, 0.00157848, 0.00322357, 0.0022223, 0.00214071, 0.00259478, 0.00303428, 0.00217806, 0.00219929, 0.00276366, 0.00381029, 0.00384734, 0.00166519, 0.00428111, 0.001417, 0.00177523, 0.00386285, 0.00283807, 0.00436069, 0.00132459, 0.00184163, 0.00419761, 0.00426834, 0.00237721, 0.00258193, 0.00259355, 0.00418462];
GivenLatency = [168.218, 196.529, 185.664, 130.558, 140.775, 256.209, 161.736, 301.604, 101.515, 123.481, 239.707, 302.669, 141.304, 77.8726, 89.5763, 162.874, 432.542, 192.586, 139.949, 153.754, 104.104, 238.81, 145.626, 168.086, 103.429, 224.276, 191.941, 112.257, 97.8807, 135.021, 155.696, 369.279, 73.7915, 110.958, 127.253, 168.222, 141.092, 287.174, 92.8399, 136.675, 140.679, 141.073, 92.1291, 206.428, 218.525, 208.012, 264.763, 155.707, 166.268, 204.611, 344.801, 112.413, 129.713, 180.586, 229.581, 97.07, 165.85, 150.177, 123.822, 292.211, 123.292, 342.719, 325.578, 196.377, 234.704, 149.049, 80.3397, 270.389, 204.001, 90.4906, 131.188, 208.041, 143.006, 83.2409, 174.754, 146.526, 244.83, 91.5796, 210.669, 113.89, 185.048, 277.902, 262.497, 152.965, 153.88, 260.811, 80.6663, 84.7191, 189.021, 232.985, 224.754, 84.135, 294.642, 139.636, 203.85, 209.257, 89.4363, 400.805, 272.044, 307.397, 221.495, 119.222, 262.612, 122.333, 200.084, 167.645, 135.151, 110.924, 275.218, 151.664, 148.259, 94.2539, 81.2384, 227.571, 100.931, 367.752, 212.68, 93.0379, 205.02, 133.44, 413.066, 172.496, 98.5382, 123.207, 136.699, 205.685, 147.176, 91.4702];
HighestPossibleCritFunctionValue = 1.1;
