NumDevices = 16;
NumSlotes = 128;


GivenBandwidthOld = [0.0312245, 0.0303181, 0.0216621, 0.0150864, 0.0216865, 0.0257788, 0.0295998, 0.0239735, 0.0131313, 0.0128212, 0.0254395, 0.0264032, 0.0239179, 0.0279653, 0.0276115, 0.0316451];
GivenLatency = [15.4175, 18.9525, 16.8537, 22.1548, 15.2195, 14.4786, 11.7152, 17.1101, 28.5228, 25.2505, 14.8994, 20.2074, 18.1, 14.7659, 19.8844, 13.932];
HighestPossibleCritFunctionValue = 1.1;
