NumDevices = 16;
NumSlotes = 128;


GivenBandwidthOld = [0.0218723, 0.0223722, 0.0241852, 0.0209123, 0.0128185, 0.0304705, 0.0332917, 0.0229675, 0.029571, 0.0152996, 0.0304783, 0.0133266, 0.020029, 0.0181092, 0.0257753, 0.0198087];
GivenLatency = [23.9441, 23.0578, 22.7532, 21.9667, 35.4608, 15.789, 10.0626, 14.0386, 10.5558, 20.7131, 13.3415, 46.6185, 29.0044, 21.1681, 20.3117, 24.7023];
HighestPossibleCritFunctionValue = 1.1;
