NumDevices = 32;
NumSlotes = 256;


GivenBandwidthOld = [0.0268023, 0.016324, 0.0271015, 0.0249419, 0.0276915, 0.0202356, 0.0295612, 0.0255697, 0.0202212, 0.0271687, 0.0345333, 0.0313301, 0.0346839, 0.0219039, 0.0294409, 0.0236435, 0.026253, 0.0238387, 0.0269432, 0.0237005, 0.0243311, 0.0231577, 0.0218766, 0.0301321, 0.0207479, 0.0198035, 0.0276055, 0.0349403, 0.0314863, 0.0209442, 0.0187049, 0.0227465];
GivenLatency = [33.3524, 60.8717, 30.9406, 41.3685, 32.5962, 44.1887, 32.6685, 37.1337, 56.2407, 35.488, 25.6994, 27.2967, 31.862, 51.3388, 31.8235, 43.8064, 41.9742, 43.2414, 38.7063, 49.5161, 41.9409, 38.7856, 47.2232, 35.8372, 56.0729, 45.0663, 33.4917, 27.2287, 36.7948, 40.1232, 62.5554, 41.7022];
HighestPossibleCritFunctionValue = 1.1;
