NumDevices = 128;
NumSlotes = 1024;


GivenBandwidthOld = [0.00486458, 0.00642759, 0.00605191, 0.0068725, 0.00868696, 0.00415602, 0.00778097, 0.00718236, 0.00645719, 0.00849676, 0.00749835, 0.00730423, 0.00469934, 0.00433144, 0.00605609, 0.00720347, 0.0061817, 0.00837945, 0.00591298, 0.00701232, 0.0084788, 0.00570635, 0.00417866, 0.0083186, 0.00828635, 0.00623562, 0.0045362, 0.00749943, 0.00534147, 0.00655123, 0.00402737, 0.00554888, 0.00753635, 0.00594445, 0.00593032, 0.00845433, 0.00445644, 0.00682875, 0.00835679, 0.00510596, 0.00837766, 0.00576518, 0.00792936, 0.00632928, 0.00870617, 0.00715877, 0.00501613, 0.00866113, 0.00503706, 0.00543721, 0.00568883, 0.00465881, 0.00813271, 0.00403692, 0.00601336, 0.00404123, 0.00842371, 0.00481091, 0.00442519, 0.00669648, 0.00518245, 0.0039843, 0.00667613, 0.00823124, 0.00495257, 0.00537377, 0.00452372, 0.00758978, 0.00400248, 0.0072136, 0.00639608, 0.00637235, 0.0076125, 0.005761, 0.00755485, 0.00682674, 0.00453913, 0.00663877, 0.0053365, 0.00813164, 0.00602418, 0.00587475, 0.00438996, 0.00450583, 0.00703948, 0.00500469, 0.00639525, 0.00748767, 0.00773793, 0.00391494, 0.0059423, 0.00479852, 0.00623626, 0.00525559, 0.00823096, 0.00517101, 0.00670442, 0.00867409, 0.00799843, 0.00719495, 0.00800391, 0.00425258, 0.00557926, 0.00807687, 0.00546276, 0.00504309, 0.00679714, 0.00710609, 0.00463498, 0.00768327, 0.00515002, 0.00395223, 0.00762939, 0.00468105, 0.00690661, 0.00689595, 0.00778221, 0.00817041, 0.00765903, 0.00784534, 0.00414363, 0.00453247, 0.00473891, 0.00434919, 0.00435596, 0.00816796, 0.00646768, 0.00473568];
GivenLatency = [244.852, 184.101, 186.123, 181.605, 124.703, 263.062, 130.476, 157.155, 172.486, 152.161, 152.738, 151.81, 255.377, 279.299, 166.509, 175.668, 170.418, 117.806, 211.403, 139.132, 120.611, 174.594, 295.969, 154.259, 127.245, 197.456, 227.937, 139.853, 192.323, 178.027, 296.285, 200.376, 134.897, 162.064, 193.124, 139.172, 286.891, 144.585, 123.844, 211.68, 121.963, 224.89, 144.313, 152.737, 130.638, 148.811, 258.102, 115.621, 228.918, 221.399, 173.477, 218.585, 144.221, 307.386, 200.263, 243.491, 125.686, 236.519, 222.068, 149.292, 189.571, 277.236, 185.793, 147.002, 195.924, 223.655, 222.273, 152.612, 268.276, 134.392, 171.079, 169.958, 127.431, 184.348, 167.452, 164.536, 220.502, 164.418, 227.704, 149.271, 207.057, 166.139, 285.977, 274.113, 142.602, 251.272, 155.473, 150.321, 157.078, 293.322, 164.022, 207.065, 156.157, 207.788, 144.133, 244.168, 152.284, 125.686, 132.088, 132.907, 134.856, 264.146, 232.692, 156.518, 207.047, 243.997, 152.557, 139.333, 264.605, 161.049, 219.818, 319.299, 153.576, 203.721, 154.042, 173.791, 166.353, 135.012, 155.605, 146.465, 240.882, 244.152, 211.286, 229.25, 280.357, 149.376, 156.155, 217.601];
HighestPossibleCritFunctionValue = 1.1;
