NumDevices = 16;
NumSlotes = 128;


GivenBandwidthOld = [0.037723, 0.0306882, 0.0371239, 0.0421894, 0.0572824, 0.0448706, 0.040965, 0.0382157, 0.0311009, 0.0521696, 0.0346852, 0.0548033, 0.0591437, 0.0481458, 0.0471402, 0.0658178];
GivenLatency = [22.0724, 30.2507, 27.8913, 19.1934, 16.918, 21.5434, 21.3952, 22.3492, 25.1183, 14.7818, 27.5827, 14.7504, 16.4123, 16.8611, 21.0603, 12.0025];
HighestPossibleCritFunctionValue = 1.1;
