NumDevices = 32;
NumSlotes = 256;


GivenBandwidthOld = [0.0150164, 0.0307851, 0.0156863, 0.0300072, 0.0208297, 0.0349459, 0.0256703, 0.0303635, 0.0291611, 0.0209911, 0.0271856, 0.0181965, 0.0179539, 0.0220084, 0.0249564, 0.032888, 0.0186307, 0.0167272, 0.0232238, 0.0326964, 0.0177551, 0.0207188, 0.0306318, 0.0186024, 0.020375, 0.0331177, 0.0196489, 0.0283026, 0.0321583, 0.0153768, 0.0270956, 0.0258055];
GivenLatency = [66.3394, 36.102, 60.4546, 32.9148, 41.2297, 23.8823, 39.8283, 29.1774, 38.6271, 54.445, 37.1344, 59.9135, 56.5487, 42.5519, 46.3938, 31.6658, 46.9801, 51.7464, 36.4528, 26.6559, 62.0797, 55.3831, 31.45, 46.2925, 47.287, 29.2831, 43.4465, 41.1162, 35.0397, 61.9777, 37.6159, 41.1525];
HighestPossibleCritFunctionValue = 1.1;
