NumDevices = 64;
NumSlotes = 512;


GivenBandwidthOld = [0.0177525, 0.00823303, 0.0150428, 0.0174896, 0.0145296, 0.0166882, 0.00826722, 0.0146423, 0.0114346, 0.0108167, 0.0130338, 0.0139104, 0.0102679, 0.0143857, 0.00964558, 0.0182761, 0.00832178, 0.0191938, 0.00835669, 0.0183126, 0.00981561, 0.0135281, 0.0098682, 0.00979662, 0.0193271, 0.010929, 0.0136592, 0.0121353, 0.0135018, 0.017083, 0.0196735, 0.00789328, 0.0173997, 0.0161374, 0.0135247, 0.0143546, 0.0119325, 0.0162609, 0.0141942, 0.0173947, 0.00800774, 0.0161677, 0.0104686, 0.0131268, 0.0150165, 0.0121938, 0.0093305, 0.0101872, 0.00806021, 0.0103848, 0.017229, 0.0106592, 0.0164158, 0.0184477, 0.0172334, 0.0091529, 0.0128038, 0.0116159, 0.00776347, 0.010715, 0.017017, 0.0102605, 0.0163588, 0.0105964];
GivenLatency = [161.736, 387.709, 210.747, 164.567, 195.802, 147.184, 377.609, 155.826, 229.163, 232.186, 180.628, 164.113, 316.699, 175.167, 246.412, 179.92, 385.359, 137.065, 363.615, 164.261, 233.928, 177.559, 284.606, 232.402, 154.016, 253.896, 180.086, 212.013, 192.431, 168.93, 137.533, 327.662, 146.911, 191.708, 245.472, 172.343, 243.325, 152.76, 217.366, 133.278, 289.745, 149.739, 273.625, 251.825, 182.111, 202.841, 282.455, 283.471, 325.395, 319.698, 129.146, 231.046, 174.271, 163.124, 131.537, 269.715, 220.334, 267.282, 372.972, 309.362, 141.641, 276.887, 201.952, 251.961];
HighestPossibleCritFunctionValue = 1.1;
