NumDevices = 16;
NumSlotes = 128;


GivenBandwidthOld = [0.0175379, 0.024299, 0.0328221, 0.0310258, 0.0152237, 0.0294731, 0.0192895, 0.0138925, 0.0310542, 0.0182822, 0.0337631, 0.0219654, 0.0128333, 0.0288554, 0.0132086, 0.0124076];
GivenLatency = [22.0759, 12.6191, 12.7053, 16.8494, 25.9747, 13.9701, 17.8139, 30.2575, 14.9834, 20.8351, 11.0279, 16.6955, 30.3269, 10.4758, 31.3951, 40.8997];
HighestPossibleCritFunctionValue = 1.1;
