NumDevices = 16;
NumSlotes = 128;


GivenBandwidthOld = [0.0330069, 0.0461824, 0.0474349, 0.0580043, 0.0584359, 0.032109, 0.0362973, 0.0679196, 0.0647095, 0.0329706, 0.0370473, 0.0340614, 0.0494999, 0.0449801, 0.0413219, 0.037591];
GivenLatency = [26.8708, 17.5377, 22.6946, 16.8855, 17.4891, 27.9279, 27.167, 12.7763, 13.0237, 26.7371, 28.3484, 31.088, 17.9452, 24.2605, 21.8929, 28.9082];
HighestPossibleCritFunctionValue = 1.1;
