NumDevices = 128;
NumSlotes = 1024;


GivenBandwidthOld = [0.0080283, 0.00414153, 0.0041655, 0.00705118, 0.00667846, 0.00734231, 0.00466046, 0.00585262, 0.00746723, 0.00427983, 0.00859748, 0.00539121, 0.0075946, 0.00486958, 0.00548256, 0.00795043, 0.00536472, 0.00734431, 0.00830281, 0.00787335, 0.00494917, 0.00815041, 0.00651655, 0.00615997, 0.00811141, 0.00595286, 0.00721973, 0.00448599, 0.00856, 0.00536712, 0.00762996, 0.00420195, 0.00459895, 0.00710448, 0.00754745, 0.00750624, 0.00479359, 0.00832663, 0.00825467, 0.00379962, 0.00766722, 0.00537899, 0.00716383, 0.00497599, 0.00395871, 0.00661663, 0.00822282, 0.00838361, 0.00581232, 0.00519805, 0.00606871, 0.0042836, 0.00689547, 0.00474109, 0.00598536, 0.0085268, 0.0073538, 0.00777323, 0.00710607, 0.00421843, 0.00658449, 0.00805675, 0.00729896, 0.00609318, 0.00557836, 0.00795691, 0.0043214, 0.00723101, 0.00414103, 0.00576096, 0.00690894, 0.00601309, 0.00443189, 0.00424338, 0.0060564, 0.00743, 0.008432, 0.00416966, 0.00705758, 0.00430113, 0.00661302, 0.00757151, 0.00682524, 0.00425139, 0.00554919, 0.00775799, 0.00598364, 0.00446721, 0.0079426, 0.00376573, 0.00811348, 0.00581906, 0.00846208, 0.00475018, 0.00384496, 0.00476293, 0.00814148, 0.00632062, 0.00815234, 0.00381711, 0.00668462, 0.00583888, 0.00655158, 0.00485978, 0.00579705, 0.00851258, 0.00848902, 0.00739482, 0.00731396, 0.00828055, 0.00378738, 0.00702083, 0.00661934, 0.00871335, 0.00783106, 0.00407942, 0.00533035, 0.00465315, 0.00798535, 0.00731588, 0.00554194, 0.0059654, 0.00794366, 0.00667414, 0.00485338, 0.00825139, 0.0085737, 0.00573434];
GivenLatency = [152.981, 240.082, 258.722, 144.336, 162.472, 173.431, 212.65, 167.568, 159.709, 251.728, 110.923, 188.192, 126.453, 247.139, 194.749, 140.822, 191.197, 141.283, 139.993, 146.47, 254.741, 150.872, 156.51, 185.571, 123.53, 175.476, 133.485, 268.196, 123.032, 217.692, 152.637, 260.528, 211.097, 144.908, 131.693, 148.287, 208.43, 143.788, 130.482, 252.688, 167.002, 233.053, 165.125, 229.871, 267.713, 154.673, 130.942, 153.637, 173.771, 208.656, 176.377, 224.327, 162.436, 267.106, 162.44, 136.9, 169.051, 130.252, 182.323, 258.506, 147.475, 141.21, 133.494, 157.083, 227.463, 133.61, 226.81, 163.793, 230.061, 182.597, 174.921, 206.806, 277.841, 248.181, 168.071, 131.992, 117.468, 298.99, 162.229, 223.702, 156.296, 170.398, 160.55, 262.934, 201.743, 123.738, 184.77, 228.987, 161.153, 310.67, 129.012, 180.117, 131.474, 218.593, 298.097, 211.671, 158.156, 163.18, 135.209, 289.594, 154.13, 180.99, 152.777, 202.8, 213.003, 138.179, 150.575, 172.037, 148.792, 121.633, 300.302, 151.709, 160.54, 110.017, 127.435, 306.237, 185.965, 260.945, 124.164, 140.816, 201.496, 165.15, 136.627, 191.169, 233.009, 124.552, 126.1, 192.991];
HighestPossibleCritFunctionValue = 1.1;
