NumDevices = 16;
NumSlotes = 128;


GivenBandwidthOld = [0.071885, 0.0415714, 0.0607282, 0.078749, 0.0542938, 0.0367061, 0.0386507, 0.0730699, 0.0553035, 0.0558908, 0.0758984, 0.0440877, 0.0525658, 0.0430349, 0.0569297, 0.036754];
GivenLatency = [24.3413, 33.0434, 23.6232, 24.4365, 31.1055, 49.3935, 45.3205, 23.0911, 29.9706, 30.4963, 21.6777, 36.3775, 26.3255, 38.4662, 26.9161, 49.4267];
HighestPossibleCritFunctionValue = 1.1;
