NumDevices = 128;
NumSlotes = 1024;


GivenBandwidthOld = [0.00501719, 0.00641399, 0.00746342, 0.00521376, 0.00512908, 0.00689412, 0.00701343, 0.00722166, 0.00700522, 0.00425044, 0.00470729, 0.00791336, 0.00735861, 0.00862968, 0.00648365, 0.00814954, 0.00681268, 0.00822512, 0.00705628, 0.00743101, 0.00544477, 0.00772509, 0.00801684, 0.00649165, 0.00771453, 0.00557677, 0.00623585, 0.0084013, 0.00809379, 0.00480786, 0.00821213, 0.0037914, 0.00463784, 0.00575529, 0.0066792, 0.00485683, 0.00621446, 0.00387492, 0.00820118, 0.0047478, 0.00871561, 0.00567343, 0.00585416, 0.00840844, 0.00811703, 0.00544238, 0.00753198, 0.00755205, 0.00479899, 0.00409702, 0.00615231, 0.00443854, 0.00607027, 0.00545384, 0.00518605, 0.00437574, 0.00552225, 0.00491745, 0.0051238, 0.00814838, 0.00728389, 0.00790156, 0.00409805, 0.00839608, 0.00533178, 0.0087206, 0.00470301, 0.00591256, 0.00496138, 0.00845471, 0.00575948, 0.00710181, 0.00765908, 0.00857621, 0.00779998, 0.00673548, 0.00578148, 0.00681766, 0.00685958, 0.00642945, 0.00724926, 0.00583053, 0.00628821, 0.00843214, 0.00655123, 0.00400652, 0.00500068, 0.00384817, 0.00864185, 0.00610564, 0.0049281, 0.00408253, 0.00765428, 0.00803187, 0.00414939, 0.00634462, 0.00652055, 0.00840672, 0.00419461, 0.00623092, 0.00550776, 0.00640303, 0.00814546, 0.00823435, 0.00730265, 0.00808871, 0.00440953, 0.00850996, 0.00442366, 0.0059786, 0.00477604, 0.00833728, 0.00711687, 0.00578691, 0.00802354, 0.00417744, 0.00772653, 0.0072389, 0.00673831, 0.00829435, 0.00562956, 0.00854193, 0.00675584, 0.00788785, 0.00858604, 0.00803745, 0.00787584, 0.00672253];
GivenLatency = [196.992, 171.246, 132.051, 210.995, 250.575, 139.525, 168.671, 135.006, 143.859, 267.236, 224.746, 154.578, 149.216, 139.566, 180.796, 149.077, 149.687, 144.334, 166, 156.876, 218.169, 167.146, 118.968, 157.825, 137.203, 186.094, 182.937, 114.156, 142.214, 216.49, 122.483, 252.056, 222.626, 220.278, 143.49, 241.897, 190.446, 328.774, 146.591, 245.154, 137.07, 174.59, 215.377, 134.892, 147.18, 232.642, 160.188, 133.747, 204.623, 305.152, 176.179, 286.588, 157.928, 179.19, 201.247, 236.418, 179.012, 260.534, 201.361, 136.43, 152.367, 126.074, 251.002, 120.694, 213.002, 125.756, 215.069, 218.172, 231.299, 143.265, 202.695, 150.32, 165.896, 112.519, 140.278, 149.282, 201.415, 154.533, 151.895, 199.211, 159.834, 195.76, 184.921, 118.399, 170.908, 249.309, 240.992, 247.688, 130.786, 195.646, 251.824, 277.348, 157.652, 143.953, 234.574, 159.696, 178.831, 118.234, 245.973, 154.32, 191.409, 152.524, 118.702, 123.66, 170.06, 136.464, 258.862, 112.917, 223.369, 214.014, 236.722, 133.315, 134.241, 199.292, 128.865, 258.732, 144.657, 177.492, 175.886, 135.567, 174.329, 121.971, 151.414, 150.777, 139.266, 136.579, 125.936, 192.617];
HighestPossibleCritFunctionValue = 1.1;
