NumDevices = 32;
NumSlotes = 256;


GivenBandwidthOld = [0.0269, 0.0183121, 0.0320756, 0.0304172, 0.0314288, 0.0331622, 0.01634, 0.0365521, 0.0159155, 0.0270849, 0.0265283, 0.0206967, 0.033959, 0.033378, 0.018411, 0.018203, 0.0221061, 0.0220513, 0.0270376, 0.0305626, 0.0264523, 0.0180955, 0.0160784, 0.0154261, 0.0261279, 0.016151, 0.0348085, 0.03571, 0.0372321, 0.0204902, 0.0388363, 0.0309345];
GivenLatency = [75.7548, 91.2749, 76.5578, 74.1226, 59.6353, 67.1509, 107.646, 65.8895, 127.851, 70.5856, 66.8925, 83.5015, 55.245, 65.9214, 127.587, 101.469, 103.156, 100.344, 92.3842, 80.9838, 76.814, 100.234, 129.794, 143.897, 74.5165, 140.609, 48.2701, 52.3162, 51.9571, 87.5932, 55.7209, 68.8217];
HighestPossibleCritFunctionValue = 1.1;
