NumDevices = 128;
NumSlotes = 1024;


GivenBandwidthOld = [0.00636955, 0.00561323, 0.00411644, 0.00747176, 0.00541526, 0.0067505, 0.00807987, 0.00589021, 0.00418499, 0.00467951, 0.00603486, 0.00545662, 0.00693455, 0.00654956, 0.00601081, 0.00617871, 0.00805014, 0.00625495, 0.00442069, 0.00602269, 0.00578587, 0.00567557, 0.00685855, 0.00419132, 0.00606323, 0.00721603, 0.00726714, 0.00629804, 0.0086162, 0.00494618, 0.00794124, 0.00596356, 0.00711004, 0.00593482, 0.00400947, 0.00474015, 0.0051608, 0.00503837, 0.00739456, 0.00784573, 0.00572655, 0.00859683, 0.00448751, 0.00414815, 0.00553469, 0.00411877, 0.00663527, 0.00642633, 0.004785, 0.00397927, 0.00712074, 0.00580654, 0.00805606, 0.00562698, 0.00523977, 0.00724702, 0.00820292, 0.00391037, 0.0041641, 0.00844697, 0.00568248, 0.00802465, 0.00774233, 0.00785609, 0.00484566, 0.008423, 0.00779438, 0.00762065, 0.00784083, 0.0083564, 0.00849565, 0.00393103, 0.00639795, 0.00785494, 0.00546522, 0.00639822, 0.00733503, 0.00729897, 0.00633083, 0.00472329, 0.00691252, 0.00623265, 0.00470818, 0.00783672, 0.00427073, 0.00563607, 0.00784845, 0.00638167, 0.00428397, 0.00813454, 0.00469273, 0.00821414, 0.00753221, 0.00640395, 0.00375218, 0.00536845, 0.00498774, 0.00648978, 0.006213, 0.0044026, 0.00703375, 0.0086878, 0.00832484, 0.00813493, 0.00627964, 0.00436277, 0.00763953, 0.00511448, 0.0066422, 0.00798844, 0.00414809, 0.00440144, 0.00744704, 0.00498461, 0.00388722, 0.00508902, 0.00868909, 0.00506031, 0.00619554, 0.00593649, 0.00709565, 0.00413895, 0.00575635, 0.0044208, 0.00786877, 0.00791934, 0.00785897, 0.00825167];
GivenLatency = [152.969, 224.727, 307.658, 133.692, 176.018, 189.268, 143.361, 169.603, 303.278, 224.744, 179.711, 222.759, 166.599, 170.309, 196.457, 204.37, 153.645, 171.218, 246.197, 187.09, 171.517, 179.843, 155.004, 236.169, 169.704, 148.874, 158.975, 196.977, 113.757, 258.144, 127.606, 211.931, 178.981, 196.551, 300.748, 247.034, 230.995, 242.026, 170.544, 158.978, 172.688, 138.555, 216.028, 245.824, 223.317, 233.556, 190.267, 175.156, 246.095, 273.24, 154.056, 190.028, 137.52, 192.333, 209.003, 142.891, 152.289, 331.564, 302.401, 116.166, 185.091, 120.343, 167.103, 152.31, 245.467, 139.332, 153.512, 145.16, 139.986, 154.958, 115.368, 263.594, 149.096, 164.763, 186.988, 163.582, 162.871, 134.288, 170.318, 233.933, 169.193, 159.34, 252.833, 127.858, 242.548, 175.475, 162.56, 195.11, 246.968, 118.996, 225.746, 155.087, 141.952, 196.112, 286.376, 229.758, 235.567, 190.493, 171.151, 276.012, 182.791, 138.828, 149.145, 150.572, 199.133, 276.227, 159.53, 213.278, 148.412, 140.666, 233.615, 258.086, 173.279, 200.174, 258.563, 210.776, 117.491, 230.506, 155.337, 161.574, 134.428, 258.612, 173.413, 243.804, 145.707, 158.569, 143.337, 150.282];
HighestPossibleCritFunctionValue = 1.1;
