NumDevices = 16;
NumSlotes = 128;


GivenBandwidthOld = [0.0314433, 0.0374555, 0.033959, 0.0693078, 0.0757579, 0.0328933, 0.057035, 0.057463, 0.0504837, 0.0496983, 0.0489749, 0.041905, 0.0672679, 0.0423904, 0.07539, 0.0489889];
GivenLatency = [43.2262, 45.5528, 54.3992, 21.1571, 25.5271, 51.6894, 28.6179, 33.3999, 36.7042, 33.871, 32.1046, 43.3921, 28.911, 40.0546, 25.1999, 33.1412];
HighestPossibleCritFunctionValue = 1.1;
