NumDevices = 32;
NumSlotes = 256;


GivenBandwidthOld = [0.0116161, 0.0146783, 0.0055236, 0.00520126, 0.0125067, 0.00769363, 0.0143786, 0.00665647, 0.00779922, 0.0139922, 0.0120424, 0.0158963, 0.0141056, 0.00509109, 0.0109778, 0.011743, 0.00941155, 0.0124085, 0.00651178, 0.0134782, 0.0109421, 0.0118121, 0.0078961, 0.0172652, 0.00875043, 0.0134368, 0.0155922, 0.0157278, 0.00710971, 0.0128286, 0.0172101, 0.00792421];
GivenLatency = [29.8314, 20.9472, 56.6589, 103.333, 37.49, 46.3297, 31.7265, 60.0821, 66.5994, 26.1813, 42.4223, 21.1096, 44.2442, 74.2818, 57.4371, 32.1662, 39.3433, 26.3135, 58.6208, 26.717, 48.7325, 40.143, 38.7225, 18.5522, 67.43, 40.6277, 19.7519, 22.863, 44.3198, 42.3228, 19.6996, 67.477];
HighestPossibleCritFunctionValue = 1.1;
