NumDevices = 128;
NumSlotes = 1024;


GivenBandwidthOld = [0.00676808, 0.00988728, 0.00920509, 0.0062265, 0.00747307, 0.00864846, 0.00722537, 0.00797869, 0.0066197, 0.00976535, 0.00995072, 0.00670198, 0.00520099, 0.00923441, 0.00529235, 0.00734432, 0.00724737, 0.00898834, 0.00710297, 0.00711938, 0.00794411, 0.00671164, 0.00508176, 0.00543114, 0.00867926, 0.00603302, 0.00569227, 0.00990886, 0.00938976, 0.0098714, 0.00483837, 0.00853916, 0.0077322, 0.00762352, 0.0060274, 0.00494111, 0.00393414, 0.00486078, 0.00389034, 0.0061172, 0.00806502, 0.00751674, 0.00509094, 0.00972464, 0.00694683, 0.0078553, 0.00775027, 0.00498857, 0.00782206, 0.00544208, 0.00497102, 0.00673366, 0.00633936, 0.00444596, 0.00705441, 0.00963591, 0.00943397, 0.00919035, 0.00851873, 0.00804111, 0.00573633, 0.00672337, 0.00847791, 0.00942024, 0.00980028, 0.00962304, 0.00574309, 0.00782547, 0.00643414, 0.0098535, 0.00406019, 0.00465425, 0.0077704, 0.00579321, 0.0064589, 0.00722314, 0.00810264, 0.00860964, 0.00473587, 0.00458163, 0.00601484, 0.0063943, 0.00906896, 0.00576434, 0.00871818, 0.00402704, 0.00989509, 0.00930935, 0.00852069, 0.0096784, 0.00482011, 0.00779284, 0.00793039, 0.00728816, 0.00718414, 0.0088929, 0.00915565, 0.00649364, 0.00988583, 0.0099771, 0.00633996, 0.00827222, 0.00866819, 0.0075981, 0.00376257, 0.00868934, 0.00674715, 0.00805837, 0.00833768, 0.00886348, 0.00846411, 0.00875746, 0.00789391, 0.00673203, 0.00397109, 0.00709405, 0.00719055, 0.00415677, 0.00903249, 0.00521921, 0.00923015, 0.00854817, 0.00915675, 0.0061764, 0.00932869, 0.008577, 0.0061138, 0.00707936];
GivenLatency = [719.714, 385.06, 470.543, 579.36, 526.351, 500.29, 557.355, 445.49, 559.299, 345.609, 371.423, 625.847, 646.577, 418.371, 634.445, 457.713, 640.734, 418.361, 471.981, 632.219, 494.799, 516.291, 705.103, 744.246, 406.457, 698.639, 802.538, 355.6, 417.433, 412.977, 876.264, 575.948, 483.973, 547.573, 606.925, 774.115, 1233.77, 859.497, 1243.94, 556.224, 497.914, 551.528, 682.139, 502.372, 545.574, 506.203, 609.776, 843.393, 628.196, 672.308, 835.047, 557.452, 607.152, 951.535, 630.278, 415.715, 386.977, 453.539, 550.707, 462.45, 592.204, 510.48, 512.854, 485.397, 458.513, 433.649, 752.98, 566.618, 658.142, 352.841, 941.305, 779.946, 522.316, 607.314, 674.543, 567.929, 526.3, 539.378, 712.619, 908.127, 636.158, 534.662, 417.011, 822.378, 487.443, 1014.39, 416.81, 448.775, 514.234, 358.422, 730.346, 525.606, 591.242, 635.155, 639.663, 492.635, 391.456, 719.083, 420.447, 363.661, 696.61, 550.128, 543.284, 649.992, 1197.05, 408.089, 543.645, 417.141, 426.481, 439.451, 470.983, 500.259, 521.541, 616.473, 929.549, 660.175, 465.012, 861.32, 379.106, 929.911, 464.477, 407.11, 467.032, 564.04, 510.555, 389.245, 761.787, 551.939];
HighestPossibleCritFunctionValue = 1.1;
