NumDevices = 128;
NumSlotes = 1024;


GivenBandwidthOld = [0.00694779, 0.00395854, 0.00872048, 0.00766431, 0.00663413, 0.007331, 0.00468184, 0.00522181, 0.00542337, 0.008007, 0.00610611, 0.00787922, 0.00858302, 0.00732531, 0.0040469, 0.00869657, 0.00574038, 0.00602795, 0.00422717, 0.00858515, 0.00813162, 0.00560836, 0.00727206, 0.00407919, 0.00642432, 0.00611615, 0.00670312, 0.00691479, 0.00440526, 0.00671989, 0.00868138, 0.00547693, 0.00820667, 0.00704742, 0.00843936, 0.00781429, 0.00719974, 0.00853764, 0.00466946, 0.00712491, 0.00586687, 0.00697409, 0.00601837, 0.00825022, 0.00398591, 0.00861586, 0.00431714, 0.0057025, 0.00439163, 0.00758915, 0.00842698, 0.0048043, 0.00837038, 0.00850184, 0.00789144, 0.00387608, 0.00781152, 0.0056951, 0.0050813, 0.00384274, 0.00740177, 0.00396764, 0.00663576, 0.00479182, 0.00855368, 0.00417409, 0.006367, 0.0077151, 0.00524593, 0.00591159, 0.00855266, 0.00698577, 0.00741899, 0.00852847, 0.00553295, 0.00484095, 0.00429285, 0.00736442, 0.00633348, 0.00436549, 0.00832142, 0.00566085, 0.00445943, 0.00711646, 0.00389148, 0.0066553, 0.00810832, 0.0040278, 0.00766438, 0.0077472, 0.00463523, 0.00687076, 0.00444357, 0.00557987, 0.00838248, 0.00679143, 0.00601925, 0.00811786, 0.00434897, 0.00571236, 0.00509301, 0.0056319, 0.00787351, 0.00754091, 0.00754665, 0.00399702, 0.00544441, 0.00664591, 0.00538221, 0.00627961, 0.00393131, 0.00596127, 0.00859307, 0.00626043, 0.00653064, 0.00792815, 0.00583174, 0.0066352, 0.00537376, 0.00426787, 0.00761949, 0.0082645, 0.00394078, 0.00523509, 0.00859655, 0.00472399, 0.0086734, 0.00635534];
GivenLatency = [153.757, 252.631, 121.041, 144.901, 149.794, 132.647, 254.692, 235.574, 184.439, 122.66, 195.853, 164.482, 123.197, 172.993, 245.88, 139.242, 214.585, 198.765, 226.572, 146.356, 120.326, 173.834, 140.962, 237.784, 178.409, 188.523, 186.611, 176.585, 253.064, 144.025, 120.135, 202.562, 124.075, 159.699, 136.679, 134.361, 138.944, 144.342, 205.549, 147.275, 195.022, 159.355, 184.075, 146.12, 277.563, 140.31, 252.03, 202.217, 271.709, 135.672, 115.668, 202.467, 126.368, 120.658, 142.284, 262.917, 141.026, 193.31, 230.067, 306.207, 161.233, 251.182, 166.061, 209.502, 113.386, 245.341, 164.719, 135.563, 201.823, 167.357, 138.245, 142.503, 159.306, 111.691, 186.343, 224.378, 294.15, 164.319, 178.618, 272.84, 146.978, 221.489, 240.497, 164.255, 267.672, 190.808, 119.7, 302.183, 143.874, 153.814, 278.434, 146.115, 262.607, 172.948, 149.595, 169.646, 184.538, 146.091, 252.911, 177.34, 200.161, 215.061, 124.978, 126.305, 165.157, 321.379, 181.054, 157.794, 181.297, 158.003, 266.781, 160.21, 125.372, 188.658, 152.591, 142.46, 194.35, 145.157, 193.496, 293.164, 155.729, 135.846, 257.15, 202.241, 113.632, 234.419, 120.591, 159.819];
HighestPossibleCritFunctionValue = 1.1;
