NumDevices = 64;
NumSlotes = 512;


GivenBandwidthOld = [0.00762388, 0.0145873, 0.0106707, 0.00938456, 0.0187481, 0.0170686, 0.0150019, 0.0166821, 0.0185798, 0.0129059, 0.0144187, 0.014541, 0.00860876, 0.0173694, 0.00753481, 0.0175646, 0.0138426, 0.00838868, 0.0186026, 0.00951432, 0.0121385, 0.0167477, 0.00877089, 0.0174225, 0.0132008, 0.00852267, 0.00806565, 0.0143666, 0.0150693, 0.0120999, 0.0184091, 0.0197282, 0.0147404, 0.0101435, 0.0115645, 0.0188565, 0.0129222, 0.0127361, 0.0110339, 0.0143688, 0.0146659, 0.0196388, 0.0123561, 0.010921, 0.0173074, 0.0157387, 0.0131931, 0.0161712, 0.018921, 0.0103282, 0.0167061, 0.00950163, 0.0113582, 0.0147141, 0.0178331, 0.0133524, 0.0193305, 0.0172565, 0.00920688, 0.0075349, 0.0190656, 0.0161462, 0.0115444, 0.0194648];
GivenLatency = [363.011, 159.692, 245.452, 243.032, 158.848, 159.475, 206.29, 163.071, 174.976, 252.543, 175.813, 222.258, 319.572, 142.55, 299.134, 131.532, 201.018, 307.139, 171.674, 235.937, 240.031, 177.588, 254.345, 155.098, 171.088, 363.508, 304.82, 162.253, 176.257, 254.875, 123.571, 119.23, 165.444, 225.487, 279.337, 159.409, 185.192, 236.267, 236.103, 161.373, 201.826, 158.276, 188.443, 255.948, 179.476, 186.678, 230.606, 172.938, 168.089, 302.444, 150.488, 244.118, 281.259, 162.333, 184.58, 174.068, 160.022, 166.662, 335.213, 307.188, 119.116, 166.483, 282.708, 155.517];
HighestPossibleCritFunctionValue = 1.1;
