NumDevices = 64;
NumSlotes = 512;


GivenBandwidthOld = [0.00828139, 0.0103797, 0.017415, 0.00939712, 0.0124305, 0.0137539, 0.016488, 0.00885122, 0.00753254, 0.0144252, 0.00988, 0.0081996, 0.0157196, 0.0147087, 0.0143739, 0.0167768, 0.0128241, 0.0102723, 0.0122905, 0.0115749, 0.0145969, 0.0152742, 0.00851956, 0.013261, 0.0123997, 0.0170834, 0.0149971, 0.0118698, 0.0114739, 0.0168369, 0.0122911, 0.0111775, 0.0148861, 0.0152243, 0.00929892, 0.0120229, 0.0143734, 0.00847522, 0.0080615, 0.014595, 0.0129226, 0.0147108, 0.0102088, 0.0141089, 0.0131371, 0.00997739, 0.0149511, 0.00875972, 0.00966296, 0.0103079, 0.0101448, 0.00901135, 0.00870201, 0.0096028, 0.00926599, 0.0085752, 0.00840074, 0.0163001, 0.0108219, 0.00917061, 0.0154628, 0.00845089, 0.00902961, 0.0157119];
GivenLatency = [116.826, 93.2518, 54.0443, 105.468, 75.7228, 84.1895, 62.6474, 115.174, 127.517, 64.5532, 119.903, 114.212, 58.2587, 79.0864, 86.4409, 56.5633, 85.5378, 109.795, 76.9184, 95.8672, 72.1493, 60.6832, 114.578, 89.463, 75.1351, 61.8738, 61.3491, 96.0472, 83.594, 58.2641, 82.8675, 97.525, 61.6112, 68.4947, 124.152, 101.025, 72.0073, 115.32, 140.461, 65.7178, 78.0156, 82.2644, 94.5552, 65.7494, 94.3661, 104.764, 71.1351, 136.488, 117.919, 98.0478, 110.744, 120.997, 122.147, 123.04, 124.982, 126.299, 129.815, 67.389, 93.5872, 100.859, 70.8578, 132.399, 138.028, 64.1475];
HighestPossibleCritFunctionValue = 1.1;
