NumDevices = 16;
NumSlotes = 128;


GivenBandwidthOld = [0.069686, 0.0317607, 0.0621802, 0.0434033, 0.0588645, 0.03625, 0.0336089, 0.0441304, 0.0398525, 0.0613182, 0.0347088, 0.0513448, 0.0516092, 0.0550234, 0.0384884, 0.055232];
GivenLatency = [11.5708, 33.4152, 16.1503, 19.3554, 13.6302, 27.2405, 32.9102, 23.2595, 19.9816, 12.5852, 30.3555, 21.3642, 17.6482, 17.8193, 25.8686, 15.2469];
HighestPossibleCritFunctionValue = 1.1;
