NumDevices = 128;
NumSlotes = 1024;


GivenBandwidthOld = [0.00421024, 0.00782198, 0.00393858, 0.00448981, 0.00647873, 0.00928246, 0.00652986, 0.00612622, 0.0095711, 0.00777895, 0.00585519, 0.00442159, 0.00989514, 0.0038549, 0.00433685, 0.0044594, 0.00785602, 0.00733252, 0.00888168, 0.0081234, 0.00753261, 0.00937255, 0.00818852, 0.00822982, 0.00856006, 0.00885453, 0.008095, 0.00514742, 0.00894285, 0.00493299, 0.00503319, 0.00789024, 0.00751059, 0.00800768, 0.00628389, 0.00958922, 0.0060838, 0.00912188, 0.00770415, 0.00496317, 0.00608361, 0.00592867, 0.00821448, 0.00701919, 0.00521322, 0.00856601, 0.00899796, 0.00627174, 0.00541583, 0.00763683, 0.00470459, 0.00377724, 0.00528968, 0.00608208, 0.00531742, 0.009846, 0.00930017, 0.0041887, 0.00815933, 0.00511415, 0.0059995, 0.00480183, 0.00685036, 0.00521276, 0.00709442, 0.00717196, 0.0041158, 0.00796255, 0.00407081, 0.00808437, 0.00772082, 0.0038742, 0.00375688, 0.00687262, 0.00440258, 0.00911478, 0.00714115, 0.00513293, 0.00919674, 0.0096675, 0.00918013, 0.00547361, 0.00378903, 0.00970736, 0.00404098, 0.00682312, 0.0099945, 0.00504465, 0.00675311, 0.00820225, 0.00766342, 0.00788469, 0.00795716, 0.00724722, 0.00645441, 0.00677773, 0.00947872, 0.00511421, 0.00707915, 0.0066897, 0.00510455, 0.00724846, 0.00858482, 0.00634171, 0.0064206, 0.00735024, 0.00675999, 0.00521936, 0.00558241, 0.00736273, 0.00417638, 0.00734527, 0.00443513, 0.00625645, 0.00469869, 0.00459772, 0.00763577, 0.00555417, 0.00762031, 0.00826928, 0.00936691, 0.0071718, 0.00776353, 0.00914799, 0.00905118, 0.0069155, 0.00636438, 0.00619475];
GivenLatency = [1066.28, 441.35, 1001.33, 1014.1, 691.518, 474.524, 608.901, 602.22, 385.563, 577.634, 597.37, 938.564, 433.001, 1044.04, 839.922, 773.568, 435.466, 547.521, 441.955, 600.323, 620.078, 515.243, 538.714, 566.527, 410.129, 494.78, 607.52, 823.807, 420.306, 811.216, 827.231, 533.228, 594.827, 488.05, 790.592, 407.379, 595.576, 535.386, 569.288, 750.051, 767.174, 565.673, 408.297, 695.348, 913.629, 394.557, 550.349, 595.127, 922.386, 553.81, 728.591, 1038.52, 634.988, 661.838, 654.402, 366.239, 430.953, 1018.41, 563.422, 741.605, 711.01, 913.287, 594.138, 848.942, 673.658, 486.976, 1153.01, 540.917, 885.999, 416.936, 495.915, 1061.81, 1125.8, 557.714, 851.604, 419.934, 470.029, 866.355, 431.568, 424.806, 402.813, 772.74, 918.226, 444.708, 918.939, 673.065, 418.542, 894.594, 494.293, 521.07, 563.455, 578.107, 603.912, 671.76, 572.015, 594.385, 431.587, 663.288, 679.534, 742.621, 926.318, 552.055, 509.149, 621.583, 554.388, 619.705, 719.268, 827.54, 598.134, 456.248, 1068.18, 569.02, 770.906, 611.485, 854.943, 853.876, 473.557, 625.447, 497.398, 423.218, 361.151, 534.56, 526.844, 492.756, 385.043, 591.498, 563.864, 573.995];
HighestPossibleCritFunctionValue = 1.1;
