NumDevices = 128;
NumSlotes = 1024;


GivenBandwidthOld = [0.00516657, 0.00701076, 0.00741241, 0.00792223, 0.00642664, 0.00506897, 0.00671694, 0.00405402, 0.00844311, 0.00585639, 0.00592163, 0.0074124, 0.00776062, 0.00517132, 0.00681907, 0.00559171, 0.00741057, 0.00693591, 0.00438507, 0.00736523, 0.00494162, 0.00635231, 0.00585342, 0.00587099, 0.00615732, 0.00849649, 0.00795315, 0.00607608, 0.00813045, 0.00597408, 0.00381913, 0.00556121, 0.00478561, 0.0043008, 0.00612881, 0.00443953, 0.00772979, 0.00705119, 0.00689908, 0.00539256, 0.00517449, 0.00519984, 0.00617566, 0.00673929, 0.00478521, 0.00758758, 0.00696028, 0.00386231, 0.00640613, 0.00529796, 0.00527783, 0.0069321, 0.0053863, 0.0051218, 0.0046503, 0.00516228, 0.00500374, 0.00544265, 0.00704103, 0.00607562, 0.00547129, 0.00849078, 0.00700464, 0.00448936, 0.00512023, 0.00817749, 0.00662082, 0.00866734, 0.00449166, 0.00386897, 0.00834348, 0.00635128, 0.008403, 0.00672245, 0.00674844, 0.00859059, 0.00450773, 0.00387312, 0.0079849, 0.0047092, 0.00501951, 0.0054846, 0.00712094, 0.00421309, 0.00685141, 0.00417755, 0.00458944, 0.00717861, 0.00847315, 0.00578525, 0.00521508, 0.00739705, 0.00478584, 0.00805641, 0.00650952, 0.00798747, 0.00787534, 0.00840157, 0.00774903, 0.00545731, 0.00859185, 0.00576962, 0.00758217, 0.00596371, 0.0045226, 0.00377339, 0.00690609, 0.00822981, 0.0059894, 0.00639715, 0.00436795, 0.00468335, 0.00563661, 0.00702894, 0.00783792, 0.00443901, 0.00391229, 0.00631756, 0.00671889, 0.00680792, 0.00829413, 0.00702215, 0.00382924, 0.00559468, 0.00728254, 0.0051833, 0.00817969, 0.00860089];
GivenLatency = [196.284, 170.086, 131.923, 145.364, 166.941, 206.772, 145.74, 244.388, 113.676, 205.553, 173.348, 170.819, 153.341, 238.924, 167.008, 175.182, 129.519, 186.481, 229.289, 152.794, 250.062, 152.371, 217.148, 209.148, 165.847, 145.825, 156.049, 159.459, 140.631, 162.287, 314.419, 231.154, 205.787, 283.195, 169.574, 226.306, 145.345, 162.013, 162.657, 214.154, 199.65, 232.941, 161.369, 141.508, 251.44, 133.889, 157.457, 335.19, 192.038, 190.133, 192.556, 169.647, 182.935, 206.58, 207.18, 195.93, 231.617, 217.063, 166.144, 160.432, 224.317, 116.103, 172.668, 241.963, 232.793, 141.711, 175.029, 127.268, 236.234, 314.603, 147.279, 181.072, 130.01, 145.746, 191.159, 119.322, 219.377, 325.04, 135.522, 267.547, 240.545, 212.921, 156.197, 306.219, 174.164, 244.393, 265.956, 139.483, 136.368, 200.304, 196.227, 134.274, 208.092, 145.091, 149.97, 120.534, 141.401, 131.486, 152.473, 226.671, 114.802, 172.202, 170.128, 213.365, 232.188, 314.53, 139.388, 156.549, 172.69, 169.92, 265.459, 262.432, 173.8, 137.212, 156.383, 274.318, 279.547, 158.016, 158.641, 174.113, 156.085, 142.508, 250.167, 189.414, 147.673, 215.39, 118.927, 143.856];
HighestPossibleCritFunctionValue = 1.1;
