NumDevices = 128;
NumSlotes = 1024;


GivenBandwidthOld = [0.00438716, 0.00754719, 0.00807604, 0.00651323, 0.00537795, 0.004761, 0.00557721, 0.0086302, 0.00530353, 0.0040022, 0.0074525, 0.00669804, 0.00643065, 0.00739124, 0.00713979, 0.00592344, 0.00770491, 0.00397727, 0.00846324, 0.00426019, 0.00847782, 0.00426839, 0.00641609, 0.00779224, 0.00665477, 0.00422386, 0.00798838, 0.00828065, 0.00541069, 0.00493116, 0.00549724, 0.00463047, 0.00674761, 0.00449905, 0.00808942, 0.0063784, 0.00424937, 0.00664289, 0.00462535, 0.00571221, 0.00762093, 0.00744845, 0.00859841, 0.00601699, 0.0050232, 0.00745363, 0.00569671, 0.00704212, 0.00442298, 0.00450804, 0.0040476, 0.00550891, 0.00572402, 0.00614074, 0.00487128, 0.00417658, 0.00823154, 0.00504762, 0.00778923, 0.00614452, 0.00841217, 0.00580171, 0.00683349, 0.00791168, 0.00409168, 0.00636566, 0.00518318, 0.00624231, 0.00707912, 0.0062891, 0.00842845, 0.00439553, 0.00825451, 0.00598471, 0.00747095, 0.00681276, 0.00447088, 0.00458371, 0.00590817, 0.00607952, 0.0059501, 0.00584532, 0.00481844, 0.00600584, 0.00758217, 0.00597756, 0.00734448, 0.00619481, 0.00871683, 0.00622782, 0.00854716, 0.00466612, 0.0059585, 0.00703799, 0.00504304, 0.00582761, 0.0072049, 0.00524767, 0.00510492, 0.00594465, 0.00428823, 0.00474233, 0.00691992, 0.00566786, 0.00714, 0.00454485, 0.00787024, 0.00767196, 0.00505229, 0.00631628, 0.00527252, 0.00775321, 0.00569788, 0.00682515, 0.00775158, 0.00830516, 0.00733207, 0.0075656, 0.00761767, 0.00769893, 0.0083707, 0.00387347, 0.00385233, 0.00858897, 0.00732956, 0.0054885, 0.00771883, 0.00791508];
GivenLatency = [251.251, 168.334, 122.129, 166.741, 221.648, 217.567, 214.382, 128.452, 224.864, 312.205, 139.287, 186.205, 190.344, 160.776, 147.26, 215.953, 161.159, 320.477, 151.796, 289.712, 135.011, 248.735, 167.42, 144.872, 144.921, 259.885, 145.369, 155.937, 203.405, 254.514, 191.394, 250.739, 180.765, 252.503, 131.621, 189.709, 250.188, 150.247, 223.102, 171.755, 169.418, 158.586, 150.038, 182.839, 189.662, 154.769, 176.557, 139.6, 229.406, 226.542, 287.908, 203.333, 184.386, 195.031, 231.727, 286.615, 153.954, 191.76, 140.893, 165.591, 123.836, 189.323, 157.245, 145.152, 299.746, 189.317, 199.437, 154.806, 178.801, 196.53, 124.191, 247.82, 121.126, 189.239, 164.831, 171.166, 282.306, 266.821, 177.199, 178.295, 162.992, 179.632, 255.855, 164.712, 127.405, 210.09, 173.048, 191.926, 115.777, 191.751, 114.495, 267.25, 179.732, 180.321, 246.557, 171.804, 152.637, 240.368, 201.02, 173.971, 297.837, 242.7, 149.072, 227.227, 135.104, 216.901, 139.41, 134.318, 243.838, 161.487, 186.899, 143.957, 210.449, 163.636, 153.709, 150.761, 160.796, 169.986, 130.249, 163.692, 145.487, 301.023, 327.251, 111.997, 145.984, 174.096, 134.122, 160.031];
HighestPossibleCritFunctionValue = 1.1;
