NumDevices = 16;
NumSlotes = 128;


GivenBandwidthOld = [0.0361593, 0.0500264, 0.0635607, 0.0351891, 0.0425323, 0.0596108, 0.0484231, 0.0669186, 0.0711511, 0.0564469, 0.0724882, 0.0794283, 0.0716021, 0.0359936, 0.0639454, 0.0498957];
GivenLatency = [40.4555, 38.7357, 22.682, 45.131, 32.8023, 24.9438, 28.6029, 22.4114, 22.4031, 27.8531, 19.1727, 18.9639, 26.6279, 45.6145, 31.2425, 28.8101];
HighestPossibleCritFunctionValue = 1.1;
