NumDevices = 16;
NumSlotes = 128;


GivenBandwidthOld = [0.0349224, 0.0301754, 0.0227888, 0.0256053, 0.0126318, 0.0170702, 0.0145947, 0.0324895, 0.0151918, 0.0183271, 0.0132474, 0.0146251, 0.019368, 0.0337257, 0.0182818, 0.0270033];
GivenLatency = [8.71831, 11.8069, 14.3384, 15.3617, 38.4457, 29.5338, 22.1578, 12.9436, 27.1282, 17.0417, 40.1855, 23.8048, 31.7234, 14.3306, 16.5733, 21.2096];
HighestPossibleCritFunctionValue = 1.1;
