NumDevices = 64;
NumSlotes = 512;


GivenBandwidthOld = [0.0088839, 0.0167294, 0.0156482, 0.0150244, 0.00962002, 0.008619, 0.0144864, 0.00835054, 0.012585, 0.0113783, 0.0096759, 0.00784341, 0.00927382, 0.0100628, 0.0108488, 0.0115201, 0.0136418, 0.0130918, 0.00897904, 0.0157596, 0.0168032, 0.0161149, 0.0174077, 0.0164391, 0.00775615, 0.0125503, 0.00810089, 0.0166314, 0.00887512, 0.00916193, 0.00960676, 0.0157775, 0.00799858, 0.0171148, 0.0139947, 0.0145847, 0.00973011, 0.0089588, 0.0155721, 0.014812, 0.0104719, 0.0155074, 0.00817331, 0.0138375, 0.0117445, 0.0140711, 0.00844632, 0.0123181, 0.01572, 0.0112687, 0.00803252, 0.00760182, 0.00877821, 0.0104431, 0.0116909, 0.0139018, 0.0122139, 0.0147286, 0.00875801, 0.0108673, 0.0120086, 0.0139268, 0.0129945, 0.0128777];
GivenLatency = [124.88, 74.6094, 62.6511, 62.4814, 113.429, 143.451, 66.7241, 112.375, 73.3586, 80.7757, 102.346, 152.798, 118.141, 109.042, 101.337, 82.4533, 84.0296, 73.5473, 130.723, 61.4836, 63.025, 67.1677, 54.6842, 56.6325, 138.237, 77.4495, 127.562, 58.156, 114.177, 114.335, 100.373, 74.8083, 152.666, 64.0992, 70.3183, 68.9725, 99.4659, 107.566, 72.3638, 62.6062, 105.81, 65.5494, 141.64, 75.6647, 97.4768, 87.8296, 115.451, 74.434, 57.9058, 91.8448, 125.2, 126.036, 119.44, 88.4888, 91.9836, 86.5025, 76.3222, 68.2565, 142.073, 113.331, 93.6984, 75.9277, 71.0112, 78.7301];
HighestPossibleCritFunctionValue = 1.1;
