NumDevices = 16;
NumSlotes = 128;


GivenBandwidthOld = [0.0410983, 0.0589707, 0.0408175, 0.0403306, 0.0563565, 0.0541362, 0.0368778, 0.0755315, 0.0776773, 0.0425198, 0.0495878, 0.0424169, 0.0714159, 0.0572659, 0.0378007, 0.0370353];
GivenLatency = [34.0214, 32.8427, 36.7984, 41.4374, 28.0328, 25.9163, 36.4331, 19.503, 22.0214, 36.2506, 28.9247, 42.3777, 25.6118, 24.2578, 45.6749, 37.9929];
HighestPossibleCritFunctionValue = 1.1;
