NumDevices = 16;
NumSlotes = 128;


GivenBandwidthOld = [0.0782785, 0.0476464, 0.0628548, 0.0704238, 0.0332832, 0.0612303, 0.0676048, 0.0542375, 0.0402726, 0.0317759, 0.0781832, 0.0452302, 0.0531912, 0.0542467, 0.0451025, 0.0569926];
GivenLatency = [22.445, 30.7167, 28.7371, 24.5403, 58.0866, 26.0117, 28.8455, 33.6189, 41.1532, 47.7706, 20.6318, 37.1293, 26.9668, 30.3247, 32.5923, 27.9078];
HighestPossibleCritFunctionValue = 1.1;
