NumDevices = 32;
NumSlotes = 256;


GivenBandwidthOld = [0.0183599, 0.0247469, 0.0312385, 0.0349323, 0.0168947, 0.0192939, 0.022858, 0.0246978, 0.0256172, 0.0190164, 0.0189004, 0.029501, 0.0335848, 0.0296635, 0.0236728, 0.019377, 0.0194248, 0.0221961, 0.0203857, 0.0330813, 0.0279491, 0.0299959, 0.0317899, 0.0222728, 0.0284848, 0.034174, 0.0320999, 0.0326335, 0.0211757, 0.030475, 0.0231222, 0.0241674];
GivenLatency = [47.8991, 46.993, 34.8961, 24.0792, 64.1792, 57.7736, 40.6815, 45.7188, 38.3117, 60.0222, 45.8972, 28.6939, 27.5254, 35.6179, 37.4243, 53.2984, 48.6534, 45.2456, 48.8539, 29.014, 40.3681, 32.4417, 30.3691, 42.6447, 38.4952, 26.6298, 29.878, 27.0592, 43.8314, 30.3473, 38.2018, 36.2407];
HighestPossibleCritFunctionValue = 1.1;
