NumDevices = 128;
NumSlotes = 1024;


GivenBandwidthOld = [0.00463429, 0.00970645, 0.00754556, 0.0082166, 0.0051346, 0.00590361, 0.00573319, 0.00403674, 0.00430924, 0.00911656, 0.00577781, 0.00387874, 0.00493568, 0.0064094, 0.00658923, 0.00390544, 0.00990302, 0.00513747, 0.00421716, 0.00526851, 0.00667159, 0.00683737, 0.00575737, 0.00415287, 0.00602744, 0.00563423, 0.0094995, 0.00440713, 0.00434264, 0.00806567, 0.00588796, 0.00515556, 0.00829743, 0.00741258, 0.00443643, 0.00925804, 0.00856272, 0.00985703, 0.0071146, 0.00888813, 0.0040444, 0.00790098, 0.00685998, 0.00444453, 0.00802006, 0.00823752, 0.00674231, 0.00793429, 0.00405079, 0.00919635, 0.00936619, 0.00761401, 0.008676, 0.00761329, 0.0089923, 0.00491159, 0.00790698, 0.00756872, 0.00376014, 0.00535541, 0.00455384, 0.00770742, 0.00987406, 0.00579167, 0.00551493, 0.00435445, 0.00646237, 0.00922138, 0.00506201, 0.00469541, 0.00575835, 0.00804403, 0.00469403, 0.00764077, 0.0084033, 0.0054708, 0.00651453, 0.00470763, 0.00495773, 0.00833313, 0.00736404, 0.00748857, 0.00661527, 0.00403067, 0.0084124, 0.00848239, 0.00971451, 0.00560067, 0.00799069, 0.00821914, 0.00415013, 0.00994514, 0.0067002, 0.00646949, 0.00391504, 0.00881142, 0.00858613, 0.00961531, 0.00704488, 0.00586703, 0.00969748, 0.00679462, 0.00595672, 0.00458887, 0.00896126, 0.0081637, 0.00986163, 0.00944006, 0.0053551, 0.00560581, 0.00691909, 0.00418172, 0.00970686, 0.00816481, 0.00975536, 0.00464842, 0.00974096, 0.00636727, 0.00463308, 0.00816292, 0.00917146, 0.00972881, 0.00842534, 0.00710598, 0.00765552, 0.00631704, 0.00431292, 0.00851424];
GivenLatency = [826.993, 396.827, 570.665, 454.54, 828.782, 795.61, 666.557, 1167.81, 1013.48, 410.08, 754.419, 1288.87, 812.982, 655.617, 601.365, 910.322, 430.924, 896.548, 961.841, 641.818, 517.895, 509.539, 616.826, 1003.21, 730.968, 610.041, 405.586, 1106.17, 841.039, 566.964, 784.079, 806.008, 408.872, 567.462, 1033.42, 366.237, 399.528, 457.847, 645.297, 484.13, 910.142, 603.482, 516.531, 762.709, 435.452, 570.585, 495.987, 464.78, 866.273, 427.147, 426.518, 489.788, 563.926, 486.794, 446.446, 690.055, 442.701, 608.023, 1108.04, 759.652, 821.296, 458.286, 465.124, 747.251, 663.4, 987.586, 623.784, 517.661, 759.663, 850.611, 585.326, 429.308, 852.745, 446.322, 417.122, 669.949, 721.069, 987.667, 849.051, 456.716, 509.19, 589.298, 686.381, 831.402, 457.343, 460.104, 473.493, 609.642, 446.847, 520.969, 1141.72, 402.162, 699.119, 532.713, 1200.51, 532.637, 433.25, 366.921, 682.284, 704.58, 401.608, 530.593, 823.111, 797.555, 496.342, 438.416, 365.507, 369.377, 653.714, 740.741, 505.843, 1021.65, 344.52, 589.536, 378.638, 1019.76, 382.133, 599.395, 825.669, 509.16, 517.454, 423.59, 474.269, 490.133, 620.15, 704.794, 846.055, 449.312];
HighestPossibleCritFunctionValue = 1.1;
