NumDevices = 128;
NumSlotes = 1024;


GivenBandwidthOld = [0.00216839, 0.00222745, 0.00433198, 0.00317771, 0.00342602, 0.00168146, 0.00278232, 0.00179551, 0.00398153, 0.00377946, 0.00144288, 0.00240326, 0.00292236, 0.00235605, 0.00306463, 0.00278376, 0.0040696, 0.00280273, 0.00428416, 0.00265651, 0.00294582, 0.00288119, 0.00414287, 0.0029029, 0.00339421, 0.00143615, 0.00170992, 0.00306317, 0.00327201, 0.00386614, 0.00193642, 0.00349505, 0.00251209, 0.00384069, 0.00241446, 0.00366078, 0.00352024, 0.0040706, 0.00387644, 0.00322478, 0.00384094, 0.00349152, 0.0025324, 0.00135153, 0.00137627, 0.0016009, 0.00196466, 0.00316143, 0.00169736, 0.00126609, 0.0029801, 0.00411201, 0.00299559, 0.00192429, 0.00275169, 0.00262542, 0.00226583, 0.00250144, 0.00296535, 0.003078, 0.00264826, 0.00176031, 0.00295818, 0.00434704, 0.0032033, 0.00227668, 0.00357865, 0.00133528, 0.00323165, 0.00378787, 0.00202586, 0.00361645, 0.0022998, 0.00142644, 0.00422767, 0.00312126, 0.00144607, 0.00285394, 0.00249771, 0.00268807, 0.00205881, 0.00422133, 0.00295633, 0.00146519, 0.00228946, 0.00267848, 0.00342005, 0.00141053, 0.0023978, 0.00161914, 0.00234024, 0.00302159, 0.00134184, 0.00424263, 0.00147034, 0.00138329, 0.00402105, 0.00245928, 0.00372237, 0.00432044, 0.00304788, 0.00257174, 0.00320538, 0.00289157, 0.00361132, 0.00362208, 0.00315864, 0.00165391, 0.00228862, 0.00421648, 0.00258645, 0.00356964, 0.00314268, 0.00222486, 0.00130555, 0.00363068, 0.00390907, 0.00167035, 0.00350504, 0.00166425, 0.00414168, 0.00167484, 0.00410114, 0.00155165, 0.00227582, 0.00165489, 0.00317728, 0.00248552];
GivenLatency = [152.37, 159.561, 92.7233, 111.612, 116.257, 196.419, 156.365, 204.98, 92.7076, 105.618, 282.025, 212.726, 174.601, 229.356, 200.586, 115.124, 126.933, 170.483, 79.4385, 172.768, 183.672, 155.339, 117.28, 125.043, 151.915, 305.978, 194.003, 179.641, 182.315, 147.628, 181.851, 143.279, 198.64, 165.743, 183.161, 119.359, 142.962, 109.72, 153.136, 145.827, 123.942, 136.062, 204.822, 470.824, 364.169, 304.856, 291.293, 128.923, 202.607, 407.359, 115.572, 110.623, 140.005, 259.833, 179.324, 129.18, 214.949, 174.932, 217.488, 119.667, 225.279, 260.848, 216.756, 77.3038, 172.452, 186.514, 151.182, 278.013, 111, 106.825, 221.266, 100.291, 220.037, 401.033, 77.0235, 170.856, 369.404, 139.398, 223.418, 197.132, 159.199, 95.3307, 142.885, 232.534, 159.652, 147.152, 107.52, 320.113, 142.422, 253.917, 248.691, 205.726, 338.624, 81.9725, 276.779, 325.628, 108.989, 246.191, 160.279, 78.5358, 131.109, 129.225, 122.92, 145.981, 93.2274, 131.861, 104.103, 208.918, 166.377, 74.1534, 122.484, 107.602, 142.515, 204.249, 294.299, 160.937, 80.8834, 259.752, 135.224, 363.825, 77.9263, 217.262, 87.0966, 334.977, 260.338, 206.956, 112.736, 261.341];
HighestPossibleCritFunctionValue = 1.1;
