NumDevices = 32;
NumSlotes = 256;


GivenBandwidthOld = [0.0346901, 0.0265452, 0.0343912, 0.0237071, 0.0344578, 0.0229438, 0.0257105, 0.0262145, 0.0164097, 0.0270645, 0.0236909, 0.0232989, 0.034244, 0.0290093, 0.0284777, 0.0151778, 0.0231693, 0.0164001, 0.0260719, 0.0203584, 0.0337945, 0.0333593, 0.0192414, 0.019777, 0.0220182, 0.0293564, 0.022512, 0.0284682, 0.0155333, 0.0185362, 0.0274685, 0.0322589];
GivenLatency = [28.0877, 38.0501, 28.8081, 40.0155, 30.1192, 36.527, 36.9375, 39.2836, 59.7924, 36.7103, 36.1585, 35.9724, 31.6208, 40.292, 35.3432, 73.8216, 38.2773, 65.7713, 37.9787, 50.0963, 25.4921, 29.7935, 57.197, 44.7156, 45.6757, 38.3981, 51.0749, 29.6294, 59.9646, 61.665, 42.8123, 27.6521];
HighestPossibleCritFunctionValue = 1.1;
