NumDevices = 64;
NumSlotes = 512;


GivenBandwidthOld = [0.00553721, 0.00521741, 0.00523767, 0.00818683, 0.00607184, 0.00315625, 0.00715715, 0.00641577, 0.00861632, 0.0058149, 0.00344356, 0.00465836, 0.0030805, 0.0027675, 0.0045456, 0.00792343, 0.00402263, 0.00576488, 0.00653188, 0.00386064, 0.00827971, 0.00463051, 0.00367642, 0.00576469, 0.00332253, 0.00807428, 0.00814975, 0.00779422, 0.00748133, 0.00494485, 0.00554557, 0.00811841, 0.00617173, 0.00694675, 0.00776379, 0.00852242, 0.00262479, 0.00617626, 0.00822587, 0.00595059, 0.0028748, 0.00798683, 0.00709816, 0.00251348, 0.00402418, 0.0069229, 0.00695908, 0.00255648, 0.00799908, 0.00673831, 0.00459639, 0.00519143, 0.00612282, 0.0037059, 0.00762402, 0.00314093, 0.00582534, 0.00397763, 0.00569451, 0.00510709, 0.00731728, 0.00408847, 0.00611345, 0.00250559];
GivenLatency = [111.98, 92.7034, 93.1951, 41.5243, 57.0272, 204.061, 46.6135, 54.0354, 47.6924, 75.4019, 141.18, 86.8182, 166.798, 119.138, 76.2609, 45.3323, 110.955, 76.8438, 82.4639, 138.77, 47.2733, 91.6531, 84.8409, 81.1423, 116.749, 40.616, 48.2604, 57.608, 69.8468, 78.9386, 65.3457, 39.3098, 50.6543, 46.174, 40.5286, 39.397, 226.942, 53.4171, 61.1542, 104.787, 215.711, 52.4464, 43.8066, 151.752, 90.9737, 87.5813, 55.5386, 164.628, 50.3387, 61.0172, 87.7994, 59.9988, 90.5896, 159.239, 85.0107, 107.97, 70.8037, 96.4085, 54.801, 74.7596, 43.3028, 119.094, 84.7548, 184.137];
HighestPossibleCritFunctionValue = 1.1;
