NumDevices = 128;
NumSlotes = 1024;


GivenBandwidthOld = [0.00563793, 0.00915707, 0.00531378, 0.00500938, 0.0076956, 0.00491523, 0.00656682, 0.00862372, 0.00391589, 0.00444321, 0.00449773, 0.00842791, 0.00664387, 0.0097723, 0.00796677, 0.00627541, 0.00450334, 0.00890984, 0.00646867, 0.00897819, 0.0051333, 0.00905361, 0.00403148, 0.00954051, 0.00605499, 0.00623459, 0.00594195, 0.00641099, 0.00821879, 0.00448437, 0.00881953, 0.00727728, 0.00555102, 0.00472946, 0.00928646, 0.00498685, 0.00399745, 0.00637412, 0.00737431, 0.00506466, 0.00544438, 0.00627573, 0.00989483, 0.00489787, 0.00853007, 0.00482094, 0.00932356, 0.00980008, 0.00622953, 0.00845815, 0.00860777, 0.00448694, 0.00822936, 0.007107, 0.00610866, 0.00827916, 0.00662164, 0.00486922, 0.00822234, 0.00791371, 0.00828557, 0.00801875, 0.00486668, 0.00926101, 0.00852137, 0.00863542, 0.00673817, 0.007174, 0.00710851, 0.00649701, 0.00403701, 0.00875657, 0.00546467, 0.00975215, 0.0068162, 0.00616834, 0.00496703, 0.00844239, 0.0062808, 0.00758564, 0.00687559, 0.00427269, 0.00737194, 0.00897951, 0.00868918, 0.00408149, 0.00628773, 0.00541494, 0.00512854, 0.00419305, 0.0062586, 0.00949763, 0.00415946, 0.00436526, 0.00694369, 0.00513296, 0.00969044, 0.0072356, 0.00495836, 0.00644725, 0.00516232, 0.00942653, 0.00917418, 0.00545804, 0.0046109, 0.0041409, 0.00479353, 0.00488627, 0.00724616, 0.00748664, 0.00538393, 0.00889754, 0.00589649, 0.00488893, 0.00831724, 0.00910611, 0.00511627, 0.00417087, 0.00848741, 0.00659559, 0.00459998, 0.00816766, 0.00768087, 0.00737578, 0.00476942, 0.00594855, 0.0047583, 0.00651782];
GivenLatency = [884.072, 414.507, 789.36, 879.765, 547.629, 786.529, 704.333, 437.273, 856.163, 864.586, 820.382, 547.312, 622.183, 412.24, 427.322, 558.048, 771.034, 536.632, 628.596, 421.357, 814.075, 390.15, 1081.53, 370.71, 562.7, 582.109, 717, 623.617, 482.315, 871.337, 499.773, 553.165, 616.074, 811.508, 508.036, 888.096, 1072.66, 653.685, 488.201, 890.418, 643.678, 691.521, 390.376, 695.812, 500.122, 726.323, 408.76, 469.492, 626.62, 439.586, 485.862, 1042.36, 544.626, 553.616, 661.72, 459.099, 537.741, 1003.96, 437.714, 470.094, 434.384, 494.807, 930.22, 440.615, 545.673, 565.975, 668.194, 473.756, 480.713, 687.364, 881.007, 486.833, 772.282, 412.615, 674.198, 548.483, 846.8, 423.564, 568.54, 471.152, 506.458, 946.354, 503.096, 433.489, 435.792, 934.151, 679.571, 779.502, 654.934, 837.075, 605.384, 508.434, 820.643, 811.841, 661.626, 730.073, 448.298, 585.239, 959.919, 598.269, 878.113, 494.841, 400.632, 736.003, 952.551, 1065.51, 844.462, 748.313, 604.726, 625.586, 820.413, 478.71, 768.468, 944.99, 424.637, 444.542, 700.405, 925.614, 457.562, 535.314, 938.348, 455.778, 434.509, 562.803, 707.748, 694.881, 978.802, 641.246];
HighestPossibleCritFunctionValue = 1.1;
