NumDevices = 64;
NumSlotes = 512;


GivenBandwidthOld = [0.00808083, 0.00954905, 0.0158168, 0.0174866, 0.0117328, 0.00824081, 0.00832669, 0.0117309, 0.01633, 0.0140416, 0.0119265, 0.0138011, 0.0108738, 0.0108777, 0.0169057, 0.00860912, 0.00847035, 0.0161733, 0.0102485, 0.0113199, 0.00792902, 0.00799935, 0.0100568, 0.0101427, 0.0137697, 0.0119343, 0.0141733, 0.015241, 0.00967117, 0.00832226, 0.017216, 0.0137338, 0.00821291, 0.00943396, 0.0116061, 0.00827117, 0.0086163, 0.00914772, 0.0107362, 0.00806117, 0.00905853, 0.0117759, 0.0119499, 0.016519, 0.00923747, 0.00921908, 0.0101454, 0.00926178, 0.00768927, 0.00856144, 0.0171033, 0.00980906, 0.0158159, 0.0120453, 0.0103076, 0.0140522, 0.0107894, 0.0126268, 0.0142346, 0.0159547, 0.0154174, 0.0155784, 0.010484, 0.00894888];
GivenLatency = [147.539, 117.268, 76.4839, 52.078, 90.1124, 111.816, 139.347, 79.4705, 66.2183, 85.2955, 81.937, 75.5616, 99.7078, 89.9803, 68.2299, 118.773, 143.895, 59.7578, 100.509, 87.0987, 143.557, 126.54, 106.075, 98.1676, 79.79, 82.1828, 66.3152, 64.3231, 97.8446, 121.723, 53.2791, 71.6633, 121.82, 100.064, 98.8232, 114.941, 144.355, 131.713, 91.2968, 127.842, 107.418, 97.5523, 81.4235, 69.1657, 128.76, 100.283, 123.129, 101.826, 157.962, 109.19, 56.6921, 94.2673, 65.9815, 87.9939, 91.3323, 83.5693, 89.4421, 73.6461, 66.1962, 63.7985, 73.702, 60.9368, 116.858, 112.727];
HighestPossibleCritFunctionValue = 1.1;
