NumDevices = 32;
NumSlotes = 256;


GivenBandwidthOld = [0.0133864, 0.0172896, 0.0062654, 0.0101103, 0.00670122, 0.00985725, 0.0157934, 0.00898218, 0.00849257, 0.0171756, 0.014602, 0.011639, 0.0111655, 0.0160519, 0.0174705, 0.00932493, 0.00651419, 0.0164142, 0.00651101, 0.0131049, 0.0118671, 0.00745279, 0.0164935, 0.0134152, 0.0134958, 0.00651181, 0.0139769, 0.0165435, 0.0158162, 0.0171426, 0.0111978, 0.00918759];
GivenLatency = [31.7407, 36.2431, 81.4716, 47.7045, 69.7789, 43.7213, 23.4284, 34.2143, 49.434, 19.4585, 42.8057, 33.8058, 27.3959, 37.3645, 24.1196, 38.9721, 55.7464, 22.5194, 54.2746, 26.2891, 38.2031, 82.3748, 18.6714, 28.1675, 25.5528, 61.7245, 31.1015, 34.5582, 35.4995, 37.2143, 37.7907, 44.8928];
HighestPossibleCritFunctionValue = 1.1;
