NumDevices = 128;
NumSlotes = 1024;


GivenBandwidthOld = [0.00573166, 0.00442972, 0.00782537, 0.00850141, 0.00574252, 0.00699888, 0.00768601, 0.0063186, 0.00417595, 0.00776358, 0.00496753, 0.00678066, 0.00512682, 0.00391295, 0.00741602, 0.00848318, 0.00438125, 0.00816646, 0.00625002, 0.00656699, 0.00385926, 0.00515456, 0.00522697, 0.00715503, 0.00714444, 0.00417457, 0.0044682, 0.00445268, 0.00864902, 0.00654289, 0.00391161, 0.00492393, 0.00400691, 0.00657987, 0.00543208, 0.00447793, 0.00804579, 0.00804239, 0.00602773, 0.00547568, 0.00726178, 0.00627648, 0.00625413, 0.00562448, 0.00818281, 0.00605799, 0.00410277, 0.00776395, 0.00622205, 0.00651944, 0.0046761, 0.00375238, 0.00868147, 0.00690653, 0.00555674, 0.0046936, 0.00776571, 0.00574171, 0.00837951, 0.00694246, 0.00449297, 0.00580288, 0.00654471, 0.00438107, 0.00520997, 0.00653517, 0.00410047, 0.00418543, 0.00700296, 0.00620474, 0.00558081, 0.004209, 0.0081643, 0.00487982, 0.00770789, 0.00392031, 0.00607375, 0.00395114, 0.00425668, 0.00446187, 0.00818854, 0.00736526, 0.0053817, 0.00772214, 0.00854068, 0.0057679, 0.00865908, 0.00557153, 0.00827192, 0.00863911, 0.00496735, 0.00375562, 0.00814094, 0.00734381, 0.00496703, 0.00829058, 0.00727655, 0.0044814, 0.00645965, 0.0049202, 0.00636113, 0.00393157, 0.00541084, 0.00742945, 0.00433228, 0.00518339, 0.00474947, 0.00679274, 0.00814608, 0.00872556, 0.00804996, 0.00824508, 0.00761813, 0.00532788, 0.00811814, 0.00405141, 0.00453467, 0.00677282, 0.00827042, 0.00840427, 0.00807322, 0.00406908, 0.00646783, 0.00729337, 0.00719898, 0.00568796, 0.00500969, 0.00530469];
GivenLatency = [168.946, 255.963, 163.311, 114.892, 169.51, 179.572, 125.862, 191.809, 234.72, 141.194, 219.459, 186.96, 196.159, 299.423, 129.022, 142.163, 223.724, 118.611, 181.551, 175.587, 310.645, 245.884, 210.147, 141.036, 166.908, 241.535, 264.748, 235.753, 145.342, 198.113, 321.986, 247.99, 251.842, 193.037, 196.158, 264.713, 149.729, 124.703, 184.478, 181.179, 166.034, 156.785, 184.14, 200.781, 129.007, 208.172, 238.831, 124.938, 177.656, 195.897, 251.006, 329.089, 133.315, 178.966, 202.155, 211.18, 166.861, 173.153, 133.551, 179.453, 227.714, 178.772, 185.319, 280.861, 188.356, 160.714, 273.996, 234.348, 137.707, 180.878, 184.601, 237.659, 140.77, 202.982, 141.33, 313.183, 204.915, 324.214, 282.333, 235.951, 138.676, 151.037, 204.471, 123.678, 143.858, 209.148, 130.297, 194.127, 115.139, 135.753, 223.899, 334.857, 126.246, 155.765, 240.645, 124.505, 171.859, 217.316, 161.284, 232.909, 181.831, 308.649, 229.934, 172.722, 268.431, 213.919, 227.129, 176.137, 123.827, 116.292, 152.564, 122.186, 137.461, 197.399, 154.202, 264.921, 268.427, 160.559, 135.417, 131.028, 128.492, 309.861, 165.012, 163.05, 150.376, 190.883, 199.084, 212.598];
HighestPossibleCritFunctionValue = 1.1;
