NumDevices = 64;
NumSlotes = 512;


GivenBandwidthOld = [0.0186245, 0.0150822, 0.0165846, 0.0180663, 0.00755515, 0.00938425, 0.0135665, 0.0166875, 0.0101082, 0.018396, 0.0117111, 0.00800261, 0.0173544, 0.0176836, 0.0134409, 0.0180703, 0.0128969, 0.0124701, 0.0149611, 0.0190586, 0.0104906, 0.00825881, 0.01091, 0.0199711, 0.00885392, 0.0128481, 0.0186743, 0.0134791, 0.0113548, 0.00812439, 0.0141253, 0.0082295, 0.0182541, 0.0138313, 0.0169663, 0.0193807, 0.0109006, 0.0115893, 0.0118564, 0.0126682, 0.0196202, 0.0111936, 0.0104861, 0.0191663, 0.00877904, 0.0168206, 0.00903723, 0.018758, 0.00780824, 0.0131067, 0.0147606, 0.0118223, 0.0146501, 0.0170295, 0.019407, 0.0151327, 0.015803, 0.0190941, 0.0198223, 0.00831016, 0.0113457, 0.0172802, 0.00806928, 0.0128603];
GivenLatency = [162.171, 209.786, 157.442, 160.284, 336.125, 350.948, 178.534, 161.084, 259.227, 134.613, 205.556, 292.106, 176.387, 145.571, 197.718, 151.332, 219.281, 261.036, 181.759, 123.202, 233.369, 348.566, 288.646, 156.06, 296.47, 189.122, 150.363, 179.511, 206.444, 305.266, 212.22, 395.97, 144.315, 219.879, 137.388, 120.282, 285.558, 194.433, 223.508, 190.467, 117.151, 285.798, 263.812, 142.94, 320.05, 190.56, 333.208, 177.671, 287.521, 191.315, 186.181, 213.907, 225.978, 139.534, 114.554, 147.359, 186.848, 145.586, 115.63, 294.797, 207.487, 144.501, 325.093, 196.044];
HighestPossibleCritFunctionValue = 1.1;
