NumDevices = 16;
NumSlotes = 128;


GivenBandwidthOld = [0.0229628, 0.0265983, 0.0273355, 0.0168842, 0.012326, 0.028277, 0.0160536, 0.0284967, 0.0344359, 0.028519, 0.0334003, 0.0243231, 0.0141588, 0.031583, 0.0312763, 0.0262737];
GivenLatency = [18.278, 19.8839, 21.3175, 26.3427, 32.7322, 14.5054, 21.7584, 16.1487, 14.6954, 10.7369, 13.1428, 16.1983, 26.0265, 13.3656, 11.5568, 14.7751];
HighestPossibleCritFunctionValue = 1.1;
