NumDevices = 64;
NumSlotes = 512;


GivenBandwidthOld = [0.0184717, 0.00862228, 0.0196227, 0.0163469, 0.00985455, 0.017892, 0.0165655, 0.00912615, 0.0131548, 0.00956411, 0.0115719, 0.0195537, 0.0193089, 0.0164695, 0.00790707, 0.0116175, 0.0106807, 0.0158706, 0.0178717, 0.0121799, 0.0120522, 0.016936, 0.0106981, 0.0199667, 0.010013, 0.018615, 0.017465, 0.0135826, 0.0124062, 0.0153343, 0.0159638, 0.00849813, 0.00808586, 0.016511, 0.0180091, 0.00934455, 0.00884364, 0.0151159, 0.0198442, 0.0134354, 0.0131857, 0.0171727, 0.0144554, 0.00767511, 0.0130772, 0.0185414, 0.0181718, 0.0176043, 0.0183901, 0.0118697, 0.0113624, 0.00997888, 0.00751816, 0.0126548, 0.0197824, 0.0123756, 0.0138338, 0.00924704, 0.00755044, 0.017813, 0.0126295, 0.0194414, 0.0193285, 0.00860258];
GivenLatency = [145.545, 258.253, 113.755, 194.37, 298.196, 156.953, 157.7, 291.992, 201.45, 304.275, 239.099, 153.904, 158.72, 170.016, 332.512, 249.328, 258.425, 194.306, 158.107, 225.26, 204.046, 132.29, 240.655, 113.324, 225.436, 138.404, 131.832, 205.991, 184.157, 170.504, 207.234, 390.331, 307.464, 200.755, 161.299, 306.039, 256.286, 218.508, 139.732, 215.469, 177.246, 159.975, 176.578, 338.221, 226.385, 151.46, 142.39, 148.354, 168.019, 239.107, 288.976, 249.748, 309.654, 216.381, 120.933, 197.914, 200.722, 263.01, 332.516, 143.724, 200.943, 120.261, 154.79, 310.197];
HighestPossibleCritFunctionValue = 1.1;
