NumDevices = 128;
NumSlotes = 1024;


GivenBandwidthOld = [0.00483364, 0.00391021, 0.00890574, 0.00627565, 0.00855921, 0.00715221, 0.0097593, 0.00830937, 0.0080147, 0.00554644, 0.00902174, 0.00595131, 0.00743051, 0.00580242, 0.00495295, 0.00920676, 0.00917881, 0.00833242, 0.00805948, 0.0082206, 0.00988527, 0.00667012, 0.00725842, 0.00722315, 0.00827585, 0.00720531, 0.00847616, 0.00508237, 0.00931976, 0.0084848, 0.00647512, 0.0048891, 0.00489677, 0.00869919, 0.00977544, 0.00464294, 0.0050725, 0.00605242, 0.00674292, 0.00572024, 0.00505519, 0.00890865, 0.00515176, 0.00694517, 0.00489212, 0.00563223, 0.00717516, 0.00794977, 0.00807096, 0.00736473, 0.00646618, 0.00464213, 0.00409833, 0.00816368, 0.00953503, 0.00770374, 0.00425049, 0.0093125, 0.00512632, 0.00424118, 0.00897622, 0.0095416, 0.00561723, 0.00499551, 0.00571989, 0.00547279, 0.00866048, 0.00917553, 0.0094006, 0.00467762, 0.0067726, 0.00460104, 0.00724114, 0.00440692, 0.00710135, 0.00488049, 0.00382626, 0.00419828, 0.00666262, 0.00608805, 0.00562716, 0.00945075, 0.00993168, 0.00544798, 0.00423472, 0.0067409, 0.00934703, 0.00424855, 0.00795872, 0.00849891, 0.00622451, 0.00537476, 0.00491685, 0.00877989, 0.00991688, 0.0066817, 0.00806692, 0.00820894, 0.00766469, 0.00422891, 0.00902932, 0.00824951, 0.00819388, 0.00457698, 0.00907716, 0.00607364, 0.0071637, 0.00908451, 0.00459586, 0.00755485, 0.00815378, 0.00561423, 0.00462866, 0.00892374, 0.00880914, 0.00765367, 0.00647019, 0.00946451, 0.00382983, 0.00792267, 0.00885327, 0.00565016, 0.00855279, 0.00555714, 0.00767791, 0.00767858, 0.00642527, 0.00451528];
GivenLatency = [708.373, 986.092, 437.294, 627.414, 524.841, 555.44, 496.435, 502.814, 457.855, 894.748, 383.37, 589.74, 454.325, 626.822, 961.227, 517.661, 425.857, 547.278, 554.387, 439.595, 384.225, 648.042, 576.545, 467.422, 417.042, 541.947, 421.8, 839.684, 363.74, 458.243, 548.804, 1000.22, 695.525, 401.603, 385.672, 835.777, 690.067, 553.443, 688.47, 854.39, 981.183, 431.218, 822.533, 556.177, 795.445, 597.49, 549.134, 420.136, 487.928, 535.067, 597.902, 950.273, 839.068, 421.005, 357.656, 488.665, 972.208, 411.055, 942.39, 788.041, 383.434, 468.832, 606.266, 985.275, 856.417, 673.875, 469.584, 508.97, 391.181, 963.599, 496.407, 857.034, 634.73, 938.607, 614.26, 731.162, 1183.89, 876.424, 539.367, 716.854, 668.912, 515.309, 346.377, 896.391, 864.065, 628.258, 394.108, 842.945, 434.542, 447.01, 652.514, 773.678, 780.99, 550.655, 433.252, 530.768, 533.349, 484.207, 502.747, 1165.93, 541.447, 423.186, 439.561, 743.857, 484.982, 775.541, 470.285, 438.355, 755.899, 571.035, 499.62, 748.594, 969.751, 478.134, 415.58, 541.948, 647.899, 385.157, 1002.18, 627.744, 419.751, 666.561, 541.426, 661.68, 462.147, 629.108, 653.642, 945.868];
HighestPossibleCritFunctionValue = 1.1;
