NumDevices = 32;
NumSlotes = 256;


GivenBandwidthOld = [0.00662318, 0.0108603, 0.0110408, 0.00827, 0.0139544, 0.0135375, 0.00804241, 0.0137409, 0.0127429, 0.0152282, 0.0107895, 0.00925388, 0.0124542, 0.0131341, 0.01534, 0.0138913, 0.0154566, 0.0116718, 0.0121751, 0.0087286, 0.00903059, 0.00964227, 0.0151292, 0.00847128, 0.00934407, 0.0158617, 0.00735649, 0.0105882, 0.0128388, 0.0145356, 0.00757777, 0.0170923];
GivenLatency = [52.3386, 28.3597, 32.4446, 42.026, 31.4266, 31.0488, 37.9636, 25.4922, 36.3652, 39.6983, 52.7629, 33.901, 46.1233, 37.9631, 21.2159, 22.3679, 26.0087, 40.7536, 42.1639, 55.4591, 59.3107, 58.3821, 25.9684, 37.0398, 53.5357, 39.3748, 76.5586, 44.1567, 36.3157, 40.4485, 65.9298, 34.7178];
HighestPossibleCritFunctionValue = 1.1;
