NumDevices = 16;
NumSlotes = 128;


GivenBandwidthOld = [0.055045, 0.0406527, 0.0305938, 0.0496313, 0.0540417, 0.0595579, 0.0491074, 0.0486062, 0.0645785, 0.0300743, 0.0390193, 0.0581936, 0.0398713, 0.0565878, 0.0514286, 0.0605388];
GivenLatency = [15.8148, 25.1911, 29.3438, 21.5477, 16.6093, 15.0801, 21.7778, 22.0692, 16.4119, 28.1058, 21.5839, 18.5839, 21.1712, 14.6991, 16.0768, 15.9103];
HighestPossibleCritFunctionValue = 1.1;
