NumDevices = 128;
NumSlotes = 1024;


GivenBandwidthOld = [0.00541117, 0.00808358, 0.00814964, 0.00847038, 0.00424402, 0.00681958, 0.00411545, 0.00587332, 0.00547034, 0.007537, 0.00682733, 0.00448625, 0.00787906, 0.00581088, 0.00598306, 0.00486375, 0.00752659, 0.00692105, 0.00458936, 0.00578889, 0.00630811, 0.00794819, 0.00771116, 0.00391871, 0.00420312, 0.0043439, 0.00550174, 0.00532468, 0.00445781, 0.00493767, 0.00498384, 0.00594081, 0.00462219, 0.00758709, 0.00871884, 0.00496758, 0.00755567, 0.00565629, 0.00772998, 0.00524533, 0.00575887, 0.00681468, 0.00675958, 0.00582861, 0.00389358, 0.00682329, 0.00644779, 0.00543321, 0.00849843, 0.00564769, 0.00821298, 0.00802984, 0.00502044, 0.00596191, 0.00427771, 0.00796418, 0.00647255, 0.00667475, 0.00499193, 0.00690597, 0.00615426, 0.00716799, 0.0048657, 0.00535297, 0.00481199, 0.0076604, 0.00579672, 0.00791501, 0.00503218, 0.00835628, 0.00656661, 0.00749701, 0.00479814, 0.00477042, 0.00399654, 0.00733797, 0.00677802, 0.00572356, 0.00835272, 0.0066183, 0.00632046, 0.00548527, 0.00836967, 0.00650292, 0.00704692, 0.00513241, 0.00794826, 0.00393274, 0.00499437, 0.00785983, 0.00774975, 0.007476, 0.00656928, 0.00741673, 0.00553701, 0.00796335, 0.00748147, 0.00854395, 0.00569152, 0.00494488, 0.00615545, 0.00711498, 0.00391096, 0.00408159, 0.00681672, 0.00619072, 0.00488532, 0.00505791, 0.00574742, 0.00431288, 0.00400356, 0.00540689, 0.00611146, 0.00783841, 0.00758892, 0.00447259, 0.00836377, 0.00744726, 0.00864293, 0.00425323, 0.0064628, 0.00781351, 0.00411393, 0.0053828, 0.00623667, 0.00722458, 0.00605441, 0.00393016];
GivenLatency = [197.438, 135.853, 144.099, 116.645, 232.579, 139.75, 242.833, 173.718, 220.994, 130.642, 158.201, 233.881, 140.143, 174.088, 198.975, 223.619, 137.143, 171.243, 208.427, 191.033, 189.239, 128.544, 141.299, 253.41, 260.909, 254.388, 217.779, 230.766, 215.361, 250.517, 220.575, 217.032, 239.087, 130.01, 123.6, 193.811, 136.586, 184.525, 159.41, 247.156, 185.275, 141.437, 140.996, 201.045, 264.458, 182.366, 181.67, 228.453, 115.447, 220.583, 144.168, 140.715, 257.775, 172.861, 238.826, 122.725, 167.802, 149.885, 243.644, 182.032, 190.078, 157.876, 222.367, 231.068, 236.8, 153.238, 199.313, 152.344, 193.459, 137.203, 170.009, 157.863, 203.799, 260.442, 249.778, 175.747, 183.732, 187.075, 138.9, 156.626, 182.165, 210.132, 141.944, 147.207, 138.179, 208.854, 160.982, 274.741, 221.516, 131.928, 129.89, 159.756, 155.718, 130.226, 183.812, 122.383, 144.32, 121.635, 212.277, 193.394, 156.522, 136.599, 279.336, 234.364, 162.47, 163.194, 232.265, 209.074, 206.687, 266.311, 264.146, 197.021, 158.034, 124.584, 170.383, 222.443, 127.511, 144.924, 137.962, 249.022, 161.319, 130.271, 252.691, 178.144, 169.292, 163.539, 162.661, 303.346];
HighestPossibleCritFunctionValue = 1.1;
