NumDevices = 32;
NumSlotes = 256;


GivenBandwidthOld = [0.0335423, 0.0311367, 0.0250891, 0.0320628, 0.0391169, 0.0222512, 0.0355207, 0.0306502, 0.023624, 0.0337733, 0.0373849, 0.0377739, 0.0261924, 0.025884, 0.0176491, 0.038355, 0.0173204, 0.0397229, 0.0327955, 0.0291568, 0.0233539, 0.0187931, 0.0159747, 0.0220943, 0.0239927, 0.0311366, 0.0228061, 0.03749, 0.0290444, 0.0340077, 0.0273175, 0.0352556];
GivenLatency = [61.3847, 58.2364, 69.5618, 53.5109, 46.5577, 77.8846, 58.595, 64.0529, 91.923, 60.4996, 48.7973, 48.2414, 72.2993, 86.3714, 100.724, 64.5427, 132.406, 54.4325, 68.1547, 63.6403, 85.1135, 93.8844, 119.82, 97.6129, 74.2965, 66.0647, 85.5267, 63.5605, 80.3679, 71.7835, 65.946, 51.5853];
HighestPossibleCritFunctionValue = 1.1;
