NumDevices = 128;
NumSlotes = 1024;


GivenBandwidthOld = [0.00608112, 0.00784843, 0.00609632, 0.00841621, 0.00376449, 0.00730892, 0.00852066, 0.00428028, 0.00615725, 0.0073446, 0.00822149, 0.00608476, 0.00400403, 0.00829208, 0.00740608, 0.0065346, 0.00447658, 0.00545579, 0.00802839, 0.00560377, 0.00502815, 0.00557155, 0.00857586, 0.00690911, 0.00390004, 0.00543349, 0.00815661, 0.00562381, 0.0069447, 0.00700186, 0.00775247, 0.00828002, 0.00476283, 0.00645501, 0.00690034, 0.00653948, 0.00659343, 0.00833646, 0.00841861, 0.00414245, 0.00469626, 0.00761104, 0.0062139, 0.00454385, 0.00595789, 0.00674636, 0.00850932, 0.00860695, 0.00457467, 0.00399431, 0.0048697, 0.00750955, 0.00557987, 0.00836514, 0.00543523, 0.00735347, 0.00720782, 0.00426954, 0.00571776, 0.00588918, 0.00694655, 0.00823197, 0.00719614, 0.00808955, 0.00848976, 0.00485617, 0.00506869, 0.00696469, 0.00799368, 0.00733542, 0.00390979, 0.00432741, 0.00820487, 0.0067992, 0.00672659, 0.00624848, 0.00571837, 0.0061141, 0.00712063, 0.00391726, 0.004834, 0.00750221, 0.00709792, 0.00723591, 0.00645534, 0.00734002, 0.00622144, 0.0062946, 0.0058174, 0.00562314, 0.00563011, 0.00782154, 0.00413817, 0.0077843, 0.00816771, 0.00715934, 0.00449868, 0.00681831, 0.00777952, 0.0078168, 0.00446519, 0.00389335, 0.00809539, 0.00671085, 0.00672812, 0.00697434, 0.00529333, 0.00747855, 0.00450302, 0.00478417, 0.0051014, 0.00668405, 0.00633712, 0.00546913, 0.00710626, 0.00743139, 0.00679266, 0.00670967, 0.00693762, 0.00802715, 0.00489312, 0.00618321, 0.00865361, 0.0037845, 0.0086156, 0.00486883, 0.00791216, 0.00721663];
GivenLatency = [169.539, 135.042, 211.084, 147.481, 344.526, 137.283, 117.73, 281.542, 166.537, 160.455, 156.042, 181.774, 285.513, 125.903, 168.197, 186.111, 225.147, 184.125, 121.712, 203.664, 252.432, 173.751, 150.432, 153.167, 264.081, 194.484, 140.008, 202.365, 142.428, 174.523, 137.743, 121.295, 241.381, 149.427, 149.531, 151.556, 156.656, 123.236, 124.708, 277.058, 269.207, 132.067, 204.798, 279.5, 197.632, 157.04, 127.503, 142.595, 225.297, 312.518, 236.017, 133.139, 187.13, 115.042, 191.582, 148.146, 157.326, 229.263, 169.314, 169.043, 161.354, 133.731, 146.289, 117.989, 131.862, 229.466, 223.012, 155.989, 150.514, 173.815, 249.862, 236.55, 156.929, 181.635, 193.058, 159.408, 212.221, 162.12, 149.185, 254.509, 216.352, 140.394, 175.451, 150.837, 159.727, 134.386, 166.058, 180.544, 175.295, 190.841, 188.364, 128.949, 301.295, 138.711, 135.485, 153.095, 264.816, 141.586, 137.634, 164.127, 245.233, 272.553, 156.365, 146.005, 143.006, 156.626, 211.019, 133.798, 225.124, 240.387, 192.544, 193.297, 169.733, 185.354, 174.923, 164.892, 146.902, 156.808, 143.162, 141.613, 212.989, 188.669, 128.157, 342.834, 133.998, 249.501, 161.768, 148.637];
HighestPossibleCritFunctionValue = 1.1;
