NumDevices = 32;
NumSlotes = 256;


GivenBandwidthOld = [0.0218966, 0.0263137, 0.0151222, 0.0188623, 0.0294357, 0.0362957, 0.0311455, 0.0219632, 0.0208293, 0.0380662, 0.0393507, 0.0268391, 0.0196424, 0.0399425, 0.0243972, 0.0293322, 0.0221076, 0.0216923, 0.0171867, 0.0161393, 0.0384601, 0.0341041, 0.0231286, 0.033048, 0.0227457, 0.02192, 0.0186567, 0.0228258, 0.0187088, 0.0233342, 0.0373976, 0.0272194];
GivenLatency = [80.5007, 86.2697, 130.672, 94.0691, 64.2097, 53.1071, 61.1691, 87.0063, 86.7063, 60.2196, 58.4459, 67.3132, 87.4317, 52.1714, 76.7673, 63.3262, 78.2765, 111.633, 112.427, 114.72, 49.5688, 48.9902, 97.3925, 60.0676, 84.8857, 81.9077, 111.958, 105.216, 98.5513, 78.4301, 60.0817, 84.9766];
HighestPossibleCritFunctionValue = 1.1;
