NumDevices = 32;
NumSlotes = 256;


GivenBandwidthOld = [0.0328405, 0.0207784, 0.0326681, 0.0235853, 0.0286095, 0.0305723, 0.0191527, 0.0286311, 0.0324422, 0.0260629, 0.0283708, 0.017841, 0.0233386, 0.0211984, 0.0319925, 0.0277572, 0.0257322, 0.0304423, 0.0330247, 0.0155757, 0.0312014, 0.0326879, 0.0150953, 0.0167627, 0.0212583, 0.0181327, 0.0258948, 0.0231734, 0.02568, 0.0343571, 0.0293431, 0.0198003];
GivenLatency = [26.1859, 41.7916, 30.1915, 35.8791, 35.5222, 37.5613, 43.5874, 30.6296, 30.8649, 38.1232, 36.8627, 46.8797, 47.579, 42.8251, 29.0021, 40.7118, 34.6286, 34.3581, 25.6688, 68.2639, 26.7873, 27.5395, 72.202, 55.0745, 41.2811, 52.4713, 36.6385, 46.5752, 38.1218, 28.0564, 31.8197, 52.3884];
HighestPossibleCritFunctionValue = 1.1;
