NumDevices = 16;
NumSlotes = 128;


GivenBandwidthOld = [0.0260936, 0.0196514, 0.0204616, 0.0122848, 0.0100142, 0.0244532, 0.0257047, 0.0337563, 0.0318413, 0.0215657, 0.0195771, 0.0229643, 0.0262179, 0.0340441, 0.0184363, 0.0245123];
GivenLatency = [18.2351, 18.6794, 22.9299, 26.6728, 31.2536, 17.8528, 19.2101, 9.91531, 13.7791, 28.5572, 18.5439, 24.6584, 19.1863, 10.2853, 28.3373, 21.0019];
HighestPossibleCritFunctionValue = 1.1;
