NumDevices = 32;
NumSlotes = 256;


GivenBandwidthOld = [0.0101173, 0.0117421, 0.00749381, 0.00599514, 0.00538723, 0.0132052, 0.00963737, 0.00769901, 0.0173041, 0.0126838, 0.0089116, 0.00968395, 0.0155651, 0.00938718, 0.0152491, 0.0115866, 0.00518604, 0.00672804, 0.0107398, 0.0107005, 0.0135725, 0.00791465, 0.0165004, 0.0163609, 0.00932226, 0.0117238, 0.0115085, 0.00530702, 0.0151668, 0.0158078, 0.0137924, 0.0170668];
GivenLatency = [38.8449, 26.8965, 59.783, 58.7578, 62.7722, 24.9133, 44.7289, 51.2195, 18.9207, 27.5603, 47.1887, 34.623, 34.3133, 59.1368, 23.1965, 54.7716, 122.302, 58.0135, 47.4389, 33.2802, 27.3537, 54.855, 30.2084, 30.1052, 57.3675, 26.6627, 36.8092, 92.911, 23.9398, 26.1241, 34.7306, 25.4168];
HighestPossibleCritFunctionValue = 1.1;
