NumDevices = 64;
NumSlotes = 512;


GivenBandwidthOld = [0.0121255, 0.00783326, 0.00867016, 0.0143803, 0.0153406, 0.0145139, 0.00972339, 0.0159415, 0.0136194, 0.0157084, 0.0165498, 0.00759419, 0.0105264, 0.0122935, 0.0114913, 0.00997893, 0.0109071, 0.00988797, 0.0120459, 0.00971094, 0.0167047, 0.010584, 0.0107603, 0.0140704, 0.0154171, 0.0095238, 0.0115357, 0.0151156, 0.0124634, 0.016538, 0.00937159, 0.0132511, 0.0158274, 0.0165155, 0.0117904, 0.0155466, 0.0159595, 0.0155634, 0.00961322, 0.014342, 0.0102113, 0.0170143, 0.0143377, 0.00925051, 0.00835836, 0.013998, 0.00895588, 0.0164211, 0.015141, 0.0105956, 0.0147084, 0.00935193, 0.0129243, 0.013557, 0.00824219, 0.0115373, 0.0120338, 0.017478, 0.00815133, 0.0143948, 0.00887045, 0.0106217, 0.0131799, 0.0094635];
GivenLatency = [101.252, 118.49, 115.521, 66.1666, 70.8957, 82.8156, 101.628, 69.1453, 82.2874, 60.8065, 58.4544, 160.666, 107.808, 87.5293, 86.0829, 95.2537, 100.84, 126.086, 93.7148, 95.6001, 63.6063, 115.928, 98.5972, 69.4295, 67.0182, 121.068, 90.5695, 71.1573, 77.0758, 71.8097, 120.05, 83.6701, 75.2516, 60.1044, 102.455, 75.5179, 63.7322, 77.182, 122.542, 71.0856, 95.559, 54.6423, 64.38, 125.723, 118.732, 71.8544, 111.155, 69.0719, 77.5511, 115.096, 65.1458, 126.467, 73.4646, 73.5241, 139.562, 86.5714, 100.835, 57.9166, 122.177, 79.661, 130.212, 95.77, 82.6966, 127.516];
HighestPossibleCritFunctionValue = 1.1;
