NumDevices = 16;
NumSlotes = 128;


GivenBandwidthOld = [0.0158513, 0.028467, 0.034423, 0.0127141, 0.0255647, 0.0314985, 0.0110224, 0.0178211, 0.0342506, 0.0144978, 0.0299134, 0.0194237, 0.0199405, 0.0295551, 0.0219109, 0.0215517];
GivenLatency = [19.2181, 19.3472, 11.7463, 48.1505, 15.0406, 15.4326, 49.9064, 18.1314, 9.87703, 38.2811, 12.2777, 18.1193, 17.4071, 17.0505, 23.0863, 15.7245];
HighestPossibleCritFunctionValue = 1.1;
