NumDevices = 32;
NumSlotes = 256;


GivenBandwidthOld = [0.0250128, 0.0193095, 0.0255681, 0.0330937, 0.016149, 0.0255897, 0.0165888, 0.0181962, 0.0343307, 0.025274, 0.0299165, 0.0162229, 0.0287105, 0.0273822, 0.0234483, 0.025487, 0.0306911, 0.0152957, 0.02451, 0.0295988, 0.0166584, 0.0276134, 0.0290503, 0.0183011, 0.0168395, 0.0314245, 0.0209859, 0.0205233, 0.0244838, 0.0295486, 0.0340596, 0.0294045];
GivenLatency = [35.0853, 48.102, 37.3578, 26.0918, 59.303, 33.4276, 63.2369, 48.1578, 32.608, 33.8229, 36.1181, 63.4059, 33.7717, 35.8449, 42.881, 32.791, 29.6853, 54.6834, 41.2957, 36.6064, 65.6262, 30.3133, 30.1098, 47.9683, 59.6319, 30.8543, 45.6538, 44.1176, 44.7465, 36.3197, 26.1968, 29.1903];
HighestPossibleCritFunctionValue = 1.1;
