NumDevices = 32;
NumSlotes = 256;


GivenBandwidthOld = [0.010757, 0.0122431, 0.0148662, 0.0136684, 0.00657441, 0.0160366, 0.0103588, 0.00819729, 0.0168596, 0.0162465, 0.0130467, 0.00888965, 0.0158113, 0.0107458, 0.0129513, 0.00576503, 0.0128337, 0.015342, 0.0112005, 0.0169327, 0.00801822, 0.00713369, 0.0159108, 0.00856663, 0.0118938, 0.00574458, 0.00660432, 0.00625369, 0.013258, 0.00906184, 0.00977101, 0.0162827];
GivenLatency = [48.1929, 34.2255, 20.6655, 23.5354, 95.3503, 33.1459, 38.8462, 52.2121, 31.1406, 30.7017, 29.0892, 46.1343, 25.371, 45.2058, 26.9709, 88.1938, 46.5916, 29.5616, 32.7894, 33.2652, 60.5233, 45.4361, 24.4737, 52.9164, 48.8763, 69.37, 88.5651, 71.9392, 32.6915, 47.9252, 44.9005, 36.6445];
HighestPossibleCritFunctionValue = 1.1;
