NumDevices = 128;
NumSlotes = 1024;


GivenBandwidthOld = [0.00962737, 0.00963241, 0.00689756, 0.00486383, 0.00512199, 0.00658894, 0.00536677, 0.00811313, 0.00982602, 0.00465081, 0.00622471, 0.00875644, 0.00950089, 0.00889455, 0.00565575, 0.00874539, 0.00509434, 0.00434955, 0.00537304, 0.00721467, 0.00939599, 0.00845341, 0.00401555, 0.00431597, 0.00975397, 0.00617787, 0.00899599, 0.004344, 0.00588589, 0.00791485, 0.00859909, 0.00858522, 0.00678301, 0.00461891, 0.00753805, 0.00703997, 0.00455837, 0.00884425, 0.00403945, 0.00604478, 0.00954425, 0.00640201, 0.00729827, 0.00821504, 0.00400098, 0.00945989, 0.00733145, 0.00973248, 0.00751925, 0.00982555, 0.00932146, 0.00578779, 0.00910972, 0.0095086, 0.00728963, 0.00674124, 0.00869342, 0.0065603, 0.00521196, 0.00612543, 0.00892701, 0.00749643, 0.00755176, 0.0062244, 0.00979868, 0.00761243, 0.00716809, 0.00787484, 0.00501603, 0.00691477, 0.00652386, 0.00530463, 0.00739502, 0.00930937, 0.00887728, 0.00911887, 0.0070876, 0.00503947, 0.00713764, 0.00861609, 0.00690447, 0.00841656, 0.00959814, 0.00593871, 0.00819924, 0.00713555, 0.00469855, 0.008464, 0.00701394, 0.00456316, 0.00800638, 0.00943795, 0.00737274, 0.00980782, 0.00504239, 0.00619518, 0.0062124, 0.00802025, 0.00512286, 0.00867446, 0.00662142, 0.00752677, 0.00491125, 0.00840323, 0.00427532, 0.00786739, 0.00474467, 0.00865008, 0.00938761, 0.00509833, 0.00892344, 0.00377976, 0.00400467, 0.00907255, 0.00979005, 0.00636368, 0.00689405, 0.0083508, 0.00445439, 0.0049456, 0.00437672, 0.00580225, 0.00847883, 0.00626326, 0.00657882, 0.00405432, 0.00593312, 0.00787031];
GivenLatency = [514.231, 369.154, 505.997, 798.867, 925.318, 554.779, 755.88, 431.305, 397.659, 966.756, 654.2, 463.75, 441.781, 492.93, 642.326, 548.752, 781.004, 946.299, 716.219, 652.363, 410.587, 487.926, 888.1, 924.634, 409.211, 592.895, 487.899, 989.807, 664.931, 437.775, 538.36, 403.55, 672.356, 823.112, 636.863, 585.851, 914.183, 411.127, 990.525, 777.012, 424.688, 578.103, 487.959, 605.103, 1018.28, 362.525, 472.018, 505.842, 639.958, 463.475, 377.208, 626.026, 385.142, 474.34, 548.538, 530.481, 523.706, 542.811, 806.108, 704.128, 457.859, 458.965, 645.878, 760.716, 464.15, 592.216, 475.649, 475.141, 793.857, 626.76, 671.909, 927.353, 501.596, 458.394, 559.479, 399.363, 704.557, 672.827, 675.082, 533.829, 523.761, 424.286, 358.983, 633.708, 407.034, 699.777, 987.154, 555.264, 587.008, 1069.16, 496.738, 388.22, 523.207, 488.718, 704.818, 568.682, 702.597, 467.655, 889.906, 436.744, 740.616, 529.87, 747.937, 489.149, 888.55, 516.16, 1004.13, 560.821, 436.811, 764.564, 379.278, 1205.25, 1079.47, 381.052, 375.365, 681.769, 542.387, 458.998, 1057.07, 884.406, 905.342, 599.087, 417.285, 796.762, 703.285, 1030.88, 575.575, 435.848];
HighestPossibleCritFunctionValue = 1.1;
