NumDevices = 128;
NumSlotes = 1024;


GivenBandwidthOld = [0.00671197, 0.00439748, 0.00477918, 0.00740414, 0.00632434, 0.00811315, 0.00398421, 0.00891858, 0.0095148, 0.00522738, 0.00914211, 0.00398461, 0.00932652, 0.00953328, 0.00964751, 0.0044259, 0.00740327, 0.00427482, 0.00568233, 0.00535505, 0.00487395, 0.00649168, 0.00813903, 0.0076864, 0.00651852, 0.00933445, 0.00538875, 0.00865413, 0.00866211, 0.00541365, 0.0084249, 0.00599797, 0.00408189, 0.00675085, 0.00777483, 0.00531619, 0.00796027, 0.00943628, 0.0043582, 0.00697305, 0.00481906, 0.0089314, 0.00630629, 0.0047443, 0.00862509, 0.00817752, 0.00464113, 0.00596392, 0.00682799, 0.00425306, 0.00862538, 0.00678168, 0.00723789, 0.00599741, 0.00722262, 0.00564268, 0.00770522, 0.0040728, 0.00409982, 0.00810632, 0.00796584, 0.00936558, 0.00972093, 0.00724813, 0.00930314, 0.00418305, 0.00707888, 0.008437, 0.00937659, 0.00736647, 0.00444767, 0.00453085, 0.00872673, 0.00390642, 0.00766676, 0.00776468, 0.00964206, 0.00653, 0.00845212, 0.00720752, 0.00798564, 0.00469127, 0.00493496, 0.00682833, 0.00992678, 0.0044449, 0.00786001, 0.00565103, 0.00435617, 0.00418475, 0.0043872, 0.00693171, 0.00375221, 0.00971473, 0.0091874, 0.00886477, 0.00519324, 0.00402246, 0.00801045, 0.0092083, 0.00392904, 0.00662897, 0.00936301, 0.00415668, 0.00757365, 0.0053255, 0.00814809, 0.00991358, 0.00759369, 0.00468407, 0.00896223, 0.00569377, 0.00401375, 0.00532356, 0.00679358, 0.00720451, 0.00748903, 0.00808417, 0.00439056, 0.00707902, 0.00452469, 0.0051418, 0.00820367, 0.00662551, 0.00752487, 0.00421719, 0.00583925, 0.00531479];
GivenLatency = [514.303, 797.647, 874.539, 619.49, 712.873, 423.063, 1175.27, 536.093, 439.242, 661.412, 373.509, 1186.61, 451.197, 395.581, 363.404, 871.534, 505.723, 953.421, 859.109, 808.008, 721.517, 544.204, 561.949, 450.455, 554.955, 445.406, 727.738, 454.931, 462.731, 830.076, 406.524, 640.232, 1102.76, 553.606, 457.289, 763.825, 617.253, 382.132, 847.758, 567.878, 787.589, 524.244, 706.209, 885.155, 576.647, 556.668, 754.61, 742.515, 560.633, 942.17, 568.559, 533.477, 546.893, 653.738, 467.725, 771.91, 464.611, 859.158, 1095.95, 524.63, 466.191, 363.82, 470.789, 559.488, 504.345, 910.448, 502.835, 543.018, 359.638, 607.492, 754.063, 762.659, 453.337, 1174.1, 602.761, 597.986, 453.514, 673.486, 511.962, 511.066, 475.872, 947.584, 713.067, 624.142, 338.747, 1079, 492.183, 835.735, 1036.49, 894.931, 839.546, 509.651, 945.185, 358.202, 472.79, 417.075, 684.603, 838.273, 420.488, 429.7, 1183.48, 609.334, 498.696, 893.269, 458.342, 680.034, 450.705, 350.825, 479.643, 889.17, 435.537, 709.66, 867.926, 741.011, 643.142, 518.999, 458.742, 583.634, 851.262, 591.887, 928.965, 778.737, 506.775, 599.333, 519.766, 863.965, 646.05, 638.782];
HighestPossibleCritFunctionValue = 1.1;
