NumDevices = 64;
NumSlotes = 512;


GivenBandwidthOld = [0.00334084, 0.00330638, 0.00539787, 0.00697493, 0.00642011, 0.00652297, 0.00397457, 0.00426753, 0.00319542, 0.00294021, 0.00730472, 0.00550601, 0.00567922, 0.0044324, 0.00537067, 0.00617852, 0.00856734, 0.00759849, 0.00530828, 0.00745594, 0.00328695, 0.00379927, 0.00812416, 0.00268705, 0.00874335, 0.00329497, 0.0072315, 0.00607431, 0.00716551, 0.00316734, 0.00606096, 0.0078532, 0.00503971, 0.00608353, 0.0059237, 0.00705131, 0.00256676, 0.00576794, 0.00800758, 0.00584504, 0.00379992, 0.00651132, 0.00825991, 0.00311199, 0.00701036, 0.00807587, 0.00371142, 0.00659306, 0.00713917, 0.00429992, 0.00370709, 0.00873593, 0.00345601, 0.00767961, 0.00613211, 0.003629, 0.00258564, 0.0042764, 0.00844565, 0.00601899, 0.0086624, 0.00528041, 0.0077975, 0.00630603];
GivenLatency = [99.4543, 96.2087, 90.3225, 51.3695, 58.9986, 51.831, 87.1101, 76.2653, 153.265, 117.711, 55.4144, 66.4, 64.9484, 75.6716, 61.6561, 90.9401, 55.3691, 65.2515, 66.6655, 66.497, 140.824, 118.937, 44.4355, 214.89, 43.5653, 96.6496, 49.6127, 95.9005, 59.9437, 99.8489, 56.2941, 45.7217, 125.855, 50.9869, 99.5771, 63.0048, 186.162, 110.897, 39.3841, 69.969, 88.9862, 59.7926, 51.4039, 135.806, 51.4629, 55.1916, 96.8512, 50.971, 90.1037, 147.312, 96.6616, 72.8874, 116.462, 45.8808, 55.8803, 107.6, 159.492, 93.3833, 46.0816, 66.1516, 38.5592, 68.6585, 54.3294, 87.5443];
HighestPossibleCritFunctionValue = 1.1;
