NumDevices = 128;
NumSlotes = 1024;


GivenBandwidthOld = [0.00467107, 0.0092407, 0.00464532, 0.00756574, 0.00987094, 0.00966467, 0.00531, 0.00393632, 0.00403573, 0.00608091, 0.00432741, 0.00823197, 0.0072488, 0.00801001, 0.00807456, 0.00542493, 0.00426028, 0.00501261, 0.00573634, 0.0068978, 0.00887636, 0.00622386, 0.0069651, 0.00867285, 0.00454595, 0.00633235, 0.00538152, 0.00592215, 0.00477811, 0.0082068, 0.00926279, 0.00718336, 0.00823481, 0.00499933, 0.0075457, 0.00435154, 0.0075592, 0.00620795, 0.00826121, 0.00486296, 0.00926579, 0.00758127, 0.00832156, 0.00672161, 0.00382022, 0.00897685, 0.00773956, 0.00626406, 0.00760548, 0.00906834, 0.0079192, 0.00670926, 0.00879949, 0.0080679, 0.00592596, 0.00642572, 0.00588454, 0.00397283, 0.00507559, 0.00790138, 0.0072577, 0.00764178, 0.00668074, 0.00440958, 0.00798376, 0.00436715, 0.00749781, 0.00563686, 0.00998331, 0.00450982, 0.00534062, 0.00612972, 0.00595729, 0.00796228, 0.00571978, 0.00991294, 0.00929697, 0.00669477, 0.0090576, 0.00850397, 0.00996076, 0.00678354, 0.00727537, 0.00461307, 0.00936916, 0.00752507, 0.00754022, 0.00596199, 0.00561206, 0.00558495, 0.00620745, 0.00615568, 0.00472612, 0.00932875, 0.0094673, 0.00685931, 0.00565729, 0.00964989, 0.00701932, 0.00740548, 0.00394469, 0.00724378, 0.00490682, 0.00892862, 0.00959191, 0.00748965, 0.00602024, 0.00970416, 0.0064959, 0.0040431, 0.00486453, 0.00433068, 0.00701901, 0.00843158, 0.00575955, 0.00958135, 0.00491001, 0.00636683, 0.00980902, 0.00638444, 0.00579335, 0.00883567, 0.00985518, 0.00724393, 0.00742158, 0.00573629, 0.00599953, 0.00537673];
GivenLatency = [870.371, 377.932, 1050.05, 611.678, 407.537, 399.592, 685.226, 1030.96, 1190.74, 708.897, 855.326, 428.442, 567.612, 569.293, 587.237, 822.928, 999.575, 894.226, 707.027, 485.116, 425.781, 731.77, 582.049, 462.845, 734.957, 762.708, 621.463, 571.856, 769.665, 457.692, 387.407, 641.645, 531.881, 753.446, 499.446, 877.327, 503.939, 755.289, 592.753, 1024.2, 401.639, 464.065, 458.939, 517.682, 948.842, 392.53, 572.706, 582.997, 594.555, 503.909, 436.78, 502.868, 533.063, 480.99, 653.85, 668.643, 612.697, 951.319, 726.682, 431.169, 599.13, 460.266, 612.87, 903.063, 589.077, 959.066, 510.764, 597.336, 433.905, 1104.94, 911.284, 580.016, 642.788, 443.532, 746.628, 393.611, 430.925, 600.654, 433.303, 416.787, 463.812, 616.301, 587.833, 722.734, 415.084, 458.666, 456.032, 621.401, 670.85, 620.802, 786.262, 587.577, 833.287, 394.659, 425.615, 543.127, 660.474, 389.181, 600.784, 541.792, 1036.53, 637.091, 770.395, 411.989, 354.724, 565.566, 633.173, 434.662, 587.93, 1028.91, 738.646, 774.157, 498.672, 468.244, 696.344, 494.146, 853.606, 619.464, 352.906, 541.285, 818.728, 558.221, 378.085, 621.48, 501.845, 635.397, 826.798, 791.472];
HighestPossibleCritFunctionValue = 1.1;
