NumDevices = 64;
NumSlotes = 512;


GivenBandwidthOld = [0.0140118, 0.0112328, 0.0148664, 0.0141532, 0.00778489, 0.0156834, 0.0164928, 0.00879821, 0.0165614, 0.0132399, 0.00766961, 0.00815115, 0.0113247, 0.00922692, 0.0117659, 0.0139061, 0.0155316, 0.0146741, 0.0120845, 0.00906268, 0.0114717, 0.0101531, 0.0083705, 0.00791129, 0.00998772, 0.00862907, 0.0138008, 0.0144978, 0.00967248, 0.0103618, 0.0155196, 0.0136574, 0.0145034, 0.0139405, 0.0138123, 0.00873311, 0.0123909, 0.00858434, 0.0120127, 0.0129215, 0.0167273, 0.0100484, 0.00908745, 0.00769095, 0.0167639, 0.0161536, 0.00869969, 0.0107392, 0.00944066, 0.0141147, 0.0102676, 0.0133739, 0.0108112, 0.00877898, 0.013361, 0.0127025, 0.0158224, 0.0117757, 0.00901999, 0.0140326, 0.0108291, 0.0089557, 0.0134024, 0.00970078];
GivenLatency = [67.5197, 106.237, 64.3063, 86.134, 157.739, 65.3986, 69.0092, 122.994, 55.818, 75.7663, 136.167, 123.07, 101.145, 114.017, 95.7073, 85.9673, 74.8768, 71.9742, 75.5357, 103.474, 86.6048, 93.6093, 113.103, 150.24, 100.769, 123.127, 74.9924, 69.36, 110.703, 88.6429, 62.5748, 74.4809, 70.516, 65.8624, 78.1426, 105.197, 78.8051, 105.978, 96.5057, 78.6713, 63.1292, 94.71, 108.646, 149.309, 65.7519, 70.5681, 115.745, 104.355, 122.262, 74.5569, 89.151, 87.5926, 86.4751, 109.096, 88.8607, 90.0095, 59.8551, 78.9706, 105.836, 69.7365, 90.0903, 127.082, 78.5588, 93.7792];
HighestPossibleCritFunctionValue = 1.1;
