NumDevices = 64;
NumSlotes = 512;


GivenBandwidthOld = [0.00827838, 0.00717568, 0.00532001, 0.00464464, 0.00376278, 0.00727424, 0.00562427, 0.00590973, 0.00350054, 0.00614445, 0.0047905, 0.00522034, 0.00442322, 0.00724808, 0.00355717, 0.00790878, 0.00780759, 0.00719967, 0.00866736, 0.00727162, 0.00539008, 0.00729036, 0.00783981, 0.00490304, 0.00291625, 0.00459317, 0.00743009, 0.00628928, 0.00775637, 0.00258359, 0.0073821, 0.00593865, 0.00842221, 0.00576046, 0.00725113, 0.00470382, 0.00455129, 0.00359653, 0.006959, 0.00746832, 0.00500364, 0.00614582, 0.00277352, 0.00573322, 0.00570744, 0.00370862, 0.00323615, 0.00619234, 0.00336563, 0.00731304, 0.00773394, 0.0068635, 0.00863461, 0.00690128, 0.00606227, 0.00479497, 0.00527199, 0.00380217, 0.00685074, 0.00662914, 0.00719907, 0.00483381, 0.00816327, 0.00377043];
GivenLatency = [57.2626, 56.2215, 116.524, 131.915, 93.4021, 71.1146, 83.9979, 58.17, 91.7637, 71.6712, 77.3083, 112.157, 96.2845, 51.4866, 125.668, 73.2954, 39.8996, 83.96, 72.1981, 47.1298, 65.8218, 43.01, 44.3886, 91.1191, 206.929, 69.744, 50.6987, 97.7546, 55.7198, 166.078, 77.2233, 76.9442, 39.5592, 85.2197, 78.4975, 131.976, 94.0685, 92.3561, 48.6414, 43.0542, 67.5373, 63.1598, 165.979, 53.9458, 68.3872, 137.589, 195.272, 59.0853, 155.715, 65.157, 73.0954, 74.3915, 39.8647, 58.284, 58.8257, 73.1492, 72.313, 96.4422, 75.1465, 47.1635, 88.1005, 75.9699, 38.072, 120.142];
HighestPossibleCritFunctionValue = 1.1;
