NumDevices = 32;
NumSlotes = 256;


GivenBandwidthOld = [0.00719905, 0.0144422, 0.0132489, 0.00644715, 0.0146811, 0.0152745, 0.0139434, 0.0165789, 0.0120001, 0.00579778, 0.013348, 0.00996515, 0.0168338, 0.00866295, 0.00578625, 0.00704822, 0.0169958, 0.00615844, 0.0124031, 0.016187, 0.0118557, 0.0163032, 0.0155077, 0.00709199, 0.0151369, 0.0127183, 0.0138388, 0.00883401, 0.00573012, 0.013577, 0.0080296, 0.0109412];
GivenLatency = [69.5787, 32.3307, 27.6251, 66.4865, 27.3777, 24.493, 39.257, 18.4417, 42.6321, 61.084, 26.1264, 46.7407, 27.8008, 71.1322, 60.5138, 73.396, 24.8097, 79.9021, 37.8278, 33.0759, 39.3548, 28.4078, 20.4623, 87.5781, 20.798, 43.5046, 25.9377, 60.0359, 59.3092, 22.6374, 50.9184, 48.9964];
HighestPossibleCritFunctionValue = 1.1;
