NumDevices = 32;
NumSlotes = 256;


GivenBandwidthOld = [0.0164422, 0.0347416, 0.0329062, 0.0250018, 0.0349818, 0.0291665, 0.0307606, 0.0240309, 0.0170268, 0.0191781, 0.0168089, 0.0174779, 0.0212222, 0.0319743, 0.0216036, 0.0215973, 0.0152155, 0.0162611, 0.0295738, 0.0175796, 0.031041, 0.0157506, 0.030514, 0.0189224, 0.019495, 0.0219806, 0.0179518, 0.0262546, 0.0303558, 0.0206462, 0.0305411, 0.0335351];
GivenLatency = [51.0876, 33.8547, 29.2685, 45.5509, 31.4915, 40.022, 29.6843, 38.8409, 61.3741, 61.0449, 63.0008, 51.4669, 51.3588, 35.0515, 46.7153, 46.5497, 61.0327, 72.099, 32.7138, 57.461, 28.3205, 67.2682, 30.9937, 45.168, 56.8978, 42.6608, 48.2272, 38.8588, 35.2394, 52.1131, 28.0884, 32.3722];
HighestPossibleCritFunctionValue = 1.1;
