NumDevices = 128;
NumSlotes = 1024;


GivenBandwidthOld = [0.00378664, 0.00334463, 0.00259428, 0.00394712, 0.00358885, 0.00401473, 0.00241664, 0.00276942, 0.00383912, 0.00401196, 0.00279181, 0.00191939, 0.00176516, 0.00328534, 0.00287847, 0.00221727, 0.00191224, 0.00336701, 0.00373482, 0.00426117, 0.0038096, 0.00170225, 0.00213476, 0.00269331, 0.00268047, 0.00254543, 0.00171079, 0.00194918, 0.00245134, 0.00148662, 0.00312071, 0.00159432, 0.00384495, 0.0020207, 0.00133972, 0.00298864, 0.0038941, 0.00308813, 0.00413595, 0.00227861, 0.0015143, 0.00271146, 0.00146774, 0.0013836, 0.00285267, 0.00287301, 0.00416054, 0.00298454, 0.00361034, 0.00265293, 0.00210566, 0.00425933, 0.00402203, 0.00325258, 0.00241067, 0.00233294, 0.00226932, 0.00167177, 0.00239195, 0.00334455, 0.00436808, 0.00373405, 0.00381624, 0.00387773, 0.003068, 0.00327515, 0.00360814, 0.00326505, 0.00251514, 0.00198683, 0.00382992, 0.00267187, 0.00180823, 0.00220043, 0.00317802, 0.00228395, 0.003766, 0.00331838, 0.00204567, 0.00222382, 0.00261092, 0.00228068, 0.00207863, 0.00309223, 0.00426641, 0.00434239, 0.00312534, 0.00129628, 0.00400674, 0.00260441, 0.00229832, 0.00153602, 0.00215053, 0.00213868, 0.00290698, 0.00322472, 0.0029392, 0.00412199, 0.00200668, 0.00313164, 0.00410113, 0.00152215, 0.00341779, 0.00396734, 0.0027646, 0.00399399, 0.00385011, 0.00135689, 0.00395712, 0.00294393, 0.00234393, 0.00248127, 0.00139774, 0.00302605, 0.00129334, 0.00159895, 0.00356114, 0.00391685, 0.00430561, 0.00374216, 0.00266189, 0.00270159, 0.00437389, 0.00135984, 0.00355576, 0.00410906, 0.00349767, 0.00286107];
GivenLatency = [98.3189, 188.405, 151.095, 100.026, 104.741, 94.8336, 140.297, 161.828, 84.27, 120.963, 221.674, 177.821, 192.966, 126.402, 168.516, 148.786, 213.851, 115.217, 100.162, 93.0331, 131.214, 333.917, 148.672, 120.971, 117.148, 137.197, 291.593, 162.388, 263.774, 255.259, 103.337, 221.504, 132.803, 168.958, 251.365, 116.323, 130.733, 111.698, 114.054, 196.998, 261.278, 124.193, 356.955, 277.732, 114.349, 143.598, 89.668, 124.988, 136.682, 123.327, 159.261, 84.4747, 153.956, 103.48, 267.329, 187.642, 146.57, 350.014, 156.833, 111.766, 87.2264, 113.792, 154.37, 120.188, 162.412, 182.863, 95.0878, 116.502, 133.784, 303.185, 107.32, 243.498, 219.933, 202.954, 178.403, 162.378, 169.138, 131.126, 270.959, 245.612, 138.346, 140.044, 178.867, 178.037, 101.892, 72.3528, 142.788, 343.834, 107.718, 122.215, 147.936, 282.934, 220.736, 216.7, 118.408, 105.214, 125.15, 91.9633, 164.623, 124.095, 108.801, 397.112, 165.555, 146.057, 168.341, 92.4365, 133.571, 469.684, 134.93, 159.575, 231.249, 170.501, 241.522, 173.722, 447.706, 206.625, 152.353, 86.1063, 123.135, 133.277, 169.188, 162.745, 99.7192, 301.954, 93.9366, 82.9862, 101.216, 155.285];
HighestPossibleCritFunctionValue = 1.1;
