NumDevices = 64;
NumSlotes = 512;


GivenBandwidthOld = [0.0146736, 0.0143793, 0.0174795, 0.0129199, 0.00992523, 0.00836992, 0.00821316, 0.0136222, 0.012738, 0.0129033, 0.0106479, 0.0142071, 0.0145552, 0.0135171, 0.0167231, 0.0104545, 0.0135062, 0.0138207, 0.00971482, 0.0120144, 0.0110647, 0.00872116, 0.0114507, 0.0174428, 0.0167106, 0.0108604, 0.0157708, 0.0154897, 0.00985685, 0.00901289, 0.0145752, 0.0103766, 0.0149006, 0.0100463, 0.0136109, 0.0134742, 0.0156187, 0.00803811, 0.0114509, 0.00969558, 0.00854759, 0.0142963, 0.0136248, 0.0172113, 0.015069, 0.0103352, 0.0089953, 0.00905408, 0.0169038, 0.0172843, 0.0124194, 0.00853941, 0.016855, 0.0164351, 0.0103545, 0.0133343, 0.0143935, 0.0166573, 0.0134945, 0.0163742, 0.0157266, 0.0113721, 0.0158359, 0.00973184];
GivenLatency = [83.3639, 83.9146, 53.5369, 89.0854, 125.679, 123.108, 132.61, 90.728, 73.2069, 87.1754, 99.0643, 68.5508, 76.1159, 80.2222, 58.4777, 87.1837, 71.4861, 85.5417, 108.706, 86.519, 105.237, 119.118, 83.8795, 56.5261, 61.5568, 111.648, 66.2323, 61.1022, 115.527, 117.144, 72.561, 89.894, 62.2962, 95.743, 71.1928, 90.2423, 69.9808, 131.374, 82.8242, 119.073, 136.098, 67.5328, 85.9378, 65.2511, 81.3064, 91.8823, 112.312, 118.913, 67.7126, 71.0464, 88.0391, 134.216, 74.1507, 56.604, 104.441, 89.9064, 68.4689, 62.7618, 73.8629, 56.6497, 60.5871, 97.8165, 59.154, 98.0974];
HighestPossibleCritFunctionValue = 1.1;
