NumDevices = 64;
NumSlotes = 512;


GivenBandwidthOld = [0.00371415, 0.00873313, 0.00642628, 0.00402421, 0.00735531, 0.00567188, 0.00600053, 0.00466887, 0.00462818, 0.00834143, 0.00440648, 0.00714843, 0.00358233, 0.00565652, 0.00413071, 0.0035799, 0.008563, 0.00330362, 0.00261242, 0.00450297, 0.00384194, 0.00643824, 0.0049703, 0.00830111, 0.0080395, 0.00481242, 0.00486243, 0.00782223, 0.00326713, 0.00817314, 0.00725329, 0.00355755, 0.00793777, 0.0076808, 0.0074046, 0.00293507, 0.00851661, 0.00485828, 0.00684789, 0.00251634, 0.00841824, 0.007843, 0.00851617, 0.0036927, 0.0043994, 0.0070285, 0.00668511, 0.00422596, 0.00445013, 0.00333078, 0.00284436, 0.00269276, 0.00473255, 0.00621376, 0.00719489, 0.00327827, 0.00783749, 0.00337529, 0.00717811, 0.00253298, 0.00681723, 0.00590648, 0.00523191, 0.00519591];
GivenLatency = [103, 35.9399, 58.558, 78.6735, 42.3941, 81.287, 87.9104, 81.8309, 76.2592, 50.3914, 117.178, 43.8379, 117.297, 98.6847, 83.6932, 145.765, 38.233, 109.413, 169.714, 89.1905, 137.561, 66.9252, 76.5797, 63.9307, 73.0567, 88.6955, 69.4098, 76.0513, 105.69, 74.4196, 89.0722, 127.346, 56.3065, 45.0655, 42.2803, 209.026, 48.5673, 79.0438, 52.2847, 157.81, 58.2767, 70.4545, 49.686, 98.6768, 74.7166, 58.0503, 96.6185, 125.547, 70.2028, 124.603, 192.988, 169.783, 91.4696, 70.4189, 84.5533, 184.152, 60.5514, 145.054, 45.296, 146.427, 65.1091, 71.1806, 108.218, 94.3584];
HighestPossibleCritFunctionValue = 1.1;
