NumDevices = 32;
NumSlotes = 256;


GivenBandwidthOld = [0.0327153, 0.0307119, 0.0352804, 0.0181351, 0.0320962, 0.0259668, 0.0345624, 0.0254576, 0.0254984, 0.0372991, 0.0214363, 0.0398039, 0.0195358, 0.0236248, 0.0213332, 0.0325157, 0.0270851, 0.0293904, 0.0240658, 0.0338253, 0.0367312, 0.0263897, 0.0165774, 0.0263222, 0.0328783, 0.0207332, 0.0227547, 0.023162, 0.0186628, 0.0251055, 0.0334469, 0.0270478];
GivenLatency = [61.1221, 68.8232, 58.143, 110.574, 52.1382, 65.5326, 52.6322, 98.0089, 81.1472, 48.4744, 109.412, 42.8703, 92.3343, 101.691, 112.03, 58.4609, 90.1272, 57.0881, 94.263, 71.3766, 50.7423, 80.0953, 121.637, 90.9961, 62.4868, 89.7655, 79.4493, 85.0861, 94.1425, 70.8845, 59.7584, 87.1657];
HighestPossibleCritFunctionValue = 1.1;
