NumDevices = 128;
NumSlotes = 1024;


GivenBandwidthOld = [0.00214948, 0.00321263, 0.00277401, 0.00283941, 0.002025, 0.00162211, 0.00221038, 0.0016898, 0.00241647, 0.00298216, 0.00426998, 0.00181277, 0.00352787, 0.00423566, 0.00312418, 0.0037926, 0.00345297, 0.00153125, 0.00329791, 0.00177365, 0.00215825, 0.00364059, 0.00170316, 0.00187664, 0.00197688, 0.00234047, 0.00373821, 0.00186226, 0.00408756, 0.00150416, 0.00413657, 0.00338116, 0.00397818, 0.00371155, 0.00370685, 0.00289768, 0.00321336, 0.00260297, 0.00305024, 0.00167285, 0.00184978, 0.00355917, 0.00202377, 0.00286644, 0.00306, 0.0031415, 0.00416949, 0.00357088, 0.00196611, 0.00249922, 0.00306243, 0.00331786, 0.00258675, 0.00246468, 0.00379855, 0.0035524, 0.003969, 0.00252265, 0.00324392, 0.00365403, 0.00267345, 0.00337364, 0.00270555, 0.00224214, 0.00430096, 0.00369841, 0.00174825, 0.0034167, 0.00142907, 0.00149327, 0.00231611, 0.00365692, 0.00430658, 0.00139222, 0.00407772, 0.00170918, 0.00311721, 0.00219625, 0.00166872, 0.00426428, 0.00290106, 0.00373829, 0.00319872, 0.00330911, 0.00243299, 0.00250473, 0.00192154, 0.00337123, 0.00279282, 0.00334306, 0.00125018, 0.00433401, 0.00287647, 0.00301348, 0.00251777, 0.0023448, 0.00155162, 0.00182803, 0.00376313, 0.00199652, 0.00428156, 0.00269208, 0.00389459, 0.0019914, 0.00262319, 0.00234936, 0.0031415, 0.00413714, 0.00349433, 0.00301035, 0.00314258, 0.00352788, 0.00430847, 0.00183667, 0.00203336, 0.00158248, 0.00168146, 0.00280259, 0.00193559, 0.00209657, 0.00134496, 0.00351801, 0.00401941, 0.00292232, 0.00166495, 0.00349188, 0.00234754, 0.00382967];
GivenLatency = [277.53, 106.119, 211.38, 118.63, 189.862, 302.437, 148.331, 244.199, 178.945, 173.896, 76.6125, 181.069, 157.131, 88.0091, 131.657, 101.418, 94.0653, 340.731, 187.383, 260.721, 165.195, 123.981, 185.428, 335.378, 174.225, 143.483, 158.985, 210.955, 77.3429, 426.115, 136.965, 155.327, 103.77, 102.326, 149.07, 188.712, 120.071, 156.428, 172.702, 215.129, 239.274, 106.612, 211.982, 175.554, 176.433, 106.79, 135.591, 131.946, 210.078, 148.176, 164.505, 116.125, 192.531, 223.753, 134.082, 89.3891, 127.225, 151.821, 111.781, 154.599, 118.944, 175.588, 239.24, 200.486, 73.5692, 105.664, 228.012, 113.664, 223.763, 214.341, 136.41, 114.114, 78.8753, 414.887, 107.084, 275.461, 155.378, 177.622, 226.654, 125.748, 166.47, 94.3536, 133.76, 118.87, 148.596, 207.471, 297.177, 191.003, 207.738, 189.311, 507.855, 102.787, 122.613, 111.831, 152.636, 148.909, 237.057, 331.769, 174.472, 170.39, 101.19, 160.644, 104.777, 163.321, 207.882, 200.381, 138.072, 83.2819, 147.035, 207.595, 202.86, 130.972, 122.926, 183.896, 261.669, 371.936, 209.675, 159.584, 165.55, 305.986, 422.376, 155.153, 148.043, 202.279, 234.305, 135.977, 218.168, 167.125];
HighestPossibleCritFunctionValue = 1.1;
