NumDevices = 64;
NumSlotes = 512;


GivenBandwidthOld = [0.00821424, 0.00422675, 0.00522258, 0.00458302, 0.00557507, 0.00400211, 0.00471171, 0.00588689, 0.00714536, 0.00824418, 0.00738853, 0.00775653, 0.00522, 0.00503026, 0.0035365, 0.00420227, 0.00631397, 0.00389003, 0.00852085, 0.00736698, 0.00808205, 0.00744466, 0.0074369, 0.00815127, 0.00845972, 0.0050711, 0.00870325, 0.00433882, 0.00751801, 0.0027164, 0.00829699, 0.00750886, 0.00518211, 0.00570676, 0.00475786, 0.00654832, 0.00504543, 0.00860761, 0.00306798, 0.00479843, 0.00713552, 0.00541736, 0.0033299, 0.00688622, 0.00290539, 0.00342802, 0.00590427, 0.00564583, 0.00566091, 0.00284621, 0.00866997, 0.00744702, 0.00333181, 0.00771611, 0.0072221, 0.00436343, 0.00861252, 0.00441362, 0.00841771, 0.00512584, 0.00370118, 0.00319972, 0.00652763, 0.00730664];
GivenLatency = [46.5148, 74.466, 81.6018, 120.733, 88.6719, 93.6858, 68.7881, 78.6235, 45.0199, 53.3851, 75.0347, 47.4417, 80.0638, 84.297, 176.205, 128.764, 51.8785, 157.335, 65.2161, 42.7576, 78.6163, 47.306, 68.5153, 50.0532, 47.8564, 68.0592, 67.7482, 136.705, 42.3017, 115.563, 38.4245, 52.7093, 111.461, 87.9736, 104.691, 93.1068, 93.7816, 74.7153, 135.535, 73.0989, 50.7616, 69.2217, 102.627, 52.0362, 217.419, 105.071, 103.682, 61.9299, 72.2258, 183.892, 36.0292, 58.0919, 101.866, 68.6058, 49.4088, 78.4875, 45.6301, 73.7988, 48.4541, 61.7223, 99.56, 124.978, 61.9865, 57.3452];
HighestPossibleCritFunctionValue = 1.1;
