NumDevices = 128;
NumSlotes = 1024;


GivenBandwidthOld = [0.00507836, 0.00452742, 0.00477956, 0.00760156, 0.00689074, 0.00519462, 0.00840277, 0.00781451, 0.00598469, 0.00718506, 0.00673735, 0.00720846, 0.00509439, 0.00392099, 0.00750044, 0.00741027, 0.00691721, 0.00512073, 0.00667435, 0.00825128, 0.00669749, 0.00718039, 0.00827562, 0.0057633, 0.00627976, 0.00646016, 0.00845138, 0.00478478, 0.00529106, 0.00428039, 0.00802043, 0.00688814, 0.00640252, 0.00462841, 0.00723641, 0.00481077, 0.00708264, 0.00546342, 0.00617544, 0.00812007, 0.00645046, 0.00546238, 0.00379327, 0.00598104, 0.00592, 0.00498564, 0.00607816, 0.00810219, 0.00600351, 0.00842109, 0.00574321, 0.00854763, 0.00747695, 0.00764414, 0.00748362, 0.00475445, 0.00552206, 0.00675724, 0.00648032, 0.00727533, 0.00394712, 0.00681877, 0.0055682, 0.00725049, 0.00654776, 0.00562489, 0.00505855, 0.00660869, 0.00482451, 0.0079576, 0.00588697, 0.0048282, 0.00501801, 0.00516641, 0.00434937, 0.00732987, 0.00555439, 0.00515603, 0.00490605, 0.00855083, 0.00629705, 0.00710182, 0.00771711, 0.00392891, 0.00561344, 0.00762621, 0.00625054, 0.00540002, 0.00569541, 0.00521132, 0.00423211, 0.00657836, 0.00495611, 0.00490454, 0.00815927, 0.00535871, 0.0064187, 0.0065751, 0.00521453, 0.00818769, 0.00795515, 0.00471773, 0.00831278, 0.00545153, 0.0064112, 0.00553123, 0.00584804, 0.0055836, 0.00611427, 0.00504002, 0.00514299, 0.00573128, 0.00817442, 0.00493282, 0.0083916, 0.00503808, 0.00745671, 0.00736675, 0.00543864, 0.00476235, 0.00831825, 0.00732352, 0.00391021, 0.00639728, 0.00655041, 0.00531096, 0.00873676, 0.00620472];
GivenLatency = [229.678, 214.387, 210.203, 161.647, 169.215, 225.139, 127.381, 138.731, 177.337, 151.79, 169.966, 142.541, 235.3, 297.331, 140.902, 165.034, 140.301, 250.072, 143.298, 116.615, 173.803, 143.069, 154.849, 185.803, 158.182, 152.614, 123.762, 233.282, 184.204, 294.124, 127.963, 170.528, 181.683, 208.594, 163.032, 221.066, 137.678, 176.527, 155.747, 144.483, 164.214, 185.577, 257.595, 167.276, 169.725, 216.081, 164.44, 147.509, 165.609, 115.906, 200.254, 117.174, 147.879, 146.968, 169.756, 200.73, 223.326, 176.422, 152.932, 135.579, 277.326, 185.313, 193.51, 169.825, 169.289, 200.274, 230.676, 196.419, 237.793, 151.759, 192.394, 238.952, 210.137, 234.493, 266.308, 140.382, 215.817, 218.815, 245.129, 115.667, 191.546, 160.504, 150.285, 251.655, 173.302, 131.733, 189.582, 234.004, 174.628, 246.069, 263.857, 185.897, 251.162, 204.203, 131.809, 193.36, 149.241, 157.18, 201.36, 136.704, 140.447, 261.139, 150.058, 184.232, 197.084, 228.24, 205.87, 225.772, 200.812, 242.644, 210.315, 179.776, 122.142, 208.973, 124.257, 254.638, 137.562, 154.548, 177.73, 252.242, 117.483, 172.296, 319.23, 155.466, 181.333, 180.729, 141.504, 173.368];
HighestPossibleCritFunctionValue = 1.1;
