NumDevices = 32;
NumSlotes = 256;


GivenBandwidthOld = [0.0255939, 0.027046, 0.0323955, 0.0214679, 0.0214326, 0.028282, 0.0250562, 0.0297498, 0.0341504, 0.0165137, 0.0156705, 0.0234838, 0.0219619, 0.023277, 0.0264067, 0.0271663, 0.0347919, 0.0182264, 0.0215304, 0.031572, 0.0213414, 0.0151704, 0.0193372, 0.0302702, 0.0213099, 0.0253381, 0.0268019, 0.0291503, 0.0195649, 0.0171035, 0.0289805, 0.0257858];
GivenLatency = [34.2737, 36.3988, 26.5677, 46.1677, 54.8634, 30.2026, 44.5352, 36.4897, 30.8631, 63.7494, 64.3954, 39.3197, 40.4293, 41.9739, 43.0144, 42.8531, 27.5666, 46.301, 47.2014, 31.863, 45.9593, 70.4155, 46.953, 38.1326, 43.9756, 40.0965, 40.0755, 36.9217, 46.9771, 53.2634, 30.8982, 32.8824];
HighestPossibleCritFunctionValue = 1.1;
