NumDevices = 32;
NumSlotes = 256;


GivenBandwidthOld = [0.0286721, 0.0277592, 0.0331552, 0.0238756, 0.0371974, 0.0367558, 0.0389849, 0.0296154, 0.0310609, 0.0257231, 0.0386154, 0.0195151, 0.0244664, 0.0161255, 0.0306063, 0.0343508, 0.0196702, 0.0314642, 0.0288338, 0.0192027, 0.0248889, 0.0173088, 0.0193765, 0.021315, 0.0264247, 0.0295948, 0.0352281, 0.03921, 0.0372975, 0.0186881, 0.0258645, 0.0397561];
GivenLatency = [85.4021, 65.8219, 70.8747, 78.6409, 50.5267, 61.1206, 50.4701, 56.5007, 68.6422, 81.3746, 52.406, 90.2312, 76.3227, 120.383, 63.3835, 57.7071, 87.5034, 69.2583, 84.0717, 107.508, 71.9458, 99.7748, 86.5596, 89.5666, 67.4578, 79.1021, 49.7128, 48.5485, 51.5285, 115.786, 75.5059, 52.9523];
HighestPossibleCritFunctionValue = 1.1;
