NumDevices = 128;
NumSlotes = 1024;


GivenBandwidthOld = [0.00421524, 0.00427309, 0.00783066, 0.0060994, 0.00884883, 0.00610801, 0.00978385, 0.00836096, 0.00647953, 0.00403544, 0.00739208, 0.0099062, 0.0084934, 0.00733305, 0.00524485, 0.00888003, 0.00541987, 0.0066807, 0.00376571, 0.00528436, 0.0041618, 0.00617477, 0.0067922, 0.00898475, 0.00920805, 0.00598895, 0.00876353, 0.00994111, 0.00772574, 0.00523412, 0.00993262, 0.00884265, 0.00847289, 0.00628481, 0.00638308, 0.00789061, 0.00740723, 0.00824804, 0.00856381, 0.00943658, 0.00940288, 0.00544284, 0.00536961, 0.00584019, 0.00849834, 0.00911182, 0.00740859, 0.0061524, 0.00587192, 0.00438732, 0.00892959, 0.00706108, 0.00936335, 0.00984983, 0.0047713, 0.00624953, 0.00708687, 0.00520105, 0.0040983, 0.00765805, 0.0051218, 0.00962739, 0.00383541, 0.00796916, 0.00899438, 0.00861494, 0.0063226, 0.00399818, 0.00611432, 0.00961441, 0.0044259, 0.0074179, 0.00633606, 0.00521977, 0.00620749, 0.00673273, 0.00942166, 0.00855366, 0.00756484, 0.00720368, 0.0060418, 0.00955825, 0.00431347, 0.00527861, 0.00752028, 0.00833133, 0.0083752, 0.0082923, 0.00863684, 0.00553283, 0.00522762, 0.00688718, 0.00534279, 0.0050083, 0.00822625, 0.00484344, 0.00612955, 0.00941567, 0.00800536, 0.00477389, 0.00602745, 0.00580318, 0.00532151, 0.00978702, 0.00545237, 0.0091784, 0.00766939, 0.00823122, 0.00703951, 0.00922374, 0.00711932, 0.00685913, 0.00896365, 0.00457144, 0.00969004, 0.00674118, 0.00769732, 0.00883831, 0.00429458, 0.00642989, 0.00722687, 0.00821599, 0.00744823, 0.00996756, 0.00859862, 0.0070741, 0.00944118, 0.00540609];
GivenLatency = [978.586, 943.676, 464.193, 673.584, 491.955, 770.94, 347.172, 445.667, 541.586, 895.635, 516.007, 425.973, 544.542, 575.634, 881.612, 382.456, 801.862, 599.598, 1116.54, 804.117, 820.219, 631.937, 697.92, 404.978, 429.618, 688.237, 419.294, 381.822, 480.445, 941.518, 339.756, 461.643, 402.101, 655.068, 608.074, 493.403, 515.617, 470.488, 516.8, 470.071, 371.406, 912.779, 675.808, 760.29, 452.445, 368.405, 473.173, 779.103, 793.033, 866.027, 477.934, 588.989, 503.698, 339.872, 700.989, 588.832, 646.853, 865.092, 827.125, 436.94, 772.894, 366.53, 1247.93, 482.842, 371.325, 410.831, 529.209, 1036.79, 566.361, 455.469, 971.461, 488.649, 658.191, 848.199, 707.598, 531.633, 415.718, 459.368, 469.083, 634.765, 657.429, 493.782, 979.39, 644.951, 459.71, 543.74, 411.522, 540.833, 399.671, 815.325, 808.033, 599.74, 659.256, 814.405, 420.223, 890.721, 569.809, 393.202, 493.205, 722.934, 567.861, 632.623, 790.553, 376.06, 621.996, 445.778, 514.169, 604.277, 660.441, 436.654, 508.893, 696.931, 438.976, 892.508, 477.718, 658.503, 534.155, 465.024, 861.676, 556.347, 683.848, 409.511, 578.807, 405.656, 470.392, 494.943, 429.763, 780.532];
HighestPossibleCritFunctionValue = 1.1;
