NumDevices = 128;
NumSlotes = 1024;


GivenBandwidthOld = [0.00866553, 0.00656581, 0.00407725, 0.00392587, 0.00965854, 0.00849508, 0.00434749, 0.00824561, 0.00527581, 0.00420567, 0.00601066, 0.00493218, 0.00397553, 0.00665773, 0.00518842, 0.00426758, 0.00901873, 0.00522225, 0.0041511, 0.00752995, 0.00829472, 0.00561771, 0.00678788, 0.00520099, 0.00925188, 0.00503604, 0.0057887, 0.00561047, 0.00397524, 0.00815565, 0.00583768, 0.00391101, 0.00989175, 0.00936529, 0.00487015, 0.00512704, 0.00387445, 0.00783129, 0.00419513, 0.00378331, 0.00737346, 0.00951495, 0.00778534, 0.00687394, 0.0078891, 0.00713901, 0.00659524, 0.00497057, 0.00537066, 0.00460017, 0.00506386, 0.0046217, 0.0044653, 0.00712246, 0.00962799, 0.00760121, 0.00595354, 0.00740546, 0.00987127, 0.00894468, 0.00451688, 0.00521192, 0.00548582, 0.00900127, 0.00565148, 0.00561973, 0.00957193, 0.00910917, 0.00664117, 0.00819911, 0.00487608, 0.00473911, 0.00895749, 0.00722086, 0.00716172, 0.00698928, 0.00890725, 0.00662898, 0.00943546, 0.00920333, 0.00789541, 0.00695578, 0.00832483, 0.00540455, 0.00555042, 0.00717561, 0.00919959, 0.00744489, 0.00380485, 0.00692135, 0.00466657, 0.00846261, 0.00859329, 0.00487158, 0.00421704, 0.00958535, 0.0097658, 0.00510026, 0.00380822, 0.00731543, 0.00923992, 0.00407, 0.00692153, 0.00769928, 0.00435552, 0.00565564, 0.0067977, 0.00777154, 0.00627005, 0.00830459, 0.00892805, 0.00616549, 0.00706261, 0.00379495, 0.00916417, 0.00599315, 0.00439211, 0.0082391, 0.00823055, 0.00843403, 0.0095687, 0.00483472, 0.00967162, 0.00974315, 0.00559152, 0.00426172, 0.00418665, 0.00508424];
GivenLatency = [392.101, 520.526, 910.433, 951.509, 403.442, 417.063, 938.076, 596.52, 687.066, 1002.64, 638.932, 761.91, 944.355, 664.309, 659.256, 1113.27, 396.744, 762.552, 835.226, 510.065, 471.335, 843.133, 665.57, 733.346, 498.501, 848.643, 656.734, 606.574, 1080.14, 551.453, 579.194, 863.229, 440.802, 434.034, 977.967, 721.002, 1264.39, 562.531, 1000.64, 1082.66, 544.03, 459.269, 482.346, 621.411, 527.131, 656.616, 666.983, 926.603, 780.181, 913.483, 678.357, 1011.4, 845.606, 590.624, 349.678, 563.279, 560.946, 613.201, 428.897, 430.746, 773.256, 831.866, 623.501, 483.104, 676.247, 651.609, 448.246, 376.518, 653.225, 598.9, 996.096, 890.435, 495.048, 546.52, 503.604, 516.501, 515.829, 541.934, 517.372, 365.936, 503.818, 584.367, 507.007, 627.427, 843.033, 531.462, 405.849, 452.069, 1053.84, 510.077, 956.832, 448.47, 454.004, 810.737, 803.725, 376.611, 424.153, 928.187, 936.3, 680.636, 388.465, 1155.41, 627.499, 466.208, 1100.56, 592.494, 677.779, 472.354, 713.475, 411.563, 537.644, 590.103, 689.146, 1118.16, 387.31, 819.436, 1067.34, 565.379, 510.263, 568.268, 462.602, 1003.48, 391.054, 351.435, 674.718, 796.127, 1059.05, 721.155];
HighestPossibleCritFunctionValue = 1.1;
