NumDevices = 64;
NumSlotes = 512;


GivenBandwidthOld = [0.0083761, 0.0121207, 0.0169048, 0.0148026, 0.0126583, 0.0128245, 0.0155508, 0.0166363, 0.0120284, 0.0165919, 0.0148098, 0.0133532, 0.0120319, 0.0159194, 0.0117513, 0.00927387, 0.011011, 0.0166519, 0.0131049, 0.0091053, 0.00784262, 0.0158845, 0.0152149, 0.0112636, 0.0128744, 0.0154521, 0.00771584, 0.0150496, 0.014002, 0.0165121, 0.0135085, 0.0120535, 0.00890981, 0.012242, 0.0165836, 0.0159357, 0.0155406, 0.0165088, 0.00910496, 0.0121114, 0.0120776, 0.0129935, 0.0163585, 0.0127541, 0.0138295, 0.0174138, 0.00920611, 0.012037, 0.0102513, 0.00877216, 0.00863844, 0.0112965, 0.0154312, 0.0171629, 0.0117811, 0.00955817, 0.00920406, 0.00765807, 0.0142093, 0.0112734, 0.0162039, 0.0146527, 0.0134134, 0.0142773];
GivenLatency = [124.728, 82.3319, 59.958, 82.64, 79.6084, 89.7386, 70.37, 60.9101, 97.0966, 56.5211, 62.3767, 74.5741, 79.177, 57.196, 77.5338, 114.963, 94.3951, 56.2373, 89.2498, 116.704, 117.224, 63.4003, 62.478, 97.6793, 88.4988, 63.4477, 124.496, 77.1719, 69.9884, 67.4444, 77.3149, 83.3577, 117.327, 83.5642, 65.6575, 62.1483, 75.1952, 61.0791, 136.93, 97.9246, 95.4586, 85.216, 74.083, 84.3801, 85.2014, 60.0012, 102.725, 92.9813, 106.411, 114.465, 113.018, 93.1532, 59.0462, 61.9818, 92.5554, 96.354, 123.83, 161.346, 80.4126, 97.8425, 64.7806, 82.2576, 85.6303, 66.1781];
HighestPossibleCritFunctionValue = 1.1;
