NumDevices = 128;
NumSlotes = 1024;


GivenBandwidthOld = [0.00984361, 0.00647803, 0.00999463, 0.00717392, 0.00575259, 0.00507522, 0.00791494, 0.00387122, 0.00979079, 0.00632311, 0.00633644, 0.00535614, 0.00436472, 0.00414817, 0.00829587, 0.00619918, 0.00462937, 0.00840454, 0.00764367, 0.00717102, 0.00705839, 0.00787073, 0.00452624, 0.00624729, 0.00693347, 0.00832063, 0.00980522, 0.00512492, 0.00574568, 0.00770454, 0.00527637, 0.00742274, 0.00655187, 0.00721511, 0.00437448, 0.00563687, 0.00393117, 0.00494953, 0.00798768, 0.00762837, 0.00622901, 0.00602421, 0.00756649, 0.00996156, 0.00775923, 0.00564955, 0.00446949, 0.00874913, 0.00530342, 0.00580971, 0.00885233, 0.00859608, 0.00811453, 0.00839484, 0.00701714, 0.0083173, 0.00392935, 0.00555758, 0.0087732, 0.00375331, 0.00938282, 0.0057469, 0.00945469, 0.00749807, 0.00389103, 0.00537461, 0.00856781, 0.00797467, 0.00783444, 0.00720601, 0.00772697, 0.00710015, 0.0097357, 0.00549225, 0.00443414, 0.00842243, 0.00819772, 0.00664252, 0.00587278, 0.00635788, 0.00947297, 0.00852155, 0.00552477, 0.00733344, 0.00560886, 0.00814268, 0.00650512, 0.00904062, 0.00452825, 0.00882423, 0.00502294, 0.00425409, 0.00718917, 0.00585928, 0.00441685, 0.00526863, 0.008634, 0.00786564, 0.00656938, 0.00780689, 0.00658242, 0.00828171, 0.00564299, 0.00674198, 0.00867081, 0.00771749, 0.004137, 0.00806451, 0.00516443, 0.00740322, 0.00960728, 0.00952089, 0.00757609, 0.00887911, 0.00869268, 0.00666142, 0.0047932, 0.00561628, 0.00782207, 0.00558036, 0.00407932, 0.00733519, 0.00386388, 0.00527709, 0.00703953, 0.00960547, 0.00412493, 0.00525872];
GivenLatency = [474.755, 542.222, 369.489, 533.101, 697.621, 964.311, 519.826, 1133.47, 490.649, 615.82, 659.642, 845.03, 896.329, 1104.99, 403.523, 660.92, 1048.05, 468.355, 562.618, 496.666, 584.578, 486.784, 1053.96, 673.211, 709.359, 539.96, 375.908, 776.291, 738.832, 508.558, 735.807, 578.83, 537.258, 531.473, 950.195, 736.383, 1251.58, 823.236, 426.994, 548.479, 590.917, 576.965, 446.177, 344.746, 437.092, 783.975, 823.216, 525.519, 875.438, 851.835, 383.011, 511.924, 603.954, 505.054, 554.69, 442.943, 1014.95, 615.04, 555.371, 1112.63, 456.664, 636.448, 371.548, 641.821, 1154.03, 623.503, 405.132, 429.052, 430.403, 594.695, 534.519, 491.405, 378.094, 692.278, 803.879, 417.206, 553.868, 710.087, 697.664, 647.157, 391.073, 446.868, 614.508, 468.84, 890.121, 598.232, 560.354, 423.533, 752.818, 438.96, 694.982, 826.48, 536.389, 704.275, 763.055, 645.827, 513.126, 567.82, 508.379, 546.774, 592.983, 425.444, 845.647, 672.956, 404.884, 627.991, 964.484, 603.003, 769.93, 557.232, 471.389, 397.575, 616.717, 445.718, 404.275, 601.886, 751.551, 633.086, 564.945, 842.935, 1171.06, 623.462, 871.988, 802.617, 588.259, 474.39, 854.009, 877.517];
HighestPossibleCritFunctionValue = 1.1;
