NumDevices = 32;
NumSlotes = 256;


GivenBandwidthOld = [0.00856664, 0.0120808, 0.0119977, 0.0155715, 0.00549184, 0.00889494, 0.0171864, 0.00913733, 0.0161494, 0.00536563, 0.0126666, 0.00801811, 0.00530555, 0.0153278, 0.00860843, 0.0144561, 0.00797751, 0.0104754, 0.0172194, 0.0139459, 0.00891264, 0.0146942, 0.00999114, 0.0160097, 0.00788863, 0.0167056, 0.0157846, 0.0114121, 0.0102282, 0.0135229, 0.0120396, 0.00649394];
GivenLatency = [42.2799, 26.585, 40.0121, 27.006, 56.4266, 69.0683, 21.2016, 53.5287, 23.9697, 75.5389, 24.5871, 72.2739, 82.1069, 24.894, 60.2821, 31.2461, 54.305, 58.3463, 19.0038, 33.1482, 70.6692, 28.1011, 35.9317, 31.9789, 56.5592, 34.9601, 23.6064, 39.2472, 56.0681, 31.118, 37.316, 77.4279];
HighestPossibleCritFunctionValue = 1.1;
