NumDevices = 16;
NumSlotes = 128;


GivenBandwidthOld = [0.0658848, 0.0452609, 0.0699237, 0.0775169, 0.046478, 0.0755602, 0.0609376, 0.0484007, 0.0403411, 0.0331679, 0.0729615, 0.0334155, 0.0346494, 0.0719131, 0.0637175, 0.0697962];
GivenLatency = [29.0811, 32.4932, 22.7913, 18.3167, 32.6342, 25.3542, 22.2145, 33.0448, 39.9759, 52.1199, 25.3697, 46.2593, 48.5507, 26.3156, 24.6806, 27.953];
HighestPossibleCritFunctionValue = 1.1;
