NumDevices = 128;
NumSlotes = 1024;


GivenBandwidthOld = [0.0079098, 0.00747127, 0.00713249, 0.00833624, 0.00463331, 0.00457584, 0.00862613, 0.00688823, 0.00801185, 0.00774379, 0.00735881, 0.0070374, 0.00500967, 0.0050409, 0.00495987, 0.0080718, 0.0051704, 0.00636258, 0.00832546, 0.00856963, 0.00732412, 0.00404872, 0.00439417, 0.00535295, 0.00445135, 0.00639912, 0.00750347, 0.00831693, 0.00511788, 0.00871698, 0.00375069, 0.00541086, 0.00781976, 0.00412178, 0.00722081, 0.00763155, 0.00589487, 0.00764071, 0.00484057, 0.00803339, 0.00475684, 0.00575285, 0.00557648, 0.00641261, 0.00429322, 0.00864583, 0.00790456, 0.00441906, 0.00862405, 0.00698176, 0.00500758, 0.00489021, 0.00731892, 0.00655414, 0.00795314, 0.00587768, 0.00864752, 0.00637916, 0.00703828, 0.00491174, 0.00417024, 0.00671978, 0.00690824, 0.00427564, 0.00826488, 0.00527353, 0.00469405, 0.00542103, 0.00377149, 0.00494739, 0.00827575, 0.00810241, 0.00463619, 0.00800083, 0.00750956, 0.00559286, 0.00671787, 0.00474006, 0.00871269, 0.00660143, 0.00774179, 0.00381182, 0.00780461, 0.00457859, 0.00482218, 0.00380959, 0.00532072, 0.00789223, 0.00724587, 0.003815, 0.00626701, 0.00710166, 0.00511441, 0.00537977, 0.00528552, 0.00623159, 0.00684191, 0.00442781, 0.00577306, 0.00535541, 0.00581587, 0.00478235, 0.00442273, 0.00539293, 0.00647859, 0.0082305, 0.00748466, 0.00712731, 0.00613111, 0.00811737, 0.00616341, 0.00599743, 0.00626455, 0.00575217, 0.00428373, 0.00422272, 0.00381777, 0.00778397, 0.00773002, 0.00601951, 0.00747687, 0.00629315, 0.00643063, 0.00716373, 0.00833629, 0.00547672, 0.00474558, 0.00643368];
GivenLatency = [123.233, 143.35, 180.37, 125.11, 258.774, 271.254, 120.21, 143.535, 123.982, 162.957, 142.525, 173.578, 213.305, 189.057, 193.111, 121.676, 185.618, 189.284, 130.305, 112.203, 145.077, 255.051, 223.328, 232.516, 267.659, 155.114, 132.758, 119.647, 219.399, 144.858, 269.685, 176.438, 150.288, 269.895, 161.33, 158.958, 176.794, 142.171, 202.947, 144.317, 253.466, 213.73, 213.825, 153.655, 270.9, 129.83, 137.504, 283.319, 111.077, 146.914, 213.345, 200.321, 131.457, 145.574, 127.216, 171.459, 129.14, 153.762, 167.101, 203.134, 267.528, 186.37, 140.906, 291.276, 135.607, 219.162, 244.331, 203.216, 267.933, 219.576, 124.895, 130.098, 218.774, 127.929, 147.584, 183.612, 169.616, 258.857, 148.419, 176.759, 161.551, 337.075, 138.154, 251.593, 229.642, 280.806, 193.278, 145.679, 144.936, 334.338, 164.057, 146.804, 198.855, 177.502, 222.615, 164.702, 169.548, 287.216, 168.605, 239.44, 210.125, 222.732, 230.744, 190.118, 152.83, 133.502, 164.97, 133.724, 208.333, 118.616, 159.994, 203.742, 154.765, 209.419, 225.816, 246.574, 264.893, 164.925, 140.274, 164.83, 134.574, 193.78, 180.533, 152.153, 132.969, 230.571, 268.108, 201.573];
HighestPossibleCritFunctionValue = 1.1;
