NumDevices = 128;
NumSlotes = 1024;


GivenBandwidthOld = [0.00463035, 0.00598441, 0.00745496, 0.00434338, 0.00790834, 0.00545097, 0.004474, 0.00947111, 0.00839393, 0.00425821, 0.00780809, 0.00815026, 0.00899506, 0.00747981, 0.00938321, 0.00612667, 0.00468714, 0.00423904, 0.00428435, 0.00958122, 0.00901305, 0.0097631, 0.009629, 0.005937, 0.00442095, 0.00535688, 0.00434084, 0.00893047, 0.00943505, 0.00860761, 0.00804212, 0.00398046, 0.00830444, 0.00640199, 0.00695014, 0.00724981, 0.00623174, 0.00812871, 0.00917877, 0.00765417, 0.00866592, 0.00682437, 0.00586821, 0.00447941, 0.00670793, 0.0052191, 0.00741232, 0.00643054, 0.00565307, 0.00733358, 0.00789842, 0.00745049, 0.00411959, 0.00927016, 0.00600376, 0.00771569, 0.00513138, 0.0081341, 0.00610709, 0.00692416, 0.00805273, 0.00728193, 0.00860247, 0.0092205, 0.00893658, 0.00578782, 0.00964005, 0.00408797, 0.00899527, 0.0047708, 0.00408335, 0.00628216, 0.00557276, 0.00769581, 0.00849971, 0.00712379, 0.00711129, 0.00942632, 0.00558794, 0.00655507, 0.00486214, 0.0079342, 0.00877617, 0.00981311, 0.0064769, 0.00970175, 0.00978836, 0.00924529, 0.00690704, 0.00782184, 0.00797152, 0.00480076, 0.00765855, 0.00729977, 0.00856089, 0.00409421, 0.00771342, 0.00438338, 0.00517022, 0.00469966, 0.00844725, 0.00668575, 0.0074349, 0.00457871, 0.00692722, 0.00944962, 0.00984522, 0.00862159, 0.0055678, 0.00546995, 0.00473982, 0.00839739, 0.00627045, 0.00864126, 0.00488055, 0.00485464, 0.00701364, 0.00570195, 0.00396539, 0.00499216, 0.00568783, 0.00409425, 0.00827178, 0.00753245, 0.00663743, 0.00777001, 0.00555984, 0.0093052];
GivenLatency = [829.404, 704.076, 501.111, 946.946, 476.904, 628.838, 809.752, 362.107, 491.692, 1033.95, 497.66, 461.713, 387.286, 613.023, 501.621, 578.218, 968.522, 1106.83, 1012.57, 354.151, 443.32, 490.045, 495.801, 616.113, 869.364, 784.532, 919.715, 513.473, 516.626, 522.132, 559.937, 1072.23, 491.094, 692.149, 606.633, 662.254, 585.233, 555.586, 368.678, 452.031, 516.333, 531.942, 779.155, 806.654, 524.366, 849.619, 500.062, 722.711, 840.602, 564.978, 576.07, 631.333, 1147.57, 427.633, 624.627, 550.605, 723.526, 584.294, 551.004, 721.886, 514.984, 490.661, 470.463, 526.489, 442.894, 601.41, 488.473, 820.654, 493.295, 867.362, 1150.2, 537.075, 752.962, 638.019, 445.839, 570.793, 604.15, 373.118, 829.929, 552.595, 770.471, 429.889, 454.842, 472.681, 534.003, 386.868, 453.969, 383.814, 712.351, 434.935, 516.549, 766.71, 548.557, 505.438, 453.018, 906.842, 487.679, 886.101, 922.468, 859.273, 563.658, 540.38, 648.97, 729.517, 555.359, 419.724, 452.629, 429.554, 831.572, 897.016, 799.905, 535.726, 598.484, 437.469, 762.509, 871.664, 534.205, 610.138, 1160.44, 870.558, 656.963, 1073.5, 467.637, 580.139, 719.102, 472.086, 826.968, 460.257];
HighestPossibleCritFunctionValue = 1.1;
