NumDevices = 32;
NumSlotes = 256;


GivenBandwidthOld = [0.0262351, 0.0238117, 0.0332196, 0.031432, 0.0280638, 0.0180046, 0.033885, 0.0159517, 0.0302809, 0.0203672, 0.0215624, 0.0293989, 0.0170966, 0.0320148, 0.023019, 0.0295824, 0.0215609, 0.0238372, 0.0215267, 0.029472, 0.0258231, 0.0185083, 0.0189624, 0.0314162, 0.021475, 0.0194809, 0.0253556, 0.022373, 0.0331496, 0.0154992, 0.0255048, 0.0284347];
GivenLatency = [33.4447, 43.6792, 27.0146, 32.9263, 31.0184, 62.152, 29.7055, 61.4156, 29.0145, 56.6421, 41.6922, 30.1186, 64.2181, 28.4089, 37.3639, 38.1235, 38.6644, 35.8797, 38.9231, 29.473, 36.4959, 61.9446, 53.5652, 30.5145, 47.887, 56.3215, 42.4071, 52.4384, 28.3678, 67.2891, 39.8633, 40.2502];
HighestPossibleCritFunctionValue = 1.1;
