NumDevices = 16;
NumSlotes = 128;


GivenBandwidthOld = [0.0157653, 0.031591, 0.0153188, 0.0272596, 0.0177745, 0.0267412, 0.0297495, 0.0140606, 0.0322286, 0.0303052, 0.029957, 0.0271167, 0.0153598, 0.016411, 0.0342864, 0.0161674];
GivenLatency = [32.8422, 9.5768, 29.2829, 15.4842, 23.6044, 12.2673, 14.748, 43.0784, 14.1076, 19.7801, 17.9828, 13.4352, 27.4809, 32.899, 17.8953, 31.6299];
HighestPossibleCritFunctionValue = 1.1;
