NumDevices = 128;
NumSlotes = 1024;


GivenBandwidthOld = [0.00781503, 0.00476674, 0.00705251, 0.00402544, 0.00810799, 0.00853916, 0.00521356, 0.00673474, 0.00829772, 0.00720717, 0.0083662, 0.00819052, 0.00555654, 0.00622201, 0.00589133, 0.00811091, 0.00764724, 0.00471513, 0.00467189, 0.00798724, 0.00412792, 0.00547785, 0.00380866, 0.00460115, 0.00398323, 0.00873203, 0.00667903, 0.00695998, 0.00381755, 0.00412096, 0.00844135, 0.00628254, 0.00816238, 0.00757919, 0.00586786, 0.00863678, 0.00588853, 0.00598342, 0.00575603, 0.00403884, 0.008278, 0.00580743, 0.00792275, 0.00520552, 0.00666362, 0.00798487, 0.00420025, 0.00611715, 0.00847049, 0.00610287, 0.00835964, 0.00793552, 0.00486616, 0.0080169, 0.00753334, 0.00539413, 0.00664515, 0.00756841, 0.0047206, 0.00656149, 0.00644628, 0.00510595, 0.00814302, 0.00726229, 0.00488181, 0.00599832, 0.0063444, 0.00776237, 0.00461854, 0.00629691, 0.00473082, 0.00834419, 0.00829655, 0.00755598, 0.00579164, 0.00756505, 0.00823354, 0.00862943, 0.00736518, 0.00401929, 0.00462398, 0.0077662, 0.00395294, 0.00453839, 0.00415638, 0.00874513, 0.00686919, 0.00804902, 0.00741629, 0.00809929, 0.00734176, 0.00551957, 0.00497758, 0.00567512, 0.00427175, 0.00777488, 0.00481995, 0.00636464, 0.00803486, 0.0044524, 0.00403569, 0.00527829, 0.00479839, 0.00401717, 0.00403114, 0.0038979, 0.00451261, 0.00588192, 0.0049864, 0.00396795, 0.00689313, 0.005301, 0.00642886, 0.00740021, 0.00775873, 0.00854852, 0.00746688, 0.00828514, 0.00591328, 0.00693862, 0.00493955, 0.00647641, 0.0065042, 0.00865619, 0.00714619, 0.00846929, 0.00593224, 0.00562208];
GivenLatency = [128.479, 221.225, 161.659, 265.856, 157.864, 120.387, 217.925, 143.836, 142.712, 139.117, 124.072, 130.924, 184.046, 167.708, 187.324, 136.929, 166.493, 261.922, 267.16, 154.653, 299.234, 193.075, 288.618, 247.267, 305.577, 129.602, 148.147, 139.532, 292.278, 236.877, 125.534, 185.495, 132.911, 134.069, 184.365, 124.566, 177.532, 167.223, 168.369, 297.167, 118.776, 177.211, 153.792, 185.532, 151.203, 148.082, 274.072, 192.135, 147.54, 165.515, 121.699, 132.209, 204.321, 140.521, 161.53, 202.065, 171.557, 160.891, 207.665, 153.803, 196.557, 249.884, 154.244, 176.42, 196.396, 201.797, 150.874, 153.335, 226.53, 205.104, 206.825, 127.426, 151.153, 137.585, 223.934, 145.404, 130.911, 124.932, 139.505, 279.989, 235.266, 133.687, 313.132, 253.849, 241.893, 126.628, 173.311, 137.482, 144.578, 147.7, 136.646, 233.882, 243.531, 204.858, 230.8, 124.901, 211.988, 160.758, 129.564, 282.677, 241.753, 199.937, 199.411, 259.787, 273.583, 258.537, 274.358, 184.136, 204.943, 250.003, 143.666, 225.002, 193.036, 135.112, 157.607, 127.428, 133.653, 122.847, 187.085, 141.151, 203.979, 194.229, 154.426, 119.113, 163.214, 135.432, 188.326, 226.57];
HighestPossibleCritFunctionValue = 1.1;
