NumDevices = 16;
NumSlotes = 128;


GivenBandwidthOld = [0.0322425, 0.0696965, 0.0589934, 0.0716847, 0.0741755, 0.037119, 0.0793462, 0.0413796, 0.0367505, 0.0351075, 0.0724203, 0.0374593, 0.0483207, 0.0466161, 0.047246, 0.0339832];
GivenLatency = [42.7895, 21.7189, 33.469, 18.6659, 18.117, 36.9367, 17.5894, 35.3287, 51.7769, 43.9382, 18.4608, 47.3749, 29.6802, 29.8011, 28.4666, 54.4229];
HighestPossibleCritFunctionValue = 1.1;
