NumDevices = 16;
NumSlotes = 128;


GivenBandwidthOld = [0.0623824, 0.0404317, 0.0347933, 0.0311918, 0.0614121, 0.0533833, 0.0332358, 0.053705, 0.04051, 0.0313455, 0.0431748, 0.058936, 0.0369215, 0.0392239, 0.0567875, 0.0477314];
GivenLatency = [15.8445, 26.961, 24.9319, 28.6921, 15.947, 18.6301, 27.4658, 18.703, 20.6662, 34.8607, 22.9484, 17.2757, 25.9385, 26.3184, 15.6249, 18.399];
HighestPossibleCritFunctionValue = 1.1;
