NumDevices = 16;
NumSlotes = 128;


GivenBandwidthOld = [0.016721, 0.0194088, 0.0185326, 0.0181674, 0.0299151, 0.0231002, 0.0342616, 0.024126, 0.025393, 0.0206671, 0.0173439, 0.0133884, 0.03407, 0.0287466, 0.0345381, 0.0222306];
GivenLatency = [27.1382, 19.0713, 18.3378, 20.6335, 18.9411, 19.1357, 18.1345, 14.1081, 13.0447, 16.4278, 23.7582, 25.6556, 13.0788, 14.0338, 12.406, 19.3383];
HighestPossibleCritFunctionValue = 1.1;
