NumDevices = 16;
NumSlotes = 128;


GivenBandwidthOld = [0.0688452, 0.0604765, 0.0487082, 0.0594775, 0.0576597, 0.0664565, 0.0344924, 0.0540199, 0.0530944, 0.0574079, 0.0338787, 0.0590712, 0.0303963, 0.0502869, 0.0316751, 0.0625957];
GivenLatency = [11.5444, 15.849, 20.0176, 17.02, 19.2512, 15.0514, 25.1632, 14.9751, 15.9139, 15.5397, 24.1728, 16.9195, 29.4947, 20.7361, 34.187, 17.0044];
HighestPossibleCritFunctionValue = 1.1;
