NumDevices = 128;
NumSlotes = 1024;


GivenBandwidthOld = [0.00462183, 0.00662751, 0.00598161, 0.00540486, 0.00694646, 0.00672418, 0.00578357, 0.0069462, 0.00724859, 0.00458404, 0.00648665, 0.00858415, 0.00631166, 0.00748635, 0.00564992, 0.00573467, 0.00504371, 0.00717045, 0.00623663, 0.00659718, 0.00632762, 0.00582951, 0.00402656, 0.00697506, 0.00734273, 0.0067418, 0.00690102, 0.00794078, 0.00821244, 0.00405773, 0.0057578, 0.00379857, 0.00505972, 0.00626705, 0.00775614, 0.00496194, 0.00787484, 0.0049028, 0.00389182, 0.00730386, 0.00853384, 0.00583501, 0.00651734, 0.00450929, 0.00514358, 0.00561685, 0.00487, 0.00757134, 0.00395973, 0.00866332, 0.00699455, 0.00489193, 0.00625117, 0.00584553, 0.00826204, 0.00763262, 0.00392393, 0.00703561, 0.00492894, 0.0082368, 0.00834796, 0.00670325, 0.00396573, 0.00454033, 0.0068726, 0.0052417, 0.00479533, 0.00755625, 0.00532432, 0.00833274, 0.00583392, 0.00814659, 0.00717456, 0.00532684, 0.00574869, 0.00566129, 0.00686286, 0.00660253, 0.00630207, 0.00633409, 0.00460422, 0.00565969, 0.00498954, 0.00661477, 0.0068633, 0.00396261, 0.00706879, 0.00769119, 0.00836129, 0.0056251, 0.00858754, 0.00831275, 0.00482034, 0.00788859, 0.00596199, 0.0057149, 0.00790591, 0.00705589, 0.00589172, 0.00470357, 0.00547615, 0.00519236, 0.00549027, 0.00746119, 0.00768291, 0.00421599, 0.00568588, 0.00511805, 0.00656452, 0.00745953, 0.00485129, 0.00808375, 0.00615344, 0.00833116, 0.00434471, 0.00403346, 0.00784501, 0.00850383, 0.00642927, 0.00420966, 0.00418438, 0.00429317, 0.00789391, 0.00541156, 0.00463773, 0.00381263, 0.00636943, 0.00850375];
GivenLatency = [256.232, 175.061, 164.464, 190.612, 161.52, 168.94, 188.455, 165.614, 132.554, 213.755, 171.599, 120.211, 160.597, 145.472, 206.46, 172.939, 244.338, 145.762, 197.967, 145.577, 160.57, 213.141, 279.578, 163.868, 147.221, 142.856, 177.614, 121.166, 124.008, 249.498, 171.713, 300.055, 225.343, 191.113, 158.25, 214.19, 123.953, 195.987, 323.857, 136.048, 117.582, 181.332, 185.511, 232.13, 227.717, 231.004, 240.458, 167.29, 322.754, 110.602, 144.853, 213.532, 156.745, 171.999, 115.675, 151.453, 316.538, 168.743, 219.884, 124.931, 132.338, 188.911, 314.845, 284.149, 188.439, 196.231, 217.135, 133.37, 215.841, 135.255, 183.904, 150.013, 169.536, 210.38, 173.25, 206.604, 153.562, 180.587, 191.068, 181.924, 270.242, 197.99, 217.284, 152.991, 187.678, 248.874, 164.455, 162.872, 116.19, 226.227, 115.029, 138.51, 199.977, 155.376, 163.243, 191.705, 154.254, 181.139, 162.549, 230.64, 179.003, 239.687, 206.877, 145.503, 139.511, 226.661, 179.479, 231.823, 166.792, 147.415, 224.618, 145.072, 207.875, 131.214, 282.633, 258.584, 132.217, 126.611, 159.775, 301.734, 291.502, 261.215, 138.492, 238.8, 231.464, 273.85, 200.706, 128.221];
HighestPossibleCritFunctionValue = 1.1;
