NumDevices = 128;
NumSlotes = 1024;


GivenBandwidthOld = [0.00651746, 0.00392317, 0.00797314, 0.00698135, 0.00681988, 0.00555349, 0.00878655, 0.00932139, 0.00451957, 0.00673326, 0.00588867, 0.00465231, 0.00639021, 0.00897577, 0.00827427, 0.00567749, 0.00538847, 0.00403505, 0.00713166, 0.00812502, 0.0097336, 0.00760424, 0.00698861, 0.00381239, 0.00856184, 0.00757307, 0.00805491, 0.00640704, 0.00431176, 0.00766931, 0.0068255, 0.00620853, 0.00556281, 0.0090725, 0.0089537, 0.0061568, 0.00477031, 0.00835108, 0.00911548, 0.00641955, 0.00832142, 0.00437145, 0.00466667, 0.00389367, 0.00583807, 0.00417226, 0.00689882, 0.00715815, 0.00958053, 0.00998979, 0.0072065, 0.0096878, 0.00668214, 0.00916935, 0.0055619, 0.0063621, 0.00522878, 0.00763071, 0.00808861, 0.00396456, 0.00979234, 0.00734002, 0.0099729, 0.00454351, 0.0090489, 0.00604673, 0.00485801, 0.00735269, 0.00415023, 0.00547285, 0.00968666, 0.00624589, 0.00842594, 0.00480961, 0.00629681, 0.00800586, 0.00692242, 0.00380001, 0.00684696, 0.00439464, 0.00688928, 0.00942371, 0.00555009, 0.00788997, 0.00919992, 0.00682797, 0.00394998, 0.00857454, 0.00846558, 0.00851153, 0.00583614, 0.00927813, 0.00883991, 0.00616906, 0.00456949, 0.00811742, 0.00698837, 0.00606683, 0.00523255, 0.00841595, 0.00569631, 0.00916316, 0.00767316, 0.00896662, 0.00441592, 0.00841094, 0.00897211, 0.00917439, 0.00891035, 0.00882347, 0.00484358, 0.00859985, 0.00892428, 0.00538024, 0.00945491, 0.00484635, 0.00503336, 0.00436656, 0.00994909, 0.00437166, 0.00830735, 0.00530638, 0.00551635, 0.00961394, 0.00897827, 0.00661615, 0.00635391, 0.00512737];
GivenLatency = [528.13, 1154.63, 584.641, 571.07, 663.589, 696.436, 487.903, 400.807, 828.166, 741.607, 768.32, 834.648, 759.932, 379.832, 433.119, 623.408, 732.719, 1050.82, 480.387, 437.979, 434.223, 568.28, 709.334, 934.315, 463.232, 546.274, 529.15, 724.861, 1077.97, 437.667, 604.448, 596.613, 837.977, 380.389, 404.225, 806.499, 720.874, 441.944, 407.074, 592.586, 419.609, 897.434, 950.603, 1033.68, 700.731, 874.737, 643.865, 598.262, 466.077, 416, 502.547, 395.725, 729.048, 367.302, 816.837, 767.287, 729.599, 636.598, 458.71, 849.165, 440.112, 478.723, 339.186, 854.146, 389.932, 613.922, 742.026, 581.974, 1100.81, 652.504, 417.246, 571.146, 409.746, 753.932, 556.515, 499.995, 661.925, 1049.51, 618.96, 785.405, 519.193, 517.751, 674.503, 450.544, 531.125, 689.211, 950.137, 454.824, 397.74, 495.586, 825.958, 460.794, 405.755, 662.397, 888.748, 583.545, 667.711, 657.74, 728.918, 480.675, 679.258, 499.643, 630.391, 533.371, 917.775, 416.697, 541.212, 508.031, 406.51, 438.902, 900.223, 471.094, 538.016, 795.94, 488.456, 962.95, 959.607, 820.485, 383.341, 796.94, 558.378, 715.257, 797.731, 369.381, 438.602, 671.024, 770.698, 807.445];
HighestPossibleCritFunctionValue = 1.1;
