NumDevices = 16;
NumSlotes = 128;


GivenBandwidthOld = [0.0497566, 0.0397461, 0.032933, 0.0451694, 0.0623985, 0.0323776, 0.030933, 0.0315643, 0.0410061, 0.0496886, 0.0556668, 0.0518025, 0.0643729, 0.0552776, 0.0311072, 0.0390233];
GivenLatency = [19.0739, 24.0782, 23.7705, 18.3651, 12.7525, 28.6389, 25.4081, 24.6126, 25.3832, 21.7107, 15.5274, 18.1162, 12.0887, 16.3087, 30.3457, 21.5231];
HighestPossibleCritFunctionValue = 1.1;
