NumDevices = 64;
NumSlotes = 512;


GivenBandwidthOld = [0.00696026, 0.00351396, 0.00665918, 0.00580507, 0.00701045, 0.00346237, 0.00826292, 0.00366594, 0.00463176, 0.00592926, 0.00682295, 0.00826518, 0.00406831, 0.00480807, 0.00666665, 0.0064134, 0.00629904, 0.00288027, 0.00622396, 0.00359688, 0.00647283, 0.00511662, 0.00498824, 0.0035186, 0.0033651, 0.00471298, 0.00855311, 0.00586516, 0.00456543, 0.00370921, 0.00701437, 0.00674295, 0.00755015, 0.00542645, 0.00612401, 0.00497991, 0.00741554, 0.00547043, 0.00777068, 0.00560352, 0.0071152, 0.00772782, 0.00390991, 0.00517081, 0.00334687, 0.00455529, 0.00828719, 0.0052451, 0.00819523, 0.00341685, 0.00570368, 0.00296901, 0.00390817, 0.00711727, 0.00498839, 0.0061354, 0.00259668, 0.00857499, 0.00484128, 0.00867079, 0.00868788, 0.00837068, 0.00842536, 0.00874185];
GivenLatency = [86.2593, 105.631, 51.8584, 69.6058, 70.1243, 119.792, 63.5376, 85.3035, 86.1498, 74.6267, 87.0281, 45.0335, 109.44, 71.2048, 63.3425, 52.8571, 100.855, 107.583, 84.2951, 96.2843, 52.7004, 106.636, 73.129, 178.734, 154.634, 118.816, 37.6458, 86.5584, 81.1518, 115.571, 60.9101, 50.0258, 52.9131, 62.007, 97.9658, 67.6921, 47.4077, 109.64, 58.3338, 100.346, 70.351, 50.7281, 124.658, 63.2262, 173.603, 98.066, 69.0016, 117.35, 38.9188, 95.4228, 91.1849, 214.19, 126.939, 71.9129, 128.481, 72.173, 161.676, 69.7737, 68.858, 39.8419, 71.8775, 41.3457, 38.1661, 37.6148];
HighestPossibleCritFunctionValue = 1.1;
