NumDevices = 16;
NumSlotes = 128;


GivenBandwidthOld = [0.0548399, 0.034913, 0.0434716, 0.0471641, 0.0678174, 0.0670193, 0.0537485, 0.050528, 0.0447795, 0.0692437, 0.0388694, 0.0573507, 0.0339385, 0.0642817, 0.0418446, 0.0618159];
GivenLatency = [18.3677, 31.4131, 18.0792, 20.3814, 12.9776, 12.9176, 16.0148, 21.367, 19.7496, 15.1654, 20.9352, 16.3322, 23.9818, 12.7404, 24.3201, 14.9796];
HighestPossibleCritFunctionValue = 1.1;
