NumDevices = 16;
NumSlotes = 128;


GivenBandwidthOld = [0.0766206, 0.0318046, 0.0605603, 0.0570717, 0.0738839, 0.0363303, 0.0738653, 0.073598, 0.0316964, 0.0416495, 0.0728049, 0.0521632, 0.0764703, 0.0557528, 0.0570219, 0.0365312];
GivenLatency = [21.6563, 50.8287, 28.5675, 24.061, 25.6454, 41.4341, 22.291, 24.9643, 56.7512, 37.067, 21.8743, 27.1938, 23.3256, 25.4207, 25.7294, 42.9153];
HighestPossibleCritFunctionValue = 1.1;
