NumDevices = 128;
NumSlotes = 1024;


GivenBandwidthOld = [0.00421093, 0.00310556, 0.00325006, 0.00370504, 0.00365177, 0.00216181, 0.00410097, 0.00182885, 0.00187422, 0.00187955, 0.00391881, 0.0028469, 0.00283787, 0.00419357, 0.00202612, 0.00181038, 0.00401118, 0.00218472, 0.00168898, 0.00418315, 0.0017683, 0.0030221, 0.0037412, 0.00217631, 0.0040397, 0.00331815, 0.00131327, 0.00219754, 0.00162401, 0.00278019, 0.00359139, 0.00301752, 0.00167321, 0.00164151, 0.00328211, 0.0018311, 0.00224375, 0.0031332, 0.00222512, 0.00254008, 0.00241423, 0.0028112, 0.00287664, 0.00275525, 0.00314851, 0.00321305, 0.00366166, 0.0028022, 0.00157884, 0.00304243, 0.0015559, 0.00184274, 0.00398146, 0.00260394, 0.0038421, 0.00423387, 0.00429755, 0.00259199, 0.00289484, 0.0023074, 0.00421413, 0.00373258, 0.00403619, 0.00376947, 0.00223173, 0.0012612, 0.00203687, 0.00421531, 0.00180017, 0.00417366, 0.00169235, 0.00153242, 0.00419293, 0.00372277, 0.00180002, 0.00170329, 0.00407558, 0.00332374, 0.00146207, 0.00303418, 0.0036421, 0.0022172, 0.00379916, 0.00428604, 0.00294538, 0.00180187, 0.00148744, 0.00435246, 0.00372051, 0.004288, 0.00160967, 0.00247113, 0.00282902, 0.00227548, 0.00205211, 0.00426981, 0.00207418, 0.00320936, 0.00408207, 0.00296576, 0.00363012, 0.00396443, 0.00397223, 0.00368737, 0.00358715, 0.00366537, 0.00257576, 0.00212215, 0.0031968, 0.00236575, 0.00372941, 0.00390341, 0.00334466, 0.0030184, 0.00393707, 0.00343851, 0.00230203, 0.00153122, 0.00267958, 0.00321627, 0.00149026, 0.0017886, 0.00351161, 0.00273243, 0.00390817, 0.00215993, 0.00382655, 0.00215666];
GivenLatency = [126.975, 174.027, 134.411, 104.687, 140.43, 151.941, 85.7721, 180.169, 311.807, 221.113, 94.9071, 198.68, 131.983, 105.279, 215.851, 204.387, 103.947, 240.932, 228.364, 124.076, 239.98, 139.326, 138.573, 174.36, 86.152, 95.6354, 335.236, 252.761, 267.994, 117.654, 182.995, 107.34, 335.605, 291.936, 108.084, 206.034, 140.206, 124.769, 189.612, 188.231, 171.089, 218.709, 112.906, 145.948, 199.917, 140.854, 96.9258, 141.098, 198.109, 191.766, 239.215, 212.302, 97.1, 251.145, 124.691, 76.1951, 85.6095, 164.358, 117.909, 243.497, 92.823, 94.208, 85.6047, 89.7689, 197.329, 349.671, 200.812, 136.854, 236.572, 80.1953, 191.99, 234.527, 83.1337, 86.9302, 191.474, 340.834, 130.868, 128.801, 334.818, 207.389, 165.078, 258.253, 137.088, 132.525, 149.711, 334.8, 430.577, 145.617, 137.5, 99.5144, 367.934, 186.907, 128.926, 227.564, 201.08, 74.8298, 177.589, 193.774, 112.593, 173.636, 104.636, 106.398, 146.014, 141.34, 149.705, 91.8611, 146.913, 169.103, 172.543, 149.252, 113.853, 90.9916, 143.769, 137.473, 157.365, 91.6611, 283.185, 226.55, 143.053, 147.744, 225.456, 342.715, 152.187, 189.301, 97.5769, 211.9, 100.438, 174.048];
HighestPossibleCritFunctionValue = 1.1;
