NumDevices = 16;
NumSlotes = 128;


GivenBandwidthOld = [0.0319805, 0.0106607, 0.0135671, 0.0118978, 0.0308201, 0.0329323, 0.0332333, 0.0171448, 0.0173667, 0.0217371, 0.025259, 0.0180667, 0.0112387, 0.0289041, 0.0316645, 0.0252169];
GivenLatency = [19.3585, 34.462, 44.1063, 38.1851, 14.545, 10.4545, 9.99445, 25.5875, 22.0116, 17.4694, 20.8365, 30.1126, 45.1955, 10.8678, 9.5645, 19.4974];
HighestPossibleCritFunctionValue = 1.1;
