NumDevices = 128;
NumSlotes = 1024;


GivenBandwidthOld = [0.00386854, 0.00168203, 0.00302629, 0.00227797, 0.0033415, 0.00316582, 0.00360113, 0.00413197, 0.0042109, 0.00266486, 0.00268942, 0.0029166, 0.0023495, 0.00237165, 0.00277103, 0.00277591, 0.0035513, 0.00424849, 0.00319602, 0.0018346, 0.00170159, 0.00367929, 0.00216719, 0.00391913, 0.00192436, 0.00393237, 0.00258393, 0.00178749, 0.00354869, 0.00402281, 0.003874, 0.00289466, 0.0023672, 0.0030644, 0.00215814, 0.00183702, 0.00173094, 0.00311641, 0.00436226, 0.0027955, 0.00152797, 0.00432747, 0.00246001, 0.00352023, 0.00395462, 0.00152584, 0.00297341, 0.0040943, 0.00229702, 0.00158095, 0.00420912, 0.00394975, 0.00402729, 0.00410931, 0.00139002, 0.001471, 0.00302337, 0.00316464, 0.0025024, 0.00350085, 0.00320435, 0.00429919, 0.00213474, 0.00237243, 0.00338116, 0.00397722, 0.00330538, 0.00224245, 0.0032497, 0.00390736, 0.00404232, 0.00356668, 0.00331121, 0.00343553, 0.00214347, 0.00215945, 0.00206257, 0.0017861, 0.00205302, 0.00390386, 0.00151367, 0.00141978, 0.001561, 0.00320864, 0.00142146, 0.00170565, 0.00313925, 0.00389203, 0.00265545, 0.00396741, 0.00392821, 0.0014107, 0.00208266, 0.00197353, 0.00229104, 0.0042602, 0.00309926, 0.0035645, 0.00416368, 0.00266327, 0.00403816, 0.00245124, 0.00305574, 0.00340842, 0.00288127, 0.00232372, 0.00351891, 0.00350348, 0.00364394, 0.00183838, 0.00271265, 0.00281324, 0.0026906, 0.00403953, 0.00367565, 0.00353216, 0.00133555, 0.00157923, 0.00337545, 0.00188612, 0.00182817, 0.00287352, 0.0033162, 0.00294045, 0.00320273, 0.00199688, 0.00402475, 0.00209468];
GivenLatency = [84.8771, 232.474, 107.796, 196.567, 110.983, 206.15, 110.933, 117.746, 121.81, 145.232, 136.817, 110.323, 147.702, 271.41, 141.806, 118.382, 105.039, 87.6429, 154.784, 211.149, 301.199, 136.964, 148.513, 107.61, 164.13, 158.287, 235.976, 196.303, 112.321, 109.771, 95.7622, 170.999, 144.764, 209.616, 297.514, 214.336, 219.49, 119.874, 141.468, 131.908, 261.855, 99.5672, 130.561, 110.826, 98.7422, 317.097, 173.166, 122.369, 189.966, 312.756, 100.861, 94.5385, 102.096, 100.689, 419.231, 400.214, 105.901, 159.453, 223.651, 90.2209, 136.817, 75.4666, 223.832, 170.376, 99.0764, 107.906, 152.192, 178.8, 110.459, 90.6948, 77.9373, 154.073, 117.285, 93.4036, 153.011, 185.342, 239.411, 306.224, 191.584, 111.852, 264.734, 383.846, 228.96, 112.393, 276.608, 256.178, 184.576, 142.732, 161.057, 118.735, 85.918, 354.335, 189.002, 324.281, 161.781, 83.3717, 191.232, 137.401, 151.709, 170.611, 91.7858, 138.38, 114.96, 139.64, 109.448, 142.282, 164.499, 136.267, 94.7513, 198.132, 182.842, 117.397, 118.823, 108.086, 114.18, 91.1788, 253.771, 371.35, 117.114, 211.302, 204.891, 128.521, 116.114, 141.224, 98.4277, 319.558, 123.994, 242.949];
HighestPossibleCritFunctionValue = 1.1;
