NumDevices = 128;
NumSlotes = 1024;


GivenBandwidthOld = [0.00573366, 0.00565484, 0.00585821, 0.00525963, 0.00733825, 0.00518148, 0.00644817, 0.00808223, 0.00925362, 0.00931024, 0.00463047, 0.00801041, 0.00847776, 0.00694863, 0.00684468, 0.00973976, 0.00491486, 0.0066021, 0.0077546, 0.00911967, 0.0080897, 0.00985369, 0.00716203, 0.00594025, 0.00902225, 0.00817331, 0.00876406, 0.00634116, 0.00960419, 0.00766146, 0.00612952, 0.00883545, 0.00612259, 0.00483432, 0.00910329, 0.00777212, 0.00973483, 0.00951679, 0.00736942, 0.00409112, 0.00562482, 0.00759595, 0.00505822, 0.00978039, 0.00652947, 0.00584717, 0.00706557, 0.00973398, 0.00771576, 0.00626337, 0.00843093, 0.00747188, 0.00743261, 0.00992403, 0.00824124, 0.00676815, 0.00476599, 0.00442048, 0.00993156, 0.00967178, 0.00617348, 0.00399552, 0.00519444, 0.00539058, 0.00829388, 0.0039418, 0.00864222, 0.0085309, 0.00626792, 0.00998892, 0.0050145, 0.00619712, 0.00756358, 0.00482576, 0.00909526, 0.00409806, 0.00976702, 0.00683387, 0.00940635, 0.00756748, 0.00791426, 0.00495191, 0.00422044, 0.0042651, 0.00477864, 0.00466942, 0.00637144, 0.00598074, 0.0082662, 0.00755023, 0.0055004, 0.00396394, 0.00570424, 0.00496511, 0.00729015, 0.00925144, 0.00390602, 0.00726503, 0.00590431, 0.00498366, 0.00654975, 0.00916745, 0.00480807, 0.00542826, 0.00408259, 0.00617843, 0.0059024, 0.00421735, 0.00847757, 0.00377528, 0.00988214, 0.00414428, 0.00536918, 0.00488631, 0.00789702, 0.00899794, 0.00591153, 0.00763913, 0.00590188, 0.00783227, 0.00816514, 0.00894312, 0.00960362, 0.00431882, 0.00772893, 0.00880963, 0.00975558, 0.00827081];
GivenLatency = [583.413, 638.204, 689.194, 682.97, 471.534, 678.207, 747.509, 436.849, 468.367, 404.236, 874.512, 430.328, 414.332, 533.49, 643.561, 388.148, 834.178, 509.125, 492.447, 536.171, 551.121, 433.67, 504.284, 582.622, 503.173, 430.848, 457.802, 596.185, 517.298, 437.97, 799.272, 388.432, 567.36, 856.787, 498.982, 525.29, 456.908, 481.344, 493.309, 971.532, 711.298, 469.713, 674.174, 391.063, 567.089, 819.703, 652.947, 413.264, 546.919, 534.585, 455.492, 493.922, 457.202, 408.733, 482.876, 493.366, 749.438, 892.903, 483.706, 369.729, 706.514, 982.623, 773.868, 753.148, 484.746, 1249.87, 426.12, 445.365, 680.479, 491.489, 974.248, 586.615, 545.336, 911.129, 405.268, 945.4, 378.826, 646.318, 356.939, 627.75, 498.757, 780.787, 938.665, 798.282, 895.803, 1050.45, 701.158, 647.668, 516.08, 552.445, 891.701, 1223.62, 815.045, 922.869, 579.568, 411.69, 959.004, 482.481, 762.133, 674.547, 630.544, 383.069, 959.081, 824.927, 1205.52, 786.571, 579.536, 842.723, 447.926, 1276.23, 349.817, 1135, 873.645, 684.905, 554.651, 479.82, 660.344, 495.728, 660.526, 591.857, 493.469, 439.593, 444.082, 869.029, 482.741, 550.491, 445.304, 513.165];
HighestPossibleCritFunctionValue = 1.1;
