NumDevices = 64;
NumSlotes = 512;


GivenBandwidthOld = [0.00915253, 0.0115739, 0.0174057, 0.0133149, 0.00853699, 0.0161407, 0.011869, 0.00790345, 0.0082045, 0.00799871, 0.00936773, 0.00846243, 0.0131327, 0.0167571, 0.0113358, 0.0151634, 0.0170752, 0.00846925, 0.0077708, 0.00887034, 0.00874552, 0.0109413, 0.0157557, 0.0103741, 0.0117844, 0.0152177, 0.0083304, 0.0140324, 0.00763105, 0.00998471, 0.00795568, 0.0160839, 0.0167182, 0.00766331, 0.0123297, 0.0104759, 0.0138808, 0.00912111, 0.0135017, 0.00771898, 0.00783199, 0.0172067, 0.0172579, 0.0079687, 0.0148731, 0.0168855, 0.00913135, 0.0156412, 0.016377, 0.0133287, 0.00971479, 0.011419, 0.0136697, 0.0122682, 0.0173487, 0.0145114, 0.00829575, 0.011706, 0.00774318, 0.0146191, 0.00842132, 0.0121748, 0.0173776, 0.0105331];
GivenLatency = [107.684, 90.4202, 57.7059, 79.2342, 134.144, 76.6523, 79.6489, 115.457, 144.861, 122.138, 101.137, 131.295, 71.5097, 60.6226, 104.992, 75.8294, 66.1967, 134.593, 127.821, 124.094, 109.144, 88.3264, 77.041, 102.464, 78.9001, 79.0782, 144.481, 77.069, 134.538, 109.33, 141.118, 66.0751, 73.0133, 132.389, 99.7531, 102.027, 69.5201, 133.246, 71, 159.398, 138.034, 72.4093, 57.2581, 139.51, 61.5757, 70.0341, 100.42, 69.7265, 66.9039, 87.1316, 116.164, 103.019, 90.7148, 80.3554, 60.523, 82.3214, 127.256, 84.5102, 118.339, 65.4533, 109.824, 96.4393, 52.5819, 87.9553];
HighestPossibleCritFunctionValue = 1.1;
