NumDevices = 32;
NumSlotes = 256;


GivenBandwidthOld = [0.00734496, 0.0166862, 0.0158013, 0.00571077, 0.0134337, 0.0123805, 0.0120178, 0.015134, 0.0141154, 0.00694377, 0.0114424, 0.00711335, 0.0116175, 0.0136386, 0.00681778, 0.00645009, 0.0141525, 0.00543138, 0.00519058, 0.00816095, 0.0061441, 0.00894747, 0.0126596, 0.0152128, 0.013336, 0.00761115, 0.0155621, 0.00887041, 0.0174322, 0.0153584, 0.0119126, 0.0107003];
GivenLatency = [60.1342, 20.504, 20.1655, 69.7983, 24.275, 50.4636, 29.7962, 22.4097, 32.8438, 49.8464, 28.4975, 81.0525, 34.2896, 26.3846, 46.8821, 59.2684, 39.5615, 58.2865, 71.1496, 53.1986, 63.0337, 58.8636, 33.4827, 38.3987, 40.0208, 42.0825, 34.7264, 34.8131, 28.8668, 23.1815, 50.4114, 31.0651];
HighestPossibleCritFunctionValue = 1.1;
