NumDevices = 32;
NumSlotes = 256;


GivenBandwidthOld = [0.0100234, 0.00755847, 0.00525431, 0.016717, 0.00762307, 0.0160117, 0.0162099, 0.00955972, 0.0151692, 0.00551437, 0.0125395, 0.00844365, 0.00743339, 0.0154551, 0.0106316, 0.0172137, 0.00536539, 0.00861228, 0.0165112, 0.0109135, 0.01736, 0.0152007, 0.0103866, 0.0121021, 0.00809462, 0.0162076, 0.00797483, 0.0154552, 0.0125353, 0.0137806, 0.00636001, 0.0127569];
GivenLatency = [39.2367, 58.0167, 79.9496, 24.3136, 52.7455, 22.7097, 32.4593, 36.9444, 22.1469, 69.5164, 24.7516, 43.7127, 49.4152, 28.1949, 31.3049, 31.3966, 65.2351, 65.7071, 37.8045, 28.1409, 22.14, 22.764, 40.9367, 26.9942, 58.8389, 20.5669, 51.1192, 22.0236, 42.8603, 24.3138, 50.3785, 31.0998];
HighestPossibleCritFunctionValue = 1.1;
