NumDevices = 32;
NumSlotes = 256;


GivenBandwidthOld = [0.0131432, 0.00546523, 0.0115572, 0.0115319, 0.0120876, 0.0133383, 0.00964185, 0.00799729, 0.00551761, 0.0170492, 0.0151958, 0.0165518, 0.00629264, 0.00534424, 0.0155766, 0.0152367, 0.0165072, 0.00606578, 0.00509707, 0.011392, 0.0103051, 0.00515158, 0.0150304, 0.0117, 0.0118416, 0.0170413, 0.00735986, 0.0171159, 0.0116097, 0.00648637, 0.0113519, 0.0108371];
GivenLatency = [35.78, 95.5173, 26.8155, 36.9771, 28.202, 24.3971, 58.3446, 52.1462, 64.1568, 32.2695, 28.8194, 33.5149, 79.465, 66.7207, 26.0208, 21.4137, 32.5712, 62.724, 104.929, 30.7188, 55.4268, 112.628, 23.7776, 28.0859, 28.7267, 20.1573, 44.3995, 25.9811, 45.6362, 66.3337, 28.3306, 57.5764];
HighestPossibleCritFunctionValue = 1.1;
