NumDevices = 32;
NumSlotes = 256;


GivenBandwidthOld = [0.0174058, 0.00995531, 0.0138574, 0.00851624, 0.0149367, 0.0109164, 0.01705, 0.0160503, 0.0144124, 0.0114891, 0.0172637, 0.00879253, 0.00850735, 0.0155, 0.0158896, 0.014028, 0.0129313, 0.00678124, 0.0172853, 0.00986172, 0.0158886, 0.0104343, 0.0143449, 0.014722, 0.0153197, 0.0106127, 0.0119028, 0.00832581, 0.0143702, 0.0145491, 0.00876679, 0.0134094];
GivenLatency = [32.2681, 52.1241, 36.6596, 49.2575, 31.7735, 31.5497, 28.9187, 26.4555, 22.2088, 33.7998, 25.8702, 48.3726, 70.9245, 37.9671, 21.0894, 36.1493, 25.9959, 69.0099, 17.9553, 43.6813, 35.315, 54.9236, 43.6118, 24.8296, 38.4773, 39.8584, 29.2775, 51.7944, 41.1634, 26.4332, 38.2481, 24.27];
HighestPossibleCritFunctionValue = 1.1;
