NumDevices = 128;
NumSlotes = 1024;


GivenBandwidthOld = [0.00226807, 0.00257051, 0.00127611, 0.00259874, 0.00385122, 0.00431944, 0.00184579, 0.00225034, 0.0014824, 0.00405043, 0.00241252, 0.00229851, 0.00175655, 0.00231941, 0.00292625, 0.00213056, 0.00394474, 0.00427388, 0.00172528, 0.00170862, 0.00299212, 0.00298, 0.00230084, 0.00331008, 0.00318513, 0.00313647, 0.00404729, 0.00287963, 0.00299516, 0.00406616, 0.00427789, 0.00343664, 0.00218891, 0.00339562, 0.00338535, 0.0025687, 0.00212693, 0.00227203, 0.00353375, 0.00297702, 0.00234224, 0.00222881, 0.0020341, 0.00146717, 0.00431297, 0.0025271, 0.00298716, 0.00399702, 0.00170388, 0.00151385, 0.0013869, 0.00215793, 0.00141264, 0.00353874, 0.00242146, 0.00248603, 0.00327885, 0.00324073, 0.00323395, 0.00170365, 0.00386118, 0.00299673, 0.00234148, 0.0020328, 0.00145101, 0.0014297, 0.00276912, 0.00189488, 0.00221736, 0.00340456, 0.00349582, 0.0030159, 0.00255836, 0.00336749, 0.00242935, 0.00376397, 0.00359465, 0.00152045, 0.00303428, 0.00216786, 0.00266411, 0.00249047, 0.00300683, 0.00333504, 0.003834, 0.0023511, 0.00427142, 0.00406711, 0.00146617, 0.00308692, 0.00249623, 0.00284788, 0.00366485, 0.00328042, 0.00150278, 0.00278567, 0.00192523, 0.00295503, 0.00145583, 0.00430464, 0.00310262, 0.00390507, 0.0030974, 0.00369426, 0.00384613, 0.00310796, 0.00293577, 0.00281115, 0.00192567, 0.00405583, 0.00251806, 0.00417218, 0.00182262, 0.00345832, 0.00396693, 0.00211497, 0.00129918, 0.00289313, 0.00175871, 0.00427021, 0.00251225, 0.00339833, 0.00195768, 0.00155256, 0.00195265, 0.0012806, 0.00311804, 0.00364907];
GivenLatency = [155.365, 249.633, 448.458, 131.176, 93.7084, 107.491, 266.522, 175.251, 230.329, 91.7761, 133.971, 225.252, 302.286, 172.57, 117.104, 152.09, 138.793, 144.06, 296.509, 198.988, 179.625, 145.426, 208.143, 133.558, 189.919, 114.853, 79.8178, 114.225, 160.499, 111.676, 77.5776, 109.022, 152.932, 105.066, 94.1106, 188.047, 179.901, 139.027, 181.555, 108.041, 221.045, 202.169, 174.994, 235.899, 80.0637, 124.73, 193.299, 115.027, 196.167, 336.478, 271.45, 147.388, 424.342, 102.472, 228.986, 252.636, 146.558, 164.225, 179.994, 287.866, 95.8471, 110.519, 143.498, 296.235, 244.759, 251.082, 143.738, 346.478, 186.177, 148.009, 92.3249, 179.358, 199.483, 149.151, 140.081, 139.792, 99.5233, 245.575, 113.676, 176.077, 163.02, 151.497, 113.189, 146.931, 107.116, 169.594, 95.3957, 123.554, 357.701, 165.349, 168.176, 206.409, 110.62, 118.896, 292.824, 119.141, 185.678, 141.797, 412.022, 75.1968, 112.808, 86.2727, 152.683, 103.44, 112.147, 144.031, 171.767, 139.644, 292.422, 92.2772, 217.319, 108.3, 272.372, 100.032, 118.157, 256.801, 392.026, 206.622, 351.745, 100.151, 225.783, 104.029, 307.876, 210.651, 161.136, 472.326, 166.942, 93.8901];
HighestPossibleCritFunctionValue = 1.1;
