NumDevices = 16;
NumSlotes = 128;


GivenBandwidthOld = [0.0596219, 0.0446187, 0.0461288, 0.0662504, 0.0500054, 0.06128, 0.0336384, 0.0606575, 0.0506996, 0.0488774, 0.0616444, 0.0379452, 0.0442339, 0.0590828, 0.0641024, 0.0684201];
GivenLatency = [13.9501, 21.2101, 23.7821, 15.8133, 20.8621, 17.1625, 27.215, 14.8995, 16.3745, 17.4666, 16.9352, 24.6423, 24.1394, 14.8693, 17.1882, 13.5308];
HighestPossibleCritFunctionValue = 1.1;
