NumDevices = 64;
NumSlotes = 512;


GivenBandwidthOld = [0.00818484, 0.0176548, 0.0165296, 0.0179134, 0.0134359, 0.0089841, 0.0133337, 0.0172236, 0.00764312, 0.0128386, 0.00870368, 0.0126664, 0.0138494, 0.00986038, 0.0159309, 0.0184089, 0.0161509, 0.0154617, 0.0198958, 0.0183223, 0.0101118, 0.0169151, 0.00923011, 0.0104576, 0.0164729, 0.0157268, 0.013133, 0.0186251, 0.0120484, 0.0148278, 0.0165936, 0.018856, 0.0171771, 0.0126763, 0.018327, 0.0139549, 0.0193813, 0.00863604, 0.0133529, 0.0144418, 0.0160439, 0.0167728, 0.0187544, 0.0110232, 0.00942888, 0.0136098, 0.0198736, 0.00784795, 0.0179821, 0.017175, 0.014445, 0.00755521, 0.0103564, 0.014704, 0.00981363, 0.0176877, 0.0197465, 0.009179, 0.014032, 0.015838, 0.0197884, 0.0139822, 0.0163221, 0.018403];
GivenLatency = [301.644, 176.458, 185.608, 129.669, 218.378, 267.92, 166.717, 166.865, 292.113, 220.553, 358.054, 256.017, 199.709, 257.929, 143.634, 126.932, 180.085, 173.284, 119.307, 162.874, 283.867, 196.73, 252.619, 242.106, 143.261, 157.592, 176.762, 144.757, 215.213, 164.982, 134.953, 166.647, 149.931, 183.856, 125.436, 164.352, 128.287, 300.059, 220.017, 160.019, 154.352, 145.323, 170.825, 209.289, 306.659, 238.243, 150.446, 417.442, 140.177, 129.509, 171.22, 309.01, 281.48, 189.01, 314.789, 174.738, 128.59, 277.855, 199.765, 175.503, 114.139, 225.698, 160.949, 141.756];
HighestPossibleCritFunctionValue = 1.1;
