NumDevices = 16;
NumSlotes = 128;


GivenBandwidthOld = [0.0259023, 0.0307231, 0.027917, 0.0154251, 0.0154694, 0.0338944, 0.0287942, 0.0333383, 0.0311734, 0.0211825, 0.030026, 0.0125352, 0.019246, 0.0319947, 0.0248742, 0.025927];
GivenLatency = [20.1085, 15.3788, 11.1698, 25.9959, 22.1589, 16.7561, 10.7243, 11.3361, 10.0445, 18.9245, 19.3354, 47.1731, 24.2374, 13.7976, 22.018, 22.8641];
HighestPossibleCritFunctionValue = 1.1;
