NumDevices = 64;
NumSlotes = 512;


GivenBandwidthOld = [0.0151552, 0.0181542, 0.00958767, 0.0198938, 0.00994839, 0.00766607, 0.0110847, 0.0182057, 0.0127867, 0.0115517, 0.016458, 0.0138067, 0.0159529, 0.0128159, 0.0142126, 0.0133509, 0.0187176, 0.0167583, 0.0118943, 0.0119138, 0.0150257, 0.017102, 0.0140692, 0.016335, 0.00921951, 0.0197512, 0.0135369, 0.00754044, 0.0121291, 0.00862922, 0.0113757, 0.00891664, 0.0169905, 0.0146951, 0.00993651, 0.00787187, 0.00753499, 0.00802388, 0.0124246, 0.0122061, 0.0149506, 0.0179664, 0.0158438, 0.0174052, 0.00850615, 0.0178848, 0.0197684, 0.0154519, 0.0183886, 0.0127511, 0.0122164, 0.0141124, 0.0171735, 0.0146997, 0.0130209, 0.00939373, 0.01045, 0.013022, 0.0152694, 0.012167, 0.00820302, 0.0106472, 0.0155233, 0.0177136];
GivenLatency = [158.055, 129.385, 331.289, 113.448, 306.841, 330.119, 225.444, 123.412, 209.085, 202.912, 136.414, 195.727, 141.368, 242.235, 222.302, 196.981, 148.578, 142.679, 215.531, 278.357, 156.807, 180.39, 196.009, 159.273, 294.721, 142.909, 170.081, 309.618, 194.186, 365.286, 259.812, 278.844, 148.616, 155.675, 245.195, 421.738, 370.931, 294.331, 198.983, 249.089, 167.205, 128.367, 198.115, 179.79, 269.861, 127.897, 167.313, 173.914, 132.636, 204.025, 218.25, 214.081, 136.307, 182.892, 175.889, 244.989, 296.982, 181.2, 153.482, 241.293, 319.137, 252.832, 160.656, 182.998];
HighestPossibleCritFunctionValue = 1.1;
