NumDevices = 32;
NumSlotes = 256;


GivenBandwidthOld = [0.0338425, 0.025875, 0.0169535, 0.022975, 0.0251824, 0.0252302, 0.0295542, 0.0278679, 0.0363254, 0.0304995, 0.0155748, 0.0255869, 0.024016, 0.0218049, 0.0347115, 0.0316876, 0.0332808, 0.0362401, 0.0215995, 0.0328348, 0.0398665, 0.0216783, 0.031808, 0.0322956, 0.0267247, 0.0219878, 0.0335059, 0.0190972, 0.0273847, 0.0396453, 0.0283039, 0.0388784];
GivenLatency = [49.2703, 67.1071, 141.001, 101.881, 85.2436, 86.8852, 60.2535, 62.367, 55.7873, 75.142, 116.962, 65.5037, 99.1302, 100.278, 50.2555, 55.0297, 52.3116, 47.1528, 105.444, 66.1184, 57.0267, 90.933, 55.1764, 56.3364, 64.3525, 101.795, 70.2373, 107.526, 69.1156, 55.6083, 61.4818, 60.0978];
HighestPossibleCritFunctionValue = 1.1;
