NumDevices = 16;
NumSlotes = 128;


GivenBandwidthOld = [0.0249162, 0.0321115, 0.0123066, 0.0264603, 0.0334812, 0.0342104, 0.0137669, 0.0211122, 0.023114, 0.0164214, 0.0347659, 0.0255496, 0.0264505, 0.018121, 0.0248998, 0.0311564];
GivenLatency = [24.3969, 12.7975, 41.6095, 15.2574, 15.7804, 13.079, 36.6179, 26.577, 22.1223, 22.3063, 16.7533, 16.7585, 14.6477, 26.1526, 19.0979, 10.8296];
HighestPossibleCritFunctionValue = 1.1;
