NumDevices = 128;
NumSlotes = 1024;


GivenBandwidthOld = [0.00804119, 0.00580959, 0.00430375, 0.00558677, 0.00433792, 0.00500287, 0.00569487, 0.00617919, 0.00607464, 0.0039222, 0.00789162, 0.0068827, 0.0050259, 0.0078137, 0.00740923, 0.0043685, 0.00385758, 0.00686263, 0.00769972, 0.00669556, 0.00485005, 0.00724969, 0.00795758, 0.00551729, 0.00664077, 0.00400061, 0.00582743, 0.00408891, 0.0047927, 0.00840194, 0.00398113, 0.00834032, 0.00833189, 0.00657642, 0.00746948, 0.00706898, 0.00591526, 0.00535311, 0.00723758, 0.00450939, 0.0067762, 0.00505714, 0.00791823, 0.00428211, 0.00686929, 0.00464439, 0.00573671, 0.0044662, 0.00587791, 0.00745708, 0.00871292, 0.00548491, 0.00744996, 0.00395072, 0.00729332, 0.00634563, 0.00846523, 0.00758338, 0.00638756, 0.00816529, 0.0065343, 0.00446336, 0.00826791, 0.00626123, 0.00496851, 0.00831039, 0.00516995, 0.00391172, 0.0067204, 0.0071908, 0.00822553, 0.00398336, 0.0058696, 0.00793742, 0.0066636, 0.00763483, 0.00617268, 0.00666912, 0.00534334, 0.00808817, 0.00541003, 0.00386506, 0.0076417, 0.00648515, 0.00839357, 0.00826371, 0.00574791, 0.0076433, 0.00848295, 0.00548986, 0.00560513, 0.00794974, 0.00384164, 0.00399731, 0.00536273, 0.00393812, 0.00543484, 0.00578202, 0.00584631, 0.00648274, 0.00784124, 0.00521445, 0.00677096, 0.00698474, 0.0050423, 0.0084659, 0.00392622, 0.00541929, 0.0045148, 0.007757, 0.00434822, 0.00800625, 0.00849395, 0.00539132, 0.00438433, 0.00493097, 0.00730764, 0.0070626, 0.00857657, 0.00393104, 0.00646565, 0.00565681, 0.00645125, 0.00872186, 0.00577163, 0.00629593, 0.00826676, 0.0069031];
GivenLatency = [124.574, 188.27, 244.055, 202.449, 240.437, 243.066, 205.057, 158.018, 199.619, 309.215, 139.351, 158.206, 257.729, 134.529, 130.984, 219.249, 323.006, 180.403, 138.797, 168.781, 238.644, 176.111, 127.502, 200.432, 162.99, 298.952, 207.781, 304.536, 266.788, 133.342, 269.859, 146.84, 149.527, 193.336, 160.452, 152.021, 210.742, 241.847, 166.305, 212.296, 164.326, 250.473, 141.514, 248.216, 177.838, 242.373, 200.811, 215.67, 181.888, 172.489, 149.053, 194.277, 171.412, 249.729, 149.827, 160.713, 113.88, 158.274, 150.178, 150.507, 146.787, 287.035, 133.006, 168.051, 221.925, 132.683, 184.487, 249.397, 152.091, 157.961, 156.233, 292.822, 169.259, 140.32, 151.296, 160.941, 155.9, 184.202, 209.343, 158.348, 230.128, 280.723, 137.909, 184.386, 130.832, 149.425, 179.657, 136.969, 119.904, 231.368, 176.848, 143.299, 271.402, 278.363, 179.685, 246.45, 221.374, 190.201, 178.749, 161.099, 161.403, 186.594, 173.775, 170.715, 215.352, 113.086, 321.94, 195.66, 283.181, 166.916, 255.975, 123.094, 123.092, 215.032, 256.635, 245.033, 130.333, 134.993, 129.88, 260.145, 149.535, 203.467, 185.236, 117.876, 201.617, 168.194, 155.871, 172.623];
HighestPossibleCritFunctionValue = 1.1;
