NumDevices = 128;
NumSlotes = 1024;


GivenBandwidthOld = [0.00516578, 0.00505791, 0.00460995, 0.00691185, 0.00741359, 0.00897248, 0.00913838, 0.00994781, 0.0077817, 0.00819864, 0.00954697, 0.00841274, 0.00792343, 0.00906139, 0.00970577, 0.00866724, 0.00407542, 0.00430946, 0.00652588, 0.00791488, 0.0090922, 0.00878798, 0.00839085, 0.00869379, 0.0064538, 0.00908721, 0.00616322, 0.00656432, 0.00395862, 0.00378905, 0.00382202, 0.0078798, 0.00705861, 0.00522408, 0.00991812, 0.00888269, 0.00643733, 0.00726632, 0.0088516, 0.00880428, 0.00729714, 0.008011, 0.00581932, 0.007823, 0.00859227, 0.00654753, 0.00930632, 0.00754192, 0.00952144, 0.00426533, 0.00857884, 0.00573667, 0.00623069, 0.00928542, 0.00630792, 0.00717014, 0.00485186, 0.00396303, 0.0090653, 0.00678439, 0.00901765, 0.0058636, 0.00826689, 0.00668545, 0.00861948, 0.00753378, 0.00402256, 0.00961799, 0.00831999, 0.00526222, 0.00711607, 0.00850358, 0.00962355, 0.00803782, 0.00663834, 0.00437985, 0.00833441, 0.00392041, 0.0053069, 0.00799432, 0.00680528, 0.00378359, 0.00574327, 0.00462707, 0.00716196, 0.00481369, 0.00622976, 0.00600971, 0.00769414, 0.00532713, 0.00429782, 0.00463298, 0.00654643, 0.00961343, 0.00667205, 0.00835715, 0.00486288, 0.00800408, 0.00829559, 0.00779856, 0.00408722, 0.00883196, 0.00376903, 0.00480937, 0.00853589, 0.00903365, 0.00613986, 0.00759053, 0.00779738, 0.00929863, 0.00961153, 0.00599212, 0.00588331, 0.00821446, 0.00667898, 0.00617999, 0.00709716, 0.00955004, 0.00379589, 0.0062837, 0.00641617, 0.00780393, 0.0068616, 0.00660786, 0.00447615, 0.008187, 0.00757112, 0.00649374];
GivenLatency = [862.463, 748.718, 913.627, 513.222, 536.878, 427.298, 417.812, 494.978, 580.176, 424.587, 405.473, 525.571, 607.446, 419.781, 375.432, 519.595, 1106.16, 1150.43, 613.486, 520.601, 396.803, 568.267, 404.6, 565.54, 593.495, 530.135, 579.945, 632.29, 1057.57, 1095.42, 903.629, 430.166, 526.092, 769.357, 340.198, 462.939, 600.16, 490.055, 408.844, 386.393, 541.587, 504.34, 626.711, 633.674, 576.897, 599.251, 420.989, 536.688, 379.782, 899.134, 544.902, 649.143, 631.13, 532.9, 551.434, 638.352, 690.893, 1032.82, 542.944, 729.179, 382.98, 711.032, 547.968, 583.243, 523.588, 462.567, 1038.27, 354.61, 559.916, 859.228, 514.307, 427.154, 423.234, 542.059, 507.761, 1032.03, 499.957, 1246.26, 785.315, 432.648, 723.678, 1284.72, 729.16, 822.548, 585.919, 776.39, 544.191, 650.549, 443.763, 823.907, 794.621, 945.958, 653.098, 437.42, 732.487, 409.902, 748.193, 470.036, 541.157, 496.763, 915.629, 561.562, 1209.46, 814.891, 425.864, 382.866, 598.33, 439.247, 586.843, 374.661, 376.735, 710.954, 584.887, 506.832, 513.136, 619.482, 479.466, 354.808, 1255.18, 710.807, 770.36, 560.136, 511.3, 524.532, 858.828, 421.906, 514.378, 586.274];
HighestPossibleCritFunctionValue = 1.1;
