NumDevices = 32;
NumSlotes = 256;


GivenBandwidthOld = [0.014025, 0.0129055, 0.0096721, 0.0164011, 0.0104178, 0.0126859, 0.00652626, 0.00692223, 0.0119092, 0.0156672, 0.0136728, 0.00600484, 0.00585366, 0.015039, 0.00591504, 0.0090004, 0.0146373, 0.0173439, 0.00660582, 0.00648131, 0.0138085, 0.0117025, 0.0158394, 0.00735533, 0.0159597, 0.00521038, 0.0158326, 0.00628003, 0.00602042, 0.00522535, 0.0174494, 0.0172266];
GivenLatency = [31.3752, 30.4845, 66.0642, 20.5768, 34.7993, 26.3248, 60.4901, 55.8375, 43.9026, 25.4915, 41.1527, 59.5186, 52.2003, 36.609, 63.9238, 50.2819, 35.392, 20.6608, 68.2758, 48.9339, 36.361, 50.5638, 34.311, 57.2859, 38.8646, 110.001, 29.2456, 58.712, 95.6013, 63.5621, 19.2506, 18.4281];
HighestPossibleCritFunctionValue = 1.1;
