NumDevices = 64;
NumSlotes = 512;


GivenBandwidthOld = [0.00671748, 0.00446972, 0.00754294, 0.00291738, 0.00485063, 0.00335715, 0.0086825, 0.0055327, 0.00440494, 0.00624148, 0.00430179, 0.00397392, 0.00598089, 0.00581102, 0.00712742, 0.00687696, 0.00364084, 0.00779916, 0.00298413, 0.00806756, 0.00765277, 0.00517534, 0.00450708, 0.00418983, 0.0034112, 0.00449169, 0.00813491, 0.00839332, 0.00774313, 0.00501632, 0.00682066, 0.0073354, 0.0086393, 0.00446702, 0.00604043, 0.00652733, 0.0086249, 0.0062453, 0.00604763, 0.0087009, 0.00853772, 0.00351241, 0.00552282, 0.00707312, 0.00664685, 0.00488056, 0.0062544, 0.00273921, 0.00420979, 0.00773566, 0.00449325, 0.00297186, 0.00804298, 0.00709814, 0.00836918, 0.00823599, 0.00733226, 0.00584212, 0.0048271, 0.00781157, 0.00532174, 0.00254337, 0.00638938, 0.00262635];
GivenLatency = [51.8588, 76.946, 48.839, 115.076, 102.074, 116.521, 57.0363, 65.5659, 92.3209, 56.4768, 88.0877, 78.9946, 66.6584, 105.83, 46.3908, 75.9688, 101.978, 49.5409, 148.663, 64.2932, 61.7198, 100.447, 71.6756, 91.56, 140.425, 72.7233, 77.074, 37.0224, 48.2189, 106.891, 50.2137, 68.8333, 66.7174, 121.421, 71.2736, 56.4813, 57.4943, 50.3295, 97.753, 55.7179, 38.4353, 102.902, 93.1423, 44.771, 49.1961, 72.8292, 100.553, 219.088, 84.3544, 79.1855, 85.2985, 200.032, 46.4422, 70.9993, 57.6047, 43.0068, 50.798, 89.5727, 82.8955, 77.6668, 89.8065, 122.517, 69.111, 125.961];
HighestPossibleCritFunctionValue = 1.1;
