NumDevices = 128;
NumSlotes = 1024;


GivenBandwidthOld = [0.00846813, 0.00629948, 0.00781901, 0.00660988, 0.00473197, 0.00773703, 0.00380872, 0.00564976, 0.00807378, 0.00851112, 0.00391696, 0.00477828, 0.00606413, 0.00739386, 0.00613044, 0.00681148, 0.00799004, 0.00610504, 0.00487047, 0.00552868, 0.00803276, 0.00404059, 0.00763643, 0.00798906, 0.00471948, 0.00775339, 0.00377995, 0.00706381, 0.00390549, 0.00702036, 0.008734, 0.00478798, 0.00402276, 0.00801875, 0.0086918, 0.00560935, 0.00388795, 0.00735337, 0.00563769, 0.00515849, 0.00617802, 0.00649971, 0.00818338, 0.00564001, 0.00410524, 0.00425005, 0.00804482, 0.00676738, 0.0068819, 0.00665212, 0.00472595, 0.00647861, 0.00843657, 0.00587462, 0.00721544, 0.00738909, 0.00587873, 0.00635879, 0.00468217, 0.00577254, 0.00662654, 0.00474768, 0.00683242, 0.00505085, 0.00710154, 0.00801369, 0.00866436, 0.00448296, 0.00765643, 0.00412388, 0.00749782, 0.0082924, 0.00788243, 0.00747109, 0.00418868, 0.0067126, 0.00624742, 0.00791522, 0.00855745, 0.00757989, 0.00764991, 0.00456919, 0.00680872, 0.00665152, 0.00453824, 0.00676671, 0.00565459, 0.00411814, 0.00611099, 0.00493186, 0.00719614, 0.00797387, 0.00436125, 0.0070095, 0.00621974, 0.00766492, 0.00677691, 0.00701599, 0.00528927, 0.00432653, 0.00844387, 0.0086385, 0.00475261, 0.00458067, 0.00474257, 0.00595113, 0.00815177, 0.00432936, 0.00605481, 0.00561889, 0.00416965, 0.00679321, 0.00595465, 0.00726524, 0.00437005, 0.00494796, 0.00781007, 0.00638206, 0.00570785, 0.00435105, 0.00554119, 0.00824242, 0.00788068, 0.00810409, 0.00797317, 0.00752805, 0.00647765, 0.00741877];
GivenLatency = [143.275, 173.262, 124.189, 174.565, 257.858, 143.769, 298.742, 175.263, 145.455, 147.514, 322.641, 233.124, 182.036, 144.824, 179.466, 144.639, 119.71, 174.384, 229.708, 186.698, 126.79, 244.337, 126.313, 124.096, 225.661, 163.65, 268.339, 172.603, 279.738, 139.51, 114.576, 226.984, 322.673, 128.383, 135.338, 218.806, 283.64, 156.812, 219.808, 187.512, 187.947, 162.338, 138.882, 217.703, 293.569, 230.206, 123.969, 146.971, 179.98, 157.463, 219.014, 185.153, 148.63, 198.957, 135.98, 136.649, 180.077, 156.41, 210.535, 179.576, 149.666, 208.909, 147.045, 212.153, 152.678, 128.191, 126.244, 214.413, 154.802, 237.809, 153.679, 144.603, 128.503, 143.786, 255.382, 149.447, 165.931, 160.771, 137.362, 142.81, 132.371, 258.091, 181.701, 162.17, 226.993, 189.732, 207.883, 276.09, 197.467, 256.814, 154.31, 148.631, 231.107, 156.263, 156.289, 160.842, 181.164, 152.735, 190.753, 253.646, 115.368, 130.492, 232.759, 241.797, 273.396, 165.093, 127.881, 281.318, 190.242, 200.409, 282.932, 176.034, 175.642, 166.837, 236.221, 200.747, 151.422, 154.33, 192.642, 275.452, 233.66, 157.139, 135.538, 121.13, 122.203, 164.338, 156.297, 165.617];
HighestPossibleCritFunctionValue = 1.1;
