NumDevices = 32;
NumSlotes = 256;


GivenBandwidthOld = [0.0373583, 0.0167155, 0.0220336, 0.0294692, 0.0244352, 0.0175957, 0.0167671, 0.039753, 0.0384629, 0.0310136, 0.0310348, 0.036338, 0.0184402, 0.0338684, 0.0357537, 0.0226704, 0.0310771, 0.0231491, 0.02631, 0.0273839, 0.0257797, 0.0393815, 0.0207094, 0.0224594, 0.0349118, 0.0232485, 0.021808, 0.037555, 0.0215447, 0.0365262, 0.0304645, 0.0276673];
GivenLatency = [44.7401, 108.474, 95.7089, 71.7016, 78.2656, 122.136, 109.078, 61.9605, 54.968, 68.3041, 55.8569, 47.6665, 130.763, 58.7194, 54.538, 96.4739, 79.5117, 84.6378, 72.0143, 67.2413, 85.2859, 56.3517, 81.5357, 91.4249, 50.4682, 81.4716, 77.1684, 45.7785, 113.999, 64.2287, 78.246, 69.8529];
HighestPossibleCritFunctionValue = 1.1;
