NumDevices = 64;
NumSlotes = 512;


GivenBandwidthOld = [0.0105237, 0.0136304, 0.0161729, 0.0106575, 0.0128223, 0.0092829, 0.0101338, 0.011629, 0.0168615, 0.0094656, 0.0183462, 0.0119577, 0.0160895, 0.00894888, 0.00881251, 0.0168738, 0.0150187, 0.0123331, 0.0123708, 0.00841812, 0.0134065, 0.0162001, 0.0174068, 0.0117439, 0.00951286, 0.012661, 0.0115942, 0.0184004, 0.0104693, 0.0128679, 0.0124825, 0.0105881, 0.0100356, 0.010604, 0.0141496, 0.0166929, 0.0125611, 0.0186851, 0.00870705, 0.0194595, 0.0108955, 0.0137766, 0.0111776, 0.0171227, 0.0110934, 0.0136879, 0.00755763, 0.0135945, 0.0126315, 0.0149719, 0.0130538, 0.0122494, 0.0187466, 0.0174325, 0.0179197, 0.0189137, 0.0124951, 0.0107172, 0.016481, 0.0132339, 0.0152956, 0.0151695, 0.00868598, 0.0153438];
GivenLatency = [259.556, 190.99, 152.822, 301.032, 203.058, 325.866, 264.146, 240.8, 142.431, 247.879, 170.328, 239.454, 160.95, 276.073, 253.905, 144.42, 208.525, 230.862, 207.165, 311.208, 208.234, 154.194, 157.181, 251.543, 300.413, 210.749, 204.989, 157.39, 240.917, 199.444, 193.191, 274.596, 258.099, 278.412, 190.857, 160.779, 244.966, 125.439, 288.755, 143.478, 279.489, 175.444, 274.64, 163.533, 206.056, 196.495, 394.878, 174.606, 197.231, 159.736, 248.115, 204.089, 166.951, 164.413, 149.557, 169.638, 259.263, 257.295, 154.304, 201.725, 211.73, 218.213, 373.881, 198.514];
HighestPossibleCritFunctionValue = 1.1;
