NumDevices = 16;
NumSlotes = 128;


GivenBandwidthOld = [0.0558529, 0.0594378, 0.0317884, 0.0483031, 0.0509895, 0.0406438, 0.0408071, 0.0647347, 0.0553497, 0.043105, 0.0461254, 0.0500477, 0.0508412, 0.0683403, 0.055311, 0.0325722];
GivenLatency = [14.798, 15.0111, 31.9891, 21.8854, 15.3687, 21.5893, 26.855, 12.8649, 16.9443, 19.918, 20.3881, 19.4789, 17.0593, 12.7511, 14.1748, 27.8763];
HighestPossibleCritFunctionValue = 1.1;
