NumDevices = 128;
NumSlotes = 1024;


GivenBandwidthOld = [0.00542516, 0.00823326, 0.00385539, 0.0049721, 0.00855077, 0.00533676, 0.00741521, 0.00494407, 0.00755772, 0.00507341, 0.00633405, 0.00387613, 0.00869926, 0.00602641, 0.00839299, 0.0085272, 0.0041895, 0.00550815, 0.00790658, 0.00841665, 0.00614499, 0.00638927, 0.00700765, 0.00511419, 0.00664514, 0.00742608, 0.00770592, 0.00587871, 0.00589363, 0.00673373, 0.00637022, 0.00675595, 0.00472693, 0.00799318, 0.00395408, 0.00377709, 0.00403181, 0.00519209, 0.00603699, 0.00614436, 0.00569853, 0.00770443, 0.00580012, 0.00515144, 0.00770745, 0.00664699, 0.0084034, 0.00847903, 0.00463633, 0.00522129, 0.00675312, 0.00715685, 0.00764005, 0.00379682, 0.00571823, 0.00386472, 0.00684494, 0.0053916, 0.00419958, 0.0048705, 0.00603818, 0.00614276, 0.00394706, 0.00576002, 0.00613622, 0.00396251, 0.00535791, 0.00787301, 0.00425983, 0.00741301, 0.00800561, 0.00773982, 0.00563201, 0.00466715, 0.00837119, 0.00717439, 0.00743426, 0.00503988, 0.00771224, 0.00706735, 0.00849542, 0.0050816, 0.00387916, 0.00459919, 0.00610458, 0.00716866, 0.00616444, 0.00816926, 0.00832551, 0.0043896, 0.00853819, 0.00381833, 0.00716849, 0.00837641, 0.00480531, 0.00526356, 0.00715986, 0.00820137, 0.00789259, 0.00822964, 0.00800399, 0.00565017, 0.00493977, 0.00529728, 0.00391006, 0.00395252, 0.00743384, 0.00809844, 0.0079018, 0.00803894, 0.00793392, 0.00783572, 0.00740803, 0.00431773, 0.00562125, 0.00380743, 0.00399424, 0.00867168, 0.00736263, 0.00629517, 0.0054962, 0.00709036, 0.00517602, 0.00585319, 0.00705301, 0.00742044, 0.00777413, 0.00736604];
GivenLatency = [177.243, 126.277, 290.142, 241.85, 130.53, 241.128, 129.717, 217.019, 152.832, 204.112, 169.89, 295.217, 134.757, 201.167, 127.971, 115.109, 243.996, 179.918, 159.421, 121.425, 207.018, 163.386, 153.458, 222.105, 150.244, 159.537, 168.417, 170.943, 184.681, 175.011, 201.143, 147.685, 211.759, 131.71, 286.414, 277.871, 289.962, 194.296, 209.178, 159.012, 207.479, 146.937, 200.619, 201.053, 166.865, 161.401, 113.378, 120.532, 277.097, 223.106, 157.006, 166.955, 161.175, 278.873, 184.235, 276.312, 146.795, 184.771, 306.184, 259.025, 158.795, 202.481, 279.622, 176.817, 196.309, 258.911, 213.497, 122.439, 235.671, 153.008, 158.402, 155.68, 181.164, 241.067, 122.178, 167.643, 135.622, 209.598, 128.969, 176.517, 124.449, 198.804, 300.652, 215.636, 206.743, 177.792, 176.576, 119.269, 126.799, 253.687, 135.605, 270.258, 173.168, 142.585, 253.996, 229.277, 167.277, 137.692, 126.144, 116.133, 119.846, 219.721, 196.706, 182.383, 266.016, 289.696, 129.002, 148.025, 128.314, 141.61, 136.574, 142.418, 173.246, 238.091, 228.283, 250.849, 298.869, 138.244, 156.518, 177.221, 221.433, 172.385, 240.917, 177.771, 147.311, 154.39, 160.372, 139.812];
HighestPossibleCritFunctionValue = 1.1;
