NumDevices = 16;
NumSlotes = 128;


GivenBandwidthOld = [0.0396239, 0.0795449, 0.0319236, 0.0607854, 0.0404302, 0.0796644, 0.0396617, 0.0638436, 0.0395397, 0.0641899, 0.0595496, 0.0696562, 0.0325125, 0.0582749, 0.0469857, 0.0584511];
GivenLatency = [39.7011, 18.8685, 60.4731, 24.095, 44.826, 16.8677, 34.9213, 22.1956, 44.5684, 24.8108, 25.8883, 25.3548, 53.0222, 23.1459, 29.2959, 30.1344];
HighestPossibleCritFunctionValue = 1.1;
