NumDevices = 64;
NumSlotes = 512;


GivenBandwidthOld = [0.00662981, 0.00604051, 0.00785317, 0.00444833, 0.00425942, 0.00424654, 0.00655071, 0.00784238, 0.00441442, 0.00319876, 0.00287987, 0.00571525, 0.00377937, 0.00488418, 0.00471238, 0.00469139, 0.00822077, 0.00776662, 0.00612221, 0.00591384, 0.00385572, 0.00686198, 0.00796935, 0.00717207, 0.00716653, 0.00783454, 0.00377137, 0.00784997, 0.00697064, 0.00309859, 0.0067674, 0.005961, 0.00281611, 0.00292974, 0.00646665, 0.0075489, 0.0031084, 0.00294155, 0.00490043, 0.0027926, 0.00769506, 0.00344453, 0.00848099, 0.00621934, 0.00725493, 0.00614418, 0.00644398, 0.00768314, 0.00297242, 0.00504248, 0.00269905, 0.00419166, 0.00291643, 0.00771565, 0.005647, 0.00670017, 0.00732619, 0.00381234, 0.00275497, 0.00652038, 0.00422971, 0.00504837, 0.00800746, 0.0037983];
GivenLatency = [75.3062, 55.5136, 48.957, 92.8447, 80.3712, 105.73, 65.8645, 42.5872, 103.033, 139.691, 176.121, 56.5312, 106.75, 69.2395, 100.519, 106.004, 39.6562, 81.5245, 98.2997, 62.0396, 120.959, 47.5958, 49.2333, 60.59, 55.1042, 42.6054, 122.297, 76.4128, 51.615, 160.154, 83.0657, 100.005, 182.676, 109.996, 79.2047, 69.9888, 170.366, 112.568, 131.848, 175.706, 55.0577, 188.231, 69.7746, 55.8096, 43.2335, 52.8866, 49.9075, 75.3865, 111.062, 82.9612, 239.673, 77.355, 139.817, 67.1434, 66.6353, 67.9836, 61.9814, 81.1311, 118.353, 97.5594, 93.9956, 67.942, 46.7946, 112.842];
HighestPossibleCritFunctionValue = 1.1;
