NumDevices = 64;
NumSlotes = 512;


GivenBandwidthOld = [0.00265988, 0.00835185, 0.00462851, 0.00768738, 0.00556922, 0.00564886, 0.00665978, 0.00339086, 0.00643592, 0.00356855, 0.00532137, 0.00872499, 0.00721668, 0.00703215, 0.00554067, 0.00704778, 0.00571148, 0.00278844, 0.00654898, 0.0037614, 0.0029118, 0.00480522, 0.00255248, 0.00336345, 0.00832729, 0.0042194, 0.00666196, 0.0025846, 0.00556719, 0.00273153, 0.00624864, 0.00584842, 0.0043878, 0.00578915, 0.00829409, 0.00251413, 0.00873677, 0.0051912, 0.00847401, 0.00776252, 0.0058877, 0.00834458, 0.00741643, 0.00797197, 0.00733088, 0.00766257, 0.00732151, 0.00638869, 0.00350977, 0.00499714, 0.00324326, 0.0069104, 0.0030383, 0.00588035, 0.00350085, 0.00509874, 0.00455906, 0.00289693, 0.00492813, 0.00581199, 0.00457361, 0.00360841, 0.00662979, 0.00558154];
GivenLatency = [143.295, 51.3023, 75.9559, 62.1939, 99.6485, 77.6519, 62.0031, 147.075, 52.431, 161.554, 77.4776, 50.3315, 43.5943, 51.4455, 64.5669, 61.6484, 82.173, 113.231, 95.3428, 117.328, 112.694, 95.2229, 168.598, 148.783, 75.4227, 75.1423, 46.4831, 135.497, 80.2092, 234.257, 75.175, 72.9793, 113.514, 96.0956, 60.0281, 251.894, 35.6168, 108.03, 39.344, 69.4491, 62.6977, 39.6377, 85.3887, 57.1927, 52.6072, 69.3708, 45.2771, 62.4208, 153.83, 101.825, 128.145, 49.988, 201.985, 62.7327, 125.298, 102.71, 104.243, 140.084, 131.522, 106.129, 69.5686, 93.3602, 52.4351, 96.5759];
HighestPossibleCritFunctionValue = 1.1;
