NumDevices = 32;
NumSlotes = 256;


GivenBandwidthOld = [0.0247392, 0.0263301, 0.0398368, 0.0214946, 0.0201909, 0.0333738, 0.023861, 0.0162064, 0.0159597, 0.0203227, 0.0243864, 0.0223834, 0.0335897, 0.026931, 0.0386559, 0.0251697, 0.0369785, 0.0326336, 0.0323896, 0.0313282, 0.0187296, 0.0235096, 0.035941, 0.0200405, 0.0302331, 0.0378869, 0.0246055, 0.0288872, 0.017134, 0.0309177, 0.0182224, 0.0234536];
GivenLatency = [93.6844, 82.1568, 48.1582, 106.777, 100.211, 58.8394, 92.1019, 112.859, 110.099, 99.187, 96.1152, 87.0281, 63.168, 70.1641, 47.5809, 98.5865, 64.7344, 59.6215, 52.7646, 66.807, 104.705, 89.8759, 56.5008, 105.35, 77.0379, 51.6809, 93.2434, 61.8075, 107.677, 57.0657, 98.6668, 84.8014];
HighestPossibleCritFunctionValue = 1.1;
