NumDevices = 16;
NumSlotes = 128;


GivenBandwidthOld = [0.074682, 0.0508947, 0.0576513, 0.0657942, 0.072926, 0.0377928, 0.0538978, 0.0311096, 0.0788875, 0.0322998, 0.0330924, 0.0542933, 0.0777664, 0.0396122, 0.0328906, 0.0621903];
GivenLatency = [21.8589, 28.1158, 27.2356, 21.8151, 20.06, 42.6881, 36.5567, 57.9443, 20.2125, 41.4404, 43.9929, 31.1179, 18.3795, 41.7532, 54.2886, 26.7729];
HighestPossibleCritFunctionValue = 1.1;
