NumDevices = 32;
NumSlotes = 256;


GivenBandwidthOld = [0.0134566, 0.0105288, 0.0147974, 0.00768779, 0.016191, 0.0164509, 0.00982829, 0.0165996, 0.00997359, 0.00868442, 0.0166117, 0.0130694, 0.0155943, 0.0133437, 0.0132229, 0.00695859, 0.0105208, 0.00542257, 0.00713427, 0.0131115, 0.0105108, 0.0127455, 0.00934997, 0.0149355, 0.0159282, 0.0119717, 0.0158926, 0.0141748, 0.00644352, 0.0162128, 0.00860689, 0.0134779];
GivenLatency = [45.8058, 48.8788, 24.0272, 79.8928, 21.0873, 28.9707, 50.3438, 34.2149, 52.3744, 37.5209, 25.9402, 25.757, 19.8931, 38.9395, 35.6803, 50.232, 39.747, 63.0222, 51.2813, 41.4622, 30.455, 39.8835, 33.8572, 21.6053, 30.4253, 30.0239, 38.2675, 28.208, 53.7646, 26.009, 54.3918, 35.7408];
HighestPossibleCritFunctionValue = 1.1;
