NumDevices = 16;
NumSlotes = 128;


GivenBandwidthOld = [0.076868, 0.0402763, 0.0436039, 0.0701327, 0.0394952, 0.0663009, 0.0387839, 0.0617265, 0.0571084, 0.0411528, 0.0742963, 0.0678689, 0.0429629, 0.046818, 0.0402589, 0.0505036];
GivenLatency = [25.0351, 39.499, 35.7411, 20.4757, 37.914, 21.5829, 36.8595, 30.5255, 31.3322, 38.5908, 18.9721, 25.1419, 35.0372, 29.0633, 42.0713, 26.5785];
HighestPossibleCritFunctionValue = 1.1;
