NumDevices = 16;
NumSlotes = 128;


GivenBandwidthOld = [0.0273818, 0.0214256, 0.0146567, 0.0247014, 0.0216526, 0.0294764, 0.0242365, 0.0328186, 0.02212, 0.0111959, 0.0343452, 0.0296728, 0.0263226, 0.0183164, 0.0334499, 0.0325568];
GivenLatency = [15.2887, 17.0412, 28.4905, 23.6167, 24.4777, 17.7072, 15.2587, 14.0223, 14.0263, 28.2925, 14.8117, 20.4315, 12.216, 22.7033, 11.9834, 11.4544];
HighestPossibleCritFunctionValue = 1.1;
