NumDevices = 64;
NumSlotes = 512;


GivenBandwidthOld = [0.00855813, 0.0115439, 0.013051, 0.0136336, 0.0147588, 0.0156892, 0.0127885, 0.0110589, 0.0120018, 0.00904957, 0.0110864, 0.0141693, 0.00875305, 0.0174919, 0.0115362, 0.0146447, 0.00892806, 0.00891016, 0.00801271, 0.0146563, 0.0139639, 0.0166289, 0.0171037, 0.0164714, 0.00998877, 0.0161879, 0.0154054, 0.0128184, 0.014176, 0.0102973, 0.0114021, 0.0106061, 0.0114389, 0.00939186, 0.014059, 0.0148191, 0.00899244, 0.0108866, 0.0162713, 0.0167728, 0.015596, 0.0172491, 0.0103531, 0.0098742, 0.0106659, 0.0168116, 0.00761851, 0.00928632, 0.0102384, 0.0118419, 0.0113266, 0.0112046, 0.0106991, 0.014136, 0.00951913, 0.0130017, 0.0152343, 0.00818963, 0.00802972, 0.0105448, 0.0107271, 0.0152147, 0.00814819, 0.0116271];
GivenLatency = [126.425, 90.1664, 71.8202, 76.2012, 78.8918, 78.6971, 77.3447, 86.4266, 90.3599, 116.288, 91.8717, 72.1908, 111.343, 62.448, 107.643, 84.844, 104.022, 135.37, 125.006, 77.4041, 73.1158, 67.9107, 70.7416, 58.02, 113.218, 63.7827, 64.3989, 82.1413, 67.3434, 98.7701, 85.8276, 91.9722, 83.9559, 106.975, 65.8503, 72.4466, 117.426, 95.0434, 59.0804, 70.6899, 62.9039, 55.9658, 118.152, 116.371, 91.5631, 56.4984, 124.162, 99.0139, 120.724, 79.5168, 90.2598, 90.6338, 91.6371, 67.2504, 105.187, 80.0367, 80.6617, 137.239, 114.953, 102.538, 94.862, 79.3135, 147.839, 89.7104];
HighestPossibleCritFunctionValue = 1.1;
