NumDevices = 32;
NumSlotes = 256;


GivenBandwidthOld = [0.0204031, 0.024764, 0.0187137, 0.030982, 0.0244596, 0.0266527, 0.0365711, 0.0353255, 0.0255831, 0.0348278, 0.036347, 0.0187714, 0.0261644, 0.029464, 0.0369994, 0.0340035, 0.0318878, 0.0234116, 0.0395249, 0.0299319, 0.0259346, 0.0186644, 0.027959, 0.0165696, 0.0197191, 0.0289325, 0.0277786, 0.0352589, 0.0305964, 0.0183089, 0.0284183, 0.0356301];
GivenLatency = [110.928, 67.9142, 106.909, 59.4683, 79.5989, 81.4827, 47.2411, 47.4527, 77.1847, 57.2271, 67.7354, 126.412, 94.6548, 59.9486, 62.9845, 59.3009, 53.4525, 89.9069, 60.0395, 77.509, 92.7085, 129.28, 63.1819, 125.348, 100.237, 80.8571, 66.5211, 50.1098, 54.8495, 106.542, 80.3541, 54.0375];
HighestPossibleCritFunctionValue = 1.1;
