NumDevices = 128;
NumSlotes = 1024;


GivenBandwidthOld = [0.00838863, 0.00528045, 0.00597641, 0.00796588, 0.00508141, 0.00582473, 0.00868892, 0.00723746, 0.00748842, 0.00543085, 0.00387282, 0.00798792, 0.00546223, 0.0061334, 0.00654837, 0.0058952, 0.0081518, 0.00480485, 0.00763312, 0.00742024, 0.00445841, 0.00506672, 0.00382001, 0.0054609, 0.00379592, 0.00560109, 0.00507696, 0.00605077, 0.00784954, 0.00465065, 0.00596976, 0.00630406, 0.00481593, 0.00378492, 0.00567647, 0.00694591, 0.00747779, 0.00677915, 0.00459434, 0.00463673, 0.00705907, 0.00434555, 0.00819277, 0.00838056, 0.00454064, 0.00707494, 0.00604024, 0.0057651, 0.00647194, 0.00636237, 0.00488307, 0.00733121, 0.00810118, 0.00408145, 0.00438863, 0.00724963, 0.00711213, 0.00614773, 0.00737584, 0.00832011, 0.00864661, 0.00602281, 0.00779803, 0.0040409, 0.00798689, 0.00814024, 0.00551997, 0.00662283, 0.00743797, 0.00741674, 0.00572214, 0.00448973, 0.00632537, 0.00791282, 0.00830053, 0.00442444, 0.00399584, 0.00565985, 0.00766744, 0.00424205, 0.00855837, 0.007985, 0.00637058, 0.00786118, 0.00538239, 0.00437095, 0.00504224, 0.00750749, 0.00580868, 0.00399153, 0.00821965, 0.0050811, 0.00560626, 0.00692255, 0.00472073, 0.00375346, 0.00689229, 0.00626656, 0.00457872, 0.00704631, 0.00487592, 0.00701921, 0.00437997, 0.00670323, 0.00873137, 0.00564127, 0.00527122, 0.0059635, 0.0060804, 0.00582341, 0.00657329, 0.00472879, 0.00430304, 0.00376782, 0.00820485, 0.00640358, 0.0074914, 0.00539944, 0.0059542, 0.00473025, 0.00873376, 0.00581191, 0.00822256, 0.00406889, 0.00837203, 0.00620589, 0.00495773, 0.00704177];
GivenLatency = [114.44, 244.895, 206.454, 159.873, 213.153, 189.707, 134.649, 177.911, 141.883, 228.498, 289.377, 123.632, 197.776, 208.087, 196.727, 200.259, 122.305, 247.883, 132.792, 160.699, 250.923, 190.104, 270.791, 219.396, 253.583, 216.231, 190.46, 167.175, 160.327, 226.557, 204.109, 162.369, 209.888, 339.614, 175.276, 163.809, 132.249, 150.75, 272.28, 250.549, 154.518, 250.996, 141.705, 115.837, 226.651, 181.359, 171.467, 176.163, 194.732, 172.618, 239.025, 158.229, 119.81, 249.44, 289.144, 139.781, 153.853, 208.377, 168.928, 131.743, 139.513, 175.275, 140.209, 261.337, 130.776, 126.596, 174.88, 171.368, 130.358, 129.595, 187.564, 270.187, 154.245, 135.694, 134.828, 253.557, 298.304, 210.108, 131.433, 226.797, 130.218, 151.436, 189.953, 132.977, 211.733, 271.05, 208.719, 147.379, 168.582, 280.231, 121.637, 255.401, 173.238, 158.734, 233.003, 277.95, 185.341, 159.147, 267.972, 180.637, 219.749, 151.38, 257.561, 177.922, 117.715, 209.356, 189.751, 181.881, 191.117, 207.095, 156.873, 245.068, 245.572, 283.183, 132.89, 183.808, 139.175, 212.686, 165.256, 203.201, 138.534, 205.135, 123.684, 291.707, 128.911, 204.405, 195.022, 140.002];
HighestPossibleCritFunctionValue = 1.1;
