NumDevices = 32;
NumSlotes = 256;


GivenBandwidthOld = [0.011142, 0.00794414, 0.0121343, 0.0117733, 0.00598009, 0.0147996, 0.00637555, 0.0114042, 0.0157298, 0.0152745, 0.0140712, 0.0139333, 0.00975699, 0.00576119, 0.0107732, 0.00947387, 0.00983719, 0.0161295, 0.00780008, 0.0159098, 0.0151672, 0.0106307, 0.0154124, 0.00557667, 0.0096169, 0.0136589, 0.00952135, 0.00776488, 0.0118974, 0.0164178, 0.0167973, 0.00789854];
GivenLatency = [44.6416, 41.9835, 38.537, 31.834, 76.7432, 31.0965, 48.4117, 45.8764, 27.885, 38.6553, 22.6307, 22.0751, 40.8305, 76.7097, 28.5068, 54.7776, 38.4492, 33.5059, 57.6373, 27.3825, 32.6704, 51.3887, 33.6081, 102.849, 52.0709, 25.2937, 61.5917, 39.6297, 25.8702, 36.566, 30.0158, 65.4546];
HighestPossibleCritFunctionValue = 1.1;
