NumDevices = 128;
NumSlotes = 1024;


GivenBandwidthOld = [0.00848748, 0.00663061, 0.00820384, 0.00445002, 0.00401934, 0.00559445, 0.00845193, 0.00401289, 0.00715474, 0.00729382, 0.00468423, 0.0054016, 0.00727391, 0.00517061, 0.00501839, 0.00659937, 0.00814971, 0.0046805, 0.00761683, 0.00851449, 0.00559885, 0.00734357, 0.00593973, 0.00657556, 0.00788985, 0.00729652, 0.00509463, 0.0079021, 0.00814251, 0.00872556, 0.00806632, 0.00815906, 0.00683325, 0.00390665, 0.00660166, 0.00667611, 0.00785792, 0.00560008, 0.00799991, 0.00691242, 0.00459256, 0.00464929, 0.0081854, 0.00454908, 0.00393379, 0.00776136, 0.0077119, 0.0063939, 0.00477973, 0.00544946, 0.00651878, 0.00863728, 0.00430602, 0.0038207, 0.00694821, 0.00601523, 0.00542485, 0.0079811, 0.00581883, 0.00457445, 0.00532699, 0.00823524, 0.00718965, 0.0040078, 0.0066292, 0.0044449, 0.00795198, 0.00638446, 0.00616321, 0.00764712, 0.0075682, 0.00622585, 0.00533526, 0.00722373, 0.00676929, 0.00392466, 0.00432203, 0.0078141, 0.00414198, 0.00672382, 0.00467008, 0.00751837, 0.00870721, 0.00461999, 0.00568682, 0.00580534, 0.00788014, 0.00410142, 0.00505547, 0.00472593, 0.0062309, 0.00526557, 0.00596617, 0.00593876, 0.00530602, 0.00582049, 0.00739669, 0.00861388, 0.0060413, 0.00859638, 0.00690693, 0.00730425, 0.00499764, 0.00789424, 0.00595295, 0.00865325, 0.00760496, 0.00400884, 0.00401853, 0.006941, 0.00486131, 0.00652608, 0.00636035, 0.00587363, 0.00553052, 0.00395161, 0.00722642, 0.00702229, 0.00620024, 0.0049676, 0.0079149, 0.00824076, 0.00501427, 0.00728639, 0.00477507, 0.00704133, 0.00610747, 0.00571911];
GivenLatency = [113.123, 189.295, 153.361, 241.087, 300.031, 182.318, 123.54, 273.528, 158.194, 171.103, 211.13, 206.323, 174.373, 237.486, 253.807, 194.094, 144.016, 209.641, 146.033, 137.676, 224.885, 140.488, 207.011, 152.523, 136.142, 144.153, 197.747, 122.496, 122.461, 146.058, 125.694, 133.592, 164.741, 309.231, 146.49, 170.9, 141.827, 190.176, 144.916, 177.426, 269.376, 233.97, 144.873, 233.369, 327.972, 143.049, 128.553, 184.267, 210.87, 220.809, 150.605, 115.72, 258.246, 289.492, 138.976, 159.976, 182.586, 143.014, 205.359, 208.513, 236.14, 133.248, 143.229, 259.31, 195.167, 216.767, 155.849, 151.431, 169.523, 139.886, 146.611, 170.107, 220.519, 147.865, 155.445, 317.038, 294.989, 164.924, 256.331, 158.145, 233.82, 134.27, 139.52, 274.084, 171.456, 198.149, 130.842, 233.74, 200.714, 268.448, 197.223, 240.269, 175.817, 193.459, 230.813, 177.744, 142.691, 124.822, 191.654, 111.768, 139.393, 159.742, 242.62, 127.222, 195.325, 119.089, 138.355, 253.086, 304.094, 156.354, 243.407, 169.491, 186.465, 168.6, 231.864, 303.07, 167.185, 183.967, 179.37, 232.615, 146.259, 126.176, 205.106, 134.156, 218.496, 146.439, 165.831, 185.503];
HighestPossibleCritFunctionValue = 1.1;
