NumDevices = 16;
NumSlotes = 128;


GivenBandwidthOld = [0.0619703, 0.0341759, 0.0550181, 0.0691204, 0.0462752, 0.0477421, 0.0617526, 0.0557374, 0.03912, 0.0696908, 0.0336856, 0.053439, 0.0487949, 0.0367155, 0.0571378, 0.0545795];
GivenLatency = [13.7026, 24.3967, 18.1332, 12.8025, 22.8938, 21.3062, 17.2138, 15.9581, 25.3255, 11.9872, 26.5655, 15.2569, 17.4588, 28.4275, 17.3364, 14.1146];
HighestPossibleCritFunctionValue = 1.1;
