NumDevices = 128;
NumSlotes = 1024;


GivenBandwidthOld = [0.00817769, 0.00498992, 0.00805438, 0.00747076, 0.00857776, 0.00398384, 0.00390181, 0.00516939, 0.00440577, 0.00526523, 0.00518843, 0.00448205, 0.00723296, 0.00694709, 0.00731134, 0.00418417, 0.00582382, 0.0085078, 0.00812829, 0.00462075, 0.00842396, 0.00395172, 0.00409583, 0.00613837, 0.0050875, 0.00813811, 0.00469723, 0.00383201, 0.0070913, 0.00591266, 0.00651456, 0.00778645, 0.0044137, 0.00851374, 0.00798118, 0.00712153, 0.00403929, 0.00583287, 0.0055497, 0.00629632, 0.00476437, 0.00720557, 0.00647702, 0.00683873, 0.00601699, 0.00508401, 0.00450225, 0.00675006, 0.00575365, 0.00402441, 0.00582091, 0.00458427, 0.00528776, 0.0038571, 0.00870454, 0.00468243, 0.00504179, 0.00483228, 0.00867291, 0.00818614, 0.00691502, 0.00824288, 0.00561662, 0.00597309, 0.00727586, 0.0079577, 0.00758964, 0.0065317, 0.00573388, 0.00679586, 0.0055257, 0.00799565, 0.00534587, 0.00556951, 0.00423563, 0.00566381, 0.00409152, 0.00873064, 0.00838298, 0.00526441, 0.00645945, 0.00655177, 0.0081548, 0.00517892, 0.00468731, 0.00707431, 0.00539328, 0.0074158, 0.00476965, 0.00601615, 0.00599713, 0.00634892, 0.00384051, 0.00491494, 0.00795461, 0.00570746, 0.00780343, 0.00471225, 0.00627382, 0.00659381, 0.0047056, 0.00452829, 0.00453168, 0.00646687, 0.00625268, 0.00629453, 0.00468775, 0.0044588, 0.00655791, 0.0062615, 0.00451513, 0.00821534, 0.0077478, 0.00482611, 0.00485546, 0.00824571, 0.00808965, 0.00525766, 0.00792713, 0.00375492, 0.00644299, 0.00478494, 0.00802602, 0.00581815, 0.0080783, 0.00446999, 0.00457747, 0.00601087];
GivenLatency = [126.862, 204.723, 142.046, 128.721, 116.341, 284.265, 278.291, 204.896, 249.747, 195.341, 197.482, 262.888, 140.321, 156.198, 131.561, 292.73, 184.98, 147.469, 149.169, 248.683, 140.622, 301.146, 234.686, 178.293, 198.91, 135.521, 262.943, 251.478, 139.409, 196.856, 179.645, 134.498, 224.419, 130.814, 162.151, 166.413, 243.208, 221.982, 195.704, 181.667, 217.156, 140.335, 178.842, 160.158, 193.484, 245.541, 223.304, 180.312, 211.7, 282.577, 185.413, 215.165, 181.879, 310.569, 126.308, 208.858, 235.49, 259.602, 121.291, 124.459, 138.183, 124.343, 182.987, 161.093, 165.693, 120.762, 151.058, 153.661, 192.382, 143.061, 195.137, 126.681, 211.221, 184.124, 263.349, 215.988, 287.312, 137.469, 129.29, 199.205, 175.755, 196.252, 121.588, 187.703, 230.124, 163.297, 190.816, 130.975, 226.805, 213.795, 195.432, 182.502, 258.256, 202.633, 161.845, 216.346, 146.943, 222.386, 153.611, 151.287, 231.722, 228.323, 218.979, 155.625, 176.417, 167.001, 224.136, 222.698, 146.35, 195.946, 264.373, 135.636, 130.638, 217.436, 211.745, 116.533, 128.633, 183.311, 149.868, 262.48, 185.1, 266.027, 121.568, 205.124, 140.609, 259.906, 248.641, 162.01];
HighestPossibleCritFunctionValue = 1.1;
