NumDevices = 128;
NumSlotes = 1024;


GivenBandwidthOld = [0.00874395, 0.00704719, 0.00466224, 0.00570466, 0.00573717, 0.00710422, 0.00820918, 0.0041372, 0.00642942, 0.00667876, 0.00738347, 0.00643825, 0.00513078, 0.00548346, 0.00797663, 0.00568338, 0.00800463, 0.00633035, 0.00666699, 0.00454416, 0.00622609, 0.00443538, 0.00789787, 0.00706351, 0.00384903, 0.0080862, 0.00724743, 0.00511074, 0.00376601, 0.00786765, 0.00410616, 0.00469308, 0.00406607, 0.00596716, 0.00761547, 0.00562882, 0.0060872, 0.00515054, 0.00769022, 0.0069391, 0.00791117, 0.0056059, 0.00586118, 0.00633457, 0.00754353, 0.00653812, 0.00869653, 0.00506809, 0.00693195, 0.00773, 0.00553882, 0.00842592, 0.00701426, 0.00613953, 0.00460001, 0.00486306, 0.00599639, 0.00387467, 0.00404843, 0.00448203, 0.00697559, 0.00632693, 0.00423032, 0.00647458, 0.00577322, 0.00803496, 0.00606608, 0.00515453, 0.00476165, 0.00657584, 0.00763001, 0.00513097, 0.00379209, 0.00623425, 0.00661136, 0.00464115, 0.0063438, 0.0077578, 0.00789089, 0.00467947, 0.00538743, 0.0039931, 0.00448428, 0.0047174, 0.00784109, 0.00778002, 0.00628427, 0.00717125, 0.00462552, 0.00855287, 0.00557651, 0.00695619, 0.0052503, 0.00421348, 0.00844947, 0.00776753, 0.00643434, 0.00446558, 0.00555649, 0.00542208, 0.00641401, 0.00769093, 0.00401726, 0.00557579, 0.00485346, 0.00455702, 0.00736521, 0.00459221, 0.00384776, 0.00685381, 0.00443585, 0.005764, 0.00806361, 0.00764626, 0.00816079, 0.00594241, 0.00660974, 0.00736888, 0.00621728, 0.00633774, 0.00582893, 0.00433411, 0.0059744, 0.00426554, 0.00836567, 0.00430736, 0.00622086, 0.00651316];
GivenLatency = [143.495, 155.328, 220.099, 177.208, 174.349, 155.278, 148.48, 305.794, 177.54, 190.921, 130.024, 152.627, 216.596, 188.517, 138.659, 198.172, 143.958, 164.225, 172.462, 239.32, 163.581, 291.089, 142.04, 139.878, 256.09, 127.733, 154.793, 243.399, 310.282, 124.817, 241.381, 211.819, 237.307, 172.349, 157.62, 227.592, 162.901, 211.544, 146.828, 153.342, 140.549, 184.488, 190.567, 154.768, 151.857, 155.467, 125.14, 226.76, 141.094, 143.069, 185.598, 146.474, 162.396, 182.502, 218.044, 205.999, 171.127, 308.381, 300.564, 253.955, 185.068, 199.201, 283.746, 165.853, 173.696, 122.363, 171.039, 228.032, 233.067, 147.725, 167.827, 239.015, 278.238, 163.007, 173.226, 232.253, 164.854, 127.53, 137.025, 248.471, 196.697, 275.49, 281.339, 261.888, 122.084, 155.337, 158.605, 145.659, 251.824, 129.038, 178.089, 148.831, 225.805, 251.595, 139.358, 145.646, 167.766, 282.212, 198.648, 185.626, 180.026, 138.511, 259.842, 171.146, 264.496, 255.526, 161.098, 211.876, 274.665, 181.552, 218.991, 196.351, 140.956, 158.969, 118.709, 204.713, 160.738, 162.375, 158.108, 158.885, 198.488, 228.417, 161.153, 257.807, 131.419, 288.515, 184.466, 170.273];
HighestPossibleCritFunctionValue = 1.1;
