NumDevices = 32;
NumSlotes = 256;


GivenBandwidthOld = [0.0268123, 0.0243334, 0.0219533, 0.0199539, 0.0159385, 0.0277978, 0.0283101, 0.0170505, 0.0169847, 0.0310424, 0.0203998, 0.0287778, 0.0178847, 0.0180855, 0.0323948, 0.0299092, 0.0332733, 0.0347816, 0.0246764, 0.0258168, 0.0333282, 0.01632, 0.0203701, 0.030622, 0.0340239, 0.0290587, 0.0203668, 0.0344467, 0.0152419, 0.0207376, 0.0273149, 0.0310467];
GivenLatency = [32.5568, 37.7743, 48.5547, 48.6981, 59.4934, 34.6621, 34.3778, 56.9567, 64.6689, 27.1793, 56.4333, 39.7871, 56.2973, 48.4517, 31.4383, 31.4089, 25.1608, 24.317, 37.3017, 45.414, 33.2476, 68.4327, 41.2871, 37.2064, 30.0772, 32.0581, 47.4937, 27.0608, 75.2833, 41.5003, 40.023, 35.7713];
HighestPossibleCritFunctionValue = 1.1;
