NumDevices = 16;
NumSlotes = 128;


GivenBandwidthOld = [0.0646283, 0.0673199, 0.0653812, 0.0416608, 0.0535321, 0.0543834, 0.0421632, 0.0569107, 0.0386995, 0.0424894, 0.0593607, 0.0546717, 0.0467402, 0.0632744, 0.0321513, 0.0663549];
GivenLatency = [14.4098, 15.6421, 16.6961, 22.243, 19.6084, 19.4778, 19.358, 14.1235, 24.7582, 18.8354, 16.9389, 15.1425, 20.8806, 13.7122, 30.8683, 15.8306];
HighestPossibleCritFunctionValue = 1.1;
