NumDevices = 128;
NumSlotes = 1024;


GivenBandwidthOld = [0.0079698, 0.00595502, 0.00860299, 0.0080132, 0.00535984, 0.00539365, 0.00862708, 0.00776214, 0.00584603, 0.00679458, 0.00407539, 0.00751435, 0.00616893, 0.00375419, 0.00411051, 0.0077999, 0.00538352, 0.00828627, 0.00477627, 0.00734254, 0.00855302, 0.00814462, 0.00410831, 0.00580269, 0.00837452, 0.00802692, 0.00594014, 0.00841948, 0.00873945, 0.00648262, 0.00587549, 0.0068682, 0.00638218, 0.00783111, 0.00489528, 0.00748707, 0.00772996, 0.00496835, 0.00563655, 0.00594232, 0.00513142, 0.00619607, 0.00492797, 0.00691432, 0.00642546, 0.00513341, 0.00471684, 0.00850917, 0.00606757, 0.00516624, 0.00651344, 0.00395464, 0.00818787, 0.00598748, 0.00403374, 0.00759487, 0.00444515, 0.00707733, 0.00626797, 0.0082846, 0.00671815, 0.00450671, 0.00680255, 0.00802291, 0.00860464, 0.00569777, 0.00489704, 0.00710209, 0.00737798, 0.00428557, 0.005029, 0.00483253, 0.00778728, 0.00825905, 0.00741092, 0.00791048, 0.00401716, 0.00391214, 0.00386583, 0.00553368, 0.00710667, 0.00426056, 0.00469353, 0.00657974, 0.00816298, 0.00772701, 0.00539472, 0.00660965, 0.00582258, 0.00763879, 0.0076162, 0.00802912, 0.00784718, 0.00511316, 0.00442549, 0.00666923, 0.00731997, 0.00427195, 0.0060902, 0.00554238, 0.00833518, 0.00681725, 0.00498184, 0.00733661, 0.00384817, 0.0086811, 0.00576764, 0.00428879, 0.00421295, 0.00448198, 0.00611219, 0.00507814, 0.00585117, 0.00819203, 0.00589159, 0.00745752, 0.00610402, 0.00779897, 0.00478216, 0.00625556, 0.00468082, 0.00811681, 0.00669511, 0.00723902, 0.00872378, 0.00811582, 0.00514375, 0.0084939];
GivenLatency = [154.777, 191.684, 113.211, 156.631, 179.304, 237.105, 110.632, 135.348, 194.342, 156.146, 264.333, 130.525, 207.022, 292.381, 264.314, 127.698, 238.703, 127.008, 199.425, 140.898, 145.878, 134.841, 240.354, 173.439, 141.009, 144.834, 209.866, 133.809, 132.482, 147.292, 164.424, 153.413, 189.925, 131.083, 217.287, 159.818, 164.442, 213.076, 226.098, 167.625, 200.234, 193.669, 249.909, 168.049, 149.055, 187.511, 222.592, 152.077, 194.147, 205.01, 162.416, 294.832, 151.503, 211.48, 291.474, 169.793, 224.203, 153.369, 170.235, 115.024, 144.874, 278.905, 161.403, 131.187, 132.857, 202.641, 235.671, 157.668, 158.791, 298.299, 204.777, 223.35, 154.324, 147.595, 170.721, 125.873, 311.57, 291.301, 317.884, 182.004, 148.374, 252.039, 209.83, 162.324, 149.754, 146.018, 226.405, 164.431, 212.756, 152.87, 150.746, 148.87, 145.981, 210.777, 290.328, 163.175, 135.268, 249.884, 165.612, 209.22, 137.621, 166.488, 203.399, 132.478, 274.782, 114.326, 177.837, 235.938, 267.502, 212.735, 167.947, 193.139, 178.819, 131.989, 169.861, 140.454, 206.995, 140.186, 254.715, 162.733, 245.858, 140.539, 165.226, 146.221, 123.681, 125.832, 250.536, 117.4];
HighestPossibleCritFunctionValue = 1.1;
