NumDevices = 32;
NumSlotes = 256;


GivenBandwidthOld = [0.0166317, 0.0189011, 0.0204276, 0.0161216, 0.0253659, 0.034295, 0.0263725, 0.032724, 0.0221257, 0.0169943, 0.0323794, 0.0313949, 0.0249164, 0.0193752, 0.0296118, 0.0152998, 0.0330319, 0.0171338, 0.0177116, 0.0287675, 0.0247333, 0.0229068, 0.0246861, 0.0285255, 0.0176361, 0.0198474, 0.0248828, 0.0349344, 0.0317158, 0.0172209, 0.0220575, 0.0308647];
GivenLatency = [51.1419, 45.9464, 44.1372, 52.1474, 42.7263, 28.3045, 39.6208, 28.9726, 40.3449, 62.2662, 31.8187, 37.3337, 38.6351, 54.277, 33.1145, 74.2118, 28.5214, 58.6161, 53.2826, 30.9128, 38.2027, 44.8959, 34.6081, 37.1064, 65.7007, 43.4061, 44.2834, 27.5127, 30.7669, 65.8661, 45.4723, 36.7882];
HighestPossibleCritFunctionValue = 1.1;
