NumDevices = 16;
NumSlotes = 128;


GivenBandwidthOld = [0.0544698, 0.0541316, 0.0493653, 0.062647, 0.0474542, 0.0624402, 0.0522131, 0.0462564, 0.050596, 0.0675327, 0.0426114, 0.0699001, 0.0307933, 0.0431282, 0.0357468, 0.0568008];
GivenLatency = [20.0658, 18.2469, 18.0974, 17.2049, 19.0452, 15.5643, 19.1525, 21.4929, 17.5071, 14.4717, 25.4999, 13.1265, 28.0541, 21.8845, 22.6499, 17.1571];
HighestPossibleCritFunctionValue = 1.1;
