NumDevices = 128;
NumSlotes = 1024;


GivenBandwidthOld = [0.00139655, 0.0018011, 0.00420433, 0.00159531, 0.00177881, 0.00145058, 0.00361031, 0.00228237, 0.00232745, 0.00370859, 0.00399657, 0.00338879, 0.00412744, 0.00304238, 0.00389643, 0.00160975, 0.00385424, 0.00196963, 0.00225104, 0.00387168, 0.00130984, 0.00388638, 0.00154416, 0.00144916, 0.00162308, 0.00285716, 0.00336908, 0.00408058, 0.00291316, 0.00396839, 0.00167282, 0.00134243, 0.00162205, 0.00428376, 0.00212163, 0.00392383, 0.00286225, 0.00137725, 0.00241561, 0.0040766, 0.00165724, 0.00191525, 0.00402654, 0.00400819, 0.00195261, 0.00377306, 0.00323737, 0.00296017, 0.00348773, 0.00144936, 0.00185598, 0.00164516, 0.00208256, 0.00354468, 0.00232137, 0.00153228, 0.00179041, 0.0026242, 0.00374497, 0.00302076, 0.00306298, 0.00326827, 0.00354399, 0.00329127, 0.00263012, 0.00319455, 0.00205047, 0.00169705, 0.00226149, 0.0014202, 0.00243495, 0.0042303, 0.00366599, 0.00361324, 0.00139211, 0.00211638, 0.00314236, 0.00307593, 0.00223162, 0.00249423, 0.00359869, 0.00385121, 0.00412234, 0.00164881, 0.00405256, 0.00379048, 0.00226553, 0.00368727, 0.00188426, 0.00184795, 0.00403899, 0.00389485, 0.00324543, 0.00401805, 0.00193099, 0.00292328, 0.00218575, 0.00344882, 0.00362723, 0.00217683, 0.00347655, 0.00418016, 0.00151313, 0.00185577, 0.00424599, 0.00178357, 0.00325687, 0.00265595, 0.00298335, 0.00239854, 0.00171182, 0.00371347, 0.00170753, 0.00352067, 0.00193242, 0.00191964, 0.00271481, 0.0015934, 0.00399687, 0.00230877, 0.00218501, 0.00348689, 0.00288217, 0.0018223, 0.00424649, 0.00390803, 0.00280074, 0.00208837];
GivenLatency = [230.252, 299.881, 75.8097, 300.874, 299.075, 271.088, 125.127, 244.789, 147.535, 86.3469, 91.9295, 168.566, 78.0736, 104.004, 112.08, 256.629, 117.515, 267.953, 212.317, 92.3195, 282.036, 138.351, 248.652, 437.731, 242.748, 112.401, 178.628, 142.875, 211.907, 108.037, 376.832, 240.964, 240.077, 84.0506, 149.432, 97.7403, 223.993, 252.352, 191.175, 80.5302, 303.685, 196.426, 160.083, 151.2, 282.614, 107.087, 113.603, 134.246, 155.45, 237.091, 178.625, 205.378, 227.016, 156.892, 187.635, 259.299, 188.916, 231.926, 163.298, 146.568, 155.205, 106.644, 113.473, 118.756, 243.563, 130.298, 279.307, 217.292, 217.384, 319.588, 238.316, 89.8082, 140.706, 162.095, 263.381, 176.152, 126.394, 101.861, 200.309, 148.781, 134.28, 127.927, 100.143, 311.527, 117.356, 87.1268, 249.985, 86.2108, 169.023, 223.295, 137.2, 86.4134, 107.891, 92.998, 240.545, 133.623, 153.944, 149.552, 178.812, 275.61, 120.498, 97.1634, 222.796, 168.477, 118.042, 188.287, 112.223, 235.828, 113.65, 165.665, 232.568, 113.328, 234.955, 106.31, 201.63, 227.35, 160.305, 323.367, 90.5096, 237.509, 172.726, 145.126, 189.048, 247.81, 133.972, 113.613, 158.452, 200.305];
HighestPossibleCritFunctionValue = 1.1;
