NumDevices = 128;
NumSlotes = 1024;


GivenBandwidthOld = [0.00966147, 0.00783692, 0.00505395, 0.00672473, 0.00619815, 0.00605189, 0.00413582, 0.0069054, 0.00526207, 0.00455435, 0.00996918, 0.004584, 0.00824995, 0.00943215, 0.00993268, 0.00974944, 0.00501986, 0.00885646, 0.00923399, 0.00438465, 0.00781595, 0.00895489, 0.00727707, 0.0081664, 0.00525854, 0.0077023, 0.00499902, 0.0085626, 0.0078595, 0.00956051, 0.00479724, 0.00469791, 0.00405302, 0.00913316, 0.00968833, 0.0092798, 0.00556674, 0.00640611, 0.00746967, 0.00776088, 0.00837236, 0.00423321, 0.00628407, 0.00638353, 0.00931705, 0.00667462, 0.00775578, 0.00392914, 0.0083516, 0.00540229, 0.00511063, 0.00933425, 0.00822425, 0.00868349, 0.00847764, 0.00496078, 0.0095686, 0.00946046, 0.00439792, 0.00580359, 0.00598977, 0.00383118, 0.00569452, 0.00406221, 0.00725829, 0.00505946, 0.0055101, 0.00441893, 0.00891406, 0.00866999, 0.00656571, 0.00866259, 0.00708834, 0.0049065, 0.00986202, 0.00975609, 0.00437668, 0.00513594, 0.0096804, 0.00716514, 0.00825322, 0.00808364, 0.00804539, 0.0088593, 0.00702967, 0.00647895, 0.00674113, 0.00692711, 0.00762574, 0.00578581, 0.00702379, 0.00752112, 0.00989507, 0.00891994, 0.00744362, 0.00734108, 0.00910948, 0.00554298, 0.00709237, 0.00402448, 0.00442157, 0.0096511, 0.00859225, 0.0061184, 0.00942497, 0.0080076, 0.00491139, 0.00447174, 0.00902295, 0.00747156, 0.00822969, 0.00636437, 0.00592807, 0.00427186, 0.00585291, 0.00984439, 0.00718327, 0.00666612, 0.00864392, 0.00590393, 0.00491572, 0.00852605, 0.00607604, 0.00375594, 0.00991627, 0.00904244, 0.00382393, 0.0088739];
GivenLatency = [370.662, 432.168, 938.322, 700.219, 553.088, 578.537, 814.08, 573.033, 668.464, 1080.18, 347.093, 760.843, 520.287, 382.835, 414.354, 353.928, 802.258, 458.645, 443.776, 919.673, 529.918, 397.42, 471.936, 499.072, 671.905, 569.821, 981.89, 434.872, 428.459, 371.424, 911.755, 819.92, 861.353, 407.512, 423.907, 463.726, 815.418, 714.392, 483.025, 620.512, 523.773, 955.235, 679.577, 525.937, 434.887, 557.899, 524.881, 1218.11, 573.751, 631.438, 688.166, 440.603, 575.973, 427.689, 558.591, 888.515, 375.803, 473.654, 937.202, 686.876, 698.572, 893.471, 710.105, 1041.19, 633.424, 893.443, 636, 936.694, 426.047, 476.176, 667.584, 472.269, 649.673, 815.216, 342.416, 455.704, 929.279, 717.744, 448.588, 577.411, 429.982, 489.259, 472.572, 480.868, 540.552, 760.561, 566.804, 705.854, 534.038, 804.885, 574.231, 466.917, 405.102, 491.429, 571.672, 534.183, 391.856, 687.526, 480.308, 923.926, 906.589, 364.297, 510.475, 641.232, 381.925, 430.405, 903.088, 822.757, 412.174, 456.336, 598.989, 562.595, 656.928, 837.066, 621.76, 419.7, 624.249, 508.286, 535.126, 591.629, 969.955, 492.858, 697.474, 898.086, 379.654, 369.596, 1063.51, 443.065];
HighestPossibleCritFunctionValue = 1.1;
