NumDevices = 128;
NumSlotes = 1024;


GivenBandwidthOld = [0.00282753, 0.00234323, 0.00331993, 0.00302129, 0.00262344, 0.00348021, 0.00321041, 0.00300501, 0.00401967, 0.00413457, 0.00410186, 0.0012801, 0.00408424, 0.00198316, 0.0015506, 0.003395, 0.00218871, 0.00314898, 0.00170911, 0.00182336, 0.00340853, 0.00156636, 0.00267278, 0.00148733, 0.00255431, 0.00396657, 0.0023677, 0.0020003, 0.00211853, 0.00183746, 0.00285587, 0.00364051, 0.00354997, 0.0036645, 0.00371017, 0.00242423, 0.00223396, 0.00422165, 0.00206965, 0.00204218, 0.00292169, 0.00363076, 0.00214826, 0.00140393, 0.00398523, 0.00349881, 0.00317595, 0.00200452, 0.00427177, 0.0037897, 0.00163496, 0.00259349, 0.00311128, 0.00250552, 0.00275591, 0.00166623, 0.00300065, 0.00247158, 0.00425011, 0.00214669, 0.00319246, 0.00137146, 0.00200162, 0.00248358, 0.0028037, 0.00170735, 0.00362071, 0.00196914, 0.00337881, 0.00201398, 0.00393645, 0.00234361, 0.00349856, 0.00210759, 0.00218263, 0.00406514, 0.00279902, 0.00432416, 0.00301145, 0.00285591, 0.00429022, 0.00136666, 0.00258758, 0.00383753, 0.00230443, 0.00426766, 0.00340987, 0.00219841, 0.00363287, 0.00328663, 0.00279541, 0.00307302, 0.00326149, 0.00213559, 0.00414985, 0.00156857, 0.0022651, 0.00271651, 0.00202958, 0.00371009, 0.00420259, 0.00347723, 0.00301964, 0.00289804, 0.0029895, 0.00257245, 0.00261947, 0.00224146, 0.0022183, 0.00359291, 0.00347415, 0.00134826, 0.00268288, 0.00247497, 0.00175505, 0.00219014, 0.00210525, 0.00351806, 0.00172694, 0.00150453, 0.0041811, 0.00177466, 0.00358742, 0.00186312, 0.00278682, 0.00248802, 0.00237505, 0.00377667];
GivenLatency = [219.533, 221.541, 95.5784, 154.264, 187.421, 149.717, 106.276, 106.513, 95.999, 158.81, 86.91, 360.276, 91.2286, 250.302, 258.648, 185.966, 235.582, 109.884, 231.738, 221.535, 166.429, 382.395, 117.123, 331.514, 209.91, 146.87, 235.512, 221.027, 207.432, 191.046, 162.723, 148.603, 88.1204, 95.8599, 88.0426, 130.504, 223.784, 141.09, 200.454, 179.134, 128.555, 92.961, 146.247, 388.196, 82.0204, 112.484, 151.973, 168.25, 85.0183, 92.9911, 233.383, 125.155, 108.873, 165.497, 230.007, 350.218, 138.634, 155.118, 77.1779, 159.111, 196.123, 252.059, 219.027, 127.59, 145.143, 218.496, 89.2666, 235.206, 103.761, 164.811, 119.624, 149.256, 124.598, 182.883, 159.843, 82.8197, 161.719, 80.406, 210.857, 137.901, 86.7093, 324.892, 143.645, 88.0691, 168.57, 120.986, 149.59, 199.33, 131.325, 100.672, 154.725, 120.161, 137.49, 221.825, 93.467, 201.905, 207.765, 143.573, 259.246, 146.731, 90.1097, 149.342, 140.152, 143.486, 193.61, 235.897, 160.007, 196.737, 144.95, 109.983, 119.831, 445.109, 123.619, 128.366, 196.439, 229.004, 263.78, 102.275, 203.103, 375.794, 84.3402, 251.943, 105.843, 334.495, 156.997, 213.698, 165.361, 134.858];
HighestPossibleCritFunctionValue = 1.1;
