NumDevices = 128;
NumSlotes = 1024;


GivenBandwidthOld = [0.00625293, 0.0054881, 0.00592308, 0.00668057, 0.00776485, 0.00626649, 0.00832114, 0.00589682, 0.00543472, 0.00382276, 0.00667643, 0.00824638, 0.00436721, 0.00726424, 0.00752825, 0.00483552, 0.00804908, 0.00840367, 0.00790665, 0.00450921, 0.00382022, 0.00389225, 0.00456607, 0.00442053, 0.00834756, 0.00485451, 0.00722039, 0.00565696, 0.0040219, 0.00862375, 0.00689576, 0.00451827, 0.00599356, 0.00623744, 0.00510107, 0.00623111, 0.00869861, 0.00501694, 0.00721334, 0.00718639, 0.00416918, 0.00384377, 0.00473479, 0.00504935, 0.0069648, 0.00494574, 0.00549054, 0.00698925, 0.00584331, 0.00600923, 0.00459946, 0.00559476, 0.00868616, 0.00582791, 0.0072162, 0.0052088, 0.00674878, 0.00421063, 0.00547802, 0.00649893, 0.00505813, 0.00453471, 0.00742162, 0.00775305, 0.00808548, 0.00516915, 0.00547306, 0.00818438, 0.00729206, 0.005084, 0.00436, 0.00605076, 0.00762691, 0.00805827, 0.00777637, 0.00500106, 0.00525186, 0.00549087, 0.00749236, 0.00663904, 0.00489153, 0.00443972, 0.00587775, 0.00483803, 0.0052498, 0.00594187, 0.00747656, 0.00605856, 0.00869641, 0.00810003, 0.00478205, 0.00443765, 0.00608339, 0.00611257, 0.00644247, 0.00606511, 0.00388398, 0.00559237, 0.00844731, 0.00652475, 0.00401043, 0.00578127, 0.00829982, 0.00759687, 0.0081712, 0.00589471, 0.00494883, 0.00741834, 0.00758283, 0.00704397, 0.00546154, 0.00456434, 0.00541687, 0.00377385, 0.00464704, 0.005283, 0.00387951, 0.00536288, 0.00645097, 0.00393016, 0.00676084, 0.00693742, 0.00472349, 0.00516199, 0.0050646, 0.00825993, 0.00707824, 0.00656387];
GivenLatency = [174.183, 209.411, 171.125, 181.157, 128.109, 159.752, 124.084, 199.371, 211.012, 296.48, 187.824, 121.271, 230.514, 133.063, 139.815, 244.193, 121.337, 114.972, 143.713, 254.807, 266.247, 286.7, 279.385, 230.898, 154.821, 248.456, 162.531, 189.958, 260.969, 126.221, 158.884, 231.675, 166.335, 191.334, 197.489, 174.683, 145.542, 226.115, 176.868, 164.305, 255.946, 321.822, 265.076, 219.089, 171.045, 259.768, 220.997, 154.937, 219.508, 192.471, 245.225, 171.101, 142.95, 202.609, 157.647, 191.55, 161.417, 250, 216.978, 150.073, 192.668, 215.467, 135.998, 153.836, 124.481, 193.214, 192.614, 142.301, 174.23, 252.222, 273.434, 160.474, 125.843, 152.449, 161.647, 243.959, 207.511, 180.684, 129.191, 159.654, 203.679, 253.009, 181.364, 205.38, 216.215, 203.503, 151.122, 207.222, 119.12, 133.219, 205.422, 286.611, 168.378, 188.926, 173.768, 172.757, 249.171, 206.721, 117.341, 151.536, 262.044, 220.206, 126.919, 131.466, 146.236, 204.504, 208.686, 155.765, 157.37, 178.207, 194.858, 245.352, 192.157, 274.718, 256.515, 193.672, 280.26, 186.091, 190.211, 328.084, 157.552, 152.94, 237.351, 199.441, 255.333, 153.444, 176.078, 174.347];
HighestPossibleCritFunctionValue = 1.1;
