NumDevices = 32;
NumSlotes = 256;


GivenBandwidthOld = [0.00668522, 0.0159728, 0.0130921, 0.00946672, 0.0145971, 0.015254, 0.00626773, 0.0118073, 0.015694, 0.0143825, 0.00971532, 0.00545649, 0.0147594, 0.00690306, 0.0147352, 0.0113107, 0.00696356, 0.00659419, 0.0109721, 0.016342, 0.0173796, 0.00715757, 0.0172318, 0.00984393, 0.0168855, 0.0151419, 0.0091427, 0.00635818, 0.00694044, 0.00545665, 0.0173343, 0.00783536];
GivenLatency = [71.4094, 33.5999, 29.6498, 59.0358, 24.9084, 24.8515, 94.774, 41.15, 22.314, 30.3162, 32.0749, 64.3318, 29.2085, 48.8328, 23.02, 32.9549, 59.9082, 62.0247, 36.576, 37.8035, 24.5436, 71.9573, 19.7123, 45.4629, 23.0362, 28.5755, 36.0643, 54.7597, 55.4768, 62.357, 30.1777, 74.8965];
HighestPossibleCritFunctionValue = 1.1;
