NumDevices = 128;
NumSlotes = 1024;


GivenBandwidthOld = [0.0070973, 0.00685693, 0.0069599, 0.00756396, 0.00505574, 0.00435887, 0.00699766, 0.00717012, 0.00579152, 0.00549646, 0.00648076, 0.00458672, 0.00654881, 0.00831076, 0.00652144, 0.00840368, 0.00821962, 0.00470536, 0.00547705, 0.00531103, 0.00492789, 0.00559839, 0.00466176, 0.00765454, 0.00728366, 0.00402587, 0.00526998, 0.00508447, 0.00719995, 0.00705697, 0.00392434, 0.00394817, 0.00436494, 0.00408157, 0.00649048, 0.00803802, 0.00747746, 0.00622716, 0.00734512, 0.00699919, 0.00794874, 0.00693117, 0.00464078, 0.00516504, 0.00630482, 0.00760112, 0.00457332, 0.00630883, 0.00509467, 0.00870067, 0.00460073, 0.00691462, 0.00643253, 0.00406413, 0.00833383, 0.00410407, 0.00456305, 0.00868488, 0.00424756, 0.00623455, 0.00664943, 0.00446151, 0.00715786, 0.00460723, 0.00614463, 0.00527649, 0.00441822, 0.00457729, 0.0079596, 0.0045753, 0.00463344, 0.00668121, 0.00860652, 0.00727596, 0.00448384, 0.00745833, 0.00456952, 0.0075096, 0.00640716, 0.00756704, 0.00669581, 0.00396566, 0.00836865, 0.00435033, 0.00856892, 0.00528408, 0.00697313, 0.00494453, 0.00528324, 0.00799715, 0.00568167, 0.00430111, 0.00623082, 0.00392362, 0.00683933, 0.00607219, 0.00786115, 0.00488612, 0.0085598, 0.00710876, 0.00450262, 0.00803816, 0.00478953, 0.00512053, 0.00826941, 0.00642117, 0.00804601, 0.00685399, 0.00756131, 0.0053797, 0.00404903, 0.00457644, 0.00375705, 0.00729347, 0.00387722, 0.00699356, 0.00823695, 0.00594573, 0.00738358, 0.0082623, 0.00698537, 0.00563788, 0.00826962, 0.00507956, 0.00472739, 0.00578383, 0.00627222, 0.00476099];
GivenLatency = [163.106, 169.69, 163.686, 147.534, 215.396, 226.062, 151.69, 150.556, 171.833, 174.329, 155.741, 242.392, 162.809, 135.92, 185.051, 121.319, 147.361, 272.09, 178.034, 199.788, 227.947, 219.521, 218.299, 156.134, 164.98, 269.436, 182.112, 219.837, 168.24, 182.594, 250.073, 310.984, 270.989, 243.251, 177.758, 138.506, 144.458, 181.263, 132.739, 136.943, 158.209, 178.513, 229.257, 188.174, 167.236, 155.3, 216.123, 184.657, 205.888, 126.988, 214.975, 142.65, 180.024, 277.726, 125.867, 265.553, 260.549, 122.919, 288.881, 186.541, 143.49, 245.67, 171.179, 217.904, 173.987, 184.366, 232.945, 234.11, 128.572, 245.864, 210.609, 155.435, 111.962, 140.894, 217.813, 151.676, 244.685, 134.863, 149.01, 167.691, 161.661, 260.96, 126.151, 274.667, 130.337, 193.728, 159.48, 222.973, 217.711, 146.098, 170.98, 237.039, 157.252, 270.942, 172.829, 166.252, 158.427, 242.679, 140.1, 140.413, 281.315, 143.422, 221.913, 190.046, 119.326, 187.81, 137.141, 146.94, 166.737, 218.493, 285.789, 272.347, 322.476, 160.132, 272.368, 141.559, 147.005, 199.712, 131.352, 115.716, 138.777, 230.299, 118.628, 188.039, 204.716, 180.753, 180.92, 202.043];
HighestPossibleCritFunctionValue = 1.1;
