NumDevices = 64;
NumSlotes = 512;


GivenBandwidthOld = [0.0122166, 0.00960689, 0.00800429, 0.0131301, 0.0119411, 0.00913027, 0.00751907, 0.0079978, 0.014093, 0.0161613, 0.0082254, 0.00929461, 0.00951851, 0.0125195, 0.0100978, 0.00820134, 0.0149755, 0.00874533, 0.00774088, 0.016008, 0.0106897, 0.0159859, 0.0107113, 0.00935033, 0.0160775, 0.00948238, 0.0153055, 0.0139897, 0.0105793, 0.0117812, 0.0110043, 0.0147566, 0.00840951, 0.0135807, 0.0160035, 0.0154824, 0.00755691, 0.0140358, 0.0146671, 0.0152926, 0.00775013, 0.0114773, 0.0138589, 0.0121463, 0.00843841, 0.00929575, 0.00871166, 0.011845, 0.0139218, 0.00802537, 0.0173655, 0.0076851, 0.00854635, 0.0134737, 0.0168164, 0.00880316, 0.00970105, 0.0104787, 0.0105633, 0.0130891, 0.0130154, 0.0148529, 0.0171944, 0.0105821];
GivenLatency = [100.275, 96.8624, 150.583, 75.6828, 82.5398, 125.048, 142.909, 151.398, 66.1181, 57.7663, 129.64, 121.892, 95.8895, 80.8794, 112.078, 140.093, 67.4304, 116.274, 159.883, 58.5319, 115.984, 64.2624, 109.327, 120.904, 77.7383, 99.8128, 65.0599, 73.7127, 99.1951, 89.8881, 108.48, 62.2996, 112.737, 70.536, 74.1282, 73.9623, 155.795, 77.0888, 65.9614, 63.101, 120.5, 86.2607, 80.503, 84.3982, 130.877, 98.9588, 136.473, 77.0518, 69.8905, 140.125, 60.6992, 132.236, 108.368, 72.2219, 58.3341, 122.431, 97.947, 97.8983, 114.004, 85.8095, 90.7986, 77.7939, 53.7367, 93.2973];
HighestPossibleCritFunctionValue = 1.1;
