NumDevices = 8;
NumSlotes = 64;


GivenBandwidthOld = [0.0869268, 0.119533, 0.134479, 0.123105, 0.0609089, 0.136166, 0.0772258, 0.0742679];
GivenLatency = [12.7837, 9.30455, 9.74554, 11.3589, 22.1649, 9.64767, 21.3712, 21.6438];
HighestPossibleCritFunctionValue = 1.1;
