NumDevices = 16;
NumSlotes = 128;


GivenBandwidthOld = [0.0366319, 0.0521113, 0.0552552, 0.0540907, 0.0417702, 0.0524243, 0.0351464, 0.0447199, 0.0672496, 0.0441905, 0.049385, 0.0331946, 0.0417209, 0.0638957, 0.0355729, 0.0544605];
GivenLatency = [23.1137, 18.7136, 15.6838, 19.4367, 20.3894, 15.977, 26.2111, 18.9649, 11.5513, 22.6716, 19.6282, 23.6179, 19.2574, 14.3692, 25.5739, 16.57];
HighestPossibleCritFunctionValue = 1.1;
