NumDevices = 64;
NumSlotes = 512;


GivenBandwidthOld = [0.00652945, 0.00672173, 0.00703345, 0.00865217, 0.00819562, 0.00375303, 0.00593507, 0.00443284, 0.00644356, 0.00697633, 0.00485466, 0.00844411, 0.00521335, 0.00572412, 0.0027142, 0.00255032, 0.00454308, 0.00312063, 0.00840282, 0.00496255, 0.00303819, 0.00411775, 0.00454674, 0.00833512, 0.00456623, 0.00455547, 0.00508238, 0.00452636, 0.00325356, 0.00506662, 0.00835596, 0.00486992, 0.00867431, 0.0053857, 0.0087243, 0.00804938, 0.00835814, 0.00398901, 0.00326392, 0.00421292, 0.00402594, 0.00515528, 0.00470602, 0.00405799, 0.0063451, 0.0083898, 0.00491774, 0.00615697, 0.0026974, 0.00772711, 0.0045895, 0.00828882, 0.00776609, 0.00342823, 0.00327955, 0.00434352, 0.00524121, 0.00532044, 0.00561393, 0.00707912, 0.0074861, 0.00383878, 0.00330849, 0.00329649];
GivenLatency = [51.2788, 70.7423, 82.1248, 42.4014, 53.0213, 128.687, 88.8295, 108.92, 90.6481, 46.4696, 129.484, 45.3559, 70.3086, 109.412, 133.136, 215.496, 75.5187, 99.919, 48.7031, 72.3543, 209.195, 153.154, 93.4019, 37.6977, 72.8387, 75.4009, 80.7466, 88.1546, 108.224, 84.0987, 58.9388, 102.916, 39.7522, 118.885, 40.9807, 70.7257, 38.5605, 139.381, 122.469, 83.0536, 144.325, 63.9697, 78.3515, 102.78, 51.28, 49.0538, 102.765, 60.6581, 130.329, 61.7304, 108.564, 38.3315, 54.3433, 119.112, 187.935, 106.602, 76.2079, 64.9728, 70.6673, 69.321, 69.0003, 107.733, 137.93, 128.98];
HighestPossibleCritFunctionValue = 1.1;
