NumDevices = 32;
NumSlotes = 256;


GivenBandwidthOld = [0.0175398, 0.0268941, 0.0194291, 0.0297376, 0.0344134, 0.020472, 0.0322243, 0.0296044, 0.0216441, 0.0317638, 0.0387158, 0.0306652, 0.0253484, 0.0158644, 0.018616, 0.0386233, 0.0268288, 0.0220434, 0.0180433, 0.0385341, 0.0271816, 0.0265181, 0.0248026, 0.0175669, 0.0311342, 0.0331916, 0.0359562, 0.0254752, 0.0211012, 0.0327111, 0.0350161, 0.0261517];
GivenLatency = [138.733, 67.3717, 105.139, 75.3867, 65.7275, 104.304, 54.7249, 80.9809, 87.5697, 73.61, 61.0573, 62.1436, 68.272, 117.608, 121.587, 45.4822, 70.9518, 95.9034, 138.154, 48.7821, 65.1531, 76.3232, 85.3377, 98.9201, 64.7511, 60.4222, 66.1991, 68.8399, 96.7505, 65.2503, 55.1871, 76.1143];
HighestPossibleCritFunctionValue = 1.1;
