NumDevices = 32;
NumSlotes = 256;


GivenBandwidthOld = [0.0160146, 0.0151731, 0.00962568, 0.0112408, 0.00673658, 0.0167706, 0.00816817, 0.0148733, 0.00791092, 0.0163146, 0.00622561, 0.0162688, 0.0123265, 0.0165225, 0.0130192, 0.00837294, 0.00642897, 0.00927387, 0.0108985, 0.0157962, 0.0062784, 0.0160097, 0.00681358, 0.0108462, 0.0114485, 0.0100833, 0.0154886, 0.0117417, 0.0123735, 0.00593927, 0.0163751, 0.012038];
GivenLatency = [19.0395, 25.2747, 43.2058, 50.049, 78.0561, 26.3982, 57.339, 21.2553, 48.5988, 24.1781, 59.0591, 22.6417, 25.4124, 20.4523, 24.6168, 45.3573, 76.9969, 46.7086, 35.4193, 35.9239, 83.8878, 27.0739, 70.688, 38.0722, 28.9123, 43.2824, 39.5717, 41.7221, 26.3343, 67.5273, 26.1655, 37.4268];
HighestPossibleCritFunctionValue = 1.1;
