NumDevices = 64;
NumSlotes = 512;


GivenBandwidthOld = [0.00825341, 0.00635524, 0.00380043, 0.0026351, 0.00435445, 0.00767145, 0.0066076, 0.00763519, 0.00335185, 0.00696761, 0.00843488, 0.0062683, 0.00512546, 0.00363134, 0.00436369, 0.00675742, 0.00695855, 0.00608638, 0.00385742, 0.00414335, 0.00348081, 0.00568186, 0.0050384, 0.00285709, 0.00406459, 0.00480658, 0.00674632, 0.00786529, 0.00811237, 0.00456271, 0.00792495, 0.00470373, 0.00310811, 0.0042784, 0.00458759, 0.00738399, 0.00647506, 0.00507186, 0.00274629, 0.00432943, 0.0059502, 0.00258861, 0.00420306, 0.00706333, 0.0046058, 0.00721586, 0.00565844, 0.00514785, 0.00493819, 0.00610574, 0.00421627, 0.00408637, 0.0083583, 0.00666401, 0.0058078, 0.00288951, 0.00527446, 0.00791723, 0.00608741, 0.00861378, 0.00681242, 0.00640572, 0.00835774, 0.00352017];
GivenLatency = [56.5377, 53.0697, 82.1028, 149.967, 92.341, 63.858, 87.1658, 73.1971, 100.518, 59.7635, 73.9199, 93.4495, 77.3237, 111.807, 113.346, 66.0823, 52.0804, 97.242, 148.281, 107.662, 100.718, 105.123, 64.5881, 154.995, 125.604, 133.044, 49.6537, 53.5199, 38.5552, 73.4692, 54.7648, 104.244, 127.44, 92.722, 90.9222, 43.1527, 47.7069, 71.4737, 151.3, 115.93, 66.5435, 120.68, 110.745, 52.1111, 88.0885, 52.3688, 78.5322, 110.177, 66.6483, 57.2649, 93.7083, 96.4894, 39.5467, 56.7592, 64.3252, 153.546, 120.934, 63.6523, 56.4765, 43.2417, 62.1425, 76.4151, 64.0758, 89.3237];
HighestPossibleCritFunctionValue = 1.1;
