NumDevices = 16;
NumSlotes = 128;


GivenBandwidthOld = [0.0470965, 0.0508116, 0.0497417, 0.0690421, 0.0513964, 0.0385383, 0.0526466, 0.0515975, 0.0587672, 0.0400824, 0.0446031, 0.0648893, 0.0538048, 0.0377138, 0.0350665, 0.0629139];
GivenLatency = [18.5614, 17.9506, 21.8646, 15.2149, 14.9788, 22.5659, 16.9242, 16.228, 18.4731, 25.3119, 18.6006, 14.5917, 15.5272, 28.4684, 27.0448, 15.3294];
HighestPossibleCritFunctionValue = 1.1;
