NumDevices = 16;
NumSlotes = 128;


GivenBandwidthOld = [0.0365664, 0.0412769, 0.0601192, 0.0431701, 0.0797128, 0.0525072, 0.0587895, 0.0449621, 0.0480939, 0.0349121, 0.0379044, 0.0792959, 0.0459392, 0.0698014, 0.0724195, 0.0753793];
GivenLatency = [39.1392, 34.6587, 23.6328, 36.2642, 19.0855, 32.0735, 27.5232, 42.1757, 41.4432, 51.8823, 42.5065, 17.7873, 30.4331, 25.6697, 25.7265, 18.4734];
HighestPossibleCritFunctionValue = 1.1;
