NumDevices = 32;
NumSlotes = 256;


GivenBandwidthOld = [0.0153573, 0.0169779, 0.00501169, 0.0139105, 0.013187, 0.0167207, 0.00797762, 0.0124305, 0.0145031, 0.0111005, 0.0104487, 0.00660967, 0.00873287, 0.00584291, 0.00928071, 0.013439, 0.0137536, 0.0150248, 0.0169307, 0.0115534, 0.0110849, 0.0118786, 0.0144572, 0.0152964, 0.00690474, 0.00546693, 0.0151412, 0.0112071, 0.0155157, 0.0172489, 0.00960387, 0.00715954];
GivenLatency = [24.608, 37.1569, 60.8935, 32.888, 31.1713, 33.1486, 38.9753, 43.5363, 29.585, 28.2482, 33.0404, 52.0549, 44.8909, 97.7695, 39.2417, 40.5218, 23.1277, 23.2242, 18.7632, 51.3315, 56.9195, 35.5669, 42.8177, 23.1166, 52.7184, 64.0123, 41.892, 31.6328, 23.6755, 36.666, 37.0138, 88.0044];
HighestPossibleCritFunctionValue = 1.1;
