NumDevices = 128;
NumSlotes = 1024;


GivenBandwidthOld = [0.00405613, 0.00385007, 0.00570222, 0.00473556, 0.00812823, 0.0087087, 0.00466782, 0.0044855, 0.00530271, 0.00510836, 0.00867872, 0.00579376, 0.00819745, 0.00702536, 0.00765467, 0.00449806, 0.00632765, 0.00623984, 0.0055528, 0.0083621, 0.00436915, 0.00472806, 0.00693116, 0.00449001, 0.00608955, 0.00456829, 0.00670633, 0.00581249, 0.00806011, 0.00378014, 0.0053719, 0.00795547, 0.00505597, 0.00826501, 0.00750772, 0.00478643, 0.00807236, 0.00462465, 0.00401065, 0.00455468, 0.007929, 0.00514692, 0.00674581, 0.00429056, 0.00393092, 0.0045096, 0.00541742, 0.00801308, 0.00829439, 0.00625598, 0.0068265, 0.00540583, 0.00824441, 0.00627572, 0.00853072, 0.00832692, 0.00805447, 0.00395202, 0.00407724, 0.00862515, 0.00531903, 0.00436058, 0.00571617, 0.00416452, 0.00551907, 0.0065163, 0.00688392, 0.00546779, 0.004651, 0.0068404, 0.00411432, 0.00692416, 0.00683538, 0.00470893, 0.00542117, 0.00611486, 0.00499192, 0.00662133, 0.00712491, 0.00580242, 0.0037604, 0.00860854, 0.00626639, 0.00664771, 0.00548696, 0.00690473, 0.00525155, 0.00538573, 0.00539316, 0.00528737, 0.00741048, 0.00537076, 0.00380051, 0.00763487, 0.00679499, 0.00589634, 0.00730054, 0.00765341, 0.00839691, 0.00440477, 0.00839435, 0.00641311, 0.00764728, 0.00536933, 0.0049156, 0.00403613, 0.00769245, 0.00449123, 0.00660704, 0.00706062, 0.00528492, 0.00611859, 0.0076582, 0.00389863, 0.00683209, 0.00451424, 0.00832407, 0.00514061, 0.00580154, 0.0039562, 0.00435925, 0.00835103, 0.00823116, 0.00863602, 0.00808705, 0.00659642, 0.00846459, 0.0068978];
GivenLatency = [316.744, 264.27, 176.432, 230.336, 131.379, 138.217, 245.157, 273.64, 211.552, 205.383, 121.283, 201.779, 137.127, 156.813, 152.427, 226.224, 175.295, 152.675, 222.39, 137.387, 292.857, 241.976, 146.795, 236.387, 183.577, 278.001, 146.169, 182.199, 156.091, 330.257, 199.849, 144.405, 222.402, 118.256, 150.484, 200.78, 143.329, 243.392, 253.158, 242.308, 145.637, 209.538, 142.942, 239.761, 274.413, 230.824, 184.576, 155.113, 117.378, 166.883, 145.292, 192.171, 137.157, 160.288, 129.071, 115.217, 127.956, 285.374, 257.414, 121.386, 183.128, 272.567, 192.599, 230.757, 211.972, 147.002, 168.135, 213.003, 233.514, 158.355, 254.896, 141.454, 178.531, 240.327, 215.253, 176.725, 253.234, 179.546, 153.269, 193.2, 294.406, 123.835, 188.601, 148.152, 234.381, 181.77, 193.559, 227.133, 190.195, 189.33, 160.194, 191.77, 321.468, 145.813, 150.217, 162.019, 162.78, 134.177, 116.622, 216.769, 141.812, 186.705, 128.518, 213.899, 208.338, 245.717, 154.324, 216.186, 180.485, 158.598, 230.928, 206.516, 152.097, 280.7, 147.889, 255.672, 148.2, 186.974, 199.234, 264.786, 267.486, 131.082, 127.899, 114.282, 120.288, 148.821, 130.996, 149.932];
HighestPossibleCritFunctionValue = 1.1;
