NumDevices = 64;
NumSlotes = 512;


GivenBandwidthOld = [0.0162853, 0.0128643, 0.0155592, 0.00829527, 0.0136167, 0.0116007, 0.00851414, 0.0122315, 0.00928591, 0.0133522, 0.0156882, 0.0168718, 0.00871302, 0.0147899, 0.00851677, 0.0163727, 0.0103033, 0.0127057, 0.00995127, 0.0160568, 0.0116615, 0.00924801, 0.0162518, 0.00885936, 0.014318, 0.0174329, 0.00945472, 0.0104668, 0.0104392, 0.0160774, 0.0171242, 0.0116545, 0.0125501, 0.0147081, 0.0136849, 0.0164119, 0.00974324, 0.00968167, 0.0147807, 0.013687, 0.0124714, 0.0122098, 0.0158674, 0.0077445, 0.0167673, 0.0137849, 0.0174564, 0.0143184, 0.0151766, 0.00820382, 0.0165968, 0.0172257, 0.0172927, 0.0141015, 0.00947959, 0.00845557, 0.00774387, 0.0162238, 0.00870745, 0.0110784, 0.0100337, 0.0118097, 0.0107672, 0.00903072];
GivenLatency = [61.24, 81.1575, 63.5853, 124.34, 80.8601, 106.36, 128.217, 76.9212, 124.907, 82.7379, 70.5099, 65.7741, 128.933, 65.0107, 110.359, 56.3358, 120.355, 84.1873, 115.089, 76.1176, 98.9723, 110.141, 67.8526, 110.281, 72.5655, 67.69, 112.192, 103.832, 89.8095, 71.8536, 64.704, 85.7352, 87.5919, 68.6037, 79.5215, 55.5091, 121.302, 117.551, 82.6684, 68.0947, 86.4361, 75.5382, 61.5384, 127.912, 60.8306, 68.3833, 56.0998, 64.6026, 69.9052, 128.112, 57.8917, 63.8441, 55.5276, 77.8361, 106.595, 109.719, 149.194, 72.9606, 128.243, 102.062, 102.237, 87.1775, 108.868, 114.956];
HighestPossibleCritFunctionValue = 1.1;
