NumDevices = 128;
NumSlotes = 1024;


GivenBandwidthOld = [0.0045863, 0.009519, 0.00702428, 0.00951444, 0.00535888, 0.00661568, 0.00466132, 0.00775307, 0.00834646, 0.00646112, 0.00707703, 0.00869634, 0.00558155, 0.00530177, 0.00937153, 0.00989333, 0.00461469, 0.00531125, 0.00613252, 0.00933925, 0.00483003, 0.00584111, 0.00523741, 0.00890411, 0.00395668, 0.00864536, 0.00510189, 0.00627599, 0.00809148, 0.00848643, 0.00888894, 0.00512652, 0.00768908, 0.00794878, 0.00396629, 0.00768285, 0.00935195, 0.00568943, 0.00597846, 0.0075115, 0.00445712, 0.00710591, 0.00651786, 0.00440532, 0.00513427, 0.00673444, 0.00693024, 0.00402152, 0.00474164, 0.0077622, 0.00546322, 0.00401035, 0.0045341, 0.00709559, 0.00811076, 0.00747943, 0.0092716, 0.00520769, 0.00937353, 0.00584587, 0.00401522, 0.00497511, 0.00659078, 0.0050709, 0.00404112, 0.00915837, 0.00840415, 0.0072552, 0.00935278, 0.00720651, 0.00972914, 0.00761608, 0.00595996, 0.00905791, 0.00753907, 0.00535698, 0.00608509, 0.00584289, 0.0039987, 0.0086392, 0.00771037, 0.00939062, 0.00557925, 0.00413285, 0.00714099, 0.00858716, 0.00811037, 0.00730628, 0.00538676, 0.00644723, 0.00484369, 0.00419433, 0.0090925, 0.00766455, 0.00807475, 0.00851502, 0.00823959, 0.00410648, 0.00764124, 0.00380211, 0.0045556, 0.00590849, 0.00646984, 0.00987188, 0.00676042, 0.00618699, 0.00594697, 0.00950846, 0.00492773, 0.004031, 0.00770225, 0.00418361, 0.0039693, 0.00822999, 0.00519989, 0.00961069, 0.00438769, 0.00884207, 0.00491547, 0.00424405, 0.0072137, 0.00569404, 0.00846284, 0.00626767, 0.00577912, 0.00708826, 0.00984432, 0.00590762];
GivenLatency = [1041.96, 446.687, 644.809, 488.914, 738.29, 605.686, 742.838, 493.116, 400.605, 581.598, 477.331, 561.714, 763.523, 654.297, 514.904, 502.311, 1034.3, 655.263, 694.355, 480.977, 770.474, 576.8, 948.094, 523.971, 844.214, 556.805, 835.692, 604.496, 585.069, 539.691, 531.357, 671.991, 436.009, 477.926, 1036.17, 578.733, 375.271, 633.772, 828.731, 545.056, 777.087, 694.715, 542.272, 779.653, 922.343, 730.371, 705.048, 1130.39, 1048.18, 547.215, 792.449, 1056.17, 1012.87, 680.753, 467.503, 517.982, 398.411, 865.596, 405.29, 648.221, 1004.68, 815.338, 639.815, 797.935, 1087.88, 468.808, 581.688, 676.622, 364.974, 558.216, 416.892, 553.168, 677.568, 503.952, 637.197, 791.372, 793.123, 736.725, 1110.7, 387.684, 642.505, 431.537, 807.896, 1123.03, 530.987, 393.134, 552.969, 527.088, 703.718, 551.274, 724.389, 885.897, 384.069, 437.96, 413.605, 394.459, 533.848, 1164.02, 440.783, 1249.37, 941.985, 746.264, 690.199, 384.956, 705.905, 670.37, 661.707, 364.663, 735, 1191.37, 437.832, 955.161, 1094.66, 428.558, 641.507, 472.777, 892.112, 484.696, 882.427, 856.228, 470.132, 626.772, 484.506, 599.569, 717.58, 606.983, 364.557, 639.81];
HighestPossibleCritFunctionValue = 1.1;
