NumDevices = 64;
NumSlotes = 512;


GivenBandwidthOld = [0.0135068, 0.014352, 0.00827793, 0.012092, 0.0152687, 0.0156435, 0.0151214, 0.0111489, 0.0138623, 0.00889706, 0.00787855, 0.00972016, 0.0117213, 0.0142923, 0.0151528, 0.00888736, 0.0147778, 0.015369, 0.0123673, 0.011408, 0.0092019, 0.0113402, 0.00968034, 0.012556, 0.0131993, 0.0149259, 0.0142572, 0.0160879, 0.0149639, 0.0132298, 0.00807109, 0.0158668, 0.00820799, 0.0166571, 0.0111437, 0.00768413, 0.012112, 0.0112185, 0.0138685, 0.0131506, 0.00776222, 0.0146521, 0.0129851, 0.0154361, 0.00887168, 0.0112815, 0.0126869, 0.0137249, 0.00884243, 0.00971684, 0.0160051, 0.0128323, 0.00819598, 0.0148387, 0.00883164, 0.00835279, 0.0103331, 0.0131227, 0.00770986, 0.0145732, 0.0168856, 0.0118207, 0.0159713, 0.0150339];
GivenLatency = [86.7747, 68.9449, 127.709, 95.7904, 73.4622, 64.2986, 68.4633, 98.7356, 86.1228, 118.819, 125.174, 119.865, 88.2659, 69.3979, 62.8023, 139.216, 73.1165, 63.9929, 98.7182, 100.234, 110.323, 87.5115, 98.2002, 88.6649, 83.3655, 63.731, 77.6101, 71.3448, 82.7318, 72.5482, 141.338, 71.6808, 133.723, 73.7062, 83.9815, 123.595, 76.8324, 108.309, 68.4501, 75.34, 128.706, 78.3859, 92.1, 69.423, 115.801, 95.2619, 74.1849, 87.0234, 105.234, 102.309, 75.9427, 90.2966, 118.585, 84.0064, 131.411, 124.657, 113.293, 85.5982, 148.135, 76.743, 71.8442, 77.9399, 58.3432, 62.1776];
HighestPossibleCritFunctionValue = 1.1;
