NumDevices = 16;
NumSlotes = 128;


GivenBandwidthOld = [0.0351275, 0.0581919, 0.0505689, 0.0312167, 0.079766, 0.0469258, 0.0523705, 0.0613169, 0.0735255, 0.0632751, 0.0349078, 0.0650573, 0.0387176, 0.0471607, 0.0502385, 0.0782504];
GivenLatency = [39.2201, 33.3158, 29.3173, 54.4097, 16.7439, 32.1727, 26.6856, 24.8498, 24.3478, 23.4498, 50.2634, 23.1526, 37.4726, 28.5541, 39.5106, 18.3027];
HighestPossibleCritFunctionValue = 1.1;
