NumDevices = 16;
NumSlotes = 128;


GivenBandwidthOld = [0.013983, 0.0273077, 0.0251792, 0.0266168, 0.0133518, 0.019393, 0.0278076, 0.0281271, 0.0213231, 0.0180298, 0.0163141, 0.0318782, 0.0168849, 0.024396, 0.0141423, 0.0294717];
GivenLatency = [31.2339, 11.9335, 22.3325, 22.0465, 44.5361, 24.8956, 19.8453, 12.6225, 14.6835, 17.8024, 19.5104, 18.3765, 35.1852, 24.5693, 31.3911, 16.6188];
HighestPossibleCritFunctionValue = 1.1;
