NumDevices = 32;
NumSlotes = 256;


GivenBandwidthOld = [0.019772, 0.0177477, 0.0162225, 0.0222052, 0.0331727, 0.0243045, 0.0154974, 0.0345634, 0.01642, 0.021025, 0.0172461, 0.0254859, 0.0308783, 0.0221235, 0.0194127, 0.0184438, 0.0150862, 0.0236749, 0.0337226, 0.0251158, 0.0308163, 0.0189707, 0.0301367, 0.0172007, 0.0224715, 0.028868, 0.033792, 0.0321771, 0.0300309, 0.0196837, 0.034197, 0.0188085];
GivenLatency = [50.5048, 59.3936, 62.2978, 37.8407, 26.2128, 35.8575, 61.3676, 30.8778, 58.0763, 41.0666, 52.3971, 41.8715, 35.2702, 51.6546, 52.826, 56.6752, 60.6724, 37.2104, 31.0658, 40.8955, 27.2352, 56.2139, 33.9007, 63.0619, 38.0528, 29.9803, 30.4747, 32.2358, 34.8496, 51.4166, 30.4447, 51.3185];
HighestPossibleCritFunctionValue = 1.1;
