NumDevices = 16;
NumSlotes = 128;


GivenBandwidthOld = [0.0122304, 0.021323, 0.0157805, 0.0123538, 0.0209086, 0.025837, 0.032092, 0.0102721, 0.033849, 0.0144768, 0.0266015, 0.0321118, 0.0182865, 0.0311958, 0.0226178, 0.0273099];
GivenLatency = [45.8981, 19.2225, 28.9683, 35.5871, 22.2614, 14.36, 11.6283, 48.4209, 13.0816, 28.7316, 11.4105, 11.0102, 21.5121, 10.8164, 17.8905, 17.7774];
HighestPossibleCritFunctionValue = 1.1;
