NumDevices = 32;
NumSlotes = 256;


GivenBandwidthOld = [0.00517983, 0.0149615, 0.0159899, 0.0121308, 0.0143893, 0.011373, 0.0159515, 0.0162255, 0.00958921, 0.0108306, 0.0129533, 0.013261, 0.010028, 0.0111454, 0.0156464, 0.0139388, 0.0136928, 0.0166727, 0.0135876, 0.0111645, 0.0119506, 0.0120143, 0.00681548, 0.00535435, 0.0105502, 0.012785, 0.009565, 0.0165297, 0.00891673, 0.00842261, 0.0163084, 0.0149874];
GivenLatency = [83.1165, 21.1898, 32.1255, 27.0073, 36.0489, 46.3049, 27.7853, 29.541, 36.7744, 45.3812, 41.7919, 23.508, 38.2503, 43.605, 24.0175, 37.3098, 23.0576, 34.1442, 38.2309, 49.0915, 25.5823, 44.2395, 44.8936, 81.2592, 58.658, 45.8311, 35.119, 20.0511, 41.1662, 38.2129, 23.0258, 37.7997];
HighestPossibleCritFunctionValue = 1.1;
