NumDevices = 128;
NumSlotes = 1024;


GivenBandwidthOld = [0.0082115, 0.00822346, 0.00416252, 0.00688873, 0.00640607, 0.00425615, 0.00562516, 0.00452964, 0.00717399, 0.005811, 0.00789822, 0.0078182, 0.00792696, 0.00590158, 0.00539619, 0.00619658, 0.00836092, 0.00453873, 0.00493815, 0.00794381, 0.00407899, 0.00812723, 0.00687677, 0.00529299, 0.00678722, 0.00522348, 0.00859387, 0.00472546, 0.008349, 0.00421682, 0.00462421, 0.00668415, 0.00808506, 0.00811873, 0.00399892, 0.00735185, 0.00502746, 0.00405435, 0.0038822, 0.00567302, 0.0039524, 0.00549459, 0.0050076, 0.00523704, 0.006416, 0.00620399, 0.00803373, 0.0054578, 0.00682386, 0.00616133, 0.00592821, 0.00793197, 0.00508592, 0.00661435, 0.00484477, 0.00850496, 0.00532795, 0.00442589, 0.00835812, 0.00740599, 0.00491661, 0.00601195, 0.00538951, 0.00399336, 0.00396894, 0.00850076, 0.00480282, 0.00847861, 0.00756665, 0.0051642, 0.0071315, 0.00661293, 0.00600299, 0.00467943, 0.00461074, 0.005183, 0.0082121, 0.00827831, 0.00602045, 0.00827037, 0.00757655, 0.00663674, 0.0062502, 0.00462988, 0.00683034, 0.00507543, 0.00524935, 0.00827723, 0.00791681, 0.00532035, 0.00656947, 0.00549758, 0.00538731, 0.00699843, 0.0051059, 0.00736696, 0.00397522, 0.00405806, 0.00625124, 0.00714513, 0.00576945, 0.0046744, 0.00507159, 0.00569921, 0.00419663, 0.00523054, 0.00722852, 0.00726792, 0.00439457, 0.00697781, 0.00855826, 0.00619225, 0.00566714, 0.00512805, 0.00468992, 0.00604371, 0.00415623, 0.00623247, 0.00666231, 0.00596033, 0.00779144, 0.00817772, 0.00549499, 0.00684554, 0.00546023, 0.00756403, 0.00611751, 0.0044329];
GivenLatency = [134.29, 145.345, 229.918, 166.227, 202.162, 236.126, 173.511, 213.993, 173.692, 204.514, 140.139, 152.976, 122.765, 177.076, 201.67, 192.467, 135.64, 248.907, 233.024, 149.405, 317.551, 123.775, 148.971, 189.009, 171.498, 191.368, 130.54, 234.664, 141.029, 254.567, 212.613, 172.354, 123.43, 130.183, 300.503, 158.136, 189.661, 318.337, 290.475, 205.927, 316.023, 212.025, 194.205, 233.052, 181.616, 183.249, 119.31, 220.811, 176.245, 185.977, 174.809, 161.715, 252.035, 174.924, 245.23, 139.959, 225.318, 251.122, 134.317, 147.247, 211.563, 183.563, 210.213, 299.666, 278.969, 131.625, 218.151, 120.735, 131.755, 202.181, 168.369, 173.623, 203.924, 229.749, 262.729, 185.14, 153.122, 152.443, 205.935, 120.102, 160.718, 189.043, 178.227, 257.044, 167.8, 203.139, 192.365, 126.362, 123.781, 184.18, 148.173, 178.836, 195.164, 148.373, 242.193, 146.206, 268.711, 300.759, 171.946, 152.103, 174.743, 260.197, 207.338, 224.936, 244.238, 247.141, 165.855, 132.104, 227.076, 181.292, 131.604, 161.592, 179.414, 187.557, 226.017, 159.091, 298.421, 197.68, 192.394, 168.457, 125.838, 146.981, 195.791, 144.743, 210.834, 127.602, 165.464, 235.253];
HighestPossibleCritFunctionValue = 1.1;
