NumDevices = 64;
NumSlotes = 512;


GivenBandwidthOld = [0.0136725, 0.0078725, 0.0080402, 0.0167238, 0.0126145, 0.0163984, 0.0129219, 0.0135978, 0.0131265, 0.0123316, 0.0128823, 0.0171386, 0.0138545, 0.00775693, 0.0157082, 0.0133764, 0.0129672, 0.0152364, 0.0134245, 0.0103596, 0.00859765, 0.0157265, 0.0106112, 0.00773218, 0.00978242, 0.00811732, 0.0128276, 0.00924145, 0.0161167, 0.0083279, 0.0119864, 0.0105949, 0.013732, 0.00891944, 0.014016, 0.0113335, 0.00751939, 0.013468, 0.01243, 0.0165013, 0.0117351, 0.0169552, 0.0110418, 0.014354, 0.0125916, 0.0124242, 0.00857515, 0.00752239, 0.0138141, 0.00923662, 0.0148663, 0.0129958, 0.0146614, 0.00921234, 0.0167247, 0.00785147, 0.0146874, 0.0158116, 0.0103666, 0.0170057, 0.00959232, 0.0131047, 0.0152786, 0.0124411];
GivenLatency = [76.597, 154.534, 122.334, 62.3898, 82.1826, 56.4971, 80.0157, 69.8852, 78.5266, 79.4087, 84.2456, 57.1313, 76.764, 148.999, 57.9615, 81.2259, 74.3092, 61.1791, 78.7989, 95.4035, 121.041, 74.1077, 109.761, 138.304, 112.283, 118.354, 91.763, 111.75, 56.5578, 128.811, 81.6193, 117.29, 83.4391, 121.246, 79.019, 93.4771, 152.362, 79.7538, 87.1328, 73.7024, 97.8921, 67.225, 90.2848, 72.2459, 74.3456, 75.9259, 108.853, 149.091, 76.9877, 107.68, 67.7695, 78.1012, 69.0357, 111.719, 64.7108, 118.099, 77.4379, 62.6368, 103.272, 55.0584, 100.319, 93.0266, 66.702, 73.6928];
HighestPossibleCritFunctionValue = 1.1;
