NumDevices = 64;
NumSlotes = 512;


GivenBandwidthOld = [0.00773042, 0.00387537, 0.00586138, 0.00340985, 0.0068978, 0.00376643, 0.00611121, 0.00854384, 0.00635843, 0.00741414, 0.00702688, 0.00458108, 0.00416862, 0.00321097, 0.00802672, 0.00874673, 0.00383114, 0.00628782, 0.00814083, 0.00786021, 0.0040502, 0.00667716, 0.0080773, 0.00270912, 0.00473018, 0.00390342, 0.00850005, 0.00790839, 0.00757799, 0.00459854, 0.00385351, 0.00722771, 0.00490484, 0.00812452, 0.00871996, 0.00382523, 0.00693505, 0.00481913, 0.00511947, 0.00298579, 0.00471572, 0.00468506, 0.00799204, 0.00721671, 0.00751308, 0.00728775, 0.00774482, 0.00851208, 0.00383518, 0.00534098, 0.00715307, 0.00664865, 0.00381936, 0.00818094, 0.00706612, 0.00771335, 0.00453992, 0.00611815, 0.00655207, 0.00564407, 0.00736118, 0.00430218, 0.00424016, 0.0055933];
GivenLatency = [65.9248, 128.39, 58.1281, 180.567, 46.113, 96.0823, 101.675, 38.6977, 97.722, 44.1159, 79.2877, 79.7574, 120.635, 135.859, 43.4882, 53.1067, 109.062, 88.8681, 48.4585, 74.7011, 108.949, 58.7141, 47.9514, 176.544, 73.1509, 159.979, 41.4804, 44.3234, 56.7585, 93.8098, 96.8841, 50.8016, 102.407, 46.4937, 44.2753, 132.71, 47.6537, 103.341, 75.9146, 162.593, 79.4753, 66.2261, 48.3561, 50.8921, 60.6359, 56.7198, 69.8946, 51.6033, 119.72, 105.596, 63.9936, 52.7193, 99.1189, 70.4942, 50.3965, 55.7498, 82.5172, 72.5471, 47.5543, 107.62, 78.4215, 74.1232, 99.8456, 97.964];
HighestPossibleCritFunctionValue = 1.1;
