NumDevices = 32;
NumSlotes = 256;


GivenBandwidthOld = [0.0188534, 0.0297157, 0.0171009, 0.0252108, 0.0282095, 0.0270242, 0.0300399, 0.0164336, 0.0340325, 0.0185395, 0.0279046, 0.0279544, 0.0152513, 0.0388434, 0.0253035, 0.0354159, 0.0205008, 0.0165128, 0.0162623, 0.0300466, 0.0276758, 0.0325571, 0.022578, 0.0276835, 0.0365944, 0.02686, 0.0204332, 0.0306445, 0.0266868, 0.0350178, 0.0287543, 0.0337062];
GivenLatency = [95.3846, 66.9018, 123.454, 68.9178, 82.0274, 69.1599, 58.8967, 124.781, 54.5346, 97.0175, 86.9821, 83.204, 117.928, 48.323, 87.9929, 53.3097, 89.4012, 109.136, 123.293, 72.8675, 76.8677, 57.0751, 77.1238, 61.0698, 55.9949, 68.4828, 82.6586, 56.0263, 65.6539, 53.3604, 84.085, 54.7974];
HighestPossibleCritFunctionValue = 1.1;
