NumDevices = 128;
NumSlotes = 1024;


GivenBandwidthOld = [0.00348693, 0.00352564, 0.00419482, 0.00417158, 0.00417356, 0.00313204, 0.00151397, 0.00340686, 0.00164999, 0.00203503, 0.0015795, 0.00173054, 0.00266777, 0.00159728, 0.0036027, 0.00251349, 0.00239418, 0.00329894, 0.00336419, 0.00315055, 0.00311149, 0.00285694, 0.00289429, 0.00245281, 0.00127268, 0.00434864, 0.00205218, 0.00219619, 0.00378179, 0.00308933, 0.00236917, 0.00170951, 0.00243482, 0.00194556, 0.00408613, 0.00241829, 0.00226906, 0.0036257, 0.00154765, 0.00380433, 0.0037777, 0.00301815, 0.00295413, 0.00193379, 0.00312475, 0.00386838, 0.00210615, 0.0030856, 0.00225628, 0.00130598, 0.00144219, 0.00328592, 0.00340992, 0.00299711, 0.00247521, 0.00267103, 0.00322465, 0.0017595, 0.0018557, 0.00318569, 0.00316566, 0.00401458, 0.00309605, 0.00280196, 0.00384353, 0.00319543, 0.0042695, 0.00315415, 0.00432968, 0.00204003, 0.00423846, 0.00321278, 0.00220369, 0.0017398, 0.00201976, 0.00424986, 0.00430105, 0.00219871, 0.00241129, 0.00340446, 0.00185365, 0.0030995, 0.00142163, 0.00147856, 0.00204376, 0.0012777, 0.00433305, 0.00248124, 0.00404093, 0.00210597, 0.0030907, 0.0034502, 0.00195308, 0.00236695, 0.00187142, 0.00175803, 0.0022269, 0.00129518, 0.00127725, 0.00291443, 0.00350164, 0.00388851, 0.00289076, 0.00256791, 0.00140998, 0.00245492, 0.00226703, 0.00378377, 0.00189077, 0.00198816, 0.00128437, 0.00382639, 0.00264801, 0.00382767, 0.00233969, 0.00323646, 0.00329827, 0.00148093, 0.00125625, 0.00311924, 0.00195889, 0.00305837, 0.00397903, 0.00244524, 0.00220698, 0.00392458, 0.00291946, 0.00359488];
GivenLatency = [138.837, 115.337, 79.57, 80.5881, 141.962, 114.715, 239.466, 182.933, 202.742, 203.297, 207.013, 246.318, 220.284, 351.273, 94.8586, 208.796, 223.579, 192.199, 101.889, 131.958, 165.081, 155.279, 125.109, 147.367, 344.754, 92.5722, 167.836, 222.833, 156.526, 211.33, 252.79, 197.9, 191.274, 168.691, 93.197, 243.795, 208.666, 94.0063, 326.097, 125.41, 131.99, 152.178, 176.56, 309.23, 146.476, 156.562, 154.84, 148.557, 224.231, 312.123, 371.577, 170.102, 186.877, 105.863, 211.636, 177.845, 111.419, 306.422, 305.281, 103.386, 126.965, 160.744, 153.792, 166, 141.355, 146.642, 102.673, 155.875, 86.353, 237.991, 125.132, 133.369, 205.191, 328.382, 231.902, 103.649, 151.449, 152.1, 195.049, 108.585, 181.487, 156.672, 393.029, 296.734, 176.312, 255.818, 90.2949, 206.073, 132.249, 176.275, 146.799, 138.511, 203.662, 202.076, 202.196, 337.121, 187.791, 481.908, 260.609, 126.923, 103.497, 128.451, 128.498, 132.154, 370.245, 187.076, 272.079, 88.7612, 305.303, 283.069, 271.716, 126.107, 191.86, 152.357, 200.417, 142.654, 188.536, 259.165, 360.387, 110.289, 293.481, 154.601, 89.2417, 139.388, 197.775, 105.592, 121.601, 99.0315];
HighestPossibleCritFunctionValue = 1.1;
