NumDevices = 32;
NumSlotes = 256;


GivenBandwidthOld = [0.0144157, 0.0164752, 0.00637876, 0.0153849, 0.00717171, 0.0174182, 0.00589295, 0.0127403, 0.00921586, 0.0110045, 0.010899, 0.0120826, 0.0054647, 0.0152148, 0.00935044, 0.0103044, 0.00645302, 0.0133978, 0.0099346, 0.0158341, 0.00622042, 0.0166341, 0.0146507, 0.0160579, 0.00574166, 0.00765439, 0.017302, 0.0142154, 0.0125448, 0.0112442, 0.0137888, 0.00521748];
GivenLatency = [30.632, 19.367, 50.5074, 31.1936, 56.4043, 22.9374, 52.1524, 41.594, 33.0891, 27.8467, 34.1756, 49.2142, 98.3537, 21.2325, 50.31, 46.6958, 89.3945, 31.8166, 39.6504, 21.1355, 60.0806, 23.7628, 31.5479, 20.3439, 55.9437, 59.5018, 33.7478, 35.6974, 33.3522, 55.9585, 35.7308, 68.7474];
HighestPossibleCritFunctionValue = 1.1;
