NumDevices = 32;
NumSlotes = 256;


GivenBandwidthOld = [0.0345895, 0.0153334, 0.0190755, 0.0313381, 0.0286483, 0.0221158, 0.0310773, 0.0254706, 0.0150218, 0.0213686, 0.0324616, 0.031791, 0.0216676, 0.0175391, 0.0299471, 0.0313378, 0.0244352, 0.0326937, 0.0336202, 0.0249316, 0.0157626, 0.0312594, 0.0274038, 0.0253366, 0.0228264, 0.0336594, 0.0231088, 0.0191164, 0.0191701, 0.0218352, 0.0341528, 0.0167235];
GivenLatency = [29.3968, 61.3514, 49.3821, 32.3334, 36.038, 40.5338, 31.2849, 37.3204, 59.2698, 45.2424, 28.7708, 34.1467, 47.5833, 58.364, 33.6218, 36.5084, 45.2746, 33.1987, 33.2135, 35.2259, 58.2954, 26.7982, 31.6235, 35.5027, 50.6233, 34.3992, 45.6184, 47.1239, 45.0458, 40.6476, 33.7518, 68.9952];
HighestPossibleCritFunctionValue = 1.1;
