NumDevices = 128;
NumSlotes = 1024;


GivenBandwidthOld = [0.00858566, 0.00791651, 0.00526247, 0.00504408, 0.00955756, 0.00507974, 0.00892762, 0.00526844, 0.00550448, 0.00376472, 0.0073637, 0.00795195, 0.00711316, 0.00959557, 0.00647111, 0.00620622, 0.00426612, 0.00948756, 0.00989065, 0.00968908, 0.00934019, 0.0080966, 0.0069701, 0.00521671, 0.00466082, 0.00561501, 0.00525568, 0.00978946, 0.00894845, 0.00542025, 0.00696811, 0.00935226, 0.00463252, 0.00498356, 0.00497797, 0.00476903, 0.0056467, 0.00664896, 0.00777235, 0.00733134, 0.00787332, 0.00446768, 0.00953127, 0.00698262, 0.00943054, 0.007855, 0.00906002, 0.00547613, 0.00863003, 0.00989599, 0.00564179, 0.00535277, 0.00405747, 0.00882215, 0.00768503, 0.00852084, 0.00593822, 0.00609454, 0.0084746, 0.00379457, 0.00908161, 0.00590821, 0.00801326, 0.00633454, 0.00460979, 0.0042139, 0.00679957, 0.00792778, 0.00722165, 0.00801189, 0.00832619, 0.00949332, 0.00665745, 0.00670924, 0.00841487, 0.00630772, 0.00389691, 0.0041383, 0.00495462, 0.00599732, 0.00562673, 0.00844345, 0.00533495, 0.00457778, 0.00995052, 0.00959124, 0.00873054, 0.005364, 0.00519258, 0.00543299, 0.00843577, 0.00744208, 0.00660774, 0.00875151, 0.00788093, 0.00737579, 0.00494889, 0.00977445, 0.00673285, 0.00518866, 0.008308, 0.00997397, 0.00994237, 0.00389827, 0.00819605, 0.00984316, 0.00519486, 0.00619087, 0.0087161, 0.00655124, 0.00913044, 0.00773713, 0.00916394, 0.00829338, 0.00805888, 0.00437312, 0.00772523, 0.00912849, 0.00634134, 0.00634303, 0.00987064, 0.00457953, 0.00820427, 0.00410076, 0.00522908, 0.00639819, 0.00571459, 0.00378662];
GivenLatency = [472.948, 466.714, 643.463, 714.29, 504.232, 684.589, 500.998, 706.785, 668.441, 1117.48, 612.083, 551.554, 617.904, 348.689, 751.386, 550.918, 803.598, 514.323, 349.452, 347.358, 362.172, 531.734, 566.112, 933.703, 947.904, 871.94, 806.772, 359.504, 374.927, 862.068, 698.778, 481.672, 779.757, 687.005, 745.918, 892.416, 709.051, 571.552, 555.684, 578.012, 500.135, 1099.67, 427.393, 597.341, 375.362, 567.5, 508.2, 643.848, 439.054, 365.853, 877.893, 681.699, 997.619, 499.802, 448.077, 557.355, 635.043, 587.211, 402.413, 1164.06, 386.069, 825.517, 512.486, 530.245, 760.104, 1021, 638.936, 458.464, 518.584, 580.439, 416.562, 366.147, 681.341, 585.584, 432.552, 573.665, 1180.77, 1103.39, 750.58, 750.875, 866.844, 526.154, 660.94, 782.648, 419.801, 379.16, 544.84, 928.45, 731.101, 896.031, 459.375, 467.495, 517.241, 567.26, 592.514, 513.218, 756.921, 413.899, 590.361, 689.315, 526.123, 348.368, 355.803, 992.829, 502.118, 416.979, 689.558, 595.159, 420.125, 600.524, 430.84, 638.1, 436.54, 587.213, 506.338, 943.062, 439.348, 386.945, 540.969, 686.79, 389.882, 771.165, 458.972, 870.325, 705.155, 592.622, 665.191, 903.005];
HighestPossibleCritFunctionValue = 1.1;
