NumDevices = 64;
NumSlotes = 512;


GivenBandwidthOld = [0.00441421, 0.00582569, 0.00367718, 0.00614894, 0.00530049, 0.00778101, 0.00416255, 0.0075184, 0.00302881, 0.00273235, 0.00757152, 0.00831773, 0.00603533, 0.00828559, 0.00345901, 0.00811053, 0.0048939, 0.00556123, 0.0025404, 0.0065135, 0.00736008, 0.00454458, 0.0032172, 0.0065175, 0.00593656, 0.00458341, 0.00591898, 0.00287707, 0.00858579, 0.00508929, 0.00811206, 0.00558264, 0.00615381, 0.00575211, 0.00442433, 0.00716241, 0.00737434, 0.00673115, 0.0028922, 0.00675745, 0.00753491, 0.00552237, 0.00571687, 0.005859, 0.00720805, 0.00565744, 0.00708035, 0.00325058, 0.00499928, 0.00784654, 0.00552744, 0.00338474, 0.00351658, 0.00683257, 0.00754024, 0.00756234, 0.00406556, 0.0087017, 0.00325392, 0.00489702, 0.00795779, 0.0065898, 0.00844493, 0.00641204];
GivenLatency = [72.3299, 58.6421, 88.8382, 54.2578, 115.214, 42.253, 82.0851, 59.7685, 109.132, 122.519, 54.2027, 40.5604, 79.664, 52.3222, 92.9972, 41.3553, 99.4202, 90.9761, 145.872, 53.8879, 55.5311, 130.935, 131.068, 57.3699, 61.8464, 131, 66.5567, 127.633, 59.1094, 80.9368, 58.4519, 104.649, 69.2551, 68.3283, 116.372, 50.2718, 78.8507, 70.3569, 122.706, 58.7204, 63.6171, 70.0242, 101.962, 70.4861, 68.9232, 107.171, 50.6797, 108.02, 116.839, 52.3964, 60.1393, 180.551, 115.561, 45.4469, 61.0473, 51.1797, 87.3542, 40.6486, 131.057, 131.294, 50.6224, 58.2366, 51.6296, 53.9143];
HighestPossibleCritFunctionValue = 1.1;
