NumDevices = 16;
NumSlotes = 128;


GivenBandwidthOld = [0.0202764, 0.0253957, 0.0157092, 0.0153337, 0.0292486, 0.0208429, 0.0224322, 0.0329733, 0.0222297, 0.0292084, 0.0208074, 0.0257635, 0.0221964, 0.0197748, 0.0207883, 0.0289698];
GivenLatency = [30.4412, 15.854, 37.3688, 23.8563, 11.9821, 14.9796, 15.8314, 14.2042, 13.7308, 11.0543, 22.824, 15.5226, 18.7995, 21.4736, 20.1592, 16.4433];
HighestPossibleCritFunctionValue = 1.1;
