NumDevices = 128;
NumSlotes = 1024;


GivenBandwidthOld = [0.00643331, 0.00834675, 0.00502497, 0.00725419, 0.00486242, 0.006428, 0.00669012, 0.00581156, 0.00865467, 0.00532332, 0.00904367, 0.00570733, 0.00677645, 0.00685143, 0.0045449, 0.00739437, 0.00465342, 0.00636372, 0.00754746, 0.00886189, 0.00680373, 0.00899848, 0.00878145, 0.00490732, 0.00486623, 0.00798131, 0.00683751, 0.00797747, 0.00481281, 0.00389468, 0.00409384, 0.00766578, 0.00378581, 0.00568012, 0.00577132, 0.00730028, 0.00457099, 0.00835237, 0.00585557, 0.00458745, 0.00378541, 0.0052079, 0.00674875, 0.00997145, 0.00512299, 0.00458278, 0.00645495, 0.0095845, 0.00790138, 0.00728812, 0.00649493, 0.00659643, 0.00616196, 0.0041164, 0.00557099, 0.00913375, 0.00722345, 0.00699809, 0.00687846, 0.00870495, 0.00661087, 0.00508508, 0.00486136, 0.00730189, 0.00662244, 0.0058902, 0.00537147, 0.00583594, 0.00585317, 0.00793749, 0.00786246, 0.00942207, 0.00918494, 0.00509295, 0.00596069, 0.00880373, 0.00432195, 0.00405956, 0.00646338, 0.00757968, 0.00670056, 0.00626213, 0.00634704, 0.00848562, 0.00786986, 0.00878973, 0.00644566, 0.00967715, 0.00890957, 0.00805836, 0.00815801, 0.00799913, 0.00634943, 0.00487037, 0.00880602, 0.00525021, 0.00525312, 0.00415589, 0.00684244, 0.00961297, 0.00526292, 0.00636712, 0.00838192, 0.00865216, 0.00687809, 0.00874634, 0.00850564, 0.00685551, 0.00432826, 0.00388225, 0.00766842, 0.00444019, 0.00998448, 0.00549279, 0.00732065, 0.0093863, 0.00810085, 0.00980653, 0.00834574, 0.006812, 0.00435794, 0.00894203, 0.00989894, 0.00532016, 0.00593412, 0.00606543, 0.00670017, 0.00602245];
GivenLatency = [535.531, 513.579, 916.983, 462.796, 836.292, 648.752, 532.515, 717.773, 526.471, 813.661, 382.932, 696.98, 729.337, 627.891, 945.641, 507.896, 997.968, 772.782, 636.417, 490.184, 577.509, 446.985, 421.854, 886.161, 809.304, 559.61, 541.266, 586.176, 809.356, 1214.06, 843.181, 457.267, 1142.55, 649.656, 602.334, 470.349, 879.688, 462.824, 677.74, 893.145, 1264.16, 703.903, 625.012, 409.901, 967.345, 876.114, 719.323, 500.8, 585.98, 487.076, 654.418, 704.927, 775.847, 922.048, 821.555, 423.049, 648.4, 665.43, 524.405, 502.787, 547.92, 739.574, 981.446, 604.769, 556.552, 803.912, 679.528, 620.869, 780.706, 421.753, 565.779, 357.926, 388.758, 662.779, 781.66, 457.745, 1099.37, 996.848, 521.982, 487.686, 655.667, 592.147, 766.036, 447.208, 603.378, 489.189, 619.671, 389.552, 396.679, 445.984, 514.695, 556.944, 607.666, 904.096, 505.092, 674.242, 728.9, 1191.15, 598.498, 358.175, 870.056, 694.631, 416.623, 435.01, 556.281, 421.928, 485.826, 562.059, 1030, 958.837, 525.342, 801.781, 342.316, 854.79, 602.595, 495.378, 430.679, 453.274, 456.56, 733.415, 845.818, 444.585, 392.389, 692.833, 814.406, 801.557, 576.26, 616.378];
HighestPossibleCritFunctionValue = 1.1;
