NumDevices = 64;
NumSlotes = 512;


GivenBandwidthOld = [0.00810916, 0.00690438, 0.00820756, 0.00440925, 0.00380004, 0.00856834, 0.00550119, 0.00605333, 0.00459784, 0.00470484, 0.00302806, 0.00263835, 0.00275129, 0.00712338, 0.00770929, 0.00506633, 0.00356035, 0.00509023, 0.00526314, 0.00501736, 0.00559958, 0.00330795, 0.00676955, 0.00463375, 0.00814124, 0.00864093, 0.00687795, 0.00777329, 0.00569019, 0.00749726, 0.00397823, 0.00334634, 0.00813264, 0.00784337, 0.0085074, 0.00639607, 0.00255865, 0.00705932, 0.00607818, 0.00346609, 0.00826739, 0.00373505, 0.0037544, 0.00397629, 0.00825802, 0.00254237, 0.00839722, 0.00448996, 0.00398662, 0.00691571, 0.00489381, 0.0040478, 0.00392062, 0.00383432, 0.00339082, 0.00568004, 0.00573455, 0.00301484, 0.00547194, 0.00814093, 0.00343023, 0.00566283, 0.00394484, 0.00466548];
GivenLatency = [63.4802, 65.7328, 45.7514, 125.352, 150.013, 38.7508, 67.3801, 62.021, 104.788, 75.786, 193.041, 226.151, 171.84, 78.6756, 54.2505, 83.4717, 91.6989, 67.9982, 58.8728, 79.9888, 57.1477, 106.232, 57.8686, 72.0545, 52.6675, 66.7964, 54.2016, 49.9487, 112.287, 66.6834, 155.712, 111.571, 75.6708, 42.7672, 68.8803, 85.5141, 186.639, 58.9003, 102.691, 161.905, 64.4522, 95.4153, 149.669, 162.685, 75.1531, 125.41, 51.3888, 94.2389, 78.0584, 50.6174, 90.3903, 99.8287, 158.143, 131.704, 149.105, 89.073, 64.1664, 115.064, 86.4092, 67.6056, 174.714, 85.3156, 123.721, 83.5928];
HighestPossibleCritFunctionValue = 1.1;
