NumDevices = 128;
NumSlotes = 1024;


GivenBandwidthOld = [0.00744209, 0.00677116, 0.00542495, 0.00461457, 0.00956386, 0.00479477, 0.00691596, 0.00783324, 0.00573253, 0.00536607, 0.00878, 0.00544512, 0.00621139, 0.00979119, 0.00675204, 0.00904062, 0.00449303, 0.00440418, 0.00479899, 0.00907849, 0.0097366, 0.00804294, 0.00521608, 0.00662741, 0.00805017, 0.00799761, 0.00581003, 0.00793321, 0.00473837, 0.00895721, 0.00881563, 0.00434111, 0.00724858, 0.00432565, 0.00376657, 0.00727444, 0.00772755, 0.00442601, 0.00921238, 0.00380666, 0.00607508, 0.00644961, 0.00735067, 0.00777609, 0.0077961, 0.00650861, 0.00512834, 0.00693918, 0.00429085, 0.00624488, 0.0039954, 0.00947307, 0.00391597, 0.00575828, 0.0069567, 0.00498471, 0.00544885, 0.00631716, 0.00620255, 0.00499107, 0.0062403, 0.00818404, 0.00783434, 0.00556164, 0.00831557, 0.00594942, 0.00697642, 0.00526587, 0.0059906, 0.00530453, 0.00572781, 0.00722205, 0.00855352, 0.00517452, 0.00809685, 0.0050088, 0.00420827, 0.00595978, 0.00603762, 0.0079624, 0.00781808, 0.00726605, 0.00430638, 0.00491171, 0.00978374, 0.00658032, 0.0041664, 0.00840704, 0.00588738, 0.0078703, 0.00992303, 0.00380077, 0.00704305, 0.00621089, 0.00776055, 0.00901741, 0.00805201, 0.00758751, 0.00710843, 0.00515039, 0.00881634, 0.00991582, 0.00772635, 0.00923936, 0.00715121, 0.00530406, 0.00405669, 0.00825456, 0.00568439, 0.00875943, 0.00979607, 0.00754783, 0.00880817, 0.00398693, 0.00464967, 0.00569059, 0.00671857, 0.00895953, 0.00408605, 0.00801256, 0.00717878, 0.00620402, 0.00468009, 0.00452466, 0.0047609, 0.00642395, 0.00725899, 0.00434626];
GivenLatency = [556.108, 642.362, 632.592, 840.812, 481.888, 709.63, 507.433, 506.036, 797.897, 637.643, 408.845, 701.668, 607.058, 342.408, 602.707, 384.621, 827.878, 768.854, 933.86, 466.353, 436.674, 435.634, 879.222, 543.416, 508.347, 620.458, 775.34, 498.583, 786.372, 379.243, 424.794, 908.721, 480.893, 840.248, 1108.08, 590.161, 433.682, 838.797, 515.399, 990.069, 686.408, 573.91, 455.629, 531.329, 504.358, 528.022, 725.851, 494.652, 880.367, 742.81, 940.292, 522.388, 855.576, 580.884, 520.712, 688.948, 909.93, 706.575, 550.186, 806.645, 557.254, 464.75, 442.574, 834.062, 446.289, 579.394, 582.73, 674.276, 558.333, 647.171, 855.917, 595.341, 414.034, 649.01, 414.114, 677.946, 800.907, 569.992, 639.019, 549.526, 572.703, 669.262, 849.197, 714.809, 413.635, 600.683, 976.513, 449.585, 622.334, 466.682, 476.27, 1029.21, 507.59, 560.681, 484.961, 517.778, 430.083, 501.194, 644.733, 892.746, 384.728, 404.554, 589.943, 392.009, 515.092, 761.154, 1072.24, 414.047, 793.561, 447.651, 469.591, 476.049, 495.487, 875.206, 1060.32, 786.796, 497.261, 538.979, 1056.48, 444.282, 491.568, 697.652, 716.926, 1007.5, 734.166, 571.264, 546.225, 773.183];
HighestPossibleCritFunctionValue = 1.1;
