NumDevices = 128;
NumSlotes = 1024;


GivenBandwidthOld = [0.00457343, 0.00819644, 0.00503611, 0.0043703, 0.00413279, 0.00738077, 0.00610389, 0.00551989, 0.00532056, 0.00520771, 0.00846916, 0.00863344, 0.00468526, 0.00761156, 0.00492391, 0.00860596, 0.00789899, 0.00577142, 0.00783167, 0.00438021, 0.00576328, 0.00593204, 0.00723624, 0.00690691, 0.00695942, 0.0044427, 0.00592374, 0.00782813, 0.00492877, 0.00526321, 0.00622305, 0.00823911, 0.00714136, 0.00729231, 0.00442455, 0.005875, 0.00854048, 0.00728333, 0.00843197, 0.00863591, 0.00618043, 0.00701816, 0.00667403, 0.00784592, 0.00380873, 0.00580856, 0.0069755, 0.00474311, 0.00492813, 0.00462553, 0.00874602, 0.00692912, 0.00529555, 0.00473555, 0.0079089, 0.00736219, 0.00382866, 0.00581555, 0.00450088, 0.00377716, 0.00525335, 0.00561007, 0.00591568, 0.00725695, 0.00500895, 0.00785423, 0.00852382, 0.00735645, 0.00729048, 0.00851418, 0.00540766, 0.00398639, 0.00670755, 0.0062363, 0.00604512, 0.00776302, 0.00563592, 0.00532973, 0.004233, 0.00660115, 0.00805583, 0.00687655, 0.006674, 0.0073986, 0.00576645, 0.00418637, 0.00782721, 0.00443165, 0.00531584, 0.00579049, 0.00823313, 0.00674305, 0.00792308, 0.00567431, 0.00566615, 0.00853783, 0.00785968, 0.0052158, 0.00448633, 0.00423411, 0.00526352, 0.00648855, 0.00554759, 0.00584608, 0.00751457, 0.00489421, 0.00442596, 0.00468782, 0.00567619, 0.00726085, 0.00566937, 0.00754315, 0.00515912, 0.00684924, 0.00761616, 0.00726217, 0.00780163, 0.00456961, 0.00400581, 0.0081438, 0.00541451, 0.00413478, 0.00574227, 0.00789109, 0.00810484, 0.00553116, 0.00477446, 0.00688751];
GivenLatency = [244.734, 148.125, 199.235, 272.313, 291.374, 145.177, 183.914, 174.49, 215.708, 208.755, 118.673, 119.331, 258.95, 149.435, 259.166, 134.751, 136.941, 190.673, 151.019, 224.518, 177.675, 190.868, 166.393, 143.018, 170.71, 288.437, 177.62, 145.743, 195.147, 201.267, 154.236, 131.879, 139.972, 165.601, 274.527, 217.212, 117.157, 131.726, 131.444, 120.061, 200.644, 161.079, 158.561, 142.339, 253.646, 166.972, 141.569, 231.49, 251.619, 236.422, 130.12, 173.465, 185.506, 211.007, 131.929, 153.613, 263.636, 196.783, 223.164, 273.392, 234.297, 223.024, 192.964, 148.264, 247.581, 148.687, 114.447, 131.839, 132.65, 112.784, 196.202, 300.201, 147.48, 184.274, 195.224, 124.74, 230.245, 195.13, 245.546, 167.936, 151.192, 169.994, 181.124, 142.95, 213.39, 244.294, 155.53, 290.657, 196.931, 204.369, 142.229, 154.344, 141.491, 182.76, 172.807, 115.349, 139.387, 243.307, 262.283, 255.761, 206.268, 148.256, 232.255, 187.258, 129.497, 195.888, 238.56, 251.914, 192.505, 145.689, 197.452, 133.836, 221.253, 162.479, 151.324, 136.267, 125.066, 245.478, 289.33, 153.072, 227.254, 312.585, 177.091, 123.812, 121.926, 224.507, 242.299, 165.356];
HighestPossibleCritFunctionValue = 1.1;
