NumDevices = 16;
NumSlotes = 128;


GivenBandwidthOld = [0.0335762, 0.0294727, 0.0130269, 0.0323544, 0.0206754, 0.0314466, 0.0134198, 0.0108245, 0.0177314, 0.026309, 0.0152247, 0.0211523, 0.0210467, 0.0221749, 0.0332829, 0.0251802];
GivenLatency = [13.6565, 11.1299, 28.9669, 18.4326, 14.8886, 17.8746, 25.9164, 39.4404, 21.4325, 14.6618, 29.5822, 22.7138, 29.9381, 25.4644, 13.6123, 15.0339];
HighestPossibleCritFunctionValue = 1.1;
