NumDevices = 16;
NumSlotes = 128;


GivenBandwidthOld = [0.0209163, 0.0303311, 0.0148924, 0.0114825, 0.0266005, 0.0145911, 0.0229286, 0.0264511, 0.0290337, 0.0346147, 0.0344374, 0.0297463, 0.0112591, 0.0210986, 0.0195484, 0.0145107];
GivenLatency = [20.171, 11.1353, 26.2679, 47.5462, 11.805, 32.5084, 22.5513, 22.1269, 10.4268, 10.5941, 12.5686, 10.9326, 41.8298, 15.192, 19.6763, 23.4856];
HighestPossibleCritFunctionValue = 1.1;
