NumDevices = 64;
NumSlotes = 512;


GivenBandwidthOld = [0.00760377, 0.011614, 0.0111794, 0.0164883, 0.0142898, 0.0131415, 0.0145636, 0.0158567, 0.00815288, 0.0104582, 0.0160125, 0.0174656, 0.00984922, 0.0109175, 0.015866, 0.0147275, 0.00939393, 0.00875652, 0.0157644, 0.0171839, 0.014968, 0.0118693, 0.0126191, 0.013668, 0.0128735, 0.00983172, 0.016706, 0.0126113, 0.0125497, 0.00769362, 0.0116269, 0.00758583, 0.00997601, 0.0117175, 0.0104203, 0.00947927, 0.0131803, 0.0160131, 0.00801245, 0.0101725, 0.0146497, 0.0127838, 0.0118566, 0.00879342, 0.0160813, 0.0138568, 0.0170204, 0.0171146, 0.00926894, 0.00812207, 0.0125684, 0.0122496, 0.0147311, 0.0106865, 0.0135212, 0.0166254, 0.00862457, 0.00822614, 0.011685, 0.0148832, 0.0166414, 0.0166406, 0.0139809, 0.012401];
GivenLatency = [161.963, 101.157, 99.1499, 71.5332, 76.9818, 87.16, 77.2871, 73.9504, 151.589, 92.0379, 69.3548, 70.1491, 115.628, 95.033, 67.7314, 78.9627, 131.377, 108.728, 65.619, 66.2339, 78.5837, 87.2754, 94.3359, 72.1145, 75.7771, 98.3459, 54.8241, 83.8437, 78.4465, 123.17, 98.5645, 137.69, 119.593, 78.7974, 110.558, 109.806, 85.2087, 72.2615, 115.188, 101.606, 79.9333, 79.8181, 78.6031, 121.252, 74.3149, 74.748, 56.4046, 67.8067, 120.817, 116.61, 93.3722, 99.5073, 72.7728, 91.6287, 87.674, 55.3261, 135.659, 128.841, 89.8528, 73.074, 62.095, 58.6688, 75.7807, 90.8233];
HighestPossibleCritFunctionValue = 1.1;
