NumDevices = 32;
NumSlotes = 256;


GivenBandwidthOld = [0.0291879, 0.0211692, 0.0265207, 0.0176968, 0.0150108, 0.0211137, 0.0184359, 0.0366734, 0.0305617, 0.0347054, 0.0285364, 0.02181, 0.0208738, 0.0357933, 0.0372841, 0.0187387, 0.0259888, 0.0287829, 0.0396315, 0.0210908, 0.0337816, 0.0266929, 0.0373838, 0.0186966, 0.0179685, 0.0312408, 0.0235538, 0.0282563, 0.0378818, 0.0399425, 0.0241333, 0.0182203];
GivenLatency = [57.6252, 92.6728, 79.067, 105.834, 134.572, 79.5832, 91.8021, 48.3263, 55.1685, 55.7522, 80.5949, 85.6937, 118.079, 50.47, 53.3141, 126.824, 73.7452, 85.4729, 53.8758, 100.388, 69.9502, 76.9225, 62.3434, 95.8666, 102.762, 78.2817, 70.9756, 61.8393, 45.6927, 57.0492, 79.0606, 103.081];
HighestPossibleCritFunctionValue = 1.1;
