NumDevices = 128;
NumSlotes = 1024;


GivenBandwidthOld = [0.0076157, 0.00449254, 0.00866245, 0.00738601, 0.00408734, 0.00846886, 0.00868228, 0.00559203, 0.0077946, 0.0063842, 0.00673239, 0.00384374, 0.00417109, 0.00604016, 0.00449147, 0.00566998, 0.00793026, 0.00645386, 0.00745483, 0.005778, 0.00827583, 0.00433893, 0.00694903, 0.00486371, 0.00693715, 0.00515254, 0.00617451, 0.0075542, 0.00594363, 0.00703707, 0.00454589, 0.00522256, 0.00799431, 0.00794845, 0.00704278, 0.00548062, 0.00530277, 0.00613917, 0.0085208, 0.00657074, 0.00700632, 0.0077982, 0.0067691, 0.00574446, 0.0045995, 0.00636946, 0.00395412, 0.00442073, 0.00669951, 0.00617379, 0.00542384, 0.00592196, 0.00790201, 0.00665366, 0.00563444, 0.00548785, 0.00685121, 0.00585784, 0.00520584, 0.0070691, 0.0078467, 0.00690616, 0.00429702, 0.00748219, 0.00573888, 0.00589994, 0.00782385, 0.00791126, 0.0070328, 0.00783071, 0.00829691, 0.00863558, 0.00566085, 0.00433538, 0.00724252, 0.00754713, 0.00705071, 0.00874761, 0.00852469, 0.00700721, 0.00774143, 0.0077872, 0.00698836, 0.00593564, 0.00783037, 0.00758174, 0.00382348, 0.00865234, 0.00736979, 0.00663124, 0.00869611, 0.00795494, 0.00618244, 0.00572081, 0.00719342, 0.00726686, 0.00657858, 0.00869919, 0.00482479, 0.00773869, 0.00666406, 0.0053415, 0.00709035, 0.00500791, 0.0054215, 0.00665069, 0.0056156, 0.00393387, 0.00412272, 0.00805246, 0.00516167, 0.00467693, 0.00764657, 0.00837445, 0.00681305, 0.0044292, 0.00403401, 0.00710399, 0.0042841, 0.00530569, 0.00524823, 0.0044646, 0.00395856, 0.00402712, 0.00631485, 0.00625065, 0.00724317, 0.0085022];
GivenLatency = [166.975, 213.341, 129.434, 151.682, 308.823, 148.549, 113.891, 196.281, 125.657, 182.016, 180.664, 312.636, 281.654, 192.514, 274.434, 219.127, 133.763, 157.845, 153.373, 212.82, 127.044, 233.976, 148.842, 209.367, 142.026, 237.754, 193.235, 144.6, 171.937, 150.26, 285.591, 207.875, 122.144, 152.71, 159.035, 217.188, 231.12, 163.224, 138.812, 171.843, 137.505, 135.981, 171.141, 170.769, 210.964, 191.555, 281.685, 290.736, 181.001, 209.392, 227.888, 179.144, 161.231, 176.855, 187.776, 204.087, 153.329, 180.67, 247.049, 140.299, 136.096, 145.363, 262.58, 140.754, 188.874, 200.137, 160.531, 135.992, 139.448, 154.125, 149.964, 148.467, 189.392, 285.043, 142.726, 129.003, 181.79, 130.958, 136.609, 158.967, 158.657, 127.817, 177.581, 163.548, 141.382, 147.031, 270.446, 127.714, 143.756, 169.904, 109.956, 152.982, 179.41, 184.224, 157.186, 170.137, 174.636, 132.201, 233.12, 126.835, 190.295, 179.364, 154.267, 190.928, 200.688, 183.557, 221.343, 300.105, 254.449, 127.251, 194.936, 253.439, 157.025, 142.574, 142.411, 289.172, 238.008, 155.926, 249.087, 201.7, 199.129, 215.826, 256.869, 307.52, 163.661, 187.168, 153.868, 139.064];
HighestPossibleCritFunctionValue = 1.1;
