NumDevices = 16;
NumSlotes = 128;


GivenBandwidthOld = [0.0694929, 0.0363906, 0.0370948, 0.0726102, 0.0791067, 0.0659363, 0.060684, 0.0357303, 0.0394938, 0.0419683, 0.0312237, 0.0469995, 0.0409158, 0.0411733, 0.069238, 0.0538049];
GivenLatency = [20.7625, 54.7799, 52.1881, 19.2121, 22.4818, 26.8647, 23.2239, 45.0039, 42.4923, 46.3692, 60.5095, 28.8079, 33.4996, 34.4099, 22.0188, 33.9844];
HighestPossibleCritFunctionValue = 1.1;
