NumDevices = 128;
NumSlotes = 1024;


GivenBandwidthOld = [0.00403077, 0.00397538, 0.00421101, 0.0081874, 0.00815373, 0.00477123, 0.00511466, 0.00828547, 0.0064568, 0.00946261, 0.00932883, 0.00467129, 0.00661401, 0.00795856, 0.00574472, 0.00393264, 0.00466682, 0.0064523, 0.00882946, 0.00544222, 0.0073432, 0.00708724, 0.00531252, 0.00880095, 0.00755406, 0.00741528, 0.00615714, 0.00433604, 0.00950934, 0.00720787, 0.00771602, 0.00432575, 0.00532431, 0.00697695, 0.00777187, 0.00550164, 0.0061214, 0.00989571, 0.00721788, 0.00723569, 0.00655905, 0.00921337, 0.00784085, 0.00859476, 0.00464341, 0.00683563, 0.00766103, 0.00519711, 0.00664094, 0.00420081, 0.00550856, 0.00987013, 0.00857134, 0.00475844, 0.0088874, 0.00432098, 0.00639502, 0.00857764, 0.00445224, 0.00632949, 0.00730633, 0.00628459, 0.00879786, 0.00569175, 0.00746415, 0.00873402, 0.00763871, 0.00497431, 0.00577676, 0.00502415, 0.00590714, 0.00877019, 0.00934904, 0.0068614, 0.00947779, 0.00827179, 0.00766594, 0.00642883, 0.00806329, 0.00966116, 0.00881639, 0.00464686, 0.00848809, 0.0056165, 0.00519524, 0.00642727, 0.00684069, 0.0052972, 0.00762665, 0.00856391, 0.00480058, 0.00453324, 0.00515041, 0.00924307, 0.00701372, 0.00710654, 0.0046378, 0.00628483, 0.00655369, 0.00666439, 0.00460325, 0.00682092, 0.00413958, 0.00774685, 0.00997551, 0.00469367, 0.00778126, 0.00714532, 0.00634363, 0.00738873, 0.00995313, 0.00982441, 0.00883557, 0.00810153, 0.00873616, 0.00613154, 0.00532454, 0.0045106, 0.00596554, 0.00914466, 0.00927768, 0.00746664, 0.00678652, 0.0072054, 0.00995642, 0.00881077, 0.00387139, 0.00642412];
GivenLatency = [1217.23, 1081.86, 833.923, 470.501, 433.077, 743.413, 710.589, 409.596, 719.624, 416.642, 519.144, 819.378, 593.63, 507.939, 826.102, 1221.95, 854.182, 555.938, 491.884, 750.742, 637.242, 684.476, 897.527, 436.709, 456.772, 653.892, 735.216, 912.617, 408.752, 566.343, 603.864, 783.426, 850.971, 532.148, 616.071, 843.648, 610.369, 360.283, 674.793, 627.429, 556.686, 393.773, 610.687, 550.839, 942.395, 511.005, 487.57, 878.446, 502.619, 913.856, 763.669, 368.017, 391.751, 979.176, 444.189, 1016.72, 623.64, 394.978, 831.628, 676.708, 633.788, 533.528, 504.775, 685.324, 601.202, 505.812, 626.731, 766.39, 646.939, 985.313, 821.653, 410.231, 404.185, 525.421, 377.232, 525.216, 441.695, 584.658, 533.71, 391.613, 436.367, 846.844, 425.8, 792.837, 800.749, 599.122, 614.569, 668.108, 538.21, 495.539, 993.952, 919.904, 900.25, 519.113, 526.552, 611.692, 929.013, 711.01, 600.417, 699.066, 889.692, 495.696, 919.154, 462.679, 387.776, 888.159, 450.541, 491.533, 582.185, 576.684, 466.99, 398.82, 379.133, 517.638, 542.154, 747.196, 673.716, 941.902, 696.49, 411.692, 396.284, 530.964, 578.875, 506.207, 485.44, 416.55, 1253.12, 716.712];
HighestPossibleCritFunctionValue = 1.1;
