NumDevices = 64;
NumSlotes = 512;


GivenBandwidthOld = [0.00277277, 0.00573407, 0.00746078, 0.00325627, 0.0069264, 0.00319603, 0.0069786, 0.00566468, 0.00384496, 0.00729296, 0.00775332, 0.00751154, 0.00639891, 0.00639543, 0.00416679, 0.00381379, 0.00834635, 0.00581062, 0.00651267, 0.00597243, 0.00735007, 0.00518563, 0.00869122, 0.00837275, 0.00584975, 0.00796766, 0.0036515, 0.00584164, 0.00300459, 0.00815999, 0.00496217, 0.0028648, 0.00862236, 0.00717362, 0.00822247, 0.00501571, 0.00279028, 0.00630168, 0.0035458, 0.00421967, 0.00505593, 0.00381964, 0.00662525, 0.00425356, 0.00575814, 0.00575561, 0.00698695, 0.00839053, 0.0045489, 0.00716126, 0.006782, 0.00763097, 0.00753626, 0.0032386, 0.0036854, 0.0066968, 0.00693221, 0.00713321, 0.00409265, 0.00767526, 0.00806161, 0.00764689, 0.00627523, 0.0027522];
GivenLatency = [191.229, 83.4243, 69.2378, 119.395, 81.2727, 135.66, 76.9798, 98.7774, 96.7301, 46.9835, 40.9707, 47.7314, 72.2539, 91.0249, 86.4651, 94.8419, 45.6169, 65.123, 62.7931, 104.334, 50.0809, 116.078, 59.1955, 63.0032, 66.5499, 59.6174, 85.5081, 68.0498, 206.295, 71.4242, 63.376, 194.323, 35.8606, 45.0364, 70.8465, 92.8696, 186.318, 59.1133, 97.8389, 75.6498, 68.3711, 84.3314, 82.4518, 125.683, 103.174, 91.628, 64.1406, 46.339, 97.4039, 46.7565, 78.2862, 50.201, 55.7066, 170.618, 90.815, 88.0049, 44.5819, 55.7597, 143.038, 72.7885, 63.0568, 57.9621, 75.2987, 120.672];
HighestPossibleCritFunctionValue = 1.1;
