NumDevices = 64;
NumSlotes = 512;


GivenBandwidthOld = [0.0127451, 0.0111792, 0.0184981, 0.0158047, 0.0102941, 0.017901, 0.0166421, 0.00901136, 0.00885691, 0.0130645, 0.0170843, 0.0164079, 0.0106963, 0.0150498, 0.0094525, 0.0106005, 0.0179369, 0.00836003, 0.0119945, 0.00876047, 0.0171687, 0.00953959, 0.0118892, 0.0135571, 0.00997067, 0.0194866, 0.0168582, 0.0165063, 0.0136276, 0.0195785, 0.0112916, 0.0195915, 0.0174894, 0.0112263, 0.0103763, 0.0111509, 0.0173879, 0.0187028, 0.0186181, 0.0191774, 0.0195851, 0.00873736, 0.0163816, 0.0180062, 0.0106108, 0.0161233, 0.0146703, 0.0185371, 0.00760349, 0.00943933, 0.0143162, 0.0172074, 0.00985922, 0.00893445, 0.0163364, 0.00884263, 0.0106518, 0.0176115, 0.0136192, 0.0160923, 0.0175473, 0.00947112, 0.0111172, 0.0148602];
GivenLatency = [241.122, 251.962, 178.937, 140.857, 245.804, 157.356, 146.364, 257.851, 310.448, 244.59, 151.1, 145.351, 259.496, 154.42, 241.596, 314.382, 166.533, 333.865, 276.759, 328.581, 190.209, 255.726, 198.497, 236.44, 224.744, 169.75, 133.659, 169.135, 219.115, 121.369, 249.279, 113.866, 133.75, 248.908, 306.324, 239.135, 171.553, 152.559, 146.559, 117.603, 114.361, 362.29, 151.519, 157.255, 246.416, 140.175, 189.483, 123.868, 352.188, 250.053, 173.232, 149.882, 265.542, 371.791, 182.222, 320.373, 268.658, 131.842, 176.032, 172.212, 164.136, 316.049, 202.927, 181.863];
HighestPossibleCritFunctionValue = 1.1;
