NumDevices = 128;
NumSlotes = 1024;


GivenBandwidthOld = [0.00511308, 0.00803607, 0.00476571, 0.00470712, 0.00511403, 0.00392255, 0.00871803, 0.00650446, 0.00796406, 0.00449091, 0.00630679, 0.00572435, 0.00669257, 0.00448975, 0.00670201, 0.00816888, 0.00680666, 0.00696203, 0.00841914, 0.0080707, 0.0066896, 0.00460654, 0.0046979, 0.00508062, 0.00740806, 0.00477409, 0.00558967, 0.00815377, 0.00788343, 0.00432929, 0.00487279, 0.00446675, 0.00509784, 0.00686378, 0.00711878, 0.00785933, 0.00422166, 0.00600977, 0.0086739, 0.00471398, 0.00538909, 0.00689637, 0.00484496, 0.00681657, 0.00856994, 0.00748389, 0.00428169, 0.00487099, 0.00421192, 0.00723563, 0.00681148, 0.00807805, 0.00524747, 0.00665232, 0.00804941, 0.00400034, 0.00623664, 0.00665314, 0.00682281, 0.00840756, 0.00837501, 0.00626081, 0.00790091, 0.0081108, 0.00578375, 0.00491008, 0.00626665, 0.00609758, 0.00458486, 0.00520079, 0.00725031, 0.00851774, 0.00511252, 0.00868004, 0.00791687, 0.0063247, 0.00681382, 0.00732858, 0.00395874, 0.00701801, 0.00413828, 0.00460256, 0.00768434, 0.00816582, 0.00539058, 0.00696674, 0.00747248, 0.00745726, 0.00671053, 0.00643084, 0.00562244, 0.003831, 0.00513676, 0.00599838, 0.00725891, 0.00795291, 0.00710044, 0.00456483, 0.00858251, 0.00872511, 0.00545995, 0.00789814, 0.00657666, 0.00642994, 0.0054513, 0.00743251, 0.00566587, 0.0037704, 0.00661604, 0.00823379, 0.00775847, 0.00407144, 0.00627517, 0.00426058, 0.00510531, 0.00744046, 0.00433701, 0.0046037, 0.00694292, 0.00714723, 0.00607506, 0.00610587, 0.0037966, 0.00689584, 0.00580899, 0.00420558, 0.00566717, 0.00568083];
GivenLatency = [229.707, 153.806, 201.289, 243.456, 208.47, 243.165, 127.968, 162.613, 125.585, 213.81, 168.15, 167.298, 148.682, 257.795, 191.434, 119.97, 150.934, 157.921, 142.773, 149.47, 177.34, 217.257, 236.675, 237.592, 133.082, 242.712, 218.124, 155.077, 137.275, 258.878, 247.72, 223.82, 195.288, 179.308, 147.82, 141.886, 238.925, 200.495, 144.862, 233.537, 179.652, 147.058, 250.924, 142.435, 122.81, 133.595, 282.589, 199.236, 227.968, 137.983, 164.652, 123.883, 194.398, 176.937, 150.913, 247.295, 193.129, 157.891, 145.54, 129.864, 117.917, 183.79, 124.563, 128.629, 183.725, 217.671, 163.811, 182.774, 279.651, 229.765, 146.3, 128.191, 252.512, 118.007, 141.185, 160.462, 144.047, 155.452, 287.769, 173.149, 259.947, 213.412, 125.546, 133.361, 228.088, 169.857, 154.807, 130.71, 182.306, 196.052, 215.882, 284.966, 205.403, 162.41, 150.53, 154.876, 148.577, 231.694, 139.621, 119.689, 195.987, 126.43, 146.704, 179.574, 228.689, 140.671, 190.198, 307.753, 157.922, 115.918, 123.563, 294.591, 197.595, 288.327, 219.018, 170.672, 221.109, 279.163, 177.385, 161.593, 209.127, 189.163, 325.997, 148.924, 199.451, 256.833, 180.439, 206.201];
HighestPossibleCritFunctionValue = 1.1;
