NumDevices = 16;
NumSlotes = 128;


GivenBandwidthOld = [0.0152244, 0.0164605, 0.0174312, 0.0306744, 0.033995, 0.0195406, 0.0330749, 0.029028, 0.0129485, 0.0151778, 0.03395, 0.0129521, 0.0264808, 0.0280023, 0.0249902, 0.0256329];
GivenLatency = [23.6655, 20.4763, 25.0289, 17.1277, 11.5911, 18.1329, 16.5913, 14.1507, 29.0209, 37.5605, 9.77767, 28.7109, 18.4332, 12.1548, 16.1944, 12.0996];
HighestPossibleCritFunctionValue = 1.1;
