NumDevices = 16;
NumSlotes = 128;


GivenBandwidthOld = [0.0216191, 0.0164902, 0.0159269, 0.022879, 0.0177389, 0.0280371, 0.0342823, 0.0225516, 0.0153754, 0.0290283, 0.0189595, 0.017776, 0.0266177, 0.029186, 0.0183575, 0.0246054];
GivenLatency = [14.668, 21.5774, 38.416, 18.7422, 25.5485, 12.7821, 12.1843, 14.5928, 24.9916, 10.7107, 19.1758, 21.3858, 21.025, 18.3569, 26.4976, 13.5814];
HighestPossibleCritFunctionValue = 1.1;
