NumDevices = 32;
NumSlotes = 256;


GivenBandwidthOld = [0.0126571, 0.0102981, 0.01337, 0.0173478, 0.0091046, 0.0159656, 0.0165698, 0.0094131, 0.0135228, 0.0102937, 0.0137019, 0.00707044, 0.0154127, 0.0117501, 0.0166242, 0.010137, 0.00524541, 0.0170618, 0.0144035, 0.0127111, 0.00528601, 0.0119035, 0.00653013, 0.00939146, 0.0123384, 0.0160185, 0.0174792, 0.017492, 0.00722111, 0.0101877, 0.00756079, 0.00673658];
GivenLatency = [24.9872, 61.0231, 27.7925, 30.5333, 55.1593, 22.2619, 18.9588, 43.2444, 35.9657, 36.2528, 38.4146, 86.563, 20.1988, 26.7838, 25.6833, 41.1405, 58.8314, 37.3005, 28.501, 32.8674, 74.085, 38.568, 50.47, 55.672, 29.8172, 19.6001, 24.5976, 19.6036, 48.9477, 61.3665, 67.4001, 66.8585];
HighestPossibleCritFunctionValue = 1.1;
