NumDevices = 32;
NumSlotes = 256;


GivenBandwidthOld = [0.0124835, 0.00569372, 0.0144208, 0.0148884, 0.0117943, 0.0097488, 0.00562989, 0.0164902, 0.00846494, 0.0153104, 0.0162588, 0.00686998, 0.00869491, 0.00528808, 0.00924744, 0.0167052, 0.00873654, 0.00505696, 0.0123553, 0.0136466, 0.0160039, 0.0102987, 0.0101986, 0.0146701, 0.00592332, 0.0107572, 0.0168189, 0.00757826, 0.012765, 0.0121072, 0.00506159, 0.0150841];
GivenLatency = [29.4655, 73.1907, 26.2223, 41.475, 27.9952, 41.5926, 93.1381, 22.2524, 44.9131, 31.6236, 25.4605, 57.5594, 49.1004, 70.4588, 54.7106, 29.0047, 47.642, 65.1515, 27.1921, 39.63, 24.5278, 42.7924, 32.2106, 36.8207, 78.788, 38.32, 31.3866, 80.7437, 29.0971, 33.6536, 76.7034, 37.3313];
HighestPossibleCritFunctionValue = 1.1;
