NumDevices = 128;
NumSlotes = 1024;


GivenBandwidthOld = [0.0050135, 0.00434865, 0.00531518, 0.00466123, 0.00386764, 0.00586278, 0.00826248, 0.00500737, 0.00632401, 0.00515268, 0.008655, 0.00714077, 0.00749444, 0.00660988, 0.00479411, 0.00714707, 0.00831498, 0.00733181, 0.00824564, 0.00704706, 0.00745121, 0.00496413, 0.0046776, 0.00385546, 0.00613694, 0.00597747, 0.00585489, 0.0056076, 0.00435585, 0.00634822, 0.00695887, 0.00516419, 0.0069567, 0.00871643, 0.00455811, 0.00572873, 0.00525449, 0.00472958, 0.0074706, 0.00583486, 0.00393523, 0.00690454, 0.00705765, 0.00547207, 0.0066392, 0.00746179, 0.00776472, 0.00422161, 0.00512785, 0.00633824, 0.00432825, 0.00739897, 0.00702023, 0.00642905, 0.00559399, 0.00569932, 0.0059684, 0.00841271, 0.00493939, 0.00377803, 0.00490561, 0.00605321, 0.0037537, 0.00598118, 0.00818398, 0.0055793, 0.00380774, 0.0041191, 0.00724611, 0.00783971, 0.00457456, 0.0071386, 0.00594475, 0.00593161, 0.00504709, 0.00392548, 0.00802256, 0.00760452, 0.0065948, 0.00629876, 0.0056852, 0.00871159, 0.00813057, 0.00803875, 0.00480302, 0.00680126, 0.00627692, 0.00862571, 0.00475176, 0.00527974, 0.00403075, 0.00723602, 0.00823196, 0.00707562, 0.00740761, 0.0071678, 0.00664413, 0.00545323, 0.00499322, 0.00850659, 0.00781878, 0.00774514, 0.00505681, 0.00727288, 0.00778707, 0.00486026, 0.00383798, 0.00740919, 0.00873112, 0.00642011, 0.00536519, 0.00523298, 0.00813175, 0.00781391, 0.00593614, 0.00621504, 0.008618, 0.00525133, 0.00659142, 0.00455809, 0.00527112, 0.00424002, 0.00448639, 0.00519738, 0.00493449, 0.0063916, 0.00620583, 0.00383766];
GivenLatency = [209.38, 271.126, 238.352, 219.046, 261.179, 162.91, 140.008, 200.821, 184.622, 204.977, 113.889, 144.314, 155.79, 175.794, 233.554, 144.277, 116.717, 158.36, 156.183, 179.563, 136.955, 246.895, 270.361, 256.057, 157.349, 175.771, 215.82, 179.716, 244.582, 151.041, 171.351, 184.963, 176.276, 111.905, 210.052, 174.344, 199.819, 239.85, 140.363, 213.944, 256.559, 145.068, 170.364, 178.318, 168.582, 150.052, 163.611, 230.455, 223.737, 163.147, 263.155, 148.875, 148.74, 161.576, 178.713, 194.161, 205.741, 141.49, 222.125, 317.125, 220.653, 188.156, 256.918, 165.436, 132.753, 179.554, 274.412, 304.914, 152.734, 154.728, 228.613, 146.489, 160.312, 162.691, 202.561, 258.322, 122.649, 147.99, 157.495, 193.559, 185.91, 135.595, 133.213, 142.686, 248.256, 165.152, 160.417, 142.249, 207.318, 232.442, 265.035, 142.539, 130.721, 156.116, 129.605, 152.887, 187.668, 209.405, 191.193, 114.74, 126.634, 133.523, 228.766, 151.611, 130.336, 228.515, 317.988, 159.991, 124.094, 199.938, 185.897, 189.055, 125.381, 137.731, 164.951, 176.829, 120.202, 207.218, 187.455, 243.847, 213.127, 272.224, 216.348, 212.634, 254.6, 194.37, 202.036, 319.778];
HighestPossibleCritFunctionValue = 1.1;
