NumDevices = 128;
NumSlotes = 1024;


GivenBandwidthOld = [0.00466047, 0.00594671, 0.00513029, 0.00854482, 0.00896869, 0.00808532, 0.00503141, 0.00921348, 0.00963362, 0.00854147, 0.00896006, 0.00674804, 0.00423615, 0.00565423, 0.00809237, 0.00464292, 0.00483712, 0.00630344, 0.00691285, 0.00556752, 0.00708053, 0.00496112, 0.00903493, 0.00883881, 0.00630272, 0.00724339, 0.00460018, 0.00525238, 0.00428818, 0.0051085, 0.00485751, 0.00515882, 0.00678061, 0.00789073, 0.00955933, 0.00992345, 0.00460981, 0.00462317, 0.00415378, 0.0088636, 0.00425699, 0.00590861, 0.00852314, 0.00713272, 0.00703923, 0.00466566, 0.0057615, 0.00481949, 0.00987682, 0.00843237, 0.00660992, 0.00795669, 0.00563621, 0.00536155, 0.00790198, 0.00481996, 0.00538178, 0.00399842, 0.00390106, 0.00516131, 0.00495603, 0.00467282, 0.00726753, 0.00413109, 0.00873247, 0.00666788, 0.00701658, 0.00521572, 0.00689263, 0.00942569, 0.00758026, 0.00392071, 0.00415656, 0.00551708, 0.00923322, 0.00395955, 0.00687517, 0.00968288, 0.00518389, 0.0093132, 0.0045178, 0.00815071, 0.00389783, 0.00703517, 0.00506734, 0.0068202, 0.00464783, 0.00600941, 0.00886071, 0.00574528, 0.00725092, 0.00615605, 0.00465655, 0.00889793, 0.0062677, 0.00625193, 0.00986488, 0.00785084, 0.00785871, 0.00887949, 0.00882078, 0.00963187, 0.00410053, 0.00754129, 0.0052322, 0.00886926, 0.0055893, 0.00438621, 0.00896982, 0.00825264, 0.00455758, 0.00797789, 0.00558375, 0.0048002, 0.00443331, 0.006966, 0.00511491, 0.00622919, 0.00890847, 0.00835197, 0.00538546, 0.00966566, 0.00952551, 0.00402213, 0.00866035, 0.00691611, 0.00401328, 0.00989364];
GivenLatency = [721.156, 806.638, 745.45, 566.117, 531.941, 441.624, 760.728, 397.969, 493.273, 519.463, 468.937, 601.002, 905.347, 800.093, 496.151, 1012.98, 866.545, 531.447, 489.53, 767.671, 542.41, 679.794, 392.553, 396.346, 563.447, 675.829, 725.586, 913.601, 794.087, 927.561, 853.745, 820.815, 657.251, 433.383, 419.179, 426.292, 991.604, 750.955, 1117.11, 512.309, 960.678, 844.622, 433.429, 469.123, 616.989, 744.593, 805.039, 753.406, 481.026, 451.127, 583.073, 503.655, 673.501, 727.23, 423.681, 865.488, 640.469, 1091.44, 1023.92, 759.388, 953.032, 837.938, 466.591, 1188.76, 566.655, 677.084, 653.285, 671.874, 486.637, 490.311, 467.684, 1165.92, 834.392, 790.418, 508.711, 1209.77, 534.77, 501.749, 669.628, 453.348, 750.13, 444.751, 965.436, 543.704, 861.233, 614.938, 739.17, 804.933, 451.004, 756.897, 596.881, 593.966, 735.904, 521.719, 604.601, 541.976, 380.886, 522.418, 520.453, 378.367, 509.542, 492.193, 1077.93, 647.27, 694.486, 507.556, 797.242, 923.473, 506.584, 487.742, 769.065, 502.201, 785.285, 734.903, 1018.49, 587.315, 780.68, 780.286, 466.876, 446.617, 801.655, 399.615, 379.737, 1082.22, 421.582, 607.938, 1107.13, 452.658];
HighestPossibleCritFunctionValue = 1.1;
