NumDevices = 32;
NumSlotes = 256;


GivenBandwidthOld = [0.00618986, 0.0155, 0.0155466, 0.0118844, 0.0110281, 0.00643921, 0.00626117, 0.0139754, 0.0166583, 0.00918809, 0.00667991, 0.0143058, 0.00834115, 0.00969015, 0.00734653, 0.00570307, 0.00891402, 0.0129381, 0.00814503, 0.0135364, 0.0133479, 0.00876234, 0.01362, 0.00657, 0.0169941, 0.0148834, 0.0157059, 0.013489, 0.0168819, 0.0168206, 0.0112413, 0.0143277];
GivenLatency = [61.6605, 27.674, 22.6124, 40.3093, 55.4823, 63.0507, 70.5503, 27.7767, 26.3597, 45.4507, 67.4595, 22.866, 37.2379, 34.5928, 42.6125, 55.2333, 57.7954, 37.7783, 71.517, 34.4419, 30.2005, 47.7808, 25.6205, 48.7099, 33.5206, 21.3148, 28.217, 31.304, 24.5955, 19.8326, 28.8887, 35.4177];
HighestPossibleCritFunctionValue = 1.1;
