NumDevices = 128;
NumSlotes = 1024;


GivenBandwidthOld = [0.00705522, 0.00456176, 0.0070515, 0.0070974, 0.00844913, 0.00700752, 0.00791071, 0.00783858, 0.00552565, 0.00705453, 0.00792685, 0.00402951, 0.00655726, 0.00540351, 0.00424937, 0.00661554, 0.00490078, 0.00487161, 0.00463872, 0.00542695, 0.00833606, 0.00659605, 0.00739102, 0.00831269, 0.00394503, 0.00670236, 0.00406276, 0.00528415, 0.00821807, 0.00866049, 0.00442185, 0.00547364, 0.00796612, 0.00413888, 0.00461792, 0.00593414, 0.0075186, 0.00767115, 0.00653662, 0.00844843, 0.00521741, 0.00649439, 0.00864491, 0.00744791, 0.00452205, 0.00467101, 0.00819697, 0.00401589, 0.00753997, 0.00678935, 0.00607589, 0.00491291, 0.0038163, 0.00813709, 0.00761223, 0.0061828, 0.00689492, 0.00538142, 0.00797146, 0.0037879, 0.00578128, 0.0084425, 0.00553075, 0.00785623, 0.00708662, 0.00729556, 0.00404431, 0.00520618, 0.00774776, 0.00403502, 0.00401584, 0.00665974, 0.00773432, 0.0081453, 0.00553257, 0.00848511, 0.00679741, 0.00650424, 0.0042681, 0.00642815, 0.00547141, 0.0054928, 0.00502854, 0.0071088, 0.00511722, 0.00770066, 0.00747548, 0.00791539, 0.00648056, 0.00628607, 0.00745973, 0.00810021, 0.00770806, 0.00681281, 0.00546718, 0.00434414, 0.00446568, 0.00724131, 0.00721942, 0.00434974, 0.00859808, 0.00548429, 0.00701463, 0.00738321, 0.00715895, 0.00789898, 0.00560539, 0.00725749, 0.0042133, 0.00550073, 0.00827509, 0.0070171, 0.00385538, 0.00484445, 0.00816945, 0.00641395, 0.00683156, 0.00551043, 0.00633339, 0.00777572, 0.00405052, 0.00455176, 0.00385813, 0.00610753, 0.00671196, 0.00548241, 0.00531838, 0.00854888];
GivenLatency = [136.84, 230.671, 162.462, 140.717, 125.722, 160.089, 146.75, 140.476, 186.946, 169.923, 135.014, 263.999, 170.717, 196.635, 229.53, 172.362, 208.165, 201.75, 258.612, 223.893, 122.152, 152.013, 129.593, 154.716, 264.299, 167.07, 253.885, 224.456, 134.381, 119.801, 285.811, 178.673, 130.48, 302.616, 261.809, 174.276, 170.706, 147.67, 150.812, 133.948, 185.335, 186.138, 135.325, 141.38, 244.622, 240.922, 125.433, 243.776, 139.884, 167.099, 167.943, 219.011, 257.776, 149.238, 131.904, 159.266, 143.781, 184.655, 123.958, 317.247, 175.491, 144.042, 194.2, 153.747, 149.607, 136.749, 269.307, 186.753, 132.017, 259.433, 287.395, 161.842, 135.268, 124.138, 221.744, 140.602, 140.512, 180.565, 267.07, 162.086, 218.552, 189.097, 197.666, 138.895, 234.934, 137.462, 139.061, 155.386, 198.109, 178.376, 168.438, 139.514, 167.546, 164.242, 189.928, 236.464, 250.421, 132.975, 153.959, 236.214, 111.083, 210.246, 164.038, 159.426, 139.294, 134.559, 172.012, 133.023, 270.799, 231.653, 131.475, 168.856, 257.055, 255.311, 129.117, 163.204, 141.387, 220.778, 159.267, 157.227, 247.755, 264.558, 331.325, 165.037, 174.038, 175.861, 227.621, 120.912];
HighestPossibleCritFunctionValue = 1.1;
