NumDevices = 32;
NumSlotes = 256;


GivenBandwidthOld = [0.0195379, 0.0234372, 0.0195687, 0.0205494, 0.0237369, 0.0163391, 0.0214225, 0.0179827, 0.0248783, 0.0197325, 0.0340478, 0.0319131, 0.0338429, 0.0276892, 0.0229595, 0.0308608, 0.0280927, 0.0246808, 0.020749, 0.0182039, 0.0234684, 0.0235012, 0.0346385, 0.0193407, 0.0292687, 0.0284028, 0.015611, 0.0241294, 0.0323482, 0.0258743, 0.0191793, 0.0163395];
GivenLatency = [47.9707, 46.2089, 50.5413, 42.6754, 37.9473, 51.6697, 42.2354, 59.1302, 39.2102, 43.6279, 26.8572, 29.121, 25.389, 31.5036, 48.0561, 36.0322, 40.2822, 46.2912, 47.7426, 60.3522, 44.534, 36.0432, 30.4103, 56.9459, 38.736, 29.4061, 72.2759, 39.0431, 25.8539, 35.5587, 50.6927, 58.1349];
HighestPossibleCritFunctionValue = 1.1;
