NumDevices = 64;
NumSlotes = 512;


GivenBandwidthOld = [0.0190843, 0.0180117, 0.0148612, 0.0148539, 0.0178186, 0.00796302, 0.0144599, 0.0199835, 0.0170252, 0.00951362, 0.0129577, 0.0107431, 0.0147726, 0.0128338, 0.0147586, 0.0146741, 0.019564, 0.0172625, 0.0111748, 0.0196364, 0.00885225, 0.00978562, 0.00934844, 0.0117007, 0.00824242, 0.0104392, 0.0183558, 0.0107894, 0.0179678, 0.0156649, 0.00956759, 0.0199503, 0.00957881, 0.00858311, 0.0113004, 0.0186248, 0.0192432, 0.0127939, 0.0075809, 0.0171309, 0.0117456, 0.0134549, 0.0160458, 0.0120207, 0.0123214, 0.0153729, 0.0141759, 0.0090613, 0.0107969, 0.0191356, 0.0166169, 0.0096259, 0.0124295, 0.00779805, 0.016782, 0.0105017, 0.0198957, 0.0172072, 0.0192655, 0.0120468, 0.0130526, 0.0169455, 0.00776287, 0.0130451];
GivenLatency = [127, 163.083, 164.066, 184.732, 154.624, 326.336, 169.424, 162.073, 167.101, 254.29, 233.164, 212.569, 173.544, 253.371, 158.6, 175.679, 122.348, 144.553, 268.718, 149.367, 287.274, 276.135, 267.274, 193.985, 399.943, 248.956, 163.014, 227.583, 124.869, 212.724, 288.768, 145.91, 290.914, 266.198, 205.206, 135.826, 117.201, 181.972, 394.961, 140.621, 248.822, 196.475, 202.185, 245.158, 192.389, 200.156, 181.03, 300.034, 269.614, 127.583, 137.209, 280.697, 206.19, 326.664, 144.974, 227.334, 135.601, 155.773, 116.266, 222.401, 190.182, 195.129, 384.594, 194.284];
HighestPossibleCritFunctionValue = 1.1;
