NumDevices = 16;
NumSlotes = 128;


GivenBandwidthOld = [0.0764711, 0.0700864, 0.061904, 0.0398986, 0.0453157, 0.0402742, 0.0584052, 0.0355074, 0.0423389, 0.0602651, 0.044772, 0.0537339, 0.0762992, 0.0310319, 0.0726759, 0.0333041];
GivenLatency = [19.882, 24.254, 23.9031, 37.3623, 39.0927, 39.5434, 29.1347, 48.1147, 33.5391, 27.6224, 37.9829, 28.5852, 22.0699, 47.9816, 18.5183, 45.7098];
HighestPossibleCritFunctionValue = 1.1;
