NumDevices = 16;
NumSlotes = 128;


GivenBandwidthOld = [0.0104412, 0.0245353, 0.0304435, 0.0289641, 0.0142702, 0.029463, 0.0238226, 0.0261752, 0.015971, 0.0138938, 0.0272883, 0.0250321, 0.029343, 0.0335708, 0.0152635, 0.0229718];
GivenLatency = [34.3931, 15.8632, 10.4521, 14.6383, 30.4039, 15.2326, 13.4135, 16.0421, 21.81, 25.686, 15.1168, 23.8624, 17.6379, 10.1429, 24.1435, 15.6695];
HighestPossibleCritFunctionValue = 1.1;
