NumDevices = 128;
NumSlotes = 1024;


GivenBandwidthOld = [0.00368257, 0.00420848, 0.00253069, 0.00396805, 0.00220774, 0.00417792, 0.00139185, 0.00406633, 0.004046, 0.00302425, 0.00239133, 0.00227502, 0.00370425, 0.00294392, 0.00213237, 0.00310043, 0.00144137, 0.00201467, 0.00305396, 0.00160845, 0.00376136, 0.00335498, 0.00144964, 0.00344982, 0.00174635, 0.00285278, 0.00171688, 0.00433248, 0.00217093, 0.00127571, 0.00211588, 0.00414447, 0.00171462, 0.00392027, 0.00237528, 0.00130913, 0.0013462, 0.00244677, 0.00283518, 0.00277958, 0.00262125, 0.00413359, 0.00332067, 0.00293932, 0.00302372, 0.00286114, 0.00157489, 0.00228592, 0.00263287, 0.00251107, 0.00238376, 0.00326884, 0.00378949, 0.00425918, 0.00151363, 0.00394437, 0.00430737, 0.0020991, 0.00328993, 0.00200905, 0.00242342, 0.00420989, 0.00437441, 0.00381907, 0.00150351, 0.00268413, 0.00160604, 0.00394765, 0.00319497, 0.00291746, 0.00431786, 0.00342003, 0.00421751, 0.00431699, 0.00431913, 0.00287878, 0.00435788, 0.00407216, 0.00198905, 0.00372686, 0.0017234, 0.00148441, 0.00346705, 0.00381272, 0.00418796, 0.00135677, 0.00206661, 0.00416909, 0.00303082, 0.00330034, 0.00189175, 0.0026911, 0.00299727, 0.00195869, 0.00276871, 0.00425601, 0.0013569, 0.00422114, 0.002789, 0.00159222, 0.00288181, 0.00209251, 0.00197735, 0.00393907, 0.00267588, 0.00357583, 0.00394752, 0.0040085, 0.00405384, 0.00350848, 0.00334513, 0.00161874, 0.0017148, 0.00373576, 0.00130256, 0.00341001, 0.00149217, 0.00267235, 0.00359772, 0.00317696, 0.00332764, 0.00140727, 0.00392125, 0.00316205, 0.00274559, 0.00327551, 0.003357, 0.00428255];
GivenLatency = [96.6827, 152.477, 129.749, 121.852, 246.725, 79.6415, 433.927, 79.5661, 110.412, 201.754, 148.381, 263.086, 123.307, 194.678, 206.995, 113.601, 319.139, 161.922, 119.596, 319.878, 87.9208, 188.598, 301.301, 167.03, 294.491, 185.571, 374.709, 118.104, 245.253, 377.938, 257.552, 95.2478, 229.962, 93.359, 272.061, 279.721, 418.206, 184.116, 223.21, 235.827, 154.601, 135.937, 125.545, 130.924, 187.05, 124.712, 225.799, 229.789, 237.865, 128.132, 145.169, 139.833, 136.332, 151.516, 429.747, 118.029, 99.6069, 309.305, 160.796, 165.807, 148.045, 82.8615, 121.225, 139.038, 405.654, 164.707, 251.216, 111.376, 146.16, 110.624, 133.629, 164.423, 125.035, 77.6183, 151.738, 158.605, 118.692, 82.8089, 310.771, 85.4053, 290.529, 406.453, 95.621, 159.73, 90.4136, 335.255, 235.536, 130.272, 131.459, 114.536, 270.366, 154.39, 150.107, 215.751, 192.851, 79.519, 247.681, 74.7627, 192.906, 321.623, 149.62, 174.495, 238.029, 79.6285, 171.551, 92.3986, 108.977, 82.3903, 124.149, 109.871, 179.357, 382.129, 198.835, 102.099, 330.651, 107.366, 280.716, 233.188, 109.242, 182.955, 137.769, 297.051, 129.382, 133.764, 122.596, 98.9643, 116.526, 135.301];
HighestPossibleCritFunctionValue = 1.1;
