NumDevices = 64;
NumSlotes = 512;


GivenBandwidthOld = [0.00913666, 0.0148268, 0.0120168, 0.0083349, 0.0146992, 0.0177878, 0.0151937, 0.0157213, 0.0197929, 0.0137813, 0.014069, 0.0120939, 0.0163921, 0.0197271, 0.00853043, 0.0134745, 0.00814602, 0.0151517, 0.00958563, 0.0106943, 0.0194102, 0.0199193, 0.0132045, 0.00775081, 0.0104083, 0.0121639, 0.0178898, 0.0163548, 0.0183035, 0.00752523, 0.0190353, 0.0192556, 0.00887332, 0.013942, 0.0162319, 0.015114, 0.0131841, 0.0144768, 0.0160308, 0.00906093, 0.0169904, 0.0118417, 0.0154032, 0.0111165, 0.01443, 0.0177487, 0.00764222, 0.0103271, 0.00936068, 0.017488, 0.0134976, 0.00984148, 0.0107896, 0.00830667, 0.0152091, 0.0115081, 0.00881939, 0.007575, 0.018054, 0.0130588, 0.00982921, 0.017032, 0.0117746, 0.013372];
GivenLatency = [332.456, 196.171, 206.246, 393.357, 205.979, 133.923, 217.67, 170.342, 122.349, 168.45, 175.41, 207.737, 157.863, 137.087, 319.885, 207.904, 307.6, 178.787, 237.753, 236.929, 121.517, 145.188, 242.626, 325.17, 298.694, 206.309, 133.612, 153.41, 128.835, 295.889, 158.497, 120.183, 255.723, 226.69, 139.005, 147.877, 215.106, 219.475, 146.619, 245.778, 163.056, 223.078, 148.308, 252.907, 155.091, 157.624, 328.284, 312.033, 297.639, 169.747, 175.735, 226.694, 256.075, 341.201, 197.799, 241.95, 347.171, 336.503, 124.394, 213.3, 253.819, 169.033, 280.562, 204.626];
HighestPossibleCritFunctionValue = 1.1;
