NumDevices = 64;
NumSlotes = 512;


GivenBandwidthOld = [0.00566498, 0.00251628, 0.00739837, 0.00432498, 0.00619762, 0.00459738, 0.00316878, 0.00515953, 0.00743356, 0.00841754, 0.00863724, 0.00741277, 0.00272989, 0.00374678, 0.00706088, 0.00728561, 0.00297557, 0.00797182, 0.00493337, 0.0064554, 0.00582612, 0.00465391, 0.00317618, 0.0045874, 0.00421314, 0.00769019, 0.00282557, 0.00564534, 0.00368319, 0.00713586, 0.00496235, 0.00591302, 0.0026245, 0.00752901, 0.00634916, 0.0078653, 0.00828787, 0.00429761, 0.0086243, 0.00868294, 0.00666341, 0.00818815, 0.00331311, 0.00592527, 0.00844696, 0.00306005, 0.00278037, 0.00849157, 0.00284809, 0.00286818, 0.00308022, 0.00434016, 0.00513074, 0.00484768, 0.00375441, 0.00408503, 0.00456116, 0.00698382, 0.00576749, 0.00662476, 0.00865082, 0.00429185, 0.00562047, 0.00452224];
GivenLatency = [108.674, 142.154, 46.469, 82.3969, 74.3128, 69.7857, 97.45, 64.2846, 67.7626, 40.0487, 39.4272, 59.9497, 117.207, 98.6667, 89.8853, 73.851, 141.756, 61.0038, 95.4803, 68.3396, 104.345, 97.7578, 134.931, 90.3734, 79.4277, 56.2591, 194.352, 59.661, 122.639, 46.4261, 113.296, 60.9139, 213.968, 68.0566, 76.4673, 68.7652, 74.5068, 119.737, 53.2097, 38.7278, 83.0302, 65.6373, 187.424, 86.4686, 64.8551, 137.339, 184.078, 43.1979, 119.96, 129.449, 121.104, 124.11, 69.1351, 88.7264, 124.639, 118.541, 121.897, 56.7514, 96.0024, 69.9088, 37.0666, 78.2174, 81.9072, 92.347];
HighestPossibleCritFunctionValue = 1.1;
