NumDevices = 64;
NumSlotes = 512;


GivenBandwidthOld = [0.00402553, 0.00458973, 0.00584533, 0.00863569, 0.00624428, 0.0076209, 0.00692882, 0.00639697, 0.00510162, 0.00294769, 0.0081229, 0.00665153, 0.00851483, 0.0062001, 0.00262317, 0.00386277, 0.00663847, 0.007824, 0.00794658, 0.00570601, 0.00459132, 0.00753721, 0.00658426, 0.00291816, 0.00551239, 0.00667181, 0.00557044, 0.00730925, 0.00655748, 0.00276061, 0.00761497, 0.00724699, 0.00398339, 0.00262962, 0.0060118, 0.00662893, 0.00364399, 0.00461566, 0.00416819, 0.00856457, 0.00465603, 0.00760944, 0.00804599, 0.00778395, 0.0036523, 0.00678906, 0.00744851, 0.00339219, 0.00371853, 0.0072715, 0.00340179, 0.00261528, 0.0025577, 0.00358703, 0.00339958, 0.00301188, 0.00574534, 0.00320796, 0.00750447, 0.00635338, 0.00367931, 0.00445933, 0.00792603, 0.00396578];
GivenLatency = [93.8197, 127.521, 74.3272, 58.4465, 61.1733, 45.4699, 63.5183, 59.2495, 93.9669, 191.779, 50.7367, 59.0239, 37.6521, 95.0008, 149.246, 90.6077, 86.686, 42.2824, 43.5912, 81.012, 105.067, 64.5926, 48.1124, 130.827, 116.707, 68.8669, 103.416, 51.0889, 80.667, 125.256, 58.7938, 88.0054, 117.118, 161.547, 62.7624, 47.0432, 91.4386, 68.1386, 79.4596, 74.4526, 106.573, 42.4745, 51.3906, 45.98, 88.2522, 72.4466, 50.9711, 153.937, 92.8192, 48.5736, 106.122, 131.402, 158.785, 135.983, 138.034, 180.197, 56.2685, 136.155, 50.8972, 60.93, 85.964, 88.3277, 40.9493, 107.135];
HighestPossibleCritFunctionValue = 1.1;
