NumDevices = 32;
NumSlotes = 256;


GivenBandwidthOld = [0.016302, 0.0084702, 0.0160903, 0.0128457, 0.00572834, 0.0086861, 0.00733223, 0.0153144, 0.0086552, 0.0129557, 0.0161467, 0.0104666, 0.00767405, 0.0102903, 0.00609684, 0.014623, 0.0143894, 0.0122854, 0.0124691, 0.0134159, 0.0142283, 0.00567133, 0.0131204, 0.00998713, 0.0111824, 0.0126239, 0.0149707, 0.00819344, 0.0146563, 0.011458, 0.00633135, 0.00595462];
GivenLatency = [24.6463, 42.7059, 19.5791, 27.1068, 58.9501, 66.6691, 71.1473, 23.355, 45.6628, 29.2692, 37.925, 40.5297, 77.2451, 38.0146, 104.986, 27.9928, 22.809, 28.0355, 25.9938, 35.8847, 30.4874, 66.3926, 29.3604, 44.5542, 38.2062, 26.3159, 35.9022, 47.8308, 35.7611, 28.9412, 59.531, 62.2883];
HighestPossibleCritFunctionValue = 1.1;
