NumDevices = 128;
NumSlotes = 1024;


GivenBandwidthOld = [0.00455999, 0.00728946, 0.00651202, 0.00508594, 0.00687234, 0.00598795, 0.0070344, 0.00472955, 0.00709787, 0.0063477, 0.00823176, 0.008692, 0.00401797, 0.00754082, 0.00613935, 0.00652965, 0.0062734, 0.00447244, 0.00584141, 0.00413352, 0.00460364, 0.00590221, 0.00590986, 0.00445735, 0.00710457, 0.0040732, 0.00579803, 0.00505115, 0.00716985, 0.00622761, 0.00489299, 0.00401515, 0.00505554, 0.00599815, 0.00835605, 0.00768872, 0.00683837, 0.00491704, 0.00821656, 0.00815807, 0.00525074, 0.00664113, 0.005045, 0.00377659, 0.00563529, 0.00487609, 0.00486707, 0.00835032, 0.00636787, 0.00734137, 0.00398362, 0.00513995, 0.00455845, 0.00637358, 0.00819957, 0.00762426, 0.00846475, 0.00453251, 0.00543796, 0.00830443, 0.00502334, 0.00479775, 0.00823732, 0.0071702, 0.00701724, 0.00628715, 0.00560829, 0.00607713, 0.0058897, 0.00560373, 0.00441401, 0.00380132, 0.00622622, 0.00663326, 0.00765492, 0.00870614, 0.00656557, 0.00510948, 0.00755573, 0.00665031, 0.00434445, 0.0046773, 0.00391212, 0.0085815, 0.00676584, 0.00596531, 0.00650126, 0.00425979, 0.0067925, 0.00403207, 0.00457185, 0.0065563, 0.00421674, 0.00819211, 0.00724199, 0.00864518, 0.00702434, 0.00558598, 0.00610514, 0.00656836, 0.00699413, 0.00782938, 0.00589346, 0.00382475, 0.00508974, 0.00581374, 0.00405939, 0.00873871, 0.00401412, 0.00776369, 0.0068052, 0.00751101, 0.0050345, 0.00725717, 0.0038272, 0.00619493, 0.00569236, 0.00399631, 0.00844259, 0.00713242, 0.00706457, 0.00671581, 0.00504506, 0.00485945, 0.00520366, 0.00542846, 0.00869932, 0.00702529];
GivenLatency = [236.463, 149.06, 164.145, 199.599, 139.194, 168.285, 173.294, 251.886, 149.202, 170.657, 147.004, 110.851, 293.463, 166.916, 175.969, 176.101, 204.935, 233.554, 193.46, 258.253, 231.503, 203.518, 193.176, 243.21, 139.973, 235.406, 200.307, 211.663, 181.059, 199.14, 214.134, 240.11, 216.708, 203.773, 124.459, 167.307, 149.874, 198.905, 137.424, 119.157, 182.733, 158.06, 200.541, 252.756, 196.835, 237.657, 226.354, 124.943, 154.634, 131.563, 319.245, 215.608, 234.321, 176.629, 139.838, 140.867, 132.867, 263.182, 212.445, 138.361, 227.462, 225.333, 138.888, 164.142, 182.334, 188.211, 169.954, 161.161, 184.047, 214.652, 285.563, 291.437, 171.899, 181.539, 150.054, 123.107, 172.61, 220.032, 128.621, 151.717, 270.627, 246.976, 310.305, 118.348, 159.774, 170.43, 158.428, 254.691, 142.789, 246.596, 264.531, 194.15, 255.781, 128.792, 158.792, 122.167, 170.195, 202.338, 205.651, 176.26, 160.425, 145.066, 217.062, 260.068, 198.598, 177.155, 310.95, 146.762, 274.712, 124.014, 157.657, 170.342, 201.545, 145.762, 257.974, 157.476, 217.253, 244.4, 121.346, 147.505, 177.381, 183.605, 211.832, 210.402, 216.247, 227.845, 136.403, 145.458];
HighestPossibleCritFunctionValue = 1.1;
