NumDevices = 16;
NumSlotes = 128;


GivenBandwidthOld = [0.0219064, 0.0216387, 0.0211973, 0.0286929, 0.031101, 0.0293678, 0.0247038, 0.0116701, 0.0302063, 0.0164798, 0.0162069, 0.0292392, 0.0128334, 0.0317007, 0.0337715, 0.0127225];
GivenLatency = [22.3346, 19.3098, 18.2865, 16.3886, 12.2857, 11.3503, 23.8213, 39.258, 11.9811, 24.7885, 27.4643, 19.5335, 32.5243, 10.3267, 12.7672, 25.6242];
HighestPossibleCritFunctionValue = 1.1;
