NumDevices = 32;
NumSlotes = 256;


GivenBandwidthOld = [0.0176646, 0.0234256, 0.0245973, 0.0173597, 0.0246118, 0.0360944, 0.0230635, 0.0387422, 0.0244595, 0.0256251, 0.0156595, 0.0243467, 0.0298208, 0.0324896, 0.0370058, 0.0168133, 0.016227, 0.0378459, 0.0368222, 0.0301807, 0.0325182, 0.0176617, 0.0252068, 0.0354192, 0.0262993, 0.0217503, 0.0171871, 0.0240946, 0.0183333, 0.038024, 0.0295215, 0.0276257];
GivenLatency = [95.2594, 103.419, 96.4852, 101.934, 71.8671, 64.6008, 76.1697, 47.6444, 81.6369, 67.3021, 122.313, 98.6999, 63.3674, 53.2345, 57.1786, 136.493, 136.327, 55.4519, 48.644, 80.1418, 66.6033, 108.889, 84.0245, 50.2435, 73.1871, 82.1178, 103.982, 74.7321, 109.865, 56.0516, 58.5016, 60.9341];
HighestPossibleCritFunctionValue = 1.1;
