NumDevices = 128;
NumSlotes = 1024;


GivenBandwidthOld = [0.00524871, 0.00751914, 0.00673092, 0.00402248, 0.00839137, 0.00631687, 0.00518458, 0.0047042, 0.00606042, 0.00492398, 0.00479393, 0.00401985, 0.00410328, 0.00633519, 0.00811918, 0.00657817, 0.00683433, 0.00711161, 0.00730835, 0.00399409, 0.00622304, 0.00813486, 0.00505802, 0.00762942, 0.00520479, 0.00441539, 0.00700411, 0.00564904, 0.00595394, 0.00540778, 0.00607106, 0.00377049, 0.00804795, 0.00438751, 0.00830822, 0.00869958, 0.00636893, 0.00503331, 0.00738829, 0.00752906, 0.00840742, 0.00601594, 0.00748302, 0.00456667, 0.00449479, 0.00641921, 0.00513734, 0.00584321, 0.0043003, 0.00766573, 0.00539464, 0.00513661, 0.00843779, 0.00638307, 0.00778162, 0.00824353, 0.00644393, 0.00561072, 0.0069028, 0.00789621, 0.00409656, 0.00842843, 0.00413773, 0.00539976, 0.00634539, 0.00453561, 0.00745995, 0.00695528, 0.00493405, 0.00410439, 0.00505591, 0.00716611, 0.00828689, 0.00524314, 0.00400733, 0.00377685, 0.0049513, 0.00402011, 0.0085341, 0.00513857, 0.00651629, 0.00676386, 0.00767812, 0.00866536, 0.00614738, 0.0064649, 0.00809024, 0.00517097, 0.00592417, 0.00501431, 0.00792584, 0.00707005, 0.00377418, 0.0051165, 0.00546624, 0.00865892, 0.00800758, 0.00583483, 0.00855753, 0.00389088, 0.0065448, 0.00601671, 0.00529232, 0.00549146, 0.00739155, 0.00721038, 0.00728331, 0.00805908, 0.00651799, 0.00536486, 0.00463262, 0.007979, 0.00553548, 0.00736799, 0.00629913, 0.00689824, 0.00630008, 0.00797165, 0.00703248, 0.00740211, 0.00474092, 0.00811594, 0.00716984, 0.00599649, 0.00558211, 0.00598998, 0.00611715, 0.00838163];
GivenLatency = [194.508, 128.642, 177.301, 290.263, 127.158, 154.124, 203.981, 208.177, 208.521, 240.896, 200.389, 280.537, 248.119, 175.226, 125.56, 194.17, 140.586, 142.187, 177.459, 317.867, 159.482, 129.882, 193.579, 155.297, 240.264, 244.659, 147.242, 217.095, 180.564, 210.7, 206.258, 327.295, 160.708, 258.525, 123.251, 132.042, 190.682, 190.335, 165.223, 137.177, 130.78, 179.539, 147.633, 230.233, 259.208, 163.066, 205.368, 167.931, 260.95, 160.802, 223.536, 246.434, 113.105, 182.317, 125.207, 148.104, 173.081, 205.937, 142.343, 128.125, 288.479, 147.152, 244.073, 182.631, 153.823, 250.965, 130.973, 164.538, 228.131, 282.805, 235.391, 133.429, 142.902, 209.943, 299.594, 273.001, 244.253, 318.698, 139.968, 193.931, 148.853, 170.493, 162.911, 137.336, 208.904, 173.856, 134.745, 212.703, 166.787, 249.468, 122.659, 151.394, 340.63, 247.767, 218.4, 138.892, 158.092, 188.807, 118.225, 249.835, 146.045, 198.544, 213.763, 229.315, 165.033, 148.033, 135.74, 127.886, 151.77, 177.711, 208.811, 158.046, 176.769, 148.299, 186.035, 144.445, 166.207, 125.185, 182.984, 161.189, 261.513, 141.086, 175.522, 169.752, 211.844, 190.025, 182.378, 140.021];
HighestPossibleCritFunctionValue = 1.1;
