NumDevices = 32;
NumSlotes = 256;


GivenBandwidthOld = [0.0167518, 0.0322044, 0.0192382, 0.0221919, 0.0392235, 0.0386427, 0.0283283, 0.0240469, 0.016424, 0.0224064, 0.0191961, 0.0384834, 0.0262213, 0.0359671, 0.0336809, 0.0345878, 0.0276871, 0.022758, 0.0295396, 0.0326965, 0.0158242, 0.0176047, 0.0174809, 0.0359584, 0.0373833, 0.0368678, 0.0229599, 0.021707, 0.0398474, 0.0255224, 0.0155178, 0.0173388];
GivenLatency = [129.331, 77.4374, 115.205, 76.566, 57.0699, 60.2352, 61.4136, 98.4905, 105.419, 109.573, 113.686, 43.3884, 82.4375, 46.381, 49.9138, 49.9516, 76.8045, 108.053, 74.645, 64.6401, 108.357, 110.599, 99.9049, 59.7339, 50.0641, 46.4823, 101.342, 112.325, 54.8382, 91.4244, 133.905, 96.1734];
HighestPossibleCritFunctionValue = 1.1;
