NumDevices = 128;
NumSlotes = 1024;


GivenBandwidthOld = [0.00407395, 0.00829952, 0.00759473, 0.00710929, 0.00830909, 0.00830351, 0.00456622, 0.00700848, 0.00394796, 0.0058664, 0.00405952, 0.00579935, 0.00725605, 0.004867, 0.00709169, 0.00746078, 0.00589346, 0.0038694, 0.00551282, 0.00654211, 0.0056584, 0.0081758, 0.00817627, 0.00615322, 0.00472841, 0.007897, 0.00745747, 0.00513653, 0.0070976, 0.00685223, 0.00792625, 0.00399494, 0.00538219, 0.00603965, 0.00598272, 0.00410209, 0.00638003, 0.00661693, 0.00824198, 0.00554021, 0.00683953, 0.0044074, 0.00768957, 0.00609418, 0.00731352, 0.00586699, 0.00395987, 0.00610136, 0.00798862, 0.00728388, 0.00764701, 0.00583149, 0.00733297, 0.00773624, 0.00546621, 0.00805547, 0.00578642, 0.00488647, 0.00433911, 0.00487304, 0.00869674, 0.00864157, 0.00642832, 0.00834208, 0.0078958, 0.00728269, 0.00768394, 0.00647607, 0.00583541, 0.00820549, 0.00709921, 0.00400574, 0.00696684, 0.00410424, 0.0074284, 0.00664218, 0.00769009, 0.0049276, 0.00572655, 0.00870402, 0.00589752, 0.00716304, 0.00674825, 0.00536608, 0.00528132, 0.00570235, 0.0068373, 0.00694355, 0.00773995, 0.00786749, 0.00646327, 0.0056974, 0.00870482, 0.00440411, 0.00744706, 0.00530119, 0.00459076, 0.0043243, 0.00608693, 0.00549507, 0.00809463, 0.00389122, 0.00717345, 0.00667856, 0.00408399, 0.00707983, 0.00826102, 0.00546759, 0.00630084, 0.00577481, 0.0047001, 0.00714869, 0.00549173, 0.00703963, 0.00750275, 0.00628416, 0.00537243, 0.00698029, 0.00522562, 0.00443019, 0.00573435, 0.00467091, 0.00647889, 0.00818295, 0.00828162, 0.00661914, 0.00534809, 0.00789753];
GivenLatency = [268.139, 140.076, 156.035, 141.711, 115.535, 138.725, 255.537, 177.614, 309.468, 190.158, 267.208, 171.906, 138.524, 266.773, 163.13, 145.708, 171.669, 308.415, 227.645, 154.915, 223.161, 131.693, 119.517, 198.502, 202.855, 150.956, 167.747, 207.172, 147.168, 175.204, 149.726, 277.69, 188.137, 176.738, 183.52, 234.498, 193.615, 170.304, 121.415, 192.639, 144.275, 245.845, 168.137, 181.658, 166.104, 167.459, 304.968, 189.733, 140.115, 136.267, 163.458, 212.846, 133.432, 131.787, 196.379, 131.411, 202.763, 247.014, 262.705, 218.314, 111.095, 123.696, 182.486, 128.579, 160.322, 146.779, 155.436, 162.183, 188.271, 127.4, 165.118, 271.475, 167.598, 266.448, 128.376, 151.763, 153.382, 262.218, 167.327, 118.171, 176.82, 167.887, 183.874, 191.231, 222.725, 214.537, 173.387, 167.248, 137.799, 128.201, 169.739, 173.765, 131.249, 217.224, 131.532, 222.547, 225.615, 267.799, 160.613, 198.607, 157.472, 309.618, 144.637, 164.971, 280.307, 138.078, 153.194, 231.41, 165.357, 199.354, 226.087, 138.847, 188.967, 135.512, 128.927, 168.976, 221.889, 150.101, 224.134, 291.821, 218.712, 264.596, 170.205, 141.945, 140.88, 153.659, 219.725, 160.721];
HighestPossibleCritFunctionValue = 1.1;
