NumDevices = 64;
NumSlotes = 512;


GivenBandwidthOld = [0.00280264, 0.0077711, 0.00637035, 0.00771339, 0.0051245, 0.00616882, 0.0080471, 0.00769236, 0.00799402, 0.0029349, 0.00567896, 0.00629474, 0.0057482, 0.00744476, 0.00283713, 0.00621602, 0.00756444, 0.00806798, 0.00850506, 0.00450175, 0.00841937, 0.00808486, 0.00468976, 0.0058478, 0.00649204, 0.00289516, 0.00649462, 0.0025439, 0.00276532, 0.005454, 0.0066103, 0.0030091, 0.00272183, 0.00577091, 0.0078569, 0.00470495, 0.00481164, 0.00427816, 0.00673168, 0.00562189, 0.0032829, 0.0044964, 0.00598436, 0.0078663, 0.00641842, 0.00318652, 0.00332615, 0.0063028, 0.0035784, 0.00840166, 0.00421374, 0.00525437, 0.0076279, 0.00589181, 0.00872065, 0.00292543, 0.00267252, 0.00830515, 0.00722845, 0.00475529, 0.00715321, 0.00267118, 0.00453248, 0.00610384];
GivenLatency = [197.458, 48.1185, 49.7223, 67.4517, 123.416, 51.8057, 46.2382, 58.0529, 42.0594, 164.308, 77.3036, 97.7142, 95.8382, 41.9254, 138.281, 54.6002, 56.753, 41.4251, 40.2079, 122.775, 57.9851, 43.3723, 71.5186, 106.414, 81.9076, 172.116, 88.6532, 140.298, 146.718, 82.618, 59.8477, 173.194, 226.859, 103.47, 42.1846, 80.7717, 130.382, 74.0135, 52.2824, 72.5034, 103.315, 87.0127, 90.633, 44.6543, 80.9537, 186.261, 173.821, 52.9664, 113.086, 71.8756, 95.197, 113.365, 60.2415, 58.2927, 44.8299, 152.071, 119.314, 43.7967, 89.395, 85.2331, 66.5069, 203.132, 106.673, 52.7297];
HighestPossibleCritFunctionValue = 1.1;
