NumDevices = 128;
NumSlotes = 1024;


GivenBandwidthOld = [0.00855139, 0.00699111, 0.00842192, 0.00602039, 0.00589647, 0.00450691, 0.00637896, 0.00737132, 0.00475671, 0.00472009, 0.00804212, 0.00398026, 0.00501599, 0.00626185, 0.00798389, 0.00643062, 0.00700776, 0.00695259, 0.00470716, 0.00942176, 0.00404859, 0.00973681, 0.0053828, 0.00870528, 0.00584363, 0.00388256, 0.00666982, 0.00840181, 0.00546061, 0.00399818, 0.00622736, 0.00951334, 0.00570028, 0.00704574, 0.00774285, 0.00531152, 0.00445816, 0.00583498, 0.00850912, 0.00902417, 0.00927297, 0.00952391, 0.00829752, 0.00890917, 0.00774996, 0.00613577, 0.0076842, 0.00702201, 0.00883501, 0.00499487, 0.00744988, 0.00635619, 0.00600901, 0.0083793, 0.00841581, 0.00958583, 0.00529414, 0.00613545, 0.00847026, 0.00598732, 0.00645185, 0.00752183, 0.00933287, 0.00386875, 0.00585423, 0.00697012, 0.00562568, 0.00958236, 0.00946563, 0.00384164, 0.00645741, 0.00718444, 0.00754548, 0.00689248, 0.00683506, 0.00442816, 0.007864, 0.00397976, 0.0091519, 0.00600555, 0.00660352, 0.00666807, 0.00408134, 0.00390167, 0.00908178, 0.00870594, 0.00448407, 0.00384709, 0.0043157, 0.0051821, 0.00423471, 0.00645196, 0.00938631, 0.00824457, 0.00641916, 0.00814847, 0.00377505, 0.00604634, 0.00458009, 0.00500571, 0.00847352, 0.00451438, 0.00686373, 0.00500707, 0.00630559, 0.00549217, 0.00941031, 0.00525318, 0.00523647, 0.00560042, 0.0038453, 0.00551332, 0.00862363, 0.00855308, 0.00404352, 0.00563096, 0.00460197, 0.00413542, 0.00650797, 0.00699749, 0.00922888, 0.00599651, 0.00457131, 0.00752805, 0.00774931, 0.0076996, 0.00960593, 0.00567504];
GivenLatency = [440.999, 641.053, 461.487, 700.89, 677.423, 937.215, 550.513, 654.338, 950.292, 856.538, 549.943, 959.13, 913.722, 589.55, 453.225, 626.669, 707.628, 538.493, 883.642, 367.095, 933.921, 426.871, 662.352, 477.226, 846.59, 1268.41, 712.162, 536.496, 741.62, 878.747, 546.533, 496.423, 811.717, 532.282, 457.625, 660.653, 774.961, 606.213, 478.766, 444.361, 384.273, 454.095, 533.599, 542.613, 492.336, 703.829, 563.21, 496.668, 427.615, 738.594, 524.115, 723.708, 606.935, 475.11, 566.834, 498.999, 705.122, 636.924, 438.082, 607.687, 728.021, 474.939, 399.222, 937.279, 820.416, 590.763, 704.341, 471.884, 486.524, 1171.97, 554.487, 512.423, 451.263, 513.526, 572.695, 985.368, 532.471, 984.908, 486.12, 623.45, 589.402, 745.897, 883.347, 1145.29, 394.586, 446.472, 919.109, 1132.56, 1157.08, 668.104, 915.355, 551.743, 530.413, 518.688, 714.324, 471.464, 963.259, 689.883, 944.938, 952.154, 414.083, 959.621, 580.724, 727.762, 529.484, 633.774, 364.654, 767.2, 871.365, 808.761, 1076.82, 644.949, 501.382, 470.905, 919.528, 622.244, 873.055, 940.339, 719.73, 500.557, 390.37, 689.484, 830.73, 484.456, 555.566, 556.96, 497.808, 862.501];
HighestPossibleCritFunctionValue = 1.1;
