NumDevices = 64;
NumSlotes = 512;


GivenBandwidthOld = [0.00838923, 0.00771456, 0.00603512, 0.00474641, 0.00792699, 0.00768876, 0.00382112, 0.00655688, 0.00520935, 0.00734999, 0.0037493, 0.00571865, 0.004656, 0.00708429, 0.00686041, 0.00666683, 0.00322845, 0.00810743, 0.00278711, 0.00294844, 0.00814602, 0.00773267, 0.00425847, 0.00712588, 0.00596914, 0.0083123, 0.00861096, 0.00323617, 0.00661237, 0.00658429, 0.00345617, 0.00416321, 0.00606518, 0.00365044, 0.00672703, 0.00863304, 0.00553395, 0.00657135, 0.00462929, 0.00827816, 0.00350056, 0.00639103, 0.00530294, 0.00526052, 0.00476894, 0.00524586, 0.00839004, 0.00260822, 0.00253908, 0.00303206, 0.00733541, 0.00873395, 0.00775215, 0.0066423, 0.00332737, 0.00802868, 0.00428296, 0.00624345, 0.00622107, 0.00502863, 0.00745462, 0.00600107, 0.00751487, 0.00613401];
GivenLatency = [59.231, 79.8555, 106.636, 66.8639, 45.2596, 67.4604, 116.526, 55.102, 73.0025, 52.8351, 128.784, 101.645, 120.575, 67.4917, 78.7413, 67.0405, 106.141, 72.6284, 118.617, 129.962, 46.4625, 83.118, 73.2653, 61.4346, 85.0976, 38.3524, 44.0186, 123.929, 46.7334, 47.0154, 105.23, 121.396, 60.4765, 162.404, 84.5483, 53.3112, 108.631, 59.9424, 82.2422, 53.0714, 156.129, 92.167, 64.3121, 68.2192, 69.8565, 89.2876, 64.6195, 208.975, 171.757, 111.339, 53.6845, 57.4156, 81.6434, 65.3115, 151.918, 66.0023, 87.1523, 50.5654, 61.8646, 123.672, 42.3274, 81.3644, 50.1695, 60.12];
HighestPossibleCritFunctionValue = 1.1;
