NumDevices = 128;
NumSlotes = 1024;


GivenBandwidthOld = [0.00610541, 0.00609118, 0.00702421, 0.00836705, 0.00751144, 0.00734742, 0.00550873, 0.00766223, 0.00658495, 0.00573516, 0.00836522, 0.00669676, 0.00492954, 0.0082297, 0.00408431, 0.00746876, 0.00492042, 0.00506824, 0.00443568, 0.0079838, 0.00623744, 0.00518963, 0.00458118, 0.00837283, 0.00464318, 0.00547464, 0.00470958, 0.00647901, 0.00519804, 0.00597362, 0.00609947, 0.00629081, 0.00714199, 0.00786343, 0.00817268, 0.00576171, 0.00456692, 0.00865474, 0.00769974, 0.00703425, 0.00714783, 0.00607, 0.00604204, 0.00601949, 0.00709956, 0.00485638, 0.00869805, 0.00564087, 0.00862777, 0.00445435, 0.00672463, 0.00836568, 0.00443997, 0.00512868, 0.00524535, 0.00605858, 0.00405427, 0.0076654, 0.00483541, 0.00621493, 0.00686533, 0.00802136, 0.00755754, 0.00715429, 0.00471214, 0.00442504, 0.00407981, 0.00683836, 0.00490088, 0.00659102, 0.00783308, 0.00813822, 0.00647679, 0.00789428, 0.00662946, 0.00377965, 0.00712901, 0.00472624, 0.00641853, 0.00377306, 0.00639793, 0.00759221, 0.00474167, 0.00572755, 0.0054501, 0.00730281, 0.00587094, 0.00543553, 0.00742398, 0.00725231, 0.00706766, 0.00867198, 0.00746312, 0.0051294, 0.0072627, 0.00667458, 0.00724848, 0.00764972, 0.00626462, 0.00695074, 0.0086383, 0.00639979, 0.00379222, 0.00842255, 0.00523461, 0.00566726, 0.00721394, 0.00714122, 0.00497418, 0.00858939, 0.00435659, 0.00866465, 0.00429145, 0.00381578, 0.00425581, 0.00484562, 0.00781923, 0.00531171, 0.00644807, 0.0052764, 0.00802787, 0.00688922, 0.00467412, 0.00537937, 0.00853371, 0.00858176, 0.00613045, 0.006959];
GivenLatency = [167.348, 205.507, 164.807, 117.322, 154.237, 153.516, 227.7, 131.474, 145.168, 185.693, 144.445, 169.19, 232.363, 146.887, 235.281, 149.864, 256.778, 228.732, 215.652, 146.956, 196.714, 236.277, 271.338, 138.451, 278.981, 216.905, 260.491, 159.982, 207.6, 216.655, 189.151, 202.666, 150.73, 135.208, 128.975, 185.412, 233.102, 121.876, 167.458, 180.4, 147.376, 158.957, 191.422, 175.56, 150.115, 228.927, 110.604, 202.49, 112.141, 243.848, 190.93, 129.125, 274.526, 214.019, 210.686, 208.37, 235.493, 145.201, 233.346, 199.209, 157.602, 148.228, 136.356, 158.138, 268.568, 246.169, 255.607, 153.538, 247.728, 179.479, 136.231, 128.242, 166.393, 144.352, 158.448, 305.875, 135.806, 228.25, 190.877, 278.056, 187.142, 145.888, 213.109, 197.515, 213.628, 148.461, 220.907, 228.752, 167.867, 147.666, 145.892, 128.966, 147.117, 192.234, 154.424, 184.31, 133.67, 167.99, 195.794, 141.721, 114.511, 181.951, 274.01, 124.917, 210.132, 169.492, 155.254, 143.024, 250.636, 129.303, 244.067, 126.248, 275.21, 316.848, 264.954, 215.586, 152.24, 183.341, 194.37, 185.934, 137.374, 164.412, 205.864, 188.09, 128.567, 129.724, 157.032, 142.454];
HighestPossibleCritFunctionValue = 1.1;
