NumDevices = 16;
NumSlotes = 128;


GivenBandwidthOld = [0.0409864, 0.0786652, 0.0452179, 0.0470994, 0.0696716, 0.0401531, 0.0730686, 0.03417, 0.0644014, 0.0648469, 0.0511365, 0.0711946, 0.037544, 0.0723525, 0.048359, 0.0402156];
GivenLatency = [33.7998, 21.4094, 35.6979, 37.6781, 27.2763, 48.9654, 22.9814, 50.465, 23.902, 22.969, 29.9449, 26.2174, 41.468, 23.6479, 40.3772, 34.1146];
HighestPossibleCritFunctionValue = 1.1;
