NumDevices = 16;
NumSlotes = 128;


GivenBandwidthOld = [0.073985, 0.0354273, 0.0461334, 0.0334412, 0.0666869, 0.0761244, 0.0431976, 0.0412987, 0.0776377, 0.0761635, 0.0500377, 0.0540522, 0.0754911, 0.0493929, 0.0662268, 0.0431515];
GivenLatency = [19.6135, 39.4791, 30.967, 52.8244, 20.8115, 22.4328, 32.0043, 36.9169, 17.8035, 20.6964, 27.1894, 32.6318, 17.9641, 35.1284, 28.8948, 36.274];
HighestPossibleCritFunctionValue = 1.1;
