NumDevices = 16;
NumSlotes = 128;


GivenBandwidthOld = [0.0101316, 0.0213283, 0.0298678, 0.0287078, 0.032401, 0.0288224, 0.0332363, 0.0172161, 0.0165392, 0.0145773, 0.0156068, 0.017979, 0.012847, 0.0347736, 0.0303785, 0.0107798];
GivenLatency = [50.5566, 27.9385, 14.5373, 13.9247, 10.6505, 18.2975, 9.41577, 18.341, 22.3612, 21.9509, 20.973, 24.4088, 24.5386, 11.5477, 10.3297, 33.6573];
HighestPossibleCritFunctionValue = 1.1;
