NumDevices = 128;
NumSlotes = 1024;


GivenBandwidthOld = [0.00340953, 0.00266543, 0.00287805, 0.00130526, 0.00191309, 0.0019916, 0.00289097, 0.00292763, 0.0033962, 0.00371089, 0.00204655, 0.00131112, 0.00352773, 0.00187555, 0.002296, 0.00329889, 0.00258084, 0.00307612, 0.00222753, 0.00252858, 0.00288852, 0.002316, 0.00192264, 0.00322984, 0.00147536, 0.00132505, 0.00319417, 0.00188001, 0.00240332, 0.00386536, 0.00142635, 0.00267215, 0.00332481, 0.00377702, 0.00408194, 0.00396937, 0.00261553, 0.00179432, 0.0027374, 0.00317287, 0.0033312, 0.00192811, 0.00142635, 0.00271074, 0.00197052, 0.00173076, 0.00330041, 0.00305281, 0.00423302, 0.00253308, 0.00351404, 0.00295327, 0.00316055, 0.00244773, 0.00342334, 0.00353361, 0.00370424, 0.00286345, 0.00288448, 0.00328321, 0.0015697, 0.00262651, 0.00187982, 0.00230598, 0.00230849, 0.0037138, 0.0041383, 0.00431909, 0.00212178, 0.00324032, 0.00252237, 0.00155504, 0.00306582, 0.00414611, 0.00421891, 0.00277731, 0.00199287, 0.0022676, 0.00399333, 0.00214302, 0.00404599, 0.00279343, 0.00409869, 0.00414055, 0.00139192, 0.00214021, 0.00357987, 0.00307828, 0.00417513, 0.0013913, 0.00420536, 0.00319405, 0.00297473, 0.0013208, 0.00366345, 0.00166572, 0.00390128, 0.00189064, 0.0027935, 0.00221713, 0.00261769, 0.00367375, 0.0028632, 0.00176461, 0.00340326, 0.00353554, 0.00189464, 0.00141964, 0.00232381, 0.00181574, 0.00334509, 0.00400458, 0.00379282, 0.00403561, 0.00341417, 0.00249924, 0.00341552, 0.00335238, 0.00156812, 0.00412703, 0.00242545, 0.00390794, 0.00141626, 0.00180365, 0.00325083, 0.00415821, 0.00148437, 0.0027929];
GivenLatency = [171.622, 166.679, 121.182, 470.16, 214.897, 172.081, 154.366, 206.626, 117.555, 99.4671, 309.856, 273.168, 183.198, 239.983, 216.15, 98.297, 126.622, 201.998, 154.023, 151.471, 131.909, 142.084, 282.093, 180.01, 264.967, 238.726, 185.388, 326.766, 176.253, 158.735, 283.225, 133.606, 139.419, 97.2093, 159.944, 93.3416, 124.854, 205.394, 123.551, 135.971, 119.082, 317.587, 396.427, 195.881, 221.866, 266.096, 96.9477, 106.241, 142.458, 164.244, 106.497, 207.557, 144.029, 156.632, 126.817, 128.354, 161.235, 109.925, 125.562, 121.618, 371.433, 185.408, 316.434, 141.321, 217.857, 89.404, 146.89, 115.908, 231.183, 110.193, 144.757, 265.358, 114.253, 123.677, 112.883, 232.748, 300.804, 232.198, 87.2583, 287.817, 139.545, 126.839, 83.4926, 91.1802, 364.475, 236.436, 92.2213, 141.059, 151.303, 337.193, 116.666, 144.513, 159.206, 301.314, 133.807, 317.431, 80.1776, 186.197, 216.283, 160.926, 141.745, 97.2799, 139.342, 341.503, 103.268, 146.702, 194.814, 271.023, 252.367, 232.175, 126.402, 160.495, 147.237, 158.804, 93.51, 198.534, 98.1406, 95.2958, 226.029, 77.9365, 157.726, 103.631, 354.474, 288.259, 130.524, 144.937, 369.54, 134.835];
HighestPossibleCritFunctionValue = 1.1;
