NumDevices = 128;
NumSlotes = 1024;


GivenBandwidthOld = [0.00863737, 0.00826985, 0.00631975, 0.00597866, 0.00453928, 0.00662702, 0.00780991, 0.00742624, 0.00898393, 0.0079785, 0.00960776, 0.00520947, 0.00809749, 0.00956012, 0.00447602, 0.00603254, 0.00393437, 0.00876614, 0.00999662, 0.00942298, 0.00573085, 0.00836821, 0.00947492, 0.00998813, 0.00419055, 0.00801181, 0.00700534, 0.00377523, 0.00909173, 0.00714979, 0.00645418, 0.00908955, 0.00798584, 0.00798862, 0.00469932, 0.00904563, 0.00746049, 0.00969161, 0.0081022, 0.0073859, 0.0060472, 0.00650174, 0.00843792, 0.00615073, 0.00911247, 0.00580211, 0.00609972, 0.00791989, 0.00575594, 0.00514734, 0.00760253, 0.00951466, 0.00914923, 0.00493858, 0.00529139, 0.00987852, 0.00584933, 0.00601356, 0.0098287, 0.00587162, 0.0055765, 0.00791311, 0.00432455, 0.00398867, 0.00882534, 0.00505045, 0.00418651, 0.00895351, 0.00917142, 0.0091208, 0.00833342, 0.00601751, 0.0075234, 0.00446229, 0.00642113, 0.00998562, 0.0057551, 0.00963672, 0.00431031, 0.00841696, 0.0037776, 0.00518611, 0.009284, 0.0074572, 0.00447711, 0.00555007, 0.00753568, 0.00464867, 0.00776954, 0.00393182, 0.00961766, 0.00895691, 0.00386056, 0.00572899, 0.00837896, 0.00896088, 0.00800939, 0.00998959, 0.00385491, 0.00445214, 0.00467544, 0.00761692, 0.00757227, 0.00720904, 0.00866592, 0.00680862, 0.00989841, 0.0088237, 0.00867454, 0.00802503, 0.00425696, 0.00550325, 0.00818782, 0.00899956, 0.00807896, 0.00440256, 0.00879415, 0.0057024, 0.00517739, 0.00637415, 0.00785974, 0.00744597, 0.00936449, 0.00405016, 0.00478273, 0.0045914, 0.00772239, 0.00515501];
GivenLatency = [519.338, 422.755, 696.655, 685.111, 967.355, 682.32, 564.073, 590.128, 388.669, 590.803, 420.301, 761.303, 433.866, 475.764, 818.393, 709.994, 1001.11, 537.343, 412.852, 466.795, 611.033, 552.397, 412.066, 401.621, 907.544, 439.664, 663.646, 1123.91, 393.42, 697.718, 688.695, 463.862, 620.269, 512.449, 975.276, 463.148, 595.772, 475.181, 578.58, 469.043, 594.895, 694.951, 406.597, 781.299, 528.903, 822.637, 679.928, 501.866, 641.201, 758.217, 448.669, 404.533, 367.932, 874.007, 650.014, 338.43, 741.951, 665.721, 431.876, 682.391, 645.194, 611.197, 897.455, 887.615, 560.604, 777.119, 934.306, 476.77, 540.893, 379.319, 482.671, 644.8, 659.034, 868.174, 597.36, 340.947, 822.149, 478.421, 944.945, 507.63, 951.772, 732.191, 482.526, 521.291, 781.136, 601.134, 513.543, 1020.63, 485.392, 907.22, 386.91, 374.739, 888.675, 627.904, 439.628, 505.777, 508.682, 338.433, 878.036, 1061.02, 914.214, 512.821, 551.825, 480.429, 386.762, 586.034, 343.699, 525.524, 400.263, 437.645, 1019.4, 622.426, 541.169, 445.015, 459.774, 1106.99, 400.406, 699.337, 953.84, 689.651, 425.711, 541.575, 454.63, 1057.56, 831.689, 833.168, 596.967, 734.208];
HighestPossibleCritFunctionValue = 1.1;
