NumDevices = 64;
NumSlotes = 512;


GivenBandwidthOld = [0.00697103, 0.00339569, 0.00638196, 0.00287075, 0.00871741, 0.00478241, 0.00665548, 0.00617857, 0.0031444, 0.00785425, 0.0039007, 0.00655863, 0.00346477, 0.00481129, 0.00456397, 0.004216, 0.00589104, 0.00821674, 0.00256354, 0.00789943, 0.00692846, 0.00657512, 0.00561925, 0.00267113, 0.00375087, 0.00708936, 0.00462259, 0.00810476, 0.00789711, 0.00547432, 0.00436431, 0.00472162, 0.00373608, 0.00845989, 0.00789974, 0.00599833, 0.00524239, 0.00639194, 0.00811518, 0.00812091, 0.00435928, 0.0076124, 0.00791024, 0.00738777, 0.00753667, 0.00385771, 0.00275783, 0.00454303, 0.00841987, 0.0040279, 0.0068335, 0.00439685, 0.00788779, 0.00511109, 0.00579633, 0.00398184, 0.00777897, 0.00742101, 0.00371461, 0.00390341, 0.00835766, 0.00849276, 0.00403366, 0.0037827];
GivenLatency = [68.2148, 136.174, 68.5913, 125.662, 45.9273, 100.253, 71.223, 75.8078, 135.084, 55.7165, 92.3142, 69.0854, 158.855, 97.7204, 81.3157, 127.516, 69.1795, 42.8054, 142.656, 40.0395, 58.2092, 53.2524, 74.3914, 175.232, 94.3412, 52.709, 98.773, 42.0433, 47.9466, 86.6747, 141.981, 73.0952, 100.066, 46.6695, 59.8373, 58.3252, 70.2922, 52.5422, 61.1738, 45.0848, 98.0574, 64.9057, 59.1114, 56.2314, 65.1996, 125.361, 112.059, 77.4752, 45.8481, 144.231, 54.2253, 99.0827, 60.1891, 124.506, 62.326, 123.347, 70.4353, 50.6896, 89.2601, 121.816, 45.3158, 40.457, 89.9661, 125.395];
HighestPossibleCritFunctionValue = 1.1;
