NumDevices = 64;
NumSlotes = 512;


GivenBandwidthOld = [0.0158434, 0.0100932, 0.0160391, 0.0122224, 0.0144164, 0.0143412, 0.0127948, 0.0101423, 0.0158831, 0.0144628, 0.0194681, 0.0182963, 0.0102899, 0.00924499, 0.0105914, 0.0151529, 0.0171212, 0.0115762, 0.0159801, 0.0199901, 0.0164918, 0.0085048, 0.00771386, 0.0143248, 0.0126799, 0.0168521, 0.0134157, 0.0199304, 0.0132084, 0.0117907, 0.00882731, 0.0155582, 0.0170445, 0.0100669, 0.0120427, 0.0189403, 0.010344, 0.0182892, 0.0170583, 0.0158986, 0.01322, 0.0178737, 0.00819991, 0.00846619, 0.00869575, 0.0170137, 0.0170657, 0.0164971, 0.00894208, 0.0195899, 0.0146152, 0.0170285, 0.0153509, 0.0193072, 0.0144143, 0.0166388, 0.0156891, 0.0165734, 0.0169885, 0.0173865, 0.01997, 0.0151409, 0.0152082, 0.00995877];
GivenLatency = [141.975, 261.519, 198.035, 198.942, 188.166, 173.118, 201.957, 242.291, 142.381, 180.15, 148.583, 173.508, 281.558, 331.831, 227.15, 161.372, 175.679, 225.827, 167.7, 133.786, 188.277, 309.891, 351.59, 197.819, 217.363, 166.006, 189.446, 112.874, 177.397, 265.366, 267.773, 154.651, 141.429, 225.472, 267.195, 144.708, 237.192, 172.336, 133.697, 159.657, 174.409, 130.91, 322.217, 328.061, 261.56, 192.422, 190.965, 191.045, 315.312, 154.081, 159.517, 151.46, 166.549, 147.606, 180.79, 173.639, 142.903, 140.142, 181.051, 139.048, 115.916, 165.325, 151.399, 246.058];
HighestPossibleCritFunctionValue = 1.1;
