NumDevices = 16;
NumSlotes = 128;


GivenBandwidthOld = [0.0584845, 0.0683193, 0.061969, 0.0331821, 0.0614783, 0.0356239, 0.0502288, 0.0662661, 0.0546832, 0.0309067, 0.0684602, 0.031047, 0.0767269, 0.0682912, 0.0403477, 0.0437228];
GivenLatency = [24.5704, 19.9939, 26.1371, 44.5578, 23.198, 40.1898, 35.1029, 21.0975, 36.3521, 53.0281, 22.2059, 49.8103, 23.347, 24.1177, 34.7942, 33.0665];
HighestPossibleCritFunctionValue = 1.1;
