NumDevices = 128;
NumSlotes = 1024;


GivenBandwidthOld = [0.00490957, 0.0076234, 0.0040528, 0.00795716, 0.00846135, 0.0074325, 0.00546634, 0.00521449, 0.00745835, 0.00494867, 0.00485775, 0.00670699, 0.00687268, 0.00660463, 0.00644344, 0.00744508, 0.00695154, 0.0070833, 0.00648142, 0.00573128, 0.00807068, 0.00639944, 0.00784305, 0.00563058, 0.00562697, 0.00506273, 0.00686225, 0.00641053, 0.00424439, 0.00796918, 0.00559017, 0.00653327, 0.00710475, 0.00705763, 0.00510279, 0.00502866, 0.00422466, 0.00635825, 0.00559951, 0.00853865, 0.00653803, 0.00709658, 0.00479806, 0.00853593, 0.00588353, 0.00693247, 0.00659946, 0.00468337, 0.00582546, 0.00603576, 0.00559435, 0.00666669, 0.00458573, 0.00480273, 0.00690547, 0.00781354, 0.00471641, 0.00616173, 0.00773437, 0.00411174, 0.00847634, 0.00440832, 0.00820895, 0.00526655, 0.00744322, 0.00573259, 0.00508097, 0.00840948, 0.00558079, 0.00386284, 0.00524793, 0.00445642, 0.00661255, 0.00462539, 0.00650893, 0.00816776, 0.00807025, 0.00418184, 0.00672176, 0.00506837, 0.00659556, 0.00412488, 0.00441623, 0.00615979, 0.00501952, 0.00563428, 0.00778114, 0.00516487, 0.00853518, 0.00835097, 0.00718388, 0.0069069, 0.00676086, 0.00732901, 0.00621672, 0.00687429, 0.00862395, 0.00526865, 0.00770113, 0.00544124, 0.00839154, 0.00413354, 0.00497684, 0.00828164, 0.00694965, 0.00518889, 0.00711029, 0.005142, 0.00412056, 0.00671517, 0.00441897, 0.00705835, 0.00718956, 0.00738485, 0.00463807, 0.00456924, 0.00767412, 0.00644244, 0.00559675, 0.00700505, 0.00639186, 0.00553017, 0.00806943, 0.00539792, 0.00539621, 0.00664084, 0.00510347, 0.00647484];
GivenLatency = [239.088, 151.357, 240.808, 120.557, 119.691, 154.472, 223.299, 232.661, 131.089, 249.319, 232.147, 190.632, 143.904, 186.736, 183.868, 135.447, 140.383, 158.125, 187.673, 179.96, 146.434, 152.178, 151.138, 199.694, 215.627, 244.255, 179.463, 178.955, 296.17, 120.459, 197.831, 184.064, 138.525, 172.588, 197.408, 198.923, 231.048, 168.504, 215.55, 128.749, 155.168, 158.678, 233.62, 132.769, 192.221, 179.196, 160.467, 205.25, 167.998, 187.912, 180.815, 193.527, 279.893, 269.974, 157.085, 143.942, 215.801, 162.669, 132.278, 278.545, 132.286, 269.875, 119.766, 236.618, 143.634, 215.311, 193.141, 119.877, 199.01, 274.748, 215.854, 243.87, 170.521, 253.58, 149.065, 152.297, 140.338, 231.872, 173.174, 238.249, 164.923, 237.948, 240.663, 176.134, 196.726, 212.343, 163.943, 197.141, 134.224, 121.162, 161.66, 156.309, 168.216, 135.684, 204.902, 144.935, 142.163, 210.466, 149.737, 221.106, 147.425, 256.006, 201.839, 128.816, 153.025, 231.111, 150.529, 186.534, 241.432, 172.845, 290.578, 174.354, 145.783, 163.407, 246.355, 213.794, 136.884, 149.916, 195.421, 166.633, 151.091, 207.477, 136.106, 196.587, 221.412, 145.123, 220.372, 174.204];
HighestPossibleCritFunctionValue = 1.1;
