NumDevices = 128;
NumSlotes = 1024;


GivenBandwidthOld = [0.00879127, 0.00738141, 0.00568117, 0.00466425, 0.00711398, 0.00467628, 0.00922821, 0.00720907, 0.0091627, 0.00616972, 0.00944624, 0.00914082, 0.00732494, 0.00645939, 0.00916398, 0.00894116, 0.00777718, 0.00738113, 0.00712333, 0.00560678, 0.00431949, 0.00641711, 0.00490467, 0.00409392, 0.0090669, 0.00858834, 0.00917293, 0.00936119, 0.00470496, 0.00998932, 0.00551479, 0.00836151, 0.00937651, 0.00593111, 0.00541733, 0.00776476, 0.00479254, 0.00689508, 0.00680199, 0.00478206, 0.00585298, 0.00481917, 0.004525, 0.00417651, 0.00952301, 0.00564679, 0.00815989, 0.00821446, 0.00666133, 0.00939786, 0.00851266, 0.00597068, 0.00798981, 0.00600704, 0.00652175, 0.00736541, 0.00544908, 0.00395701, 0.00794959, 0.00500381, 0.00770555, 0.00974042, 0.00965543, 0.00636799, 0.00430856, 0.00399993, 0.0043712, 0.00673905, 0.00941658, 0.00441215, 0.00746496, 0.00990708, 0.00448148, 0.00400245, 0.00923974, 0.00727627, 0.00730361, 0.00431695, 0.00745265, 0.00914721, 0.00845165, 0.00557627, 0.00403876, 0.00693675, 0.00726898, 0.00981066, 0.00903916, 0.00492831, 0.00760431, 0.00817915, 0.0069263, 0.00654894, 0.00810782, 0.00819111, 0.00795476, 0.00442997, 0.00697146, 0.00929564, 0.0092735, 0.00591946, 0.00954175, 0.00811345, 0.00897303, 0.00603741, 0.00443237, 0.00977085, 0.00870801, 0.00803094, 0.00982907, 0.00586124, 0.0061502, 0.00647876, 0.00975879, 0.00599849, 0.00665514, 0.00541476, 0.00832494, 0.00725867, 0.00517454, 0.00854897, 0.0037824, 0.00458323, 0.00785459, 0.00833496, 0.0069609, 0.00677676, 0.00568217, 0.00891063];
GivenLatency = [445.672, 506.431, 727.844, 800.191, 612.459, 859.55, 404.623, 572.857, 504.695, 664.884, 477.6, 443.892, 508.84, 595.567, 413.576, 420.789, 489.506, 476.692, 650.075, 656.136, 776.104, 590.361, 908.131, 841.685, 452.899, 399.528, 408.231, 436.791, 1007.41, 337.303, 633.305, 473.765, 527.24, 832.582, 878.383, 631.323, 828.788, 527.711, 536.43, 744.966, 594.361, 722.264, 1051.09, 1036.28, 509.918, 842.3, 527.066, 435.69, 574.209, 357.037, 429.501, 654.742, 442.59, 732.416, 558.783, 585.512, 750.938, 962.461, 478.86, 756.351, 511.219, 376.88, 401.575, 683.228, 835.909, 890.599, 838.963, 558.227, 392.891, 1069.11, 664.522, 369.035, 978.523, 1063.67, 463.273, 477.432, 569.365, 829.682, 490.709, 458.346, 492.529, 745.916, 1221.95, 567.544, 484.037, 494.581, 524.517, 712.371, 525.35, 430.081, 601.018, 511.189, 429.212, 519.242, 515.48, 904.549, 507.547, 410.469, 430.392, 630.246, 443.398, 510.062, 411.336, 561.688, 877.743, 434.092, 441.464, 476.112, 388.613, 618.426, 666.323, 621.509, 361.499, 614.011, 675.147, 751.552, 548.923, 490.544, 781.374, 583.911, 892.328, 900.978, 435.681, 560.935, 483.95, 636.398, 628.156, 395.039];
HighestPossibleCritFunctionValue = 1.1;
