NumDevices = 32;
NumSlotes = 256;


GivenBandwidthOld = [0.0259285, 0.0297994, 0.0289265, 0.0174419, 0.0154343, 0.034682, 0.0303834, 0.0236299, 0.0183205, 0.0220197, 0.0344454, 0.0331994, 0.0324496, 0.0302612, 0.0304691, 0.0249321, 0.0231851, 0.0216977, 0.0234914, 0.0291218, 0.0192744, 0.0345517, 0.0202228, 0.0344139, 0.0238814, 0.0245777, 0.0275231, 0.0312108, 0.0301604, 0.0153615, 0.0301053, 0.0304867];
GivenLatency = [41.2524, 29.6362, 39.3697, 61.4762, 54.5428, 30.3165, 28.2254, 41.2593, 51.8957, 47.119, 29.4897, 25.809, 26.9087, 30.5518, 31.5467, 42.6915, 46.8506, 41.4353, 36.8571, 32.2381, 46.4188, 33.7124, 52.267, 32.7971, 41.36, 42.2155, 34.2059, 35.0756, 33.1379, 68.2325, 38.8662, 27.8909];
HighestPossibleCritFunctionValue = 1.1;
