NumDevices = 128;
NumSlotes = 1024;


GivenBandwidthOld = [0.00983839, 0.00624595, 0.00937499, 0.00541064, 0.00788719, 0.00631748, 0.00535954, 0.00533835, 0.00534474, 0.00647736, 0.0050697, 0.008871, 0.00997076, 0.00611779, 0.0053852, 0.00537852, 0.0055915, 0.00384423, 0.00621777, 0.00451284, 0.00602649, 0.00848496, 0.00923289, 0.00469509, 0.00659964, 0.00392286, 0.00905093, 0.00901772, 0.00712511, 0.00426412, 0.00706832, 0.00603762, 0.00795286, 0.0037564, 0.00512207, 0.00782654, 0.00560163, 0.00542723, 0.00549469, 0.00805002, 0.00551455, 0.00423041, 0.00922715, 0.00813432, 0.00981175, 0.00865829, 0.00980453, 0.00593844, 0.0098041, 0.00491984, 0.00904969, 0.00689445, 0.00883936, 0.00931209, 0.00460054, 0.00500687, 0.00922346, 0.00870676, 0.00572185, 0.00709295, 0.00750535, 0.00735835, 0.00555592, 0.00586721, 0.00643324, 0.0072108, 0.00688714, 0.0046142, 0.00966233, 0.00984329, 0.00738272, 0.00882955, 0.00693392, 0.00969562, 0.00671165, 0.00527767, 0.0042364, 0.00992498, 0.00536913, 0.00402218, 0.00948099, 0.00572531, 0.00895384, 0.00847653, 0.00507072, 0.00726858, 0.00926458, 0.00612872, 0.00782425, 0.00464569, 0.00766875, 0.00984836, 0.00506243, 0.00543803, 0.0056615, 0.00528674, 0.00675409, 0.00601842, 0.00409381, 0.00711525, 0.00717453, 0.00981824, 0.0051011, 0.00545492, 0.00841072, 0.00530765, 0.00821564, 0.0078309, 0.00398202, 0.00948364, 0.00655333, 0.00675288, 0.00444109, 0.00639088, 0.00785697, 0.00467001, 0.0038821, 0.00514344, 0.00456129, 0.00781741, 0.00849398, 0.00454068, 0.00517881, 0.00533155, 0.00982725, 0.0065928, 0.00776645, 0.00825019];
GivenLatency = [397.415, 627.203, 404.212, 694.853, 564.382, 577.531, 625.442, 627.2, 637.156, 606.801, 711.773, 453.652, 442.577, 611.729, 795.676, 626.634, 888.925, 1300.15, 782.469, 979.588, 623.409, 470.817, 425.655, 817.16, 586.688, 1118.54, 461.75, 505.16, 519.036, 918.89, 688.859, 589.57, 625.35, 1150.83, 932.7, 494.647, 704.799, 706.364, 792.636, 435.65, 825.683, 798.49, 487.909, 551.607, 410.105, 463.376, 420.915, 608.471, 425.474, 933.175, 371.46, 715.661, 562.778, 399.526, 1083.1, 718.349, 496.205, 415.813, 786.087, 544.03, 600.983, 611.51, 771.944, 661.999, 633.441, 580.96, 492.269, 905.075, 383.269, 468.838, 466.458, 431.876, 703.781, 365.388, 546.039, 831.427, 1063.38, 451.359, 649.503, 1090, 401.103, 637.649, 487.073, 418.121, 679.34, 584.279, 368.886, 770.167, 630.608, 887.451, 475.807, 460.851, 963.772, 741.965, 623.841, 714.906, 581.147, 798.529, 904.411, 489.806, 579.697, 387.262, 663.148, 634.057, 405.058, 840.211, 455.682, 447.23, 963.747, 358.359, 631.411, 533.794, 778.721, 757.427, 470.022, 717.481, 1034.23, 737.713, 906.659, 518.348, 411.577, 741.249, 937.766, 888.395, 354.83, 506.895, 548.387, 566.542];
HighestPossibleCritFunctionValue = 1.1;
