NumDevices = 128;
NumSlotes = 1024;


GivenBandwidthOld = [0.00770104, 0.0088825, 0.00941797, 0.00899955, 0.00792332, 0.0071948, 0.0066933, 0.0092979, 0.00976895, 0.00807333, 0.00975994, 0.00652391, 0.00610722, 0.00909519, 0.00913516, 0.0059483, 0.00689907, 0.00510216, 0.00446486, 0.00596436, 0.00796251, 0.00966095, 0.00530461, 0.0069971, 0.00893496, 0.00981918, 0.00837622, 0.00670337, 0.00983334, 0.00896294, 0.00508814, 0.00642784, 0.00387463, 0.00466439, 0.00936255, 0.00880492, 0.00560981, 0.00525854, 0.0077698, 0.00826245, 0.0069085, 0.00746688, 0.00467794, 0.00582022, 0.00420773, 0.0092612, 0.00556466, 0.00891456, 0.00448522, 0.00428295, 0.00473222, 0.00565412, 0.00636748, 0.00828653, 0.00539665, 0.00393093, 0.00709352, 0.00458135, 0.00749114, 0.00617043, 0.00885269, 0.00836637, 0.00984173, 0.00612134, 0.00878143, 0.0045253, 0.00917795, 0.00624652, 0.00647794, 0.00852669, 0.00436753, 0.00752935, 0.00450985, 0.00575997, 0.00408883, 0.00473496, 0.00800966, 0.00830432, 0.00451984, 0.00500631, 0.00611488, 0.00660814, 0.0092677, 0.00848145, 0.00651203, 0.00643732, 0.00702997, 0.0051604, 0.00827355, 0.00606315, 0.00594043, 0.00575189, 0.00582559, 0.00687782, 0.00429607, 0.00658086, 0.00702918, 0.004397, 0.00911187, 0.0082511, 0.00994529, 0.00928486, 0.00932402, 0.00507269, 0.00926749, 0.00496629, 0.0083866, 0.00602939, 0.00718978, 0.00983551, 0.00787351, 0.00751781, 0.00434575, 0.00401681, 0.00685321, 0.0093166, 0.00542891, 0.00868919, 0.00418181, 0.00493775, 0.00383066, 0.00944992, 0.00860307, 0.00679167, 0.0063008, 0.00635655, 0.00584606, 0.00728825];
GivenLatency = [466.419, 495.199, 370.272, 528.942, 606.377, 526.262, 613.406, 404.807, 385.007, 555.155, 440.445, 559.874, 753.559, 381.151, 524.732, 561.816, 593.171, 774.309, 934.415, 583.648, 429.362, 416.239, 799.327, 678.067, 518.33, 434.404, 530.949, 736.014, 462.711, 451.206, 968.86, 655.884, 985.324, 1002.24, 368.41, 461.148, 647.772, 654.129, 441.55, 539.865, 529.701, 476.503, 938.208, 675.357, 1176.29, 369.102, 771.452, 552.471, 844.095, 1113.19, 833.609, 791.057, 613.899, 442.117, 761.296, 1042.73, 524.098, 1076.22, 509.527, 621.752, 460.779, 498.396, 356.018, 651.29, 380.09, 883.036, 426.376, 563.326, 726.892, 580.108, 1016.13, 457.654, 802.78, 603.793, 1176.31, 759.036, 425.997, 556.444, 806.298, 957.781, 665.831, 535.137, 411.551, 557.347, 611.297, 664.044, 523.116, 803.345, 604.142, 592.685, 818.734, 701.867, 621.807, 575.007, 831.323, 568.496, 651.154, 772.554, 498.241, 465.465, 421.205, 402.679, 398.594, 726.3, 370.592, 841.528, 549.9, 655.703, 492.185, 352.561, 525.331, 446.26, 779.987, 962.239, 562, 423.2, 838.645, 426.574, 905.694, 774.79, 1009.1, 450.385, 531.664, 707.743, 667.742, 730.262, 612.968, 495.891];
HighestPossibleCritFunctionValue = 1.1;
