NumDevices = 32;
NumSlotes = 256;


GivenBandwidthOld = [0.0229782, 0.024743, 0.0257934, 0.0201633, 0.0345179, 0.0318528, 0.0192867, 0.0217066, 0.0328911, 0.0307902, 0.0208393, 0.015342, 0.0231926, 0.0276303, 0.0317328, 0.0232401, 0.0268171, 0.0256154, 0.0286982, 0.0199245, 0.0202676, 0.0271847, 0.0239731, 0.0264393, 0.01512, 0.0325527, 0.0230214, 0.0309639, 0.0197234, 0.021642, 0.0265802, 0.0242738];
GivenLatency = [46.9615, 40.0493, 45.2193, 44.2982, 24.4702, 31.321, 47.9191, 47.5576, 26.86, 28.8816, 48.0506, 58.1011, 50.4645, 33.2552, 26.4834, 36.5597, 38.6339, 44.8623, 31.1561, 52.1532, 57.1481, 30.7427, 39.1774, 38.4744, 68.411, 35.3908, 39.4984, 33.4779, 53.3411, 47.4781, 32.0987, 36.637];
HighestPossibleCritFunctionValue = 1.1;
