NumDevices = 64;
NumSlotes = 512;


GivenBandwidthOld = [0.00817778, 0.0114959, 0.01622, 0.0144914, 0.0113595, 0.0109716, 0.0175521, 0.0163032, 0.0136532, 0.0113288, 0.0199638, 0.0121812, 0.00898055, 0.0160877, 0.0159701, 0.0138388, 0.0188972, 0.00941122, 0.0169229, 0.0156895, 0.0115409, 0.00962478, 0.0187596, 0.0102602, 0.0108409, 0.0198789, 0.00949127, 0.0123312, 0.0187454, 0.0092789, 0.0179852, 0.00785856, 0.00876324, 0.0137969, 0.0136622, 0.0136679, 0.00827937, 0.0189369, 0.0150009, 0.0129488, 0.0111881, 0.0177367, 0.0187813, 0.0120564, 0.0114385, 0.0136026, 0.0108107, 0.0129421, 0.00970521, 0.00796711, 0.0081491, 0.0169675, 0.0160311, 0.0154608, 0.0178724, 0.0111488, 0.00831543, 0.0123653, 0.0155676, 0.0128956, 0.0157786, 0.00897173, 0.0177927, 0.0090181];
GivenLatency = [374.046, 274.934, 139.988, 186.159, 283.016, 270.996, 139.99, 152.897, 188.045, 198.831, 153.859, 270.193, 289.186, 144.814, 177.754, 189.418, 146.113, 308.617, 164.874, 204.585, 256.811, 238.697, 125.398, 248.705, 250.364, 149.981, 320.167, 252.642, 140.37, 297.306, 175.031, 388.831, 280.657, 207.852, 170.364, 220.03, 294.245, 171.023, 162.07, 172.858, 236.14, 143.309, 120.014, 201.094, 197.958, 207.544, 227.167, 198.568, 341.341, 336.937, 299.226, 163.562, 156.788, 202.068, 130.099, 245.954, 311.52, 249.518, 166.652, 241.53, 148.121, 299.246, 155.081, 264.915];
HighestPossibleCritFunctionValue = 1.1;
