NumDevices = 32;
NumSlotes = 256;


GivenBandwidthOld = [0.0287103, 0.0193205, 0.0295502, 0.0351289, 0.022173, 0.0214247, 0.0204867, 0.0302745, 0.0329925, 0.0150665, 0.0328425, 0.0184534, 0.0309606, 0.0394714, 0.0310306, 0.015797, 0.0354712, 0.0241981, 0.0324522, 0.0333678, 0.0221909, 0.023262, 0.0239007, 0.034054, 0.0300354, 0.0392816, 0.0160938, 0.0240535, 0.0278366, 0.0351664, 0.0265405, 0.0253689];
GivenLatency = [61.436, 128.339, 56.6526, 62.1996, 79.809, 116.193, 116.133, 58.6224, 50.8166, 149.184, 65.3291, 97.4012, 76.1803, 52.9728, 61.3815, 116.845, 52.3537, 70.9497, 67.6162, 71.2445, 95.8398, 75.5952, 100.192, 52.7012, 68.8054, 50.9398, 120.328, 85.0777, 74.9537, 59.8689, 75.0561, 70.7944];
HighestPossibleCritFunctionValue = 1.1;
