NumDevices = 32;
NumSlotes = 256;


GivenBandwidthOld = [0.00675269, 0.0123948, 0.0142197, 0.0104519, 0.00973076, 0.014893, 0.014187, 0.0116186, 0.00692454, 0.0132829, 0.0155051, 0.0147532, 0.0144432, 0.0173815, 0.0130545, 0.0146118, 0.0135349, 0.0133763, 0.0111417, 0.0162185, 0.0165941, 0.0165697, 0.00680761, 0.0104489, 0.00983687, 0.0108398, 0.0171975, 0.00866261, 0.0125093, 0.0140741, 0.0138723, 0.00929669];
GivenLatency = [81.1417, 44.9717, 28.7165, 47.5095, 36.9837, 25.6133, 26.6672, 34.0812, 65.6243, 25.8079, 37.4081, 31.103, 36.3608, 18.6172, 41.1187, 34.7754, 26.4466, 24.9665, 29.2048, 26.5817, 33.0189, 28.5191, 56.2724, 51.8556, 39.6899, 43.1696, 17.9161, 48.3871, 30.0104, 31.853, 41.6004, 38.5504];
HighestPossibleCritFunctionValue = 1.1;
