NumDevices = 16;
NumSlotes = 128;


GivenBandwidthOld = [0.0314367, 0.0212567, 0.0267845, 0.0314349, 0.0160737, 0.0164392, 0.0328394, 0.0224412, 0.0346305, 0.0253154, 0.0163504, 0.0169351, 0.0177791, 0.0280953, 0.0124106, 0.024584];
GivenLatency = [12.8322, 14.9624, 16.0222, 14.2416, 27.7266, 19.4883, 12.1938, 25.4706, 14.3682, 12.4992, 20.6568, 27.5897, 20.5467, 18.8085, 31.9347, 21.7998];
HighestPossibleCritFunctionValue = 1.1;
