NumDevices = 128;
NumSlotes = 1024;


GivenBandwidthOld = [0.00177734, 0.00167136, 0.00185294, 0.00360417, 0.00217008, 0.00249383, 0.00321125, 0.00142231, 0.00344365, 0.00433005, 0.0020681, 0.00411655, 0.00431458, 0.0013817, 0.00221867, 0.00361156, 0.00134584, 0.0027374, 0.00317246, 0.00259326, 0.00241158, 0.00206056, 0.00253248, 0.00283832, 0.00235652, 0.00161072, 0.00134019, 0.00145246, 0.00403453, 0.00404504, 0.00255824, 0.0013239, 0.00273258, 0.00340801, 0.0022538, 0.00329528, 0.00436949, 0.00245849, 0.00297927, 0.0025849, 0.00258713, 0.00245038, 0.00422837, 0.00244039, 0.00195317, 0.00377386, 0.00409412, 0.00237103, 0.00175452, 0.0026556, 0.00323723, 0.00366927, 0.00254176, 0.00240646, 0.00354339, 0.00243356, 0.00274374, 0.00333471, 0.00151908, 0.001848, 0.00190209, 0.00157666, 0.00390362, 0.00378048, 0.00295961, 0.0034548, 0.00421556, 0.00286577, 0.00129626, 0.00382586, 0.00306228, 0.00399531, 0.00410985, 0.00419276, 0.00394449, 0.00308829, 0.00358896, 0.00270102, 0.00415743, 0.00393991, 0.00437074, 0.00153957, 0.00247425, 0.00216075, 0.00189662, 0.00332446, 0.00419466, 0.00153089, 0.00334067, 0.00168754, 0.00178461, 0.00212127, 0.00401778, 0.00374048, 0.00250968, 0.00387981, 0.00352193, 0.001276, 0.00389924, 0.00201541, 0.00306497, 0.00234207, 0.00255302, 0.00418133, 0.00254629, 0.00357186, 0.00282171, 0.0012711, 0.00272104, 0.00310769, 0.00155601, 0.00380451, 0.00369728, 0.00139802, 0.0014808, 0.00212652, 0.00165459, 0.0042881, 0.00319693, 0.00144273, 0.00292216, 0.00207208, 0.00224255, 0.00187054, 0.00253839, 0.0020883, 0.00301158, 0.0018228];
GivenLatency = [213.624, 258.726, 201.294, 119.665, 217.814, 141.189, 147.947, 234.005, 94.97, 109.433, 256.883, 89.4718, 87.8614, 230.533, 233.363, 93.8676, 264.701, 129.318, 143.832, 208.22, 130.373, 298.516, 150.156, 117.909, 145.703, 291.216, 331.532, 277.084, 101.851, 121.037, 247.732, 421.906, 198.375, 94.2823, 165.458, 172.427, 92.0367, 232.758, 165.863, 134.179, 172.498, 146.154, 83.5935, 136.439, 223.185, 123.067, 140.486, 219.797, 308.623, 229.195, 149.588, 101.39, 151.824, 137.83, 116.782, 146.948, 115.394, 137.955, 210.92, 298.53, 215.856, 224.271, 151.02, 111.2, 207.72, 108.209, 132.105, 126.234, 480.736, 105.623, 144.234, 95.0307, 83.0647, 103.188, 144.025, 154.968, 145.766, 143.706, 101.101, 155.816, 82.3334, 204.487, 135.073, 153.459, 241.737, 102.051, 103.292, 308.973, 188.88, 254.142, 274.867, 248.681, 129.127, 97.0694, 137.252, 82.5995, 97.8638, 499.457, 139.766, 194.629, 116.599, 197.928, 140.097, 142.767, 193.169, 181.291, 217.836, 358.428, 229.729, 116.904, 288.765, 101.322, 157.685, 353.283, 342.455, 184.041, 204.359, 101.601, 192.221, 320.54, 141.56, 259.694, 255.824, 205.182, 146.156, 302.009, 199.978, 171.845];
HighestPossibleCritFunctionValue = 1.1;
