NumDevices = 128;
NumSlotes = 1024;


GivenBandwidthOld = [0.00758415, 0.00673054, 0.00394583, 0.00761746, 0.00417004, 0.00706087, 0.0058227, 0.00840447, 0.00642354, 0.00667985, 0.00818866, 0.00431516, 0.00861393, 0.00801014, 0.0039278, 0.00456127, 0.00749555, 0.00525244, 0.0052718, 0.00569214, 0.00777891, 0.00513071, 0.00938296, 0.00820497, 0.0096855, 0.00548964, 0.00443122, 0.0092447, 0.00942426, 0.00851251, 0.00977039, 0.00722468, 0.00889826, 0.00551514, 0.00793276, 0.00968333, 0.00641976, 0.00563545, 0.00503595, 0.00413533, 0.00493062, 0.0088784, 0.00919872, 0.00542898, 0.00991441, 0.00892254, 0.00745094, 0.00550882, 0.00791094, 0.00541369, 0.00912634, 0.00757223, 0.00645889, 0.00701892, 0.00703848, 0.00453326, 0.00558399, 0.00893653, 0.00504857, 0.00382385, 0.00744275, 0.00537375, 0.00657543, 0.0095197, 0.00637413, 0.00755735, 0.00640468, 0.00841386, 0.00795569, 0.00748859, 0.00705584, 0.00878603, 0.00676951, 0.00886825, 0.00743019, 0.00663437, 0.00630855, 0.0053098, 0.00679217, 0.00856335, 0.00797027, 0.00886488, 0.00707049, 0.00500517, 0.00564205, 0.00967557, 0.00731052, 0.0079768, 0.00610227, 0.00709483, 0.00780779, 0.00935025, 0.00841515, 0.00467313, 0.00626902, 0.00973693, 0.00740367, 0.0046564, 0.00633289, 0.00807975, 0.00508011, 0.00890071, 0.00921858, 0.00785389, 0.00905055, 0.00890273, 0.00573046, 0.00809571, 0.00463228, 0.00726261, 0.0089206, 0.00604615, 0.00766946, 0.00929208, 0.00573669, 0.00652516, 0.0083947, 0.00470817, 0.00763136, 0.00646917, 0.00480241, 0.00411899, 0.00531936, 0.00504492, 0.00493381, 0.00628256, 0.00597645, 0.00494062];
GivenLatency = [483.068, 515.416, 926.949, 640.224, 927.67, 524.386, 798.485, 539.529, 756.531, 712.359, 524.464, 871.802, 542.861, 433.818, 1120.95, 781.602, 614.025, 776.99, 737.361, 699.106, 442.284, 746.845, 457.095, 576.187, 363.103, 854.13, 909.938, 412.624, 367.049, 407.452, 348.216, 596.645, 499.547, 836.228, 487.717, 373.092, 775.057, 770.975, 938.999, 1115.49, 728.353, 522.04, 363.845, 742.062, 362.997, 472.77, 454.031, 771.49, 429.644, 725.445, 369.293, 622.62, 580.381, 648.403, 542.81, 743.39, 684.03, 406.235, 661.8, 1217.14, 464.762, 691.607, 632.917, 356.831, 730.975, 491.873, 637.184, 399.825, 544.645, 623.23, 559.784, 551.788, 542.279, 424.737, 600.319, 535.622, 559.397, 730.669, 646.322, 501.18, 428.983, 563.583, 632.559, 799.813, 611.916, 462.318, 504.854, 574.879, 557.706, 500.488, 435.326, 384.311, 428.808, 899.896, 543.716, 493.536, 577.613, 960.669, 733.226, 566.918, 961.201, 476.873, 537.548, 546.267, 493.436, 489.229, 797.06, 444.447, 840.207, 527.551, 445.547, 645.895, 479.111, 471.814, 591.227, 604.224, 456.594, 830.107, 508.276, 772.802, 969.698, 920.929, 883.447, 848.339, 795.704, 768.578, 571.056, 758.172];
HighestPossibleCritFunctionValue = 1.1;
