NumDevices = 64;
NumSlotes = 512;


GivenBandwidthOld = [0.00855444, 0.00321194, 0.00562825, 0.00400328, 0.00558574, 0.00827532, 0.00582036, 0.00780122, 0.0062788, 0.00649431, 0.00356681, 0.00739295, 0.0070769, 0.00778688, 0.00276062, 0.00773676, 0.00430382, 0.00684122, 0.0028723, 0.00345194, 0.00793127, 0.00452583, 0.00694782, 0.00696851, 0.00472276, 0.00415711, 0.00352673, 0.00869419, 0.00831242, 0.004399, 0.00649832, 0.0084608, 0.00444521, 0.00812459, 0.00375382, 0.00677727, 0.00301562, 0.00600671, 0.00850498, 0.00312181, 0.00334099, 0.00569895, 0.00482182, 0.00649446, 0.006132, 0.00804724, 0.00366632, 0.00485074, 0.00513227, 0.00559707, 0.00501484, 0.00698798, 0.00701052, 0.00448224, 0.00553094, 0.00598448, 0.00372707, 0.00715989, 0.00869192, 0.00751673, 0.00612673, 0.00687095, 0.00258465, 0.00652788];
GivenLatency = [51.1222, 114.88, 78.5695, 83.6554, 58.8139, 39.729, 55.8006, 58.6713, 54.9494, 49.1592, 151.939, 49.5032, 45.2414, 44.9916, 194.916, 72.2231, 147.876, 89.5009, 156.378, 114.215, 48.7459, 85.1684, 61.1606, 49.3721, 93.7951, 112.618, 129.287, 46.2558, 52.3158, 134.326, 90.044, 38.3172, 102.878, 59.5968, 170.49, 55.4675, 153.012, 59.4431, 46.6744, 98.9814, 108.106, 69.9868, 112.116, 57.7636, 61.0595, 42.189, 162.472, 64.044, 65.6447, 65.6147, 116.63, 73.6318, 81.1965, 144.809, 69.3166, 98.8846, 125.755, 67.674, 40.7966, 59.137, 56.9814, 45.6907, 153.087, 93.0518];
HighestPossibleCritFunctionValue = 1.1;
