NumDevices = 128;
NumSlotes = 1024;


GivenBandwidthOld = [0.00804649, 0.00490071, 0.00379587, 0.00476974, 0.00747542, 0.00687542, 0.00773927, 0.00645086, 0.0070302, 0.0039897, 0.00741138, 0.00552421, 0.0079236, 0.00443773, 0.00747367, 0.00748525, 0.0071719, 0.00567455, 0.00465604, 0.00650223, 0.00545294, 0.00505306, 0.00422396, 0.0046273, 0.00860887, 0.00672121, 0.00585529, 0.00728443, 0.00687368, 0.00836069, 0.00555941, 0.00454977, 0.00541774, 0.00841942, 0.00762537, 0.00707848, 0.00545788, 0.00802192, 0.00696594, 0.00399093, 0.00809416, 0.00609463, 0.00488659, 0.00643462, 0.00411582, 0.00702176, 0.0072144, 0.00485614, 0.00466422, 0.0040918, 0.00831063, 0.0042966, 0.00549896, 0.00851666, 0.00693911, 0.00807064, 0.00568833, 0.00631962, 0.006331, 0.00767599, 0.00783154, 0.00723058, 0.0069367, 0.00759622, 0.00709775, 0.00439365, 0.00653451, 0.00793319, 0.00554628, 0.00388082, 0.0075045, 0.00566509, 0.00572521, 0.00614232, 0.00639262, 0.00825232, 0.00432095, 0.00462942, 0.00411816, 0.00642362, 0.0042088, 0.00485073, 0.00375339, 0.00574855, 0.0083342, 0.00541693, 0.00491603, 0.00627184, 0.00832372, 0.00427976, 0.00741351, 0.00635462, 0.00462145, 0.00527762, 0.00845489, 0.00380472, 0.00845518, 0.00868994, 0.00434254, 0.00753206, 0.00375488, 0.00584165, 0.00807899, 0.00609109, 0.00543526, 0.00790761, 0.00574091, 0.00490438, 0.00544035, 0.00847343, 0.00535174, 0.00422602, 0.00421242, 0.00567156, 0.00442025, 0.00872076, 0.00734491, 0.00846602, 0.00587197, 0.00768649, 0.00433198, 0.00505954, 0.00827495, 0.00454436, 0.00449121, 0.0063429, 0.00766027, 0.00860529];
GivenLatency = [133.075, 217.358, 335.4, 265.968, 133.975, 152.149, 161.858, 157.226, 136.17, 313.458, 145.652, 232.539, 138.649, 239.586, 142.37, 131.177, 155.887, 167.855, 274.503, 185.712, 231.606, 190.104, 264.403, 229.85, 140.309, 166.677, 181.126, 131.534, 161.451, 118.02, 224.905, 223.752, 225.083, 145.796, 157.269, 148.845, 212.96, 135.787, 176.352, 251.908, 137.328, 170.131, 229.653, 178.524, 241.087, 166.956, 160.531, 210.915, 223.931, 272.869, 141.694, 266.202, 232.563, 135.515, 171.963, 131.592, 183.215, 153.384, 202.773, 124.636, 152.041, 142.073, 166.708, 151.847, 146.855, 249.37, 151.207, 159.194, 185.123, 322.199, 144.975, 182.802, 167.996, 203.971, 180.23, 136.026, 234.113, 266.044, 310.997, 177.232, 232.922, 217.531, 287.443, 174.018, 121.206, 223.669, 211.518, 170.487, 144.272, 233.51, 135.384, 184.64, 263.809, 206.313, 150.467, 277.809, 129.086, 120.026, 282.821, 142.033, 326.371, 193.031, 139.205, 179.043, 234.112, 153.342, 220.069, 219.118, 187.983, 121.038, 178.908, 305.511, 285.361, 176.166, 237.281, 122.074, 144.87, 149.84, 173.145, 137.2, 227.109, 229.749, 130.042, 245.466, 242.411, 191.023, 166.66, 110.988];
HighestPossibleCritFunctionValue = 1.1;
