NumDevices = 128;
NumSlotes = 1024;


GivenBandwidthOld = [0.00377381, 0.00333743, 0.00347219, 0.0027762, 0.00210425, 0.00234486, 0.00248719, 0.00406244, 0.0042956, 0.00431995, 0.0041101, 0.00221006, 0.00263741, 0.00390395, 0.00301511, 0.00174732, 0.00346953, 0.00174489, 0.00323616, 0.00140705, 0.00335484, 0.00234505, 0.00267531, 0.00333266, 0.00140489, 0.00132033, 0.00196578, 0.00316686, 0.00232159, 0.00205667, 0.00266391, 0.00228841, 0.00380993, 0.00405377, 0.00236307, 0.00237878, 0.00391857, 0.00183471, 0.00346067, 0.0028164, 0.00265842, 0.00376941, 0.00427056, 0.00212149, 0.00144948, 0.00386841, 0.0026571, 0.00355983, 0.0038847, 0.00134198, 0.00346581, 0.00170339, 0.00270389, 0.00232673, 0.00406938, 0.00212999, 0.00369747, 0.00142391, 0.0023443, 0.00257923, 0.0041977, 0.00262788, 0.00304035, 0.00410522, 0.00135717, 0.00243007, 0.00335246, 0.00293194, 0.00394478, 0.00186164, 0.00299328, 0.00360207, 0.00436961, 0.00434125, 0.00269949, 0.00337649, 0.00366777, 0.00230883, 0.00328188, 0.0041329, 0.00409307, 0.00351329, 0.00282481, 0.00353799, 0.00235371, 0.00435344, 0.0013486, 0.00220092, 0.00207483, 0.00162751, 0.00233736, 0.00155922, 0.00143838, 0.00173409, 0.00292586, 0.0018822, 0.00168897, 0.00399353, 0.00235433, 0.00237191, 0.00400848, 0.00360008, 0.00219416, 0.00414031, 0.00369406, 0.00349431, 0.00264269, 0.00186892, 0.0034816, 0.00153524, 0.00155579, 0.00324134, 0.00401462, 0.00363993, 0.00323113, 0.00431589, 0.00151303, 0.00326271, 0.00382411, 0.00176148, 0.00389495, 0.00171806, 0.00227722, 0.00320118, 0.0041813, 0.00204278, 0.00367047, 0.00392555];
GivenLatency = [93.8164, 137.577, 95.9611, 143.4, 302.773, 250.644, 167.419, 80.4472, 144.283, 144.941, 126.936, 294.964, 219.424, 102.503, 117.144, 184.701, 167.837, 222.484, 116.179, 350.685, 148.855, 165.905, 148.948, 135.858, 368.285, 417.222, 236.608, 127.175, 180.89, 170.219, 202.354, 185.439, 124.182, 101.969, 153.028, 150.468, 99.3728, 172.449, 187.213, 111.54, 126.803, 146.172, 88.0259, 254.752, 312.772, 105.861, 119.964, 110.612, 108.274, 319.959, 100.516, 199.557, 186.257, 219.649, 81.1484, 161.627, 133.07, 301.41, 177.886, 177.263, 79.4396, 169.971, 168.19, 92.5281, 234.591, 140.542, 175.895, 207.598, 83.4687, 176.043, 163.228, 125.227, 129.269, 86.3342, 128.525, 154.053, 110.891, 160.601, 129.839, 121.09, 78.6229, 91.7765, 165.525, 124.108, 186.073, 121.119, 283.648, 210.322, 205.23, 227.975, 149.161, 349.486, 307.592, 277.54, 170.059, 196.051, 232.657, 89.7435, 166.481, 159.329, 85.4814, 161.952, 219.997, 86.9019, 122.304, 107.854, 145.854, 233.868, 147.688, 224.677, 215.5, 127.431, 140.024, 161.378, 106.859, 138.758, 224.631, 120.906, 157.578, 252.285, 104.526, 254.115, 212.84, 158.585, 149.318, 263.436, 93.589, 101.655];
HighestPossibleCritFunctionValue = 1.1;
