NumDevices = 128;
NumSlotes = 1024;


GivenBandwidthOld = [0.00826044, 0.00444265, 0.0076419, 0.00861752, 0.00590158, 0.00918834, 0.00594199, 0.00699009, 0.009943, 0.00830568, 0.00856273, 0.00997306, 0.00716231, 0.00448703, 0.0097826, 0.00617528, 0.00917992, 0.00813097, 0.00968949, 0.00380674, 0.00731449, 0.00585259, 0.00439851, 0.00950761, 0.00939773, 0.00643275, 0.00523137, 0.0074029, 0.00436791, 0.00779862, 0.00509315, 0.00929829, 0.0039156, 0.00568414, 0.00452488, 0.00838157, 0.00909319, 0.00667117, 0.00611354, 0.00904491, 0.00786293, 0.0047277, 0.00464795, 0.00806104, 0.00941976, 0.00795797, 0.00826644, 0.00525754, 0.00968875, 0.00385004, 0.00391032, 0.00455911, 0.00876572, 0.00927357, 0.0071143, 0.00375144, 0.00918348, 0.00551536, 0.00544558, 0.00765764, 0.0045136, 0.00638575, 0.0091141, 0.00822512, 0.00464403, 0.00479846, 0.00641944, 0.00658969, 0.00541949, 0.00657153, 0.00645229, 0.00859741, 0.0053468, 0.00989539, 0.00811083, 0.00876393, 0.00416107, 0.00643119, 0.00407643, 0.00876871, 0.00944167, 0.00742274, 0.00651244, 0.0070935, 0.00426267, 0.00768683, 0.00761621, 0.00819263, 0.00850042, 0.00659736, 0.00927337, 0.00375874, 0.00692477, 0.00590159, 0.0092713, 0.00649254, 0.00390651, 0.0091344, 0.0056384, 0.0045301, 0.00864599, 0.00937831, 0.00502893, 0.0050273, 0.0087973, 0.00874346, 0.00386364, 0.00740386, 0.00800007, 0.00963654, 0.00753606, 0.00474928, 0.00496351, 0.00542545, 0.00678408, 0.00377212, 0.00680532, 0.00449476, 0.00841766, 0.00928819, 0.00912614, 0.0042066, 0.00902732, 0.00589518, 0.00778238, 0.00714241, 0.0074229, 0.00923739];
GivenLatency = [539.945, 960.565, 619.754, 575.65, 680.732, 431.614, 634.778, 672.3, 350.034, 455.766, 390.389, 435.785, 586.16, 983.599, 425.948, 601.538, 366.117, 584.973, 405.058, 1045.21, 465.234, 678.468, 889.752, 460.641, 389.353, 543.52, 777.241, 643.88, 1097.77, 546.351, 702.108, 485.138, 1184.18, 822.68, 924.135, 429.763, 549.461, 583.07, 693.18, 383.008, 564.094, 810.175, 864.176, 520.265, 514.552, 534.966, 463.84, 849.777, 393.574, 1091.22, 1276.93, 847.08, 432.423, 384.198, 579.681, 918.591, 370.716, 711.901, 841.065, 464.011, 834.959, 609.788, 393.33, 505.173, 725.882, 899.504, 753.82, 582.31, 684.216, 716.507, 584.64, 545.48, 916.804, 448.479, 457.483, 392.416, 1046.98, 599.618, 910.803, 467.846, 402.635, 455.237, 753.16, 527.807, 941.643, 456.495, 458.703, 533.212, 396.725, 525.678, 368.605, 897.147, 536.901, 712.587, 464.711, 700.652, 1038.86, 395.968, 679.534, 864.081, 437.669, 359.733, 703.494, 760.419, 443.934, 552.066, 884.373, 462.349, 456.676, 470.903, 602.112, 745.73, 717.066, 658.009, 597.616, 889.585, 701.833, 1057.98, 566.991, 416.546, 411.277, 991.682, 542.403, 581.368, 621.51, 695.432, 462.873, 453.32];
HighestPossibleCritFunctionValue = 1.1;
