NumDevices = 64;
NumSlotes = 512;


GivenBandwidthOld = [0.00586006, 0.00626177, 0.00775057, 0.00515248, 0.00777006, 0.00763971, 0.00441457, 0.00563457, 0.0040501, 0.00495419, 0.00628324, 0.00619744, 0.00790364, 0.0026961, 0.00463518, 0.00728613, 0.00551058, 0.00749479, 0.00621247, 0.00424535, 0.00539053, 0.00860357, 0.00391982, 0.00299628, 0.00593748, 0.00753223, 0.00411378, 0.00653028, 0.00814714, 0.00764778, 0.00872941, 0.00650879, 0.00316876, 0.00489681, 0.00437444, 0.00619138, 0.00607563, 0.00433257, 0.0025437, 0.00576782, 0.00592092, 0.00415439, 0.00775342, 0.00303646, 0.00627503, 0.00573743, 0.00778359, 0.00376364, 0.00305282, 0.00619151, 0.00829465, 0.00565607, 0.00276521, 0.00366303, 0.0058317, 0.00467618, 0.00262226, 0.00739821, 0.0080341, 0.00788259, 0.005107, 0.00578689, 0.00769611, 0.00846523];
GivenLatency = [89.6174, 74.5489, 46.2743, 86.4768, 69.4576, 49.6058, 113.242, 92.0862, 84.602, 116.558, 55.594, 61.0085, 43.1572, 115.193, 136.323, 45.5751, 79.3891, 54.7224, 74.5555, 77.8495, 71.259, 46.2166, 109.909, 124.225, 90.4775, 68.2312, 87.0003, 69.9485, 50.846, 43.7296, 45.3852, 49.4035, 134.617, 79.0966, 131.962, 74.0648, 69.1083, 72.1456, 133.504, 78.8517, 58.4624, 75.0395, 59.2215, 206.896, 54.8112, 77.084, 78.1909, 130.261, 120.133, 78.3784, 49.9284, 91.6946, 154.403, 115.434, 98.4506, 83.1024, 120.705, 51.4671, 47.9753, 45.0004, 120.352, 56.9562, 65.916, 54.626];
HighestPossibleCritFunctionValue = 1.1;
