NumDevices = 128;
NumSlotes = 1024;


GivenBandwidthOld = [0.0016013, 0.00234851, 0.00141516, 0.00214485, 0.00351745, 0.00397461, 0.00320157, 0.00433543, 0.00175138, 0.00286549, 0.00273725, 0.00378771, 0.00255199, 0.00256362, 0.00424623, 0.00260873, 0.00304199, 0.0036772, 0.00142118, 0.00334245, 0.00338714, 0.00143239, 0.00420176, 0.00202411, 0.00230432, 0.0025057, 0.0026432, 0.00432771, 0.00340536, 0.00135751, 0.00199009, 0.00248477, 0.0039742, 0.00253663, 0.00369482, 0.00389148, 0.00290799, 0.00144943, 0.00314213, 0.00220036, 0.00213593, 0.00365245, 0.00429235, 0.00280332, 0.00158801, 0.00405816, 0.00424527, 0.00206863, 0.0037622, 0.00185814, 0.00346479, 0.00342745, 0.0038395, 0.00426976, 0.00434004, 0.00427367, 0.00125783, 0.00152253, 0.00348164, 0.00209475, 0.00214948, 0.00318807, 0.0025742, 0.00400272, 0.00363521, 0.0019399, 0.00272593, 0.00408732, 0.00372842, 0.00293969, 0.00292102, 0.00170001, 0.00198401, 0.00333189, 0.00402919, 0.00168172, 0.00401861, 0.00205006, 0.00414485, 0.00193204, 0.00181573, 0.00315334, 0.00320377, 0.00396243, 0.00148238, 0.00374185, 0.00362417, 0.00394742, 0.00241682, 0.00255618, 0.00415108, 0.00349955, 0.00320683, 0.00214028, 0.00166194, 0.00281577, 0.00150348, 0.00207446, 0.00168734, 0.00166805, 0.0024747, 0.00347466, 0.00364725, 0.00426943, 0.00190607, 0.00275197, 0.00424254, 0.00306695, 0.00432249, 0.00312169, 0.00257164, 0.00156549, 0.00370334, 0.00332239, 0.00377834, 0.00135853, 0.00342765, 0.00419936, 0.00247232, 0.00413861, 0.00327788, 0.00252457, 0.00413997, 0.00425111, 0.00333511, 0.00185879, 0.0018964, 0.00276331];
GivenLatency = [199.183, 177.575, 349.974, 287.569, 140.534, 85.0839, 139.067, 115.831, 283.541, 141.92, 123.948, 120.052, 203.221, 147.66, 84.3691, 139.768, 182.158, 102.054, 395.849, 125.931, 161.995, 371.419, 79.6619, 166.71, 137.539, 226.292, 228.939, 77.398, 106.856, 322.258, 163.239, 136.958, 82.3545, 257.008, 167.465, 85.894, 157.072, 445.557, 120.768, 222.961, 193.933, 86.6658, 133.811, 146.288, 234.615, 113.675, 75.5858, 173.083, 96.7645, 321.951, 112.903, 108.079, 157.203, 109.234, 124.177, 97.5145, 435.308, 238.624, 107.047, 262.775, 245.637, 165.745, 191.825, 121.049, 87.0377, 240.296, 125.215, 134.281, 145.095, 143.828, 120.122, 273.959, 268.877, 158.416, 121.423, 300.77, 136.086, 152.612, 91.9714, 162.138, 216.922, 159.45, 131.194, 141.839, 224.488, 128.539, 113.637, 152.548, 224.599, 136.202, 120.312, 167.936, 160.483, 160.372, 205.877, 173.686, 267.612, 294.843, 190.71, 245.999, 136.996, 132.596, 113.872, 94.8693, 342.583, 175.569, 116.382, 211.992, 83.9298, 123.998, 151.112, 301.97, 150.683, 154.834, 148.716, 258.628, 97.6869, 108.906, 157.137, 82.5185, 138.168, 125.498, 88.9537, 118.984, 93.862, 185.333, 188.911, 129.311];
HighestPossibleCritFunctionValue = 1.1;
