NumDevices = 128;
NumSlotes = 1024;


GivenBandwidthOld = [0.0071771, 0.00795238, 0.00815803, 0.0044881, 0.00394137, 0.00508438, 0.00561448, 0.00513184, 0.00839817, 0.00560444, 0.00637799, 0.00732961, 0.00619213, 0.00862368, 0.00561157, 0.0061403, 0.00749427, 0.00863054, 0.00598892, 0.00831302, 0.00438276, 0.00849987, 0.00486259, 0.00810256, 0.00723079, 0.00540836, 0.00578597, 0.0072846, 0.00471242, 0.00408951, 0.00494385, 0.00383237, 0.00808626, 0.00820068, 0.00641334, 0.00649426, 0.00645372, 0.00515567, 0.00392197, 0.00410033, 0.00668968, 0.0059177, 0.00622355, 0.00664024, 0.00506466, 0.00426937, 0.00782216, 0.00453832, 0.00808945, 0.00685616, 0.00397365, 0.00756979, 0.00792265, 0.00848822, 0.00398446, 0.00428705, 0.00489505, 0.00866608, 0.00835103, 0.00833795, 0.00846914, 0.00832167, 0.00487747, 0.00807355, 0.0045959, 0.00582306, 0.0056598, 0.00674914, 0.00525567, 0.00460789, 0.00727177, 0.00412678, 0.00628505, 0.00540235, 0.0047794, 0.00479847, 0.00531654, 0.00759242, 0.00827152, 0.00690076, 0.00856251, 0.00768531, 0.00455036, 0.00540775, 0.00548678, 0.00381691, 0.00833262, 0.00386191, 0.00457011, 0.00730153, 0.0042531, 0.00438788, 0.00451511, 0.00803091, 0.00805983, 0.00398669, 0.0067651, 0.00858576, 0.00831642, 0.00665128, 0.00548008, 0.00613512, 0.00540489, 0.00755849, 0.00797921, 0.00411976, 0.00838651, 0.00464656, 0.00719241, 0.00537564, 0.00580501, 0.00729059, 0.00547082, 0.00551238, 0.00409496, 0.00653378, 0.00570949, 0.00693649, 0.0041523, 0.00520946, 0.00782767, 0.00713045, 0.00403803, 0.00474593, 0.0073679, 0.00487449, 0.00807467, 0.00846328];
GivenLatency = [167.118, 128.961, 143.427, 245.461, 315.255, 236.587, 229.665, 208.377, 127.877, 205.628, 183.952, 153.518, 168.301, 132.391, 227.408, 156.485, 148.467, 122.333, 198.811, 121.277, 230.201, 132.719, 262.51, 128.353, 135.562, 181.879, 189.848, 137.065, 256.898, 302.178, 256.172, 332.652, 119.856, 155.102, 177.68, 174.645, 198.603, 250.497, 285.779, 276.731, 154.213, 164.586, 155.441, 155.098, 201.424, 260.705, 146.553, 268.407, 128.892, 148.422, 280.91, 165.7, 130.836, 136.565, 269.814, 242.509, 208.041, 114.968, 143.552, 140.098, 132.44, 131.289, 235.732, 126.922, 272.937, 182.521, 209.194, 152.954, 225.619, 242.605, 158.825, 284.822, 174.047, 205.295, 228.937, 250.537, 218.754, 149.871, 140.694, 148.151, 131.447, 129.235, 219.392, 218.237, 224.818, 252.123, 138.094, 283.642, 275.655, 167.01, 251.303, 226.034, 240.254, 122.083, 149.464, 296.988, 158.956, 130.495, 132.243, 159.763, 178.225, 174.074, 179.969, 139.172, 129.277, 308.433, 128.953, 259.9, 171.249, 198.29, 176.523, 141.044, 176.649, 176.996, 256.179, 170.993, 207.74, 170.585, 306.184, 201.233, 152.826, 154.888, 281.671, 211.335, 157.594, 218.631, 136.516, 116.293];
HighestPossibleCritFunctionValue = 1.1;
