NumDevices = 16;
NumSlotes = 128;


GivenBandwidthOld = [0.0447079, 0.0657629, 0.0564498, 0.0526072, 0.0690083, 0.0423007, 0.0472274, 0.0507463, 0.0338706, 0.043856, 0.0678151, 0.067808, 0.0683838, 0.066967, 0.0542346, 0.0601415];
GivenLatency = [24.0241, 15.2946, 14.7302, 19.0168, 15.1026, 24.748, 23.4824, 17.2651, 25.041, 24.5674, 14.9108, 14.3235, 12.3097, 16.551, 16.2931, 17.6902];
HighestPossibleCritFunctionValue = 1.1;
