NumDevices = 64;
NumSlotes = 512;


GivenBandwidthOld = [0.00739585, 0.00581357, 0.00608387, 0.00530819, 0.00603766, 0.00367341, 0.00519729, 0.00462056, 0.00527425, 0.00423331, 0.00292842, 0.00296609, 0.00482876, 0.00453727, 0.00540024, 0.00307529, 0.00260189, 0.00867505, 0.00533286, 0.00806678, 0.00719886, 0.00751108, 0.00491298, 0.00744085, 0.0058086, 0.00395745, 0.00415032, 0.00822138, 0.0055558, 0.00513594, 0.00481333, 0.00758447, 0.00720962, 0.00700613, 0.00584692, 0.00413108, 0.00358248, 0.00824617, 0.00334058, 0.00518594, 0.00765852, 0.00807288, 0.00347019, 0.00847841, 0.00669094, 0.00837773, 0.0081659, 0.00434478, 0.00767431, 0.00460838, 0.00684165, 0.003859, 0.00568985, 0.00811497, 0.00448688, 0.00850369, 0.00644864, 0.00482117, 0.00816047, 0.00669399, 0.00332226, 0.00340526, 0.00474379, 0.00754913];
GivenLatency = [48.78, 63.2904, 74.3226, 85.1046, 65.021, 113.022, 78.5007, 69.5989, 69.9552, 116.781, 108.878, 137.915, 119.081, 105.166, 59.3832, 171.19, 244.544, 38.9182, 61.6087, 79.5725, 46.3895, 62.0578, 65.2262, 71.6234, 62.7934, 131.748, 84.3091, 67.2129, 95.3292, 77.4316, 66.6268, 42.2666, 76.7335, 54.3975, 63.2612, 101.257, 100.006, 38.3419, 97.0087, 84.0354, 55.7522, 62.6901, 96.8473, 36.5225, 64.3301, 43.0798, 38.5534, 136.078, 45.2909, 73.4083, 66.6922, 141.55, 55.2071, 57.0492, 130.553, 50.6302, 60.1439, 84.7846, 61.7914, 75.948, 149.524, 94.3525, 86.5286, 60.6592];
HighestPossibleCritFunctionValue = 1.1;
