NumDevices = 16;
NumSlotes = 128;


GivenBandwidthOld = [0.019293, 0.02214, 0.022754, 0.0170025, 0.0259037, 0.0288107, 0.0111035, 0.0322355, 0.0218923, 0.0339256, 0.0279198, 0.01378, 0.0151165, 0.0285974, 0.0257017, 0.0340763];
GivenLatency = [17.9911, 17.5168, 15.7496, 19.4973, 22.2678, 20.0894, 49.8046, 17.2251, 21.3257, 10.1344, 14.9898, 34.2787, 31.537, 11.4317, 12.1363, 9.23317];
HighestPossibleCritFunctionValue = 1.1;
