NumDevices = 32;
NumSlotes = 256;


GivenBandwidthOld = [0.0280193, 0.0307596, 0.027364, 0.0167839, 0.0171961, 0.024661, 0.0270245, 0.0301182, 0.0267005, 0.0248798, 0.0255573, 0.0319181, 0.0179069, 0.0308562, 0.0303979, 0.0269658, 0.0249219, 0.0315763, 0.0326171, 0.0255916, 0.0276791, 0.0320596, 0.0164731, 0.0329231, 0.0277671, 0.0315906, 0.0334484, 0.01747, 0.0284205, 0.0330162, 0.0326939, 0.0168337];
GivenLatency = [30.0271, 30.5148, 31.3668, 61.6747, 52.2898, 43.7879, 43.0793, 34.011, 37.1612, 39.1306, 32.9925, 28.8314, 48.6424, 27.4174, 33.784, 38.8116, 40.0363, 27.4967, 35.6322, 38.1591, 42.1411, 30.7359, 61.5791, 30.2855, 41.4946, 32.1815, 31.0908, 49.4929, 34.1919, 35.0458, 34.1621, 62.4309];
HighestPossibleCritFunctionValue = 1.1;
