NumDevices = 128;
NumSlotes = 1024;


GivenBandwidthOld = [0.00546491, 0.0074955, 0.00440049, 0.00531145, 0.00958028, 0.00584549, 0.00383712, 0.00555704, 0.00585447, 0.00476817, 0.00983027, 0.00726767, 0.00639668, 0.00520581, 0.00899105, 0.00888009, 0.00634157, 0.00397159, 0.00921, 0.00743708, 0.00999339, 0.00522444, 0.00967785, 0.00803388, 0.00909665, 0.00860294, 0.00457382, 0.00595798, 0.00697584, 0.00799837, 0.00604255, 0.0097223, 0.00514691, 0.00664058, 0.004515, 0.00481737, 0.00545858, 0.00736191, 0.00910682, 0.00452952, 0.00516987, 0.00493632, 0.00470984, 0.00455898, 0.0064726, 0.00620164, 0.00850489, 0.00676279, 0.00838292, 0.00672377, 0.00887303, 0.0065456, 0.00816669, 0.00386724, 0.0055054, 0.00672811, 0.00679762, 0.00642007, 0.00466038, 0.00443304, 0.00864995, 0.00725297, 0.00941662, 0.00507181, 0.00695628, 0.00424067, 0.00670448, 0.00962098, 0.00851216, 0.00379936, 0.00836344, 0.00426276, 0.00913011, 0.00857857, 0.00750911, 0.00806788, 0.00553553, 0.00683432, 0.00437403, 0.00431437, 0.00790003, 0.00957497, 0.00406941, 0.00952822, 0.00578129, 0.00616773, 0.00727387, 0.00448289, 0.0089641, 0.0059207, 0.00541599, 0.00409143, 0.00462573, 0.00958646, 0.00955902, 0.00462015, 0.00963823, 0.00478925, 0.0079747, 0.00829414, 0.00840684, 0.00884458, 0.00956227, 0.00940131, 0.00410745, 0.00521729, 0.00823873, 0.00837036, 0.0081665, 0.00682606, 0.00932704, 0.00579999, 0.0079509, 0.00822756, 0.00809855, 0.00849581, 0.00406489, 0.00863191, 0.00393655, 0.00786068, 0.00438642, 0.0062885, 0.0057677, 0.0089169, 0.00633835, 0.00620462, 0.00858368, 0.00589622];
GivenLatency = [747.579, 504.157, 815.594, 630.428, 373.246, 855.177, 1171.83, 774.124, 717.523, 740.743, 474.66, 474.836, 603.105, 768.492, 375.561, 435.847, 539.556, 870.063, 368.882, 641.765, 371.579, 882.287, 512.547, 468.504, 511.753, 486.256, 1051.64, 595.884, 679.181, 446.882, 682.46, 496.993, 825.677, 534.048, 767.349, 702.623, 751.992, 511.315, 367.651, 1017.35, 726.648, 994.139, 893.113, 853.211, 690.347, 631.541, 510.643, 618.518, 534.999, 730.351, 514.604, 678.835, 438.279, 1164.32, 732.235, 527.103, 549.981, 566.189, 730.961, 997.78, 491.143, 643.913, 496.23, 735.105, 610.668, 876.214, 506.669, 375.567, 395.393, 884.511, 527.044, 1020.16, 463.217, 533.753, 469.635, 475.099, 676.672, 536.584, 812.411, 795.557, 462.517, 429.824, 901.194, 519.694, 689.288, 558.546, 624.149, 1113.88, 471.834, 583.082, 858.773, 993.14, 934.461, 512.114, 401.425, 770.159, 361.682, 932.247, 481.481, 595.281, 462.828, 479.199, 358.924, 414.604, 833.253, 711.996, 451.459, 431.507, 464.666, 519.391, 498.572, 678.783, 491.643, 466.234, 552.016, 559.36, 931.053, 451.554, 1004.29, 526.244, 863.093, 563.196, 782.278, 552.243, 575.488, 708.276, 414.526, 808.375];
HighestPossibleCritFunctionValue = 1.1;
