NumDevices = 64;
NumSlotes = 512;


GivenBandwidthOld = [0.00931536, 0.0182568, 0.00927879, 0.0161136, 0.0130965, 0.0182504, 0.0151178, 0.0148774, 0.0120785, 0.00755941, 0.0184399, 0.0112655, 0.0186428, 0.00916623, 0.0118114, 0.0184188, 0.0191361, 0.0135884, 0.0108013, 0.0179355, 0.00942083, 0.0158523, 0.010146, 0.0163783, 0.0127734, 0.012267, 0.0140731, 0.0195605, 0.00863167, 0.0149118, 0.0151454, 0.0168215, 0.0106649, 0.012552, 0.0168105, 0.0146592, 0.00787965, 0.0132605, 0.011651, 0.0111873, 0.0178227, 0.0143302, 0.0147844, 0.0120655, 0.0140298, 0.0157233, 0.0169479, 0.0114629, 0.0124906, 0.00914488, 0.0155598, 0.0182672, 0.00900297, 0.017955, 0.0116399, 0.0111113, 0.014491, 0.0173971, 0.0110757, 0.0172925, 0.0156562, 0.0135856, 0.0139916, 0.0121362];
GivenLatency = [274.422, 128.77, 268.253, 154.327, 210.364, 128.899, 181.999, 200.172, 245.365, 399.34, 136.382, 226.464, 126.668, 303.518, 198.376, 169.993, 136.998, 184.904, 219.799, 127.556, 336.37, 172.955, 222.236, 167.515, 175.286, 246.474, 185.657, 152.219, 340.598, 213.996, 168.555, 134.531, 285.704, 199.116, 183.265, 182.879, 421.141, 178.664, 217.897, 276.224, 140.695, 204.024, 172.858, 222.418, 171.874, 176.705, 137.152, 217.117, 216.481, 261.9, 162.514, 161.21, 305.528, 147.92, 201.64, 268.114, 217.805, 156.048, 229.361, 192.234, 199.762, 229.994, 205.643, 185.466];
HighestPossibleCritFunctionValue = 1.1;
