NumDevices = 16;
NumSlotes = 128;


GivenBandwidthOld = [0.0749779, 0.0735365, 0.0484114, 0.0704783, 0.0489763, 0.0639808, 0.045907, 0.0783227, 0.0398171, 0.0755355, 0.0453249, 0.0459685, 0.0619705, 0.0577647, 0.0716708, 0.0419409];
GivenLatency = [19.0134, 25.1458, 32.9217, 24.0393, 39.8262, 25.8219, 37.2003, 21.5822, 34.1299, 21.0349, 33.8963, 36.4352, 28.8703, 29.9805, 23.2083, 32.1657];
HighestPossibleCritFunctionValue = 1.1;
