NumDevices = 128;
NumSlotes = 1024;


GivenBandwidthOld = [0.00669391, 0.00697945, 0.00605926, 0.00551063, 0.00465275, 0.00624012, 0.00515779, 0.00453896, 0.0037627, 0.00717243, 0.00450982, 0.00398045, 0.00690651, 0.00517337, 0.00631504, 0.004439, 0.003765, 0.00577639, 0.00622672, 0.00501244, 0.00661473, 0.00621027, 0.00844957, 0.00436071, 0.00792418, 0.004263, 0.00567059, 0.00818476, 0.00384077, 0.00432823, 0.00711335, 0.00654865, 0.00561282, 0.00715743, 0.00735899, 0.0050529, 0.00651944, 0.00477155, 0.0078557, 0.00828837, 0.00514489, 0.0076532, 0.00490087, 0.0064748, 0.00449693, 0.00739918, 0.00552233, 0.0063008, 0.00508554, 0.0051671, 0.00598796, 0.00717461, 0.00622903, 0.00376721, 0.00806481, 0.00775682, 0.00634583, 0.00682227, 0.00440223, 0.00573446, 0.00655288, 0.00671311, 0.00481675, 0.00758559, 0.00849288, 0.00736883, 0.00548117, 0.00455107, 0.00737035, 0.00599596, 0.00655189, 0.00505927, 0.00858429, 0.00868641, 0.00499741, 0.00397284, 0.0039442, 0.00760656, 0.00595636, 0.00598453, 0.00451822, 0.00523604, 0.00469492, 0.00506194, 0.00848484, 0.0071577, 0.0069573, 0.00376494, 0.00487045, 0.00507006, 0.00491837, 0.00556871, 0.0057387, 0.00782895, 0.00871116, 0.00593888, 0.00730754, 0.00529442, 0.00590179, 0.00379862, 0.00593459, 0.00521869, 0.00809708, 0.00516694, 0.00826047, 0.00625545, 0.00777424, 0.00419624, 0.00868257, 0.00548038, 0.00629708, 0.00746844, 0.00460479, 0.00526022, 0.00607887, 0.00510745, 0.00839363, 0.00420507, 0.00711307, 0.00685146, 0.00492082, 0.00673318, 0.00701606, 0.00647618, 0.00768979, 0.00476901, 0.00522426, 0.006568];
GivenLatency = [168.455, 178.995, 207.837, 192.335, 252.823, 178.16, 195.506, 276.682, 320.089, 133.289, 283.883, 255.918, 148.455, 234.643, 154.17, 276.607, 281.201, 184.078, 154.275, 194.458, 186.336, 192.869, 120.022, 275.57, 136.755, 290.415, 179.901, 138.978, 248.537, 272.63, 174.148, 147.428, 193.213, 156.123, 165.533, 255.863, 186.402, 230.45, 134.861, 124.679, 212.899, 163.938, 213.92, 199.979, 244.037, 157.751, 174.807, 155.766, 250.656, 214.685, 189.669, 161.63, 153.218, 274.002, 122.226, 127.83, 189.487, 153.835, 265.356, 216.402, 146.641, 145.055, 237.901, 133.774, 117.613, 160.343, 232.687, 237.048, 166.774, 159.62, 197.74, 204.967, 112.807, 121.912, 205.143, 301.966, 263.641, 149.937, 166.862, 173.291, 245.596, 243.654, 248.415, 221.874, 112.874, 137.269, 140.706, 296.595, 213.313, 209.648, 246.712, 207.759, 174.093, 124.116, 137.772, 196.114, 144.591, 227.56, 190.165, 333.484, 175.852, 212.975, 131.274, 201.141, 116.859, 159.741, 131.521, 286.612, 125.81, 235.197, 153.898, 162.27, 249.598, 240.111, 209.151, 229.706, 119.973, 240.989, 157.417, 182.337, 211.29, 162.112, 165.947, 167.439, 130.971, 251.306, 247.667, 178.798];
HighestPossibleCritFunctionValue = 1.1;
