NumDevices = 128;
NumSlotes = 1024;


GivenBandwidthOld = [0.00421752, 0.00629419, 0.00399543, 0.00873704, 0.00591694, 0.0085543, 0.00458417, 0.00872515, 0.00602232, 0.00454591, 0.00559709, 0.00773517, 0.00744114, 0.00574484, 0.00605677, 0.00859463, 0.00745928, 0.00559182, 0.00430025, 0.00673486, 0.00529011, 0.00843958, 0.0065911, 0.00404785, 0.004776, 0.00775687, 0.0072745, 0.00509621, 0.00452976, 0.00415911, 0.00471327, 0.00841016, 0.00713091, 0.00667289, 0.0038044, 0.00802787, 0.00683769, 0.00849778, 0.00471832, 0.00832259, 0.0053095, 0.00428421, 0.00717021, 0.00715319, 0.00609853, 0.00547274, 0.00782993, 0.00505661, 0.0039248, 0.006579, 0.00568145, 0.00560479, 0.00724886, 0.004086, 0.00596852, 0.00543364, 0.00562704, 0.00618433, 0.00754267, 0.00720925, 0.0083948, 0.00384198, 0.00463117, 0.00849722, 0.00520733, 0.00702555, 0.0059417, 0.00471139, 0.00678494, 0.007002, 0.00512867, 0.00512556, 0.00787273, 0.00451482, 0.00802513, 0.00583284, 0.00504459, 0.00684747, 0.00799687, 0.00592605, 0.00667952, 0.00521284, 0.00475746, 0.00615519, 0.00771221, 0.00667056, 0.00452956, 0.00589176, 0.00531747, 0.00830025, 0.00487383, 0.00700662, 0.00772329, 0.00784149, 0.00439569, 0.00583427, 0.00412812, 0.00387528, 0.00436249, 0.00787151, 0.0040055, 0.00798979, 0.00686182, 0.00402787, 0.00399115, 0.00669073, 0.00862748, 0.00453438, 0.00680949, 0.00463593, 0.00862104, 0.00633255, 0.00874245, 0.00693104, 0.00753866, 0.00477283, 0.0044933, 0.00646894, 0.00595719, 0.00496618, 0.00414598, 0.00403204, 0.0039826, 0.00807623, 0.00469203, 0.00642367, 0.00519669, 0.00820804];
GivenLatency = [281.609, 204.674, 264.794, 110.238, 166.53, 130.708, 222.434, 128.795, 198.163, 267.474, 175.084, 163.239, 144.133, 204.342, 206.374, 134.973, 149.781, 217.337, 260.808, 141.582, 202.667, 137.06, 151.772, 304.398, 266.89, 145.469, 164.097, 215.549, 252.727, 242.933, 218.475, 125.788, 153.104, 177.388, 273.721, 135.803, 179.293, 119.668, 225.071, 122.822, 209.104, 246.86, 142.939, 154.878, 185.881, 207.004, 157.369, 198.467, 306.81, 172.134, 197.578, 185.383, 140.95, 291.787, 209.072, 206.127, 194.274, 154.964, 147.13, 162.983, 135.181, 256.516, 259.255, 131.719, 189.858, 144.848, 191.648, 215.763, 148.34, 168.534, 241.226, 198.553, 159.707, 215.999, 136.633, 204.807, 215.588, 157.005, 140.596, 218.486, 150.267, 198.942, 252.63, 187.032, 159.955, 149.623, 223.543, 175.707, 210.733, 134.31, 245.965, 139.993, 123.439, 138.376, 239.075, 195.275, 293.527, 333.959, 270.05, 123.681, 242.998, 137.72, 168.566, 285.093, 254.607, 168.117, 129.945, 218.349, 165.41, 205.751, 143.068, 192.657, 139.19, 165.263, 168.624, 270.311, 253.47, 178.964, 216.879, 254.258, 304.954, 293.783, 296.696, 134.192, 253.225, 150.864, 204.519, 118.551];
HighestPossibleCritFunctionValue = 1.1;
