NumDevices = 128;
NumSlotes = 1024;


GivenBandwidthOld = [0.00663971, 0.00611149, 0.00832818, 0.0042237, 0.00525366, 0.00568903, 0.00802098, 0.00610881, 0.00830531, 0.00481678, 0.00818258, 0.00719536, 0.00494281, 0.00631324, 0.00403594, 0.00457708, 0.00455928, 0.00535249, 0.0067891, 0.00695839, 0.00722488, 0.00607827, 0.00500944, 0.00610479, 0.00566008, 0.0064871, 0.00625955, 0.00673587, 0.00718188, 0.0084208, 0.00589207, 0.00550734, 0.00429602, 0.00565311, 0.00437535, 0.0039976, 0.00515192, 0.00585682, 0.00799965, 0.00755724, 0.0071019, 0.00417763, 0.00585324, 0.00790064, 0.00862058, 0.00860855, 0.00646858, 0.00492646, 0.00655046, 0.00613089, 0.00429313, 0.0071963, 0.00579082, 0.00375734, 0.00703312, 0.00816172, 0.00657668, 0.00675684, 0.00478471, 0.00406682, 0.00848188, 0.00745791, 0.00754125, 0.00828741, 0.00393769, 0.00828232, 0.00839743, 0.00814236, 0.00612717, 0.00686297, 0.00841407, 0.0076962, 0.00751999, 0.00605701, 0.0076283, 0.0063776, 0.00579686, 0.00528499, 0.00730519, 0.00575995, 0.00499956, 0.00507185, 0.00501894, 0.00582111, 0.0078101, 0.00687559, 0.00548077, 0.00782266, 0.00801851, 0.00454441, 0.00544697, 0.00473759, 0.00718221, 0.0039594, 0.00821167, 0.00605977, 0.00411463, 0.00703552, 0.00850713, 0.00676682, 0.00752908, 0.00873378, 0.00614171, 0.00622495, 0.00527717, 0.00588859, 0.00701728, 0.00689784, 0.0045019, 0.00596042, 0.00435949, 0.00743127, 0.00479932, 0.00469272, 0.00804008, 0.0071318, 0.00674159, 0.00837324, 0.00662509, 0.00533544, 0.00521751, 0.0082617, 0.00685054, 0.00446374, 0.00460159, 0.00650473, 0.00746563, 0.0073959];
GivenLatency = [174.912, 170.799, 155.916, 273.921, 214.795, 178.581, 153.397, 156.975, 133.181, 232.001, 133.579, 167.765, 244.747, 156.811, 313.556, 221.46, 210.531, 230.531, 150.592, 148.701, 141.573, 163.854, 194.051, 185.626, 170.678, 197.072, 152.297, 157.652, 146.181, 134.364, 167.424, 184.908, 288.191, 202.764, 279.132, 304.555, 244.694, 198.401, 139.183, 152.355, 151.281, 233.741, 194.303, 160.089, 123.99, 139.719, 148.777, 216.203, 190.78, 192.075, 252.49, 144.461, 206.52, 322.816, 160.168, 157.938, 186.197, 160.292, 207.912, 263.255, 116.561, 160.861, 139.928, 151.852, 325.913, 153.225, 126.164, 134.368, 186.04, 145.371, 132.245, 164.338, 133.479, 162.744, 128.336, 196.18, 202.055, 180.605, 156.042, 220.068, 205.192, 241.963, 192.093, 182.8, 164.786, 168.362, 213.184, 123.187, 126.442, 282.372, 188.3, 213.359, 135.96, 249.124, 135.33, 168.178, 261.843, 164.33, 115.864, 176.566, 143.133, 140.04, 162.145, 153.611, 189.769, 212.079, 179.249, 168.12, 242.681, 198.221, 246.565, 155.127, 254.638, 234.313, 139.751, 171.242, 150.96, 143.774, 168.191, 196.201, 245.774, 156.835, 168.667, 225.316, 245.999, 199.227, 153.692, 151.018];
HighestPossibleCritFunctionValue = 1.1;
