NumDevices = 64;
NumSlotes = 512;


GivenBandwidthOld = [0.0159169, 0.0100865, 0.0094434, 0.0102935, 0.00846356, 0.0121291, 0.0092226, 0.00924195, 0.0145232, 0.0156969, 0.0127751, 0.0158746, 0.00967706, 0.0173607, 0.0155791, 0.0135032, 0.0133748, 0.0158014, 0.0096815, 0.0120148, 0.00823267, 0.0115506, 0.0152532, 0.0159257, 0.00756805, 0.0112, 0.0129939, 0.0141066, 0.013849, 0.0155424, 0.0164579, 0.0134435, 0.00944184, 0.0139509, 0.00805321, 0.0152873, 0.00791656, 0.00865289, 0.0141771, 0.00916407, 0.0156019, 0.0156881, 0.0155525, 0.0153881, 0.0124007, 0.013864, 0.00779945, 0.0103533, 0.0123948, 0.013726, 0.0170617, 0.01048, 0.0123028, 0.00823395, 0.013031, 0.0164973, 0.0154051, 0.00789313, 0.0148151, 0.0127559, 0.0137011, 0.00952823, 0.0160438, 0.013274];
GivenLatency = [69.6167, 113.286, 129.649, 93.7928, 108.418, 83.7157, 129.815, 112.924, 80.2677, 67.8227, 74.1052, 60.2678, 108.908, 53.07, 72.28, 68.1399, 88.3824, 68.8849, 104.183, 99.234, 117.686, 81.3993, 70.1864, 61.109, 143.347, 90.7558, 86.8827, 70.8967, 73.0436, 74.7526, 55.3968, 76.5826, 115.26, 67.1653, 137.594, 67.3942, 132.384, 123.447, 83.8018, 116.158, 74.0891, 69.0953, 67.4483, 72.1529, 87.5905, 78.519, 135.593, 91.9912, 99.7237, 70.8777, 66.0166, 119.239, 81.5917, 141.571, 77.2191, 68.6666, 72.6381, 150.588, 63.3626, 79.8821, 71.4795, 128.74, 63.0718, 89.0845];
HighestPossibleCritFunctionValue = 1.1;
