NumDevices = 64;
NumSlotes = 512;


GivenBandwidthOld = [0.00357099, 0.00255498, 0.0078285, 0.00851942, 0.00842954, 0.0040359, 0.0038414, 0.00359277, 0.0062577, 0.00810339, 0.00367212, 0.00853767, 0.00257554, 0.00337747, 0.00639352, 0.0033595, 0.00431244, 0.0079713, 0.00870462, 0.00861028, 0.00421028, 0.00341177, 0.0078763, 0.00565689, 0.00410267, 0.00737147, 0.00854414, 0.00515849, 0.00256617, 0.0083061, 0.00431183, 0.00388815, 0.00811294, 0.00790338, 0.0046911, 0.00332822, 0.00356259, 0.0051501, 0.00526699, 0.00732684, 0.00851363, 0.00486558, 0.00463013, 0.00350962, 0.0025043, 0.0059914, 0.00744768, 0.00812159, 0.00327585, 0.00464452, 0.00800639, 0.00466803, 0.00300486, 0.00646528, 0.00320964, 0.00447005, 0.00681508, 0.00726436, 0.00829838, 0.00579055, 0.00675583, 0.00527909, 0.00445405, 0.00670699];
GivenLatency = [164.182, 161.36, 64.6169, 76.0307, 38.4035, 93.702, 99.9037, 136.704, 89.4608, 38.8599, 95.7278, 50.8607, 155.25, 172.77, 66.1042, 176.552, 121.115, 51.9933, 72.1059, 57.8031, 137.978, 144.967, 42.9791, 99.6126, 90.8514, 82.9854, 49.959, 61.5851, 244.028, 52.5752, 129.252, 121.379, 53.6903, 44.1176, 67.0554, 93.6605, 118.528, 68.3311, 84.7576, 81.47, 54.358, 68.1419, 75.2763, 138.092, 256.966, 52.18, 66.9142, 77.2161, 106.559, 67.8408, 46.2784, 104.885, 127.97, 88.3976, 127.517, 101.525, 54.466, 64.1618, 68.1647, 63.0008, 76.559, 80.9841, 74.508, 53.8637];
HighestPossibleCritFunctionValue = 1.1;
