NumDevices = 128;
NumSlotes = 1024;


GivenBandwidthOld = [0.0040763, 0.00663294, 0.0073514, 0.00745285, 0.006258, 0.00574421, 0.00791922, 0.0070051, 0.00592788, 0.00744908, 0.00540095, 0.0075273, 0.00754178, 0.00725932, 0.00991189, 0.00405552, 0.00739917, 0.00402031, 0.0093696, 0.00864966, 0.00855954, 0.00646696, 0.00516511, 0.00633358, 0.00722475, 0.00387142, 0.0069772, 0.00584955, 0.00971582, 0.00877938, 0.00746928, 0.0075214, 0.00845476, 0.00796764, 0.00844437, 0.00827966, 0.00871523, 0.00441094, 0.00586127, 0.00658623, 0.00977778, 0.0064203, 0.00854397, 0.00719985, 0.00417843, 0.00429812, 0.00975921, 0.00672555, 0.00762693, 0.00714189, 0.00506786, 0.00926143, 0.00943367, 0.00419224, 0.00519878, 0.00959223, 0.00654583, 0.00574638, 0.00691754, 0.00930221, 0.00732047, 0.00645587, 0.00624242, 0.00631123, 0.00665353, 0.00960934, 0.00669611, 0.00646757, 0.00923443, 0.0055178, 0.00895473, 0.00465318, 0.00847871, 0.0041292, 0.00826244, 0.00687309, 0.00600839, 0.00431385, 0.00542837, 0.00593598, 0.00597089, 0.00518777, 0.00580171, 0.00566898, 0.00604759, 0.00688532, 0.00529504, 0.00874929, 0.00809773, 0.00723275, 0.00703755, 0.00764256, 0.00724706, 0.00378532, 0.0099593, 0.00722865, 0.00696985, 0.00722242, 0.0083962, 0.00487625, 0.00767258, 0.00553682, 0.00976321, 0.00533085, 0.00438925, 0.00391577, 0.00858322, 0.00441005, 0.00973305, 0.0045683, 0.00697509, 0.00782014, 0.00429687, 0.00757567, 0.00809883, 0.00701393, 0.0043181, 0.00797939, 0.0057963, 0.00839048, 0.0087837, 0.00513287, 0.00811064, 0.00551095, 0.00630154, 0.00630156, 0.00651566, 0.00489627];
GivenLatency = [994.046, 505.995, 468.785, 586.929, 726.221, 671.836, 439.738, 705.858, 646.09, 640.34, 829.618, 520.182, 518.863, 670.913, 377.284, 1040.83, 523.971, 1158.09, 429.674, 464.658, 479.029, 522.512, 735.621, 526.446, 547.203, 945.208, 559.433, 639.512, 479.288, 497.769, 654.669, 475.31, 450.129, 543.6, 500.129, 554.91, 389.329, 1114.31, 734.214, 515.325, 503.581, 630.744, 540.309, 600.663, 803.785, 994.03, 342.46, 686.832, 620.671, 652.952, 684.411, 502.13, 399.538, 971.569, 653.873, 349.447, 590.486, 650.008, 616.771, 407.12, 557.46, 542.048, 670.223, 627.238, 615.81, 403.588, 507.507, 563.818, 463.317, 664.469, 444.114, 937.047, 393.431, 841.722, 475.292, 526.389, 571.555, 1105.31, 750.812, 773.545, 636.622, 642.622, 743.81, 623.573, 724.118, 602.178, 926.223, 492.742, 613.301, 496.587, 652.425, 471.188, 663.051, 897.837, 383.252, 475.066, 528.71, 478.114, 445.17, 745.8, 452.818, 746.736, 455.023, 786.827, 906.255, 1165.98, 470.315, 975.422, 349.616, 987.965, 545.296, 535.687, 989.289, 445.973, 545.793, 575.896, 838.704, 474.468, 593.674, 428.968, 391.549, 858.543, 424.167, 651.057, 535.47, 772.902, 541.444, 755];
HighestPossibleCritFunctionValue = 1.1;
