NumDevices = 16;
NumSlotes = 128;


GivenBandwidthOld = [0.0596238, 0.0664086, 0.0494704, 0.0695086, 0.0509763, 0.0785217, 0.0339574, 0.0411841, 0.0512931, 0.0529482, 0.0707185, 0.0350337, 0.0315956, 0.0472221, 0.0325581, 0.0742354];
GivenLatency = [29.1479, 25.7737, 27.201, 21.0692, 34.4165, 24.1412, 54.9909, 33.575, 27.7773, 28.4732, 22.044, 41.0019, 50.8302, 38.261, 61.3191, 26.5229];
HighestPossibleCritFunctionValue = 1.1;
