NumDevices = 128;
NumSlotes = 1024;


GivenBandwidthOld = [0.00645675, 0.00864867, 0.00439886, 0.00921778, 0.00700029, 0.00641587, 0.00898934, 0.00504256, 0.00898626, 0.00962609, 0.00701828, 0.00872616, 0.0067905, 0.00544125, 0.00981303, 0.0050409, 0.00623396, 0.00787934, 0.00554578, 0.00410836, 0.00791664, 0.00741653, 0.00835393, 0.00700489, 0.00867886, 0.00562033, 0.007179, 0.009903, 0.00479932, 0.0084626, 0.00839606, 0.00886932, 0.00671292, 0.00785203, 0.00903142, 0.00607876, 0.0057839, 0.00617457, 0.00972049, 0.00605902, 0.00516918, 0.00590671, 0.00777879, 0.00943845, 0.0095645, 0.00932667, 0.00580558, 0.00806029, 0.00935365, 0.0092411, 0.00516605, 0.0096226, 0.00445277, 0.00899348, 0.00598647, 0.0046339, 0.00946531, 0.00467618, 0.0076349, 0.00983174, 0.0070867, 0.00860255, 0.00427608, 0.00815597, 0.00492316, 0.00858175, 0.00465256, 0.00424304, 0.00894487, 0.00769683, 0.00690946, 0.0048733, 0.008033, 0.00688963, 0.00897413, 0.00563755, 0.00907945, 0.00701207, 0.00435639, 0.00781394, 0.00635378, 0.00931468, 0.00430151, 0.00429231, 0.00579909, 0.00529137, 0.00949826, 0.00850705, 0.00553996, 0.00641541, 0.00754347, 0.00439703, 0.00963282, 0.00748512, 0.00492455, 0.00693426, 0.00914326, 0.00454353, 0.00942476, 0.004399, 0.00530361, 0.00902527, 0.00904681, 0.00848777, 0.00650436, 0.00872392, 0.00663583, 0.00593593, 0.00523408, 0.00922712, 0.00778316, 0.00787562, 0.00559199, 0.00574642, 0.00758845, 0.0041291, 0.00658672, 0.00548843, 0.00896384, 0.00783748, 0.00830325, 0.00528719, 0.0081305, 0.00801608, 0.00995002, 0.0074863, 0.00595903, 0.00584735];
GivenLatency = [760.549, 476.111, 1030.07, 519.565, 623.693, 537.767, 443.877, 933.55, 403.342, 495.394, 605.458, 430.471, 533.943, 692.433, 486.565, 851.375, 603.926, 442.896, 773.473, 919.875, 475.113, 652.539, 528.709, 574.983, 445.915, 700.275, 654.353, 355.571, 789.95, 510.546, 543.632, 509.595, 572.051, 477.077, 489.235, 562.524, 786.002, 599.873, 363.499, 725.961, 699.412, 698.178, 464.392, 381.683, 374.848, 451.067, 675.689, 446.518, 471.809, 520.983, 780.243, 389.811, 789.019, 383.335, 561.121, 791.721, 487.668, 744.283, 556.003, 461.042, 636.885, 396.716, 994.023, 412.226, 799.495, 524.415, 835.067, 1141.09, 508.886, 447.065, 567.177, 938.457, 472.472, 500.711, 544.045, 827.118, 374.646, 577.459, 1064.19, 620.871, 701.565, 484.499, 873.381, 822.329, 819.913, 665.255, 389.019, 427.168, 888.101, 692.281, 474.966, 759.628, 378.307, 556.701, 715.581, 686.837, 396.399, 1072.89, 373.833, 852.166, 782.255, 402.047, 467.693, 520.254, 741.152, 549.845, 518.474, 701.54, 683.397, 373.509, 498.583, 442.596, 641.755, 758.648, 524.576, 1203.21, 628.818, 730.39, 467.588, 444.45, 529.36, 722.106, 514.483, 541.211, 459.123, 505.36, 686.575, 637.908];
HighestPossibleCritFunctionValue = 1.1;
