NumDevices = 64;
NumSlotes = 512;


GivenBandwidthOld = [0.00804982, 0.0108101, 0.0152594, 0.0191775, 0.00877253, 0.0199287, 0.00933413, 0.00870779, 0.0193868, 0.0139609, 0.0080776, 0.0152558, 0.0098998, 0.0159114, 0.0146579, 0.00986993, 0.0138749, 0.0131136, 0.0183332, 0.0188256, 0.0188484, 0.0149367, 0.00782624, 0.0156142, 0.00774194, 0.0112526, 0.0143436, 0.0160989, 0.0162756, 0.0120162, 0.0114563, 0.0130351, 0.0100951, 0.0100412, 0.0182619, 0.00778892, 0.0134535, 0.0175213, 0.0107371, 0.0138439, 0.0173063, 0.00991367, 0.011539, 0.0165895, 0.0125696, 0.0124802, 0.00971928, 0.019385, 0.00856689, 0.0136447, 0.0186519, 0.0124131, 0.0193661, 0.0159468, 0.0103387, 0.0172895, 0.015048, 0.0159208, 0.0116263, 0.00838935, 0.0173538, 0.00823855, 0.00784969, 0.00967736];
GivenLatency = [319.006, 216.244, 147.434, 117.634, 296.127, 123.445, 296.055, 318.189, 135.638, 233.218, 393.959, 147.07, 234.352, 185.269, 197.667, 240.294, 191.453, 174.964, 139.914, 135.604, 150.496, 194.18, 343.102, 166.061, 317.814, 266.683, 222.197, 197.344, 139.78, 187.503, 222.615, 239.102, 284.275, 243.611, 167.915, 322.943, 191.718, 177.292, 234.07, 182.439, 177.372, 278.432, 235.381, 177.868, 223.485, 195.96, 302.172, 141.877, 367.72, 166.383, 149.09, 198.506, 170.33, 153.867, 245.311, 185.854, 192.566, 203.797, 272.797, 271.4, 136.057, 361.181, 417.22, 306.136];
HighestPossibleCritFunctionValue = 1.1;
