NumDevices = 128;
NumSlotes = 1024;


GivenBandwidthOld = [0.00467689, 0.0069245, 0.00753369, 0.00872152, 0.00379471, 0.00526273, 0.00940576, 0.003889, 0.00864833, 0.0050127, 0.00727965, 0.00782751, 0.00952336, 0.00541331, 0.00908452, 0.0048059, 0.00645024, 0.00546162, 0.00838715, 0.0090194, 0.0039909, 0.00886902, 0.00793551, 0.00583748, 0.00678511, 0.00856683, 0.00400956, 0.00988575, 0.00847918, 0.00582942, 0.00888608, 0.00714951, 0.00802865, 0.0088428, 0.00464383, 0.00753324, 0.0074719, 0.00770923, 0.00896273, 0.00791685, 0.00468375, 0.00975803, 0.00575922, 0.00391471, 0.00954662, 0.00880583, 0.00829756, 0.00959599, 0.00726298, 0.00897533, 0.00709984, 0.00442688, 0.0051221, 0.00845397, 0.00707169, 0.00636141, 0.00615246, 0.00683349, 0.00919882, 0.00698848, 0.00796292, 0.00397806, 0.00547286, 0.00979046, 0.00701581, 0.00464153, 0.00640698, 0.0096223, 0.00570206, 0.00585164, 0.00724332, 0.00976554, 0.00700917, 0.00558559, 0.00443335, 0.00747799, 0.00390258, 0.00573486, 0.00697678, 0.00506869, 0.00442173, 0.00601565, 0.00750671, 0.00524388, 0.00510123, 0.00764264, 0.00858307, 0.00810787, 0.00901033, 0.00792274, 0.00991707, 0.00992402, 0.00795621, 0.00382633, 0.00531466, 0.00720598, 0.00721473, 0.00420192, 0.00536737, 0.00559111, 0.00981846, 0.00879368, 0.00412759, 0.0061968, 0.00842302, 0.00570785, 0.009262, 0.00647, 0.00634287, 0.00708881, 0.00654485, 0.00801503, 0.00477793, 0.00519434, 0.00997391, 0.00899978, 0.00556591, 0.00498006, 0.00866789, 0.0087907, 0.00404387, 0.00528014, 0.0082819, 0.00886956, 0.00441147, 0.00863248, 0.00733407, 0.00992001];
GivenLatency = [738.542, 594.219, 523.033, 484.615, 1272.55, 742.332, 510.454, 932.342, 392.502, 750.893, 471.661, 476.989, 502.821, 803.431, 409.492, 786.518, 547.286, 835.057, 514.061, 400.754, 1225.67, 465.936, 547.072, 753.503, 655.042, 391.084, 856.302, 386.487, 540.814, 762.07, 390.426, 656.566, 538.194, 480.166, 1067.95, 550.068, 556.43, 445.894, 518.609, 516.601, 894.588, 348.042, 681.891, 891.994, 439.522, 487.754, 423.433, 513.848, 627.703, 436.673, 491.335, 829.918, 803.722, 403.04, 541.269, 771.434, 721.48, 665.4, 384.934, 510.026, 487.862, 1044.41, 632.026, 437.373, 543.586, 1030.53, 643.282, 362.784, 757.605, 593.13, 610.716, 364.406, 481.626, 638.089, 955.334, 464.047, 1169.7, 796.715, 572.734, 881.571, 762.214, 570.959, 638.707, 913.855, 660.73, 531.727, 402.997, 425.337, 370.456, 487.168, 358.189, 402.249, 516.72, 970.875, 816.268, 464.503, 666.619, 918.129, 866.39, 787.38, 407.937, 407.84, 821.026, 564.171, 551.534, 710.802, 402.714, 560.457, 677.185, 491.994, 748.754, 478.081, 813.626, 959.311, 358.486, 375.046, 691.844, 947.241, 509.232, 401.255, 1138.27, 909.86, 582.022, 445.211, 1097.99, 479.972, 485.155, 489.885];
HighestPossibleCritFunctionValue = 1.1;
