NumDevices = 32;
NumSlotes = 256;


GivenBandwidthOld = [0.00828818, 0.00700326, 0.0112476, 0.00764596, 0.0131088, 0.0143204, 0.0148737, 0.0147989, 0.0077219, 0.0144697, 0.0117499, 0.0132721, 0.0100023, 0.0169859, 0.0147103, 0.00519575, 0.00749159, 0.00607688, 0.0166452, 0.0138795, 0.00542413, 0.00839858, 0.0124863, 0.0150214, 0.010257, 0.00960282, 0.0145949, 0.0167796, 0.00960342, 0.0122185, 0.014197, 0.0164778];
GivenLatency = [46.2284, 56.7838, 44.5718, 42.5186, 25.4802, 36.563, 23.286, 30.1597, 55.5493, 24.5813, 26.1284, 26.1945, 54.3234, 19.2909, 30.4956, 66.276, 44.5313, 60.5667, 26.823, 34.2313, 106.232, 51.4935, 24.9337, 22.505, 47.7767, 46.1147, 30.0667, 34.4221, 55.5189, 32.0297, 23.6799, 26.8106];
HighestPossibleCritFunctionValue = 1.1;
