NumDevices = 128;
NumSlotes = 1024;


GivenBandwidthOld = [0.00814294, 0.00463187, 0.00658231, 0.00638709, 0.00656081, 0.00761107, 0.00932356, 0.0097587, 0.00447347, 0.00694501, 0.00849519, 0.00623017, 0.00673266, 0.00835859, 0.00411147, 0.00399942, 0.00818295, 0.00835198, 0.00555828, 0.00793445, 0.00673553, 0.00659035, 0.00407691, 0.00430864, 0.00531721, 0.00632517, 0.00955984, 0.00596691, 0.00704779, 0.00478301, 0.00935404, 0.00964914, 0.00682876, 0.00473779, 0.00546969, 0.00657174, 0.00992177, 0.007621, 0.00740866, 0.00736544, 0.00590697, 0.00598973, 0.00933347, 0.00765309, 0.00916874, 0.00772131, 0.00580951, 0.00544683, 0.00989391, 0.00812618, 0.00413962, 0.00834317, 0.00733286, 0.00834669, 0.00405475, 0.00692901, 0.00841513, 0.00439446, 0.00395165, 0.00546493, 0.00784241, 0.00981295, 0.00376736, 0.00799738, 0.00825328, 0.00920306, 0.00955965, 0.00903304, 0.00833136, 0.00884288, 0.00599725, 0.00452737, 0.00649477, 0.00389985, 0.00981706, 0.00405264, 0.00891804, 0.0066821, 0.0085858, 0.00402557, 0.00404026, 0.00712832, 0.00817357, 0.00694428, 0.00870036, 0.00444189, 0.00730176, 0.00443385, 0.00966986, 0.00506565, 0.00969311, 0.00832502, 0.00861953, 0.00837957, 0.0066469, 0.00444065, 0.00531643, 0.00575161, 0.00726164, 0.00505645, 0.00493492, 0.00625128, 0.00523124, 0.00521998, 0.00976247, 0.00530666, 0.00397167, 0.00427639, 0.00709304, 0.00905859, 0.00642663, 0.00862718, 0.00571902, 0.00950109, 0.00614832, 0.00597928, 0.00880307, 0.00577528, 0.00508215, 0.00566377, 0.00600129, 0.00989393, 0.0084631, 0.0043414, 0.00590229, 0.00847104, 0.00647626, 0.00524772];
GivenLatency = [481.222, 780.367, 724.559, 712.657, 537.315, 548.647, 403.31, 479.859, 764.677, 627.275, 428.136, 543.243, 528.145, 558.44, 989.41, 877.32, 407.964, 523.822, 742.972, 513.131, 593.251, 750.913, 853.843, 901.487, 805.788, 765.041, 451.513, 634.012, 536.824, 783.22, 392.292, 380.497, 616.606, 879.476, 649.62, 551.875, 417.025, 453.39, 562.247, 639.255, 602.366, 789.997, 390.1, 509.694, 386.067, 461.555, 785.808, 656.788, 354.344, 429.737, 1014.65, 572.946, 503.289, 443.409, 1174.47, 558.958, 396.192, 808.685, 869.305, 632.042, 498.083, 367.008, 1051.57, 569.203, 556.647, 466.086, 414.698, 520.073, 400.807, 462.099, 749.31, 914.733, 603.834, 942.417, 367.452, 944.16, 449.67, 513.072, 404.274, 840.809, 1100.07, 547.74, 477.665, 644.353, 522.213, 816.556, 466.561, 781.08, 423.766, 932.717, 382.367, 437.308, 461.566, 435.428, 506.47, 779.875, 650.096, 654.808, 476.548, 687.865, 775.204, 690.298, 645.827, 849.083, 455.537, 720.703, 1060.82, 1056.14, 518.475, 462.727, 655.773, 409.136, 854.568, 479.848, 569.735, 792.75, 510.576, 699.022, 671.589, 727.228, 820.069, 428.635, 411.047, 888.273, 631.327, 564.868, 698.731, 861.246];
HighestPossibleCritFunctionValue = 1.1;
