NumDevices = 16;
NumSlotes = 128;


GivenBandwidthOld = [0.0265336, 0.0157959, 0.0218336, 0.0220825, 0.030272, 0.0208234, 0.0182833, 0.02714, 0.0325573, 0.0308002, 0.0237639, 0.0156396, 0.019999, 0.0136963, 0.0344259, 0.010661];
GivenLatency = [17.1871, 32.5142, 17.0956, 18.1907, 12.7969, 18.25, 20.411, 11.1035, 11.0059, 18.2071, 26.1534, 39.896, 15.2372, 42.9247, 16.0087, 48.6185];
HighestPossibleCritFunctionValue = 1.1;
