NumDevices = 64;
NumSlotes = 512;


GivenBandwidthOld = [0.0129417, 0.0154884, 0.00796234, 0.00810442, 0.0160182, 0.0128731, 0.012571, 0.0151538, 0.0148857, 0.0090628, 0.0135445, 0.0166209, 0.012884, 0.0168122, 0.00806288, 0.00777998, 0.0130969, 0.0150294, 0.0145326, 0.0144283, 0.0122098, 0.0158894, 0.0173657, 0.0100183, 0.0125917, 0.0145323, 0.00959376, 0.017372, 0.0158137, 0.0154197, 0.0137127, 0.0149336, 0.0136615, 0.0144922, 0.0156032, 0.00797106, 0.0146814, 0.0146372, 0.0127103, 0.0174317, 0.0096364, 0.0139028, 0.00886204, 0.00928079, 0.0172873, 0.0122549, 0.0138207, 0.00952879, 0.0153612, 0.0103261, 0.0166075, 0.0075735, 0.012783, 0.00846012, 0.0142461, 0.00889527, 0.00783953, 0.0140125, 0.0124857, 0.0125289, 0.00859756, 0.0141176, 0.00907273, 0.01039];
GivenLatency = [86.8543, 69.4348, 147.59, 152.469, 60.7141, 93.3467, 98.2533, 74.8072, 71.5863, 130.287, 68.6516, 67.1697, 83.6726, 71.4627, 142.54, 129.525, 86.3499, 75.5528, 68.5211, 72.8735, 83.6826, 57.3157, 60.5066, 108.923, 87.3083, 84.1569, 104.431, 67.5489, 67.6577, 64.9316, 86.3936, 67.0215, 68.8047, 84.7443, 58.2648, 145.673, 69.9999, 63.2281, 82.5804, 70.6072, 128.418, 84.9885, 120.844, 117.83, 56.6083, 84.3036, 69.3419, 120.292, 71.7543, 99.7175, 56.7529, 121.086, 84.6856, 128.772, 64.2252, 105.032, 125.877, 87.5316, 84.2336, 77.285, 110.023, 68.0131, 136.617, 118.024];
HighestPossibleCritFunctionValue = 1.1;
