NumDevices = 32;
NumSlotes = 256;


GivenBandwidthOld = [0.018008, 0.0202178, 0.0356163, 0.037603, 0.0291665, 0.0365754, 0.0321146, 0.0355408, 0.0196569, 0.0328783, 0.0211292, 0.0285668, 0.0317913, 0.0263594, 0.0331277, 0.0377817, 0.0325054, 0.0280664, 0.0215363, 0.0213972, 0.0325407, 0.0221649, 0.0353036, 0.0330642, 0.0202575, 0.0282418, 0.0192939, 0.0328244, 0.0390853, 0.0165144, 0.0168208, 0.0180013];
GivenLatency = [102.114, 109.83, 53.5452, 49.1032, 77.6436, 61.7276, 66.302, 52.3105, 98.7112, 71.6473, 81.8423, 61.7624, 66.4501, 86.5392, 66.4866, 53.44, 51.6102, 83.1289, 106.307, 106.985, 60.6141, 79.4781, 65.918, 53.968, 83.1117, 63.4563, 107.547, 54.9267, 60.4128, 138.884, 134.905, 112.08];
HighestPossibleCritFunctionValue = 1.1;
