NumDevices = 32;
NumSlotes = 256;


GivenBandwidthOld = [0.0174766, 0.0187219, 0.0287256, 0.0216386, 0.029987, 0.0213739, 0.0217379, 0.0191249, 0.0222505, 0.034632, 0.0297564, 0.0250513, 0.0280177, 0.0239828, 0.0292372, 0.0189588, 0.0299807, 0.0161456, 0.0288227, 0.0335501, 0.0261128, 0.0273288, 0.0246709, 0.0332503, 0.0275081, 0.0192596, 0.0267618, 0.0154662, 0.0298684, 0.0279196, 0.0343507, 0.0226207];
GivenLatency = [65.5343, 54.6817, 37.2819, 40.3989, 30.1837, 42.0296, 48.7004, 45.2415, 51.558, 26.1789, 31.578, 41.3766, 37.7453, 43.5548, 36.6097, 55.7269, 33.976, 72.7837, 35.0875, 28.3325, 35.0262, 42.0434, 46.7715, 28.3094, 32.4154, 43.6615, 41.8099, 56.9817, 34.3545, 30.6197, 34.2004, 39.5068];
HighestPossibleCritFunctionValue = 1.1;
