NumDevices = 128;
NumSlotes = 1024;


GivenBandwidthOld = [0.00416769, 0.00509205, 0.0096081, 0.00451184, 0.00800918, 0.00653342, 0.00969555, 0.00566933, 0.00566062, 0.00927508, 0.0075771, 0.0070125, 0.00526404, 0.0065202, 0.00617373, 0.00815939, 0.00615828, 0.00478466, 0.00574688, 0.00901108, 0.00802182, 0.00648687, 0.00851182, 0.00440484, 0.00959429, 0.00378679, 0.00955528, 0.00435756, 0.00878844, 0.00985858, 0.00807301, 0.00427962, 0.00508199, 0.00917542, 0.00757344, 0.00803676, 0.00751507, 0.00824462, 0.00731998, 0.00439788, 0.00519764, 0.00917652, 0.00733911, 0.00720806, 0.00455885, 0.00434329, 0.00638004, 0.00690939, 0.00989471, 0.0090666, 0.00977164, 0.0095031, 0.00867066, 0.00534268, 0.00938941, 0.00407455, 0.00851503, 0.00834461, 0.00667918, 0.00942016, 0.00831357, 0.00987596, 0.00656707, 0.00649978, 0.0068878, 0.00956907, 0.00484728, 0.00831547, 0.0044269, 0.00544396, 0.0054455, 0.00634056, 0.00584808, 0.0099551, 0.00528003, 0.00640866, 0.00654997, 0.00652761, 0.0057234, 0.00824579, 0.00828876, 0.00546566, 0.00766957, 0.00501672, 0.00604275, 0.00672048, 0.00993955, 0.00646196, 0.00865256, 0.00736987, 0.00536338, 0.00734778, 0.00917884, 0.00876596, 0.00693083, 0.00778292, 0.00998601, 0.00614528, 0.00497885, 0.00695086, 0.00688826, 0.0047306, 0.00962077, 0.00495057, 0.00674042, 0.00752144, 0.00905397, 0.00382955, 0.00947685, 0.00493038, 0.00495685, 0.00597364, 0.0077147, 0.00716612, 0.00590885, 0.00634515, 0.00792177, 0.00626584, 0.00621274, 0.00747533, 0.00916564, 0.00564661, 0.00500165, 0.00903428, 0.00407862, 0.00812024, 0.00445359, 0.00397803];
GivenLatency = [1092.79, 705.958, 347.887, 1008.85, 601.221, 638.907, 402.357, 874.193, 624.467, 461.583, 525.022, 599.728, 767.714, 665.643, 599.921, 530.256, 795.71, 821.797, 583.342, 482.146, 539.21, 731.065, 476.823, 910.905, 373.066, 1312.45, 509.903, 1011.06, 393.817, 402.333, 588.614, 1107.19, 877.199, 433.676, 521.162, 437.089, 572.265, 478.311, 533.661, 943.059, 748.607, 402.1, 472.94, 500.848, 1089.36, 866.164, 572.107, 533.655, 385.149, 368.356, 434.675, 459.477, 529.313, 729.157, 359.598, 922.747, 568.514, 451.04, 525.435, 454.051, 579.645, 482.247, 718.868, 595.498, 698.771, 512.408, 953.152, 539.06, 967.431, 674.293, 783.091, 784.22, 661.778, 408.751, 770.724, 627.959, 749.015, 533.759, 803.66, 470.237, 542.676, 721.231, 486.382, 695.051, 612.478, 604.283, 392.076, 635.612, 406.46, 459.332, 835.538, 507.446, 377.27, 461.227, 556.858, 593.346, 353.979, 595.392, 929.391, 590.206, 629.262, 764.339, 436.36, 783.454, 648.72, 491.589, 424.395, 1204.38, 526.694, 700.496, 790.631, 662.809, 507.558, 540.516, 592.039, 573.367, 573.185, 610.509, 573.23, 637.412, 392.134, 876.089, 769.006, 436.405, 1127.12, 570.353, 1019.87, 911.331];
HighestPossibleCritFunctionValue = 1.1;
