NumDevices = 128;
NumSlotes = 1024;


GivenBandwidthOld = [0.00809345, 0.00415223, 0.00782375, 0.00880039, 0.00435314, 0.00942077, 0.00606019, 0.00615298, 0.00936262, 0.00381844, 0.00406359, 0.00551527, 0.00396703, 0.00770313, 0.00650064, 0.00877614, 0.00939357, 0.00522934, 0.00453395, 0.00452473, 0.00584157, 0.00682615, 0.00468639, 0.00407979, 0.00901781, 0.0085275, 0.00544153, 0.00834699, 0.00915813, 0.00443222, 0.0072556, 0.00992924, 0.00814799, 0.00827636, 0.00946052, 0.0055232, 0.00597119, 0.0041175, 0.00537046, 0.00763388, 0.00503772, 0.00889201, 0.00682703, 0.00684645, 0.00823187, 0.00557214, 0.00975524, 0.00880188, 0.00448385, 0.00636905, 0.00961243, 0.0085594, 0.00411093, 0.00735822, 0.0095464, 0.00508566, 0.00845419, 0.00455115, 0.0061559, 0.00847862, 0.0088376, 0.00485662, 0.00901475, 0.00714866, 0.00623726, 0.00719265, 0.0080727, 0.00534328, 0.00702823, 0.00716854, 0.00909727, 0.0065077, 0.00873627, 0.00795357, 0.00939373, 0.00790214, 0.00758282, 0.00943732, 0.00934475, 0.00974732, 0.00698551, 0.00790428, 0.00605443, 0.0092413, 0.00849916, 0.00410023, 0.0088419, 0.00823498, 0.0078135, 0.00524587, 0.00738527, 0.00793039, 0.00723734, 0.00926063, 0.00843083, 0.00579635, 0.00933639, 0.00676962, 0.00448112, 0.00421221, 0.00959118, 0.0077562, 0.00473148, 0.0058025, 0.00635812, 0.0072445, 0.00464188, 0.00609705, 0.00683716, 0.00847401, 0.00645208, 0.00508713, 0.00818248, 0.00674079, 0.00742698, 0.00891857, 0.00936052, 0.00603874, 0.0080222, 0.00659388, 0.00715235, 0.00580032, 0.00728051, 0.00980517, 0.00427287, 0.00414111, 0.00839762, 0.00385982];
GivenLatency = [533.692, 1004.22, 613.247, 384.486, 870.873, 406.165, 555.736, 548.278, 524.808, 1198.54, 1163.18, 656.231, 1123.98, 509.733, 594.698, 408.379, 407.616, 812.125, 748.82, 869.059, 714.974, 689.083, 760.255, 842.786, 454.852, 392.235, 762.327, 577.072, 468.269, 1065.81, 549.286, 419.502, 459.924, 573.094, 444.18, 616.556, 668.386, 930.493, 735.564, 446.926, 726.06, 395.665, 516.927, 609.607, 503.503, 627.199, 354.67, 416.157, 849.803, 678.688, 381.52, 403.554, 831.054, 671.932, 474.653, 795.821, 439.02, 773.62, 644.074, 397.269, 409.721, 693.189, 468.785, 531.807, 750.063, 647.77, 435.929, 900.186, 658.347, 523.021, 534.848, 724.47, 449.077, 529.518, 377.782, 441.1, 448.444, 426.093, 489.751, 375.209, 489.154, 487.457, 653.914, 381.124, 404.46, 1146.35, 496.693, 428.857, 432.633, 815.313, 456.502, 440.065, 625.386, 479.397, 439.417, 749.712, 363.886, 593.923, 770.933, 981.978, 351.467, 454.508, 719.386, 646.157, 583.117, 671.225, 1007.13, 568.943, 502.031, 421.472, 528.639, 786.542, 498.777, 692.437, 670.699, 464.701, 375.236, 697.957, 528.195, 601.36, 629.909, 641.928, 458.957, 376.786, 940.759, 1131.34, 577.548, 1095.25];
HighestPossibleCritFunctionValue = 1.1;
