NumDevices = 128;
NumSlotes = 1024;


GivenBandwidthOld = [0.00700193, 0.00392979, 0.00550949, 0.00547145, 0.00619436, 0.00607587, 0.00456988, 0.00851505, 0.00495582, 0.00497694, 0.00499479, 0.00491378, 0.00841589, 0.00833092, 0.00522643, 0.00819165, 0.00454644, 0.00451116, 0.00664511, 0.00679101, 0.0040721, 0.00728484, 0.00872867, 0.00533625, 0.00392704, 0.00432057, 0.00824948, 0.00648633, 0.00829904, 0.00450101, 0.0059903, 0.00650908, 0.00568308, 0.00799998, 0.00817634, 0.00728766, 0.0061308, 0.00788846, 0.00379409, 0.00474759, 0.00523166, 0.00596935, 0.00436696, 0.00800896, 0.00411746, 0.00466579, 0.00538585, 0.00752901, 0.00760745, 0.00588093, 0.00828501, 0.00864343, 0.00769162, 0.00550598, 0.0064719, 0.00568617, 0.00501818, 0.00803137, 0.00572978, 0.00799213, 0.00631493, 0.00759479, 0.0082006, 0.00493826, 0.00490964, 0.00874062, 0.00607206, 0.0056169, 0.00576768, 0.00495564, 0.00689018, 0.00583346, 0.00539668, 0.00451061, 0.00726865, 0.00662855, 0.00855979, 0.00690778, 0.00661222, 0.00409348, 0.00665414, 0.00865787, 0.0053975, 0.00831542, 0.00480008, 0.00752229, 0.00464774, 0.00704635, 0.0054366, 0.00538635, 0.00594526, 0.00439868, 0.00617626, 0.00687738, 0.00554753, 0.00483182, 0.00587492, 0.00722248, 0.00566212, 0.00571769, 0.00466044, 0.00551382, 0.00819638, 0.00412543, 0.00863327, 0.0068975, 0.00385142, 0.00830814, 0.00742897, 0.00620902, 0.00750925, 0.00553937, 0.00776807, 0.00538352, 0.0083225, 0.00379623, 0.00579518, 0.00710313, 0.00485693, 0.00788934, 0.00861927, 0.00651816, 0.00816928, 0.00856825, 0.0040341, 0.00863726, 0.00385217, 0.00594436];
GivenLatency = [177.16, 327.049, 212.497, 210.048, 162.856, 170.779, 217.954, 136.228, 201.253, 198.753, 256.306, 248.771, 119.798, 152.341, 210.771, 134.32, 214.693, 263.115, 175.368, 161.577, 257.747, 136.848, 135.447, 206.385, 282.472, 258.912, 136.421, 177.893, 151.505, 268.87, 185.875, 149.601, 179.638, 150.835, 119.052, 158.271, 182.352, 158.567, 310.026, 210.745, 187.241, 159.838, 258.242, 120.135, 247.203, 265.229, 189.939, 160.181, 147.025, 213.396, 123.775, 122.934, 167.884, 177.65, 173.801, 186.344, 239.09, 154.397, 200.711, 120.184, 179.432, 128.967, 129.228, 221.65, 208.073, 111.232, 172.323, 192.306, 220.992, 226.868, 154.253, 207.285, 206.084, 226.15, 151.922, 181.327, 149.214, 147.862, 183.934, 248.291, 158.475, 116.227, 205.16, 125.687, 258.408, 165.071, 247.617, 156.053, 204.664, 216.145, 202.395, 219.953, 166.379, 154.898, 182.701, 204.109, 180.773, 175.708, 171.709, 178.984, 221.743, 188.025, 116.587, 230.865, 128.437, 177.376, 255.926, 119.944, 140.612, 167.596, 151.411, 180.086, 149.342, 225.908, 147.815, 337.063, 219.666, 137.048, 212.384, 127.755, 147.295, 179.174, 154.359, 119.762, 304.765, 133.916, 291.462, 176.427];
HighestPossibleCritFunctionValue = 1.1;
