NumDevices = 128;
NumSlotes = 1024;


GivenBandwidthOld = [0.00227329, 0.00286229, 0.00215744, 0.00258886, 0.00348216, 0.00146726, 0.00277423, 0.00339542, 0.00314337, 0.00127907, 0.00238352, 0.00231043, 0.00207352, 0.00155732, 0.0039323, 0.00138825, 0.0029769, 0.00344559, 0.00249891, 0.00410931, 0.00140497, 0.00262596, 0.00200728, 0.00389974, 0.00412985, 0.00282605, 0.00240517, 0.00363151, 0.00229132, 0.00267668, 0.00125544, 0.00198786, 0.00242984, 0.00262857, 0.00220301, 0.00280366, 0.00426817, 0.0026404, 0.00414547, 0.00293742, 0.00240575, 0.0040911, 0.00163984, 0.00333828, 0.00207793, 0.00375849, 0.00210913, 0.0031213, 0.00210977, 0.00141943, 0.00206529, 0.00390253, 0.00426044, 0.00389458, 0.0018618, 0.00256463, 0.00249747, 0.00193197, 0.00371967, 0.00266706, 0.00210591, 0.00219216, 0.00167896, 0.0013783, 0.00128196, 0.00394788, 0.0038157, 0.00418892, 0.00188633, 0.00230645, 0.00390723, 0.00199281, 0.00126947, 0.00340373, 0.00211551, 0.00413807, 0.00353178, 0.00427571, 0.00433482, 0.00405455, 0.00287265, 0.00435557, 0.00275552, 0.00135775, 0.00287024, 0.00132285, 0.00374784, 0.00424164, 0.00357857, 0.00313009, 0.00299034, 0.00421829, 0.00182781, 0.00316486, 0.00307409, 0.00248086, 0.00393322, 0.00133088, 0.00432974, 0.0031321, 0.00244257, 0.00411543, 0.00422147, 0.00212319, 0.00191222, 0.003113, 0.00326148, 0.00202094, 0.00212126, 0.0038256, 0.00179067, 0.00392648, 0.0036525, 0.00200646, 0.00258448, 0.00178488, 0.00351871, 0.00334261, 0.00291464, 0.00393013, 0.00238805, 0.00340351, 0.00148547, 0.00250443, 0.00319573, 0.00305898, 0.0015691, 0.00193044];
GivenLatency = [177.41, 192.003, 213.52, 127.724, 94.1674, 218.718, 168.862, 93.8635, 128.711, 306.787, 206.026, 279.64, 163.931, 397.555, 126.473, 320.69, 109.652, 133.518, 158.492, 141.443, 273.538, 220.556, 163.8, 96.1511, 156.957, 177.429, 226.943, 94.4823, 163.641, 137.673, 306.306, 289.679, 140.819, 182.715, 184.617, 176.881, 82.5804, 122.544, 121.213, 201.021, 132.729, 150.057, 210.052, 135.345, 188.686, 111.937, 182.433, 121.028, 259.655, 267.682, 216.33, 146.68, 95.786, 130.481, 253.188, 160.116, 216.495, 276.74, 145.199, 130.903, 185.91, 197.17, 305.492, 320.731, 368.386, 106.682, 152.076, 145.45, 240.421, 143.18, 109.273, 300.769, 295.353, 109.148, 284.46, 76.2196, 124.304, 105.54, 125.659, 85.6239, 166.428, 74.5322, 127.253, 379.886, 154.038, 439.587, 112.68, 134.489, 90.8261, 183.425, 150.907, 77.4087, 280.716, 154.425, 173.133, 177.671, 123.81, 372.431, 126.205, 119.515, 128.415, 111.583, 135.471, 155.496, 178.695, 109.297, 112.273, 242.122, 308.606, 93.3222, 235.134, 86.3585, 166.253, 212.8, 251.587, 245.162, 95.4773, 104.716, 210.602, 97.6042, 170.305, 153.856, 304.335, 134.125, 164.61, 170.575, 244.784, 340.718];
HighestPossibleCritFunctionValue = 1.1;
