NumDevices = 64;
NumSlotes = 512;


GivenBandwidthOld = [0.0183784, 0.0165766, 0.00848306, 0.017308, 0.0133131, 0.00856665, 0.0096771, 0.0105702, 0.00829501, 0.0191817, 0.0170958, 0.00897918, 0.0180213, 0.0145797, 0.00910791, 0.0190627, 0.0170112, 0.011724, 0.0128563, 0.0190183, 0.0198015, 0.00843839, 0.0164686, 0.0169456, 0.00937549, 0.0164064, 0.00935909, 0.0157294, 0.0183673, 0.0169097, 0.0187892, 0.0196432, 0.0105401, 0.0142011, 0.019895, 0.0176898, 0.0179918, 0.0175746, 0.018275, 0.0153524, 0.00843226, 0.0135369, 0.0076097, 0.0137385, 0.00823633, 0.00792937, 0.0114067, 0.0172793, 0.0185399, 0.0178893, 0.0196451, 0.0170671, 0.0145173, 0.00925946, 0.0162494, 0.00841382, 0.0161018, 0.0161905, 0.0195772, 0.0141351, 0.0111133, 0.0113222, 0.0102028, 0.00882714];
GivenLatency = [150.17, 189.137, 300.51, 135.652, 186.355, 322.068, 257.148, 235.43, 272.541, 153.937, 178.057, 279.003, 154.283, 225.061, 268.592, 150.626, 157.219, 206.127, 181.475, 123.885, 147.803, 386.576, 180.531, 133.127, 348.301, 173.497, 279.817, 144.389, 128.449, 168.186, 123.23, 167.084, 294.496, 188.714, 135.963, 159.005, 128.646, 165.142, 177.361, 163.511, 272.948, 177.733, 365.314, 189.11, 318.009, 337.039, 216.593, 135.159, 148.908, 137.568, 155.523, 164.956, 159.231, 285.231, 170.485, 372.638, 202.684, 169.54, 153.044, 177.112, 279.166, 241.122, 297.038, 308.252];
HighestPossibleCritFunctionValue = 1.1;
