NumDevices = 16;
NumSlotes = 128;


GivenBandwidthOld = [0.0283152, 0.0338341, 0.0151907, 0.0251083, 0.0347189, 0.0348857, 0.0141922, 0.0181929, 0.0336659, 0.0130173, 0.0222866, 0.0105056, 0.0330451, 0.0289279, 0.0304973, 0.0323429];
GivenLatency = [12.7245, 13.2035, 27.798, 12.9669, 13.1068, 8.65942, 43.9959, 32.149, 16.1704, 30.5881, 25.5749, 53.6668, 10.8995, 14.6928, 16.2749, 14.93];
HighestPossibleCritFunctionValue = 1.1;
