NumDevices = 64;
NumSlotes = 512;


GivenBandwidthOld = [0.00987377, 0.015879, 0.00776551, 0.0198931, 0.0116147, 0.0139828, 0.0144175, 0.0192606, 0.0172383, 0.017298, 0.019948, 0.00782233, 0.0124031, 0.0141747, 0.0139618, 0.0112379, 0.0174372, 0.0103143, 0.00762595, 0.0119212, 0.0139908, 0.0108878, 0.00845466, 0.0149677, 0.0167594, 0.0171241, 0.010119, 0.0133226, 0.0181109, 0.0199689, 0.00897567, 0.00909308, 0.0198808, 0.0166147, 0.0108269, 0.0102354, 0.0194785, 0.0177708, 0.0160758, 0.0164786, 0.010013, 0.0192512, 0.00984291, 0.00985021, 0.0199288, 0.0101511, 0.0146087, 0.00763737, 0.0163015, 0.0098176, 0.0093579, 0.00826967, 0.018402, 0.0122114, 0.0176246, 0.00919802, 0.00869017, 0.0107283, 0.0152218, 0.0120748, 0.00901558, 0.0174326, 0.0192086, 0.0190432];
GivenLatency = [270.105, 141.225, 293.32, 149.21, 235.58, 179.495, 163.681, 156.875, 185.881, 134.212, 125.368, 332.196, 184.231, 234.701, 165.585, 211.542, 167.898, 259.808, 348.133, 218.554, 203.49, 278.413, 353.876, 220.24, 143.805, 142.932, 275.329, 183.243, 128.484, 127.036, 329.406, 281.797, 151.622, 134.449, 218.493, 324.022, 133.657, 127.834, 165.759, 169.065, 253.676, 127.257, 304.289, 319.175, 113.245, 229.57, 175.155, 414.082, 148.284, 236.257, 249.982, 353.816, 162.268, 246.913, 180.089, 298.251, 307.759, 228.241, 152.984, 200.343, 324.794, 147.939, 138.973, 157.648];
HighestPossibleCritFunctionValue = 1.1;
