NumDevices = 128;
NumSlotes = 1024;


GivenBandwidthOld = [0.00425096, 0.0083575, 0.00702677, 0.00647504, 0.00856774, 0.0054643, 0.00607462, 0.00858042, 0.00863641, 0.00459828, 0.00577464, 0.00686845, 0.00546156, 0.00493011, 0.00783539, 0.00698859, 0.00466095, 0.00415984, 0.00693708, 0.00399302, 0.00819351, 0.00584769, 0.00463333, 0.00490701, 0.00464764, 0.00532744, 0.00579219, 0.00678944, 0.00761678, 0.00773033, 0.00617017, 0.00446832, 0.00648976, 0.0059622, 0.00427418, 0.0086612, 0.00624432, 0.00579872, 0.0065878, 0.00873491, 0.00514292, 0.00458621, 0.00788063, 0.00731813, 0.00829079, 0.00586357, 0.00653815, 0.00426895, 0.00574192, 0.00690521, 0.00840064, 0.00713456, 0.00810081, 0.00785749, 0.00830492, 0.00833913, 0.00830147, 0.00533834, 0.00398812, 0.00585385, 0.00808619, 0.00715958, 0.00859907, 0.00709627, 0.00451992, 0.00379392, 0.00687621, 0.00599025, 0.00571072, 0.00751331, 0.00870106, 0.00627638, 0.00470177, 0.0051042, 0.00386716, 0.00780432, 0.00472123, 0.00720934, 0.00492243, 0.00870285, 0.006234, 0.00741647, 0.0060444, 0.00566913, 0.00858034, 0.00731547, 0.0086504, 0.00470836, 0.00589918, 0.00500723, 0.00399864, 0.00764507, 0.00820167, 0.00801358, 0.00669286, 0.00445644, 0.00689774, 0.00786239, 0.00576688, 0.00637857, 0.00710838, 0.00805459, 0.00602757, 0.00789865, 0.00515659, 0.00433401, 0.00423194, 0.00869238, 0.00539674, 0.00544198, 0.00592312, 0.00743992, 0.00521874, 0.00387287, 0.00385019, 0.00763803, 0.00494977, 0.00832665, 0.00852558, 0.00698015, 0.00794544, 0.00655331, 0.00390175, 0.00424822, 0.0074081, 0.00551881, 0.0070679, 0.0077782];
GivenLatency = [266.938, 144.41, 170.167, 172.395, 119.304, 213.407, 164.951, 138.748, 144.728, 235.114, 168.217, 154.242, 233.36, 239.617, 131.236, 162.411, 274.776, 233.787, 182.059, 320.731, 146.304, 214.354, 230.516, 259.988, 276.292, 208.568, 207.741, 168.826, 128.879, 150.315, 158.074, 261.556, 166.735, 199.887, 295.453, 134.991, 196.075, 182.27, 171.135, 128.997, 229.046, 252.004, 121.333, 145.946, 149.372, 165.541, 186.506, 244.118, 202.209, 145.653, 119.966, 140.006, 121.58, 160.449, 151.761, 154.469, 116.975, 235.043, 291.727, 200.439, 154.538, 162.37, 138.684, 182.196, 285.762, 303.554, 174.853, 168.073, 206.447, 155.509, 114.774, 168.967, 256.577, 207.681, 266.636, 124.9, 265.147, 134.706, 244.98, 109.952, 172.764, 147.81, 174.169, 217.008, 116.567, 138.105, 120.058, 221.804, 174.06, 230.683, 255.159, 160.422, 140.919, 126.241, 150.387, 290.768, 146.397, 138.781, 201.801, 182.096, 179.738, 132.978, 205.327, 122.208, 203.949, 288.205, 303.96, 144.306, 198.834, 218.418, 201.476, 148.336, 198.649, 254.646, 253.598, 142.138, 198.357, 148.646, 114.512, 167.977, 131.217, 178.609, 328.225, 272.759, 143.264, 174.326, 167.09, 146.054];
HighestPossibleCritFunctionValue = 1.1;
