NumDevices = 16;
NumSlotes = 128;


GivenBandwidthOld = [0.0322622, 0.020068, 0.0223445, 0.0344644, 0.0333208, 0.0127327, 0.0130846, 0.0274165, 0.0282864, 0.0243615, 0.0341064, 0.0160906, 0.0240625, 0.0326951, 0.0212646, 0.0341333];
GivenLatency = [11.6479, 23.4527, 16.5468, 12.0359, 13.9386, 26.8565, 33.2188, 18.3797, 19.7563, 25.518, 13.7932, 19.6785, 25.9548, 11.3658, 18.0852, 16.5666];
HighestPossibleCritFunctionValue = 1.1;
