NumDevices = 32;
NumSlotes = 256;


GivenBandwidthOld = [0.0261236, 0.0293152, 0.0302278, 0.0286952, 0.0298527, 0.0251758, 0.0203423, 0.0229861, 0.0175524, 0.0336586, 0.0295662, 0.0287585, 0.0348327, 0.0228199, 0.0243806, 0.0341267, 0.0175631, 0.0332431, 0.0261759, 0.0289301, 0.0174518, 0.022471, 0.0193868, 0.0236539, 0.0216656, 0.0229151, 0.0241416, 0.0182803, 0.0270786, 0.0197801, 0.0338007, 0.0186086];
GivenLatency = [37.5525, 30.4831, 31.0362, 34.3061, 28.1579, 37.8795, 57.3609, 43.3511, 47.5317, 29.728, 38.0496, 38.3679, 25.3155, 45.9949, 36.3676, 32.2333, 49.5317, 26.6513, 39.4596, 30.1108, 61.0728, 51.236, 49.1493, 43.8606, 47.0543, 42.6055, 44.8338, 63.8374, 37.1058, 43.1373, 30.159, 54.9816];
HighestPossibleCritFunctionValue = 1.1;
