NumDevices = 32;
NumSlotes = 256;


GivenBandwidthOld = [0.00762279, 0.0111834, 0.0172599, 0.00774632, 0.0124365, 0.0155864, 0.00614345, 0.0104438, 0.0113179, 0.0155199, 0.0127167, 0.0126945, 0.0144201, 0.0153161, 0.0131119, 0.0165943, 0.00706827, 0.0163669, 0.011183, 0.0109018, 0.00894723, 0.00867277, 0.00821926, 0.0110398, 0.0155008, 0.0172717, 0.0058239, 0.0148166, 0.00568586, 0.0073323, 0.0164555, 0.0118647];
GivenLatency = [82.5522, 34.8008, 21.8538, 70.7493, 44.1611, 29.307, 95.5832, 60.7697, 30.982, 38.3405, 47.6214, 24.1767, 26.2286, 38.7476, 27.8461, 29.3627, 49.0473, 26.2645, 30.2462, 44.5756, 52.1021, 41.2596, 42.2566, 34.1021, 29.1713, 29.1121, 52.9266, 27.8531, 103.69, 56.9454, 18.821, 44.6629];
HighestPossibleCritFunctionValue = 1.1;
