NumDevices = 16;
NumSlotes = 128;


GivenBandwidthOld = [0.0202581, 0.018252, 0.0263865, 0.0172557, 0.03095, 0.0171217, 0.0293785, 0.0299472, 0.013104, 0.0285679, 0.0301468, 0.0171955, 0.0195141, 0.0132821, 0.022818, 0.0168044];
GivenLatency = [20.3467, 20.8951, 15.011, 17.5284, 12.9791, 35.319, 14.2901, 16.3763, 48.2884, 15.4384, 15.7381, 34.6999, 18.6003, 37.9881, 23.1216, 21.6416];
HighestPossibleCritFunctionValue = 1.1;
