NumDevices = 64;
NumSlotes = 512;


GivenBandwidthOld = [0.010583, 0.0117682, 0.0175798, 0.0179348, 0.0105934, 0.0112789, 0.019228, 0.019843, 0.0187719, 0.0169257, 0.0121359, 0.0106984, 0.0124699, 0.0113325, 0.00820736, 0.00852805, 0.0108583, 0.01254, 0.0147813, 0.00970567, 0.015708, 0.00888691, 0.0173016, 0.0179104, 0.0122162, 0.0099296, 0.0168026, 0.0189353, 0.0124579, 0.0094437, 0.0127129, 0.00752683, 0.00852143, 0.0122029, 0.0115848, 0.0104619, 0.0134433, 0.00828436, 0.0152252, 0.007907, 0.0104677, 0.0111354, 0.00800374, 0.0114342, 0.0170131, 0.0192108, 0.0179938, 0.0144854, 0.0103335, 0.0169429, 0.0148661, 0.0087072, 0.00938617, 0.00833097, 0.0111518, 0.00888414, 0.00826424, 0.0146261, 0.0129592, 0.0105489, 0.0129363, 0.0133475, 0.0120848, 0.0145926];
GivenLatency = [254.483, 230.197, 130.297, 181.602, 226.899, 251.188, 120.279, 122.609, 161.552, 194.915, 252.082, 242.269, 191.126, 202.226, 295.375, 362.385, 208.69, 205.011, 166.301, 244.19, 167.936, 351.666, 163.794, 124.765, 186.383, 287.351, 166.651, 159.659, 211.077, 308.463, 178.814, 341.605, 317.64, 231.358, 243.015, 245.378, 175.39, 319.626, 182.337, 286.637, 277.286, 221.136, 384.649, 195.941, 166.277, 118.116, 171.123, 166.343, 268.374, 137.724, 181.817, 338.229, 347.258, 350.835, 241.763, 267.892, 301.784, 201.479, 204.289, 219.447, 182.576, 171.191, 254.021, 173.244];
HighestPossibleCritFunctionValue = 1.1;
