NumDevices = 32;
NumSlotes = 256;


GivenBandwidthOld = [0.02444, 0.0339012, 0.0281253, 0.0315395, 0.0337424, 0.0187022, 0.0185754, 0.0268607, 0.0181697, 0.0282678, 0.0274541, 0.0303627, 0.016165, 0.0346016, 0.0192118, 0.0221334, 0.0259902, 0.0271419, 0.0245485, 0.0172938, 0.0261911, 0.0230919, 0.015014, 0.0306456, 0.02994, 0.0316549, 0.0343791, 0.0196493, 0.0165538, 0.0298176, 0.0349558, 0.0327567];
GivenLatency = [35.8491, 27.3396, 40.9515, 33.7069, 25.4776, 55.9966, 45.888, 32.1436, 57.5517, 34.0232, 38.8811, 38.4681, 68.26, 31.5602, 43.4406, 43.1819, 35.4716, 37.5812, 44.4968, 48.53, 34.9677, 39.7113, 57.1948, 35.1824, 28.8487, 35.7255, 31.9838, 50.9422, 50.729, 37.1403, 29.0001, 26.0972];
HighestPossibleCritFunctionValue = 1.1;
