NumDevices = 128;
NumSlotes = 1024;


GivenBandwidthOld = [0.00601231, 0.00638936, 0.00849251, 0.00612104, 0.0038649, 0.00482236, 0.00697004, 0.00791033, 0.00643344, 0.00434214, 0.00588082, 0.00636563, 0.00465858, 0.00426438, 0.00385437, 0.00797076, 0.00704052, 0.00756128, 0.00485388, 0.00668274, 0.00423287, 0.00434794, 0.00832663, 0.00810429, 0.00630102, 0.00871095, 0.0074167, 0.00504136, 0.00767522, 0.00499641, 0.0072311, 0.00554238, 0.00825961, 0.0068199, 0.00461246, 0.00406958, 0.00498049, 0.00463016, 0.00655187, 0.00484995, 0.00560615, 0.00502207, 0.00839963, 0.00511307, 0.00788076, 0.0043983, 0.0047195, 0.00820216, 0.00615672, 0.00847298, 0.00790405, 0.00589376, 0.00385374, 0.00732627, 0.00512562, 0.00387466, 0.00398245, 0.00561848, 0.00722273, 0.00490632, 0.00800251, 0.00564864, 0.00418711, 0.0052054, 0.00459738, 0.00569342, 0.00683914, 0.00789582, 0.00759215, 0.00868808, 0.00811051, 0.00586162, 0.00382205, 0.00474544, 0.00414986, 0.00427774, 0.00848412, 0.00518551, 0.00531433, 0.00541345, 0.00629739, 0.0077078, 0.00757707, 0.00524317, 0.00440969, 0.00613453, 0.00562092, 0.00822339, 0.00809778, 0.00683034, 0.00508001, 0.00719895, 0.00530634, 0.00622714, 0.00698918, 0.00466059, 0.00801868, 0.00752317, 0.00438683, 0.00690124, 0.00671567, 0.0078338, 0.00517278, 0.00647593, 0.00842019, 0.00564406, 0.00729679, 0.00457503, 0.00499737, 0.00829934, 0.00445984, 0.00399056, 0.00681925, 0.00869992, 0.00698544, 0.0068116, 0.00499171, 0.00820973, 0.00848768, 0.00488642, 0.0085814, 0.00504208, 0.00476747, 0.00442905, 0.00656823, 0.00480846, 0.00827129, 0.00799513];
GivenLatency = [178.896, 197.05, 123.096, 183.372, 268.793, 219.023, 159.341, 139.521, 183.81, 251.649, 175.481, 150.849, 227.867, 303.358, 328.024, 132.143, 167.961, 149.885, 220.29, 161.575, 250.225, 253.895, 142.699, 140.665, 165.958, 132.938, 161.188, 215.884, 125.463, 194.028, 142.694, 229.141, 154.238, 175.859, 206.724, 247.264, 232.779, 264.252, 156.92, 260.038, 201.02, 248.699, 117.398, 246.399, 155.537, 238.222, 207.294, 130.798, 189.295, 143.46, 146.798, 164.264, 285.389, 173.529, 218.729, 263.403, 304.558, 229.808, 149.829, 210.214, 127.132, 176.799, 277.123, 234.355, 269.844, 190.213, 162.1, 148.987, 164.139, 132.909, 118.293, 163.31, 286.102, 240.247, 260.25, 261.664, 130.815, 200.44, 222.915, 232.286, 169.65, 149.459, 135.604, 226.494, 274.87, 170.965, 212.423, 133.427, 118.083, 164.135, 193.738, 134.485, 210.822, 195.385, 158.012, 226.285, 160.621, 171.96, 279.853, 164.317, 176.29, 139.172, 232.552, 177.587, 126.412, 220.003, 164.076, 242.275, 211.511, 120.286, 245.523, 285.463, 173.919, 135.614, 143.26, 148.006, 244.904, 138.674, 118.911, 204.963, 120.786, 249.496, 258.649, 228.509, 175.021, 216.991, 131.194, 158.665];
HighestPossibleCritFunctionValue = 1.1;
