NumDevices = 128;
NumSlotes = 1024;


GivenBandwidthOld = [0.00590596, 0.00778698, 0.00950846, 0.00499215, 0.00550141, 0.00852856, 0.00444751, 0.00805962, 0.00428779, 0.00493589, 0.00376589, 0.00834623, 0.00878297, 0.00536694, 0.00469006, 0.00959721, 0.00901572, 0.00476893, 0.00386239, 0.00517748, 0.00795395, 0.00958439, 0.00610279, 0.00951019, 0.00894683, 0.00931299, 0.00709122, 0.00955839, 0.00663013, 0.00378601, 0.00891818, 0.00913694, 0.00455727, 0.00907995, 0.00913726, 0.00998192, 0.00620935, 0.00682621, 0.00560461, 0.00550078, 0.00416223, 0.00715423, 0.00610766, 0.00398353, 0.00991773, 0.00848512, 0.00570642, 0.00402325, 0.00877923, 0.00505221, 0.00871976, 0.00544607, 0.00960753, 0.00744269, 0.00422195, 0.00457357, 0.00802894, 0.00740753, 0.00711898, 0.00745492, 0.00991649, 0.00653389, 0.00503567, 0.00572071, 0.00676466, 0.0086613, 0.00423697, 0.00699589, 0.00750236, 0.00724322, 0.00809388, 0.00510973, 0.0067613, 0.00838173, 0.00547588, 0.00433888, 0.00729886, 0.00571617, 0.005352, 0.00986099, 0.00486878, 0.00716599, 0.00998948, 0.0082145, 0.00732153, 0.0054324, 0.00479412, 0.00847587, 0.00648608, 0.0078329, 0.00627916, 0.00509718, 0.00834652, 0.00739461, 0.00874671, 0.00852114, 0.00482603, 0.00736401, 0.00697848, 0.00863992, 0.00745379, 0.00964005, 0.00412769, 0.00779955, 0.00821781, 0.00673276, 0.00382589, 0.00429063, 0.00894724, 0.00998815, 0.00455305, 0.00692774, 0.00569936, 0.00412603, 0.0049542, 0.0053156, 0.00425199, 0.00950465, 0.00964624, 0.00804519, 0.00553618, 0.00526272, 0.00923661, 0.00477855, 0.00937831, 0.00493673, 0.00534773, 0.0068221];
GivenLatency = [754.73, 466.651, 369.463, 1001.12, 796.595, 549.956, 993.229, 541.165, 1075.63, 957.558, 936.617, 441.523, 432.209, 708.4, 897.744, 491.106, 534.429, 727.257, 932.439, 796.73, 470.876, 407.075, 626.079, 364.064, 413.04, 363.662, 620.798, 412.799, 542.885, 902.291, 421.97, 463.971, 751.424, 446.278, 443.598, 440.072, 618.839, 536.299, 690.299, 658.544, 1185.46, 573.944, 654.809, 1088.05, 354.353, 471.996, 661.833, 859.962, 487.656, 877.912, 395.654, 639.556, 419.543, 495.574, 1109.55, 950.89, 418.693, 636.676, 510.704, 480.596, 459.677, 602.708, 724.609, 679.593, 573.133, 390.843, 996.941, 640.912, 594.788, 597.963, 458.886, 955.309, 510.023, 528.961, 837.293, 1055.39, 461.128, 585.247, 721.929, 500.368, 731.284, 549.939, 471.084, 424.131, 630.443, 654.762, 852.061, 492.8, 531.608, 531.335, 763.782, 801.516, 489.311, 469.777, 396.318, 493.724, 927.329, 472.002, 496.958, 399.1, 548.607, 353.894, 844.641, 611.785, 458.67, 571.078, 1283.83, 884.063, 482.132, 405.037, 976.575, 679.476, 664.925, 876.946, 689.17, 764.307, 932.341, 375.19, 398.779, 442.368, 640.084, 644.526, 425.443, 773.282, 390.262, 713.802, 910.474, 567.457];
HighestPossibleCritFunctionValue = 1.1;
