NumDevices = 16;
NumSlotes = 128;


GivenBandwidthOld = [0.0531069, 0.0681463, 0.0350694, 0.0320125, 0.0540765, 0.0445139, 0.0443767, 0.059804, 0.0659706, 0.0684475, 0.0564569, 0.0518444, 0.0493027, 0.051178, 0.0487553, 0.0500938];
GivenLatency = [19.4715, 13.9646, 29.2995, 28.4206, 15.5733, 21.8814, 23.2947, 16.428, 12.4183, 13.5849, 16.246, 15.9959, 18.6721, 18.9519, 16.2, 21.5759];
HighestPossibleCritFunctionValue = 1.1;
