NumDevices = 64;
NumSlotes = 512;


GivenBandwidthOld = [0.0143119, 0.0077278, 0.0111006, 0.00956089, 0.0199075, 0.0152622, 0.0168302, 0.00783587, 0.0148892, 0.00959175, 0.013565, 0.0168956, 0.0187798, 0.0121366, 0.0102557, 0.0095863, 0.0093919, 0.0171006, 0.014734, 0.0143807, 0.0144757, 0.0112641, 0.0087485, 0.0160835, 0.0196875, 0.0176644, 0.0156226, 0.0115097, 0.0104246, 0.0104205, 0.0166764, 0.00978355, 0.0120953, 0.014864, 0.0114191, 0.0130621, 0.0146189, 0.0170486, 0.0151734, 0.012418, 0.0143951, 0.0177785, 0.00901617, 0.0146975, 0.0139069, 0.0128037, 0.00901623, 0.0158429, 0.0144622, 0.00814259, 0.019963, 0.0113281, 0.00913909, 0.0181222, 0.00931435, 0.0138571, 0.0139444, 0.0186512, 0.0134004, 0.0131355, 0.0110728, 0.0177615, 0.0100237, 0.0108479];
GivenLatency = [192.788, 302.553, 215.196, 317.87, 155.679, 168.659, 169.186, 402.155, 184.016, 300.255, 202.706, 149.687, 119.417, 233.634, 290.309, 285.519, 264.149, 162.585, 205.157, 195.766, 168.007, 240.244, 294.151, 153.559, 138.783, 159.142, 148.133, 216.226, 261.424, 250.812, 196.755, 265.444, 186.777, 167.878, 252.155, 210.021, 178.116, 132.735, 157.953, 208.433, 199.613, 126.921, 257.746, 201.231, 210.795, 192.79, 351.023, 147.136, 167.433, 300.933, 138.732, 257.691, 330.471, 122.651, 243.165, 204.074, 219.109, 156.646, 185.969, 215.898, 234.705, 179.521, 298.248, 252.31];
HighestPossibleCritFunctionValue = 1.1;
