NumDevices = 64;
NumSlotes = 512;


GivenBandwidthOld = [0.0163911, 0.0110544, 0.0160835, 0.0104125, 0.00766741, 0.0111216, 0.0160646, 0.0133176, 0.0137047, 0.0096544, 0.0164166, 0.0087178, 0.0151404, 0.00963403, 0.0141977, 0.0160937, 0.012136, 0.015092, 0.0161954, 0.0113183, 0.0109, 0.011725, 0.0166282, 0.0152201, 0.00949389, 0.00886755, 0.0118276, 0.0116321, 0.0151899, 0.0116307, 0.0121112, 0.00773951, 0.0129129, 0.0118845, 0.00757252, 0.0162775, 0.0105264, 0.0128458, 0.0141131, 0.0130465, 0.00784687, 0.0172719, 0.0139956, 0.0096495, 0.0141878, 0.00853139, 0.012038, 0.00781196, 0.0106304, 0.0107483, 0.0112895, 0.00790316, 0.013406, 0.00955005, 0.0126326, 0.0108935, 0.0128841, 0.00850076, 0.0173407, 0.00962824, 0.0168629, 0.0095609, 0.0149771, 0.0143043];
GivenLatency = [55.8086, 90.6733, 56.743, 107.577, 121.298, 86.9439, 74.9262, 81.0375, 87.5006, 98.4618, 60.1386, 106.132, 64.6755, 95.4264, 65.2481, 71.796, 77.3229, 64.3732, 76.911, 105.094, 96.1086, 81.3879, 67.0456, 72.5995, 114.437, 105.428, 84.2374, 101.038, 70.6468, 91.6707, 87.8296, 130.291, 76.4455, 77.3383, 153.713, 63.9077, 94.4485, 91.6544, 70.2279, 95.0293, 127.463, 63.3599, 70.0495, 112.138, 77.5823, 126.734, 93.8151, 150.27, 111.18, 91.5779, 81.2684, 135.826, 88.6923, 128.631, 71.9718, 102.515, 80.1541, 109.592, 55.7608, 102.561, 56.3224, 118.215, 63.8865, 79.6463];
HighestPossibleCritFunctionValue = 1.1;
