NumDevices = 32;
NumSlotes = 256;


GivenBandwidthOld = [0.0327958, 0.0295938, 0.0326553, 0.0278104, 0.0202214, 0.0304941, 0.0249395, 0.0280315, 0.0151249, 0.0347031, 0.0251992, 0.0329009, 0.0158712, 0.0168815, 0.0179546, 0.0337332, 0.0243476, 0.0203333, 0.0315664, 0.0259809, 0.03036, 0.0311768, 0.0185648, 0.0282503, 0.0327531, 0.0307347, 0.0284304, 0.018922, 0.0328191, 0.0202473, 0.026612, 0.017692];
GivenLatency = [32.5839, 31.1278, 31.7843, 37.0201, 41.439, 33.7373, 44.0126, 29.9737, 64.6584, 27.9359, 37.9167, 25.9395, 56.0312, 54.3704, 52.6833, 25.2467, 41.2537, 52.1754, 30.4015, 40.3497, 30.7664, 31.335, 58.0626, 31.757, 30.3153, 31.8601, 35.4155, 58.1533, 29.4548, 52.5474, 31.5055, 61.8566];
HighestPossibleCritFunctionValue = 1.1;
