NumDevices = 128;
NumSlotes = 1024;


GivenBandwidthOld = [0.0064435, 0.00839598, 0.0037928, 0.00812994, 0.00747245, 0.00695062, 0.00661182, 0.00732031, 0.00490615, 0.00514389, 0.00581383, 0.00556515, 0.00595146, 0.00870008, 0.00475582, 0.00855784, 0.00416366, 0.00618343, 0.00743438, 0.0070592, 0.00643464, 0.00457456, 0.00710921, 0.00702036, 0.00863362, 0.00781584, 0.0083845, 0.00583081, 0.00595198, 0.00745779, 0.00554075, 0.00591338, 0.00866129, 0.0077221, 0.00776388, 0.00498474, 0.00605282, 0.00725269, 0.00845977, 0.00584507, 0.00555397, 0.00803814, 0.00457618, 0.00440043, 0.00546832, 0.00861857, 0.00481112, 0.00802657, 0.00512507, 0.00452751, 0.00642901, 0.0048481, 0.00449042, 0.00800317, 0.00676189, 0.00455783, 0.00587278, 0.00631846, 0.00685137, 0.00840974, 0.00507473, 0.00851848, 0.00760196, 0.00865542, 0.00422411, 0.00708498, 0.00476279, 0.00568251, 0.00846296, 0.00451616, 0.00553216, 0.00654629, 0.00605213, 0.00560361, 0.00735439, 0.0076593, 0.00735161, 0.00597129, 0.00696488, 0.00631187, 0.00606915, 0.00667627, 0.00551709, 0.00819435, 0.00502023, 0.00746775, 0.00791681, 0.00541203, 0.00753465, 0.00741393, 0.0084736, 0.00836662, 0.00521277, 0.00849464, 0.00687538, 0.00701545, 0.00617852, 0.00487197, 0.00573225, 0.00443343, 0.00508386, 0.00700227, 0.00463439, 0.00774558, 0.00741277, 0.00398227, 0.00745138, 0.007826, 0.00410059, 0.00605362, 0.00573068, 0.00797318, 0.00766055, 0.00841241, 0.00481687, 0.00466494, 0.00611012, 0.00536886, 0.00694147, 0.00781454, 0.00654177, 0.00504482, 0.00572419, 0.00392485, 0.00746635, 0.00443587, 0.00613622, 0.00400082];
GivenLatency = [194.68, 128.426, 328.044, 143.479, 161.35, 142.546, 144.622, 164.568, 194.713, 240.793, 205.075, 182.157, 177.095, 149.144, 229.261, 135.868, 258.958, 175.89, 131.274, 160.484, 154.891, 240.814, 141.018, 155.321, 115.843, 163.353, 117.656, 208.432, 175.11, 147.042, 177.87, 168.621, 135.36, 141.432, 156.353, 205.694, 167.921, 149.899, 122.418, 167.789, 188.935, 143.131, 250.484, 235.627, 174.337, 141.067, 205.637, 156.309, 206.72, 249.639, 158.799, 209.548, 220.541, 149.777, 169.841, 210.72, 214.078, 172.047, 140.767, 135.271, 202.073, 143.432, 154.165, 122.886, 302.4, 142.984, 247.698, 172.827, 144.855, 224.609, 203.835, 146.976, 200.298, 170.242, 129.879, 147.31, 144.696, 189.212, 145.508, 186.314, 165.014, 176.604, 230.764, 126.878, 195.222, 164.461, 163.715, 189.421, 129.364, 168.923, 132.946, 116.171, 208.738, 128.194, 186.59, 180.56, 193.164, 239.213, 167.203, 226.229, 240.643, 179.824, 213.857, 126.443, 129.538, 298.597, 152.81, 128.356, 315.503, 211.248, 185.565, 149.139, 137.105, 114.235, 227.638, 274.858, 159.102, 218.424, 158.669, 124.715, 151.681, 255.803, 188.047, 285.852, 151.887, 217.125, 205.118, 249.473];
HighestPossibleCritFunctionValue = 1.1;
