NumDevices = 32;
NumSlotes = 256;


GivenBandwidthOld = [0.0320162, 0.0257708, 0.0204556, 0.0266809, 0.0164627, 0.0185072, 0.0213434, 0.028286, 0.0325494, 0.0279579, 0.0184401, 0.0326944, 0.0244278, 0.028094, 0.0262641, 0.0303996, 0.0163373, 0.0304562, 0.0276778, 0.0315242, 0.0171015, 0.0152303, 0.0248589, 0.0342917, 0.0308186, 0.0180424, 0.0288672, 0.0207628, 0.0306981, 0.0334026, 0.0281171, 0.0339555];
GivenLatency = [33.3574, 38.0412, 51.9176, 37.2657, 69.4673, 52.2199, 51.9053, 30.7974, 29.9665, 35.202, 59.715, 26.0226, 40.4984, 40.8746, 41.5344, 35.1864, 71.1058, 28.4734, 39.1037, 34.3116, 60.5944, 56.1883, 36.8532, 24.3187, 28.7012, 50.3413, 36.6761, 56.1732, 32.5898, 28.4172, 34.6301, 33.0942];
HighestPossibleCritFunctionValue = 1.1;
