NumDevices = 16;
NumSlotes = 128;


GivenBandwidthOld = [0.0364305, 0.0681837, 0.0630607, 0.0420097, 0.0375958, 0.0529055, 0.0419243, 0.041257, 0.0666753, 0.0320294, 0.0589517, 0.0610796, 0.0647414, 0.0494159, 0.0337521, 0.0514543];
GivenLatency = [24.4516, 14.6341, 17.4458, 25.9375, 23.2761, 16.5243, 18.7578, 18.9779, 14.9306, 27.1152, 15.6131, 14.4633, 12.0189, 16.8022, 25.8853, 16.7425];
HighestPossibleCritFunctionValue = 1.1;
