NumDevices = 16;
NumSlotes = 128;


GivenBandwidthOld = [0.0158719, 0.0235034, 0.0119662, 0.0311905, 0.0337408, 0.021034, 0.0332945, 0.0205894, 0.0107043, 0.0225641, 0.024801, 0.0204128, 0.017886, 0.0251899, 0.0318045, 0.0275789];
GivenLatency = [22.1877, 13.616, 36.7391, 10.9517, 10.0531, 28.3159, 16.1192, 20.2445, 29.5354, 20.0736, 12.8946, 21.1841, 20.7423, 19.1621, 12.2511, 14.2696];
HighestPossibleCritFunctionValue = 1.1;
