NumDevices = 32;
NumSlotes = 256;


GivenBandwidthOld = [0.0170246, 0.0156409, 0.00955386, 0.0166564, 0.0140579, 0.0161125, 0.00987122, 0.0130455, 0.013226, 0.00902195, 0.0143489, 0.00620741, 0.0104069, 0.015605, 0.00520602, 0.00514599, 0.00860599, 0.010916, 0.0109798, 0.00784179, 0.0169245, 0.00744678, 0.0154944, 0.00904761, 0.00820301, 0.0130256, 0.0160972, 0.0162179, 0.00622002, 0.00994306, 0.0080629, 0.00823279];
GivenLatency = [21.4709, 24.713, 51.6774, 33.9651, 26.5407, 38.8482, 45.6765, 34.2878, 23.9706, 68.029, 32.5425, 55, 35.0801, 31.2277, 81.2607, 81.6508, 54.8475, 56.4181, 30.4106, 80.5664, 18.2953, 64.2451, 39.8265, 50.6147, 58.0746, 41.0288, 23.3734, 26.6722, 91.572, 58.568, 78.167, 48.3958];
HighestPossibleCritFunctionValue = 1.1;
