NumDevices = 16;
NumSlotes = 128;


GivenBandwidthOld = [0.0405184, 0.0530074, 0.0360629, 0.0486309, 0.0394994, 0.0458814, 0.0694356, 0.0635116, 0.0598658, 0.06426, 0.0375111, 0.0694407, 0.0300941, 0.051893, 0.065491, 0.0472286];
GivenLatency = [27.1907, 19.2393, 22.5959, 18.4348, 23.2217, 17.6481, 12.9912, 15.0686, 17.6405, 15.9582, 21.2775, 14.157, 34.458, 19.4436, 13.3722, 18.3136];
HighestPossibleCritFunctionValue = 1.1;
