NumDevices = 16;
NumSlotes = 128;


GivenBandwidthOld = [0.0309794, 0.0107443, 0.0195794, 0.0110373, 0.0180959, 0.0272549, 0.0137331, 0.0272921, 0.0132486, 0.0343845, 0.0161102, 0.0293728, 0.0337361, 0.0177668, 0.0212211, 0.027345];
GivenLatency = [11.397, 57.7749, 15.5777, 31.9201, 28.4283, 12.2172, 23.2832, 11.2179, 44.6107, 12.3269, 26.0869, 20.5468, 13.8779, 21.6439, 24.8014, 20.7772];
HighestPossibleCritFunctionValue = 1.1;
