NumDevices = 16;
NumSlotes = 128;


GivenBandwidthOld = [0.0581501, 0.0484438, 0.0645135, 0.0483972, 0.0323031, 0.0383924, 0.0305737, 0.0716322, 0.0426469, 0.0362751, 0.044957, 0.0627153, 0.0760275, 0.063884, 0.0691417, 0.0348695];
GivenLatency = [24.1968, 32.2547, 21.7864, 32.4564, 47.0717, 40.6176, 58.0917, 18.9414, 39.6934, 52.3688, 43.154, 27.8281, 20.2148, 29.971, 28.0443, 39.0686];
HighestPossibleCritFunctionValue = 1.1;
