NumDevices = 32;
NumSlotes = 256;


GivenBandwidthOld = [0.0149446, 0.00601917, 0.0091598, 0.00619462, 0.00799633, 0.0142501, 0.00917961, 0.0142534, 0.0143201, 0.0104513, 0.0127275, 0.00598953, 0.0109795, 0.0149628, 0.0126469, 0.0143539, 0.0159918, 0.00728493, 0.00779124, 0.0173489, 0.0158631, 0.00678934, 0.0159763, 0.00875898, 0.00718309, 0.00863748, 0.0150651, 0.00645086, 0.014561, 0.00892648, 0.00977381, 0.0134892];
GivenLatency = [35.2797, 57.8924, 62.8558, 75.4143, 68.8972, 44.8939, 43.1569, 24.172, 42.8267, 37.3082, 27.3654, 54.7232, 29.314, 26.4814, 40.4568, 33.0652, 22.1721, 41.9335, 49.6591, 17.8319, 32.4596, 60.9484, 24.9535, 69.0311, 69.8595, 66.4201, 22.1512, 50.3509, 27.5659, 37.6129, 32.2784, 28.4109];
HighestPossibleCritFunctionValue = 1.1;
