NumDevices = 16;
NumSlotes = 128;


GivenBandwidthOld = [0.048736, 0.0762775, 0.0658954, 0.0732083, 0.0314589, 0.0501671, 0.0786625, 0.0509606, 0.0640612, 0.0471351, 0.0695221, 0.0776178, 0.0418672, 0.0318012, 0.0527594, 0.0478911];
GivenLatency = [28.043, 18.511, 20.9738, 19.1818, 58.6551, 32.1067, 21.7069, 27.7849, 23.9736, 33.1291, 24.8954, 20.1833, 35.3926, 49.9492, 34.7964, 29.5216];
HighestPossibleCritFunctionValue = 1.1;
