NumDevices = 16;
NumSlotes = 128;


GivenBandwidthOld = [0.0624328, 0.0787702, 0.0615007, 0.0620867, 0.0611834, 0.0301335, 0.0745315, 0.0706456, 0.0603971, 0.0641194, 0.0755079, 0.0321103, 0.0478243, 0.0531289, 0.0575966, 0.0468505];
GivenLatency = [30.2339, 18.2901, 21.7553, 27.6049, 29.6012, 45.7175, 19.7465, 23.6408, 27.6981, 21.4441, 20.6364, 54.5056, 29.5579, 31.4447, 30.4387, 33.2573];
HighestPossibleCritFunctionValue = 1.1;
