NumDevices = 64;
NumSlotes = 512;


GivenBandwidthOld = [0.005949, 0.00734898, 0.00554548, 0.0065572, 0.00434932, 0.00285257, 0.00316216, 0.00644795, 0.00562261, 0.00290742, 0.00619357, 0.00530444, 0.00541755, 0.00651303, 0.00577099, 0.00300753, 0.00753636, 0.00482912, 0.00420239, 0.00833841, 0.00360527, 0.00375503, 0.00832329, 0.00581739, 0.00784369, 0.00765897, 0.00298901, 0.0087119, 0.00591413, 0.00870626, 0.00487251, 0.00853538, 0.00794102, 0.0059013, 0.00564575, 0.00430435, 0.00323696, 0.00740497, 0.00279634, 0.00812059, 0.00524665, 0.00291997, 0.00464347, 0.00281738, 0.0054256, 0.00427324, 0.0052868, 0.00268903, 0.00452259, 0.0087056, 0.00621, 0.00654871, 0.00543264, 0.00380095, 0.005134, 0.00340937, 0.004971, 0.00762382, 0.00606071, 0.00360226, 0.00321796, 0.00683025, 0.00598798, 0.00619651];
GivenLatency = [77.9516, 78.7531, 101.132, 75.5795, 83.0887, 158.668, 196.299, 94.9902, 91.9108, 117.998, 63.1313, 83.786, 66.3172, 61.9992, 86.7956, 152.206, 72.5213, 70.8416, 73.5384, 74.032, 138.958, 159.642, 68.6304, 96.7797, 81.2284, 83.5753, 210.968, 65.0846, 53.2788, 40.8735, 119.401, 58.0599, 43.5815, 60.933, 110.627, 72.192, 108.916, 41.8645, 197.639, 52.2176, 61.3296, 130.931, 97.1911, 175.858, 119.557, 143.731, 80.4395, 156.333, 87.1839, 49.0082, 71.695, 73.2927, 62.7801, 138.541, 88.361, 152.308, 65.4742, 51.2029, 83.219, 108.465, 97.0462, 53.5576, 52.9572, 50.7127];
HighestPossibleCritFunctionValue = 1.1;
