NumDevices = 128;
NumSlotes = 1024;


GivenBandwidthOld = [0.00584353, 0.00476906, 0.00601057, 0.00716957, 0.00650279, 0.0048726, 0.00630411, 0.00567765, 0.00675308, 0.00660047, 0.00661869, 0.00781447, 0.00528036, 0.00444181, 0.00603638, 0.00598984, 0.00870686, 0.00868901, 0.0087202, 0.00798008, 0.00863717, 0.00743356, 0.00840488, 0.00837487, 0.00397116, 0.0058633, 0.00699577, 0.0053944, 0.00619094, 0.00866189, 0.00795989, 0.00431761, 0.00864078, 0.00817014, 0.00806746, 0.00725579, 0.00561321, 0.00867307, 0.00585606, 0.00537376, 0.00422052, 0.00681587, 0.0068523, 0.00410748, 0.0069933, 0.00389347, 0.00510407, 0.00654186, 0.00661209, 0.00682395, 0.00766865, 0.00444852, 0.008739, 0.00380808, 0.00492044, 0.00528926, 0.00406282, 0.0062781, 0.00851717, 0.00553641, 0.0079886, 0.00691279, 0.00578279, 0.00380514, 0.00543697, 0.00657768, 0.00851639, 0.00743499, 0.00741587, 0.00604738, 0.00587545, 0.00612204, 0.00556946, 0.00841969, 0.0071917, 0.00845866, 0.00716114, 0.00473464, 0.00767444, 0.00682299, 0.00651072, 0.00810801, 0.00377106, 0.00767822, 0.00532044, 0.00810112, 0.00810041, 0.00612689, 0.0071225, 0.0053181, 0.00377452, 0.00584184, 0.00627747, 0.00795435, 0.00621833, 0.00404353, 0.00705549, 0.00414465, 0.0066341, 0.00690591, 0.00520688, 0.00451873, 0.00384145, 0.0057545, 0.0083379, 0.00765089, 0.00604592, 0.00634103, 0.00620225, 0.00378123, 0.00864013, 0.00714517, 0.00644299, 0.00481644, 0.00746562, 0.00712957, 0.00414508, 0.00385812, 0.00588819, 0.00536545, 0.00464325, 0.00664843, 0.00774705, 0.00716523, 0.00854483, 0.00540389, 0.00559824, 0.00704235];
GivenLatency = [167.242, 199.824, 161.349, 135.339, 165.084, 217.659, 158.914, 206.779, 159.46, 179.708, 172.771, 145.561, 197.786, 279.128, 186.412, 194.119, 132.376, 117.005, 132.093, 137.621, 145.536, 143.741, 143.451, 133.458, 242.851, 198.21, 137.507, 240.296, 186.879, 127.622, 160.217, 230.522, 113.513, 142.694, 130.421, 149.653, 174.709, 125.952, 213.812, 211.48, 284.881, 188.01, 178.346, 246.086, 147.266, 284.239, 206.451, 167.109, 190.89, 169.163, 152.88, 291.757, 147.134, 273.051, 255.312, 242.812, 274.97, 205.572, 112.173, 214.666, 143.449, 163.374, 170.146, 264.767, 206.724, 188.815, 134.371, 130.073, 148.428, 202.622, 197.509, 190.252, 206.688, 126.953, 171.09, 124.336, 171.971, 206.163, 127.3, 148.559, 165.394, 125.791, 273.458, 161.355, 224.242, 141.494, 127.885, 188.139, 136.687, 213.016, 327.634, 173.839, 197.296, 121.796, 199.737, 244.389, 140.092, 303.681, 156.368, 143.638, 192.503, 224.295, 285.456, 174.993, 121.601, 127.868, 167.951, 179.86, 195.982, 282.701, 121.184, 137.66, 177.501, 216.379, 145.863, 165.87, 282.36, 299.205, 167.477, 204.92, 246.401, 169.927, 163.066, 137.786, 120.731, 205.889, 231.428, 137.097];
HighestPossibleCritFunctionValue = 1.1;
