NumDevices = 32;
NumSlotes = 256;


GivenBandwidthOld = [0.0362329, 0.0266811, 0.0398067, 0.015658, 0.0238294, 0.0357279, 0.0380069, 0.0176494, 0.0191933, 0.016222, 0.0274031, 0.0243277, 0.0351967, 0.0364329, 0.0379007, 0.0320819, 0.0352306, 0.0315258, 0.0390989, 0.0194343, 0.016864, 0.0189745, 0.0150509, 0.0204192, 0.0209174, 0.0183639, 0.0274254, 0.0242614, 0.021956, 0.0239105, 0.0239794, 0.0324218];
GivenLatency = [59.4641, 80.4197, 48.545, 157.402, 76.3376, 56.7393, 57.2038, 138.874, 110.636, 124.592, 80.7422, 84.9975, 47.4027, 67.0136, 55.0048, 52.7808, 52.3373, 74.7086, 44.1824, 87.267, 107.383, 130.704, 138.619, 95.9697, 111.597, 92.0408, 86.2762, 88.4793, 99.0804, 80.9263, 95.2835, 66.9851];
HighestPossibleCritFunctionValue = 1.1;
