NumDevices = 16;
NumSlotes = 128;


GivenBandwidthOld = [0.0799435, 0.0301926, 0.0671847, 0.0436589, 0.0458548, 0.0513444, 0.0650431, 0.0500807, 0.0758473, 0.0361173, 0.0436179, 0.056226, 0.0610275, 0.0586923, 0.0621236, 0.0313172];
GivenLatency = [18.1938, 51.8064, 19.9936, 39.8463, 32.8584, 27.0714, 23.2408, 38.5774, 21.966, 45.8462, 36.3204, 35.5515, 29.7584, 31.0764, 24.8453, 60.7963];
HighestPossibleCritFunctionValue = 1.1;
