NumDevices = 64;
NumSlotes = 512;


GivenBandwidthOld = [0.00948287, 0.00862447, 0.018924, 0.00997853, 0.0141456, 0.0132755, 0.0138289, 0.0142491, 0.0144372, 0.0132216, 0.00762267, 0.0191727, 0.0150714, 0.0101269, 0.00854463, 0.0145278, 0.0111493, 0.016241, 0.0173949, 0.0106873, 0.0139179, 0.0108408, 0.0184657, 0.0086994, 0.0158453, 0.016231, 0.0114946, 0.0196672, 0.013365, 0.0187528, 0.00833957, 0.0181762, 0.017574, 0.00866069, 0.0152566, 0.0100742, 0.00978236, 0.0171969, 0.00832607, 0.0162775, 0.0190679, 0.0172369, 0.0187913, 0.0179128, 0.015847, 0.00776563, 0.00945794, 0.0145717, 0.011557, 0.0177885, 0.014077, 0.00914567, 0.0163439, 0.00893189, 0.0106966, 0.00775639, 0.0166103, 0.0114862, 0.0156703, 0.0134243, 0.0148302, 0.0182795, 0.0154074, 0.0199648];
GivenLatency = [266.12, 271.356, 171.313, 241.574, 173.846, 250.816, 180.949, 211.929, 229.909, 184.585, 395.762, 149.933, 149.407, 296.806, 305.762, 167.215, 233.033, 171.203, 175.17, 311.778, 172.603, 303.622, 164.798, 283.761, 156.844, 141.783, 195.806, 120.53, 202.132, 128.003, 277.75, 132.35, 188.197, 273.294, 167.869, 290.373, 234.602, 132.821, 285.772, 199.317, 137.605, 175.215, 140.137, 125.736, 148.599, 352.403, 304.559, 198.195, 198.766, 132.265, 174.198, 277.319, 145.912, 314.94, 234.834, 291.51, 140.708, 234.295, 199.994, 211.353, 223.891, 148.964, 175.128, 144.977];
HighestPossibleCritFunctionValue = 1.1;
