NumDevices = 16;
NumSlotes = 128;


GivenBandwidthOld = [0.0598648, 0.0480365, 0.0501993, 0.0400562, 0.0450627, 0.0680312, 0.0606145, 0.0475027, 0.0385179, 0.0309501, 0.0391207, 0.0424181, 0.0604367, 0.0588139, 0.0656395, 0.062797];
GivenLatency = [15.3862, 21.1271, 15.6158, 22.3398, 22.6853, 11.8462, 12.7597, 22.3584, 22.5287, 35.2199, 25.7188, 22.9257, 14.9688, 15.0223, 15.8314, 17.4033];
HighestPossibleCritFunctionValue = 1.1;
