NumDevices = 32;
NumSlotes = 256;


GivenBandwidthOld = [0.0236115, 0.0287545, 0.0274091, 0.0152981, 0.0249783, 0.0199322, 0.0304342, 0.0173696, 0.0205708, 0.0237034, 0.0332592, 0.0179479, 0.0196694, 0.0331619, 0.021686, 0.0269487, 0.0164326, 0.0334907, 0.0288267, 0.0205217, 0.0186427, 0.0180798, 0.0164068, 0.0183989, 0.0206782, 0.0285086, 0.0343397, 0.0170843, 0.0252237, 0.024227, 0.0337415, 0.0226612];
GivenLatency = [48.7285, 35.0787, 39.1457, 72.5947, 39.5126, 47.5056, 34.116, 67.5893, 41.1353, 38.7724, 32.1881, 55.351, 49.7198, 31.4278, 47.3478, 38.2317, 69.2309, 25.1542, 31.8059, 48.3225, 47.2553, 57.5554, 71.2583, 49.4495, 42.6679, 37.6423, 27.8099, 54.7863, 40.9318, 38.0606, 33.7871, 38.4047];
HighestPossibleCritFunctionValue = 1.1;
