NumDevices = 64;
NumSlotes = 512;


GivenBandwidthOld = [0.0139835, 0.0128452, 0.0196857, 0.0125596, 0.0190109, 0.00952237, 0.0100602, 0.0121246, 0.00850723, 0.0110509, 0.0120612, 0.0168005, 0.00840922, 0.0137646, 0.00909479, 0.0111353, 0.0180252, 0.0175609, 0.0137526, 0.00794712, 0.00976931, 0.010348, 0.0118916, 0.0164729, 0.0151855, 0.0156507, 0.009072, 0.0156586, 0.0173138, 0.0103289, 0.0151327, 0.0151961, 0.0183386, 0.0101296, 0.0149924, 0.00774644, 0.0119953, 0.00975929, 0.0169015, 0.0181542, 0.0109036, 0.0113286, 0.0180383, 0.0114526, 0.0142361, 0.00845587, 0.0102509, 0.016668, 0.0191574, 0.00823345, 0.00953345, 0.00868615, 0.0181485, 0.0137191, 0.00762327, 0.0167246, 0.0197738, 0.0187676, 0.0190747, 0.0182888, 0.00911725, 0.0135819, 0.0132798, 0.0110173];
GivenLatency = [209.673, 190.653, 141.692, 179.671, 120.201, 247.561, 266.699, 189.508, 319.838, 243.753, 270.92, 187.133, 393.373, 169.708, 359.337, 298.191, 142.935, 182.839, 187.487, 377.853, 266.793, 276.03, 187.519, 154.723, 168.912, 157.835, 253.826, 167.226, 140.244, 220.783, 162.609, 205.956, 131.387, 239.492, 157.997, 296.501, 260.852, 317.055, 162.564, 170.776, 252.451, 241.746, 176.521, 279.528, 229.03, 265.815, 259.649, 136.034, 116.124, 363.844, 270.175, 318.7, 164.623, 219.421, 346.268, 141.88, 131.133, 154.448, 154.242, 141.66, 330.919, 192.42, 208.352, 210.204];
HighestPossibleCritFunctionValue = 1.1;
