NumDevices = 128;
NumSlotes = 1024;


GivenBandwidthOld = [0.00977304, 0.00795399, 0.00392694, 0.00890757, 0.00577814, 0.00949494, 0.00895245, 0.00378861, 0.0089239, 0.005175, 0.00376513, 0.00810407, 0.00753798, 0.00586934, 0.00479371, 0.00792818, 0.00769597, 0.00488524, 0.00872395, 0.00720354, 0.00985824, 0.00870514, 0.00981107, 0.00963665, 0.0093776, 0.00559083, 0.00514582, 0.00705149, 0.00441504, 0.00611866, 0.00765351, 0.00386264, 0.00936195, 0.00502661, 0.00966497, 0.00412894, 0.00392326, 0.00946279, 0.0060551, 0.0080979, 0.00387298, 0.0081206, 0.00421551, 0.00887421, 0.00764631, 0.00771832, 0.00551139, 0.00746688, 0.00463949, 0.00964084, 0.00479658, 0.00614243, 0.0070956, 0.00827756, 0.00462854, 0.00686002, 0.00518863, 0.00772527, 0.00991353, 0.0066536, 0.00452938, 0.00909543, 0.00696324, 0.00867915, 0.0042198, 0.00585309, 0.0065733, 0.00500388, 0.00894187, 0.00735039, 0.00918367, 0.00875602, 0.0086331, 0.0052089, 0.00470042, 0.00864979, 0.00452069, 0.00668055, 0.00755877, 0.0052121, 0.0085385, 0.00906554, 0.0045074, 0.00835369, 0.00918288, 0.0078898, 0.00639373, 0.00563192, 0.00818917, 0.00670317, 0.00644281, 0.00557678, 0.00644497, 0.004341, 0.005368, 0.00993939, 0.00375271, 0.00563086, 0.00916999, 0.00377053, 0.00497917, 0.00610101, 0.00463997, 0.00518038, 0.00659523, 0.00476459, 0.00596049, 0.0055126, 0.00896571, 0.00785397, 0.00423322, 0.00646696, 0.00525722, 0.00436892, 0.00600489, 0.00786016, 0.00823163, 0.00772548, 0.00712215, 0.00441851, 0.00818886, 0.00768842, 0.00929484, 0.00834907, 0.00661779, 0.00890018, 0.00664185, 0.00707009];
GivenLatency = [484.459, 426.255, 867.305, 489.983, 598.198, 383.678, 528.997, 1257.13, 488.544, 720.232, 951.885, 429.631, 522.774, 766.18, 1020.82, 550.876, 534.551, 885.973, 460.438, 582.187, 366.834, 519.96, 378.249, 438.654, 414.445, 700.882, 869.847, 565.778, 993.042, 709.865, 581.823, 1184.11, 455.381, 684.309, 500.743, 921.03, 1039.84, 491.687, 577.993, 470.743, 1084.52, 467.064, 990.808, 495.831, 468.745, 557.58, 712.829, 597.697, 1029.18, 350.663, 732.609, 676.29, 650.63, 484.724, 903.605, 621.545, 703.772, 569.033, 497.026, 713.286, 846.342, 441.842, 561.208, 446.402, 864.225, 737.714, 510.306, 836.922, 416.874, 536.493, 480.1, 548.619, 464.224, 677.725, 969.917, 478.494, 832.374, 742.277, 613.117, 721.288, 514.685, 478.142, 757.24, 496.852, 446.106, 534.757, 701.63, 807.339, 421.481, 571.711, 647.287, 807.817, 683.29, 787.792, 868.611, 383.086, 1237.69, 778.545, 495.189, 998.155, 968.343, 757.074, 915.405, 729.053, 754.769, 867.807, 753.149, 801.943, 533.158, 612.609, 945.105, 570.294, 842.076, 782.237, 609.36, 497.11, 459.663, 488.81, 532.542, 952.894, 593.553, 499.897, 467.763, 473.828, 594.364, 508.093, 693.716, 705.821];
HighestPossibleCritFunctionValue = 1.1;
