NumDevices = 128;
NumSlotes = 1024;


GivenBandwidthOld = [0.00409241, 0.00177646, 0.00254532, 0.00294907, 0.00126296, 0.00350956, 0.00258935, 0.00229885, 0.00419272, 0.00333611, 0.00308054, 0.00145649, 0.00294467, 0.00232921, 0.00203441, 0.0036369, 0.0022901, 0.0040427, 0.00376766, 0.00310231, 0.00181741, 0.00337283, 0.00158948, 0.00378389, 0.00389907, 0.00228171, 0.00370757, 0.00256681, 0.00155092, 0.00262338, 0.00240724, 0.00416571, 0.00250161, 0.00264486, 0.00403622, 0.00423167, 0.00161024, 0.00260301, 0.00381872, 0.00182548, 0.00145862, 0.00432728, 0.00227179, 0.00260579, 0.00365027, 0.00191734, 0.00158314, 0.00352551, 0.00202479, 0.00431742, 0.00231911, 0.004225, 0.00201811, 0.00155772, 0.00125105, 0.00319212, 0.00179138, 0.00330373, 0.00270268, 0.00392089, 0.00340813, 0.00413958, 0.00398639, 0.00420814, 0.00314106, 0.00303502, 0.0021101, 0.00375942, 0.00202537, 0.00157016, 0.00398959, 0.00172718, 0.00252188, 0.00279103, 0.0013791, 0.00225256, 0.00432249, 0.00315366, 0.00232129, 0.00336598, 0.00200247, 0.00434357, 0.00433977, 0.00288138, 0.00429073, 0.00370062, 0.00135862, 0.00175491, 0.00289412, 0.00274865, 0.00159544, 0.00385847, 0.00432933, 0.00245955, 0.00208868, 0.00315161, 0.00226338, 0.00180221, 0.00409068, 0.00391488, 0.00243715, 0.00373597, 0.00165022, 0.00274584, 0.0042687, 0.00209401, 0.00220555, 0.00185493, 0.00261191, 0.00341796, 0.00372772, 0.00370864, 0.00178615, 0.0029375, 0.00369314, 0.00373514, 0.00336781, 0.00154342, 0.00145869, 0.00242615, 0.00315447, 0.00337432, 0.00149793, 0.00255899, 0.00138515, 0.00402439, 0.00224134, 0.00329069];
GivenLatency = [119.802, 198.947, 184.832, 150.613, 507.826, 94.2293, 127.33, 167.236, 89.0338, 141.378, 133.464, 328.237, 128.449, 139.528, 197.354, 108.149, 212.534, 85.4606, 173.293, 186.095, 308.991, 124.095, 255.819, 86.9999, 136.573, 174.012, 151.908, 167.98, 215.047, 209.376, 233.72, 147.678, 140.598, 209.174, 94.7087, 105.765, 304.55, 134.572, 147.009, 306.523, 276.021, 72.2205, 245.929, 129.623, 91.2858, 208.062, 265.553, 88.9633, 205.288, 95.733, 260.796, 97.4533, 158.318, 332.4, 297.714, 107.614, 256.027, 145.814, 129.145, 90.9413, 148.627, 91.2814, 159.945, 74.6382, 184.848, 109.607, 307.963, 100.431, 240.074, 311.673, 113.036, 247.923, 169.457, 156.898, 459.292, 151.235, 114.359, 194.843, 164.808, 113.654, 227.365, 83.3047, 86.8738, 216.554, 90.3926, 109.939, 322.669, 283.631, 138.81, 188.196, 279.328, 145.564, 89.5365, 266.643, 309.904, 184.397, 241.259, 271.611, 131.936, 83.2375, 269.128, 156.827, 252.178, 151.645, 96.0895, 194.178, 209.38, 317.63, 167.997, 98.4415, 113.815, 121.283, 272.568, 141.406, 86.5142, 98.6314, 154.692, 278.953, 219.977, 219.679, 177.79, 106.14, 273.102, 165.107, 258.601, 101.906, 166.44, 184.362];
HighestPossibleCritFunctionValue = 1.1;
