NumDevices = 32;
NumSlotes = 256;


GivenBandwidthOld = [0.0252263, 0.0278172, 0.0344986, 0.0274, 0.0213878, 0.0154518, 0.027908, 0.0203998, 0.0299855, 0.0167962, 0.0230988, 0.0312832, 0.0265492, 0.023055, 0.0347068, 0.0270795, 0.0348382, 0.0151359, 0.0183606, 0.0167047, 0.0251942, 0.029192, 0.0192583, 0.0237006, 0.0262196, 0.023226, 0.0294409, 0.022409, 0.0174823, 0.0346552, 0.0194714, 0.0249965];
GivenLatency = [38.2118, 36.7407, 32.2708, 40.5043, 47.8277, 61.8861, 29.918, 53.8288, 36.8939, 55.3397, 43.1226, 37.116, 43.3834, 43.0886, 25.5456, 34.5119, 31.6776, 64.2836, 59.7148, 51.9741, 43.201, 37.1264, 53.7434, 35.9431, 33.0692, 43.3094, 37.4181, 45.6694, 50.4387, 25.0296, 49.6341, 40.6158];
HighestPossibleCritFunctionValue = 1.1;
