NumDevices = 128;
NumSlotes = 1024;


GivenBandwidthOld = [0.00474029, 0.0075291, 0.00403075, 0.00734308, 0.0076689, 0.00375643, 0.00674141, 0.0054236, 0.0070058, 0.00402358, 0.00686254, 0.00628143, 0.0044176, 0.00405356, 0.00567278, 0.00487881, 0.00573355, 0.00621542, 0.00513662, 0.00873276, 0.00404231, 0.00654622, 0.004767, 0.00644111, 0.00818245, 0.00501439, 0.00430739, 0.0067781, 0.00700368, 0.00833103, 0.00720283, 0.00542929, 0.00755845, 0.00742898, 0.00635557, 0.00555434, 0.00424903, 0.00599179, 0.00645004, 0.00833327, 0.00470667, 0.007537, 0.00692833, 0.0069814, 0.00396574, 0.00469083, 0.00634426, 0.00553205, 0.00463736, 0.00767022, 0.00590947, 0.00800071, 0.00540242, 0.00601647, 0.00631895, 0.00507179, 0.00412552, 0.0051249, 0.00668455, 0.00466978, 0.00743678, 0.00753675, 0.00764034, 0.00874266, 0.00536576, 0.00487005, 0.00850256, 0.00498345, 0.00436259, 0.0044805, 0.00620168, 0.00410995, 0.00844919, 0.00798038, 0.00871547, 0.00835816, 0.0080303, 0.00768597, 0.0056485, 0.00691053, 0.00783589, 0.00534324, 0.0062498, 0.00784128, 0.00595291, 0.00801896, 0.00712492, 0.0059755, 0.00771859, 0.00382024, 0.00431405, 0.00379516, 0.00776937, 0.00729642, 0.00834477, 0.00802574, 0.00612655, 0.00643582, 0.00430354, 0.00716939, 0.00836273, 0.00493893, 0.00611477, 0.00836497, 0.00754593, 0.00689053, 0.00661299, 0.00710709, 0.00637289, 0.00663157, 0.00425036, 0.00835012, 0.00794552, 0.00783969, 0.0041103, 0.00431701, 0.00843704, 0.00380578, 0.00629457, 0.00526655, 0.00733592, 0.00734951, 0.00573201, 0.00531617, 0.00634197, 0.0069324, 0.00526624, 0.00722116];
GivenLatency = [204.081, 158.267, 236.968, 143.308, 149.885, 312.784, 192.467, 184.157, 168.384, 238.83, 146.288, 192.7, 248.193, 294.071, 175.747, 263.689, 177.09, 202.935, 212.688, 122.608, 239.959, 194.764, 238.323, 161.757, 141.773, 245.089, 258.807, 171.631, 170.927, 114.343, 138.857, 227.011, 157.016, 166.642, 194.628, 193.284, 250.144, 196.177, 188.246, 120.905, 206.917, 167.032, 161.142, 172.05, 253.159, 217.91, 186.726, 227.459, 237.134, 124.748, 169.512, 148.194, 187.782, 202.847, 168.809, 200.812, 235.889, 192.98, 184.796, 260.722, 174.194, 163.927, 156.491, 112.66, 229.948, 228.653, 116.691, 218.303, 237.696, 223.56, 195.717, 238.678, 151.794, 130.217, 119.579, 114.919, 135.249, 134.326, 192.458, 166.895, 132.88, 195.262, 164.225, 143.285, 178.7, 133.991, 147.605, 181.75, 124.943, 266.354, 269.006, 264.468, 136.348, 148.145, 125.044, 135.912, 193.012, 150.221, 277.585, 141.602, 115.533, 237.677, 210.605, 147.381, 158.803, 138.338, 169.09, 173.549, 151.462, 158.874, 236.183, 120.689, 149.161, 125.069, 266.048, 264.632, 121.281, 255.238, 194.428, 223.769, 146.462, 151.852, 177.465, 186.726, 187.906, 165.45, 208.742, 157.341];
HighestPossibleCritFunctionValue = 1.1;
