NumDevices = 64;
NumSlotes = 512;


GivenBandwidthOld = [0.0151485, 0.0190022, 0.0125598, 0.00991669, 0.0123351, 0.00866124, 0.0119627, 0.0113302, 0.0188778, 0.00911396, 0.00826785, 0.0127314, 0.0195619, 0.0198176, 0.0166623, 0.0104827, 0.012047, 0.0157514, 0.0136075, 0.0188132, 0.01031, 0.0100047, 0.0162081, 0.0144259, 0.0108812, 0.00962035, 0.0192298, 0.0124133, 0.00997306, 0.00980447, 0.0137065, 0.00815877, 0.0169816, 0.0149808, 0.0127509, 0.00919614, 0.0145357, 0.0196346, 0.0158807, 0.0114844, 0.0103067, 0.0178445, 0.0181419, 0.0162951, 0.0149948, 0.00995754, 0.0113765, 0.0106092, 0.013404, 0.0107765, 0.012552, 0.0162994, 0.0110975, 0.019907, 0.00767375, 0.0152908, 0.0104155, 0.00772125, 0.0134784, 0.0107379, 0.0149357, 0.0165503, 0.0163415, 0.0195238];
GivenLatency = [164.349, 170.127, 216.821, 232.679, 204.849, 277.528, 215.527, 198.316, 121.713, 339.226, 356.615, 253.694, 132.065, 157.496, 144.951, 217.598, 208.823, 194.01, 208.39, 150.058, 241.386, 278.58, 146.372, 160.103, 204.648, 333.297, 149.83, 186.952, 239.776, 232.661, 230.295, 307.106, 167.379, 197.646, 253.978, 250.111, 172.134, 156.571, 183.874, 224.544, 316.817, 132.575, 166.668, 163.763, 148.948, 252.141, 221.923, 224.499, 176.759, 241.424, 195.245, 138.231, 244.343, 139.31, 317.699, 170.456, 227.102, 350.408, 231.402, 217.367, 160.093, 142.107, 152.792, 151.91];
HighestPossibleCritFunctionValue = 1.1;
