NumDevices = 64;
NumSlotes = 512;


GivenBandwidthOld = [0.0080116, 0.0184569, 0.0105286, 0.00955568, 0.0198698, 0.00753449, 0.0121367, 0.0108097, 0.00831748, 0.00930364, 0.00879681, 0.0154948, 0.0139541, 0.0196465, 0.0164003, 0.0194428, 0.0181568, 0.0168408, 0.0108508, 0.012582, 0.00878294, 0.01984, 0.0190729, 0.0131634, 0.0172189, 0.0156306, 0.00895887, 0.0142075, 0.0154855, 0.019303, 0.0178219, 0.0132122, 0.0123888, 0.0118598, 0.0195671, 0.0190706, 0.0127267, 0.0157427, 0.0168974, 0.0124075, 0.0132372, 0.0198586, 0.0180229, 0.0153657, 0.0182354, 0.012198, 0.0170333, 0.00907947, 0.0161355, 0.0192675, 0.00932738, 0.00777152, 0.00838745, 0.0104154, 0.0189674, 0.0144805, 0.0158202, 0.00845142, 0.0105793, 0.0113429, 0.0198882, 0.0158585, 0.0140021, 0.0136154];
GivenLatency = [327.207, 158.511, 276.429, 281.889, 122.042, 323.624, 269.971, 237.805, 283.659, 250.234, 341.65, 179.689, 237.801, 151.117, 142.106, 126.766, 138.686, 164.981, 243.014, 199.929, 329.392, 115.808, 157.51, 171.032, 154.178, 151.795, 310.834, 213.404, 169.859, 123.358, 126.625, 186.085, 210.193, 193.656, 128.327, 131.021, 179.207, 153.971, 158.172, 197.552, 215.718, 115.885, 176.111, 200.904, 174.105, 203.097, 136.414, 298.519, 156.582, 156.876, 289.928, 378.8, 354.254, 230.806, 131.538, 162.205, 157.117, 275.369, 269.279, 242.054, 124.845, 172.292, 216.806, 236.93];
HighestPossibleCritFunctionValue = 1.1;
