NumDevices = 16;
NumSlotes = 128;


GivenBandwidthOld = [0.0715521, 0.0466014, 0.049399, 0.0690007, 0.064501, 0.0380158, 0.0518663, 0.0361659, 0.0605124, 0.0522466, 0.0788633, 0.0752421, 0.0646164, 0.0781004, 0.0528224, 0.0561888];
GivenLatency = [26.4437, 30.1588, 38.2738, 24.0663, 26.1821, 36.6323, 26.4446, 38.4555, 27.6031, 33.2361, 22.605, 23.0644, 21.1088, 21.7393, 36.0699, 25.9752];
HighestPossibleCritFunctionValue = 1.1;
