NumDevices = 128;
NumSlotes = 1024;


GivenBandwidthOld = [0.00814301, 0.00699647, 0.00720083, 0.00686356, 0.00829266, 0.00732315, 0.00766978, 0.00842652, 0.00709071, 0.00604177, 0.00645234, 0.00690791, 0.00381456, 0.00382707, 0.00399181, 0.007805, 0.00609811, 0.00843045, 0.00815509, 0.00505362, 0.00865634, 0.00462726, 0.0079212, 0.00415345, 0.00459365, 0.00799059, 0.00528036, 0.00451178, 0.00698421, 0.00610142, 0.00403904, 0.00662811, 0.00621533, 0.00855894, 0.00768774, 0.00534343, 0.00455937, 0.00688344, 0.00755353, 0.0046935, 0.00607044, 0.00834142, 0.00671067, 0.00873739, 0.00678167, 0.00705353, 0.00621039, 0.00549475, 0.00781551, 0.00770698, 0.00871547, 0.00840508, 0.00659934, 0.00753988, 0.00525605, 0.00585012, 0.00549621, 0.00737571, 0.00604377, 0.00522324, 0.00443682, 0.00711391, 0.00602607, 0.00761275, 0.00497839, 0.00432274, 0.00486671, 0.00733572, 0.00392, 0.00587324, 0.00406398, 0.00585416, 0.00832896, 0.00735079, 0.00727033, 0.00493989, 0.00730075, 0.00626845, 0.00635894, 0.00728111, 0.00618354, 0.00426391, 0.00599024, 0.00551279, 0.00592265, 0.00444247, 0.00701455, 0.00601833, 0.00762638, 0.00410881, 0.00431563, 0.00531513, 0.003826, 0.00615489, 0.0076628, 0.0061204, 0.00808779, 0.00399965, 0.00455124, 0.00521242, 0.00762834, 0.00706859, 0.00426817, 0.00767889, 0.00652533, 0.00377934, 0.00690612, 0.00864101, 0.00698479, 0.00590078, 0.00684588, 0.00627401, 0.00475226, 0.00375307, 0.00539015, 0.00467217, 0.00767704, 0.00551671, 0.00685507, 0.00572721, 0.00471282, 0.00589646, 0.0042774, 0.00778332, 0.00674525, 0.00484159, 0.00507085, 0.00831398];
GivenLatency = [140.152, 172.358, 134.814, 143.625, 130.648, 175.774, 153.742, 144.85, 177.861, 163.38, 151.388, 140.617, 339.439, 256.445, 277.744, 134.109, 190.005, 118.265, 124.033, 231.087, 116.925, 226.651, 146.723, 280.478, 236.988, 144.173, 200.096, 238.251, 174.252, 194.411, 296.762, 162.69, 171.652, 135.098, 150.145, 232.123, 284.723, 168.181, 131.611, 238.741, 197.187, 136.161, 178.477, 120.923, 143.289, 160.129, 156.268, 226.831, 159.87, 155.732, 133.049, 117.625, 179.304, 159.967, 218.933, 182.325, 193.156, 160.606, 175.749, 203.002, 247.727, 149.385, 182.855, 165.85, 221.517, 248.173, 197.739, 137.487, 261.606, 181.738, 235.213, 170.71, 114.371, 158.43, 146.956, 199.228, 152.616, 201.838, 171.913, 173.643, 203.828, 271.427, 193.671, 211.866, 204.985, 253.009, 156.427, 166.423, 150.097, 288.501, 233.17, 212.447, 270.129, 195.262, 165.826, 164.527, 157.704, 262.219, 220.896, 227.362, 156.421, 162.228, 264.605, 144.314, 171.824, 275.186, 140.039, 113.977, 161.89, 217.445, 179.104, 156.962, 232.551, 334.603, 211.581, 238.006, 131.328, 173.345, 142.359, 216.957, 237.21, 170.497, 238.23, 156.066, 145.406, 214.364, 194.201, 132.961];
HighestPossibleCritFunctionValue = 1.1;
