NumDevices = 128;
NumSlotes = 1024;


GivenBandwidthOld = [0.00687772, 0.0088003, 0.00918299, 0.009817, 0.00925195, 0.00621998, 0.0041676, 0.00980559, 0.00502395, 0.00876949, 0.00388859, 0.00808533, 0.00515179, 0.00742908, 0.00678798, 0.00690381, 0.00983613, 0.00586402, 0.00909115, 0.00994215, 0.00652021, 0.00638803, 0.00982845, 0.00807651, 0.00694858, 0.0060798, 0.0043873, 0.00866222, 0.0071514, 0.00849653, 0.00996469, 0.00411055, 0.00730633, 0.00617516, 0.00723516, 0.00388484, 0.00746199, 0.00998208, 0.00881558, 0.00973177, 0.00814944, 0.00761128, 0.00648209, 0.00943177, 0.00975889, 0.00767715, 0.00736647, 0.0045613, 0.00804511, 0.0041715, 0.00668302, 0.00528109, 0.00552836, 0.00517108, 0.00654711, 0.00848681, 0.00903, 0.00720643, 0.00846772, 0.00701308, 0.00877216, 0.0048729, 0.00752958, 0.00836013, 0.00491907, 0.00857215, 0.00590049, 0.00951169, 0.00926303, 0.00495685, 0.00598959, 0.00697294, 0.00921196, 0.0091585, 0.0043584, 0.00405112, 0.00836924, 0.0081496, 0.00404176, 0.00735241, 0.00578209, 0.00706251, 0.00837617, 0.0057693, 0.00454833, 0.00871773, 0.0089449, 0.00815805, 0.00859574, 0.00863944, 0.00560859, 0.00977889, 0.00626268, 0.00928559, 0.00917579, 0.00754839, 0.00572711, 0.00807074, 0.00995986, 0.00414123, 0.0041792, 0.00485329, 0.00919361, 0.00696351, 0.006912, 0.00992062, 0.00713657, 0.00938574, 0.00491788, 0.00727681, 0.0039185, 0.00440769, 0.00749608, 0.00779023, 0.00790511, 0.00740563, 0.00646298, 0.00699345, 0.00383684, 0.00695826, 0.00618993, 0.00546333, 0.0060076, 0.00965552, 0.00785128, 0.00900786, 0.00384862, 0.00503745];
GivenLatency = [688.448, 432.882, 405.291, 409.411, 364.004, 585.817, 1017.85, 383.332, 721.874, 388.754, 1137.22, 556.848, 693.865, 614.062, 492.971, 487.667, 431.781, 754.976, 524.439, 418.649, 651.715, 709.964, 414.947, 420.168, 650.51, 632.409, 999.94, 449.878, 511.576, 415.98, 354.062, 1077.19, 552.098, 698.538, 474.012, 1088.17, 520.81, 337.981, 388.833, 402.079, 525.693, 625.827, 760.335, 472.691, 489.439, 482.276, 532.896, 995.23, 489.697, 1194.42, 513.74, 791.527, 619.268, 763.029, 516.047, 533.311, 454.986, 520.498, 468.301, 535.24, 412.867, 707.325, 592.599, 426.789, 757.858, 438.213, 578.458, 437.214, 407.389, 730.266, 668.437, 692.227, 396.088, 449.392, 831.94, 1063.44, 499.994, 556.133, 1228.32, 472.575, 707.557, 627.192, 410.008, 656.914, 892.724, 459.012, 482.74, 476.279, 442.003, 441.531, 615.64, 424.66, 648.654, 360.009, 388.942, 524.08, 777.518, 468.641, 461.356, 1027.58, 1081.92, 753.353, 537.343, 592.291, 487.533, 339.342, 569.107, 417.577, 678.993, 587.837, 876.915, 826.72, 568.063, 556.945, 591.686, 478.78, 616.495, 695.877, 1008, 541.126, 612.195, 868.344, 660.072, 393.15, 457.175, 390.143, 892.289, 720.709];
HighestPossibleCritFunctionValue = 1.1;
