NumDevices = 128;
NumSlotes = 1024;


GivenBandwidthOld = [0.00709841, 0.00546596, 0.00396259, 0.00678473, 0.00852717, 0.00866612, 0.00391856, 0.00680066, 0.00618908, 0.00733599, 0.00849369, 0.00589894, 0.00603625, 0.008698, 0.00483867, 0.00600449, 0.00490882, 0.00508611, 0.00472384, 0.00612337, 0.00805552, 0.00661187, 0.00817698, 0.00803244, 0.00870246, 0.00465727, 0.00726696, 0.008224, 0.00820377, 0.00828773, 0.00434243, 0.00564805, 0.00432083, 0.00775046, 0.00452598, 0.00569786, 0.00648513, 0.00809237, 0.00603194, 0.00627709, 0.00649298, 0.00493582, 0.00384558, 0.00509308, 0.00684112, 0.00611946, 0.00734121, 0.00628528, 0.00419904, 0.00573349, 0.00527434, 0.00837529, 0.0059708, 0.00865719, 0.00394975, 0.00601964, 0.00456123, 0.00809457, 0.00801807, 0.00716012, 0.00757079, 0.00478202, 0.00390299, 0.0050794, 0.00693498, 0.00375871, 0.00507129, 0.00568717, 0.00673941, 0.00680418, 0.00539079, 0.00546524, 0.00683685, 0.00437036, 0.00519925, 0.00637747, 0.00866312, 0.00848012, 0.00784817, 0.00668123, 0.00400379, 0.00413408, 0.00401, 0.00853902, 0.0078345, 0.0068779, 0.00439187, 0.00674007, 0.00778137, 0.00397706, 0.0049341, 0.00492538, 0.00836989, 0.00516441, 0.00568573, 0.00752635, 0.00782598, 0.00375709, 0.0078601, 0.00721308, 0.00781889, 0.0045065, 0.00829372, 0.00502867, 0.00429251, 0.00679087, 0.00669766, 0.00503529, 0.00562997, 0.00547273, 0.00767488, 0.00429303, 0.00538337, 0.00571988, 0.00656248, 0.00802331, 0.00529501, 0.00577596, 0.00410672, 0.00416737, 0.00845089, 0.006546, 0.00611917, 0.00733574, 0.00431981, 0.00548115, 0.00416187, 0.00599615];
GivenLatency = [170.631, 182.708, 289.904, 178.511, 147.916, 136.869, 259.476, 157.549, 179.787, 158.268, 123.107, 198.54, 178.331, 115.961, 267.369, 189.981, 244.188, 196.222, 219.941, 175.007, 145.251, 188.713, 139.193, 134.161, 142.35, 267.733, 134.346, 126.985, 144.732, 128.304, 241.737, 203.658, 277.993, 153.508, 280.797, 184.712, 162.296, 152.371, 212.18, 172.865, 156.453, 213.931, 266.111, 234.748, 185.577, 199.96, 133.352, 181.489, 258.997, 214.612, 195.377, 154.461, 193.129, 124.162, 266.467, 172.043, 263.633, 120.154, 122.573, 156.73, 167.348, 199.995, 283.543, 238.833, 164.05, 305.288, 208.319, 181.653, 143.108, 168.676, 181.489, 178.791, 169.905, 248.376, 235.079, 172.946, 123.506, 129.054, 142.51, 177.381, 282.142, 274.669, 263.029, 146.402, 134.245, 146.141, 230.258, 176.5, 125.048, 280.093, 206.715, 221.541, 143.169, 247.049, 195.859, 144.934, 126.123, 332.809, 132.443, 147.606, 141.314, 287.22, 150.6, 198.626, 249.675, 178.457, 177.698, 243.031, 198.15, 179.979, 145.927, 239.947, 178.873, 168.884, 153.125, 151.222, 232.773, 218.662, 301.117, 233.964, 149.143, 153.433, 181.94, 131.235, 223.681, 178.644, 275.061, 162.858];
HighestPossibleCritFunctionValue = 1.1;
