NumDevices = 32;
NumSlotes = 256;


GivenBandwidthOld = [0.0172043, 0.0371205, 0.0187241, 0.0312013, 0.0352103, 0.0391777, 0.0197859, 0.026386, 0.0300083, 0.0349851, 0.0302593, 0.0274766, 0.0344939, 0.0236131, 0.0245476, 0.031236, 0.0185342, 0.0398721, 0.0396058, 0.0154662, 0.0254295, 0.0278636, 0.0386963, 0.0282487, 0.0354046, 0.0294301, 0.0174144, 0.0196078, 0.0333208, 0.0331718, 0.0286699, 0.0394311];
GivenLatency = [115.062, 58.1278, 89.1231, 78.919, 54.4814, 43.6969, 102.09, 70.2509, 79.9581, 65.2105, 57.6408, 70.4929, 65.1658, 102.421, 94.4507, 55.9022, 106.198, 59.4473, 49.7815, 110.342, 67.9205, 73.5409, 54.0371, 78.3434, 52.7543, 61.0685, 119.705, 115.83, 53.4645, 62.2308, 68.5655, 55.2605];
HighestPossibleCritFunctionValue = 1.1;
