NumDevices = 64;
NumSlotes = 512;


GivenBandwidthOld = [0.0117844, 0.0160175, 0.0118212, 0.00878535, 0.0103212, 0.0101283, 0.0186319, 0.0141613, 0.0133894, 0.0159542, 0.0102804, 0.012847, 0.0120325, 0.0108569, 0.0143578, 0.0166317, 0.009516, 0.0153516, 0.0190317, 0.00900674, 0.0188169, 0.00999578, 0.0165195, 0.0105265, 0.0118129, 0.0187003, 0.0131532, 0.00796072, 0.0133225, 0.0159425, 0.0132804, 0.00907609, 0.0093409, 0.0100581, 0.0137351, 0.0140279, 0.00977982, 0.0119181, 0.0119203, 0.0120315, 0.01818, 0.0181768, 0.0156158, 0.0101287, 0.0122904, 0.0196025, 0.0147724, 0.00950992, 0.0131599, 0.00909373, 0.018353, 0.0135168, 0.0192084, 0.0147879, 0.007507, 0.0126021, 0.00777553, 0.0133684, 0.0121092, 0.0119567, 0.0105805, 0.018133, 0.0167957, 0.0160215];
GivenLatency = [216.598, 201.469, 264.218, 293.762, 256.894, 233.448, 147.3, 228.834, 240.033, 192.444, 232.516, 209.056, 272.66, 266.848, 157.659, 158.628, 243.276, 216.398, 160.855, 308.043, 121.056, 248.503, 152.421, 240.745, 215.895, 167.343, 170.438, 301.079, 211.528, 142.111, 190.523, 339.776, 284.673, 328.609, 207.766, 179.648, 272.732, 273.853, 257.605, 209.027, 124.253, 130.805, 163.585, 290.949, 213.832, 142.684, 211.161, 241.915, 202.937, 355.829, 177.683, 202.678, 137.643, 200.479, 442.276, 226.469, 305.473, 222.657, 273.767, 197.001, 244.739, 146.684, 158.662, 200.05];
HighestPossibleCritFunctionValue = 1.1;
