NumDevices = 128;
NumSlotes = 1024;


GivenBandwidthOld = [0.00714147, 0.00410936, 0.00855282, 0.00476265, 0.0083416, 0.00485284, 0.00418626, 0.00598445, 0.00820175, 0.0042647, 0.00432368, 0.00552325, 0.00670783, 0.00603297, 0.0085824, 0.00693092, 0.00542202, 0.00537803, 0.00603392, 0.00454076, 0.00405783, 0.00745424, 0.00592953, 0.00506936, 0.00826964, 0.00538252, 0.00655517, 0.00526585, 0.00561883, 0.00818075, 0.00633599, 0.00644416, 0.00452782, 0.00656577, 0.00835997, 0.00848759, 0.00843076, 0.00821049, 0.00623018, 0.00813619, 0.00738673, 0.00625437, 0.00474507, 0.00782827, 0.00726012, 0.00839723, 0.00471445, 0.00823365, 0.00550987, 0.00694953, 0.00831005, 0.00449118, 0.00575033, 0.00827664, 0.00794832, 0.0049819, 0.00829256, 0.0055313, 0.00709318, 0.00758801, 0.004143, 0.00398276, 0.00574663, 0.00604303, 0.00773763, 0.00391495, 0.00605328, 0.00500436, 0.00571972, 0.00391446, 0.00787038, 0.00501227, 0.00379708, 0.00497578, 0.00542147, 0.00614021, 0.00606337, 0.00457673, 0.00866786, 0.0083094, 0.00854874, 0.00619184, 0.00869541, 0.00626638, 0.00646891, 0.00550619, 0.00510114, 0.00738929, 0.00431819, 0.00827054, 0.00555312, 0.00874602, 0.00684437, 0.0057413, 0.00652991, 0.00572797, 0.00749301, 0.00750067, 0.00632236, 0.007396, 0.00699709, 0.00752929, 0.00728257, 0.00563637, 0.00790225, 0.00559299, 0.00386472, 0.00687073, 0.00380862, 0.00391912, 0.00612269, 0.00650622, 0.00761328, 0.00395907, 0.00761926, 0.00441788, 0.0037756, 0.00399725, 0.00434996, 0.00729064, 0.00632812, 0.00416169, 0.00810196, 0.00706923, 0.00503268, 0.00672576, 0.00741956, 0.00805054];
GivenLatency = [139.257, 236.292, 116.931, 225.66, 131.237, 217.691, 299.089, 177.377, 123.765, 267.184, 282.654, 178.543, 168.648, 212.516, 135.548, 154.162, 209.122, 217.396, 210.571, 243.462, 280.216, 170.399, 193.83, 238.693, 142.531, 205.093, 176.808, 193.896, 187.74, 121.039, 163.625, 169.292, 284.613, 162.741, 129.638, 135.887, 123.9, 132.118, 156.054, 148.034, 150.39, 153.961, 214.939, 138.4, 166.827, 124.199, 255.617, 145.204, 210.128, 145.964, 118.627, 240.167, 170.587, 130.907, 147.816, 216.868, 154.882, 181.836, 174.018, 129.89, 281.286, 323.061, 220.925, 183.46, 163.962, 260.858, 160.106, 227.533, 196.793, 260.021, 135.027, 227.902, 256.388, 250.533, 180.678, 185.332, 164.989, 241.445, 124.897, 127.746, 123.306, 188.48, 132.602, 198.623, 177.356, 220.699, 219.801, 148.379, 272.181, 126.601, 231.323, 116.957, 165.611, 218.655, 163.148, 203.513, 134.939, 127.232, 163.919, 129.025, 169.043, 141.8, 163.023, 175.436, 143.746, 184.32, 268.195, 188.01, 329.77, 275.784, 164.889, 196.354, 162.965, 258.641, 155.331, 245.404, 255.283, 290.262, 279.326, 142.442, 204.252, 258.744, 122.588, 144.412, 199.812, 179.933, 148.674, 120.11];
HighestPossibleCritFunctionValue = 1.1;
