NumDevices = 128;
NumSlotes = 1024;


GivenBandwidthOld = [0.00841702, 0.00741693, 0.00379962, 0.00777878, 0.00545016, 0.0083177, 0.00803362, 0.00855568, 0.00787983, 0.00384382, 0.00560015, 0.00418259, 0.00424528, 0.00789082, 0.00856398, 0.00730648, 0.00756652, 0.00808097, 0.00440305, 0.00458827, 0.00751087, 0.00769617, 0.00705452, 0.00784706, 0.00800176, 0.008161, 0.00446541, 0.00768738, 0.00432664, 0.00528092, 0.00384582, 0.00421186, 0.00623288, 0.00853238, 0.00614614, 0.00569931, 0.00585003, 0.00390367, 0.00640889, 0.00669479, 0.00680114, 0.00429551, 0.00720388, 0.00815234, 0.00382584, 0.00834925, 0.00833881, 0.00794647, 0.00389525, 0.00493654, 0.00596733, 0.00542318, 0.00481032, 0.00449654, 0.00588537, 0.00793664, 0.00854719, 0.00516724, 0.00832308, 0.00844677, 0.00741098, 0.00391383, 0.0071616, 0.00751445, 0.00781274, 0.00629352, 0.00767435, 0.00538036, 0.00515023, 0.00737897, 0.00579224, 0.00769335, 0.00457362, 0.00636702, 0.00796715, 0.0064204, 0.00518099, 0.00438015, 0.00475466, 0.00399959, 0.00860034, 0.00837116, 0.0065817, 0.00607756, 0.00804883, 0.00413775, 0.00560446, 0.00671624, 0.00739281, 0.00845416, 0.00648238, 0.00681157, 0.00455633, 0.00576258, 0.0041636, 0.00517958, 0.00573998, 0.00434255, 0.00767547, 0.00418485, 0.00730918, 0.00784266, 0.00405071, 0.00786235, 0.0050002, 0.00593684, 0.00801102, 0.00868767, 0.00614899, 0.00865676, 0.00666599, 0.00774635, 0.00535602, 0.0061763, 0.00753323, 0.00841418, 0.00455782, 0.00575597, 0.00811697, 0.00444193, 0.00805653, 0.00852371, 0.00555262, 0.00546106, 0.00659953, 0.00572525, 0.00679351, 0.00599428];
GivenLatency = [115.345, 147.66, 253.663, 130.305, 207.752, 151.749, 141.506, 140.306, 150.688, 283.732, 200.691, 258.932, 289.152, 132.898, 120.778, 136.224, 127.888, 136.155, 235.818, 237.625, 162.773, 150.435, 180.729, 130.399, 154.218, 121.009, 284.259, 148.501, 287.899, 239.426, 303.304, 282.164, 183.682, 129.436, 169.26, 179.182, 165.074, 265.702, 179.276, 152.272, 148.512, 271.405, 137.186, 117.13, 261.438, 130.504, 134.747, 150.96, 291.211, 255.413, 194.764, 202.209, 228.476, 249.638, 173.949, 121.505, 141.774, 202.274, 114.543, 116.911, 153.678, 330.873, 139.801, 132.964, 123.852, 180.898, 149.929, 183.627, 238.788, 130.672, 168.11, 127.871, 224.133, 152.805, 125.731, 152.593, 185.467, 278.226, 259.399, 249.933, 149.278, 152.214, 173.921, 190.275, 146.91, 245.92, 220.651, 143.397, 161.802, 118.19, 156.365, 159.129, 239.445, 194.152, 297.788, 249.735, 220.816, 258.54, 140.072, 230.859, 163.528, 153.292, 271.049, 154.474, 241.611, 211.805, 155.106, 128.441, 164.947, 149.215, 152.456, 130.076, 233.958, 171.049, 149.651, 121.747, 218.583, 216.463, 128.284, 264.835, 118.393, 112.254, 207.176, 192.885, 180.529, 203.263, 167.453, 181.912];
HighestPossibleCritFunctionValue = 1.1;
