NumDevices = 128;
NumSlotes = 1024;


GivenBandwidthOld = [0.00203065, 0.00293136, 0.00368755, 0.00358705, 0.00195178, 0.00237705, 0.00296185, 0.00362542, 0.00297912, 0.00324056, 0.00348469, 0.0034149, 0.00232034, 0.0029275, 0.00128364, 0.00421237, 0.00229369, 0.00186598, 0.00404128, 0.00175793, 0.00363096, 0.00236874, 0.00387569, 0.00317527, 0.00298082, 0.00369118, 0.0019707, 0.00158103, 0.00237374, 0.00349984, 0.00188052, 0.00149308, 0.00227646, 0.00303017, 0.00182202, 0.00271982, 0.00131548, 0.0016937, 0.00220761, 0.00213008, 0.00204642, 0.00222498, 0.00331414, 0.00260689, 0.00341748, 0.00198514, 0.00363672, 0.00242092, 0.0028484, 0.00306152, 0.00377809, 0.00339156, 0.00381212, 0.00349543, 0.00273983, 0.00332661, 0.00277205, 0.00415028, 0.00247326, 0.00435863, 0.0043232, 0.00244722, 0.00411425, 0.00315099, 0.00126127, 0.00316863, 0.00393765, 0.00378856, 0.00428258, 0.00420458, 0.00258351, 0.00416048, 0.00205019, 0.00317871, 0.00143379, 0.00269632, 0.00330067, 0.00434142, 0.00248548, 0.00344573, 0.00183109, 0.00204212, 0.00189093, 0.001568, 0.00219106, 0.00199827, 0.00250016, 0.00338972, 0.00412798, 0.00277485, 0.00131232, 0.00181439, 0.00258791, 0.00320911, 0.00300343, 0.00237552, 0.0023165, 0.00412045, 0.00427942, 0.0042214, 0.00408573, 0.00194013, 0.00335998, 0.00125908, 0.0038122, 0.00171461, 0.00372994, 0.00354069, 0.0040572, 0.0037983, 0.00246351, 0.00302147, 0.00246332, 0.00285492, 0.00324413, 0.0040078, 0.00164817, 0.00271683, 0.00419763, 0.00144938, 0.00216579, 0.00223629, 0.00287199, 0.0026735, 0.00407948, 0.00326982, 0.00152214, 0.00318473];
GivenLatency = [217.014, 165.584, 123.623, 166.308, 206.497, 168.866, 130.082, 132.475, 124.089, 117.69, 178.96, 105.65, 162.486, 168.26, 372.454, 94.2, 192.768, 178.326, 103.029, 201.482, 97.4214, 195.681, 90.8608, 124.997, 151.742, 127.44, 172.516, 257.752, 134.638, 149.673, 200.552, 216.543, 251.708, 114.501, 220.351, 141.295, 498.081, 304.995, 240.488, 234.123, 268.67, 218.455, 99.4158, 179.693, 92.7587, 223.174, 97.8344, 201.17, 165.503, 201.092, 112.66, 121.825, 120.736, 114.706, 235.767, 98.2259, 233.714, 108.512, 148.015, 102.818, 123.649, 170.916, 87.1164, 121.941, 386.13, 132.906, 128.775, 83.1033, 77.472, 89.2132, 241.949, 111.507, 158.715, 150.611, 372.316, 187.561, 128.441, 91.9024, 160.796, 104.53, 185.429, 183.754, 182.305, 358.194, 162.369, 276.103, 250.626, 149.287, 134.441, 198.513, 430.684, 360.26, 145.599, 177.046, 121.597, 144.797, 221.508, 123.211, 134.056, 130.526, 80.0302, 282.043, 163.536, 370.439, 87.1758, 227.833, 84.2395, 91.9439, 137.867, 90.2411, 170.892, 115.589, 161.304, 175.17, 170.745, 112.009, 340.559, 122.904, 98.2714, 244.111, 228.283, 257.172, 117.111, 131.145, 87.857, 163.907, 208.598, 144.343];
HighestPossibleCritFunctionValue = 1.1;
