NumDevices = 128;
NumSlotes = 1024;


GivenBandwidthOld = [0.00446505, 0.00658614, 0.00575544, 0.00426187, 0.00666923, 0.00719275, 0.0061252, 0.00872569, 0.00518449, 0.00820373, 0.00763567, 0.00527161, 0.00739063, 0.00688509, 0.00524808, 0.00694137, 0.00617566, 0.00687124, 0.00751232, 0.00709331, 0.0048015, 0.00631794, 0.00805801, 0.00847019, 0.00593695, 0.00486951, 0.00430853, 0.00596683, 0.00701034, 0.00523802, 0.00788953, 0.00680581, 0.00778629, 0.00665424, 0.00526271, 0.00787865, 0.00396476, 0.00830289, 0.00410816, 0.00832369, 0.00378012, 0.00504111, 0.00851085, 0.00439703, 0.00841718, 0.00510043, 0.00547642, 0.00473165, 0.00740739, 0.00854806, 0.00475943, 0.00421369, 0.00701395, 0.00599545, 0.00810031, 0.00437492, 0.00673093, 0.0042887, 0.00764924, 0.00823191, 0.00616882, 0.00678178, 0.00395714, 0.0051466, 0.00637727, 0.00528709, 0.00768214, 0.00615836, 0.00606708, 0.00686442, 0.00780467, 0.00560912, 0.00506043, 0.00814039, 0.00807684, 0.00501822, 0.00869673, 0.00841484, 0.0057786, 0.0084559, 0.00580148, 0.00801582, 0.00443631, 0.00859354, 0.00412456, 0.00398861, 0.00404602, 0.00395055, 0.00447454, 0.00603816, 0.00587436, 0.00785862, 0.00727549, 0.00672995, 0.0077101, 0.00615261, 0.0044779, 0.00759436, 0.00594277, 0.00771274, 0.00553607, 0.00724753, 0.00671061, 0.00772066, 0.00870761, 0.00636613, 0.00797175, 0.00870294, 0.00782761, 0.00614089, 0.0074001, 0.00600899, 0.00564522, 0.00678499, 0.00787515, 0.00514201, 0.00423334, 0.0071747, 0.00769166, 0.00620675, 0.00436545, 0.00758672, 0.00755099, 0.00700981, 0.00633533, 0.00536707, 0.00686168, 0.00679497];
GivenLatency = [256.325, 144.88, 168.151, 227.993, 160.728, 141.287, 192.776, 139.488, 212.8, 129.022, 151.363, 209.039, 151.987, 139.462, 229.232, 145.415, 162.309, 139.498, 128.087, 146.022, 247.883, 153.255, 130.261, 120.036, 205.727, 231.829, 266.891, 177.677, 170.497, 201.889, 121.683, 156.746, 126.707, 159.318, 207.451, 159.663, 322.724, 124.388, 266.072, 153.631, 326.383, 220.459, 142.388, 235.837, 151.429, 207.235, 197.816, 270.042, 129.239, 130.297, 239.009, 235.158, 139.104, 169.435, 129.64, 254.505, 170.838, 225.452, 130.838, 151.388, 173.739, 155.976, 298.415, 187.13, 164.077, 232.514, 146.428, 203.64, 199.239, 157.423, 136.056, 212.656, 194.486, 135.509, 128.602, 223.795, 112.409, 131.389, 191.914, 135.993, 220.388, 135.025, 246.17, 138.997, 312.577, 306.976, 272.394, 289.299, 285.739, 186.2, 195.717, 140.603, 134.943, 151.869, 138.979, 209.672, 234.448, 149.322, 175.467, 160.366, 186.939, 133.297, 147.044, 138.383, 121.958, 166.439, 154.954, 143.49, 146.189, 155.586, 150.809, 177.898, 224.682, 143.105, 135.099, 220.744, 287.739, 154.305, 150.342, 183.533, 222.73, 130.786, 155.397, 165.398, 154.299, 230.421, 147.145, 174.694];
HighestPossibleCritFunctionValue = 1.1;
