NumDevices = 16;
NumSlotes = 128;


GivenBandwidthOld = [0.0226111, 0.0152375, 0.0114983, 0.0174795, 0.0176375, 0.0230553, 0.0304629, 0.0291765, 0.0348845, 0.0185484, 0.0326807, 0.0296174, 0.0200981, 0.0288253, 0.0313859, 0.0172848];
GivenLatency = [19.1431, 20.46, 38.7759, 19.6363, 27.5096, 24.008, 17.2072, 12.4724, 9.33542, 19.1255, 10.0222, 15.4766, 29.0094, 13.4658, 13.9012, 26.4089];
HighestPossibleCritFunctionValue = 1.1;
