NumDevices = 128;
NumSlotes = 1024;


GivenBandwidthOld = [0.00597165, 0.00543981, 0.00436316, 0.0091183, 0.00998973, 0.00617298, 0.00805077, 0.00552681, 0.00405287, 0.00656841, 0.00393305, 0.00519318, 0.00930194, 0.00900261, 0.00942582, 0.00969612, 0.00891174, 0.00705541, 0.00783024, 0.00535585, 0.00582557, 0.00663716, 0.00950909, 0.0092172, 0.00978762, 0.00930445, 0.00736689, 0.00537915, 0.00985525, 0.00842038, 0.00501747, 0.00613381, 0.00596405, 0.00903189, 0.0077942, 0.00583411, 0.00640883, 0.00949195, 0.00865428, 0.00498655, 0.00519695, 0.0038231, 0.0073423, 0.00453484, 0.0070067, 0.00780731, 0.0073719, 0.00826736, 0.00832257, 0.0049697, 0.00949229, 0.00817613, 0.00621108, 0.004677, 0.00881227, 0.0040203, 0.00919776, 0.0080731, 0.00580019, 0.00498, 0.00759446, 0.00506094, 0.0055514, 0.00479798, 0.00467549, 0.00849866, 0.00819833, 0.00434366, 0.0063364, 0.0046975, 0.00963774, 0.00898777, 0.00377071, 0.00800636, 0.00909535, 0.00555606, 0.00818484, 0.00888286, 0.00930937, 0.00877402, 0.00489218, 0.00656988, 0.00997429, 0.0091899, 0.00722333, 0.00495956, 0.0078952, 0.00963119, 0.00508432, 0.00461871, 0.00408579, 0.00989951, 0.00857822, 0.00790449, 0.00958123, 0.00927919, 0.00787001, 0.00493249, 0.00915805, 0.00933681, 0.00758771, 0.00415182, 0.00707375, 0.00975845, 0.0065079, 0.00575965, 0.00488346, 0.00381974, 0.00706982, 0.00622987, 0.00786701, 0.00450548, 0.00741515, 0.00395725, 0.00570801, 0.00579834, 0.00513892, 0.00975517, 0.00763546, 0.00667075, 0.00534084, 0.00979339, 0.00626226, 0.0084812, 0.00844623, 0.00824616, 0.00819758, 0.00416171];
GivenLatency = [783.377, 771.702, 896.353, 455.539, 429.458, 620.307, 536.419, 640.026, 941.314, 549.293, 881.493, 702.155, 382.586, 416.508, 386.411, 388.573, 419.046, 555.514, 465.47, 923.247, 715.402, 597.717, 419.729, 404.992, 496.919, 468.231, 455.616, 776.078, 365.187, 402.744, 704.669, 591.541, 625.774, 537.887, 501.776, 748.363, 534.326, 520.839, 505.567, 900.312, 726.482, 1230.73, 647.076, 879.922, 547.18, 487.695, 478.504, 416.307, 465.226, 687.754, 522.074, 463.11, 713.134, 771.101, 413.228, 1062.45, 362.817, 416.825, 706.398, 881.785, 525.687, 813.171, 833.028, 785.411, 719.726, 492.378, 516.662, 827.839, 527.206, 870.316, 359.496, 390.068, 1314.82, 573.166, 402.099, 707.076, 469.25, 402.818, 371.478, 532.045, 844.669, 593.349, 408.654, 400.346, 485.367, 872.699, 547.803, 352.088, 887.962, 885.377, 817.888, 414.55, 515.875, 526.18, 453.438, 390.839, 450.143, 917.015, 422.388, 415.947, 509.991, 884.662, 505.911, 478.298, 520.507, 825.544, 965.818, 1172.42, 536.557, 679.307, 584.306, 764.034, 582.838, 973.256, 699.661, 839.374, 704.447, 344.314, 627.785, 581.803, 877.357, 373.297, 796.36, 463.248, 410.365, 483.427, 461.001, 916.321];
HighestPossibleCritFunctionValue = 1.1;
