NumDevices = 128;
NumSlotes = 1024;


GivenBandwidthOld = [0.00933183, 0.00502008, 0.00630114, 0.00575744, 0.00523966, 0.00919354, 0.00587828, 0.00505345, 0.00454763, 0.00956266, 0.00954868, 0.0059897, 0.00895272, 0.00833969, 0.00521981, 0.00689239, 0.00543341, 0.00933242, 0.00867333, 0.0063577, 0.00636948, 0.00428378, 0.00620679, 0.00749019, 0.00884066, 0.00624584, 0.00750659, 0.00948005, 0.00878412, 0.00594817, 0.004671, 0.0079381, 0.0055747, 0.00900493, 0.00453961, 0.00596759, 0.00604043, 0.00519801, 0.00923942, 0.00818536, 0.00512854, 0.00410495, 0.00688637, 0.00421522, 0.00397892, 0.00740404, 0.00478435, 0.006837, 0.00571947, 0.00465543, 0.00882145, 0.00840199, 0.00848179, 0.00587285, 0.00752186, 0.00993052, 0.0046731, 0.00576564, 0.00564082, 0.00781385, 0.00485323, 0.00816014, 0.00614858, 0.0042292, 0.0076707, 0.00522287, 0.00832519, 0.00517631, 0.00694095, 0.0090781, 0.00946078, 0.00979674, 0.0063583, 0.00393115, 0.00465844, 0.00935407, 0.00383292, 0.00981067, 0.00916277, 0.00740325, 0.00394587, 0.00823467, 0.00881885, 0.00848559, 0.00736873, 0.00501073, 0.00534237, 0.00423589, 0.00765739, 0.00657796, 0.00833243, 0.00819273, 0.00390144, 0.00531588, 0.00893862, 0.00887063, 0.0037533, 0.00921044, 0.00862712, 0.00474747, 0.00572892, 0.00719263, 0.00779853, 0.00991014, 0.00597928, 0.0088311, 0.00809498, 0.00484371, 0.00445456, 0.00772396, 0.00654151, 0.00819163, 0.00427567, 0.00738254, 0.00583997, 0.00489307, 0.0091576, 0.00809439, 0.00735256, 0.00831421, 0.00821964, 0.0062831, 0.00878635, 0.0059784, 0.00647548, 0.00464242, 0.00885138, 0.00520665];
GivenLatency = [511.562, 747.209, 765.735, 806.302, 749.743, 460.288, 822.639, 972.237, 1001.51, 362.077, 472.195, 630.577, 421.064, 422.828, 769.467, 665.181, 617.109, 487.862, 431.704, 559.836, 655.089, 866.17, 786.323, 487.07, 419.802, 597.49, 450.382, 405.37, 397.469, 818.02, 812.49, 483.525, 603.522, 427.195, 1018.4, 773.38, 662.556, 867.13, 366.241, 551.282, 672.87, 1185.12, 527.934, 912.207, 977.191, 653.003, 1008.68, 519.361, 870.469, 922.724, 473.504, 575.125, 507.263, 722.059, 655.085, 350.853, 871.354, 743.112, 777.005, 552.229, 710.618, 596.196, 664.035, 899.464, 573.154, 877.066, 580.644, 772.237, 581.677, 462.513, 396.324, 449.785, 527.363, 1094.92, 729.491, 474.255, 896.98, 440.2, 488.718, 594.844, 865.367, 467.956, 493.249, 428.695, 479.986, 935.588, 819.43, 1021.34, 493.403, 635.936, 442.862, 407.061, 933.782, 672.944, 443.712, 388.421, 903.484, 380.069, 425.417, 1007.08, 785.161, 568.347, 439.134, 444.538, 648.595, 393.423, 508.951, 948.982, 1091.09, 595.553, 552.001, 414.317, 847.476, 665.54, 652.004, 766.063, 400.37, 560.061, 647.414, 445.152, 605.509, 554.474, 539.779, 617.797, 747.065, 897.593, 440.718, 862.688];
HighestPossibleCritFunctionValue = 1.1;
