NumDevices = 32;
NumSlotes = 256;


GivenBandwidthOld = [0.0349663, 0.0294802, 0.0233045, 0.0291714, 0.0345184, 0.0214396, 0.0251849, 0.03289, 0.0317837, 0.01869, 0.032705, 0.0221742, 0.0317389, 0.0249696, 0.0344488, 0.0302749, 0.0207079, 0.0283065, 0.0174592, 0.0272197, 0.0312224, 0.0249113, 0.0337893, 0.0276065, 0.0328505, 0.0278222, 0.0183877, 0.0320128, 0.0286033, 0.0253128, 0.0227171, 0.0157471];
GivenLatency = [25.3571, 37.3352, 37.4929, 37.4016, 30.3644, 40.1116, 36.0086, 33.7373, 34.6316, 44.6039, 32.0432, 39.3793, 26.9624, 45.768, 31.2135, 30.0141, 54.2658, 33.1544, 54.7726, 42.3054, 29.2898, 37.1647, 28.8449, 31.226, 25.5837, 41.9024, 46.2265, 33.5724, 35.9023, 44.9555, 40.5274, 73.1219];
HighestPossibleCritFunctionValue = 1.1;
