NumDevices = 32;
NumSlotes = 256;


GivenBandwidthOld = [0.0298916, 0.0181107, 0.0170549, 0.0313399, 0.0189525, 0.0243238, 0.0202211, 0.0263005, 0.0217311, 0.0244756, 0.0320382, 0.0167066, 0.0181088, 0.0245138, 0.0330013, 0.0226954, 0.0321133, 0.01798, 0.0202788, 0.0158622, 0.0264467, 0.0190983, 0.0158084, 0.0224908, 0.0335687, 0.018808, 0.0160085, 0.0250502, 0.0281402, 0.0216777, 0.0277277, 0.0301807];
GivenLatency = [37.7299, 59.7615, 58.2326, 34.4438, 61.4231, 47.7596, 54.3486, 34.6348, 44.816, 35.4313, 31.0711, 51.9083, 48.6881, 47.1074, 28.3004, 51.4465, 35.1211, 56.0051, 48.0042, 56.157, 41.9216, 50.4035, 60.5392, 51.2407, 25.6657, 46.6468, 71.7328, 46.2673, 40.0749, 41.5882, 35.5968, 32.5129];
HighestPossibleCritFunctionValue = 1.1;
