NumDevices = 128;
NumSlotes = 1024;


GivenBandwidthOld = [0.00255314, 0.00312678, 0.00358208, 0.00284858, 0.00290582, 0.00255386, 0.00268953, 0.00173889, 0.00247041, 0.00329588, 0.00190698, 0.00254917, 0.00208385, 0.00328707, 0.00384839, 0.00364658, 0.00247776, 0.00191494, 0.00195326, 0.00223431, 0.00389761, 0.00273044, 0.00173828, 0.00151861, 0.00332864, 0.00262941, 0.00380823, 0.00362368, 0.0018777, 0.00406535, 0.00326348, 0.00436147, 0.00194741, 0.00388079, 0.00132407, 0.00238548, 0.00401275, 0.00352911, 0.00310976, 0.00198072, 0.00434394, 0.00414975, 0.0030018, 0.00310297, 0.00355605, 0.00282044, 0.00191213, 0.00156247, 0.00294538, 0.00167528, 0.00198871, 0.00431138, 0.00380462, 0.00240294, 0.00369483, 0.00402446, 0.00344222, 0.00215611, 0.00214452, 0.00424871, 0.00363936, 0.00296989, 0.00425318, 0.00384881, 0.0013545, 0.00437315, 0.00132906, 0.00193922, 0.00366396, 0.00395473, 0.00340214, 0.00354995, 0.0033865, 0.0031163, 0.00253143, 0.0038713, 0.00433044, 0.0023538, 0.0028042, 0.00399908, 0.00187374, 0.00322905, 0.00369107, 0.00334179, 0.00167665, 0.00323477, 0.002947, 0.00395272, 0.00393017, 0.00318096, 0.00170067, 0.00374967, 0.00387092, 0.00417647, 0.00198654, 0.00215178, 0.00128707, 0.00237693, 0.00413134, 0.00288983, 0.00241931, 0.00377197, 0.00368083, 0.0031002, 0.00388492, 0.00196718, 0.00183544, 0.00325866, 0.00138085, 0.00356772, 0.00196249, 0.00410896, 0.00182317, 0.00327918, 0.00256272, 0.00156222, 0.00178779, 0.0023226, 0.00350641, 0.00283419, 0.00169731, 0.00356118, 0.00150584, 0.00425139, 0.00182395, 0.00382845, 0.00293272, 0.00148491];
GivenLatency = [177.51, 109.389, 109.349, 187.622, 205.573, 253.075, 168.18, 192.076, 198.611, 161.071, 218.678, 156.842, 206.801, 155.397, 81.6388, 177.889, 138.134, 317.141, 192.459, 143.313, 99.468, 166.178, 189.86, 270.654, 119.414, 218.057, 85.0655, 108.998, 250.519, 141.145, 137.951, 125.84, 247.506, 122.471, 327, 173.729, 113.182, 89.5914, 125.498, 178.186, 133.75, 100.7, 209.239, 135.09, 104.09, 227.453, 278.771, 255.417, 128.594, 212.827, 222.574, 73.6135, 141.228, 196.495, 118.715, 112.746, 97.9383, 185.291, 153.206, 88.3895, 178.487, 128.892, 127.344, 100.199, 253.347, 74.6236, 358.329, 283.429, 136.193, 85.4432, 171.248, 91.2931, 121.162, 141.453, 161.209, 124.04, 120.498, 160.832, 198.124, 113.547, 263.137, 97.6914, 104.593, 153.221, 203.113, 167.115, 192.04, 94.1091, 103.734, 168.741, 197.911, 102.156, 101.524, 143.359, 216.34, 166.399, 481.54, 213.201, 78.6608, 196.509, 177.672, 101.388, 91.6499, 206.012, 111.161, 243.754, 341.005, 135.18, 344.139, 177.225, 177.834, 143.085, 223.302, 108.185, 150.048, 331.334, 341.717, 208.959, 98.0207, 117.241, 190.852, 92.1811, 238.245, 132.785, 293.509, 83.1022, 187.026, 210.453];
HighestPossibleCritFunctionValue = 1.1;
