NumDevices = 16;
NumSlotes = 128;


GivenBandwidthOld = [0.0742423, 0.060635, 0.0628306, 0.0645284, 0.0481688, 0.0424277, 0.0522054, 0.0367489, 0.0585237, 0.0780153, 0.0728614, 0.0514176, 0.0461408, 0.0585778, 0.0375353, 0.0751815];
GivenLatency = [23.2187, 25.3853, 29.4836, 21.0506, 39.214, 42.0079, 26.6647, 44.4418, 25.0284, 25.3403, 23.9193, 26.5645, 36.3158, 24.7708, 40.6194, 19.2353];
HighestPossibleCritFunctionValue = 1.1;
