NumDevices = 32;
NumSlotes = 256;


GivenBandwidthOld = [0.0193664, 0.0265785, 0.0394714, 0.0313783, 0.0343633, 0.0282376, 0.0247302, 0.0256367, 0.0356296, 0.037148, 0.031827, 0.0266435, 0.0327859, 0.0171152, 0.0393539, 0.0317293, 0.0349195, 0.0278698, 0.0170975, 0.0173518, 0.0173609, 0.0191081, 0.0348784, 0.0364816, 0.0320858, 0.0259246, 0.0248541, 0.033503, 0.0192429, 0.0250973, 0.0209626, 0.0290311];
GivenLatency = [92.2887, 68.1595, 44.9642, 79.512, 70.8638, 65.3401, 92.5514, 78.7257, 62.5177, 55.5173, 76.6277, 90.3926, 54.9, 112.927, 57.4357, 67.6195, 54.9426, 63.816, 117.002, 136.203, 125.927, 97.1697, 53.1272, 45.8458, 68.3471, 90.0629, 75.469, 58.7629, 89.9952, 76.9595, 111.896, 80.6321];
HighestPossibleCritFunctionValue = 1.1;
