NumDevices = 32;
NumSlotes = 256;


GivenBandwidthOld = [0.0159312, 0.0260886, 0.0204898, 0.022676, 0.0262261, 0.0318353, 0.0266805, 0.029483, 0.030477, 0.0174049, 0.0349253, 0.0200717, 0.0157763, 0.0231105, 0.0275626, 0.0343071, 0.0302756, 0.0314413, 0.0244907, 0.0248223, 0.0183566, 0.0295225, 0.0342978, 0.0326578, 0.0298338, 0.0271133, 0.0230474, 0.0284768, 0.0204021, 0.0277176, 0.0188881, 0.0221418];
GivenLatency = [58.4637, 33.4099, 56.3197, 44.2416, 34.8662, 34.8645, 39.6505, 39.4434, 38.0128, 55.614, 27.3839, 48.3704, 64.6079, 38.0794, 40.7863, 26.2127, 36.4611, 36.8018, 41.949, 44.3605, 49.2786, 28.3297, 31.2479, 26.1386, 28.8658, 31.4555, 42.9105, 38.144, 50.47, 37.9818, 55.4671, 50.4205];
HighestPossibleCritFunctionValue = 1.1;
