NumDevices = 64;
NumSlotes = 512;


GivenBandwidthOld = [0.00349009, 0.00539521, 0.00603729, 0.00376992, 0.00861136, 0.00368599, 0.00410802, 0.00349289, 0.00251817, 0.00788659, 0.00369513, 0.00773818, 0.00311081, 0.00581686, 0.00522935, 0.00592167, 0.00426095, 0.00510623, 0.00542185, 0.00380785, 0.00846407, 0.00313544, 0.00734936, 0.00561003, 0.00410523, 0.00658594, 0.00611182, 0.00641828, 0.00706195, 0.00643911, 0.00717551, 0.00251181, 0.00724204, 0.00812811, 0.00662378, 0.0045799, 0.00311668, 0.00455419, 0.00849823, 0.00849888, 0.00697561, 0.00533404, 0.00291108, 0.00530392, 0.00300337, 0.00635467, 0.00664905, 0.00437898, 0.00756618, 0.00606189, 0.00471001, 0.0086536, 0.00726919, 0.00823458, 0.00859841, 0.00467269, 0.00640728, 0.00335401, 0.00578593, 0.00411287, 0.00373848, 0.00517922, 0.00707634, 0.00458634];
GivenLatency = [127.612, 61.4909, 84.4015, 84.8406, 58.1447, 86.2557, 102.564, 116.367, 192.853, 50.2111, 169.214, 56.6325, 118.175, 53.3585, 68.6016, 67.8469, 112.673, 80.9997, 105.389, 83.7013, 37.1373, 198.121, 85.5251, 63.9728, 128.036, 87.5125, 75.1185, 54.6194, 57.4552, 99.377, 46.1344, 128.304, 46.1877, 54.9272, 76.4506, 116.811, 106.228, 104.423, 39.8948, 52.3475, 48.3159, 69.6505, 116.033, 66.9419, 115.67, 68.3415, 57.8195, 141.578, 52.1707, 57.3079, 75.3642, 41.8955, 65.8411, 53.8963, 73.2921, 74.7228, 89.4813, 106.739, 70.867, 114.742, 126.476, 121.502, 59.5081, 86.8714];
HighestPossibleCritFunctionValue = 1.1;
