NumDevices = 16;
NumSlotes = 128;


GivenBandwidthOld = [0.0448995, 0.0465023, 0.0337007, 0.0776666, 0.06259, 0.0695308, 0.0749386, 0.063153, 0.0319243, 0.0723152, 0.0718997, 0.0374251, 0.073036, 0.0365378, 0.060213, 0.0703185];
GivenLatency = [33.4789, 33.3087, 41.7674, 24.8718, 26.368, 26.9836, 24.5367, 22.1563, 58.0485, 22.335, 27.4532, 36.41, 23.5286, 41.6334, 28.3764, 26.8395];
HighestPossibleCritFunctionValue = 1.1;
