NumDevices = 128;
NumSlotes = 1024;


GivenBandwidthOld = [0.0079215, 0.00409761, 0.00596055, 0.00654078, 0.0083282, 0.00455867, 0.00507099, 0.00559682, 0.00824663, 0.00854657, 0.00475848, 0.00832636, 0.00859247, 0.00608153, 0.00479876, 0.00520215, 0.00505667, 0.0048939, 0.00424561, 0.00851047, 0.00795738, 0.00715203, 0.00670725, 0.00626812, 0.0058572, 0.00450449, 0.00453217, 0.00468742, 0.00394152, 0.00767878, 0.00473356, 0.00451812, 0.00862366, 0.00527981, 0.00525346, 0.00738466, 0.00645145, 0.00698573, 0.00663311, 0.00516148, 0.00642452, 0.00448795, 0.0064707, 0.00557773, 0.00734835, 0.00616495, 0.00677283, 0.00847371, 0.00509832, 0.00492146, 0.00750625, 0.00509682, 0.00475824, 0.00418288, 0.00419898, 0.00473383, 0.00395266, 0.00490748, 0.00758944, 0.00829796, 0.00629288, 0.00701081, 0.00817094, 0.00656466, 0.00469447, 0.00743976, 0.00751759, 0.00557836, 0.00800731, 0.00642475, 0.00832929, 0.00784788, 0.00678197, 0.0070061, 0.00398041, 0.00632066, 0.00391224, 0.00547865, 0.00718337, 0.00847344, 0.00558649, 0.00470197, 0.00859406, 0.00788227, 0.00477354, 0.00640156, 0.00844818, 0.0060132, 0.00636766, 0.0037999, 0.00747679, 0.00495363, 0.0080805, 0.00653481, 0.00807296, 0.0047002, 0.00378604, 0.00451239, 0.00722908, 0.00669685, 0.0065179, 0.0038238, 0.00418445, 0.00551303, 0.00503126, 0.00783511, 0.00714054, 0.00857809, 0.00444301, 0.00611286, 0.00632781, 0.00392554, 0.00406018, 0.00688447, 0.00474842, 0.00413325, 0.00496554, 0.00832051, 0.00530579, 0.00692291, 0.0059205, 0.0083854, 0.00598235, 0.00784831, 0.00413734, 0.00385015, 0.00697432, 0.00488765];
GivenLatency = [158.558, 246.196, 191.374, 193.466, 126.615, 220.321, 213.207, 202.229, 122.858, 116.32, 211.276, 154.861, 130.037, 156.943, 262.543, 234.706, 239.433, 255.785, 278.518, 119.718, 122.274, 140.933, 150.648, 159.906, 190.149, 236.416, 233.04, 263.19, 243.527, 145.943, 227.019, 269.444, 130.877, 213.847, 187.968, 146.42, 171.435, 147.806, 174.289, 192.055, 183.437, 265.845, 151.245, 184.244, 171.115, 174.991, 145.632, 143.205, 244.838, 216.019, 145.173, 209.987, 208.677, 236.746, 241.459, 201.962, 250.932, 196.835, 130.5, 150.323, 152.441, 148.687, 139.264, 165.48, 276.059, 164.793, 126.921, 227.05, 133.009, 152.937, 123.946, 126.398, 173.99, 144.443, 320.296, 171.712, 298.552, 184.611, 169.22, 113.695, 218.591, 206.073, 137.239, 138.368, 229.139, 202.82, 147.874, 213.67, 162.138, 273.453, 151.033, 195.875, 130.746, 147.739, 122.851, 204.875, 258.814, 270.055, 154.045, 170.292, 148.78, 323.83, 232.72, 199.154, 242.535, 155.913, 169.408, 147.879, 236.475, 178.275, 203.157, 303.579, 269.363, 169.984, 260.891, 296.171, 196.328, 119.243, 189.073, 169.771, 192.822, 134.582, 176.241, 142.433, 293.087, 262.734, 164.438, 256.435];
HighestPossibleCritFunctionValue = 1.1;
