NumDevices = 128;
NumSlotes = 1024;


GivenBandwidthOld = [0.00776129, 0.0090236, 0.00593268, 0.00683465, 0.0099533, 0.00638721, 0.00851662, 0.00390433, 0.00384357, 0.00767667, 0.0055061, 0.00609567, 0.00869479, 0.00452292, 0.00665448, 0.00686329, 0.00378064, 0.0061508, 0.00392294, 0.00417241, 0.00937087, 0.00501276, 0.00821661, 0.00536709, 0.00714803, 0.0081838, 0.00381223, 0.00582598, 0.00732289, 0.00954694, 0.00790373, 0.00928453, 0.00388024, 0.00524782, 0.00881804, 0.00726734, 0.00714523, 0.00486185, 0.00942488, 0.00650298, 0.00427162, 0.00809855, 0.00853509, 0.00797017, 0.00707612, 0.0057869, 0.00668625, 0.00953783, 0.00489366, 0.00656999, 0.00563574, 0.00982832, 0.00590567, 0.0091546, 0.00755355, 0.00505696, 0.00734974, 0.00459709, 0.00949611, 0.00986385, 0.00926998, 0.00936431, 0.00728642, 0.00911896, 0.00862196, 0.00552284, 0.00606106, 0.00822446, 0.00592136, 0.00411504, 0.00769515, 0.00986645, 0.0092596, 0.0099278, 0.00903084, 0.00879375, 0.00527005, 0.00742543, 0.00790993, 0.00716085, 0.00495948, 0.00653723, 0.00493072, 0.00436585, 0.00433769, 0.00606051, 0.00524369, 0.00824925, 0.00389031, 0.00566362, 0.00962808, 0.00921579, 0.00469923, 0.00753343, 0.00439349, 0.00632576, 0.00704702, 0.00426624, 0.00527691, 0.0040998, 0.00779591, 0.00959832, 0.00891948, 0.00601008, 0.00761758, 0.00608442, 0.00702596, 0.00660704, 0.0095933, 0.00586961, 0.00921532, 0.00934582, 0.00886781, 0.0062604, 0.00848432, 0.00468284, 0.00705223, 0.00431274, 0.00555675, 0.00732187, 0.00492005, 0.00636294, 0.00690517, 0.00774749, 0.00823403, 0.00436414, 0.00688742, 0.00929917];
GivenLatency = [543.133, 473.293, 775.488, 667.125, 336.876, 561.047, 422.56, 884.539, 1242.47, 635.446, 621.901, 731.564, 531.339, 799.761, 611.436, 693.178, 1046.22, 692.666, 879.56, 1018.89, 450.511, 928.637, 409.285, 867.344, 584.263, 492.04, 1113.29, 606.031, 646.151, 505.663, 442.564, 390.06, 989.647, 786.879, 400.171, 646.157, 627.808, 727.325, 500.079, 604.624, 854.88, 427.966, 495.679, 477.698, 501.301, 810.308, 700.034, 379.546, 776.17, 594.609, 763.903, 460.289, 607.7, 389.055, 447.975, 678.388, 504.638, 840.397, 443.807, 392.352, 392.072, 360.241, 461.174, 483.503, 494.507, 715.838, 750.481, 412.025, 682.229, 1071.31, 607.846, 358.705, 375.889, 357.451, 546.551, 530.136, 641.987, 582.045, 467.112, 473.792, 693.696, 670.948, 839.325, 887.712, 770.469, 690.23, 656.891, 533.568, 1082.99, 708.752, 352.542, 462.188, 909.645, 443.964, 904.982, 553.688, 518.099, 1028.87, 639.884, 886.441, 537.617, 402.74, 535.903, 749.273, 538.09, 712.039, 633.805, 656.806, 368.842, 626.126, 368.06, 361.665, 546.167, 638.096, 409.693, 713.217, 675.376, 1028.97, 787.382, 554.3, 747.071, 624.11, 576.556, 472.455, 475.349, 989.961, 682.735, 479.458];
HighestPossibleCritFunctionValue = 1.1;
