NumDevices = 64;
NumSlotes = 512;


GivenBandwidthOld = [0.011964, 0.00866507, 0.0139176, 0.0180824, 0.0165143, 0.0113736, 0.0102879, 0.0132433, 0.0107913, 0.0115656, 0.0136334, 0.0164801, 0.0115501, 0.0152179, 0.00969901, 0.0163188, 0.0121198, 0.0155382, 0.017465, 0.0137045, 0.0111072, 0.00888719, 0.0094396, 0.0188479, 0.0183752, 0.0117309, 0.0163271, 0.0143861, 0.0166855, 0.0131607, 0.00975416, 0.0182206, 0.0141463, 0.0123377, 0.014536, 0.0108268, 0.00797645, 0.0152402, 0.0092396, 0.0199484, 0.0148751, 0.0101809, 0.0154108, 0.0140282, 0.0144339, 0.00750801, 0.0170702, 0.0165656, 0.00987728, 0.012494, 0.0162849, 0.0180183, 0.0143893, 0.00891677, 0.0190765, 0.0119483, 0.0195901, 0.0178314, 0.00998253, 0.018858, 0.014079, 0.0176105, 0.0104164, 0.0111741];
GivenLatency = [267.601, 333.391, 173.897, 183.251, 137.127, 240.881, 232.312, 195.988, 209.472, 205.422, 172.954, 153.782, 263.484, 153.773, 334.87, 190.537, 212.468, 148.595, 158.354, 177.616, 248.747, 346.345, 341.452, 120.965, 141.011, 196.487, 139.067, 179.959, 156.2, 243.109, 324.881, 132.379, 208.786, 237.676, 200.568, 303.549, 340.149, 203.927, 301.666, 139.915, 174.478, 243.908, 149.495, 158.436, 228.129, 296.43, 158.52, 192.845, 229.581, 235.198, 148.952, 179.901, 215.573, 308.858, 124.368, 187.295, 124.399, 138.183, 260.633, 148.889, 208.237, 167.823, 222.067, 268.751];
HighestPossibleCritFunctionValue = 1.1;
