NumDevices = 128;
NumSlotes = 1024;


GivenBandwidthOld = [0.00297625, 0.00179683, 0.00430558, 0.00331653, 0.00218649, 0.0033284, 0.00159812, 0.00214661, 0.00184726, 0.00186701, 0.00261433, 0.00350059, 0.00197997, 0.00422871, 0.00190827, 0.00222802, 0.00131345, 0.00208066, 0.00274499, 0.00253331, 0.00426116, 0.00356001, 0.00375497, 0.00228378, 0.00417894, 0.00302529, 0.00417513, 0.00142857, 0.00252907, 0.00176439, 0.00292099, 0.00424977, 0.00270658, 0.00384071, 0.00261949, 0.00266477, 0.00426842, 0.00364577, 0.00133816, 0.00177121, 0.00188787, 0.00325065, 0.00422543, 0.00300949, 0.00418226, 0.00243667, 0.00190996, 0.00259269, 0.00222513, 0.00275585, 0.00374663, 0.00265543, 0.00353747, 0.00298203, 0.00207958, 0.00329932, 0.00348833, 0.00202999, 0.00426861, 0.00384032, 0.00246601, 0.00426862, 0.00396633, 0.00147439, 0.00388931, 0.00385845, 0.00402692, 0.00413221, 0.00190177, 0.00249886, 0.00330434, 0.0035824, 0.00188231, 0.00340793, 0.00399947, 0.00224329, 0.00164026, 0.00404758, 0.00149837, 0.00370605, 0.00203956, 0.00265839, 0.00335524, 0.00283023, 0.00393234, 0.00213281, 0.00424217, 0.00311066, 0.00151755, 0.00421246, 0.00382531, 0.00318612, 0.00412783, 0.00333875, 0.00367932, 0.0026815, 0.00425709, 0.00387536, 0.00378745, 0.00434091, 0.00332727, 0.00136504, 0.00354197, 0.00363687, 0.0018225, 0.00132091, 0.00246093, 0.00331521, 0.00188987, 0.0024957, 0.00332068, 0.00311351, 0.00243662, 0.00417709, 0.00315689, 0.00343675, 0.00396826, 0.00267281, 0.00199162, 0.00310947, 0.00342325, 0.00207729, 0.00239926, 0.00436686, 0.00187791, 0.00132961, 0.00180486, 0.00177753];
GivenLatency = [180.708, 215.364, 144.764, 169.002, 230.484, 169.459, 234.634, 237.285, 245.244, 225.744, 207.488, 126.274, 173.396, 118.172, 247.301, 165.302, 481.319, 241.82, 118.792, 174.146, 115.281, 145.641, 101.862, 229.479, 90.8375, 113.974, 91.0198, 436.684, 205.826, 317.268, 204.95, 87.1967, 138.672, 139.957, 126.496, 172.329, 76.3915, 105.97, 352.603, 339.09, 205.402, 117.799, 95.3984, 116.032, 90.4739, 145.373, 338.538, 138.922, 140.502, 194.822, 89.512, 224.216, 129.995, 114.973, 160.627, 185.505, 143.383, 240.178, 96.891, 131.284, 190.4, 95.5322, 129.782, 327.844, 123.867, 98.7197, 84.0976, 94.0725, 244.515, 180.65, 150.485, 121.275, 210.247, 108.97, 92.4612, 149.881, 194.294, 77.9545, 225.944, 87.5864, 189.271, 200.597, 99.1643, 153.637, 84.0244, 206.552, 83.5395, 201.301, 348.503, 84.3952, 87.8316, 134.912, 108.193, 148.111, 127.838, 244.077, 147.134, 108.838, 143.082, 99.931, 103.654, 243.505, 92.1309, 98.6745, 195.097, 267.517, 157.348, 135.917, 174.594, 135.217, 167.127, 101.291, 155.696, 78.4835, 115.265, 95.1911, 100.121, 137.272, 271.714, 131.307, 92.3813, 153.602, 224.533, 132.071, 175.216, 250.156, 261.614, 177.575];
HighestPossibleCritFunctionValue = 1.1;
