NumDevices = 128;
NumSlotes = 1024;


GivenBandwidthOld = [0.00962063, 0.00892486, 0.00884007, 0.00888388, 0.00756186, 0.00718609, 0.00411945, 0.0067821, 0.0080688, 0.00856123, 0.00988788, 0.00684953, 0.00386327, 0.00739663, 0.00521634, 0.00470891, 0.00763902, 0.00401318, 0.00822554, 0.00546076, 0.00645004, 0.00830005, 0.00774318, 0.00468692, 0.00678184, 0.00980044, 0.00600769, 0.00504524, 0.00416212, 0.00526793, 0.00928439, 0.00768328, 0.00413624, 0.00784152, 0.00743703, 0.00913866, 0.00840375, 0.00688159, 0.00520634, 0.00550473, 0.0080228, 0.00421367, 0.00919509, 0.00681712, 0.00910047, 0.00407192, 0.00796176, 0.00959405, 0.00593396, 0.00958618, 0.004935, 0.00755647, 0.00412375, 0.00407506, 0.00452166, 0.00423288, 0.00702147, 0.00609823, 0.0080133, 0.00697107, 0.00899252, 0.00853926, 0.00938812, 0.00730316, 0.00919597, 0.00920933, 0.00874219, 0.00751912, 0.00764904, 0.00991258, 0.00944769, 0.00850803, 0.00943988, 0.00848991, 0.00488347, 0.00391566, 0.00672984, 0.0046176, 0.00419768, 0.00923394, 0.00978368, 0.00554782, 0.0072937, 0.00642491, 0.00471872, 0.00380251, 0.00498237, 0.00993978, 0.00406527, 0.00878256, 0.00465025, 0.00925583, 0.00904712, 0.00748423, 0.00868275, 0.00847418, 0.00936833, 0.00603333, 0.00464313, 0.00837963, 0.00773902, 0.00971688, 0.00781661, 0.00751095, 0.00784982, 0.0094424, 0.00721709, 0.00632961, 0.00929907, 0.00452178, 0.00633049, 0.00536503, 0.00999218, 0.00984834, 0.00483008, 0.00665994, 0.00487849, 0.00786095, 0.00897673, 0.00566758, 0.00745676, 0.00956896, 0.00931248, 0.00487289, 0.00738318, 0.00403138, 0.00787701, 0.00394812];
GivenLatency = [375.011, 434.79, 544.494, 478.79, 594.565, 466.998, 1182.88, 654.692, 614.125, 453.816, 370.67, 631.671, 1127.11, 533.17, 694.059, 859.359, 593.772, 886.015, 523.875, 610.74, 687.932, 462.064, 511.59, 819.714, 666.815, 443.41, 591.985, 754.508, 1024, 745.461, 484.459, 569.277, 964.613, 599.838, 464.66, 402.612, 479.122, 530.124, 743.508, 828.264, 489.425, 1008.65, 402.174, 556.516, 391.601, 839.349, 506.35, 372.885, 840.113, 374.066, 940.738, 611.849, 845.716, 867.717, 1038.04, 1178.22, 520.826, 563.927, 521.194, 482.077, 371.181, 428.368, 419.122, 664.222, 536.081, 393.842, 486.134, 662.664, 637.248, 387.289, 476.053, 412.856, 364.242, 507.763, 792.068, 859.924, 637.401, 787.031, 832.221, 399.315, 419.972, 827.187, 483.897, 760.416, 1021.52, 1073.32, 888.065, 361.944, 914.173, 487.022, 849.827, 384.958, 446.303, 510.546, 477.402, 577.843, 386.045, 573.743, 730.935, 535.326, 456.037, 396.925, 467.954, 613.691, 526.277, 462.064, 513.398, 766.57, 401.568, 993.68, 668.112, 669.885, 366.799, 386.526, 740.995, 693.341, 780.669, 537.419, 453.55, 656.831, 644.418, 480.699, 407.604, 720.498, 480.349, 1030.62, 434.858, 1235.26];
HighestPossibleCritFunctionValue = 1.1;
