NumDevices = 32;
NumSlotes = 256;


GivenBandwidthOld = [0.0219466, 0.0170738, 0.0191855, 0.0356775, 0.0172316, 0.0208831, 0.0165975, 0.0389553, 0.0322508, 0.0243551, 0.0208384, 0.0165292, 0.0164926, 0.0260191, 0.0378217, 0.029679, 0.0246544, 0.0263371, 0.031965, 0.0213013, 0.0211021, 0.0224507, 0.038421, 0.0265451, 0.0286293, 0.0328457, 0.0225017, 0.0210602, 0.0181561, 0.0344429, 0.016381, 0.02619];
GivenLatency = [80.4589, 130.103, 102.767, 68.3919, 103.858, 100.753, 141.004, 47.5817, 75.5183, 72.3877, 90.3886, 148.476, 126.542, 69.6058, 53.1372, 58.7317, 94.0049, 63.8637, 54.0939, 114.489, 112.081, 82.0616, 58.3152, 68.0358, 69.3106, 57.875, 110.581, 92.2077, 112.733, 70.3673, 105.655, 84.6298];
HighestPossibleCritFunctionValue = 1.1;
