NumDevices = 128;
NumSlotes = 1024;


GivenBandwidthOld = [0.00246723, 0.00304924, 0.00364341, 0.00226466, 0.00158358, 0.00146531, 0.0042632, 0.00340048, 0.00374851, 0.00304896, 0.00192538, 0.00232319, 0.00405141, 0.00321383, 0.00415199, 0.00315324, 0.00147395, 0.0026978, 0.00319104, 0.00247144, 0.00187052, 0.00224326, 0.00125552, 0.00335713, 0.00328798, 0.00362723, 0.00216015, 0.00126164, 0.00317131, 0.00214004, 0.00389559, 0.00321423, 0.00151973, 0.00330145, 0.00178049, 0.00154411, 0.00380974, 0.00408068, 0.00146858, 0.00302572, 0.00208056, 0.00425888, 0.00278251, 0.00193305, 0.00318879, 0.00216435, 0.00316678, 0.00412567, 0.00135542, 0.00426439, 0.00155411, 0.00310453, 0.00165785, 0.00288595, 0.00298974, 0.00354487, 0.00237028, 0.0016991, 0.00232002, 0.00388536, 0.00312841, 0.00299103, 0.00344104, 0.00423984, 0.00145798, 0.00298247, 0.00330232, 0.00388471, 0.00163129, 0.00334236, 0.00187638, 0.00386767, 0.00265064, 0.00428255, 0.00366363, 0.00148101, 0.00266512, 0.00385138, 0.00397322, 0.00162353, 0.00415625, 0.00289502, 0.00222297, 0.00393088, 0.00251152, 0.00354573, 0.0042561, 0.00293487, 0.00324162, 0.00247582, 0.00361678, 0.00166116, 0.00217921, 0.00282608, 0.00291615, 0.00431591, 0.00186006, 0.00135544, 0.00158635, 0.00421998, 0.00212723, 0.00425523, 0.0038899, 0.00136202, 0.0027335, 0.00315997, 0.00214227, 0.00392213, 0.00232432, 0.00417279, 0.0026526, 0.00283267, 0.0042754, 0.00230496, 0.00377933, 0.00231592, 0.00363789, 0.0033247, 0.00195543, 0.00428675, 0.00245563, 0.00179733, 0.00334481, 0.00248679, 0.00353845, 0.00381835, 0.00193965, 0.00165482];
GivenLatency = [212.1, 194.443, 92.8458, 161.24, 226.56, 227.075, 125.874, 138.011, 96.1137, 176.47, 331.476, 144.868, 88.7659, 104.052, 157.357, 106.503, 399.711, 196.515, 108.884, 168.326, 205.672, 153.071, 396.997, 106.042, 120.041, 126.372, 169.977, 253.8, 122.046, 261.997, 111.1, 122.682, 237.832, 150.261, 296.653, 338.722, 150.706, 80.4767, 422.057, 103.821, 220.297, 93.9072, 122.254, 193.804, 130.157, 198.639, 165.564, 102.306, 257.2, 85.8679, 280.572, 105.82, 222.684, 174.834, 198.051, 165.404, 141.771, 225.086, 213.978, 96.3606, 135.421, 117.992, 109.23, 142.101, 297.316, 150.815, 94.9259, 116.073, 303.068, 94.5362, 329.198, 111.191, 151.925, 96.062, 106.111, 249.202, 122.475, 96.8817, 132.288, 333.456, 82.9087, 121.299, 219.532, 111.802, 188.268, 128.086, 89.4206, 203.985, 150.572, 129.475, 123.12, 193.878, 194.193, 128.152, 131.797, 126.721, 215.728, 407.596, 250.435, 100.742, 178.659, 142.039, 98.5374, 271.897, 122.411, 129.741, 209.894, 111.21, 179.663, 109.713, 243.523, 125.083, 89.3232, 140.124, 128.677, 231.516, 152.007, 103.646, 203.764, 88.6108, 157.193, 221.996, 107.212, 218.8, 88.5096, 90.7691, 243.561, 200.434];
HighestPossibleCritFunctionValue = 1.1;
