NumDevices = 64;
NumSlotes = 512;


GivenBandwidthOld = [0.0133322, 0.0169883, 0.014699, 0.0140377, 0.0122183, 0.00798607, 0.014349, 0.0191999, 0.00953785, 0.00757794, 0.0173772, 0.013863, 0.0137457, 0.0161603, 0.0107986, 0.010219, 0.0189267, 0.0188836, 0.0194413, 0.0178025, 0.0120223, 0.0143491, 0.0196147, 0.0185406, 0.01716, 0.0133342, 0.0130266, 0.0185826, 0.00952494, 0.0156286, 0.0129286, 0.0076502, 0.0194937, 0.011009, 0.00896587, 0.0193442, 0.0103157, 0.0187249, 0.014458, 0.0126639, 0.0093637, 0.0181652, 0.0078392, 0.00847869, 0.0188907, 0.0135628, 0.0169954, 0.00921893, 0.0101483, 0.0166709, 0.0173101, 0.0109172, 0.0157289, 0.0109541, 0.0101725, 0.0124829, 0.0180051, 0.0167532, 0.0133228, 0.00864646, 0.0135442, 0.0174449, 0.0147799, 0.0103134];
GivenLatency = [177.713, 194.893, 167.228, 166.843, 226.635, 351.93, 172.788, 156.072, 260.993, 429.458, 170.107, 230.254, 233.273, 160.337, 299.868, 226.801, 171.329, 140.941, 133.14, 144.888, 226.34, 194.513, 131.364, 168.082, 155.324, 168.749, 196.16, 129.274, 272.235, 151.185, 190.753, 329.858, 129.845, 214.293, 317.814, 122.818, 292.554, 157.914, 221.196, 256.745, 317.582, 138, 396.834, 277.34, 146.227, 200.619, 167.4, 331.717, 255.4, 186.505, 182.466, 245.289, 164.525, 297.397, 288.339, 237.683, 144.372, 164.695, 249.705, 323.544, 220.666, 155.808, 152.762, 270.627];
HighestPossibleCritFunctionValue = 1.1;
