NumDevices = 128;
NumSlotes = 1024;


GivenBandwidthOld = [0.00928004, 0.00955383, 0.00501017, 0.00837853, 0.00795403, 0.00456166, 0.00787219, 0.00411977, 0.00602064, 0.0038754, 0.00512862, 0.00549227, 0.00485354, 0.00720365, 0.00544793, 0.00955647, 0.00553712, 0.00858328, 0.00547635, 0.00593457, 0.00732092, 0.007689, 0.00652644, 0.00486752, 0.0046106, 0.0054236, 0.00690362, 0.00663334, 0.00774056, 0.00428064, 0.00972535, 0.00651768, 0.00769651, 0.00770136, 0.00791985, 0.0051313, 0.00678762, 0.00710275, 0.00975101, 0.0064141, 0.00425853, 0.00679296, 0.00923831, 0.00825494, 0.0058368, 0.00781913, 0.00620242, 0.00915481, 0.00487653, 0.0061678, 0.00854199, 0.00521513, 0.00938896, 0.00907489, 0.00535743, 0.00732209, 0.0085737, 0.00688511, 0.00805477, 0.00407845, 0.00520923, 0.00397329, 0.00657844, 0.00380643, 0.0083624, 0.00557903, 0.00673591, 0.00674805, 0.00442461, 0.00449859, 0.00401303, 0.00576141, 0.00953816, 0.00411435, 0.00855602, 0.00972848, 0.0091371, 0.00728442, 0.00674433, 0.00453432, 0.00448696, 0.00853302, 0.00452318, 0.00484516, 0.00390428, 0.00924045, 0.00673565, 0.00855345, 0.00411473, 0.00873611, 0.00535311, 0.00974728, 0.00636624, 0.0062268, 0.00628331, 0.00604961, 0.0095415, 0.00395461, 0.00518664, 0.00556426, 0.00848539, 0.00392048, 0.00653339, 0.00910995, 0.00710433, 0.00499239, 0.00952896, 0.00576856, 0.00464138, 0.00390063, 0.00421776, 0.00907016, 0.00726345, 0.00436534, 0.00820462, 0.00376485, 0.00965291, 0.00775498, 0.0091699, 0.00850916, 0.00963805, 0.00801823, 0.00856637, 0.00866724, 0.00408936, 0.00736114, 0.00869786, 0.00613543];
GivenLatency = [400.08, 473.739, 928.236, 526.374, 618.687, 978.03, 473.248, 977.198, 581.057, 902.451, 867.333, 693.53, 734.018, 571.308, 812.066, 364.442, 748.296, 508.129, 682.732, 564.865, 501.246, 455.304, 602.982, 1017.76, 929.038, 806.233, 621.561, 532.107, 474.52, 895.112, 402.293, 535.599, 481.414, 527.265, 442.271, 730.24, 570.508, 683.145, 365.133, 711.28, 929.765, 716.827, 395.257, 463.922, 684.908, 428.784, 646.3, 522.035, 821.269, 625.895, 399.676, 865.639, 410.084, 437.61, 721.673, 578.305, 455.673, 515.717, 518.954, 941.783, 715.802, 902.492, 700.48, 875.944, 449.775, 818.954, 707.521, 521.42, 869.472, 826.269, 1206.34, 691.967, 399.137, 1098.75, 467.677, 457.776, 519.679, 569.674, 659.109, 771.787, 889.911, 524.82, 782.034, 708.782, 980.872, 518.179, 522.223, 400.904, 904.489, 527.308, 776.675, 416.453, 564.148, 631.065, 715.591, 595.404, 392.945, 1106.91, 673.461, 806.351, 526.872, 992.397, 700.989, 381.467, 578.212, 721.364, 363.227, 641.479, 936.38, 1025.13, 965.226, 393.71, 672.84, 1021.54, 527.304, 1205.88, 482.467, 605.303, 447.272, 503.243, 379.025, 426.01, 570.813, 444.596, 881.667, 539.978, 502.027, 720.033];
HighestPossibleCritFunctionValue = 1.1;
