NumDevices = 16;
NumSlotes = 128;


GivenBandwidthOld = [0.0140538, 0.018017, 0.0263437, 0.0242593, 0.0154778, 0.0248299, 0.031687, 0.0289692, 0.0245528, 0.0237212, 0.0227876, 0.031399, 0.0123228, 0.0238293, 0.0142384, 0.0200505];
GivenLatency = [24.8734, 25.5696, 16.5321, 23.708, 38.7304, 15.1663, 14.0663, 14.5034, 19.1846, 14.1511, 18.9844, 16.7115, 30.8033, 18.6547, 28.6377, 25.8598];
HighestPossibleCritFunctionValue = 1.1;
