NumDevices = 16;
NumSlotes = 128;


GivenBandwidthOld = [0.0247906, 0.0204518, 0.0228823, 0.0226405, 0.034044, 0.0178372, 0.0302946, 0.0259075, 0.0167725, 0.03459, 0.0198216, 0.0319399, 0.0281163, 0.016256, 0.0294846, 0.0129624];
GivenLatency = [15.6612, 24.0759, 21.7433, 17.5914, 9.93418, 30.9613, 12.2826, 18.1071, 18.0533, 13.3046, 25.6283, 10.2, 16.5667, 26.2677, 18.1696, 28.6405];
HighestPossibleCritFunctionValue = 1.1;
