NumDevices = 32;
NumSlotes = 256;


GivenBandwidthOld = [0.0302405, 0.0369882, 0.0212929, 0.0302503, 0.0270121, 0.027767, 0.0157221, 0.0267001, 0.0329474, 0.0320153, 0.0168358, 0.019793, 0.0212927, 0.0257298, 0.0257857, 0.0151329, 0.0244059, 0.0253437, 0.0371214, 0.034045, 0.0295754, 0.033189, 0.017676, 0.0399298, 0.0358892, 0.024549, 0.0305549, 0.0209033, 0.0322897, 0.0281608, 0.033103, 0.0223091];
GivenLatency = [59.3902, 56.2951, 88.9866, 62.0075, 65.6991, 75.145, 125.745, 67.6148, 58.8111, 76.4356, 119.922, 107.552, 83.4091, 65.837, 88.2475, 111.607, 102.151, 86.2224, 54.4755, 69.424, 62.8045, 54.5375, 95.1303, 48.0553, 52.2948, 89.5159, 61.2675, 79.7429, 70.4159, 73.2355, 53.1334, 84.0354];
HighestPossibleCritFunctionValue = 1.1;
