NumDevices = 64;
NumSlotes = 512;


GivenBandwidthOld = [0.0131739, 0.009328, 0.0106534, 0.016223, 0.0153764, 0.016187, 0.00970816, 0.0101075, 0.0116933, 0.0149007, 0.0108094, 0.00854525, 0.0149931, 0.0140065, 0.0128438, 0.00997153, 0.0165457, 0.00785748, 0.0156959, 0.0161822, 0.00866384, 0.00816532, 0.00945646, 0.00977608, 0.0115635, 0.0126727, 0.0143493, 0.0129926, 0.0115654, 0.0139731, 0.0113176, 0.010694, 0.00855697, 0.0119517, 0.00792908, 0.00905027, 0.012951, 0.0128254, 0.0113094, 0.0119189, 0.0160128, 0.012392, 0.00762535, 0.0142436, 0.00777803, 0.0103927, 0.0154434, 0.0114606, 0.0139491, 0.0170995, 0.0167583, 0.011087, 0.0144486, 0.0131148, 0.0146342, 0.0117925, 0.0117897, 0.0143026, 0.00824999, 0.0125091, 0.0161417, 0.00830731, 0.0159275, 0.00895508];
GivenLatency = [78.7186, 133.056, 95.0014, 61.5178, 65.6735, 60.0468, 97.4109, 101.472, 83.3484, 70.7441, 95.5878, 143.8, 60.9057, 88.2922, 90.8078, 93.686, 72.4302, 130.477, 70.7876, 57.7498, 128.026, 133.086, 115.017, 94.2358, 100.789, 77.214, 79.1983, 76.333, 79.6523, 76.7974, 98.4169, 99.5644, 131.183, 88.5581, 144.825, 125.991, 79.3502, 82.8709, 86.8096, 93.9439, 73.0654, 92.9145, 157.054, 79.4664, 126.993, 113.142, 74.1672, 96.6312, 69.5879, 62.4856, 66.5999, 111.466, 82.1881, 76.8803, 75.8389, 103.762, 96.3366, 79.2651, 111.159, 80.1202, 60.451, 139.552, 68.9806, 124.138];
HighestPossibleCritFunctionValue = 1.1;
