NumDevices = 64;
NumSlotes = 512;


GivenBandwidthOld = [0.0164354, 0.00911133, 0.0141034, 0.0150603, 0.0103936, 0.0149238, 0.0161628, 0.0155832, 0.0125135, 0.0191967, 0.0185158, 0.0117504, 0.0187054, 0.011439, 0.0100988, 0.0102097, 0.0123698, 0.0165656, 0.0105873, 0.00875981, 0.0185778, 0.0165516, 0.0121969, 0.0114889, 0.0121993, 0.0144497, 0.0112565, 0.0178444, 0.0157085, 0.0179084, 0.01591, 0.0166653, 0.0107233, 0.0182242, 0.0110567, 0.00976437, 0.014817, 0.0094107, 0.00821401, 0.00787156, 0.0147735, 0.0159574, 0.0128566, 0.0106886, 0.0113561, 0.0171794, 0.0139245, 0.00862763, 0.00951492, 0.00971818, 0.0134093, 0.0123104, 0.0186606, 0.00828546, 0.00879573, 0.00991493, 0.0077213, 0.0144016, 0.0147643, 0.0105285, 0.00756651, 0.0128968, 0.0109968, 0.0154725];
GivenLatency = [161.7, 246.504, 182.785, 161.118, 255.978, 185.692, 185.465, 176.859, 181.393, 119.842, 132.771, 197.408, 121.8, 226.294, 220.285, 231.336, 198.818, 153.138, 210.711, 298.281, 147.967, 155.155, 270.304, 215.593, 185.747, 221.52, 211.871, 170.389, 171.896, 160.309, 144.17, 144.663, 210.561, 154.707, 270.926, 283.226, 173.881, 265.935, 321.828, 304.819, 161.211, 150.889, 178.029, 260.3, 292.072, 154.122, 228.541, 351.646, 242.367, 229.828, 232.182, 203.939, 121.126, 273.144, 276.586, 325.501, 396.441, 222.65, 179.595, 264.514, 423.41, 189.958, 273.347, 199.228];
HighestPossibleCritFunctionValue = 1.1;
