NumDevices = 16;
NumSlotes = 128;


GivenBandwidthOld = [0.0187741, 0.026838, 0.031238, 0.032653, 0.0142556, 0.0345618, 0.0196636, 0.0255541, 0.0277728, 0.0180541, 0.0252216, 0.0143104, 0.0303957, 0.0262987, 0.0171023, 0.0276634];
GivenLatency = [18.3179, 15.0813, 9.87315, 19.0515, 28.3064, 11.9742, 24.4702, 12.9681, 18.936, 28.7877, 18.6962, 28.9002, 10.4913, 17.0244, 21.5049, 12.0936];
HighestPossibleCritFunctionValue = 1.1;
