NumDevices = 64;
NumSlotes = 512;


GivenBandwidthOld = [0.011308, 0.00830504, 0.0128965, 0.0192908, 0.0129209, 0.0171115, 0.0102893, 0.0115534, 0.00793949, 0.0189573, 0.0196863, 0.01042, 0.00959067, 0.00790283, 0.0153717, 0.00773392, 0.0139411, 0.0131258, 0.00968753, 0.0108913, 0.0181812, 0.014021, 0.0184954, 0.00767339, 0.009153, 0.0144051, 0.0117473, 0.0171124, 0.013032, 0.00869381, 0.00931006, 0.0166873, 0.0188175, 0.00806832, 0.00927327, 0.0108112, 0.00904295, 0.0148017, 0.014881, 0.00994471, 0.00818269, 0.018966, 0.0157299, 0.0147388, 0.0199252, 0.0132571, 0.0167671, 0.00968243, 0.0126497, 0.00923165, 0.0113038, 0.0134414, 0.0145231, 0.0197612, 0.0182883, 0.0138133, 0.0148207, 0.00837784, 0.0112714, 0.0187313, 0.00911212, 0.0149249, 0.0104621, 0.0170477];
GivenLatency = [241.52, 375.016, 203.677, 137.492, 196.698, 165.637, 269.255, 209.234, 304.022, 135.777, 115.356, 276.501, 274.721, 362.088, 182.956, 289.38, 177.214, 177.69, 241.791, 210.03, 181.174, 176.615, 160.476, 333.153, 276.765, 170.07, 221.885, 152.438, 240.486, 276.72, 289.738, 154.15, 165.888, 396.572, 326.48, 289.001, 333.778, 152.13, 212.31, 248.478, 272.324, 143.484, 151.388, 181.481, 127.128, 188.936, 134.219, 305.574, 231.656, 346.179, 232.877, 199.253, 229.048, 157.668, 121.654, 173.499, 177.32, 284.605, 292.097, 142.278, 365.285, 169.896, 311.351, 146.494];
HighestPossibleCritFunctionValue = 1.1;
