NumDevices = 64;
NumSlotes = 512;


GivenBandwidthOld = [0.0163823, 0.0179877, 0.0120754, 0.0179912, 0.0199007, 0.0132273, 0.0162139, 0.0111933, 0.0177667, 0.00911543, 0.00808967, 0.0180476, 0.0190666, 0.0198766, 0.00875369, 0.015727, 0.0169876, 0.01513, 0.0196146, 0.0182509, 0.0111176, 0.00899222, 0.0122386, 0.0120352, 0.0177981, 0.0118898, 0.0114482, 0.015192, 0.0116729, 0.0166384, 0.0090674, 0.0132393, 0.0182155, 0.0149761, 0.00892957, 0.0092473, 0.0119346, 0.0144934, 0.00884089, 0.0187791, 0.0122157, 0.0140648, 0.0167146, 0.0154669, 0.0196969, 0.0128204, 0.0141345, 0.013741, 0.012912, 0.0177043, 0.0118176, 0.0109415, 0.0112248, 0.0100224, 0.0145535, 0.0181115, 0.0169011, 0.0116737, 0.0176823, 0.0167867, 0.0135296, 0.0102013, 0.00781884, 0.0162495];
GivenLatency = [186.275, 176.35, 266.57, 135.706, 135.96, 205.092, 152.763, 292.182, 180.405, 262.201, 405.767, 160.714, 166.848, 143.353, 339.297, 145.83, 153.438, 166.396, 115.97, 135.692, 211.423, 254.866, 184.724, 226.534, 170.261, 251.688, 257.857, 199.228, 202.498, 178.569, 347.543, 196.362, 125.754, 184.644, 297.568, 250.029, 274.501, 171.943, 287.06, 120.123, 233.688, 190.411, 166.304, 154.754, 134.855, 195.923, 225.485, 227.416, 186.209, 136.477, 243.005, 293.527, 208.272, 224.134, 226.717, 151.728, 144.633, 283.15, 128.924, 178.595, 184.234, 279.846, 317.594, 156.239];
HighestPossibleCritFunctionValue = 1.1;
