NumDevices = 128;
NumSlotes = 1024;


GivenBandwidthOld = [0.0021871, 0.00429435, 0.00206654, 0.00297256, 0.00233329, 0.00180291, 0.00332798, 0.00402998, 0.00255892, 0.00332194, 0.00246076, 0.00357456, 0.00141769, 0.00399571, 0.00151659, 0.00372463, 0.0017213, 0.00364385, 0.00346935, 0.00193495, 0.0038685, 0.0040637, 0.00356381, 0.00192623, 0.00411194, 0.00193255, 0.00414316, 0.00154753, 0.00191297, 0.00311592, 0.00231071, 0.00360834, 0.00353138, 0.00384113, 0.0035518, 0.00321506, 0.00299513, 0.0034884, 0.00328673, 0.00136, 0.0031512, 0.00164422, 0.00190767, 0.00152192, 0.00268566, 0.00221267, 0.00275162, 0.0015096, 0.00180175, 0.0025589, 0.00298108, 0.00170403, 0.00397651, 0.00389616, 0.00344262, 0.00265978, 0.00165958, 0.00379143, 0.00253758, 0.00404782, 0.00234603, 0.00353732, 0.00355111, 0.00409036, 0.00162995, 0.00276321, 0.00252953, 0.00323809, 0.00259777, 0.00322464, 0.00154708, 0.00371292, 0.00183499, 0.00198942, 0.00375378, 0.00415688, 0.00410668, 0.00403082, 0.00416641, 0.00174512, 0.00404308, 0.00391971, 0.00224618, 0.00342977, 0.00223059, 0.00393438, 0.00195104, 0.00246118, 0.00435947, 0.00266095, 0.00261843, 0.00359564, 0.00258526, 0.00235066, 0.00322624, 0.00337028, 0.00236895, 0.00427442, 0.00142016, 0.00170707, 0.00205495, 0.00188476, 0.00396768, 0.00237413, 0.00385281, 0.00284604, 0.00403581, 0.00366808, 0.00125899, 0.00233204, 0.00275543, 0.00299838, 0.00195949, 0.00382843, 0.00251719, 0.00202547, 0.00335689, 0.00240556, 0.00406097, 0.00153872, 0.00376144, 0.00157709, 0.00176642, 0.0026409, 0.00315031, 0.00228852, 0.00256683, 0.00188704];
GivenLatency = [254.814, 88.9079, 270.063, 177.928, 169.257, 248.141, 119.502, 92.8629, 127.656, 149.844, 169.378, 179.388, 414.066, 155.991, 389.226, 124.967, 378.145, 126.371, 137.719, 185.044, 127.827, 94.3259, 90.5025, 302.326, 91.3058, 173.174, 107.654, 332.396, 303.779, 210.204, 156.395, 110.947, 148.607, 88.3618, 94.4509, 99.445, 108.88, 169.484, 116.306, 362.229, 157.964, 277.767, 218.703, 345.644, 167.908, 179.103, 123.215, 226.476, 296.06, 196.249, 190.251, 185.844, 159.343, 120.097, 99.6407, 206.034, 304.135, 132.323, 167.324, 136.37, 243.384, 118.858, 138.623, 110.858, 360.358, 119.868, 161.679, 135.851, 141.878, 178.974, 376.074, 131.424, 250.802, 221.423, 125.61, 81.4409, 97.9991, 86.8123, 140.144, 329.957, 98.4864, 85.9191, 233.948, 124.261, 211.795, 93.386, 294.173, 213.632, 82.9225, 126.469, 214.044, 109.144, 152.982, 152.721, 111.939, 150.433, 150.164, 96.0874, 316.094, 252.194, 227.611, 221.649, 136.662, 166.954, 146.86, 165.035, 81.6647, 105.461, 252.249, 262.949, 209.533, 162.784, 245.619, 87.0372, 142.132, 323.647, 113.162, 211.352, 98.1823, 251.168, 145.575, 223.676, 233.934, 152.429, 121.914, 164.675, 157.25, 171.695];
HighestPossibleCritFunctionValue = 1.1;
