NumDevices = 32;
NumSlotes = 256;


GivenBandwidthOld = [0.0122842, 0.00609358, 0.00972272, 0.0172573, 0.0140163, 0.0167568, 0.0144585, 0.0120651, 0.0101856, 0.00889035, 0.0150507, 0.0141396, 0.0145445, 0.00699666, 0.0128706, 0.0111476, 0.0144487, 0.00953639, 0.0106446, 0.0106103, 0.00943953, 0.00763933, 0.0141388, 0.0130461, 0.0102203, 0.00580119, 0.00805534, 0.0061487, 0.0111617, 0.0154679, 0.0137061, 0.0154056];
GivenLatency = [51.9157, 71.9644, 47.3839, 22.5617, 39.5886, 26.165, 33.5595, 29.4811, 47.1371, 39.443, 30.093, 22.3037, 39.2513, 52.1255, 33.8319, 50.7629, 37.0091, 64.7204, 39.8611, 29.413, 47.5303, 51.5611, 44.4039, 27.517, 29.9891, 72.7111, 72.7574, 51.5408, 44.6896, 20.5312, 27.3216, 25.131];
HighestPossibleCritFunctionValue = 1.1;
