NumDevices = 64;
NumSlotes = 512;


GivenBandwidthOld = [0.00805767, 0.0177036, 0.0117572, 0.00758953, 0.0121883, 0.0156588, 0.00807376, 0.0132503, 0.0155846, 0.0101754, 0.0108718, 0.0148416, 0.0108393, 0.0178584, 0.0144219, 0.0194014, 0.00989808, 0.0120513, 0.0141314, 0.0119091, 0.0118141, 0.0139469, 0.0106227, 0.0150391, 0.0172475, 0.00896651, 0.0177215, 0.0123221, 0.0153918, 0.00787757, 0.0158896, 0.0118148, 0.0144489, 0.0109943, 0.0116059, 0.0159448, 0.0143376, 0.0148547, 0.0181311, 0.00933177, 0.0189878, 0.00788131, 0.0161099, 0.0148606, 0.0166109, 0.0091853, 0.0199274, 0.0118901, 0.0162158, 0.0197241, 0.00754506, 0.0148325, 0.00754925, 0.0102016, 0.0141196, 0.01239, 0.0193176, 0.0132922, 0.0193126, 0.0174619, 0.0121556, 0.0167445, 0.0172072, 0.0191801];
GivenLatency = [326.861, 134.453, 240.872, 301.315, 238.62, 158.822, 315.079, 185.762, 175.127, 249.84, 289.937, 196.28, 213.786, 139.745, 198.613, 149.844, 306.321, 192.177, 174.925, 234.924, 277.505, 183.243, 261.433, 176.159, 170.718, 318.254, 144.917, 216.35, 154.812, 365.999, 193.676, 267.865, 202.501, 255.649, 234.252, 197.265, 157.949, 202.454, 123.504, 323.266, 122.381, 407.963, 189.49, 183.045, 173.542, 253.421, 153.989, 188.207, 180.709, 126.951, 419.394, 222.426, 359.202, 246.429, 199.23, 245.21, 122.666, 175.207, 125.78, 128.201, 233.983, 144.873, 130.387, 131.774];
HighestPossibleCritFunctionValue = 1.1;
