NumDevices = 64;
NumSlotes = 512;


GivenBandwidthOld = [0.00788785, 0.0060705, 0.00568494, 0.00674927, 0.00755202, 0.00552473, 0.00787386, 0.0084853, 0.00368614, 0.00674091, 0.00444904, 0.00384362, 0.0035241, 0.00825338, 0.00584545, 0.00450776, 0.00314342, 0.00403148, 0.00454553, 0.0066536, 0.0057665, 0.00255135, 0.00304798, 0.00612637, 0.00715173, 0.00289153, 0.0078761, 0.00867284, 0.00565017, 0.00361221, 0.00784338, 0.00866682, 0.0044064, 0.00579456, 0.0054392, 0.00788085, 0.00714101, 0.00400741, 0.00636075, 0.00267307, 0.00500221, 0.00721596, 0.0074046, 0.00287261, 0.00868064, 0.0054333, 0.00874653, 0.00661783, 0.00460023, 0.00736815, 0.00282714, 0.00705826, 0.00688173, 0.00870254, 0.0048432, 0.00333379, 0.00352147, 0.0078901, 0.00642469, 0.00858174, 0.0057914, 0.0085776, 0.00496028, 0.00871833];
GivenLatency = [42.5868, 105.012, 69.5859, 64.2719, 45.588, 105.236, 57.9813, 62.6772, 142.833, 62.5792, 106.948, 89.7337, 130.992, 54.8545, 104.823, 78.6013, 108.139, 79.0972, 80.7925, 62.7698, 60.6044, 189.533, 115.833, 84.3696, 84.1981, 197.536, 48.0065, 55.868, 57.3397, 104.97, 50.6062, 46.1567, 141.192, 63.5765, 97.1479, 43.7492, 58.9882, 161.595, 58.9097, 208.307, 113.031, 58.4538, 53.9003, 201.384, 41.9876, 65.0137, 37.8462, 74.9232, 125.183, 48.0477, 113.039, 46.7973, 46.338, 70.8298, 66.9771, 119.437, 180.462, 77.3672, 60.2199, 58.8899, 80.1478, 63.4231, 65.5365, 55.1776];
HighestPossibleCritFunctionValue = 1.1;
