NumDevices = 64;
NumSlotes = 512;


GivenBandwidthOld = [0.00762317, 0.00758374, 0.00738328, 0.00702825, 0.00260459, 0.00413956, 0.00850274, 0.00300168, 0.00299616, 0.00397849, 0.00780174, 0.0026291, 0.0035357, 0.00317782, 0.00704495, 0.00816795, 0.00742725, 0.00853278, 0.00792312, 0.00515755, 0.0055271, 0.00400596, 0.00696723, 0.00826232, 0.0059988, 0.0067854, 0.00850026, 0.00516969, 0.00325664, 0.00692634, 0.0084852, 0.00824878, 0.00344378, 0.00844158, 0.00637518, 0.00765771, 0.00690281, 0.0067762, 0.0037748, 0.00308833, 0.00299311, 0.00274762, 0.00798378, 0.00588788, 0.00505432, 0.00796946, 0.00276469, 0.00734452, 0.00566258, 0.0059618, 0.00373643, 0.00817407, 0.00416542, 0.00572918, 0.00655855, 0.0083248, 0.00620011, 0.00280875, 0.00420257, 0.00517968, 0.00856525, 0.0036897, 0.00402571, 0.00763678];
GivenLatency = [58.256, 42.8555, 66.5238, 60.0079, 182.268, 131.615, 37.559, 141.135, 120.439, 138.825, 40.2698, 122.785, 109.019, 131.323, 70.63, 43.2199, 59.9793, 45.0584, 71.1142, 97.8457, 62.9028, 134.125, 79.0214, 38.5362, 71.4978, 60.023, 61.2951, 63.3719, 182.455, 66.3031, 39.7115, 78.2824, 145.405, 52.9769, 51.7331, 64.0829, 68.1083, 55.3605, 120.551, 125.583, 109.291, 149.122, 39.0811, 60.9664, 76.6003, 50.2073, 183.103, 50.3315, 72.855, 83.3673, 124.951, 40.828, 77.5238, 61.0738, 54.0896, 42.9157, 67.3036, 114.901, 76.5606, 64.0005, 67.4143, 105.183, 135.733, 40.4952];
HighestPossibleCritFunctionValue = 1.1;
