NumDevices = 16;
NumSlotes = 128;


GivenBandwidthOld = [0.0345079, 0.033877, 0.030705, 0.0395754, 0.0441329, 0.0417909, 0.0397097, 0.0613883, 0.0539417, 0.0581275, 0.0497193, 0.0517689, 0.0597038, 0.0617397, 0.0395772, 0.0338111];
GivenLatency = [27.9701, 30.8966, 27.2808, 19.448, 20.811, 22.4329, 24.9126, 15.365, 16.5557, 19.0864, 16.4527, 17.4533, 14.4704, 17.9612, 21.8883, 24.4359];
HighestPossibleCritFunctionValue = 1.1;
