NumDevices = 32;
NumSlotes = 256;


GivenBandwidthOld = [0.0199792, 0.0258652, 0.0263787, 0.0312406, 0.0200959, 0.036573, 0.0175604, 0.021848, 0.0342486, 0.0265778, 0.0288305, 0.0393131, 0.0194771, 0.036052, 0.036075, 0.023253, 0.0225933, 0.0357074, 0.0184512, 0.0198149, 0.0387738, 0.0306303, 0.0380952, 0.0266236, 0.022144, 0.0342444, 0.0306162, 0.0257054, 0.0158567, 0.0387309, 0.0355104, 0.0331326];
GivenLatency = [114.341, 72.9962, 72.684, 58.8727, 93.5671, 67.6418, 134.722, 99.0383, 48.6776, 71.8139, 75.0392, 48.058, 114.604, 51.5271, 64.887, 102.731, 82.6851, 56.4443, 95.4047, 121.387, 44.5901, 70.0623, 55.2774, 81.3464, 104.925, 72.4931, 75.3321, 67.5076, 127.735, 57.3538, 60.2817, 69.1932];
HighestPossibleCritFunctionValue = 1.1;
