NumDevices = 32;
NumSlotes = 256;


GivenBandwidthOld = [0.00800436, 0.0118213, 0.0133078, 0.00981637, 0.0161556, 0.010499, 0.0143708, 0.0118223, 0.00572395, 0.0100005, 0.0116242, 0.0128707, 0.0129638, 0.0144367, 0.00719647, 0.0086408, 0.00840731, 0.0091557, 0.0124306, 0.0156821, 0.0147682, 0.0173905, 0.014752, 0.00761719, 0.0170443, 0.00905215, 0.00940857, 0.0122572, 0.0140096, 0.0165187, 0.0116299, 0.00851432];
GivenLatency = [64.8326, 50.0233, 26.0449, 33.8106, 20.8879, 33.69, 41.0233, 38.146, 54.2698, 35.8471, 29.4147, 29.2981, 30.566, 31.8116, 62.0414, 64.7816, 38.4617, 60.1045, 43.1037, 25.7728, 20.7588, 35.4543, 25.1239, 73.1749, 26.7133, 40.6767, 54.7201, 41.5926, 30.4647, 26.3975, 35.0851, 66.7279];
HighestPossibleCritFunctionValue = 1.1;
