NumDevices = 128;
NumSlotes = 1024;


GivenBandwidthOld = [0.00548197, 0.00802608, 0.0068994, 0.00568142, 0.00512328, 0.00438644, 0.00546856, 0.00751915, 0.00692935, 0.0041631, 0.00676432, 0.00539097, 0.00849788, 0.00641437, 0.00387666, 0.00753887, 0.0083543, 0.00815823, 0.00779846, 0.00613731, 0.00724553, 0.00815403, 0.00735409, 0.00766001, 0.00430099, 0.0041816, 0.00772687, 0.00791979, 0.0054149, 0.00575154, 0.00870757, 0.00563272, 0.00656562, 0.0059282, 0.00772375, 0.00552307, 0.00873475, 0.00745801, 0.00423261, 0.0049188, 0.00780387, 0.00716233, 0.00472511, 0.00741212, 0.00793918, 0.00631693, 0.00616033, 0.00417794, 0.00615396, 0.00712918, 0.00754925, 0.0077564, 0.00439081, 0.00379377, 0.00439858, 0.00441497, 0.00495584, 0.0053478, 0.00791288, 0.00427197, 0.00655239, 0.00850646, 0.00560748, 0.00740079, 0.00755105, 0.00797135, 0.00706798, 0.00403696, 0.00661689, 0.00757776, 0.00692813, 0.00861583, 0.0037707, 0.00673413, 0.00802803, 0.00463694, 0.00561847, 0.00707391, 0.00871528, 0.00516731, 0.00441638, 0.00861809, 0.00669647, 0.005044, 0.00708083, 0.00501798, 0.00471041, 0.00530014, 0.00698577, 0.00730445, 0.00847294, 0.00724906, 0.00749627, 0.00724433, 0.00789673, 0.00783553, 0.00418036, 0.00681852, 0.00643032, 0.00690652, 0.00545786, 0.00771364, 0.00569246, 0.00569729, 0.00686547, 0.00539314, 0.00508424, 0.00834718, 0.00863462, 0.00453633, 0.00466122, 0.00870931, 0.00485333, 0.00736681, 0.0065152, 0.0084428, 0.00560834, 0.00694242, 0.00870755, 0.00532815, 0.0077726, 0.00654708, 0.00435386, 0.00788603, 0.00793801, 0.00671677, 0.00621215, 0.00509917];
GivenLatency = [228.916, 122.388, 155.57, 204.153, 198.428, 256.724, 182.657, 144.813, 155.439, 259.819, 161.131, 203.344, 112.79, 202.207, 279.809, 149.628, 147.184, 132.384, 146.255, 185.834, 167.426, 119.206, 165.512, 166.011, 268.391, 232.785, 167.067, 151.254, 207.371, 189.802, 138.811, 209.984, 152.572, 209.116, 142.841, 204.741, 119.924, 140.771, 275.076, 205.583, 138.963, 161.124, 239.724, 141.285, 159.734, 198.777, 192.189, 244.57, 197.513, 161.901, 142.391, 130.262, 290.749, 298.996, 228.979, 229.06, 224.115, 225.542, 145.036, 285.12, 175.682, 118.621, 189.546, 133.61, 151.015, 146.672, 156.197, 292.704, 184.637, 154.944, 150.279, 145.967, 291.257, 178.265, 145.6, 246.773, 187.773, 150.57, 143.287, 210.401, 289.125, 123.569, 192.68, 195.297, 181.538, 192.029, 255.463, 241.069, 151.765, 138.139, 127.302, 151.953, 128.34, 176.222, 123.877, 158.409, 273.263, 164.813, 183.949, 142.265, 214.168, 145.564, 188.363, 220.727, 157.892, 213.289, 198.601, 116.877, 133.466, 255.069, 271.82, 112.945, 247.406, 145.889, 165.004, 150.902, 174.244, 142.231, 109.991, 215.76, 145.636, 158.917, 251.284, 146.064, 128.846, 147.457, 169.033, 229.838];
HighestPossibleCritFunctionValue = 1.1;
