NumDevices = 32;
NumSlotes = 256;


GivenBandwidthOld = [0.0265607, 0.0161644, 0.024399, 0.0239204, 0.0199233, 0.0205052, 0.0211159, 0.0249741, 0.0289912, 0.0245689, 0.0187113, 0.030661, 0.0296673, 0.028369, 0.0286104, 0.0254844, 0.0259927, 0.0287878, 0.0260576, 0.0194463, 0.024446, 0.0347709, 0.0250155, 0.0253983, 0.0184487, 0.0172756, 0.0209108, 0.0185741, 0.0253412, 0.0192367, 0.0207618, 0.0338783];
GivenLatency = [38.0895, 64.0669, 43.8946, 45.2607, 58.8683, 56.548, 48.5574, 37.8353, 37.9556, 39.0266, 53.128, 34.2971, 32.9547, 35.6984, 34.5043, 39.2023, 33.5967, 30.0117, 35.697, 47.6003, 47.7797, 32.0261, 42.9783, 36.9099, 57.7875, 56.2653, 46.9517, 59.0895, 37.468, 45.5115, 51.0222, 31.1548];
HighestPossibleCritFunctionValue = 1.1;
