NumDevices = 128;
NumSlotes = 1024;


GivenBandwidthOld = [0.00480335, 0.00731975, 0.0055444, 0.00727247, 0.00583953, 0.00745034, 0.00543741, 0.00410058, 0.0059268, 0.00416082, 0.00838893, 0.00523516, 0.00491932, 0.00658326, 0.00730693, 0.00510739, 0.0073706, 0.00524309, 0.00816338, 0.00439946, 0.00425138, 0.00548314, 0.00757905, 0.00867472, 0.0084601, 0.00638712, 0.0057502, 0.00605692, 0.00620085, 0.00520042, 0.00594214, 0.00708743, 0.00588875, 0.00479396, 0.00453201, 0.00693614, 0.00814748, 0.00718381, 0.00586619, 0.00552348, 0.00571129, 0.00721542, 0.00715089, 0.00752615, 0.00451081, 0.00566541, 0.00600167, 0.0076037, 0.00794479, 0.00558477, 0.00566474, 0.00472325, 0.00612797, 0.00522708, 0.00405265, 0.00545425, 0.00701901, 0.00607243, 0.0068609, 0.00858813, 0.00821576, 0.00484519, 0.00552697, 0.00431992, 0.00741109, 0.00572273, 0.00449057, 0.00557257, 0.00561774, 0.0047851, 0.00571109, 0.0038025, 0.00615224, 0.00815725, 0.00636128, 0.00652852, 0.0072797, 0.00738746, 0.00861906, 0.00800811, 0.00478667, 0.0071373, 0.00403643, 0.00785895, 0.0078467, 0.00690444, 0.0053587, 0.00624902, 0.00483585, 0.00869115, 0.00465283, 0.00756144, 0.00768257, 0.0083855, 0.00766447, 0.00426512, 0.00638924, 0.006523, 0.00463666, 0.00578557, 0.00551667, 0.00609474, 0.00683109, 0.00765577, 0.00803614, 0.00594029, 0.00589837, 0.00636078, 0.00813434, 0.00642502, 0.00789914, 0.00842006, 0.00850762, 0.00511138, 0.00443418, 0.00768436, 0.00849887, 0.00798115, 0.00675122, 0.00532884, 0.00436705, 0.00451871, 0.00841448, 0.00471047, 0.00628955, 0.00599295, 0.00592929, 0.00602262];
GivenLatency = [253.19, 133.19, 220.227, 163.978, 211.082, 132.742, 232.075, 271.359, 171.721, 267.164, 130.324, 221.624, 208.592, 179.992, 145.471, 228.819, 143.154, 220.573, 121.773, 262.835, 260.443, 229.519, 126.889, 137.69, 149.895, 184.868, 211.231, 186.789, 196.766, 188.293, 176.578, 171.11, 188.891, 202.975, 211.125, 148.584, 139.113, 136.302, 180.05, 203.565, 203.373, 149.857, 145.877, 135.176, 227.597, 177.987, 177.327, 144.67, 142.857, 184.256, 184.927, 231.906, 178.142, 210.489, 236.614, 190.362, 150.531, 178.172, 144.586, 123.655, 141.705, 263.215, 225.411, 289.359, 148.154, 218.807, 252.5, 177.788, 230.696, 211.706, 207.48, 285.882, 200.488, 117.287, 159.119, 187.395, 160.096, 159.476, 125.804, 145.896, 235.305, 156.763, 249.599, 136.325, 163.239, 143.76, 208.694, 169.912, 204.901, 120.512, 267.98, 141.256, 129.79, 143.376, 137.906, 283.907, 178.823, 187.167, 225.419, 193.038, 198.117, 205.452, 169.688, 157.277, 145.605, 172.043, 178.97, 172.145, 149.449, 151.94, 123.38, 133.174, 113.976, 194.384, 261.512, 129.721, 145.677, 128.45, 165.542, 242.932, 258.338, 276.645, 121.211, 263.926, 159.175, 196.142, 187.564, 200.141];
HighestPossibleCritFunctionValue = 1.1;
