NumDevices = 128;
NumSlotes = 1024;


GivenBandwidthOld = [0.00750729, 0.00760366, 0.00729422, 0.00650613, 0.00597233, 0.00443103, 0.00485136, 0.00424472, 0.00846893, 0.00482466, 0.00550528, 0.00472546, 0.0082507, 0.0071022, 0.00422137, 0.0060385, 0.00652856, 0.00799135, 0.00811854, 0.00581101, 0.0080646, 0.00431157, 0.00709611, 0.00680339, 0.00702765, 0.00626888, 0.00852946, 0.00720261, 0.00677974, 0.00451478, 0.00733316, 0.0059193, 0.00820002, 0.00529606, 0.00838158, 0.00664959, 0.00722978, 0.0083889, 0.00476574, 0.00528279, 0.00537603, 0.00747202, 0.00472849, 0.00419861, 0.00850701, 0.00485766, 0.00520104, 0.00637148, 0.00802853, 0.00798506, 0.00737326, 0.00482491, 0.00475825, 0.0043326, 0.00551687, 0.00446364, 0.00792969, 0.00674474, 0.00627868, 0.00826147, 0.00797492, 0.00695105, 0.00384604, 0.0079594, 0.00612967, 0.00380683, 0.00388206, 0.00829944, 0.00617201, 0.00551247, 0.00559559, 0.00758928, 0.00547397, 0.00851279, 0.0069424, 0.00844384, 0.00816238, 0.00765127, 0.00733089, 0.0077618, 0.00505624, 0.00776967, 0.00737013, 0.00731975, 0.00562204, 0.00712732, 0.00644432, 0.00725965, 0.00548841, 0.00617571, 0.00760939, 0.00849881, 0.00700928, 0.00738869, 0.00425993, 0.00419367, 0.00548317, 0.00806272, 0.00771002, 0.00486901, 0.00596527, 0.00576547, 0.00773464, 0.00855813, 0.00403992, 0.00646002, 0.0061084, 0.00631714, 0.00472575, 0.0081904, 0.00849257, 0.00707653, 0.00765576, 0.00789812, 0.00627139, 0.00579851, 0.0080657, 0.00778411, 0.00507977, 0.00826734, 0.00664078, 0.00411551, 0.00680216, 0.00637504, 0.00777664, 0.00442499, 0.00830198, 0.00395529];
GivenLatency = [169.106, 125.94, 177.9, 162.604, 187.488, 289.422, 249.445, 293.652, 118.624, 211.135, 203.649, 212.015, 119.488, 137.106, 240.897, 189.04, 186.252, 157.507, 156.804, 197.88, 130.402, 261.779, 159.561, 176.686, 144.93, 185.05, 115.243, 179.042, 175.444, 238.304, 140.16, 205.361, 120.048, 227.19, 152.092, 152.874, 154.525, 129.139, 245.635, 206.351, 180.815, 146.44, 207.694, 287.797, 147.048, 213.753, 214.912, 163.917, 150.94, 140.294, 158.958, 198.34, 214.722, 221.935, 188.802, 237.997, 133.357, 183.909, 165.519, 144.571, 141.714, 149.564, 257.956, 156.69, 198.97, 255.73, 293.243, 118.386, 181.897, 234.737, 187.68, 146.929, 195.986, 132.565, 180, 115.204, 136.404, 125.31, 151.81, 145.775, 201.327, 131.837, 130.093, 133.809, 225.074, 167.404, 150.315, 149.273, 210.25, 192.735, 158.269, 121.457, 185.087, 173.643, 242.393, 234.211, 207.737, 123.486, 166.7, 242.81, 172.536, 201.01, 128.407, 116.022, 301.466, 172.607, 169.33, 199.25, 253.138, 125.481, 126.726, 161.899, 166.566, 149.12, 161.204, 207.58, 128.321, 123.799, 198.029, 149.165, 146.232, 280.247, 161.769, 182.322, 141.855, 225.981, 156.048, 246.159];
HighestPossibleCritFunctionValue = 1.1;
