NumDevices = 32;
NumSlotes = 256;


GivenBandwidthOld = [0.0201347, 0.0390541, 0.0170543, 0.0164271, 0.0258208, 0.0297348, 0.038137, 0.0289729, 0.0324049, 0.0387056, 0.0355651, 0.0284649, 0.0197807, 0.0384525, 0.0306128, 0.0186074, 0.0187695, 0.0195423, 0.0326079, 0.0264753, 0.031078, 0.0375034, 0.0297672, 0.0331053, 0.0359867, 0.0377717, 0.038753, 0.03199, 0.015689, 0.0207864, 0.0170485, 0.0187153];
GivenLatency = [91.1458, 45.6801, 98.8175, 114.165, 66.3964, 56.7897, 61.2436, 75.9535, 63.5394, 46.6758, 66.0923, 64.7605, 86.9252, 51.031, 65.6694, 96.0058, 121.955, 88.5012, 56.5619, 91.5199, 55.0892, 61.9126, 59.4473, 57.4967, 48.7528, 61.5998, 57.0893, 53.8628, 125.272, 100.201, 105.108, 123.346];
HighestPossibleCritFunctionValue = 1.1;
