NumDevices = 32;
NumSlotes = 256;


GivenBandwidthOld = [0.0342178, 0.0285681, 0.034251, 0.026927, 0.0315011, 0.0289978, 0.016285, 0.0311913, 0.0228237, 0.0284184, 0.0184014, 0.022103, 0.0153905, 0.018198, 0.0230595, 0.0315559, 0.0308211, 0.0199542, 0.0200302, 0.0183842, 0.0338846, 0.0285124, 0.0183517, 0.0272842, 0.016266, 0.032829, 0.0276316, 0.0342253, 0.034951, 0.0311768, 0.0185756, 0.0297724];
GivenLatency = [34.0395, 34.9426, 29.1566, 38.8264, 35.3522, 38.9045, 60.9059, 29.9644, 39.9266, 34.1815, 50.259, 40.8985, 59.9134, 47.1978, 42.5451, 30.8839, 27.4488, 55.948, 51.0011, 56.8208, 29.5625, 30.2469, 45.7094, 38.5999, 55.0609, 30.9328, 38.5655, 26.8633, 28.4739, 36.4199, 55.7317, 39.0143];
HighestPossibleCritFunctionValue = 1.1;
