NumDevices = 128;
NumSlotes = 1024;


GivenBandwidthOld = [0.00382406, 0.00468214, 0.00774659, 0.00570833, 0.00493102, 0.00939693, 0.00551058, 0.00624682, 0.00524787, 0.00975823, 0.00906625, 0.00395709, 0.00932551, 0.00516907, 0.00409373, 0.00580017, 0.00471557, 0.00701144, 0.00629612, 0.00891006, 0.00392495, 0.00659198, 0.00647869, 0.00855671, 0.00886634, 0.00665018, 0.00962106, 0.00985707, 0.00774614, 0.00441552, 0.00792136, 0.00560007, 0.00409624, 0.00433237, 0.00422656, 0.00712727, 0.00921665, 0.00680916, 0.00652156, 0.00410123, 0.00682609, 0.00986725, 0.00394582, 0.00735826, 0.00405292, 0.00735711, 0.00965365, 0.00756953, 0.00476899, 0.00487096, 0.00628782, 0.00686732, 0.00900358, 0.00690071, 0.00775683, 0.00902771, 0.00626047, 0.00966991, 0.00601353, 0.00931348, 0.00907461, 0.00688363, 0.00815161, 0.00659135, 0.00838173, 0.00556945, 0.00828756, 0.00400499, 0.00820181, 0.00650029, 0.00904176, 0.00484598, 0.00509226, 0.00682713, 0.00863644, 0.00506824, 0.0094544, 0.00877354, 0.00932867, 0.00818676, 0.00981084, 0.00570898, 0.00963862, 0.00505989, 0.00657711, 0.0065634, 0.00724738, 0.00927802, 0.00689535, 0.00521137, 0.00873212, 0.00700902, 0.00930865, 0.00917, 0.00390959, 0.00474124, 0.00726308, 0.0042795, 0.00928823, 0.00972627, 0.00943861, 0.00603793, 0.00701061, 0.0047901, 0.00970651, 0.00861288, 0.00918246, 0.00706041, 0.00431535, 0.0056152, 0.00834578, 0.00751877, 0.00804232, 0.00732515, 0.00387242, 0.00503149, 0.00431714, 0.0044883, 0.00617701, 0.0069835, 0.00550134, 0.00721441, 0.00510866, 0.00748096, 0.00994752, 0.00915714, 0.00653152, 0.00896711];
GivenLatency = [1078.01, 936.139, 479.695, 632.716, 920.861, 434.706, 823.49, 546.706, 693.618, 361.581, 431.366, 1216.85, 523.613, 713.371, 905.094, 694.397, 900.883, 494.179, 673.465, 526.134, 865.916, 580.319, 576.92, 504.244, 517.139, 618.797, 491.41, 375.155, 473.707, 1090.44, 475.822, 631.664, 872.468, 821.156, 1117.59, 684.623, 505.396, 585.028, 760.516, 879.287, 611.553, 341.821, 1035.82, 547.313, 838.373, 535.706, 358.204, 512.078, 805.194, 769.077, 573.747, 575.459, 470.399, 609.945, 502.445, 392.878, 648.955, 425.232, 660.569, 360.4, 386.407, 689.56, 418.189, 723.339, 541.107, 803.381, 457.589, 896.779, 512.832, 705.971, 452.897, 718.474, 870.428, 687.804, 551.143, 803.866, 441.144, 490.06, 512.607, 435.041, 361.872, 815.559, 429.003, 718.722, 600.993, 691.732, 474.932, 368.499, 591.454, 643.828, 562.587, 657.453, 394.501, 480.691, 868.787, 742.94, 478.154, 1083.22, 525.099, 495.21, 462.708, 654.434, 704.124, 825.703, 420.511, 469.857, 455.62, 569.691, 1130.64, 608.272, 571.758, 480.74, 437.561, 516.423, 1189.78, 684.334, 815.43, 827.178, 571.371, 583.976, 640.461, 635.087, 871.304, 556.595, 339.672, 493.23, 549.206, 461.615];
HighestPossibleCritFunctionValue = 1.1;
