NumDevices = 16;
NumSlotes = 128;


GivenBandwidthOld = [0.0764793, 0.0573093, 0.0665586, 0.0702548, 0.0415387, 0.0613546, 0.0574027, 0.0375813, 0.0489657, 0.0358672, 0.0391937, 0.0490594, 0.0613172, 0.0788314, 0.0393186, 0.047536];
GivenLatency = [20.6051, 23.5376, 27.1833, 24.942, 35.775, 26.2528, 27.1753, 40.8939, 38.5036, 54.294, 42.2994, 29.665, 23.0503, 21.6021, 49.016, 41.811];
HighestPossibleCritFunctionValue = 1.1;
