NumDevices = 64;
NumSlotes = 512;


GivenBandwidthOld = [0.00850497, 0.00297258, 0.00757979, 0.00349997, 0.00268711, 0.0035392, 0.00585402, 0.00471521, 0.00856475, 0.0077674, 0.00670711, 0.00519183, 0.0066439, 0.00526754, 0.00401358, 0.00378569, 0.00481038, 0.00800467, 0.00693228, 0.00840269, 0.002844, 0.00283105, 0.00397957, 0.00707259, 0.00407375, 0.00868298, 0.00737189, 0.00314643, 0.0044849, 0.00647846, 0.00595113, 0.00559039, 0.00524426, 0.00647007, 0.00865523, 0.00344259, 0.00710579, 0.00575725, 0.0032687, 0.00323799, 0.00586892, 0.00519503, 0.00410916, 0.00386212, 0.00821927, 0.00751831, 0.00781866, 0.00564164, 0.00398107, 0.00728593, 0.0083178, 0.0073439, 0.00765377, 0.00316888, 0.00691259, 0.008576, 0.00303718, 0.00590023, 0.00644416, 0.00446913, 0.00394678, 0.00601456, 0.00293491, 0.00584243];
GivenLatency = [62.1792, 119.311, 51.5384, 114.494, 173.456, 176.946, 64.3039, 116.019, 70.8182, 49.9242, 51.9269, 84.3992, 90.2043, 92.0327, 119.432, 101.807, 74.5527, 55.527, 48.0686, 38.8562, 175.024, 159.669, 155.923, 50.3233, 115.089, 41.7563, 50.2623, 100.903, 73.5052, 68.6121, 66.2871, 66.5424, 80.6441, 59.873, 69.7407, 129.825, 57.5609, 90.7907, 99.3166, 101.829, 97.3438, 60.9616, 123.007, 119.34, 37.8631, 42.1391, 49.3042, 98.4445, 84.2577, 63.2754, 46.7468, 42.7594, 62.9367, 107.517, 81.8103, 38.1442, 176.404, 66.3068, 73.2227, 141.292, 104.024, 81.6867, 140.363, 59.2998];
HighestPossibleCritFunctionValue = 1.1;
