NumDevices = 128;
NumSlotes = 1024;


GivenBandwidthOld = [0.00229918, 0.00353271, 0.00420129, 0.00355691, 0.00168821, 0.00381899, 0.00330304, 0.00365154, 0.00151093, 0.00224797, 0.00219362, 0.00137651, 0.00249606, 0.00319087, 0.00275278, 0.00218731, 0.00152198, 0.00359665, 0.00383621, 0.00208613, 0.00400995, 0.00340818, 0.00190818, 0.0039744, 0.00280707, 0.00220315, 0.00214925, 0.00245944, 0.00335049, 0.00415087, 0.00298509, 0.0035969, 0.00177532, 0.00225934, 0.00273119, 0.00188286, 0.0032768, 0.00324738, 0.00248193, 0.00316076, 0.00292108, 0.00267383, 0.00335935, 0.00313537, 0.00425513, 0.00228513, 0.00182462, 0.00259845, 0.0021337, 0.00363514, 0.00390022, 0.00284778, 0.00195905, 0.00254738, 0.00322527, 0.00274786, 0.00385104, 0.00130688, 0.00403769, 0.0039967, 0.00245537, 0.00362157, 0.00392273, 0.00302462, 0.00225541, 0.00227539, 0.00376328, 0.00134338, 0.00197272, 0.00431303, 0.00343063, 0.00423875, 0.0018952, 0.00142833, 0.00157651, 0.00141572, 0.00206186, 0.00234775, 0.00431099, 0.00354538, 0.00160243, 0.00265083, 0.00434317, 0.00385107, 0.00180735, 0.00296819, 0.00384578, 0.00357302, 0.0036715, 0.00255345, 0.00200581, 0.0041576, 0.00365774, 0.00257806, 0.00322779, 0.00140154, 0.00132514, 0.00170906, 0.00419324, 0.00269225, 0.0037091, 0.00322646, 0.00402341, 0.00141406, 0.00239618, 0.00252978, 0.00426114, 0.00323365, 0.0030042, 0.00291685, 0.00346844, 0.00225649, 0.00170206, 0.00216808, 0.00324538, 0.00322927, 0.00435222, 0.00283814, 0.00241886, 0.00258577, 0.00158748, 0.00143959, 0.00327035, 0.00421645, 0.0021988, 0.00396358, 0.00206657, 0.00346051];
GivenLatency = [165.762, 144.819, 128.976, 161.921, 198.266, 134.955, 136.298, 126.245, 387.603, 256.247, 145.409, 336.187, 132.208, 145.298, 129.985, 222.093, 294.235, 124.36, 127.742, 206.19, 91.4622, 97.234, 321.893, 79.8504, 113.217, 208.889, 175.13, 191.685, 163.235, 92.8273, 158.96, 95.4772, 234.839, 221.256, 188.276, 184.656, 109.511, 150.517, 242.979, 113.134, 166.355, 220.309, 111.612, 132.305, 113.052, 243.928, 260.85, 121.422, 172.076, 150.384, 83.2676, 175.113, 178.499, 165.296, 141.753, 165.564, 110.715, 365.092, 153.56, 96.2394, 137.536, 176.739, 113.204, 189.643, 158.518, 188.783, 130.523, 288.198, 206.701, 78.9245, 100.527, 74.145, 225.843, 233.482, 378.829, 270.515, 281.895, 146.543, 87.6969, 121.2, 268.559, 167.539, 91.3183, 91.4115, 357.779, 113.2, 149.191, 90.5634, 131.138, 134.903, 307.836, 84.7923, 102.577, 195.722, 162.145, 288.036, 393.64, 277.123, 108.162, 217.59, 138.695, 116.064, 91.7627, 272.312, 250.221, 224.585, 75.8379, 144.597, 151.404, 180.212, 114.644, 159.363, 207.86, 167.126, 137.224, 121.347, 104.092, 176.54, 200.995, 135.565, 205.908, 382.098, 96.2487, 107.151, 161.256, 97.0109, 188.624, 145.808];
HighestPossibleCritFunctionValue = 1.1;
