NumDevices = 32;
NumSlotes = 256;


GivenBandwidthOld = [0.00838673, 0.0132748, 0.01696, 0.0173915, 0.00574298, 0.0172701, 0.0167837, 0.0162348, 0.0160876, 0.0174037, 0.0111575, 0.00639398, 0.0085375, 0.00972297, 0.0089056, 0.00897667, 0.0159128, 0.0162278, 0.0111797, 0.0167653, 0.00680111, 0.013808, 0.0167083, 0.0118303, 0.0149791, 0.0105259, 0.0164422, 0.0139637, 0.00870778, 0.00911079, 0.00745194, 0.0147669];
GivenLatency = [46.698, 32.2406, 20.25, 30.0382, 92.0943, 20.3039, 29.6565, 19.0823, 38.8169, 34.2152, 47.4331, 49.0608, 55.6828, 59.0447, 53.3941, 62.9055, 20.3251, 22.8941, 31.1014, 25.9342, 73.1536, 26.998, 28.6465, 28.1627, 20.4185, 48.5682, 27.1444, 34.9372, 35.2489, 39.0517, 52.5712, 35.4777];
HighestPossibleCritFunctionValue = 1.1;
