NumDevices = 32;
NumSlotes = 256;


GivenBandwidthOld = [0.00620828, 0.0125519, 0.0165468, 0.00972011, 0.0109722, 0.00513941, 0.0105565, 0.00512985, 0.0124574, 0.0168327, 0.0148446, 0.0139631, 0.0104411, 0.0167199, 0.00565526, 0.00551354, 0.0110834, 0.0111156, 0.0150778, 0.00730668, 0.0109342, 0.0164556, 0.0148177, 0.0110633, 0.0116691, 0.0173577, 0.0141617, 0.0104333, 0.0100943, 0.0126825, 0.0121387, 0.0107016];
GivenLatency = [94.8551, 30.0144, 22.1917, 54.557, 30.8227, 71.0272, 29.9748, 108.27, 26.6094, 25.5509, 38.7569, 28.1053, 29.5445, 18.3058, 94.1548, 64.6562, 46.9828, 36.575, 28.5758, 55.8689, 37.2694, 19.3588, 31.6228, 57.8344, 45.084, 27.5245, 43.312, 46.56, 34.2416, 28.13, 43.2771, 50.3356];
HighestPossibleCritFunctionValue = 1.1;
