NumDevices = 64;
NumSlotes = 512;


GivenBandwidthOld = [0.0186403, 0.0170474, 0.00897379, 0.0150366, 0.0121537, 0.00928521, 0.0115962, 0.0152766, 0.00961729, 0.0178499, 0.00762256, 0.017423, 0.00815464, 0.0101121, 0.00907451, 0.00775228, 0.0100862, 0.011329, 0.0112016, 0.00798457, 0.0141374, 0.0116576, 0.00894306, 0.0110092, 0.0118178, 0.0142142, 0.0153951, 0.013333, 0.0173393, 0.0138914, 0.0149218, 0.00896805, 0.0184495, 0.01057, 0.0170477, 0.0138888, 0.00826752, 0.019796, 0.0165681, 0.0144213, 0.00914566, 0.0161363, 0.0198921, 0.0182654, 0.0170616, 0.00995931, 0.0160938, 0.0178119, 0.0190377, 0.00899301, 0.0130504, 0.0180148, 0.0174455, 0.011666, 0.0135827, 0.015135, 0.0167726, 0.0141495, 0.0158329, 0.00820236, 0.0121053, 0.00879068, 0.0124997, 0.0125179];
GivenLatency = [121.943, 163.319, 358.007, 184.564, 257.736, 255.032, 232.64, 175.464, 264.93, 131.052, 379.316, 171.973, 373.709, 296.508, 262.952, 288.51, 257.817, 261.393, 212.132, 348.946, 219.311, 229.366, 289.256, 266.275, 192.503, 211.805, 151.745, 217.402, 166.585, 160.859, 156.484, 342.361, 137.307, 258.368, 149.863, 161.356, 288.93, 151.132, 179.962, 215.302, 276.048, 192.973, 155.777, 126.059, 161.914, 248.228, 138.927, 142.487, 159.171, 363.347, 219.463, 157.693, 139, 243.847, 197.305, 190.432, 156.765, 165.316, 144.538, 310.509, 254.027, 375.673, 205.747, 186.139];
HighestPossibleCritFunctionValue = 1.1;
