NumDevices = 128;
NumSlotes = 1024;


GivenBandwidthOld = [0.00669564, 0.00612727, 0.00855902, 0.00396813, 0.00492557, 0.00659008, 0.00704503, 0.00827357, 0.00641638, 0.00756965, 0.0056091, 0.00460267, 0.00449516, 0.00772155, 0.008572, 0.00714101, 0.00649204, 0.004139, 0.00665861, 0.0037547, 0.00782834, 0.0083998, 0.00792994, 0.00596147, 0.00686586, 0.00707499, 0.00678625, 0.00394706, 0.00577125, 0.00489295, 0.00825614, 0.00852085, 0.007394, 0.00846626, 0.00492204, 0.00717648, 0.00753016, 0.00691631, 0.00499264, 0.00873369, 0.00460966, 0.00704523, 0.00675732, 0.00783201, 0.00516672, 0.00454232, 0.00528305, 0.00479777, 0.00869156, 0.00662342, 0.00735014, 0.00634081, 0.00741875, 0.00446831, 0.00635922, 0.0069119, 0.00577741, 0.008377, 0.0046868, 0.00855949, 0.00688361, 0.00527143, 0.00447887, 0.0039087, 0.00606598, 0.00845304, 0.00778882, 0.00420077, 0.00479808, 0.00386973, 0.00597019, 0.00849947, 0.00802759, 0.00720604, 0.00443476, 0.00748865, 0.00417452, 0.0086584, 0.00423774, 0.00616633, 0.00501374, 0.00848555, 0.00421692, 0.00630047, 0.00444762, 0.00863297, 0.00680399, 0.00708583, 0.00403038, 0.00604336, 0.0082994, 0.0055864, 0.00819747, 0.00742736, 0.00409316, 0.00616543, 0.00489167, 0.00682899, 0.0073914, 0.00480882, 0.00425533, 0.00678794, 0.00743176, 0.00807422, 0.0059115, 0.00710329, 0.00750279, 0.00686938, 0.00611054, 0.00736826, 0.00578923, 0.00710037, 0.0084075, 0.00743209, 0.00858809, 0.00757169, 0.00494291, 0.00798698, 0.00470731, 0.00833129, 0.0064765, 0.00795388, 0.00840069, 0.00792002, 0.00423323, 0.00540762, 0.00843216, 0.00685908];
GivenLatency = [147.793, 174.138, 140.485, 299.189, 261.474, 175.634, 147.143, 121.402, 196.309, 166.088, 181.014, 221.163, 217.07, 135.179, 122.627, 164.855, 193.553, 291.509, 153.477, 336.979, 131.906, 126.498, 130.698, 162.81, 146.758, 146.615, 172.666, 292.796, 180.745, 235.556, 141.947, 128.452, 169.414, 135.91, 252.161, 160.871, 139.92, 181.677, 193.497, 128.912, 232.623, 135.378, 176.478, 146.617, 225.055, 212.841, 208.808, 233.486, 138.754, 177.754, 163.113, 180.795, 169.728, 215.241, 198.324, 140.225, 218.644, 152.981, 224.174, 122.429, 167.908, 182.229, 275.364, 312.909, 204.394, 120.595, 139.731, 247.468, 205.319, 289.003, 215.946, 144.632, 129.591, 161.259, 227.977, 151.483, 302.541, 115.893, 260.189, 167.571, 233.336, 150.213, 269.187, 162.435, 249.094, 111.484, 177.035, 135.322, 275.335, 168.646, 127.704, 207.978, 156.668, 134.109, 277.473, 162.494, 259.023, 166.504, 143.73, 207.27, 290.05, 177.673, 154.191, 125.196, 216.269, 167.711, 133.778, 141.987, 208.76, 144.514, 171.988, 166.371, 125.668, 128.191, 113.279, 127.416, 211.443, 154.866, 209.399, 148.435, 154.257, 148.408, 140.147, 128.176, 257.233, 188.193, 143.304, 157.886];
HighestPossibleCritFunctionValue = 1.1;
