NumDevices = 32;
NumSlotes = 256;


GivenBandwidthOld = [0.0167176, 0.0173211, 0.0110619, 0.0120449, 0.00837069, 0.0061914, 0.0162901, 0.00787566, 0.0111576, 0.00757468, 0.0151571, 0.0147309, 0.0145111, 0.00857403, 0.011143, 0.0134962, 0.013908, 0.00961932, 0.0169081, 0.0073902, 0.0146608, 0.0108399, 0.00561408, 0.0133818, 0.0158376, 0.0152377, 0.00757539, 0.0146544, 0.016439, 0.0102447, 0.0155606, 0.01002];
GivenLatency = [21.1222, 35.8559, 28.3935, 35.1212, 59.7993, 64.4452, 35.6561, 53.0587, 39.229, 73.6897, 25.4161, 26.0046, 22.9418, 67.78, 34.2281, 37.6458, 24.8803, 33.6324, 33.8554, 51.4967, 30.8612, 42.0381, 57.2456, 40.151, 19.3222, 25.0469, 64.0528, 27.7036, 26.6244, 49.421, 37.1866, 50.2311];
HighestPossibleCritFunctionValue = 1.1;
