NumDevices = 8;
NumSlotes = 64;


GivenBandwidthOld = [0.123889, 0.14806, 0.0869804, 0.118893, 0.0810191, 0.12866, 0.128034, 0.103762];
GivenLatency = [12.5108, 11.036, 16.8138, 11.9397, 16.6396, 11.05, 12.2906, 11.1305];
HighestPossibleCritFunctionValue = 1.1;
