NumDevices = 64;
NumSlotes = 512;


GivenBandwidthOld = [0.0162227, 0.0091254, 0.0156402, 0.0101813, 0.0116606, 0.0151731, 0.010009, 0.015804, 0.0125072, 0.0141608, 0.0154436, 0.0158994, 0.016921, 0.0162141, 0.0147671, 0.0153534, 0.00934075, 0.0149393, 0.00954701, 0.011542, 0.0122126, 0.0113408, 0.0104396, 0.0128148, 0.0140599, 0.00960824, 0.0106892, 0.00803975, 0.00907959, 0.0157107, 0.0140121, 0.0155786, 0.013854, 0.00912045, 0.0124436, 0.0153474, 0.00796015, 0.0112623, 0.00977278, 0.0161551, 0.0145939, 0.0153497, 0.00765362, 0.00935465, 0.00862168, 0.00954823, 0.012158, 0.0137926, 0.0166564, 0.00827107, 0.0169609, 0.00759015, 0.0126545, 0.00897177, 0.0134601, 0.00971836, 0.0115431, 0.0098427, 0.0112547, 0.0123247, 0.015621, 0.00750492, 0.0102089, 0.0162143];
GivenLatency = [71.8453, 113.838, 70.6269, 99.3062, 86.0255, 62.0281, 121.114, 64.9034, 92.0546, 82.5984, 67.8204, 61.5909, 69.9637, 74.1752, 75.4068, 70.1601, 100.254, 65.4405, 116.016, 107.139, 90.8332, 95.0155, 101.551, 88.3254, 79.5764, 118.884, 105.531, 118.986, 126.608, 70.0091, 68.646, 69.7008, 68.1573, 124.297, 94.3242, 78.8244, 139.881, 104.098, 118.973, 72.5492, 83.5766, 60.2155, 136.381, 120.284, 130.023, 102.959, 90.9614, 71.7707, 71.0936, 110.703, 61.1742, 119.805, 82.8789, 118.209, 75.8715, 113.013, 97.2277, 115.707, 91.261, 78.331, 71.5763, 146.064, 106.101, 63.4621];
HighestPossibleCritFunctionValue = 1.1;
