NumDevices = 64;
NumSlotes = 512;


GivenBandwidthOld = [0.0146584, 0.0187116, 0.0154026, 0.0143362, 0.0168535, 0.0117929, 0.00751517, 0.0124157, 0.0132685, 0.00874628, 0.0161738, 0.0131371, 0.0120046, 0.0159245, 0.0107532, 0.00896186, 0.0145072, 0.014773, 0.0194285, 0.0142873, 0.0191087, 0.0146314, 0.0152559, 0.0116592, 0.0106061, 0.0122343, 0.0144196, 0.0174499, 0.0101387, 0.0189629, 0.0151139, 0.0121804, 0.00889966, 0.0190933, 0.0179146, 0.00875174, 0.00806301, 0.0075192, 0.0177023, 0.0156572, 0.0175685, 0.0157946, 0.01417, 0.0109421, 0.00904699, 0.00771122, 0.0199129, 0.0192705, 0.00861052, 0.00944457, 0.0148266, 0.00896175, 0.0125593, 0.0141617, 0.00870884, 0.0120026, 0.00750288, 0.0184269, 0.018939, 0.0132169, 0.0172219, 0.0163562, 0.0155463, 0.0162076];
GivenLatency = [159.017, 139.624, 202.777, 184.981, 138.475, 213.417, 335.494, 243.589, 202.451, 285.473, 152.535, 185.783, 200.014, 140.264, 256.116, 355.095, 212.695, 172.838, 132.232, 165.674, 146.142, 218.048, 177.657, 216.158, 213.928, 206.115, 181.213, 181.76, 297.669, 151.836, 217.945, 229.071, 313.243, 141.943, 171.9, 332.212, 282.004, 409.667, 153.277, 177.656, 149.997, 141.698, 202.866, 211.589, 302.726, 354.94, 136.108, 122.02, 347.383, 290.564, 177.627, 262.861, 249.271, 230.626, 320.068, 248.651, 362.184, 135.411, 122.192, 168.643, 130.668, 155.294, 155.882, 163.154];
HighestPossibleCritFunctionValue = 1.1;
