NumDevices = 128;
NumSlotes = 1024;


GivenBandwidthOld = [0.00390348, 0.00140159, 0.00206574, 0.00200832, 0.00258312, 0.00389427, 0.00284884, 0.00417372, 0.00264223, 0.00360935, 0.00169138, 0.00389097, 0.00371867, 0.00150604, 0.00132185, 0.00253584, 0.00306773, 0.0017926, 0.00193487, 0.002508, 0.00389951, 0.00338488, 0.0040172, 0.00335221, 0.00179925, 0.0042967, 0.00402377, 0.00434682, 0.00261053, 0.00209176, 0.00181294, 0.0031898, 0.00339491, 0.00383188, 0.00436301, 0.00291142, 0.00277901, 0.00246672, 0.00375642, 0.00161276, 0.001314, 0.00189607, 0.00342538, 0.0035431, 0.00387795, 0.00359232, 0.00291549, 0.00243855, 0.00215515, 0.00167846, 0.00235917, 0.00249939, 0.00293209, 0.00335827, 0.00364323, 0.00232953, 0.00427236, 0.00429806, 0.00187833, 0.00224575, 0.00252241, 0.002207, 0.00432463, 0.00155571, 0.00183318, 0.00270308, 0.00135234, 0.00248114, 0.0024207, 0.00215643, 0.00126013, 0.00283992, 0.00435566, 0.00427564, 0.00323177, 0.00253647, 0.00426129, 0.00254432, 0.0017081, 0.00361318, 0.00362263, 0.00295536, 0.00391284, 0.0024157, 0.00255608, 0.00251197, 0.0018401, 0.00347843, 0.00128656, 0.00313855, 0.00148543, 0.00186868, 0.00259177, 0.00241915, 0.00422058, 0.00270679, 0.00420641, 0.00218934, 0.00430607, 0.00207694, 0.00282304, 0.00186575, 0.00330213, 0.00390531, 0.00405946, 0.00415751, 0.00212671, 0.00174826, 0.00356164, 0.00296948, 0.00373433, 0.00219324, 0.00421519, 0.00290702, 0.00384971, 0.00392869, 0.0033045, 0.00308628, 0.00417534, 0.00186066, 0.00207878, 0.00250833, 0.00315594, 0.00320917, 0.00403176, 0.00436878, 0.00288331, 0.00225622];
GivenLatency = [94.9827, 349.954, 155.745, 177.319, 180.501, 152.064, 143.798, 99.4381, 153.534, 131.225, 213.162, 102.358, 111.151, 343.811, 324.552, 125.722, 167.534, 181.18, 268.889, 157.488, 85.7032, 144.622, 155.38, 93.6004, 215.838, 85.5139, 127.544, 147.262, 209.107, 233.858, 199.029, 160.51, 142.9, 150.363, 83.453, 135.161, 138.912, 155.813, 99.6991, 318.123, 265.768, 174.361, 134.484, 104.716, 95.4395, 89.3712, 147.34, 162.88, 145.869, 250.879, 188.563, 191.146, 112.77, 130.718, 86.9136, 145.753, 77.6289, 84.948, 169.068, 221.733, 253.054, 170.188, 101.898, 228.989, 275.581, 157.009, 268.555, 133.797, 188.78, 176.744, 256.503, 159.537, 109.349, 126.347, 122.269, 172.056, 129.436, 175.269, 242.671, 93.6856, 95.6767, 164.66, 95.7243, 212.882, 206.546, 137.056, 176.705, 184.117, 327.41, 132.226, 372.689, 203.695, 227.658, 144.27, 150.636, 200.746, 85.4083, 287.927, 149.368, 184.482, 167.02, 295.066, 101.242, 149.212, 92.0425, 112.549, 186.272, 282.629, 109.816, 125.225, 136.659, 275.866, 107.636, 145.22, 112.989, 148.03, 104.143, 127.766, 119.419, 219.847, 261.814, 240.861, 133.805, 138.691, 93.4857, 136.541, 131.542, 161.658];
HighestPossibleCritFunctionValue = 1.1;
