NumDevices = 64;
NumSlotes = 512;


GivenBandwidthOld = [0.0192423, 0.0104512, 0.00866568, 0.0116374, 0.0192704, 0.00788912, 0.00994894, 0.0169061, 0.00788584, 0.0172392, 0.0190987, 0.00987134, 0.0126473, 0.0183567, 0.0131092, 0.019635, 0.0110129, 0.0104911, 0.0171719, 0.0127201, 0.0160923, 0.0175567, 0.0173165, 0.0178436, 0.0152403, 0.0114376, 0.0123362, 0.0141298, 0.00957045, 0.0180894, 0.00871568, 0.0144143, 0.0166637, 0.00996579, 0.0125654, 0.0164357, 0.0155821, 0.0179024, 0.0150956, 0.0165895, 0.0127161, 0.0113811, 0.0114839, 0.0143756, 0.0154738, 0.0109185, 0.0114743, 0.0156691, 0.0182001, 0.0188876, 0.0116213, 0.0118684, 0.014487, 0.0128515, 0.0120272, 0.00790422, 0.0137367, 0.0147909, 0.00751505, 0.0104627, 0.0146577, 0.0193832, 0.0157665, 0.0177326];
GivenLatency = [152.08, 252.899, 369.17, 246.628, 151.316, 309.556, 235.512, 132.248, 305.677, 166.983, 157.554, 310.141, 205.138, 161.26, 233.067, 134.548, 279.294, 291.988, 168.403, 223.519, 203.798, 186.84, 145.338, 149.149, 200.917, 257.134, 262.756, 204.829, 306.679, 163.006, 255.501, 158.846, 137.897, 227.724, 193.836, 176.023, 175.527, 138.642, 188.441, 140.923, 220.61, 265.166, 215.945, 206.006, 147.58, 261.057, 196.56, 153.801, 130.239, 130.645, 215.624, 239.019, 156.119, 255.489, 265.365, 288.431, 234.903, 154.762, 318.012, 222.18, 204.393, 130.912, 176.074, 149.557];
HighestPossibleCritFunctionValue = 1.1;
