NumDevices = 16;
NumSlotes = 128;


GivenBandwidthOld = [0.0379504, 0.0519518, 0.0746123, 0.0785535, 0.0690987, 0.0610626, 0.0497272, 0.0354237, 0.0362808, 0.0416295, 0.0372051, 0.076308, 0.0791111, 0.0399733, 0.0515829, 0.074298];
GivenLatency = [45.1166, 33.9494, 18.5917, 23.8579, 21.0972, 27.0224, 29.2933, 42.0451, 38.9514, 34.0842, 51.8142, 19.025, 16.8763, 48.8017, 33.3185, 22.9557];
HighestPossibleCritFunctionValue = 1.1;
