NumDevices = 16;
NumSlotes = 128;


GivenBandwidthOld = [0.0557431, 0.0437231, 0.0742741, 0.0443629, 0.0769846, 0.0506413, 0.0484304, 0.040227, 0.0647722, 0.0461007, 0.0346417, 0.0436374, 0.0330623, 0.0474443, 0.066992, 0.0544178];
GivenLatency = [25.5108, 38.058, 26.0478, 44.8826, 18.011, 26.4529, 30.4105, 39.0013, 27.0279, 32.7436, 45.5388, 34.4477, 59.0928, 29.4146, 20.9795, 30.2307];
HighestPossibleCritFunctionValue = 1.1;
