NumDevices = 128;
NumSlotes = 1024;


GivenBandwidthOld = [0.00459718, 0.00733227, 0.00596295, 0.00685613, 0.00841324, 0.00380647, 0.00780356, 0.00684552, 0.00518642, 0.00571451, 0.00626531, 0.00855803, 0.00733189, 0.00465314, 0.00780288, 0.00551235, 0.00860386, 0.00753757, 0.00647552, 0.00664072, 0.00800815, 0.00552051, 0.005778, 0.00836947, 0.00818857, 0.00776671, 0.00761254, 0.00649714, 0.0049992, 0.00406335, 0.00517054, 0.00872512, 0.00563757, 0.00814824, 0.00503945, 0.00549468, 0.00660375, 0.00671124, 0.00834343, 0.00560515, 0.00824797, 0.00608906, 0.00633812, 0.00722601, 0.0050337, 0.00387463, 0.00841712, 0.00398635, 0.00607228, 0.00431404, 0.00856111, 0.00413182, 0.00591925, 0.00741257, 0.00562151, 0.00815208, 0.00456657, 0.00785419, 0.00781037, 0.00637168, 0.0063093, 0.00796816, 0.00834629, 0.00866696, 0.00812033, 0.00592871, 0.00638476, 0.00615863, 0.00558653, 0.00533325, 0.00843205, 0.00500756, 0.00449318, 0.00440693, 0.00469615, 0.00563194, 0.00859572, 0.005848, 0.00480578, 0.0082312, 0.00420508, 0.00719963, 0.00665939, 0.00691568, 0.00440364, 0.00442171, 0.00816478, 0.00800324, 0.00801278, 0.0082425, 0.00427143, 0.00736905, 0.00403892, 0.0046565, 0.00421574, 0.00646618, 0.00454651, 0.00562098, 0.00436115, 0.00540373, 0.00795406, 0.00634294, 0.00823609, 0.00649806, 0.00533822, 0.0069474, 0.00737559, 0.00399843, 0.00413768, 0.00454192, 0.00848844, 0.00763624, 0.00481899, 0.00533839, 0.00481764, 0.00754401, 0.00469429, 0.00448706, 0.00659856, 0.00458043, 0.00577879, 0.00666526, 0.00550227, 0.0040903, 0.00809591, 0.00545459, 0.0077181, 0.00557438];
GivenLatency = [241.258, 135.093, 214.053, 139.02, 118.271, 278.941, 160.463, 176.942, 204.113, 217.299, 175.145, 140.509, 152.803, 237.093, 148.392, 233.065, 131.326, 154.062, 168.236, 146.073, 143.671, 184.216, 205.288, 130.067, 128.655, 152.183, 162.692, 162.791, 211.558, 270.617, 223.084, 121.279, 185.015, 151.741, 257.495, 233.18, 167.144, 174.686, 121.362, 215.029, 115.691, 172.804, 190.012, 162.284, 209.708, 262.76, 119.814, 273.783, 199.635, 261.077, 115.245, 272.895, 187.793, 139.264, 203.617, 151.669, 249.361, 151.35, 128.2, 169.772, 183.83, 132.401, 123.768, 111.971, 127.978, 194.356, 149.254, 202.311, 201.942, 231.02, 118.448, 222.326, 242.64, 274.168, 227.972, 169.443, 128.065, 187.369, 234.797, 136.641, 264.832, 148.906, 164.698, 149.328, 223.682, 223.827, 127.475, 150.341, 122.841, 135.939, 247.065, 161.911, 266.856, 251.259, 246.587, 187.155, 283.662, 186.998, 292.104, 206.731, 130.558, 174.046, 117.81, 164.868, 191.267, 153.542, 144.244, 271.081, 268.748, 260.25, 118.276, 132.556, 229.818, 192.488, 200.294, 145.804, 231.524, 233.261, 193.483, 265.267, 189.278, 172.691, 186.473, 295.791, 137.369, 183.429, 125.112, 205.087];
HighestPossibleCritFunctionValue = 1.1;
