NumDevices = 128;
NumSlotes = 1024;


GivenBandwidthOld = [0.00744629, 0.00846944, 0.00467114, 0.00411178, 0.00911136, 0.00580561, 0.00863578, 0.00649163, 0.00734495, 0.00528357, 0.00966352, 0.00479544, 0.00574292, 0.00500768, 0.00414774, 0.00735231, 0.00406332, 0.00722001, 0.00550235, 0.0054672, 0.0084534, 0.00379343, 0.00860912, 0.00848042, 0.00786381, 0.00714583, 0.00875859, 0.00820088, 0.0096356, 0.00431797, 0.00583247, 0.00376468, 0.006683, 0.00495282, 0.00709026, 0.00600034, 0.00654064, 0.00598099, 0.00631063, 0.00897881, 0.00933575, 0.00852445, 0.004247, 0.00685763, 0.00875912, 0.00455739, 0.00483511, 0.0099407, 0.007038, 0.00898971, 0.00512223, 0.00431665, 0.00862549, 0.0085456, 0.00963901, 0.00526943, 0.00961267, 0.0063886, 0.00700033, 0.00704721, 0.00747828, 0.00877939, 0.00771909, 0.00604318, 0.00768214, 0.00375654, 0.00745863, 0.00968319, 0.00407058, 0.00417412, 0.00690342, 0.0095651, 0.00693472, 0.00429163, 0.00691911, 0.00444841, 0.00435699, 0.00541617, 0.00700861, 0.00869203, 0.00827524, 0.00941256, 0.00569831, 0.00518795, 0.00883189, 0.0088121, 0.00753821, 0.00975015, 0.00445019, 0.00927226, 0.00384701, 0.0091795, 0.00737348, 0.00986455, 0.00841391, 0.00881918, 0.00771718, 0.00518555, 0.0059784, 0.00639477, 0.00440898, 0.0041715, 0.00662716, 0.00393013, 0.00614537, 0.00655576, 0.00392095, 0.00816562, 0.00449905, 0.00555951, 0.00998963, 0.00439253, 0.00902608, 0.00378854, 0.00776442, 0.00535169, 0.00458665, 0.00908702, 0.00932176, 0.00456589, 0.00388382, 0.00912038, 0.00743344, 0.00513271, 0.00539117, 0.00566802, 0.00859221, 0.00559697];
GivenLatency = [494.61, 403.184, 719.498, 863.427, 400.742, 820.287, 573.576, 727.101, 539.794, 641.286, 438.866, 722.934, 866.037, 778.364, 1106.46, 470.271, 1158.76, 542.444, 641.306, 703.371, 395.705, 1119.01, 453.947, 439.869, 465.526, 536.823, 489.475, 474.366, 466.369, 816.587, 583.375, 956.098, 521.151, 841.331, 484.148, 566.845, 510.664, 723.537, 542.769, 452.089, 428.967, 404.239, 882.826, 636.26, 442.012, 849.229, 704.958, 425.29, 529.246, 455.125, 807.836, 1152.5, 470.772, 570.429, 447.268, 817.705, 365.217, 619.068, 506.712, 521.339, 447.381, 453.3, 449.755, 669.504, 523.005, 1122.02, 629.751, 367.3, 1066.78, 1115.41, 579.148, 436.087, 516.299, 825.027, 506.958, 869.569, 1035.82, 625.745, 522.409, 420.447, 506.457, 510.293, 704.032, 643.773, 460.82, 409.965, 513.962, 478.519, 750.217, 457.991, 1055.47, 420.061, 635.1, 471.189, 561.14, 425.742, 485.67, 748.046, 585.947, 604.034, 922.152, 1181.55, 647.756, 921.193, 546.49, 529.02, 1120, 579.845, 784.412, 623.76, 355.29, 1043.65, 504.973, 1171.1, 551.078, 685.511, 850.479, 444.991, 358.136, 844.619, 956.538, 414.023, 523.583, 890.392, 658.273, 617.091, 411.145, 812.691];
HighestPossibleCritFunctionValue = 1.1;
