NumDevices = 128;
NumSlotes = 1024;


GivenBandwidthOld = [0.0023831, 0.00146275, 0.00190057, 0.00406316, 0.00386922, 0.00373544, 0.00213432, 0.00147717, 0.00370508, 0.00131946, 0.00300947, 0.00386377, 0.00279581, 0.00349588, 0.00402388, 0.00317836, 0.00186046, 0.00182477, 0.00210436, 0.00416935, 0.00432299, 0.00219191, 0.00379933, 0.00401727, 0.00141117, 0.0037142, 0.00147808, 0.00338076, 0.00350056, 0.00134569, 0.00328809, 0.00231944, 0.00337639, 0.00198366, 0.0036821, 0.00257287, 0.00354091, 0.00153307, 0.00254263, 0.00143348, 0.00370818, 0.00338118, 0.00429681, 0.00269375, 0.00378853, 0.00381618, 0.00287452, 0.00135384, 0.00272918, 0.00245264, 0.0014547, 0.00411869, 0.0028521, 0.00273048, 0.00248665, 0.00128355, 0.00260131, 0.003365, 0.00426041, 0.00341162, 0.00349711, 0.00275745, 0.00260949, 0.00332373, 0.00126013, 0.00269819, 0.00353852, 0.00198551, 0.00361453, 0.00132978, 0.00154727, 0.00372072, 0.00164237, 0.00197983, 0.00191846, 0.00172243, 0.00385697, 0.00415264, 0.00147676, 0.00310517, 0.00305066, 0.00250755, 0.00250221, 0.00347075, 0.00351428, 0.00395862, 0.00306718, 0.00204525, 0.00147218, 0.00415325, 0.00248058, 0.00238764, 0.00286736, 0.00296359, 0.00157462, 0.00402446, 0.00349701, 0.00417063, 0.00388178, 0.00229963, 0.00176002, 0.00130919, 0.0023155, 0.00277683, 0.00330434, 0.00347342, 0.00146861, 0.00347882, 0.00167138, 0.0022095, 0.00263359, 0.0020763, 0.00143219, 0.0038786, 0.00206599, 0.00301696, 0.00173226, 0.00351279, 0.0037657, 0.00142954, 0.00316698, 0.00423049, 0.00369531, 0.00264952, 0.00429715, 0.00219393, 0.00331781, 0.00183899];
GivenLatency = [150.728, 220.777, 167.267, 154.317, 82.9837, 132.711, 262.065, 259.645, 125.147, 382.95, 124.702, 162.751, 126.687, 111.42, 95.7825, 150.934, 197.707, 192.355, 271.875, 85.6581, 88.1864, 188.879, 83.056, 82.5109, 223.519, 122.882, 423.469, 105.507, 113.377, 320.696, 161.516, 245.464, 156.535, 260.453, 140.532, 209.01, 155.601, 418.482, 227.921, 284.734, 164.362, 104.085, 120.065, 150.077, 87.6984, 140.635, 186.907, 422.619, 143.12, 258.269, 421.392, 88.7369, 166.32, 162.374, 230.721, 251.969, 150.07, 128.007, 148.642, 171.082, 94.0633, 206.581, 120.181, 123.774, 303.103, 215.86, 151.801, 302.522, 90.171, 381.845, 229.28, 103.978, 231.185, 170.906, 175.928, 234.022, 104.399, 96.9775, 262.876, 102.946, 150.982, 141.601, 147.745, 107.948, 113.878, 100.831, 181.881, 176.535, 290.9, 82.0407, 225.555, 131.736, 158.384, 159.844, 303.146, 86.3907, 175.033, 80.2486, 91.779, 216.337, 202.894, 256.799, 194.168, 204.496, 156.031, 132.035, 261.844, 145.936, 343.715, 143.501, 126.336, 169.017, 394.281, 155.376, 253.87, 122.346, 180.485, 91.8452, 105.395, 357.726, 123.957, 104.761, 96.9714, 130.206, 87.4982, 298.309, 118.657, 218.159];
HighestPossibleCritFunctionValue = 1.1;
