NumDevices = 32;
NumSlotes = 256;


GivenBandwidthOld = [0.0149958, 0.0173475, 0.0168957, 0.0104669, 0.0127376, 0.013595, 0.0107952, 0.00552526, 0.00813239, 0.0136419, 0.0122477, 0.00540195, 0.0105117, 0.0152913, 0.00917079, 0.0158872, 0.0103743, 0.00534726, 0.0164803, 0.00509728, 0.0149185, 0.0170882, 0.00896469, 0.0145468, 0.00745758, 0.00961399, 0.0147573, 0.00781547, 0.0120851, 0.0100449, 0.00772871, 0.0163764];
GivenLatency = [32.807, 22.9996, 27.6328, 56.7447, 35.5126, 35.5779, 30.4175, 70.3546, 47.312, 24.5164, 25.0129, 60.7407, 30.2904, 27.868, 37.5364, 29.2467, 42.7562, 57.2641, 18.9354, 109.694, 29.8762, 35.0316, 41.9567, 26.8971, 52.2613, 58.2647, 24.3618, 65.1256, 36.4975, 53.2221, 68.9688, 34.6166];
HighestPossibleCritFunctionValue = 1.1;
