NumDevices = 32;
NumSlotes = 256;


GivenBandwidthOld = [0.00939996, 0.00517881, 0.010209, 0.0149455, 0.00881346, 0.0103054, 0.0101153, 0.0145841, 0.0104855, 0.0117215, 0.0113424, 0.0142498, 0.0164876, 0.0145847, 0.00824936, 0.0169538, 0.0124422, 0.0109653, 0.0140811, 0.00610965, 0.0174113, 0.0140867, 0.0132136, 0.0139637, 0.00788063, 0.0072108, 0.0119145, 0.0161811, 0.0129749, 0.0142822, 0.0117404, 0.0154971];
GivenLatency = [39.2088, 120.179, 37.0406, 20.8978, 47.379, 51.1661, 55.5211, 27.6627, 54.6457, 48.2272, 52.5106, 25.0825, 26.6558, 36.2011, 45.2214, 31.5668, 26.0572, 55.2857, 43.1472, 61.0339, 19.1461, 23.666, 39.7311, 40.432, 78.9469, 59.4033, 30.5577, 26.5132, 39.3834, 22.4902, 40.7793, 31.4985];
HighestPossibleCritFunctionValue = 1.1;
