NumDevices = 64;
NumSlotes = 512;


GivenBandwidthOld = [0.0122312, 0.0142187, 0.00921128, 0.00902236, 0.0138438, 0.00856516, 0.00966469, 0.00948, 0.0154117, 0.00984535, 0.0157902, 0.0115312, 0.00992671, 0.0131481, 0.015535, 0.0125162, 0.0144692, 0.00864927, 0.0132422, 0.0169916, 0.0134601, 0.009145, 0.0150847, 0.0141968, 0.010546, 0.0117969, 0.014671, 0.0110163, 0.0165798, 0.0109596, 0.0138313, 0.00755897, 0.00856621, 0.0172807, 0.0113104, 0.00965119, 0.0124948, 0.0149266, 0.0158157, 0.0103011, 0.0157961, 0.00985012, 0.016021, 0.0101203, 0.0169903, 0.0115915, 0.0136266, 0.00758135, 0.0148252, 0.0116759, 0.0116592, 0.0116635, 0.0136472, 0.0129766, 0.013376, 0.0146563, 0.0139438, 0.0085768, 0.015198, 0.00774057, 0.010777, 0.0134628, 0.0145007, 0.0081361];
GivenLatency = [98.9181, 85.8626, 103.486, 105.943, 68.7461, 130.999, 96.2615, 107.672, 64.9405, 111.854, 70.2271, 84.6352, 105.517, 80.714, 59.8521, 95.7336, 65.4777, 121.301, 82.7063, 70.3609, 81.7669, 125.912, 71.3539, 74.4853, 89.3839, 90.2207, 84.2894, 105.774, 70.4941, 91.1126, 79.7211, 143.216, 111.167, 65.9982, 97.9841, 99.6216, 73.2798, 63.4027, 65.33, 113.988, 76.0066, 95.5407, 61.541, 121.518, 66.1543, 81.7776, 83.1586, 126.84, 66.4178, 85.1214, 94.7368, 91.6676, 78.9597, 82.8302, 68.4463, 77.1799, 88.6108, 129.56, 65.3574, 135.863, 91.7247, 75.6048, 85.8317, 119.054];
HighestPossibleCritFunctionValue = 1.1;
