NumDevices = 128;
NumSlotes = 1024;


GivenBandwidthOld = [0.00390012, 0.00434643, 0.00237061, 0.00415016, 0.00366958, 0.00142602, 0.00344787, 0.00341361, 0.00257808, 0.00345576, 0.00160068, 0.00131642, 0.00195244, 0.00395393, 0.0024378, 0.00215556, 0.00228279, 0.00315403, 0.00226557, 0.00434263, 0.00402979, 0.00247361, 0.00400441, 0.00399139, 0.00396529, 0.0027916, 0.00149022, 0.00425606, 0.00228213, 0.00132903, 0.00138068, 0.0038875, 0.00158366, 0.00279882, 0.00415807, 0.00222732, 0.00199786, 0.00180162, 0.00358374, 0.00251274, 0.00223835, 0.00308018, 0.0016378, 0.00336347, 0.00353105, 0.00130571, 0.00322152, 0.00229078, 0.00303721, 0.00145894, 0.00355522, 0.00134132, 0.00174473, 0.0036437, 0.00402068, 0.00239438, 0.00354456, 0.0034011, 0.00159768, 0.00413205, 0.00238692, 0.00314186, 0.0040179, 0.00258462, 0.00407823, 0.00404014, 0.00132841, 0.00342783, 0.00408977, 0.00421287, 0.00129919, 0.00294058, 0.00233155, 0.00387747, 0.00182868, 0.00204971, 0.00127275, 0.00238554, 0.00194499, 0.00389006, 0.00406872, 0.00363042, 0.00266312, 0.00154883, 0.00189139, 0.00299041, 0.00238428, 0.00252202, 0.00199902, 0.00259663, 0.00285157, 0.00318526, 0.00211234, 0.00393624, 0.00207204, 0.00170667, 0.00148155, 0.00232522, 0.0037038, 0.00156489, 0.00302677, 0.00396369, 0.00395918, 0.00321113, 0.00256036, 0.00262663, 0.00391761, 0.00145757, 0.00241925, 0.0028669, 0.00153274, 0.00331723, 0.00136373, 0.00326597, 0.00244904, 0.00346782, 0.00429425, 0.00343398, 0.0043209, 0.00136559, 0.00331609, 0.00420544, 0.00138921, 0.00343326, 0.00152105, 0.00371602, 0.00388429, 0.00383553];
GivenLatency = [102.84, 118.225, 196.835, 119.965, 119.667, 282.432, 188.288, 100.957, 166.311, 135.831, 295.015, 253.872, 278.218, 94.9509, 132.402, 206.703, 165.305, 111.118, 154.463, 118.236, 89.0676, 193.389, 90.7097, 130.039, 142.544, 113.192, 225.715, 88.2627, 245.286, 318.36, 447.632, 99.2679, 241.588, 222.123, 87.5597, 172.727, 198.634, 338.836, 100.443, 254.85, 268.224, 116.411, 363.244, 115.225, 143.151, 378.44, 129.754, 149.086, 143.787, 279.334, 93.565, 354.093, 326.857, 131.875, 106.628, 149.806, 130.243, 99.1411, 397.675, 112.655, 271.551, 179.809, 136.421, 207.162, 81.596, 129.628, 482.868, 93.3274, 110.266, 87.3939, 287.129, 216.772, 258.16, 133.059, 312.01, 217.734, 259.932, 191.855, 283.642, 103.27, 107.765, 87.2397, 130.826, 231.715, 332.778, 196.907, 176.625, 158.984, 291.92, 221.241, 116.84, 172.676, 197.052, 129.112, 202.228, 244.36, 426.45, 146.113, 95.3244, 381.565, 212.977, 83.1632, 154.036, 111.721, 143.162, 142.475, 121.766, 334.537, 197.539, 157, 204.784, 187.788, 337.153, 193.448, 230.809, 90.7059, 127.311, 113.682, 125.32, 275.136, 164.796, 126.528, 253.695, 123.314, 264.839, 154.312, 168.105, 96.4582];
HighestPossibleCritFunctionValue = 1.1;
