NumDevices = 128;
NumSlotes = 1024;


GivenBandwidthOld = [0.00317718, 0.00383197, 0.00271519, 0.00172182, 0.00293604, 0.00418756, 0.00399268, 0.00379069, 0.00256628, 0.00211847, 0.00387638, 0.00223538, 0.00312319, 0.00268619, 0.00180603, 0.00270833, 0.00207963, 0.00427932, 0.00261073, 0.00235893, 0.00148982, 0.00378783, 0.00151162, 0.00138666, 0.0043076, 0.00274621, 0.00434037, 0.00363422, 0.00407076, 0.00344914, 0.00285324, 0.00314797, 0.00357543, 0.00344434, 0.00333956, 0.00173645, 0.0020259, 0.00431515, 0.00158583, 0.00184158, 0.00334319, 0.00341638, 0.00215243, 0.00276206, 0.0018953, 0.0031247, 0.00301709, 0.0038693, 0.00197795, 0.00152146, 0.00433963, 0.00359095, 0.00177981, 0.00264679, 0.00215337, 0.00292637, 0.00405599, 0.00220696, 0.00360074, 0.00388242, 0.00368841, 0.00230744, 0.00183767, 0.0032499, 0.00421273, 0.00203803, 0.0018382, 0.00271388, 0.00156038, 0.00213258, 0.00350578, 0.00170733, 0.00314418, 0.00233706, 0.00270975, 0.00407907, 0.00257128, 0.00171616, 0.00156949, 0.00210714, 0.00402272, 0.00232644, 0.00231627, 0.0033598, 0.00135894, 0.00409653, 0.00226992, 0.00237114, 0.00360446, 0.00386421, 0.00395899, 0.00316092, 0.0024826, 0.00194988, 0.00169253, 0.00133456, 0.00368386, 0.00407208, 0.00374921, 0.00226978, 0.00311401, 0.00157625, 0.00323054, 0.00375837, 0.00317293, 0.00433951, 0.00164184, 0.00249078, 0.00198883, 0.00320458, 0.00182568, 0.00176413, 0.00166432, 0.00221091, 0.00435815, 0.0023895, 0.00288693, 0.00381156, 0.00339899, 0.00361968, 0.00337695, 0.00206567, 0.00402946, 0.00312521, 0.00236111, 0.00373929, 0.00130967, 0.00419249];
GivenLatency = [138.978, 133.235, 158.183, 273.16, 201.942, 89.4432, 97.6755, 141.619, 203.291, 171.809, 93.006, 204.412, 126.556, 237.576, 186.68, 171.58, 283.977, 94.5195, 228.154, 269.391, 279.251, 142.025, 217.493, 406.943, 105.435, 116.871, 72.8306, 144.857, 150.075, 145.848, 138, 172.781, 102.126, 122.973, 99.826, 259.476, 267.159, 93.4904, 228.072, 203.313, 96.7371, 92.2757, 152.539, 148.558, 195.785, 110.425, 128.199, 125.418, 165.845, 403.392, 78.476, 111.018, 330.296, 163.167, 198.876, 212.979, 139.999, 158.211, 138.492, 134.999, 156.889, 145.781, 316.973, 140.048, 147.343, 175.182, 214.952, 134.398, 224.384, 159.178, 115.365, 297.097, 149.565, 189.385, 139.758, 134.885, 203.823, 256.535, 329.269, 255.914, 84.4636, 207.179, 163.596, 116.876, 347.289, 109.595, 159.049, 142.996, 87.6111, 114.021, 114.258, 112.969, 138.11, 267.577, 326.594, 244.893, 90.1678, 94.7519, 148.828, 166.373, 114.124, 203.948, 136.741, 109.08, 158.65, 105.826, 308.67, 235.047, 193.784, 151.63, 282.818, 183.067, 225.254, 148.693, 76.997, 162.446, 135.756, 91.0446, 146.885, 102.271, 152.367, 167.937, 132.422, 131.609, 160.715, 110.831, 375.106, 89.4471];
HighestPossibleCritFunctionValue = 1.1;
