NumDevices = 32;
NumSlotes = 256;


GivenBandwidthOld = [0.011428, 0.0146253, 0.0154913, 0.00697359, 0.0126547, 0.0077285, 0.0129138, 0.0128291, 0.0131929, 0.0159443, 0.0088537, 0.0117109, 0.00747377, 0.00657269, 0.0121459, 0.00604656, 0.00698561, 0.014597, 0.0134684, 0.00842137, 0.00795307, 0.0121664, 0.0135373, 0.016677, 0.0097273, 0.00677429, 0.0129281, 0.014551, 0.0153118, 0.0146183, 0.00935047, 0.0108451];
GivenLatency = [49.27, 21.9698, 29.7619, 60.4915, 38.5417, 40.5911, 25.5176, 35.8861, 43.4626, 21.013, 38.5048, 35.7247, 48.9064, 46.8278, 37.8986, 70.3377, 44.6381, 41.4711, 34.7663, 41.6785, 59.4314, 27.6368, 30.3675, 18.7276, 48.1269, 72.2904, 25.3936, 33.126, 24.3068, 34.7975, 32.6485, 30.0165];
HighestPossibleCritFunctionValue = 1.1;
