NumDevices = 128;
NumSlotes = 1024;


GivenBandwidthOld = [0.00537913, 0.00451374, 0.00485457, 0.00823473, 0.00861199, 0.00424969, 0.0069741, 0.00619356, 0.00772361, 0.00821104, 0.00549907, 0.00531175, 0.00710388, 0.00748536, 0.00397584, 0.00447703, 0.00790478, 0.00806439, 0.00563733, 0.00405071, 0.00777278, 0.00455022, 0.00803393, 0.00376026, 0.00616664, 0.00516111, 0.00523113, 0.0070593, 0.00819898, 0.00779583, 0.00699502, 0.00781285, 0.00801579, 0.00388001, 0.00388756, 0.00569826, 0.00813723, 0.00495078, 0.00533159, 0.00554322, 0.00733409, 0.00648583, 0.00488757, 0.00794783, 0.00661422, 0.0076933, 0.003767, 0.00442488, 0.00650462, 0.00564455, 0.00552566, 0.00735162, 0.00610129, 0.00680755, 0.00691627, 0.00424784, 0.00594008, 0.00742917, 0.00460543, 0.00596318, 0.00558105, 0.00816582, 0.00538154, 0.00504059, 0.00474833, 0.00771636, 0.00636437, 0.00853298, 0.00628591, 0.00474225, 0.00554941, 0.00642808, 0.00431401, 0.008027, 0.00733546, 0.00463404, 0.00683432, 0.00692139, 0.00528241, 0.00400674, 0.00873158, 0.00422715, 0.008255, 0.00421003, 0.00539785, 0.00411625, 0.00429328, 0.00463105, 0.00653902, 0.00379504, 0.00579591, 0.00438545, 0.00868475, 0.00710173, 0.0062038, 0.00478219, 0.00676834, 0.0080367, 0.00537752, 0.00745175, 0.00414842, 0.00492967, 0.00547908, 0.00436, 0.00599441, 0.00555484, 0.00769995, 0.00549542, 0.00407695, 0.00874572, 0.00676963, 0.0046664, 0.00570492, 0.00510268, 0.00822476, 0.00607987, 0.00688754, 0.00633061, 0.0060181, 0.00863517, 0.00378299, 0.00826947, 0.00750735, 0.00851794, 0.00853863, 0.00631987, 0.00548074, 0.00729971];
GivenLatency = [177.872, 263.802, 199.425, 142.377, 126.981, 272.182, 155.452, 186.325, 128.909, 132.392, 201.632, 201.761, 144.295, 145.222, 270.978, 265.499, 142.217, 137.923, 202.809, 284.688, 160.105, 252.52, 126.342, 286.776, 187.812, 237.003, 187.82, 168.026, 119.76, 145.57, 154.231, 125.401, 119.523, 251.905, 322.581, 189.3, 135.022, 234.42, 215.589, 211.137, 148.774, 197.518, 251.706, 140.747, 193.484, 138.617, 257.869, 250.008, 181.4, 229.271, 225.978, 145.402, 188.995, 154.74, 142.649, 226.923, 174.672, 148.496, 249.225, 163.295, 209.97, 152.916, 212.859, 193.249, 235.596, 152.329, 175.805, 121.608, 201.534, 203.165, 218.549, 154.94, 228.165, 124.574, 158.576, 209.579, 148.853, 161.405, 211.673, 282.84, 139.063, 234.592, 119.394, 237.688, 211.855, 283.09, 251.69, 214.34, 183.355, 260.219, 170.701, 234.85, 114.339, 152.275, 165.767, 200.586, 177.766, 141.459, 203.946, 170.831, 255.868, 197.36, 202.869, 232.434, 186.885, 185.601, 127.402, 225.919, 254.298, 130.112, 174.307, 227.429, 167.282, 223.104, 119.599, 157.852, 182.717, 168.018, 191.242, 146.525, 327.194, 152.956, 153.994, 131.786, 111.658, 186.769, 225.583, 152.264];
HighestPossibleCritFunctionValue = 1.1;
