NumDevices = 16;
NumSlotes = 128;


GivenBandwidthOld = [0.0309728, 0.0241628, 0.0188916, 0.0265081, 0.0108338, 0.0231552, 0.0102437, 0.0313182, 0.0291221, 0.0206145, 0.0326562, 0.0173163, 0.0245925, 0.0159566, 0.0223198, 0.0181315];
GivenLatency = [11.9482, 15.8637, 17.6442, 15.0887, 53.4895, 14.2888, 34.6084, 13.7727, 19.8139, 26.0365, 9.83412, 18.9161, 22.2118, 27.6776, 15.9554, 18.6812];
HighestPossibleCritFunctionValue = 1.1;
