NumDevices = 32;
NumSlotes = 256;


GivenBandwidthOld = [0.0121404, 0.0142159, 0.00834843, 0.00704898, 0.0171455, 0.00904119, 0.0128403, 0.0141621, 0.0168819, 0.0172991, 0.0156328, 0.0101481, 0.0159264, 0.00766234, 0.0134529, 0.0100235, 0.00963197, 0.0170471, 0.017402, 0.0087424, 0.0160317, 0.0142093, 0.0109427, 0.00939008, 0.0141059, 0.0102386, 0.0125253, 0.00780846, 0.00683644, 0.0075801, 0.00620562, 0.00531036];
GivenLatency = [39.6711, 41.2721, 37.1466, 51.0075, 25.3385, 43.2874, 24.674, 23.378, 26.2727, 23.9991, 39.5963, 43.33, 21.2759, 43.3477, 24.3131, 45.8248, 59.3509, 24.4591, 19.8163, 48.5287, 26.4066, 33.3951, 31.5584, 57.1325, 27.3711, 55.3167, 34.0709, 77.5825, 66.9412, 57.9235, 59.5373, 106.432];
HighestPossibleCritFunctionValue = 1.1;
