NumDevices = 16;
NumSlotes = 128;


GivenBandwidthOld = [0.030758, 0.0152887, 0.0224635, 0.034362, 0.0118228, 0.0214305, 0.0219079, 0.0210859, 0.0307862, 0.0130378, 0.0165181, 0.0343873, 0.0125141, 0.0149378, 0.0249223, 0.0346627];
GivenLatency = [16.0485, 25.141, 24.1762, 13.5521, 30.8643, 28.4893, 22.7247, 23.7278, 13.7708, 35.5228, 26.6003, 9.48695, 24.7779, 22.5255, 13.0492, 13.0811];
HighestPossibleCritFunctionValue = 1.1;
