NumDevices = 128;
NumSlotes = 1024;


GivenBandwidthOld = [0.00874432, 0.00587182, 0.00890075, 0.00983862, 0.00393515, 0.0093822, 0.00795943, 0.00796484, 0.00513725, 0.006742, 0.0090698, 0.00742835, 0.00709083, 0.00937155, 0.00380416, 0.00771623, 0.00800062, 0.00639274, 0.00770598, 0.00444131, 0.00385797, 0.00590734, 0.00594525, 0.00564569, 0.00836305, 0.00410834, 0.00761385, 0.00604835, 0.00712303, 0.00672791, 0.00974636, 0.00963681, 0.00589041, 0.00882427, 0.00576962, 0.00378119, 0.00915944, 0.00769843, 0.0087411, 0.0078435, 0.00948441, 0.00705253, 0.0094421, 0.00835099, 0.0075775, 0.00759995, 0.00993054, 0.0051374, 0.00924492, 0.00692656, 0.00473292, 0.00501958, 0.00416386, 0.00957044, 0.00912853, 0.00692998, 0.00587892, 0.00958593, 0.00705258, 0.00396011, 0.00381856, 0.00607228, 0.00926071, 0.00979551, 0.00437605, 0.00704192, 0.00601981, 0.00868835, 0.00885183, 0.00645211, 0.0055483, 0.00904665, 0.0057844, 0.008386, 0.00847803, 0.00528058, 0.00939275, 0.00387564, 0.0091346, 0.00893124, 0.00991024, 0.00764024, 0.00568819, 0.00393448, 0.00436796, 0.00848152, 0.00758728, 0.00933519, 0.00525617, 0.0054554, 0.00383238, 0.00706837, 0.00678264, 0.00452818, 0.00766054, 0.00949806, 0.00518774, 0.00539768, 0.00878067, 0.00417283, 0.00407226, 0.00743641, 0.0049813, 0.00441941, 0.00459174, 0.0071106, 0.00412181, 0.00895231, 0.00766512, 0.00512331, 0.00994345, 0.00951294, 0.00519994, 0.00405924, 0.00745739, 0.00758961, 0.0048063, 0.00704978, 0.00693958, 0.00472006, 0.00763173, 0.0064675, 0.00796191, 0.00579556, 0.00850188, 0.00600829, 0.0088557, 0.008984];
GivenLatency = [400.378, 600.917, 455.718, 494.713, 1032.17, 390.015, 450.012, 442.615, 771.272, 687.797, 456.284, 602.772, 524.449, 368.069, 939.49, 598.565, 543.757, 675.013, 513.354, 762.345, 1025.8, 592.973, 733.893, 850.639, 435.29, 936.831, 450.876, 662.247, 502.849, 663.682, 510.476, 516.846, 578.28, 401.845, 773.523, 1268.29, 435.717, 618.799, 403.994, 474.156, 387.829, 494.694, 416.781, 491.977, 444.977, 515.876, 478.723, 772.484, 447.109, 555.932, 794.747, 691.746, 1003.29, 401.504, 375.455, 512.355, 662.821, 394.534, 524.025, 905.806, 1233.97, 631.901, 427.819, 406.033, 977.941, 677.536, 731.009, 550.049, 492.111, 551.38, 603.631, 499.497, 642.576, 455.693, 425.543, 734.246, 375.72, 910.298, 526.233, 518.184, 376.344, 629.247, 781.091, 1220.68, 923.046, 415.919, 444.378, 429.611, 746.679, 617.969, 978.778, 662.573, 724.536, 899.398, 631.238, 405.088, 825.055, 875.091, 385.76, 874.405, 1020.16, 592.029, 836.516, 1036.01, 1002.26, 606.965, 1126.16, 382.599, 524.481, 840.308, 449.956, 356.753, 888.673, 956.587, 573.829, 538.456, 883.277, 527.931, 639.335, 808.077, 514.985, 627.834, 538.997, 587.606, 479.611, 557.253, 555.931, 419.177];
HighestPossibleCritFunctionValue = 1.1;
