NumDevices = 32;
NumSlotes = 256;


GivenBandwidthOld = [0.023265, 0.0255547, 0.0334557, 0.0251618, 0.0301523, 0.0298608, 0.0296833, 0.0223036, 0.0172977, 0.032819, 0.0234822, 0.0245793, 0.0384677, 0.0359516, 0.0231375, 0.0324285, 0.0364889, 0.0284738, 0.0184609, 0.032852, 0.0293804, 0.030691, 0.0344472, 0.0388407, 0.0306478, 0.0321043, 0.0376534, 0.0255901, 0.027959, 0.0177212, 0.0255046, 0.0162556];
GivenLatency = [101.097, 73.0528, 61.8174, 97.5536, 71.0337, 77.3824, 59.9111, 98.9233, 103.829, 54.8852, 103.385, 68.3204, 47.973, 58.7301, 75.9935, 67.2364, 55.6054, 72.277, 114.613, 59.7496, 63.1526, 80.733, 59.5797, 48.0197, 78.6615, 57.103, 58.053, 87.99, 84.0336, 127.919, 67.4675, 113.28];
HighestPossibleCritFunctionValue = 1.1;
