NumDevices = 16;
NumSlotes = 128;


GivenBandwidthOld = [0.0590742, 0.0404143, 0.0630294, 0.035065, 0.0372428, 0.0399253, 0.0437319, 0.0628224, 0.0360354, 0.0662465, 0.0648838, 0.0416525, 0.0328735, 0.0446398, 0.0410706, 0.0532798];
GivenLatency = [15.0067, 20.5497, 16.7535, 22.556, 22.3727, 19.4657, 19.149, 12.4798, 26.2311, 13.579, 15.7721, 19.3366, 33.7708, 22.5089, 23.6213, 14.5514];
HighestPossibleCritFunctionValue = 1.1;
