NumDevices = 32;
NumSlotes = 256;


GivenBandwidthOld = [0.0132501, 0.0143217, 0.0127934, 0.0139999, 0.0167981, 0.00784726, 0.00892385, 0.0157233, 0.00633705, 0.0142809, 0.0137172, 0.0142088, 0.0154131, 0.0174079, 0.00693545, 0.00916949, 0.0066589, 0.0111573, 0.0152363, 0.00935221, 0.0150756, 0.00876645, 0.00770827, 0.0103371, 0.0174264, 0.00625424, 0.01009, 0.0155762, 0.00911212, 0.0174668, 0.0101758, 0.0077032];
GivenLatency = [28.7646, 29.1733, 26.8761, 30.0102, 31.7097, 73.6796, 37.8186, 35.768, 71.079, 38.8182, 39.977, 26.6649, 35.3605, 25.8628, 60.8819, 52.0687, 52.7875, 40.0886, 20.0424, 58.8282, 34.5579, 52.3746, 47.295, 32.493, 23.6897, 82.5929, 57.9148, 36.3746, 69.9419, 21.2625, 50.9354, 76.7533];
HighestPossibleCritFunctionValue = 1.1;
