NumDevices = 32;
NumSlotes = 256;


GivenBandwidthOld = [0.0166444, 0.0324697, 0.0283133, 0.0310594, 0.0261068, 0.0278104, 0.0190952, 0.0222064, 0.0333336, 0.0282775, 0.0299195, 0.0264762, 0.0154789, 0.0242682, 0.0251184, 0.0345738, 0.0320057, 0.0297173, 0.0284343, 0.0254066, 0.0184371, 0.022123, 0.0319637, 0.0234078, 0.0250526, 0.0296523, 0.0165213, 0.0241414, 0.0346914, 0.0291105, 0.0294035, 0.0151962];
GivenLatency = [51.6764, 33.6338, 39.4446, 30.307, 36.5487, 37.2199, 48.8915, 39.3463, 34.3706, 36.6715, 30.9338, 41.9295, 74.5395, 43.0294, 41.0923, 31.026, 36.0113, 32.4857, 31.7139, 41.3717, 46.0467, 39.6444, 30.7109, 41.4524, 41.918, 33.1725, 55.958, 39.9416, 28.1461, 38.0833, 39.451, 61.6762];
HighestPossibleCritFunctionValue = 1.1;
