NumDevices = 16;
NumSlotes = 128;


GivenBandwidthOld = [0.0408757, 0.0684381, 0.0598137, 0.0593223, 0.0499001, 0.0405176, 0.0490519, 0.0357713, 0.0785567, 0.0721031, 0.0573097, 0.0745521, 0.0663747, 0.0790345, 0.0536669, 0.0492207];
GivenLatency = [34.5673, 24.7689, 29.2421, 31.0507, 34.0676, 40.7392, 38.9268, 48.2926, 19.9273, 21.3443, 32.4456, 19.3049, 23.7862, 18.585, 25.9724, 31.8667];
HighestPossibleCritFunctionValue = 1.1;
