NumDevices = 128;
NumSlotes = 1024;


GivenBandwidthOld = [0.00589707, 0.00453112, 0.00701645, 0.00805812, 0.00531193, 0.00506695, 0.00769195, 0.00615082, 0.00441697, 0.00858086, 0.00601233, 0.00672903, 0.00723252, 0.00439203, 0.00428062, 0.00692047, 0.00479872, 0.00464667, 0.00416215, 0.00580616, 0.0065525, 0.00535579, 0.00732913, 0.0081604, 0.00428397, 0.00820572, 0.00602891, 0.00544454, 0.00395516, 0.00692198, 0.00518598, 0.00823923, 0.00426234, 0.00469059, 0.00724489, 0.007354, 0.00612565, 0.00631762, 0.00775819, 0.0043685, 0.0039029, 0.00846642, 0.00765454, 0.00727983, 0.00457235, 0.00502337, 0.00534591, 0.006144, 0.00476696, 0.00587248, 0.00630446, 0.0065097, 0.00608205, 0.00857446, 0.008524, 0.00530444, 0.00428682, 0.00614892, 0.0074461, 0.00408554, 0.00815906, 0.00676712, 0.00741234, 0.00673669, 0.00608249, 0.00597477, 0.00539495, 0.0054729, 0.00550557, 0.00453793, 0.00649432, 0.00759285, 0.00548074, 0.00727662, 0.00562703, 0.00596108, 0.00542727, 0.00856744, 0.00539978, 0.00665653, 0.00382038, 0.00654954, 0.00559128, 0.00509558, 0.00382685, 0.00531463, 0.00543293, 0.0087155, 0.00395922, 0.00513243, 0.00817472, 0.00497864, 0.00843437, 0.0039014, 0.00836976, 0.00806005, 0.00780525, 0.00536732, 0.00597851, 0.00830229, 0.00411408, 0.00785668, 0.00467381, 0.0052889, 0.00806786, 0.00399007, 0.00861839, 0.00682861, 0.00594858, 0.00527086, 0.00484199, 0.00682634, 0.00778658, 0.00649285, 0.00784254, 0.00709107, 0.00711558, 0.00398358, 0.00453031, 0.00842244, 0.008497, 0.00664754, 0.0077203, 0.00763893, 0.00499213, 0.00527084, 0.0045109, 0.00712021];
GivenLatency = [179.144, 215.367, 180.185, 158.033, 198.999, 241.193, 137.403, 178.775, 279.944, 117.322, 158.562, 176.144, 134.936, 249.373, 252.272, 156.874, 225.47, 247.326, 246.85, 203.637, 178.866, 190.57, 164.564, 150.733, 300.598, 116.397, 199.073, 202.487, 262.877, 156.198, 186.507, 117.393, 252.987, 260.947, 132.474, 160.2, 202.446, 167.815, 166.483, 230.583, 273.668, 117.322, 134.188, 151.217, 246.119, 254.26, 202.849, 180.775, 249.758, 214.946, 194.559, 180.191, 187.072, 117.288, 125.388, 193.714, 235.745, 183.761, 149.549, 251.48, 154.819, 152.599, 145.367, 144.108, 186.34, 190.467, 229.99, 213.69, 177.423, 236.73, 186.265, 128.294, 195.025, 140.85, 177.494, 161.251, 180.034, 151.156, 209.813, 181.116, 322.978, 174.883, 175.511, 201.004, 269.681, 185.963, 185.734, 118.542, 275.065, 188.293, 120.162, 246.793, 130.564, 314.812, 120.643, 150.672, 142.946, 192.079, 170.172, 125.12, 258.616, 163.344, 262.178, 183.225, 141.675, 295.621, 113.355, 160.118, 204.508, 188.022, 230.282, 153.381, 136.869, 185.388, 122.502, 150.455, 157.061, 276.893, 258.869, 124.895, 112.236, 145.499, 142.102, 134.239, 211.242, 182.224, 217.347, 135.236];
HighestPossibleCritFunctionValue = 1.1;
