NumDevices = 128;
NumSlotes = 1024;


GivenBandwidthOld = [0.00750465, 0.00815294, 0.00395731, 0.00796213, 0.00709656, 0.00430175, 0.0070671, 0.00417202, 0.00663436, 0.0061651, 0.00438656, 0.00749112, 0.00582974, 0.00801277, 0.0081167, 0.00480148, 0.00601349, 0.00623805, 0.00542315, 0.00444682, 0.00522397, 0.00679618, 0.00593126, 0.00417285, 0.00560783, 0.00833588, 0.008575, 0.00748942, 0.00710227, 0.00540761, 0.00822105, 0.00862724, 0.00559185, 0.00464872, 0.00845488, 0.00861708, 0.00483671, 0.00805234, 0.00820562, 0.00443754, 0.00420839, 0.00794697, 0.0072974, 0.00495976, 0.00617308, 0.0084453, 0.00773339, 0.00751021, 0.006574, 0.00673072, 0.00578961, 0.00841954, 0.00464841, 0.00828133, 0.00687761, 0.00449452, 0.00696913, 0.00775101, 0.00865701, 0.00583529, 0.00621454, 0.00520129, 0.00556783, 0.00595978, 0.00844671, 0.00640099, 0.00396227, 0.00629477, 0.00871492, 0.00420076, 0.00461052, 0.00656663, 0.00788864, 0.00694905, 0.00526075, 0.00484914, 0.00701053, 0.00849571, 0.00483615, 0.00874315, 0.00861045, 0.00835297, 0.00592922, 0.00496493, 0.00800884, 0.00703533, 0.00535263, 0.00414594, 0.00824791, 0.00521161, 0.003979, 0.00753531, 0.00847416, 0.00767581, 0.00480794, 0.0045792, 0.00515455, 0.0049975, 0.00546708, 0.0077964, 0.0065527, 0.00873279, 0.00456933, 0.00430087, 0.00722939, 0.00694099, 0.00472822, 0.00472599, 0.00729184, 0.00652813, 0.00582365, 0.00555065, 0.00723273, 0.00792778, 0.00476486, 0.0055149, 0.00646207, 0.00556536, 0.00444856, 0.00438765, 0.00565996, 0.00448954, 0.00821219, 0.00481145, 0.00861546, 0.00757496, 0.00484415, 0.00807472];
GivenLatency = [166.864, 141.903, 250.218, 141.545, 148.769, 287.939, 180.653, 247.743, 191.26, 157.721, 254.323, 141.832, 168.84, 134.448, 121.986, 212.848, 178.976, 194.411, 176.777, 276.233, 192.207, 162.579, 161.416, 245.594, 187.755, 147.059, 137.189, 156.791, 151.288, 206.997, 143.746, 130.505, 190.971, 250.863, 122.972, 138.941, 201.192, 134.243, 132.431, 231.152, 296.811, 141.069, 161.381, 238.707, 170.867, 124.913, 140.304, 172.762, 164.285, 192.146, 184.507, 150.513, 261.794, 121.526, 139.745, 233.117, 174.953, 165.21, 134.751, 199.436, 205.661, 209.969, 215.734, 165.683, 120.163, 173.684, 294.325, 169.963, 139.4, 239.959, 215.699, 168.568, 132.225, 143.24, 235.958, 217.836, 153.324, 151.175, 206.914, 118.971, 145.354, 118.367, 164.475, 203.927, 126.049, 149.338, 205.786, 246.684, 134.358, 216.503, 323.274, 155.195, 128.829, 131.254, 199.939, 247.654, 232.436, 205.489, 187.325, 124.421, 189.915, 118.394, 261.579, 242.546, 157.638, 153.402, 270.61, 230.618, 145.937, 185.148, 175.44, 172.795, 176.334, 144.822, 208.664, 194.417, 180.41, 176.689, 228.516, 246.049, 212.452, 220.963, 131.562, 235.58, 150.081, 157.018, 250.752, 156.627];
HighestPossibleCritFunctionValue = 1.1;
