NumDevices = 16;
NumSlotes = 128;


GivenBandwidthOld = [0.043369, 0.0423701, 0.0543757, 0.0326612, 0.0369149, 0.0481058, 0.0537945, 0.0638153, 0.0432906, 0.0451211, 0.0502681, 0.0360395, 0.0551689, 0.0445228, 0.034586, 0.0677413];
GivenLatency = [18.106, 21.0714, 14.2707, 32.5028, 26.1861, 22.6921, 19.6775, 12.1351, 24.2812, 22.9353, 21.1113, 23.3637, 16.7916, 24.5918, 31.744, 16.0055];
HighestPossibleCritFunctionValue = 1.1;
