NumDevices = 128;
NumSlotes = 1024;


GivenBandwidthOld = [0.00935472, 0.00859325, 0.00420947, 0.00737017, 0.00412509, 0.00796464, 0.00799197, 0.00486106, 0.0085909, 0.00853487, 0.00434406, 0.00690254, 0.00717353, 0.00548044, 0.00598736, 0.00699715, 0.00991722, 0.0061337, 0.00406669, 0.00766149, 0.00670143, 0.00845932, 0.00948151, 0.00819271, 0.00981917, 0.00821466, 0.00377016, 0.00505597, 0.00945428, 0.00677449, 0.00503913, 0.00769733, 0.00910089, 0.00488737, 0.00698845, 0.00743879, 0.00755681, 0.00977894, 0.00706444, 0.00950988, 0.00996852, 0.00588784, 0.00940079, 0.00782089, 0.00438676, 0.00583857, 0.00635038, 0.00829865, 0.00908456, 0.00542447, 0.00911817, 0.00786727, 0.00894695, 0.00510992, 0.00997759, 0.00840788, 0.00745557, 0.00822716, 0.00757487, 0.00711228, 0.00738107, 0.00605929, 0.00972237, 0.0063034, 0.00631511, 0.00936895, 0.00397405, 0.00680729, 0.00643717, 0.00458095, 0.00702015, 0.00895064, 0.00458719, 0.00558245, 0.00806701, 0.00968309, 0.0086292, 0.00846388, 0.00489823, 0.00828847, 0.00677512, 0.00947447, 0.00873949, 0.00579728, 0.00616248, 0.00659769, 0.00866589, 0.00632133, 0.00752688, 0.00669733, 0.0082207, 0.00535492, 0.00881062, 0.00763784, 0.00912339, 0.00805709, 0.00551253, 0.00785446, 0.00613228, 0.00522253, 0.00888136, 0.0089691, 0.00865145, 0.00750744, 0.00505617, 0.0066332, 0.00551792, 0.00462092, 0.00378638, 0.00899678, 0.00513088, 0.00591093, 0.00379287, 0.00554462, 0.00960397, 0.00391214, 0.00380789, 0.00791078, 0.00904376, 0.00727964, 0.00771809, 0.00796066, 0.0098564, 0.00908236, 0.00605396, 0.00762712, 0.00396908, 0.00450982];
GivenLatency = [473.619, 546.203, 812.198, 496.049, 983.635, 584.573, 574.757, 978.578, 444.191, 462.044, 874.651, 631.071, 530.488, 768.597, 734.439, 518.453, 369.36, 570.881, 845.594, 647.012, 718.749, 457.119, 409.811, 534.305, 348.891, 442.774, 1209.07, 801.517, 388.457, 597.182, 687.757, 571.466, 442.649, 907.54, 662.064, 591.041, 445.443, 367.042, 560.279, 377.984, 406.802, 701.317, 445.514, 493.736, 1103.88, 670.108, 638.339, 408.686, 423.343, 817.437, 449.889, 612.121, 495.98, 673.948, 426.747, 488.917, 541.259, 405.356, 447.159, 552.073, 656.925, 774.527, 450.976, 697.311, 657.865, 531.928, 976.114, 523.156, 570.062, 778.575, 659.406, 547.892, 1009, 803.052, 492.661, 474.635, 507.353, 521.462, 954.859, 480.266, 588.676, 472.264, 532.19, 612.013, 747.668, 593.358, 385.656, 653.381, 508.931, 505.195, 587.235, 845.219, 415.23, 538.061, 400.466, 597.637, 611.125, 509.523, 736.148, 672.888, 502.161, 378.331, 549.683, 476.664, 892.878, 596.799, 605.438, 738.38, 1020.79, 374.247, 742.716, 610.3, 934.739, 640.204, 365.397, 1107.14, 996.371, 607.878, 428.498, 615.458, 643.26, 456.398, 482.864, 541.617, 704.089, 492.662, 1185.57, 744.638];
HighestPossibleCritFunctionValue = 1.1;
