NumDevices = 128;
NumSlotes = 1024;


GivenBandwidthOld = [0.00657147, 0.0053655, 0.0054313, 0.00510275, 0.00809145, 0.00797033, 0.00979392, 0.00892806, 0.00632945, 0.00652927, 0.00872645, 0.00538444, 0.00496677, 0.00408707, 0.00632381, 0.00544637, 0.00844374, 0.00388487, 0.00795325, 0.00394462, 0.00596715, 0.00487724, 0.00553297, 0.0076557, 0.00941384, 0.00842147, 0.00459516, 0.00843186, 0.0043125, 0.00767771, 0.00420118, 0.00546966, 0.00615303, 0.0039001, 0.00773626, 0.0071266, 0.00431824, 0.0040905, 0.00785276, 0.00882112, 0.00904537, 0.00934881, 0.00911016, 0.00453361, 0.00505081, 0.00403599, 0.0041787, 0.00892928, 0.00810112, 0.0079799, 0.00810937, 0.00924504, 0.00892938, 0.00982502, 0.00664407, 0.00684919, 0.00428629, 0.0046528, 0.0084413, 0.00660288, 0.00828179, 0.00705648, 0.00703863, 0.00696453, 0.00529788, 0.00647987, 0.00971205, 0.00796615, 0.00836399, 0.00728377, 0.00839973, 0.00794817, 0.00622226, 0.00497772, 0.00685066, 0.00404863, 0.00403182, 0.00909552, 0.0084209, 0.00759219, 0.00446105, 0.00444016, 0.00947127, 0.00490233, 0.00850165, 0.0084039, 0.00938926, 0.00780789, 0.00464503, 0.0090082, 0.00949613, 0.00395538, 0.00550021, 0.00709156, 0.00913155, 0.00774928, 0.00720345, 0.00843228, 0.00502014, 0.00727136, 0.00608261, 0.00793694, 0.00497708, 0.00861675, 0.00540008, 0.0053599, 0.00507302, 0.008575, 0.00994965, 0.00747589, 0.00598807, 0.00645506, 0.00525372, 0.00800548, 0.00685326, 0.00397353, 0.00444222, 0.00667843, 0.00938241, 0.00517118, 0.00834487, 0.00478886, 0.00754504, 0.0057583, 0.00718195, 0.00955667, 0.00896453, 0.00684127];
GivenLatency = [546.297, 743.83, 903.024, 680.115, 439.274, 491.896, 370.27, 494.662, 748.192, 625.867, 449.508, 737.538, 680.342, 1219.91, 659.536, 901.621, 533.856, 922.696, 544.127, 1258.97, 565.294, 940.09, 840.933, 456.816, 384.036, 547.571, 727.14, 499.396, 870.874, 561.601, 793.677, 839.478, 710.232, 1125.36, 573.463, 505.051, 1026.6, 983.044, 501.459, 402.34, 397.62, 363.513, 441.101, 1069.27, 802.997, 970.576, 1062.35, 508.259, 617.095, 469.92, 452.573, 421.344, 470.561, 439.687, 554.853, 497.177, 1126.28, 814.593, 394.955, 508.181, 475.251, 579.69, 662.636, 647.471, 725.091, 563.548, 352.871, 522.519, 473.857, 617.117, 410.095, 607.18, 755.72, 907.355, 495.998, 904.44, 841.292, 388.451, 526.138, 583.002, 1086.15, 845.162, 355.983, 814.301, 397.267, 432.556, 417.532, 499.277, 810.383, 371.6, 433.352, 972.707, 646.45, 480.753, 413.299, 443.84, 554.25, 518.39, 867.309, 641.777, 644.505, 628.284, 681.743, 391.561, 729.782, 659.196, 814.477, 451.791, 339.004, 535.177, 590.294, 675.306, 701.01, 583.423, 524.383, 995.778, 834.698, 626.046, 433.191, 649.747, 493.728, 762.113, 662.1, 624.935, 499.736, 479.676, 427.576, 492.058];
HighestPossibleCritFunctionValue = 1.1;
