NumDevices = 32;
NumSlotes = 256;


GivenBandwidthOld = [0.00763479, 0.0128646, 0.00957038, 0.00687129, 0.00584549, 0.015113, 0.0112106, 0.011241, 0.0107102, 0.0142941, 0.0103804, 0.00801152, 0.00715653, 0.0123674, 0.0169534, 0.00535718, 0.00809416, 0.00847305, 0.0141115, 0.0165504, 0.00830933, 0.0123987, 0.0172071, 0.00782683, 0.0155994, 0.0120713, 0.0140249, 0.0108212, 0.0170149, 0.0142587, 0.0161546, 0.00511096];
GivenLatency = [69.0014, 25.4582, 48.7196, 62.6559, 102.679, 26.0707, 28.6612, 52.0644, 38.1916, 33.1525, 39.5727, 68.6655, 79.2131, 34.6928, 22.3008, 56.9846, 66.4167, 72.3787, 22.4618, 26.2506, 44.9678, 27.6259, 27.1364, 70.1632, 35.9296, 32.1131, 24.5003, 58.6044, 20.3584, 27.2159, 22.8721, 82.6549];
HighestPossibleCritFunctionValue = 1.1;
