NumDevices = 32;
NumSlotes = 256;


GivenBandwidthOld = [0.0201485, 0.0209089, 0.0260089, 0.0168662, 0.0307152, 0.0159089, 0.0157141, 0.0174954, 0.0308408, 0.0258517, 0.0240361, 0.0353977, 0.0389053, 0.0164121, 0.023337, 0.0351898, 0.0192996, 0.0275945, 0.0150273, 0.0230312, 0.0206671, 0.0364367, 0.0261857, 0.038079, 0.0293166, 0.0338238, 0.0365765, 0.0257848, 0.0255113, 0.0289332, 0.0157005, 0.0390124];
GivenLatency = [120.106, 86.5475, 92.2735, 116.404, 74.7826, 140.593, 140.064, 108.388, 73.8326, 91.3278, 88.9566, 63.3795, 55.9039, 121.933, 77.9194, 56.4192, 88.1582, 79.0342, 153.206, 108.016, 89.0149, 62.5776, 76.1662, 62.1585, 62.776, 52.0109, 51.0841, 90.707, 68.8119, 57.943, 110.236, 50.6813];
HighestPossibleCritFunctionValue = 1.1;
