NumDevices = 16;
NumSlotes = 128;


GivenBandwidthOld = [0.0511314, 0.0353065, 0.0655494, 0.0584257, 0.0300813, 0.0459988, 0.0724669, 0.0717253, 0.0567257, 0.0580834, 0.0784633, 0.0532248, 0.0699528, 0.0660819, 0.0586717, 0.0656009];
GivenLatency = [27.0228, 43.7158, 20.7522, 25.0126, 59.181, 35.8746, 21.8995, 27.6488, 31.921, 29.4276, 18.788, 35.6882, 22.8878, 23.8808, 23.5118, 25.8142];
HighestPossibleCritFunctionValue = 1.1;
