NumDevices = 32;
NumSlotes = 256;


GivenBandwidthOld = [0.0161957, 0.00780272, 0.0102745, 0.0160615, 0.0163502, 0.00601644, 0.0132578, 0.00713449, 0.0169465, 0.014027, 0.00935342, 0.0104146, 0.00838183, 0.00592945, 0.0138336, 0.00960385, 0.00691369, 0.00596253, 0.00723077, 0.0101292, 0.0114975, 0.00828726, 0.0164855, 0.0171981, 0.00619338, 0.0120597, 0.00758039, 0.011047, 0.0120861, 0.0137045, 0.014521, 0.0119105];
GivenLatency = [24.4336, 50.2702, 49.522, 19.5072, 19.3456, 91.0241, 34.3184, 46.5051, 27.9649, 29.0826, 40.0095, 34.4972, 56.2287, 65.7739, 32.7565, 49.143, 61.0091, 59.1155, 48.249, 32.0543, 29.1442, 42.1516, 30.1907, 25.2554, 63.4345, 39.2689, 78.2026, 28.4889, 50.5023, 31.7672, 30.1821, 27.6197];
HighestPossibleCritFunctionValue = 1.1;
