NumDevices = 32;
NumSlotes = 256;


GivenBandwidthOld = [0.0069081, 0.0118916, 0.00754596, 0.00750281, 0.00730743, 0.010945, 0.00954265, 0.0157604, 0.00549861, 0.0100769, 0.00682806, 0.0167449, 0.0136406, 0.0158727, 0.0168276, 0.0170909, 0.0172504, 0.0102707, 0.0152684, 0.0113826, 0.01549, 0.0101103, 0.00691087, 0.00842575, 0.00657093, 0.00757259, 0.0174949, 0.00754476, 0.0123097, 0.00922757, 0.00781797, 0.0166379];
GivenLatency = [48.1041, 35.8898, 43.119, 85.3278, 49.8466, 31.1941, 35.2281, 23.05, 71.1448, 31.6472, 67.6269, 19.4859, 23.6518, 20.8608, 31.1847, 31.3021, 22.7178, 35.5947, 20.5279, 32.3426, 39.2397, 36.0343, 50.0725, 64.7612, 88.9459, 59.1597, 29.4269, 44.6132, 27.4075, 45.0559, 56.9856, 22.192];
HighestPossibleCritFunctionValue = 1.1;
