NumDevices = 128;
NumSlotes = 1024;


GivenBandwidthOld = [0.00865151, 0.00838591, 0.00451521, 0.00455259, 0.00795197, 0.00632948, 0.00711025, 0.00451973, 0.00555102, 0.00853601, 0.00714698, 0.0067353, 0.00774465, 0.00686741, 0.00810443, 0.00871201, 0.00524196, 0.00419226, 0.006801, 0.00695038, 0.00756335, 0.00479557, 0.00660706, 0.0073104, 0.00831343, 0.00626245, 0.00547716, 0.00716502, 0.00491453, 0.00594317, 0.00429151, 0.00488541, 0.00652531, 0.008425, 0.00653276, 0.00861005, 0.00660007, 0.0048641, 0.00846872, 0.00632901, 0.0041522, 0.0086083, 0.00716928, 0.00661561, 0.00610079, 0.00856066, 0.00660277, 0.00525168, 0.00753657, 0.00460809, 0.00574202, 0.00863973, 0.00546294, 0.00816409, 0.0064363, 0.00739648, 0.00513459, 0.0046022, 0.00669435, 0.00440428, 0.00530118, 0.00450177, 0.00873965, 0.00485441, 0.00564307, 0.00553114, 0.00432527, 0.00727616, 0.00798673, 0.00548385, 0.00462161, 0.0078424, 0.00470344, 0.00822486, 0.00768991, 0.00684131, 0.00445749, 0.00452323, 0.00451125, 0.0080668, 0.00628792, 0.0085569, 0.00837455, 0.00856119, 0.00536725, 0.0048168, 0.00849071, 0.00583808, 0.00812434, 0.00836893, 0.00408208, 0.00500025, 0.00670582, 0.00725639, 0.0056886, 0.00581771, 0.00570167, 0.00550084, 0.00511511, 0.00720878, 0.00544465, 0.00578372, 0.0044108, 0.00481346, 0.00725605, 0.00499969, 0.00731488, 0.00874902, 0.00730645, 0.00693791, 0.00796583, 0.00418357, 0.00580967, 0.00564636, 0.00589433, 0.00843095, 0.006433, 0.00691445, 0.0086276, 0.00657855, 0.00816438, 0.00619004, 0.008449, 0.00480729, 0.00869233, 0.00451435, 0.00521406, 0.00520107];
GivenLatency = [121.911, 115.877, 228.35, 264.939, 159.996, 159.605, 153.362, 253.527, 209.144, 132.761, 133.465, 161.962, 126.689, 139.269, 125.286, 147.777, 204.597, 261.634, 179.762, 162.996, 169.435, 227.277, 161.567, 171.542, 154.464, 163.51, 206.561, 174.761, 203.698, 160.263, 222.166, 205.189, 195.961, 123.894, 162.113, 141.771, 195.562, 209.814, 126.916, 183.541, 254.572, 112.467, 154.695, 166.783, 205.063, 126.376, 157.569, 228.899, 128.692, 208.071, 199.199, 149.658, 187.657, 127.296, 177.426, 140.596, 198.472, 257.877, 148.054, 282.778, 194.147, 256.67, 136.256, 202.321, 181.291, 219.631, 230.449, 158.359, 125.817, 175.605, 244.289, 127.933, 254.495, 123.329, 132.596, 141.681, 216.459, 231.839, 246.754, 138.614, 204.036, 114.021, 120.928, 146.69, 205.873, 227.887, 115.498, 187.369, 141.045, 146.264, 245.731, 207.423, 146.891, 173.077, 181.76, 196.353, 208.856, 177.941, 218.931, 162.931, 234.971, 184.934, 246.059, 247.974, 159.251, 225.433, 170.492, 132.94, 133.515, 185.243, 136.239, 302.548, 170.526, 215.226, 206.15, 137.812, 180.81, 169.116, 113.528, 167.161, 156.168, 171.591, 134.738, 237.338, 132.605, 239.269, 244.135, 211.917];
HighestPossibleCritFunctionValue = 1.1;
