NumDevices = 16;
NumSlotes = 128;


GivenBandwidthOld = [0.0270385, 0.0263924, 0.0167556, 0.0267543, 0.023715, 0.018432, 0.0262625, 0.0342974, 0.0267678, 0.0258098, 0.0261039, 0.0175447, 0.0131816, 0.033908, 0.0324098, 0.0270908];
GivenLatency = [12.3117, 13.6252, 28.7162, 17.2788, 24.3519, 27.8424, 17.6927, 13.4801, 12.4965, 13.9603, 19.3946, 24.0306, 25.8186, 15.7425, 10.7782, 12.4034];
HighestPossibleCritFunctionValue = 1.1;
