NumDevices = 128;
NumSlotes = 1024;


GivenBandwidthOld = [0.00671673, 0.00550359, 0.00632552, 0.00550198, 0.00428929, 0.00755515, 0.00692574, 0.00838117, 0.00484026, 0.0077772, 0.00397833, 0.00621846, 0.00614788, 0.00493597, 0.00630368, 0.00848158, 0.00736071, 0.0039529, 0.00387514, 0.00698652, 0.0049721, 0.00856376, 0.00868949, 0.00672005, 0.00630329, 0.00695133, 0.00854566, 0.00442811, 0.00579156, 0.0063313, 0.00761662, 0.00500644, 0.00575838, 0.00859198, 0.00789785, 0.0066529, 0.00771897, 0.00525297, 0.00416826, 0.00847763, 0.0060723, 0.00467186, 0.00746879, 0.00540715, 0.00540329, 0.00553067, 0.0064355, 0.00403194, 0.00726143, 0.00528586, 0.00696957, 0.00508666, 0.00402583, 0.00470378, 0.00398319, 0.00793292, 0.00601317, 0.00587855, 0.00834583, 0.00592218, 0.00661363, 0.007792, 0.00768046, 0.00801967, 0.00404972, 0.00615716, 0.00587986, 0.00526675, 0.00577068, 0.00533859, 0.00823976, 0.00809957, 0.00689945, 0.0065505, 0.00673696, 0.00557945, 0.00627246, 0.00865703, 0.0062522, 0.00823251, 0.0062968, 0.00786035, 0.00647051, 0.00740257, 0.0074677, 0.00708573, 0.00741431, 0.00480549, 0.00835642, 0.00392066, 0.00709062, 0.00454497, 0.00485035, 0.00739004, 0.00697683, 0.00709291, 0.00804742, 0.00552215, 0.00822101, 0.00799284, 0.00813874, 0.0052813, 0.00527518, 0.00750482, 0.00600506, 0.00461575, 0.00443168, 0.00567088, 0.00800225, 0.00626857, 0.00840628, 0.0069088, 0.0037578, 0.00484517, 0.00523571, 0.00414114, 0.00755903, 0.00705807, 0.00755783, 0.00700645, 0.00485234, 0.00583466, 0.00569535, 0.00420638, 0.00412242, 0.00807696, 0.00698592, 0.00492742];
GivenLatency = [150.162, 222.315, 168.09, 196.463, 260.636, 161.85, 149.074, 145.809, 262.006, 146.152, 294.183, 173.047, 167.292, 199.91, 155.335, 118.591, 160.739, 248.412, 297.754, 143.004, 198.403, 128.034, 128.501, 166.4, 201.487, 171.075, 114.318, 236.564, 216.686, 190.534, 160.202, 218.08, 184.058, 121.903, 161.527, 154.529, 125.698, 208.251, 273.592, 123.714, 159.367, 232.843, 149.368, 235.052, 181.71, 206.742, 165.662, 318.836, 140.652, 185.803, 142.002, 198.559, 293.452, 227.436, 241.312, 146.147, 189.482, 176.545, 121.904, 164.483, 150.033, 137.125, 130.879, 134.823, 249.841, 171.53, 208.315, 228.975, 188.6, 229.467, 134.22, 129.806, 147.625, 151.601, 141.417, 191.242, 180.939, 134.324, 171.341, 151.655, 173.517, 151.124, 167.94, 134.718, 129.878, 174.513, 134.585, 269.626, 124.627, 271.569, 155.286, 234.596, 265.921, 147.166, 145.694, 151.527, 119.025, 215.612, 121.071, 128.12, 129.313, 213.335, 207.701, 172.986, 161.38, 222.602, 231.352, 171.129, 146.13, 153.312, 119.339, 162.774, 288.17, 234.429, 197.236, 252.885, 139.734, 141.367, 147.398, 152.389, 234.632, 166.072, 182.209, 265.558, 249.995, 142.029, 152.607, 257.815];
HighestPossibleCritFunctionValue = 1.1;
