NumDevices = 16;
NumSlotes = 128;


GivenBandwidthOld = [0.0396829, 0.0701293, 0.0329227, 0.0519762, 0.0334927, 0.0321804, 0.0757711, 0.0556223, 0.0646402, 0.0782063, 0.0328581, 0.0659543, 0.0646668, 0.0752289, 0.0424724, 0.0529448];
GivenLatency = [37.7307, 22.2956, 53.3829, 26.7567, 42.9469, 44.2749, 19.5114, 29.0624, 29.8439, 24.7017, 56.4613, 25.5549, 29.6053, 20.6933, 43.219, 33.6995];
HighestPossibleCritFunctionValue = 1.1;
