NumDevices = 8;
NumSlotes = 64;


GivenBandwidthOld = [0.0535536, 0.0548097, 0.0669284, 0.0452488, 0.0260814, 0.0308482, 0.0451664, 0.0414437];
GivenLatency = [10.6061, 7.73147, 4.61627, 10.4434, 19.3379, 11.5666, 8.99845, 7.45987];
HighestPossibleCritFunctionValue = 1.1;
