NumDevices = 32;
NumSlotes = 256;


GivenBandwidthOld = [0.015693, 0.036605, 0.0301161, 0.0211342, 0.0369247, 0.027619, 0.0280856, 0.0198178, 0.0383507, 0.0199031, 0.0205692, 0.0167492, 0.0394861, 0.0281061, 0.039442, 0.0371409, 0.0368691, 0.0193495, 0.0177705, 0.0280831, 0.0277992, 0.0316968, 0.038269, 0.0218084, 0.0193667, 0.0304586, 0.0276184, 0.0166069, 0.0216324, 0.0359148, 0.0292208, 0.0241813];
GivenLatency = [133.234, 67.8575, 64.6537, 87.7719, 59.9824, 61.1937, 69.1722, 88.0051, 57.1494, 120.881, 88.5018, 114.383, 47.913, 76.3939, 58.023, 47.1521, 62.508, 93.1995, 96.3993, 71.3351, 88.3119, 75.5793, 51.2533, 107.455, 87.6111, 66.5859, 86.788, 134.177, 101.991, 54.2679, 66.8172, 75.4705];
HighestPossibleCritFunctionValue = 1.1;
