NumDevices = 32;
NumSlotes = 256;


GivenBandwidthOld = [0.0313811, 0.0322085, 0.0184594, 0.0169706, 0.0348342, 0.0278928, 0.0241002, 0.0215611, 0.0274717, 0.0276755, 0.0325836, 0.0229443, 0.0156134, 0.0236086, 0.0189359, 0.0262495, 0.0247318, 0.0167365, 0.0207378, 0.0301128, 0.015806, 0.0207929, 0.016018, 0.024324, 0.0231436, 0.0251413, 0.0198705, 0.0336079, 0.01798, 0.020446, 0.0255094, 0.0261763];
GivenLatency = [36.8337, 35.9956, 58.3739, 64.7369, 30.9925, 34.5176, 37.2445, 49.7088, 41.6154, 40.7095, 28.1894, 47.3409, 54.4684, 45.4218, 52.601, 36.994, 40.5783, 68.9802, 52.7905, 32.0462, 60.2376, 53.3339, 58.3949, 47.767, 43.1707, 33.9587, 43.3282, 30.848, 55.4673, 43.1992, 38.6275, 40.2395];
HighestPossibleCritFunctionValue = 1.1;
