NumDevices = 32;
NumSlotes = 256;


GivenBandwidthOld = [0.0158823, 0.0184056, 0.0284635, 0.0203659, 0.0247455, 0.0320299, 0.0365883, 0.0247341, 0.0154126, 0.0245754, 0.0240478, 0.0319751, 0.0162799, 0.0258614, 0.0377618, 0.0230412, 0.0383443, 0.0375094, 0.0307519, 0.0316279, 0.0309096, 0.0327552, 0.0260133, 0.0397411, 0.0382526, 0.0220862, 0.038485, 0.0279882, 0.0333563, 0.0294433, 0.038904, 0.0199158];
GivenLatency = [112.32, 109.837, 82.9939, 98.2634, 71.3699, 57.4452, 65.836, 88.7191, 130.931, 97.6313, 87.599, 53.6578, 119.805, 68.6717, 55.6571, 105.387, 57.7211, 50.9437, 68.4055, 70.2941, 76.571, 74.8676, 67.6591, 55.5751, 48.1502, 80.2209, 47.5011, 60.921, 64.2618, 58.1506, 48.5158, 88.4649];
HighestPossibleCritFunctionValue = 1.1;
