NumDevices = 128;
NumSlotes = 1024;


GivenBandwidthOld = [0.00637629, 0.00382452, 0.00623322, 0.00425326, 0.00698083, 0.0042997, 0.00763021, 0.00843503, 0.00510012, 0.00513313, 0.00493755, 0.00798577, 0.00434349, 0.00858343, 0.00420841, 0.00824312, 0.00468731, 0.00706515, 0.00649407, 0.00835757, 0.008149, 0.00767849, 0.00481489, 0.00630672, 0.00456879, 0.00513815, 0.00436393, 0.00701003, 0.00508627, 0.00748279, 0.00582445, 0.0040437, 0.00495637, 0.00428351, 0.0055248, 0.00787056, 0.00804726, 0.00783594, 0.00616367, 0.00535613, 0.00794721, 0.00624624, 0.00800846, 0.00561642, 0.00766262, 0.00810686, 0.00446247, 0.00817033, 0.00631794, 0.00818765, 0.00739365, 0.00753912, 0.00740894, 0.00459782, 0.00802575, 0.0063044, 0.00563205, 0.00543449, 0.00499363, 0.0054982, 0.00578644, 0.00520367, 0.00556566, 0.00455675, 0.00778659, 0.00669771, 0.00584415, 0.00506038, 0.00728278, 0.00416602, 0.00578701, 0.00481527, 0.00778097, 0.00723096, 0.00830685, 0.00580581, 0.00571567, 0.00578877, 0.00443589, 0.00647851, 0.00680598, 0.00563415, 0.00562459, 0.00492735, 0.00648865, 0.00730711, 0.00817161, 0.00770311, 0.00861686, 0.00615628, 0.00609209, 0.00724681, 0.0046265, 0.00508733, 0.00520001, 0.00409618, 0.007038, 0.00524527, 0.00476406, 0.00704642, 0.00676708, 0.00681034, 0.00385003, 0.00492111, 0.00660662, 0.00493905, 0.00813229, 0.00683369, 0.00626391, 0.00501479, 0.00601529, 0.00650094, 0.00376928, 0.00777261, 0.00667434, 0.0081583, 0.00402856, 0.00558916, 0.00451205, 0.00648852, 0.00504463, 0.00757012, 0.00853854, 0.00474348, 0.00613945, 0.00827571, 0.00735393, 0.00501982];
GivenLatency = [178.54, 321.915, 198.973, 253.59, 163.68, 268.194, 136.944, 115.139, 199.045, 188.862, 237.813, 120.751, 256.854, 119.271, 242.18, 135.142, 240.218, 183.024, 173.7, 136.911, 117.823, 129.263, 205.345, 202.127, 272.076, 190.61, 251.708, 145.953, 216.056, 143.646, 195.269, 256.6, 199.721, 248.078, 219.311, 134.936, 145.444, 134.054, 187.718, 221.262, 159.08, 167.2, 137.27, 181.648, 142.119, 160.037, 259.815, 134.316, 160.911, 117.552, 137.182, 134.422, 140.37, 245.354, 121.294, 177.466, 217.817, 195.46, 228.886, 218.759, 223.546, 207.909, 206.426, 237.263, 139.658, 180.32, 201.229, 188.524, 131.724, 264.437, 213.341, 236.574, 131.627, 174.107, 119.736, 180.671, 210.014, 210.066, 250.979, 175.899, 169.461, 181.076, 175.109, 249.618, 179.752, 136.697, 140.526, 139.724, 143.317, 190.324, 190.621, 162.072, 252.416, 197.966, 213.851, 257.338, 138.15, 181.939, 207.579, 157.636, 143.779, 153.703, 254.107, 196.853, 188.519, 231.481, 136.233, 159.2, 160.25, 242.538, 196.689, 179.4, 300.923, 137.367, 144.383, 150.8, 246.656, 213.944, 226.44, 175.346, 190.48, 161.196, 131.569, 267.471, 186.092, 117.227, 143.172, 241.795];
HighestPossibleCritFunctionValue = 1.1;
