NumDevices = 16;
NumSlotes = 128;


GivenBandwidthOld = [0.0315945, 0.0688717, 0.0672216, 0.0539925, 0.0327032, 0.0628362, 0.0672132, 0.0315248, 0.0566845, 0.0360173, 0.0420177, 0.0511525, 0.0599986, 0.0565233, 0.0474123, 0.0382711];
GivenLatency = [31.0958, 15.5382, 12.364, 20.4122, 24.2111, 15.7002, 16.3375, 30.9012, 15.765, 30.3235, 19.1336, 21.3263, 13.4817, 17.7088, 19.5604, 21.434];
HighestPossibleCritFunctionValue = 1.1;
