NumDevices = 128;
NumSlotes = 1024;


GivenBandwidthOld = [0.0095891, 0.00404659, 0.00733563, 0.00488879, 0.00583384, 0.00802171, 0.00460247, 0.00625088, 0.00478339, 0.00935878, 0.0080052, 0.00840719, 0.00844009, 0.00513624, 0.00851646, 0.00739099, 0.00406691, 0.005105, 0.00849421, 0.00847353, 0.00456158, 0.00645102, 0.00600167, 0.00378919, 0.00624457, 0.0050079, 0.00774102, 0.00588929, 0.00885687, 0.00996183, 0.00601023, 0.00385362, 0.00781282, 0.00630656, 0.00932145, 0.00560627, 0.00825514, 0.00918766, 0.00697313, 0.00612112, 0.00520879, 0.00916923, 0.00979343, 0.00694442, 0.00489365, 0.00639512, 0.00408828, 0.00802191, 0.00794179, 0.00513664, 0.00893423, 0.00390382, 0.00771622, 0.00781802, 0.00620172, 0.00973931, 0.00981042, 0.00498236, 0.00981583, 0.00833555, 0.00438326, 0.00952879, 0.00905471, 0.00378101, 0.00616512, 0.0071628, 0.00636736, 0.00616959, 0.00731918, 0.00963634, 0.00421596, 0.00395322, 0.00676823, 0.0061898, 0.00943258, 0.0046798, 0.00584703, 0.00485315, 0.00689549, 0.00753624, 0.0078542, 0.00804251, 0.0041969, 0.00850767, 0.00960438, 0.00463851, 0.00577013, 0.00602246, 0.0094048, 0.00641528, 0.00531829, 0.00573753, 0.00812212, 0.00465292, 0.00420957, 0.0089821, 0.00847679, 0.00932581, 0.00396977, 0.0099332, 0.00597232, 0.00421164, 0.00626831, 0.00398852, 0.00635911, 0.00502707, 0.00503189, 0.00469725, 0.00547553, 0.00472571, 0.00869276, 0.00801651, 0.00473911, 0.00895528, 0.00772585, 0.00714772, 0.00924394, 0.00906646, 0.0075467, 0.00870416, 0.00577263, 0.0043433, 0.0065734, 0.00671487, 0.0093187, 0.00934142, 0.0099522, 0.0066635];
GivenLatency = [378.575, 880.359, 630.824, 707.064, 624.204, 417.2, 955.187, 622.292, 1012.87, 370.367, 498.828, 414.316, 552.592, 902.027, 470.126, 532.047, 1053.96, 856.709, 542.772, 499.227, 763.068, 528.253, 619.346, 1182.49, 543.538, 827.445, 462.615, 723.614, 459.364, 360.52, 679.839, 1131.53, 435.708, 596.324, 423.186, 726.508, 492.23, 419.462, 528.971, 562.77, 705.65, 532.045, 403.366, 518.071, 692.319, 547.336, 1154.35, 561.809, 470.436, 824.964, 522.413, 974.957, 502.686, 635.034, 548.024, 429.299, 361.664, 862.86, 426.374, 586.464, 843.843, 474.069, 386.491, 897.966, 547.496, 478.7, 582.017, 555.772, 461.899, 459.623, 819.599, 894.645, 637.273, 697.02, 428.456, 820.03, 585.568, 917.571, 667.489, 476.954, 536.714, 421.593, 984.432, 462.09, 393.152, 968.499, 834.402, 706.957, 495.369, 631.292, 708.145, 621.833, 464.272, 827.202, 806.482, 373.72, 443.093, 526.127, 1188.81, 448.68, 619.302, 888.09, 583.8, 907.853, 647.036, 788.748, 836.987, 969.575, 803.673, 1009.74, 549.215, 437.158, 819.853, 528.024, 576.625, 489.509, 445.646, 457.4, 624.148, 427.596, 686.981, 1136.66, 539.232, 505.536, 370.279, 414.564, 382.225, 565.929];
HighestPossibleCritFunctionValue = 1.1;
