NumDevices = 32;
NumSlotes = 256;


GivenBandwidthOld = [0.0324394, 0.0194304, 0.02756, 0.0367574, 0.016152, 0.026874, 0.0321454, 0.0285273, 0.0185691, 0.0261166, 0.0269143, 0.0333023, 0.0212726, 0.0386986, 0.0166691, 0.0175603, 0.0215173, 0.0267771, 0.027253, 0.0258624, 0.0298973, 0.0184514, 0.023417, 0.0290408, 0.0229798, 0.0318185, 0.0327446, 0.0231095, 0.036529, 0.0281021, 0.0218762, 0.0332621];
GivenLatency = [69.3519, 113.07, 64.8555, 51.1137, 107.601, 77.8991, 60.3181, 73.5584, 99.6073, 71.4608, 83.3987, 60.4239, 87.7149, 48.8109, 116.311, 94.949, 84.0339, 67.0686, 69.4617, 74.4921, 67.2375, 93.24, 75.226, 63.4462, 83.7699, 72.5328, 69.893, 81.0643, 68.0178, 86.672, 79.7147, 67.7325];
HighestPossibleCritFunctionValue = 1.1;
