NumDevices = 128;
NumSlotes = 1024;


GivenBandwidthOld = [0.0079184, 0.00704787, 0.00600824, 0.0080092, 0.00810684, 0.00408023, 0.00386476, 0.00755401, 0.00771521, 0.00704177, 0.00857245, 0.00474989, 0.00384505, 0.00618929, 0.00590337, 0.00539059, 0.00713888, 0.00564613, 0.00699632, 0.00472018, 0.00464623, 0.00662974, 0.00857733, 0.00676621, 0.00712283, 0.00582915, 0.00808111, 0.00666354, 0.00664762, 0.00399608, 0.00461377, 0.0062157, 0.00482885, 0.00589827, 0.00465718, 0.00564631, 0.00503652, 0.00623168, 0.00831166, 0.00656674, 0.00467454, 0.00755693, 0.00683922, 0.00422274, 0.00416644, 0.00779243, 0.00494713, 0.00388289, 0.0072573, 0.0059249, 0.00726829, 0.00558687, 0.00599117, 0.00604523, 0.00476313, 0.00643305, 0.00782587, 0.00686072, 0.00559634, 0.00526549, 0.00459867, 0.00734104, 0.00838808, 0.00588293, 0.00697729, 0.00487526, 0.00593551, 0.0055644, 0.00844594, 0.00841454, 0.00567964, 0.00527155, 0.00637802, 0.00786837, 0.00625347, 0.00449406, 0.00408665, 0.00683692, 0.00564465, 0.00718192, 0.00403603, 0.0060776, 0.00864171, 0.00378289, 0.00648565, 0.00675699, 0.00717488, 0.00570732, 0.00534728, 0.0042082, 0.00465556, 0.00842291, 0.00636348, 0.00856685, 0.00551977, 0.00835278, 0.00766164, 0.006623, 0.00523077, 0.00601875, 0.00470334, 0.00649605, 0.0066502, 0.00740367, 0.0059366, 0.00390433, 0.00752179, 0.00614631, 0.00846629, 0.00537734, 0.0043873, 0.00486978, 0.00388774, 0.00872667, 0.00668435, 0.00643021, 0.00500014, 0.00482573, 0.00859124, 0.00540008, 0.00658977, 0.00669206, 0.0060303, 0.00382218, 0.00693217, 0.00646556, 0.00418279, 0.00762424];
GivenLatency = [125.178, 136.178, 199.277, 153.832, 133.336, 283.349, 261.917, 139.538, 136.093, 166.381, 132.922, 268.913, 324.225, 180.416, 195.801, 202.464, 180.01, 214.875, 144.368, 227.523, 243.51, 169.169, 119.983, 176.612, 165.654, 187.585, 150.655, 174.429, 164.571, 316.495, 266.3, 188.001, 235.867, 211.247, 259.229, 221.619, 201.454, 174.217, 128.335, 166.028, 242.435, 136.695, 155.557, 278.638, 258.652, 149.814, 213.555, 267.193, 162.156, 161.891, 133.332, 219.724, 204.531, 176.495, 206.002, 195.963, 138.257, 150.468, 202.773, 233.891, 275.758, 144.281, 135.576, 168.2, 184.467, 244.445, 176.768, 196.429, 153.244, 125.85, 201.432, 220.749, 178.557, 121.076, 172.471, 247.138, 261.446, 147.982, 211.997, 151.633, 276.357, 197.393, 148.968, 265.845, 149.493, 173.327, 134.089, 171.406, 222.481, 228.049, 269.175, 122.382, 167.784, 135.449, 182.092, 119.428, 133.487, 161.402, 224.336, 185.729, 256.171, 147.772, 183.703, 145.116, 176.898, 332.256, 157.537, 176.822, 121.706, 184.417, 222.049, 207.992, 259.13, 143.835, 146.974, 169.093, 243.873, 212.558, 113.685, 221.358, 182.671, 169.359, 175.748, 251.064, 185.53, 147.943, 274.029, 161.008];
HighestPossibleCritFunctionValue = 1.1;
