NumDevices = 16;
NumSlotes = 128;


GivenBandwidthOld = [0.056355, 0.0590241, 0.0381539, 0.0325144, 0.0499315, 0.0589234, 0.0661946, 0.0327091, 0.0421421, 0.0628533, 0.0354402, 0.0630944, 0.0476966, 0.0563077, 0.0633516, 0.0499996];
GivenLatency = [17.0506, 13.1254, 26.725, 28.1797, 17.6337, 14.968, 11.9729, 30.1627, 20.7632, 17.5646, 22.4269, 12.2871, 20.8003, 18.4813, 12.7034, 20.5443];
HighestPossibleCritFunctionValue = 1.1;
