NumDevices = 16;
NumSlotes = 128;


GivenBandwidthOld = [0.020146, 0.0334578, 0.0155769, 0.0154821, 0.0219482, 0.0228088, 0.012002, 0.0323222, 0.0289414, 0.0324238, 0.0119523, 0.0229442, 0.0123674, 0.0239686, 0.0304066, 0.0334005];
GivenLatency = [17.881, 13.3322, 24.9835, 22.0608, 22.7939, 14.2231, 51.7114, 10.6646, 15.4549, 11.2949, 30.3361, 24.2694, 25.9146, 14.8513, 12.2776, 16.2981];
HighestPossibleCritFunctionValue = 1.1;
