NumDevices = 64;
NumSlotes = 512;


GivenBandwidthOld = [0.0080267, 0.00972568, 0.0144343, 0.014342, 0.0133668, 0.0111329, 0.0156725, 0.0123457, 0.0114464, 0.00987723, 0.0115601, 0.00803834, 0.0179133, 0.0109623, 0.0114662, 0.0167716, 0.0108494, 0.0140577, 0.0107878, 0.0152527, 0.0199726, 0.00972036, 0.0126706, 0.0100993, 0.0193645, 0.0145532, 0.0139462, 0.010846, 0.0190762, 0.018349, 0.00890333, 0.0182137, 0.00996847, 0.00753071, 0.0112111, 0.017065, 0.0166709, 0.0185026, 0.0164877, 0.0135899, 0.0102679, 0.0155803, 0.0138889, 0.0114285, 0.00876442, 0.00861263, 0.0199765, 0.0121733, 0.0135146, 0.00812449, 0.0157388, 0.0138888, 0.00823632, 0.00778908, 0.0160918, 0.0105539, 0.0097363, 0.0180365, 0.0198016, 0.0112924, 0.00836722, 0.00787139, 0.0118792, 0.00913908];
GivenLatency = [291.93, 327.829, 193.267, 162.143, 184.791, 208.102, 195.392, 236.001, 227.174, 275.326, 207.215, 369.105, 152.452, 302.112, 281.809, 141.898, 275.657, 174.693, 230.353, 193.309, 138.746, 256.477, 197.721, 237.417, 122.743, 179.294, 220.819, 229.187, 146.702, 130.228, 330.556, 137.594, 245.037, 428.812, 256.968, 179.93, 185.505, 158.166, 195.777, 170.468, 312.087, 169.859, 213.505, 267.077, 360.672, 294.196, 118.44, 192.069, 240.944, 328.442, 145.446, 217.856, 394.448, 323.011, 177.363, 286.692, 297.209, 141.346, 138.785, 250.792, 393.624, 386.928, 187.55, 295.504];
HighestPossibleCritFunctionValue = 1.1;
