NumDevices = 64;
NumSlotes = 512;


GivenBandwidthOld = [0.00529884, 0.00509122, 0.00307388, 0.00394341, 0.00562894, 0.00308679, 0.0084833, 0.0076275, 0.00543124, 0.00536054, 0.00455951, 0.00421659, 0.00327682, 0.00852961, 0.0047312, 0.00858044, 0.0027048, 0.00713434, 0.00443816, 0.00840244, 0.0047647, 0.00273721, 0.00797799, 0.00865243, 0.00638698, 0.00605358, 0.00251035, 0.00764958, 0.0076912, 0.00732758, 0.0083363, 0.00568513, 0.00368245, 0.0072589, 0.0040994, 0.00859877, 0.00448994, 0.0036112, 0.00346244, 0.00320101, 0.00317429, 0.0039922, 0.00688585, 0.00296938, 0.00388816, 0.00823508, 0.00446499, 0.00310666, 0.00488684, 0.00556129, 0.0035319, 0.00820703, 0.00810933, 0.00353317, 0.00441659, 0.00840942, 0.00340138, 0.00825723, 0.0080324, 0.00428332, 0.00600523, 0.00865092, 0.00603434, 0.00418689];
GivenLatency = [95.8792, 79.7296, 135.548, 88.0521, 68.7053, 129.195, 49.2007, 52.4644, 85.4135, 82.0622, 105.45, 108.173, 100.427, 51.1435, 131.47, 59.1339, 144.121, 54.4019, 100.987, 60.7109, 85.2407, 236.976, 56.8881, 58.7898, 62.0539, 74.0066, 155.726, 48.5555, 69.1857, 74.1229, 61.9746, 55.1937, 148.165, 46.6977, 87.9405, 37.5392, 72.2872, 115.357, 120.545, 109.993, 171.467, 79.2986, 74.8907, 160.208, 80.8308, 71.7317, 114.877, 132.148, 83.1818, 110.137, 91.3608, 45.2692, 61.0386, 145.49, 84.4911, 47.6833, 184.971, 46.2279, 77.8021, 81.6738, 86.0186, 38.9681, 51.1918, 116.185];
HighestPossibleCritFunctionValue = 1.1;
