NumDevices = 16;
NumSlotes = 128;


GivenBandwidthOld = [0.0481721, 0.0483005, 0.0457365, 0.0333682, 0.0401615, 0.0546339, 0.051251, 0.0348146, 0.0685091, 0.052791, 0.0375071, 0.0418528, 0.0402787, 0.0647789, 0.0396437, 0.0319877];
GivenLatency = [21.4561, 19.8096, 21.5768, 24.5388, 25.9508, 16.6038, 17.3249, 25.1437, 15.7443, 14.9023, 22.8273, 21.8537, 25.9932, 13.7558, 22.9376, 31.2182];
HighestPossibleCritFunctionValue = 1.1;
