NumDevices = 128;
NumSlotes = 1024;


GivenBandwidthOld = [0.00400679, 0.00334155, 0.00401374, 0.0013623, 0.00125983, 0.00402785, 0.00425034, 0.00298951, 0.00288472, 0.00410221, 0.00401882, 0.00235856, 0.00163068, 0.00244569, 0.00342845, 0.00188509, 0.00327656, 0.0022516, 0.00392303, 0.00181849, 0.00278537, 0.00302915, 0.00337377, 0.00171882, 0.00251008, 0.00137005, 0.00327258, 0.0041671, 0.0039284, 0.00148128, 0.00394472, 0.00396038, 0.00156475, 0.00374293, 0.00306278, 0.00294734, 0.00349193, 0.00325417, 0.00416032, 0.00244482, 0.00125498, 0.00372454, 0.00337311, 0.00308551, 0.00382378, 0.00258903, 0.00313554, 0.00404311, 0.00127488, 0.00375054, 0.00280255, 0.00434947, 0.00336929, 0.00140637, 0.0012954, 0.0017063, 0.00149325, 0.00207351, 0.00139654, 0.00165286, 0.00342141, 0.00245826, 0.00215865, 0.00425612, 0.00326147, 0.00185294, 0.00358042, 0.0030351, 0.00345393, 0.00211975, 0.00355672, 0.00153937, 0.00220405, 0.00151297, 0.00225152, 0.00248082, 0.00331758, 0.00423962, 0.00402609, 0.0026911, 0.00301476, 0.00211343, 0.00357435, 0.0040524, 0.0042587, 0.00283307, 0.00165431, 0.00280557, 0.00193472, 0.00304695, 0.0026148, 0.00201002, 0.00311408, 0.00269789, 0.00152586, 0.00318237, 0.00365324, 0.00195912, 0.00378948, 0.00409436, 0.00328502, 0.00386854, 0.00167225, 0.00422906, 0.00152132, 0.00190384, 0.00283178, 0.00177714, 0.0015762, 0.00250501, 0.00354435, 0.0030733, 0.001664, 0.00307903, 0.00428996, 0.0033059, 0.00157387, 0.00392606, 0.00281176, 0.00294829, 0.00381504, 0.0025238, 0.00369682, 0.0030763, 0.00207333, 0.00137874, 0.00247376, 0.00329795];
GivenLatency = [115.089, 166.051, 106.513, 344.53, 362.682, 106.851, 93.1042, 164.612, 124.313, 82.2119, 102.388, 188.833, 370.821, 130.975, 161.655, 248.269, 115.926, 185.14, 109.504, 236.866, 184.059, 144.812, 190.39, 269.056, 202.549, 255.449, 106.368, 144.748, 119.357, 214.962, 165.728, 120.914, 403.915, 121.916, 190.672, 146.482, 97.565, 187.884, 127.674, 250.532, 268.795, 127.698, 106.987, 148.547, 114.187, 253.345, 107.166, 88.4915, 360.03, 114.47, 126.098, 121.309, 153.851, 466.478, 250.797, 187.741, 336.544, 181.975, 243.317, 212.846, 138.031, 203.528, 278.199, 104.925, 108.749, 195.582, 96.0864, 211.24, 121.142, 254.376, 92.3041, 313.636, 165.675, 240.02, 193.315, 182.37, 104.892, 128.138, 83.9858, 228.291, 118.684, 194.329, 126.822, 149.766, 110.867, 200.348, 373.296, 153.078, 181.475, 175.004, 206.364, 199.511, 156.121, 240.111, 379.42, 108.074, 130.78, 167.646, 112.741, 77.9582, 178.319, 83.2389, 305.833, 77.8126, 255.218, 175.49, 118.22, 352.003, 199.012, 222.005, 102.304, 120.713, 366.796, 130.182, 73.7534, 133.248, 279.553, 113.56, 165.833, 119, 86.2636, 196.227, 121.006, 134.036, 159.569, 298.455, 155.846, 168.157];
HighestPossibleCritFunctionValue = 1.1;
