NumDevices = 64;
NumSlotes = 512;


GivenBandwidthOld = [0.0110107, 0.012477, 0.0155872, 0.00900223, 0.0155162, 0.0165293, 0.0136265, 0.0157836, 0.00927986, 0.0115773, 0.0151374, 0.00970141, 0.0165325, 0.0163578, 0.0113618, 0.0134789, 0.0156387, 0.0143146, 0.0100632, 0.0166909, 0.00921746, 0.0127906, 0.0170693, 0.00841108, 0.0100338, 0.0137274, 0.0114714, 0.0150028, 0.0172983, 0.0167169, 0.0160954, 0.0104931, 0.013329, 0.0158472, 0.00916825, 0.015776, 0.0121656, 0.0124452, 0.0121715, 0.0105752, 0.0129435, 0.0172349, 0.0125847, 0.0153092, 0.0160673, 0.00858421, 0.00985602, 0.0150532, 0.0145686, 0.00983158, 0.0144198, 0.00910797, 0.012679, 0.0114036, 0.0149891, 0.0174179, 0.00777316, 0.00854502, 0.0111472, 0.0163374, 0.00838843, 0.00929671, 0.0147252, 0.0113133];
GivenLatency = [111.553, 85.5538, 67.7243, 126.622, 60.1723, 72.7036, 71.1955, 63.7956, 110.631, 104.758, 78.8567, 113.58, 67.1327, 60.6744, 83.5464, 79.7545, 62.7392, 73.4041, 92.7646, 68.4153, 125.008, 73.8108, 59.0057, 108.574, 94.5498, 82.893, 105.497, 62.5907, 56.7226, 54.8876, 59.9877, 87.8666, 82.9355, 64.0683, 126.65, 78.0515, 96.2069, 83.9575, 78.8583, 88.4743, 80.1865, 52.8534, 74.3384, 62.3716, 70.182, 126.352, 113.543, 80.1275, 75.9523, 106.746, 81.4898, 101.675, 86.5182, 93.7183, 80.3647, 65.8298, 117.842, 113.599, 97.82, 76.099, 112.989, 121.391, 62.0831, 91.4523];
HighestPossibleCritFunctionValue = 1.1;
