NumDevices = 128;
NumSlotes = 1024;


GivenBandwidthOld = [0.00739131, 0.00820977, 0.00411214, 0.00528654, 0.00833005, 0.00573611, 0.00426535, 0.00518253, 0.00525816, 0.00642422, 0.00433151, 0.00714129, 0.00623317, 0.00841568, 0.00480674, 0.00441812, 0.00789309, 0.00668529, 0.00708799, 0.0054183, 0.00783556, 0.00468442, 0.00850977, 0.0061911, 0.00626827, 0.00833178, 0.00478004, 0.00560097, 0.00797938, 0.00695048, 0.00428911, 0.00453554, 0.00635863, 0.00695773, 0.00615311, 0.00785783, 0.00405026, 0.00522941, 0.0081685, 0.00540019, 0.00841711, 0.00379253, 0.00853896, 0.00674824, 0.0050906, 0.00515118, 0.00839501, 0.00735265, 0.00853679, 0.00537659, 0.006897, 0.00542524, 0.00446391, 0.00751488, 0.00513099, 0.00399077, 0.00532101, 0.00765246, 0.00747475, 0.00564012, 0.00603675, 0.00711847, 0.00766031, 0.00432669, 0.00617226, 0.00468451, 0.005102, 0.00689641, 0.00539305, 0.00840787, 0.00861065, 0.00675263, 0.00397133, 0.00858281, 0.00874639, 0.00813176, 0.00793878, 0.00462155, 0.00689795, 0.00638086, 0.0055526, 0.00508524, 0.00515494, 0.00655768, 0.00741417, 0.00751154, 0.00397303, 0.0072227, 0.0044437, 0.00780385, 0.00681804, 0.00837781, 0.00833399, 0.00691988, 0.00488616, 0.00414572, 0.00468527, 0.00789507, 0.00488028, 0.00540876, 0.00750002, 0.0052646, 0.00462819, 0.00857144, 0.00763765, 0.00844434, 0.00648639, 0.00426967, 0.0078175, 0.00616236, 0.00829845, 0.00447586, 0.00831827, 0.00764965, 0.00508984, 0.00747105, 0.00850141, 0.00572174, 0.00776605, 0.00655388, 0.0086025, 0.00467894, 0.00642694, 0.00506407, 0.00439484, 0.00659486, 0.00730331, 0.004218];
GivenLatency = [167.395, 119.72, 265.153, 236.059, 140.913, 183.582, 284.493, 199.65, 231.201, 148.493, 261.04, 158.914, 202.552, 124.262, 211.718, 274.116, 164.308, 183.852, 168.87, 177.855, 143.856, 234.831, 123.262, 172.401, 203.286, 121.732, 207.466, 211.844, 142.995, 148.555, 239.453, 255.007, 159.526, 156.112, 156.547, 128.494, 296.796, 233.304, 119.89, 213.159, 130.03, 285.804, 131.824, 182.107, 235.968, 194.87, 121.373, 138.014, 112.566, 180.937, 152.06, 179.419, 233.215, 136.033, 236.806, 320.367, 183.255, 138.486, 169.721, 172.722, 210.946, 162.666, 131.214, 232.161, 176.861, 256.063, 243.188, 139.502, 185.716, 135.401, 115.71, 159.977, 253.715, 115.103, 118.692, 143.61, 126.462, 265.008, 142.36, 176.736, 214.312, 229.049, 206.938, 159.683, 174.036, 137.522, 305.322, 160.82, 276.059, 128.624, 146.623, 123.919, 116.878, 171.813, 228.672, 243.867, 246.093, 121.252, 216.984, 198.465, 137.354, 198.19, 228.781, 145.733, 131.431, 152.24, 193.686, 300.609, 142.686, 185.521, 129.191, 234.056, 139.797, 136.637, 216.86, 172.504, 128.713, 172.75, 142.457, 147.286, 112.095, 271.084, 160.455, 206.913, 276.873, 169.828, 131.872, 288.342];
HighestPossibleCritFunctionValue = 1.1;
