NumDevices = 64;
NumSlotes = 512;


GivenBandwidthOld = [0.00415649, 0.00554653, 0.00558631, 0.00542054, 0.00674047, 0.00330029, 0.00295138, 0.00758769, 0.00511804, 0.00392797, 0.00870397, 0.00392743, 0.00578558, 0.00444706, 0.00804076, 0.00728377, 0.00329131, 0.00832096, 0.00419953, 0.00402677, 0.0066925, 0.0034165, 0.00609628, 0.00762203, 0.00721744, 0.00725885, 0.00324853, 0.00797486, 0.00602381, 0.00849217, 0.00667435, 0.00448197, 0.00729242, 0.00491876, 0.00462973, 0.0030761, 0.00377167, 0.00668638, 0.00670127, 0.00697002, 0.0051047, 0.00471839, 0.0057598, 0.00251985, 0.00488905, 0.00527866, 0.00336331, 0.0058386, 0.00809699, 0.00861457, 0.00757577, 0.00474528, 0.00769726, 0.00289874, 0.00410426, 0.00287195, 0.0038819, 0.00317722, 0.00335052, 0.00339378, 0.0054422, 0.00834234, 0.00722229, 0.00752293];
GivenLatency = [120.681, 83.4397, 107.226, 59.3843, 78.6327, 103.405, 111.965, 43.349, 93.9707, 144.678, 44.3867, 84.2987, 79.9519, 75.0366, 60.4692, 70.1088, 167.053, 76.8188, 91.2612, 78.8519, 61.4422, 109.907, 56.8249, 45.4268, 69.1037, 70.0206, 182.507, 67.1836, 79.4771, 62.215, 83.9193, 72.6904, 62.9777, 70.1222, 97.5277, 138.359, 170.308, 91.5765, 48.7522, 69.0664, 127.12, 99.5527, 108.526, 126.008, 102.858, 76.0986, 123.385, 64.6158, 55.4769, 68.33, 56.616, 128.085, 44.5907, 158.949, 144.189, 112.962, 81.7518, 109.319, 94.687, 101.227, 57.6165, 48.9085, 50.1456, 41.0479];
HighestPossibleCritFunctionValue = 1.1;
