NumDevices = 64;
NumSlotes = 512;


GivenBandwidthOld = [0.00834913, 0.00879027, 0.0130948, 0.0101467, 0.0100878, 0.0110589, 0.0118799, 0.00969083, 0.00875548, 0.00840026, 0.00823949, 0.0161078, 0.00858112, 0.00793244, 0.0154901, 0.0163948, 0.0130503, 0.0121493, 0.00752383, 0.00799543, 0.0141714, 0.0137424, 0.0134814, 0.0162502, 0.0117895, 0.0114164, 0.00974447, 0.0103784, 0.015146, 0.0144055, 0.00815879, 0.00984151, 0.011246, 0.0167616, 0.00772246, 0.0163371, 0.0134728, 0.0117274, 0.0165784, 0.00775196, 0.0121974, 0.015985, 0.014157, 0.0119362, 0.017256, 0.0173098, 0.0113726, 0.0137084, 0.0122776, 0.0139207, 0.0100397, 0.01169, 0.00865022, 0.00926468, 0.016413, 0.00889993, 0.0160411, 0.0174839, 0.0162014, 0.0121661, 0.0107998, 0.0174449, 0.0117006, 0.0173729];
GivenLatency = [132.64, 133.087, 74.5764, 89.9287, 110.619, 87.7686, 97.2485, 96.8424, 105.182, 136.98, 144.302, 65.6844, 108.426, 131.76, 74.3127, 66.9685, 85.6699, 82.3509, 137.672, 142.732, 70.9392, 69.1194, 77.0715, 70.5112, 77.7168, 82.1912, 123.822, 93.1288, 65.3371, 71.7435, 123.226, 115.904, 90.2862, 69.6451, 131.8, 57.6186, 70.4376, 102.535, 59.5594, 127.242, 87.3478, 76.7756, 71.4886, 79.9228, 63.3966, 69.0039, 91.5632, 83.7969, 87.2316, 85.9897, 121.751, 99.2037, 133.941, 106.976, 76.0359, 117.16, 67.1179, 59.8559, 61.2714, 83.141, 94.9976, 63.9052, 88.4012, 67.1481];
HighestPossibleCritFunctionValue = 1.1;
