NumDevices = 128;
NumSlotes = 1024;


GivenBandwidthOld = [0.00192719, 0.00150141, 0.00167609, 0.00322979, 0.00367474, 0.00389027, 0.00432222, 0.00165222, 0.00206311, 0.0015861, 0.0031434, 0.00169067, 0.00128801, 0.00256658, 0.00402062, 0.00136932, 0.00350776, 0.00361902, 0.00177165, 0.00306813, 0.00233249, 0.00397325, 0.00221161, 0.00361287, 0.00142618, 0.00298054, 0.00201908, 0.00211663, 0.00413259, 0.00207522, 0.00194137, 0.002275, 0.00343661, 0.00163762, 0.00341662, 0.0030742, 0.00434175, 0.00179474, 0.0036501, 0.00218158, 0.00207208, 0.00227885, 0.00250203, 0.00353307, 0.00407828, 0.00184464, 0.00162103, 0.00274118, 0.00408434, 0.0036468, 0.0029988, 0.00272383, 0.00312394, 0.00281467, 0.00183964, 0.00203863, 0.00258282, 0.00187923, 0.00167331, 0.00329456, 0.00174325, 0.00373148, 0.00131802, 0.00377323, 0.00295151, 0.0015981, 0.00174969, 0.00270112, 0.00274584, 0.00126124, 0.00262717, 0.00357799, 0.00270659, 0.00410986, 0.00128624, 0.00402905, 0.00253311, 0.00396904, 0.00335643, 0.00403997, 0.00159478, 0.0021786, 0.0020233, 0.00126062, 0.00161093, 0.00172928, 0.00336645, 0.00367173, 0.00332084, 0.00275263, 0.00286706, 0.00418429, 0.00228379, 0.00433562, 0.00187239, 0.00232417, 0.0017809, 0.00223821, 0.00380361, 0.0040704, 0.00364782, 0.0013715, 0.00272412, 0.0017267, 0.00385627, 0.00165594, 0.00198621, 0.00282327, 0.00258196, 0.00308461, 0.00423371, 0.00160249, 0.00360753, 0.00235461, 0.00389291, 0.00186113, 0.00376827, 0.00392857, 0.00433631, 0.00414378, 0.00267066, 0.00319959, 0.00244124, 0.0036897, 0.00217632, 0.00434419, 0.00221022, 0.00220784];
GivenLatency = [220.283, 405.973, 247.257, 135.564, 121.235, 119.496, 143.964, 311.674, 158.13, 215.518, 203.579, 194.07, 425.936, 213.328, 118.744, 457.508, 107.926, 135.631, 181.296, 135.131, 191.039, 83.7975, 154.536, 170.635, 301.234, 205.711, 253.942, 228.9, 117.561, 202.03, 241.92, 158.516, 98.4541, 302.029, 172.539, 159.783, 116.436, 178.979, 98.2726, 213.404, 253.364, 175.648, 133.685, 88.7391, 91.2841, 297.245, 360.687, 230.822, 80.5046, 148.296, 171.332, 119.965, 127.85, 116.731, 312.61, 214.477, 121.157, 229.812, 255.66, 99.5065, 183.808, 114.792, 239.375, 103.855, 219.194, 346.494, 241.462, 228.414, 150.452, 256.924, 145.339, 142.668, 121.886, 77.5818, 350.859, 90.7228, 135.724, 153.338, 120.102, 78.2924, 256.992, 226.827, 273.068, 278.839, 326.058, 188.542, 147.998, 155.75, 136.631, 156.556, 165.779, 82.4033, 259.496, 98.9666, 168.687, 157.264, 320.731, 223.506, 88.5554, 96.0005, 118.691, 468.195, 181.519, 262.37, 146.465, 338.713, 158.593, 225.807, 219.564, 121.559, 126.218, 381.319, 114.144, 149.155, 138.425, 213.197, 110.611, 120.51, 78.2924, 76.072, 202.995, 183.739, 146.214, 166.394, 187.569, 73.4931, 216.665, 194.55];
HighestPossibleCritFunctionValue = 1.1;
