NumDevices = 64;
NumSlotes = 512;


GivenBandwidthOld = [0.0135421, 0.0191148, 0.0166993, 0.00775268, 0.0168038, 0.013501, 0.0161398, 0.0163591, 0.0140764, 0.0123012, 0.0135133, 0.0100673, 0.0189053, 0.0094941, 0.00981578, 0.0163905, 0.01817, 0.0129981, 0.0148797, 0.0138865, 0.00774458, 0.0181157, 0.0122862, 0.0112523, 0.00941655, 0.0189843, 0.012445, 0.0188257, 0.00784196, 0.0172793, 0.0181569, 0.0182587, 0.0172096, 0.00937628, 0.0172206, 0.0189443, 0.0140035, 0.0114717, 0.010534, 0.012157, 0.0144443, 0.00769639, 0.00824668, 0.0194496, 0.0189241, 0.0116239, 0.0183214, 0.0198494, 0.014286, 0.00940116, 0.0103691, 0.0162641, 0.0179436, 0.00775079, 0.0100691, 0.011645, 0.00934415, 0.0146047, 0.0170034, 0.0183815, 0.0177393, 0.0114559, 0.0198653, 0.0191887];
GivenLatency = [234.777, 124.893, 159.823, 318.886, 170.202, 186.034, 143.208, 153.335, 203.247, 212.758, 231.559, 238.299, 173.766, 292.234, 272.955, 138.489, 139.109, 250.158, 149.675, 235.711, 339.652, 132.374, 248.789, 242.169, 248.549, 142.946, 189.395, 154.816, 351.968, 135.823, 135.44, 130.858, 174.003, 330.902, 162.186, 125.836, 222.648, 262.981, 279.106, 193.541, 203.86, 367.419, 365.412, 145.045, 122.686, 273.201, 125.266, 146.88, 172.788, 267.136, 268.54, 192.958, 177.203, 336.256, 269.561, 280.718, 345.325, 218.811, 133.887, 157.277, 166.424, 282.504, 146.202, 119.626];
HighestPossibleCritFunctionValue = 1.1;
