NumDevices = 16;
NumSlotes = 128;


GivenBandwidthOld = [0.017401, 0.0243738, 0.0157311, 0.0333891, 0.0107343, 0.025693, 0.0123762, 0.0225074, 0.0222606, 0.0246019, 0.0241664, 0.0304186, 0.0108295, 0.0270742, 0.0261674, 0.0348806];
GivenLatency = [19.8184, 17.8232, 32.2878, 12.6371, 30.9703, 14.3845, 25.5334, 14.4788, 14.5108, 21.261, 23.2665, 13.8975, 43.9126, 11.3074, 23.1912, 13.07];
HighestPossibleCritFunctionValue = 1.1;
