NumDevices = 64;
NumSlotes = 512;


GivenBandwidthOld = [0.00268184, 0.00871583, 0.00324426, 0.00510233, 0.00867673, 0.00861144, 0.00490768, 0.00590675, 0.00348369, 0.00405376, 0.00410235, 0.00822411, 0.00765277, 0.00514311, 0.00648581, 0.00454041, 0.00809597, 0.00390663, 0.00629676, 0.0083783, 0.00541908, 0.00716425, 0.0070543, 0.00278622, 0.00679312, 0.00692851, 0.00739655, 0.00508222, 0.00817223, 0.00444878, 0.00559072, 0.00450769, 0.00823126, 0.00274205, 0.00812771, 0.00622557, 0.00566154, 0.00723068, 0.0047165, 0.00520882, 0.00463107, 0.00683831, 0.00396448, 0.00358794, 0.0062398, 0.00736987, 0.00662471, 0.00774873, 0.00541754, 0.00641202, 0.00811141, 0.00722634, 0.00683309, 0.00380196, 0.00326039, 0.00741883, 0.00450752, 0.00533579, 0.0074431, 0.0062437, 0.00412614, 0.00801247, 0.0067927, 0.00622267];
GivenLatency = [135.291, 69.1921, 130.562, 103.099, 38.8013, 50.9176, 97.9609, 103.974, 100.963, 107.008, 77.7024, 37.6912, 76.6595, 122.402, 70.2926, 113.233, 50.6317, 123.001, 69.8432, 75.7353, 76.1309, 54.7331, 55.1562, 198.896, 91.0785, 86.7453, 58.4345, 65.8513, 44.3924, 98.6867, 76.2853, 74.291, 64.9353, 147.679, 56.7904, 56.0551, 59.2909, 80.3742, 91.2854, 86.553, 70.9455, 52.4115, 115.251, 113.406, 87.8629, 49.699, 53.3417, 64.2986, 59.1956, 88.145, 65.1855, 47.9789, 50.2591, 97.5348, 111.95, 79.8684, 141.751, 60.9969, 79.2886, 84.3862, 77.3695, 40.8913, 57.3719, 62.5834];
HighestPossibleCritFunctionValue = 1.1;
