NumDevices = 32;
NumSlotes = 256;


GivenBandwidthOld = [0.0152997, 0.031675, 0.0311121, 0.0308608, 0.0280076, 0.0335497, 0.0197631, 0.0280905, 0.0269609, 0.0212253, 0.0227931, 0.0332926, 0.0185238, 0.0189441, 0.0231084, 0.0328792, 0.0314452, 0.0297297, 0.0175167, 0.0332014, 0.0252922, 0.0154354, 0.0326432, 0.0243457, 0.0276202, 0.0220272, 0.0215188, 0.0170196, 0.0187118, 0.0198202, 0.0283408, 0.0332776];
GivenLatency = [61.8042, 31.8995, 27.2101, 31.5582, 37.0909, 31.7758, 58.8716, 33.4449, 41.1012, 46.6473, 48.4346, 30.1128, 49.264, 51.7661, 36.3116, 27.0946, 30.3864, 37.4779, 48.9906, 31.5546, 35.757, 59.8146, 32.7386, 42.069, 36.2373, 40.2061, 48.0344, 49.3282, 52.7905, 45.706, 30.4721, 32.3661];
HighestPossibleCritFunctionValue = 1.1;
