NumDevices = 32;
NumSlotes = 256;


GivenBandwidthOld = [0.0268011, 0.0310516, 0.018715, 0.0281439, 0.0250142, 0.0242435, 0.0211497, 0.0223117, 0.027311, 0.0260676, 0.0275657, 0.0324038, 0.0210378, 0.0172969, 0.0183402, 0.0285741, 0.0297332, 0.0357236, 0.0165624, 0.0236428, 0.0248885, 0.0367627, 0.030123, 0.0366034, 0.0290087, 0.034092, 0.0198007, 0.0260427, 0.0348159, 0.0352901, 0.0307438, 0.0210089];
GivenLatency = [69.9918, 73.4328, 124.452, 79.3305, 71.9364, 73, 101.533, 83.3671, 69.4773, 82.2777, 82.0209, 56.9889, 94.1358, 135.777, 120.937, 65.1577, 57.6286, 58.89, 142.803, 85.6997, 79.5107, 56.607, 65.0414, 51.7046, 64.372, 62.0664, 95.5268, 71.6152, 52.9613, 51.5869, 74.2673, 83.7013];
HighestPossibleCritFunctionValue = 1.1;
