NumDevices = 128;
NumSlotes = 1024;


GivenBandwidthOld = [0.00365598, 0.00425383, 0.00218107, 0.00285756, 0.0039482, 0.00295212, 0.00258844, 0.00266553, 0.0014599, 0.00408869, 0.00172506, 0.00428553, 0.00380576, 0.00274842, 0.00401095, 0.00149128, 0.00334926, 0.00219398, 0.0042355, 0.00359177, 0.00304769, 0.00252708, 0.00268724, 0.00384735, 0.00174118, 0.00330582, 0.00349743, 0.00185636, 0.00169974, 0.00379492, 0.00175951, 0.00205171, 0.00363517, 0.00135645, 0.00283382, 0.00183555, 0.00198609, 0.00389214, 0.00138868, 0.00389887, 0.00199436, 0.00240983, 0.0039238, 0.00222684, 0.00340307, 0.00358351, 0.00179401, 0.00386715, 0.00329131, 0.00334176, 0.00430399, 0.00157566, 0.00276857, 0.00203745, 0.00159346, 0.0019887, 0.00400113, 0.00206449, 0.00286071, 0.00376695, 0.00354819, 0.00188823, 0.00290312, 0.00402286, 0.00151462, 0.00182878, 0.00383285, 0.00176356, 0.00136314, 0.00276943, 0.00387052, 0.00368234, 0.00340816, 0.00162805, 0.0019937, 0.00373407, 0.00414499, 0.00428695, 0.00258907, 0.00382226, 0.00191191, 0.00404437, 0.00368305, 0.00292284, 0.00414957, 0.00311533, 0.00191737, 0.0021844, 0.00266609, 0.00140366, 0.00261381, 0.00403713, 0.00388949, 0.00372075, 0.00221459, 0.00382242, 0.00159885, 0.00183848, 0.00434152, 0.00411539, 0.00367328, 0.00434824, 0.00148194, 0.00253782, 0.0018713, 0.00279843, 0.00381492, 0.00359508, 0.00257304, 0.00328095, 0.00422886, 0.00138595, 0.00178052, 0.00209962, 0.00261531, 0.00427969, 0.00246997, 0.0022203, 0.00276806, 0.00277253, 0.00295224, 0.00149326, 0.002188, 0.00367275, 0.00161697, 0.00323788, 0.002094, 0.001996];
GivenLatency = [150.394, 106.478, 144.844, 219.742, 91.4142, 202.023, 246.773, 151.4, 325.847, 83.8284, 210.504, 110.194, 146.544, 148.858, 133.302, 253.236, 130.145, 147.231, 129.136, 137.854, 151.498, 126.486, 129.966, 118.345, 211.763, 185.074, 166.489, 210.553, 200.423, 162.426, 193.399, 165.733, 104.354, 240.566, 138.125, 313.231, 188.696, 150.728, 285.54, 119.041, 193.783, 189.181, 90.8737, 213.377, 168.915, 130.633, 249.751, 104.151, 149.763, 122.215, 73.6447, 209.102, 137.311, 193.473, 259.009, 278.119, 122.857, 257.713, 116.626, 159.193, 127.902, 166.888, 143.339, 97.6155, 286.854, 222.904, 142.129, 347.328, 429.894, 156.47, 138.521, 170.639, 94.0083, 370.303, 167.942, 124.352, 89.0181, 84.4768, 204.711, 161.088, 202.321, 120.574, 85.5001, 113.636, 148.322, 181.357, 212.731, 174.577, 173.099, 350.332, 137.944, 80.955, 92.1368, 92.3828, 271.695, 126.429, 221.059, 191.151, 73.4103, 154.62, 112.537, 93.0112, 231.738, 155.735, 313.225, 139.713, 123.98, 138.952, 189.899, 190.833, 79.1091, 258.528, 273.784, 155.185, 173.445, 134.843, 206.103, 184.247, 125.37, 143.349, 174.506, 330.275, 201.329, 140.406, 217.149, 118.825, 313.018, 217.23];
HighestPossibleCritFunctionValue = 1.1;
