NumDevices = 32;
NumSlotes = 256;


GivenBandwidthOld = [0.0266309, 0.0209129, 0.0188643, 0.0376432, 0.0294192, 0.0334177, 0.0359392, 0.0155368, 0.0373678, 0.0258334, 0.0168044, 0.0162748, 0.0152673, 0.0332996, 0.0259843, 0.0288452, 0.0370216, 0.0312407, 0.0223021, 0.0170755, 0.0227007, 0.0153202, 0.0213328, 0.0261725, 0.0157078, 0.0362767, 0.0381339, 0.0259794, 0.0203107, 0.0217283, 0.0217244, 0.0315853];
GivenLatency = [63.1853, 114.287, 93.611, 54.6619, 73.2988, 68.6963, 48.6854, 114.165, 45.7411, 95.3377, 123.352, 118.248, 116.277, 64.8458, 64.1956, 76.2478, 56.6153, 70.7035, 107.833, 131.25, 101.37, 131.605, 89.0626, 65.7789, 141.553, 62.4985, 45.9983, 65.7177, 86.2353, 78.4441, 104.62, 75.8578];
HighestPossibleCritFunctionValue = 1.1;
