NumDevices = 16;
NumSlotes = 128;


GivenBandwidthOld = [0.0319444, 0.0290186, 0.0308983, 0.0226907, 0.0280706, 0.0224849, 0.0178811, 0.0178021, 0.0150856, 0.0331324, 0.0220604, 0.0345226, 0.0107426, 0.0151912, 0.0333543, 0.0262209];
GivenLatency = [18.8377, 20.0754, 20.0217, 23.2015, 10.9839, 20.3766, 18.6545, 31.9962, 31.4205, 11.0303, 17.5661, 12.6034, 41.0483, 33.471, 14.4162, 15.7411];
HighestPossibleCritFunctionValue = 1.1;
