NumDevices = 32;
NumSlotes = 256;


GivenBandwidthOld = [0.0318592, 0.0168984, 0.0211667, 0.0341767, 0.0173594, 0.0190854, 0.0289737, 0.0212554, 0.0244178, 0.024194, 0.0380696, 0.0212799, 0.0359985, 0.0366462, 0.0224684, 0.0366014, 0.0189276, 0.025822, 0.0256144, 0.0362251, 0.0206317, 0.0171593, 0.03178, 0.0358304, 0.0364443, 0.0290156, 0.0243688, 0.0260552, 0.0196248, 0.0187378, 0.0354409, 0.015813];
GivenLatency = [61.2109, 142.971, 80.4698, 69.8345, 113.309, 92.1815, 68.7765, 106.28, 74.9229, 78.6491, 62.9917, 85.1469, 66.4579, 67.1241, 80.685, 48.4423, 99.9416, 91.4197, 82.3729, 60.8352, 96.3851, 111.404, 72.8476, 51.3845, 60.281, 64.8108, 99.81, 81.3686, 91.6174, 95.3379, 69.0158, 136.747];
HighestPossibleCritFunctionValue = 1.1;
