NumDevices = 32;
NumSlotes = 256;


GivenBandwidthOld = [0.006675, 0.00668003, 0.0162293, 0.0103968, 0.00914315, 0.0138496, 0.0149112, 0.00837105, 0.0122406, 0.010135, 0.00911931, 0.0133108, 0.00919166, 0.0166862, 0.0141909, 0.0135224, 0.0162485, 0.00864963, 0.00683949, 0.0088074, 0.00850946, 0.0135567, 0.0167245, 0.00818269, 0.00897755, 0.00573466, 0.0149237, 0.017374, 0.0130845, 0.0063741, 0.0119261, 0.0115667];
GivenLatency = [71.9801, 46.646, 19.202, 52.1839, 34.552, 33.0469, 33.8285, 75.899, 48.6892, 62.2386, 49.8635, 32.0356, 39.1703, 24.9736, 30.9574, 39.1661, 25.5057, 43.6823, 75.3913, 39.1796, 38.0284, 29.0845, 33.7883, 56.1415, 63.2463, 54.1601, 25.6272, 34.6473, 41.6173, 51.0204, 39.8671, 44.3019];
HighestPossibleCritFunctionValue = 1.1;
