NumDevices = 128;
NumSlotes = 1024;


GivenBandwidthOld = [0.00630891, 0.00503518, 0.00382131, 0.00850431, 0.00947943, 0.00457085, 0.00604076, 0.00452562, 0.00836047, 0.00448582, 0.00824474, 0.00941608, 0.00850599, 0.00644305, 0.00964811, 0.00822447, 0.00620214, 0.00428319, 0.00878608, 0.00768994, 0.00978425, 0.00883861, 0.00925644, 0.00681547, 0.00627861, 0.00828307, 0.00979696, 0.0099732, 0.00959127, 0.00931169, 0.00411688, 0.00736029, 0.00682184, 0.00723294, 0.00403016, 0.00621452, 0.00619964, 0.00613467, 0.00791515, 0.00737503, 0.00468643, 0.00485333, 0.00988394, 0.00941853, 0.00602395, 0.00947882, 0.00678671, 0.00420447, 0.00454706, 0.00613775, 0.00960709, 0.00641294, 0.0097762, 0.0048106, 0.00424217, 0.00688186, 0.00961332, 0.00486112, 0.0096572, 0.0047364, 0.00709668, 0.00761645, 0.00587983, 0.00605108, 0.00927229, 0.00432192, 0.00980691, 0.00844894, 0.00382786, 0.00614583, 0.00803631, 0.0061933, 0.00579515, 0.00778342, 0.00597806, 0.00704442, 0.00425623, 0.00564307, 0.00805901, 0.00651422, 0.00567562, 0.00510451, 0.00655118, 0.00814001, 0.00538004, 0.00606041, 0.00986918, 0.00511499, 0.00758809, 0.00422904, 0.00504857, 0.00388118, 0.00845705, 0.00893273, 0.00993765, 0.00578972, 0.00400017, 0.00840916, 0.00408873, 0.00926003, 0.00458115, 0.00414131, 0.00553077, 0.00810719, 0.00376022, 0.00672473, 0.0062341, 0.00405361, 0.00644776, 0.00757944, 0.00891156, 0.00414811, 0.00733039, 0.00436879, 0.00376782, 0.00942764, 0.00914535, 0.0083184, 0.00976692, 0.00517209, 0.00482337, 0.00644491, 0.00965844, 0.00681843, 0.00609271, 0.00897293, 0.00433473, 0.00631444];
GivenLatency = [755.627, 752.043, 1010.32, 529.117, 381.973, 786.375, 589.535, 988.039, 587.494, 1061.38, 552.917, 459.469, 449.519, 536.321, 379.81, 596.308, 572.175, 792.693, 461.859, 492.129, 365.499, 412.137, 415.126, 545.753, 645.026, 560.687, 473.06, 392.942, 489.471, 461.588, 901.246, 457.425, 677.573, 509.914, 841.503, 576.676, 625.416, 635.574, 509.159, 666.683, 774.187, 793.625, 503.805, 371.228, 803.222, 426.309, 688.261, 994.901, 733.652, 706.699, 377.768, 541.897, 442.198, 713.339, 1007.05, 580.053, 433.382, 705.023, 348.598, 818.279, 658.05, 520.395, 611.386, 810.041, 407.155, 831.938, 394.502, 404.26, 873.95, 597.959, 436.045, 634.926, 861.386, 452.33, 560.055, 578.352, 862.849, 657.793, 439.018, 590.315, 770.436, 896.041, 539.788, 444.829, 747.989, 608.245, 467.126, 792.674, 521.587, 796.108, 913.443, 1193.6, 577.575, 498.933, 384.714, 808.413, 931.408, 415.073, 853.813, 404.6, 984.806, 1038.41, 710.026, 461.977, 1079.65, 604.95, 557.836, 1097.55, 533.286, 472.84, 479.711, 854.209, 553.694, 804.46, 1005.56, 480.807, 543.486, 501.701, 462.674, 719.466, 939.08, 654.334, 482.992, 650.84, 763.638, 419.896, 1076.42, 677.752];
HighestPossibleCritFunctionValue = 1.1;
