NumDevices = 64;
NumSlotes = 512;


GivenBandwidthOld = [0.010035, 0.0127419, 0.00778922, 0.0083573, 0.0161398, 0.0160309, 0.016197, 0.01727, 0.0123132, 0.0136371, 0.0129467, 0.00941334, 0.0150182, 0.0159922, 0.0164969, 0.00775604, 0.0107513, 0.0115095, 0.015636, 0.0089693, 0.0119571, 0.0174586, 0.0116316, 0.0173661, 0.01725, 0.0161387, 0.00896213, 0.0114887, 0.0149547, 0.00848102, 0.015586, 0.00828842, 0.0083985, 0.00859125, 0.00808185, 0.0167193, 0.0165702, 0.0100029, 0.0142572, 0.016283, 0.0128856, 0.0129144, 0.00763238, 0.0124264, 0.0146709, 0.00900895, 0.00845248, 0.0157506, 0.014659, 0.00809024, 0.00772451, 0.0108071, 0.00929921, 0.0169161, 0.0131139, 0.0104787, 0.0107105, 0.0159995, 0.00839546, 0.0174753, 0.0132184, 0.0170148, 0.0124826, 0.00931126];
GivenLatency = [116.848, 73.1343, 127.141, 116.544, 62.2651, 75.6544, 66.7063, 56.6543, 93.7756, 71.5803, 74.1234, 119.818, 78.7361, 68.7021, 56.4875, 122.838, 88.9116, 90.9696, 59.5064, 102.878, 95.2986, 59.9104, 93.3417, 55.5685, 70.0356, 59.5961, 123.554, 89.8824, 70.6969, 146.788, 58.3345, 121.265, 122.388, 124.939, 120.148, 58.8169, 60.9524, 107.365, 76.8425, 56.6088, 96.4374, 95.4171, 144.212, 97.2151, 80.5805, 106.411, 138.665, 70.5991, 80.7785, 143.368, 148.273, 93.8525, 113.946, 54.8, 81.0282, 104.941, 85.1467, 57.1739, 125.159, 55.0858, 74.0724, 64.7728, 76.9761, 101.535];
HighestPossibleCritFunctionValue = 1.1;
