NumDevices = 128;
NumSlotes = 1024;


GivenBandwidthOld = [0.00905002, 0.0062362, 0.00805054, 0.00792467, 0.00490354, 0.00387882, 0.00633811, 0.00840893, 0.00634043, 0.00989251, 0.00971217, 0.00375517, 0.00931835, 0.00983287, 0.00734191, 0.0042125, 0.00818277, 0.00532039, 0.00982393, 0.00699036, 0.00824037, 0.00462115, 0.00761759, 0.00628252, 0.00532623, 0.00786676, 0.00667477, 0.0040403, 0.00786972, 0.00641266, 0.00513095, 0.00720067, 0.00539825, 0.00582918, 0.00477915, 0.00687307, 0.0056633, 0.00431951, 0.0067062, 0.00733172, 0.00801551, 0.00670615, 0.00642817, 0.00947787, 0.0095717, 0.00527044, 0.00775031, 0.00573364, 0.0052195, 0.00781875, 0.00596358, 0.00742466, 0.0075039, 0.00809343, 0.00997545, 0.00990374, 0.00469766, 0.00608813, 0.00695735, 0.00969206, 0.00950125, 0.00877103, 0.00468631, 0.00909161, 0.00516761, 0.004543, 0.0066241, 0.00874024, 0.00594636, 0.0054299, 0.00661449, 0.00974223, 0.00889002, 0.00460081, 0.00954411, 0.00411191, 0.00519723, 0.0086527, 0.00973925, 0.00885663, 0.00588654, 0.00638972, 0.00696729, 0.007956, 0.00649645, 0.00703614, 0.00888654, 0.00866126, 0.00980793, 0.00694855, 0.0055456, 0.00736115, 0.00887644, 0.00766333, 0.00630278, 0.00838173, 0.00552147, 0.0080465, 0.00869986, 0.00860318, 0.00872116, 0.00404825, 0.00390367, 0.00530296, 0.00439105, 0.00905062, 0.00997113, 0.00603276, 0.00766726, 0.00985842, 0.00540011, 0.00583653, 0.00947432, 0.00618912, 0.00424268, 0.00925065, 0.00935252, 0.00897219, 0.00436498, 0.0084066, 0.00465062, 0.00925005, 0.00564928, 0.00621801, 0.00857394, 0.00473476, 0.00458665, 0.00903635];
GivenLatency = [422.013, 690.161, 434.338, 433.279, 742.217, 1038.3, 533.253, 465.298, 648.268, 338.381, 396.042, 1300.05, 497.126, 418.436, 458.702, 851.137, 598.019, 648.125, 447.702, 587.279, 424.105, 800.073, 631.612, 542.018, 823.194, 485.816, 562.421, 960.072, 529.354, 621.756, 828.524, 565.807, 776.528, 816.932, 780.47, 663.365, 656.095, 810.654, 545.323, 469.709, 618.562, 709.383, 649.66, 434.804, 400.201, 739.281, 529.371, 626.63, 684.906, 538.531, 653.246, 524.546, 465.367, 590.234, 481.622, 395.69, 718.704, 677.121, 488.881, 464.026, 385.394, 534.862, 724.688, 380.567, 756.004, 848.21, 529.856, 432.614, 696.321, 616.084, 749.286, 417.938, 519.429, 819.175, 451.03, 966.098, 858.217, 400.888, 433.064, 446.442, 647.737, 528.999, 562.127, 541.712, 582.211, 497.528, 418.486, 459.577, 469.764, 670.485, 885.405, 559.009, 410.995, 501.801, 785.383, 418.274, 652.406, 583.288, 434.336, 429.248, 424.613, 1210.07, 1072.77, 650.808, 789.752, 466.004, 413.667, 573.98, 536.887, 357.782, 831.012, 690.863, 417.937, 668.142, 898.047, 457.231, 372.998, 417.046, 845.084, 454.426, 917.261, 521.307, 592.78, 667.298, 393.496, 1023.18, 1081.5, 535.942];
HighestPossibleCritFunctionValue = 1.1;
