NumDevices = 32;
NumSlotes = 256;


GivenBandwidthOld = [0.0235643, 0.0152845, 0.0166192, 0.0293037, 0.0174463, 0.0304363, 0.0328748, 0.0175313, 0.0179202, 0.0346207, 0.0204524, 0.0342933, 0.0167087, 0.0329379, 0.0166093, 0.0229182, 0.0166855, 0.0235286, 0.0345302, 0.0191708, 0.0332025, 0.0248978, 0.0281177, 0.0244237, 0.0196181, 0.0321713, 0.0323057, 0.032046, 0.0274445, 0.0305522, 0.0203, 0.031725];
GivenLatency = [36.5128, 67.8508, 55.0521, 36.6734, 54.5584, 32.4224, 29.8793, 58.2134, 48.3318, 24.5134, 47.923, 25.4905, 62.3478, 29.7206, 60.3454, 36.9337, 53.9677, 47.1835, 33.2169, 56.1404, 27.9349, 46.9051, 31.6079, 40.7056, 59.7024, 26.386, 33.1845, 28.207, 41.099, 37.392, 56.1308, 26.3777];
HighestPossibleCritFunctionValue = 1.1;
