NumDevices = 32;
NumSlotes = 256;


GivenBandwidthOld = [0.00610522, 0.00547724, 0.0134335, 0.00906596, 0.0166203, 0.00683495, 0.00755137, 0.0108591, 0.01699, 0.00813033, 0.0164241, 0.0106195, 0.0151927, 0.0135265, 0.00982619, 0.00622023, 0.0134696, 0.0164902, 0.00899097, 0.00629395, 0.0148815, 0.00889197, 0.0173129, 0.00958239, 0.00873371, 0.00739995, 0.0159462, 0.0156032, 0.0134887, 0.0124195, 0.0172622, 0.00897668];
GivenLatency = [53.3176, 56.5057, 24.7159, 36.4227, 23.6608, 55.8169, 57.02, 42.7489, 18.6047, 42.8012, 24.9294, 32.3724, 37.0561, 40.4043, 37.2275, 53.8512, 22.6713, 38.187, 37.1852, 65.1665, 29.6696, 47.1845, 31.6986, 34.0939, 69.5474, 48.3209, 21.1372, 39.7439, 29.2123, 25.0423, 19.8529, 56.2592];
HighestPossibleCritFunctionValue = 1.1;
