NumDevices = 128;
NumSlotes = 1024;


GivenBandwidthOld = [0.00414534, 0.00452577, 0.00462924, 0.0062066, 0.00440009, 0.00486135, 0.00715197, 0.00560169, 0.00632575, 0.00685488, 0.00626355, 0.00516625, 0.00673906, 0.00961023, 0.00915029, 0.00397416, 0.00863128, 0.00589081, 0.00937382, 0.00454996, 0.00493511, 0.00939405, 0.00712429, 0.00923218, 0.00520607, 0.00715043, 0.00476993, 0.00813009, 0.00745591, 0.00777156, 0.00654266, 0.00868017, 0.00885592, 0.00652289, 0.00776145, 0.00541711, 0.00403696, 0.00794982, 0.00888505, 0.00851103, 0.00983729, 0.00660554, 0.00938041, 0.00902455, 0.0093072, 0.00986301, 0.00756351, 0.00989917, 0.00903304, 0.00828293, 0.00745281, 0.00568932, 0.00412968, 0.00999749, 0.00533989, 0.0062285, 0.0098272, 0.00577152, 0.00451981, 0.00441669, 0.00888677, 0.00619218, 0.00571339, 0.0086297, 0.00442433, 0.00596355, 0.00680936, 0.00991742, 0.0095975, 0.00772539, 0.0056595, 0.00915013, 0.00749921, 0.00421189, 0.00425776, 0.00636414, 0.00831707, 0.00632041, 0.0046348, 0.0059015, 0.00770608, 0.00600702, 0.0063146, 0.00697458, 0.00552071, 0.00781133, 0.00626677, 0.00942784, 0.00624337, 0.00978994, 0.00452869, 0.0099654, 0.00973795, 0.00569783, 0.00975719, 0.0041585, 0.00685392, 0.00891015, 0.0054797, 0.00614571, 0.00594848, 0.00977198, 0.00890785, 0.00426104, 0.0053281, 0.00807598, 0.00422276, 0.00575113, 0.00550594, 0.00965873, 0.00555578, 0.00979821, 0.0059645, 0.0041313, 0.00598649, 0.00485196, 0.00568693, 0.00772947, 0.0055242, 0.00405889, 0.00783703, 0.00688317, 0.00664426, 0.00380208, 0.00405397, 0.00640838, 0.00814122, 0.00701499];
GivenLatency = [816.734, 745.604, 742.591, 744.651, 1134.19, 742.799, 496.076, 727.313, 636.035, 669.241, 535.228, 676.27, 601.959, 362.585, 483.786, 963.381, 518.257, 690.941, 381.193, 791.559, 702.795, 369.682, 488.202, 450.146, 951.287, 529.284, 731.057, 437.904, 647.275, 468.412, 645.378, 447.634, 494.771, 573.833, 448.634, 738.675, 836.087, 444.555, 513.934, 500.366, 366.698, 610.529, 363.294, 433.763, 525.027, 394.641, 506.581, 504.049, 423.031, 415.206, 644.134, 835.188, 841.796, 367.988, 855.846, 570.225, 367.972, 630.044, 773.828, 882.277, 396.985, 790.705, 646.71, 389.293, 881.247, 614.474, 706.709, 397.95, 395, 456.555, 710.449, 473.546, 589.351, 865.553, 787.855, 539.355, 413.025, 646.229, 740.424, 685.456, 458.086, 739.661, 597.624, 564.727, 888.625, 593.452, 539.469, 495.406, 612.903, 377.301, 1014.87, 402.005, 503.086, 628.099, 391.647, 961.179, 601.897, 415.967, 671.225, 623.851, 628.768, 510.898, 434.978, 1162.11, 839.574, 484.813, 790.966, 720.466, 763.14, 422.705, 749.882, 411.453, 754.521, 1182.6, 668.352, 954.318, 637.647, 622.713, 810.549, 1026.63, 480.231, 502.338, 531.409, 932.723, 1099.86, 538.09, 571.267, 514.705];
HighestPossibleCritFunctionValue = 1.1;
