NumDevices = 64;
NumSlotes = 512;


GivenBandwidthOld = [0.0106465, 0.0159249, 0.0175238, 0.0148024, 0.0136714, 0.0180021, 0.0163656, 0.0108794, 0.0174062, 0.012998, 0.0120766, 0.0144834, 0.0157534, 0.00933778, 0.00754051, 0.0132827, 0.0097992, 0.0126002, 0.0139461, 0.00938132, 0.0142791, 0.0193129, 0.0100311, 0.0108252, 0.0192567, 0.0156308, 0.0116793, 0.0117427, 0.0138955, 0.00858884, 0.00771366, 0.0109254, 0.0150974, 0.0102353, 0.0179978, 0.0183213, 0.0180489, 0.0148736, 0.0104517, 0.0171731, 0.00900153, 0.0186458, 0.00954877, 0.0162552, 0.0185156, 0.00905978, 0.010158, 0.0187743, 0.0194166, 0.0139931, 0.0119385, 0.0182146, 0.0128835, 0.0126467, 0.0078438, 0.0108311, 0.0183409, 0.01099, 0.0142399, 0.0100079, 0.0194513, 0.0100755, 0.0191683, 0.0169003];
GivenLatency = [270.988, 159.999, 129.051, 201.663, 195.867, 180.369, 165.379, 215.58, 164.812, 183.217, 201.694, 216.835, 156.979, 355.125, 305.714, 216.874, 325.822, 201.048, 183.604, 265.534, 182.142, 166.409, 236.316, 225.268, 135.333, 172.13, 194.294, 210.078, 193.38, 267.649, 362.767, 241.581, 198.639, 306.144, 134.907, 172.983, 172.716, 217.597, 281.623, 158.111, 293.513, 130.256, 341.592, 176.782, 153.29, 326.172, 314.714, 126.683, 133.601, 193.476, 233.653, 136.533, 176.796, 177.448, 314.31, 208.405, 153.461, 207.756, 188.606, 308.972, 119.851, 242.067, 136.658, 135.427];
HighestPossibleCritFunctionValue = 1.1;
