NumDevices = 32;
NumSlotes = 256;


GivenBandwidthOld = [0.0389335, 0.0161976, 0.0185241, 0.0187199, 0.0357552, 0.022137, 0.016222, 0.0276172, 0.0218862, 0.0260023, 0.030514, 0.0340846, 0.0206156, 0.0219009, 0.0234758, 0.0178556, 0.033285, 0.0306459, 0.0250123, 0.0169531, 0.0159664, 0.0330931, 0.0306642, 0.0333611, 0.0348068, 0.033374, 0.0270457, 0.0172208, 0.0156555, 0.0315277, 0.0206945, 0.0223503];
GivenLatency = [51.6006, 130.898, 94.5813, 111.148, 65.2709, 100.58, 132.94, 75.9624, 97.4545, 84.6935, 76.7072, 58.5604, 98.3565, 78.5464, 75.9732, 129.946, 52.5573, 69.3821, 91.3889, 136.678, 151.294, 70.2627, 57.6624, 60.9786, 51.9849, 52.6837, 83.1804, 125.497, 155.768, 73.7988, 93.2439, 84.0943];
HighestPossibleCritFunctionValue = 1.1;
