NumDevices = 64;
NumSlotes = 512;


GivenBandwidthOld = [0.00557509, 0.00430998, 0.00407945, 0.00451125, 0.00554492, 0.00347538, 0.00819552, 0.00837412, 0.0038108, 0.00810262, 0.00326829, 0.00271524, 0.00760551, 0.00448933, 0.00600124, 0.00416405, 0.0076634, 0.00253356, 0.0040143, 0.00326444, 0.00661624, 0.00292562, 0.00587483, 0.00445751, 0.00856362, 0.00755646, 0.00510778, 0.00642775, 0.00371929, 0.00758146, 0.00659287, 0.00379399, 0.00676082, 0.00785225, 0.00770329, 0.00416956, 0.00654939, 0.00433702, 0.00862739, 0.00431937, 0.00566535, 0.00257018, 0.00697616, 0.00829934, 0.00329606, 0.00695814, 0.00545089, 0.00437774, 0.00549848, 0.00419443, 0.00580577, 0.00635175, 0.00763583, 0.0078654, 0.00381554, 0.00646196, 0.00367817, 0.00407728, 0.0055818, 0.00453034, 0.00765962, 0.00780989, 0.00838434, 0.0068677];
GivenLatency = [89.1714, 91.3335, 75.7252, 94.1852, 55.7916, 108.17, 57.99, 66.9636, 128.83, 54.1744, 119.119, 164.471, 75.9881, 88.0021, 76.152, 76.8492, 48.1786, 243.789, 121.695, 137.231, 55.8947, 138.491, 74.5052, 73.7718, 43.1261, 53.2546, 75.835, 75.3329, 156.9, 53.0829, 51.7045, 108.143, 47.002, 48.2989, 40.5616, 80.1608, 80.3554, 99.7395, 38.0223, 100.413, 78.3163, 199.594, 88.1754, 69.2147, 120.663, 88.8777, 81.9409, 95.954, 71.939, 84.3846, 106.631, 60.966, 59.5269, 54.0865, 102.763, 73.1866, 106.226, 123.928, 61.5715, 101.172, 46.6979, 45.8689, 39.403, 63.2983];
HighestPossibleCritFunctionValue = 1.1;
