NumDevices = 16;
NumSlotes = 128;


GivenBandwidthOld = [0.0712034, 0.0362345, 0.0627512, 0.0794135, 0.0735445, 0.0326446, 0.0776979, 0.0380994, 0.0558535, 0.0499027, 0.0349111, 0.0708476, 0.0558404, 0.0797, 0.0377039, 0.0595023];
GivenLatency = [19.2745, 49.8573, 26.1165, 19.0532, 25.1672, 48.2281, 25.0598, 44.5894, 32.8482, 29.4571, 43.4611, 23.2985, 31.316, 19.7615, 39.1048, 24.2836];
HighestPossibleCritFunctionValue = 1.1;
