NumDevices = 64;
NumSlotes = 512;


GivenBandwidthOld = [0.011737, 0.0195259, 0.0140932, 0.0192992, 0.0159996, 0.0110255, 0.00976252, 0.00871991, 0.0104517, 0.0174169, 0.0189036, 0.0182516, 0.00900038, 0.0119546, 0.0140942, 0.0119996, 0.019294, 0.0163573, 0.0101003, 0.0100828, 0.0167585, 0.0152851, 0.0148047, 0.0154766, 0.00800483, 0.0171344, 0.00813943, 0.0168875, 0.0088756, 0.014696, 0.0124213, 0.0191979, 0.0147651, 0.012499, 0.0127157, 0.0174122, 0.0139251, 0.0187965, 0.0182073, 0.0146584, 0.0182588, 0.0184416, 0.0150684, 0.00894337, 0.0162082, 0.0157262, 0.0158847, 0.0159446, 0.0114492, 0.0191898, 0.0150419, 0.0137675, 0.0195792, 0.0107566, 0.0162063, 0.008851, 0.0137811, 0.0115884, 0.0086919, 0.0147852, 0.0130678, 0.0104545, 0.0143604, 0.00985491];
GivenLatency = [245, 116.64, 216.745, 120.188, 155.941, 241.957, 283.398, 287.479, 277.931, 176.603, 140.327, 122.694, 344.477, 259.565, 221.907, 275.295, 145.941, 177.908, 235.477, 254.995, 142.638, 167.573, 164.576, 161.681, 405.5, 135.373, 294.72, 160.336, 355.501, 160.419, 200.126, 144.396, 198.756, 208.202, 198.424, 154.009, 160.98, 130.792, 159.378, 191.444, 153.926, 179.816, 158.174, 253.139, 171.673, 181.673, 143.146, 156.483, 249.319, 135.965, 215.088, 208.61, 159.899, 235.478, 146.554, 283.81, 195.653, 239.302, 322.167, 203.461, 179.513, 217.432, 193.578, 247.66];
HighestPossibleCritFunctionValue = 1.1;
