NumDevices = 16;
NumSlotes = 128;


GivenBandwidthOld = [0.0734104, 0.0779682, 0.0311944, 0.0543034, 0.0465006, 0.0548633, 0.0569555, 0.0714395, 0.0543223, 0.0641373, 0.0751871, 0.0389792, 0.0434362, 0.0523979, 0.071246, 0.0521062];
GivenLatency = [19.5997, 22.5507, 61.5349, 25.289, 36.051, 25.7611, 25.3697, 23.5838, 31.644, 26.188, 21.1348, 37.9686, 32.6566, 31.1612, 18.8841, 35.5563];
HighestPossibleCritFunctionValue = 1.1;
