NumDevices = 64;
NumSlotes = 512;


GivenBandwidthOld = [0.0120148, 0.0126537, 0.0138715, 0.0187385, 0.0184288, 0.0124436, 0.0192416, 0.0104861, 0.0192863, 0.0120956, 0.00897218, 0.0128505, 0.00841589, 0.0133578, 0.00906547, 0.0183624, 0.0095397, 0.0138187, 0.0191988, 0.0169629, 0.0121767, 0.00812063, 0.0133937, 0.0124778, 0.0186745, 0.0168204, 0.018125, 0.0199266, 0.0108328, 0.00988233, 0.0099047, 0.010854, 0.0162855, 0.0154987, 0.0171652, 0.0132138, 0.013691, 0.0100486, 0.0168185, 0.0103021, 0.0152411, 0.0121171, 0.00782719, 0.0190473, 0.00815948, 0.0164576, 0.00824847, 0.01196, 0.0163611, 0.011622, 0.0112185, 0.0166405, 0.0187599, 0.0156582, 0.00909757, 0.00781467, 0.00872039, 0.0185545, 0.0126332, 0.0190388, 0.0144663, 0.0145809, 0.0156372, 0.0199735];
GivenLatency = [238.128, 197.447, 181.517, 128.55, 126.15, 219.079, 168.365, 249.878, 168.074, 184.451, 313.118, 211.54, 267.68, 209.183, 291.177, 152.281, 298.837, 204.95, 152.573, 163.122, 208.092, 308.544, 247.057, 245.156, 135.982, 156.664, 173.198, 129.296, 290.941, 225.919, 285.616, 262.233, 143.587, 186.077, 145.864, 170.965, 221.493, 221.717, 160.561, 227.695, 146.98, 203.359, 405.25, 172.814, 300.798, 191.719, 337.408, 208.712, 189.762, 270.498, 257.352, 170.954, 168.057, 166.029, 281.002, 372.284, 298.304, 122.715, 189.392, 119.428, 157.334, 167.834, 176.491, 151.946];
HighestPossibleCritFunctionValue = 1.1;
