NumDevices = 128;
NumSlotes = 1024;


GivenBandwidthOld = [0.00307624, 0.0042247, 0.00329184, 0.00281041, 0.00203826, 0.00267214, 0.00319296, 0.00340134, 0.00261853, 0.00214793, 0.00215248, 0.00364128, 0.00393264, 0.00392385, 0.00305957, 0.00214873, 0.00311479, 0.00216805, 0.00280121, 0.00367374, 0.00263892, 0.00425987, 0.00371324, 0.0040927, 0.0035335, 0.00187045, 0.00420152, 0.00434869, 0.00288246, 0.00358628, 0.00156141, 0.0038852, 0.00356347, 0.00241719, 0.00265554, 0.00225621, 0.00331858, 0.00227588, 0.00267071, 0.00408507, 0.0034588, 0.00272311, 0.00351391, 0.00383741, 0.00351441, 0.00299012, 0.0037326, 0.00436925, 0.00152447, 0.00171073, 0.00406588, 0.00273761, 0.00354719, 0.00384262, 0.00348527, 0.00375003, 0.00355698, 0.00272822, 0.00188576, 0.00206903, 0.00421267, 0.00420229, 0.00162759, 0.00368805, 0.00251512, 0.00162439, 0.00302217, 0.00168666, 0.00263228, 0.00195764, 0.00393995, 0.00180217, 0.00346525, 0.00177639, 0.00137684, 0.0018573, 0.00188836, 0.00204486, 0.0041908, 0.00231733, 0.00230652, 0.00195888, 0.00287715, 0.00180712, 0.0023345, 0.00346486, 0.00140824, 0.0013958, 0.00171799, 0.00417883, 0.00428962, 0.00376311, 0.00161075, 0.00195177, 0.00218349, 0.00299293, 0.00406129, 0.00373805, 0.00224082, 0.00397531, 0.00244273, 0.00377231, 0.00307827, 0.00390996, 0.00410162, 0.00335253, 0.00417926, 0.00215477, 0.00145987, 0.00348305, 0.00400553, 0.00411493, 0.00207696, 0.00301374, 0.00374117, 0.00159806, 0.00420243, 0.00401618, 0.00173493, 0.00152319, 0.00208637, 0.00191813, 0.00234608, 0.00425213, 0.00184778, 0.00433021, 0.0015281, 0.00335086];
GivenLatency = [105.484, 93.0644, 119.345, 158.924, 230.11, 170.288, 173.534, 99.1199, 198.523, 204.04, 202.375, 110.626, 82.5787, 131.633, 139.3, 170.826, 124.935, 169.201, 195.669, 96.2447, 134.544, 121.485, 162.035, 82.1935, 161.951, 198.612, 129.481, 141.021, 115.851, 158.3, 243.66, 153.207, 106.497, 223.724, 244.792, 200.87, 101.243, 179.136, 208.559, 108.023, 145.04, 149.059, 136.292, 88.8799, 122.497, 110.158, 88.6884, 117.116, 385.642, 250.236, 134.94, 126.553, 104.58, 108.908, 93.7348, 121.598, 95.046, 214.939, 167.131, 157.543, 79.2594, 82.6345, 398.218, 86.551, 154.604, 283.691, 107.64, 220.529, 137.962, 200.353, 127.997, 271.416, 139.346, 196.459, 242.564, 203.973, 296.755, 278.785, 101.629, 165.55, 283.195, 234.407, 113.66, 192.813, 222.569, 106.78, 290.787, 224.3, 194.1, 87.1818, 90.8516, 88.196, 249.931, 167.313, 145.572, 129.392, 91.8742, 130.767, 146.834, 84.094, 185.689, 140.827, 153.726, 91.2237, 96.4182, 121.57, 85.3216, 208.621, 304.276, 141.088, 105.57, 84.5585, 251.828, 115.649, 169.803, 226.2, 126.121, 84.4249, 198.488, 229.899, 219.607, 309.487, 277.115, 95.8488, 343.717, 98.9805, 224.821, 108.323];
HighestPossibleCritFunctionValue = 1.1;
