NumDevices = 128;
NumSlotes = 1024;


GivenBandwidthOld = [0.00572328, 0.00624244, 0.00665344, 0.00814332, 0.00470205, 0.00492313, 0.00796503, 0.00822485, 0.00629365, 0.00481448, 0.00688852, 0.00917558, 0.00400754, 0.00724331, 0.00958285, 0.00517393, 0.00442385, 0.00406933, 0.0081928, 0.00507408, 0.0075371, 0.00972855, 0.00399321, 0.00393444, 0.00988903, 0.00738077, 0.00739658, 0.00430853, 0.0096476, 0.00589418, 0.00971444, 0.0043058, 0.00756364, 0.00581859, 0.0079858, 0.00735571, 0.00490282, 0.00418773, 0.00449763, 0.00672108, 0.0073965, 0.00919659, 0.00710613, 0.00390052, 0.00849179, 0.0053171, 0.00455973, 0.00667328, 0.00404635, 0.00954429, 0.00706343, 0.00513559, 0.00380984, 0.00942025, 0.00995104, 0.00586969, 0.00434061, 0.00507364, 0.00636305, 0.00880483, 0.00400711, 0.00628586, 0.00521741, 0.00406512, 0.00616767, 0.00623101, 0.00832262, 0.00580492, 0.00954062, 0.00793161, 0.00902985, 0.00468062, 0.00711293, 0.00581294, 0.00679177, 0.00798641, 0.00505767, 0.00684233, 0.00781042, 0.00964398, 0.00754382, 0.00390685, 0.008618, 0.00772199, 0.00473914, 0.00948264, 0.00840644, 0.00827884, 0.00741314, 0.00758888, 0.00504038, 0.0098792, 0.00477583, 0.00743424, 0.0060991, 0.00381423, 0.00824312, 0.00707514, 0.00821423, 0.0089753, 0.00657787, 0.00667852, 0.00471965, 0.00685673, 0.00607675, 0.00940217, 0.00607058, 0.00579978, 0.00437415, 0.00631416, 0.00577124, 0.00590239, 0.0040278, 0.00404676, 0.00395888, 0.00819926, 0.00743775, 0.00870139, 0.00927451, 0.00414216, 0.00728811, 0.00631796, 0.00719819, 0.00753662, 0.00789029, 0.00837183, 0.00791915, 0.00592706];
GivenLatency = [731.94, 570.866, 724.715, 416.664, 717.235, 739.922, 504.941, 597.342, 550.34, 1017.69, 584.955, 509.589, 880.242, 629.329, 482.255, 654.71, 780.65, 841.031, 512.79, 834.188, 611.211, 437.691, 925.724, 867.068, 365.137, 473.633, 665.641, 922.884, 459.673, 666.645, 456.453, 1031.16, 456.843, 588.856, 445.167, 480.286, 803.69, 913.249, 982.711, 498.263, 616.067, 384.208, 703.052, 1242.16, 394.48, 760.439, 1010, 559.189, 1039.98, 412.335, 509.913, 755.427, 905.279, 409.536, 365.878, 829.765, 1141.83, 679.612, 583.325, 407.761, 925.163, 583.964, 718.99, 968.867, 808.886, 641.469, 583.353, 632.549, 522.644, 628.33, 512.765, 778.609, 514.462, 808.703, 611.77, 610.843, 770.326, 587.221, 472.59, 409.136, 478.876, 898.433, 436.288, 557.165, 1028.24, 448.066, 450.856, 482.313, 593.689, 606.22, 730.328, 469.679, 808.918, 492.063, 690.494, 1090.2, 591.975, 555.765, 421.044, 452.309, 601.745, 663.28, 900.948, 517.786, 689.372, 444.588, 740.647, 619.731, 1095.14, 638.371, 640.406, 746.67, 873.578, 1139.95, 845.743, 563.252, 521.604, 394.214, 364.748, 847.869, 486.609, 551.241, 605.994, 448.336, 509.733, 525.589, 509.717, 747.374];
HighestPossibleCritFunctionValue = 1.1;
