NumDevices = 64;
NumSlotes = 512;


GivenBandwidthOld = [0.0110959, 0.0136431, 0.014547, 0.0166715, 0.0121899, 0.0102748, 0.0142195, 0.0121211, 0.01455, 0.017491, 0.0157173, 0.0152058, 0.00922663, 0.0169175, 0.00756177, 0.0155906, 0.0155038, 0.00810859, 0.0160363, 0.00780242, 0.0102497, 0.01104, 0.0150092, 0.0142857, 0.0153807, 0.0090785, 0.0174211, 0.0107242, 0.016389, 0.0151877, 0.014708, 0.0123419, 0.0158428, 0.015426, 0.00990553, 0.0172504, 0.0124802, 0.0100857, 0.0158131, 0.0153971, 0.0137905, 0.0116459, 0.0171296, 0.0121126, 0.01209, 0.0116946, 0.0169476, 0.014074, 0.0162939, 0.0170012, 0.014642, 0.0130612, 0.0151259, 0.0152417, 0.0126257, 0.0149307, 0.0153695, 0.00977812, 0.015855, 0.00943754, 0.0117366, 0.0123051, 0.0171991, 0.0102168];
GivenLatency = [107.745, 67.8988, 64.9041, 55.4122, 82.9813, 88.5571, 73.9247, 89.4855, 66.9204, 67.166, 58.3597, 69.8301, 106.356, 56.8162, 128.643, 61.435, 64.2944, 114.058, 72.3461, 140.012, 98.9915, 84.3276, 81.4179, 78.0203, 68.0887, 106.314, 52.2475, 101.378, 63.0145, 73.6876, 75.1123, 82.5674, 59.8918, 70.9228, 110.581, 63.5373, 85.7124, 95.5434, 67.5846, 72.9637, 76.2155, 85.8876, 62.5667, 87.9562, 85.8243, 85.8865, 60.86, 80.2258, 70.8734, 61.3175, 80.3757, 83.7779, 67.652, 72.6882, 76.0503, 67.9136, 73.8326, 119.257, 68.6744, 127.37, 96.3594, 83.3223, 57.5467, 93.6233];
HighestPossibleCritFunctionValue = 1.1;
