NumDevices = 16;
NumSlotes = 128;


GivenBandwidthOld = [0.0541887, 0.0689809, 0.0312491, 0.0734971, 0.0361037, 0.065426, 0.0352447, 0.0777693, 0.0385259, 0.0743358, 0.0321132, 0.0470408, 0.0350865, 0.0694455, 0.0411376, 0.069366];
GivenLatency = [29.6186, 20.4321, 45.2603, 18.1603, 51.2036, 28.3351, 38.9798, 18.8154, 49.9638, 21.6074, 56.4004, 28.7382, 43.7989, 20.2003, 40.8163, 23.0267];
HighestPossibleCritFunctionValue = 1.1;
