NumDevices = 128;
NumSlotes = 1024;


GivenBandwidthOld = [0.00357769, 0.00397435, 0.00193998, 0.00404939, 0.00378835, 0.00394967, 0.00273528, 0.00177576, 0.00338266, 0.00425062, 0.00147696, 0.00329922, 0.00179634, 0.00229336, 0.00260676, 0.00423165, 0.00130897, 0.00172028, 0.00211135, 0.00291196, 0.00262477, 0.0038921, 0.00384809, 0.0018071, 0.00185925, 0.00333268, 0.00165005, 0.00299154, 0.00255249, 0.00163224, 0.0037553, 0.00157818, 0.00133651, 0.00210067, 0.00151984, 0.00205874, 0.00306565, 0.00434664, 0.00265803, 0.00355607, 0.00314639, 0.00192495, 0.00141287, 0.00429009, 0.00226582, 0.00220458, 0.00419763, 0.00139863, 0.00235044, 0.00260803, 0.00381254, 0.00426094, 0.00301601, 0.00133989, 0.00263374, 0.0014971, 0.00424439, 0.00298358, 0.00316249, 0.00387481, 0.00385934, 0.00326637, 0.00285084, 0.00343635, 0.00353645, 0.00146408, 0.00235026, 0.00269278, 0.00318952, 0.00180347, 0.00338914, 0.00374693, 0.00145082, 0.00142787, 0.00325931, 0.00305353, 0.0037734, 0.00269903, 0.0019519, 0.0012656, 0.00413235, 0.00434595, 0.00362509, 0.00384646, 0.0025186, 0.00384055, 0.00311182, 0.00228312, 0.00231936, 0.0021578, 0.00238899, 0.00357217, 0.00181405, 0.00314215, 0.00265351, 0.00254887, 0.00320061, 0.00388499, 0.00315136, 0.0043249, 0.00294144, 0.00426237, 0.00208053, 0.00373087, 0.00350342, 0.00267274, 0.00382099, 0.0024397, 0.00282343, 0.00210623, 0.001323, 0.00323281, 0.00128871, 0.00177219, 0.00265767, 0.00378953, 0.00181069, 0.00297225, 0.00331568, 0.00343643, 0.00170708, 0.00213385, 0.00295008, 0.00266384, 0.00426577, 0.00293752, 0.00397834, 0.00330435];
GivenLatency = [98.0913, 113.648, 195.394, 93.9741, 142.65, 82.533, 172.781, 188.58, 182.211, 82.0418, 363.44, 105.931, 203.263, 170.961, 148.449, 126.876, 484.804, 277.42, 254.139, 203.418, 137.342, 141.346, 96.6846, 186.988, 327.923, 151.288, 248.609, 181.403, 158.191, 212.736, 115.191, 249.001, 294.785, 294.718, 235.618, 220.569, 120.993, 79.924, 125.999, 88.1261, 109.503, 320.081, 297.51, 89.0741, 221.727, 164.06, 87.0998, 321.596, 193.407, 149.233, 89.3185, 79.7153, 105.688, 287.515, 168.083, 298.447, 132.053, 115.139, 119.46, 134.834, 169.004, 108.261, 171.447, 101.428, 122.491, 342.839, 171.464, 128.462, 178.884, 192.202, 100.004, 93.7489, 263.089, 282.046, 107.377, 210.862, 151.243, 192.685, 278.871, 321.659, 114.553, 105.879, 172.893, 103.452, 156.834, 111.615, 118.217, 187.851, 172.282, 279.325, 142.809, 90.5322, 255.777, 115.792, 121.078, 129.057, 178.237, 111.051, 101.579, 87.0914, 121.529, 85.6718, 153.461, 141.623, 122.341, 165.281, 136.748, 135.475, 135.849, 267.465, 407.109, 107.273, 362.239, 323.003, 151.389, 118.553, 195.198, 145.521, 135.257, 176.269, 261.214, 151.372, 111.636, 146.082, 133.78, 196.181, 115.969, 124.726];
HighestPossibleCritFunctionValue = 1.1;
