NumDevices = 32;
NumSlotes = 256;


GivenBandwidthOld = [0.0369526, 0.02231, 0.0237495, 0.0170635, 0.0215029, 0.0346124, 0.0152816, 0.0226423, 0.0337178, 0.0296763, 0.0304297, 0.0174692, 0.0390808, 0.0155346, 0.0249544, 0.0193025, 0.027232, 0.0237179, 0.0364464, 0.0153313, 0.0327249, 0.0169811, 0.0365007, 0.0269536, 0.0193834, 0.036065, 0.030186, 0.0209387, 0.0269961, 0.0341257, 0.0364134, 0.0356749];
GivenLatency = [57.9513, 108.423, 75.2744, 110.517, 79.5709, 60.4878, 132.084, 93.8921, 57.4568, 83.9172, 75.7318, 109.406, 62.7353, 123.968, 81.7423, 128.987, 89.8978, 80.0312, 53.4326, 117.667, 54.5342, 127.534, 58.2681, 62.9773, 121.376, 49.7217, 60.3313, 88.3297, 79.2945, 51.2069, 55.6594, 47.9068];
HighestPossibleCritFunctionValue = 1.1;
