NumDevices = 128;
NumSlotes = 1024;


GivenBandwidthOld = [0.00261218, 0.0016691, 0.00127313, 0.00246957, 0.00169327, 0.00131992, 0.00134518, 0.00402004, 0.0041881, 0.00376382, 0.00421047, 0.00155846, 0.00437045, 0.002944, 0.003533, 0.00280684, 0.00145885, 0.0019389, 0.00153568, 0.00271683, 0.00423349, 0.00405687, 0.00128267, 0.00342721, 0.0029869, 0.00265527, 0.00397763, 0.00394381, 0.0041738, 0.00399656, 0.00331253, 0.00370612, 0.00311302, 0.0036742, 0.00420898, 0.00162067, 0.00295365, 0.00318796, 0.00372732, 0.00327094, 0.00151301, 0.00298088, 0.00160557, 0.00226108, 0.00381535, 0.00147782, 0.00206877, 0.00290396, 0.00243714, 0.00350377, 0.00221347, 0.00363043, 0.00294259, 0.00180604, 0.00283519, 0.00297497, 0.00216934, 0.00266772, 0.00380787, 0.00380638, 0.00385166, 0.00235939, 0.00298184, 0.00197026, 0.0034502, 0.00188013, 0.00431313, 0.00196306, 0.00127883, 0.00146231, 0.00393502, 0.00335821, 0.0027474, 0.00243545, 0.00329817, 0.00293234, 0.00125842, 0.00212989, 0.00205302, 0.00390435, 0.00348478, 0.00177011, 0.00210163, 0.0021316, 0.00260641, 0.00152094, 0.0018183, 0.00259805, 0.00169876, 0.00293629, 0.00201673, 0.00334603, 0.00424341, 0.00218988, 0.0041473, 0.00245704, 0.00358039, 0.00252798, 0.00209132, 0.00375614, 0.00321145, 0.00176228, 0.00183302, 0.00316885, 0.00143932, 0.00182153, 0.00376384, 0.00137844, 0.00371835, 0.00248344, 0.00347503, 0.00359155, 0.00253213, 0.00316965, 0.00231529, 0.00244707, 0.0017362, 0.00414407, 0.00433412, 0.00170105, 0.00386256, 0.00428979, 0.00352594, 0.00303536, 0.0014956, 0.00397405, 0.00306895, 0.00351406];
GivenLatency = [147.868, 192.547, 338.974, 222.184, 318.646, 410.957, 243.11, 155.24, 127.628, 91.831, 77.2958, 405.045, 75.4249, 161.676, 88.886, 137.334, 276.579, 333.154, 380.787, 146.857, 85.9229, 122.747, 302.865, 182.24, 171.656, 144.512, 118.286, 99.5599, 95.3913, 94.3696, 178.164, 91.313, 153.67, 130.227, 83.3773, 195.706, 174.09, 141.683, 108.431, 113.498, 312.443, 191.02, 378.412, 170.277, 87.166, 382.687, 267.484, 143.371, 204.497, 106.834, 157.262, 122.341, 112.006, 278.636, 132.208, 184.325, 212.344, 181.742, 90.6381, 99.3794, 116.43, 267.862, 164.761, 193.131, 108.395, 168.049, 134.766, 180.497, 509.654, 417.972, 100.985, 93.1424, 211.479, 267.125, 163.955, 198.09, 337.423, 151.372, 221.059, 155.393, 93.0234, 183.55, 165.958, 168.498, 200.188, 362.859, 183.726, 214.858, 261.013, 201.244, 176.192, 179.151, 86.569, 258.128, 91.4764, 180.523, 140.93, 223.876, 229.479, 117.167, 134.677, 326.21, 354.372, 106.05, 219.661, 275.684, 98.0033, 242.452, 91.524, 224.663, 135.775, 94.2127, 169.061, 163.359, 173.323, 171.815, 191.559, 92.9722, 102.022, 242.451, 85.8348, 112.305, 134.109, 153.578, 351.525, 110.615, 129.344, 137.624];
HighestPossibleCritFunctionValue = 1.1;
