NumDevices = 16;
NumSlotes = 128;


GivenBandwidthOld = [0.0301662, 0.0739587, 0.0430257, 0.0530061, 0.0436132, 0.0777471, 0.0658569, 0.076324, 0.0479257, 0.057844, 0.054266, 0.0679742, 0.0629428, 0.0502564, 0.0797249, 0.0568064];
GivenLatency = [49.244, 18.2087, 31.3645, 28.1077, 42.6359, 17.1949, 26.0532, 23.9932, 35.0563, 30.2143, 33.89, 25.0093, 29.0415, 28.9214, 16.8564, 29.655];
HighestPossibleCritFunctionValue = 1.1;
