NumDevices = 32;
NumSlotes = 256;


GivenBandwidthOld = [0.0225672, 0.0215447, 0.0372376, 0.0372495, 0.0371911, 0.0310839, 0.037481, 0.027665, 0.0255134, 0.0391644, 0.0212076, 0.0219308, 0.0260876, 0.0390714, 0.0337579, 0.029713, 0.0218291, 0.0165869, 0.0353331, 0.0288698, 0.024636, 0.0165463, 0.0282739, 0.0336131, 0.0208626, 0.0235305, 0.0378965, 0.0368537, 0.0354847, 0.0271783, 0.0203363, 0.027502];
GivenLatency = [78.156, 97.1905, 55.7069, 50.1134, 45.1013, 68.4378, 46.6572, 84.1479, 86.1038, 55.0694, 92.854, 95.903, 87.0011, 49.8462, 52.221, 70.99, 83.8336, 121.009, 50.5706, 68.952, 88.9541, 124.68, 71.5165, 63.2208, 81.0878, 79.2307, 45.5931, 55.664, 63.2912, 73.1201, 100.134, 77.2209];
HighestPossibleCritFunctionValue = 1.1;
