NumDevices = 8;
NumSlotes = 64;


GivenBandwidthOld = [0.0450956, 0.0515601, 0.050634, 0.035305, 0.0519594, 0.0611708, 0.0271873, 0.0665307];
GivenLatency = [8.59342, 5.80986, 8.28193, 16.5562, 10.0984, 6.76311, 13.423, 6.80104];
HighestPossibleCritFunctionValue = 1.1;
