NumDevices = 64;
NumSlotes = 512;


GivenBandwidthOld = [0.00821617, 0.00533438, 0.00873654, 0.0075623, 0.00337988, 0.00309724, 0.00278263, 0.00266234, 0.0058882, 0.00427808, 0.00549849, 0.00437703, 0.00599679, 0.00431842, 0.00851672, 0.00674101, 0.00615705, 0.00407166, 0.0049406, 0.00291155, 0.00688543, 0.00836318, 0.00754286, 0.00777013, 0.00874489, 0.00419448, 0.00655114, 0.00868185, 0.0070977, 0.00730734, 0.00573531, 0.00333747, 0.00283981, 0.00745575, 0.00632325, 0.00359502, 0.00643873, 0.00697663, 0.00369649, 0.00567908, 0.00828597, 0.00349995, 0.00857886, 0.00739695, 0.00552039, 0.00375542, 0.00864446, 0.00366065, 0.00323981, 0.00515942, 0.00560092, 0.00720023, 0.00545599, 0.00250126, 0.00487166, 0.00671631, 0.00347594, 0.00512635, 0.00598094, 0.00669658, 0.00312815, 0.00361917, 0.00615326, 0.00291207];
GivenLatency = [70.1599, 73.8882, 35.4901, 59.1042, 191.843, 172.993, 135.019, 216.365, 58.732, 80.0229, 74.4433, 74.7889, 101.633, 131.42, 69.0657, 62.9285, 52.9142, 104.432, 78.9445, 133.752, 86.1129, 38.4265, 54.8882, 57.3424, 38.5688, 129.147, 64.0137, 39.0344, 45.937, 82.938, 66.953, 170.75, 161.797, 45.8115, 49.3762, 158.311, 97.6754, 45.1478, 111.043, 67.5709, 59.9875, 89.8447, 62.6068, 75.4455, 80.7082, 101.215, 44.0594, 116.553, 120.225, 60.4729, 64.2582, 57.7588, 79.4365, 254.233, 63.4485, 58.0659, 117.945, 62.9251, 78.8177, 78.0599, 108.512, 115.591, 78.833, 109.4];
HighestPossibleCritFunctionValue = 1.1;
