NumDevices = 32;
NumSlotes = 256;


GivenBandwidthOld = [0.0309014, 0.0201864, 0.0323884, 0.0366297, 0.0196937, 0.0276939, 0.0364914, 0.0215423, 0.0209091, 0.0289401, 0.0310563, 0.0237985, 0.0168495, 0.0253637, 0.0231847, 0.0252257, 0.0276598, 0.0375225, 0.0262545, 0.0200209, 0.0258289, 0.0156333, 0.0333095, 0.0170184, 0.0385594, 0.0272503, 0.0311944, 0.0194137, 0.0205257, 0.0351203, 0.0266291, 0.0157938];
GivenLatency = [61.7086, 108.198, 65.6527, 63.5931, 87.0283, 85.3889, 54.8778, 89.8745, 106.193, 59.7473, 61.6229, 86.8349, 118.112, 69.6556, 89.0345, 67.7206, 80.1137, 59.8088, 67.6648, 100.931, 76.7484, 148.798, 61.8841, 119.506, 62.0396, 69.5072, 55.4787, 99.9756, 116.418, 54.6365, 75.3525, 110.481];
HighestPossibleCritFunctionValue = 1.1;
