NumDevices = 128;
NumSlotes = 1024;


GivenBandwidthOld = [0.00823456, 0.00704579, 0.00859969, 0.00623299, 0.00407334, 0.00692474, 0.00528223, 0.00594959, 0.00977636, 0.00748169, 0.00976715, 0.00900579, 0.00653678, 0.00998946, 0.00780899, 0.00451988, 0.00563164, 0.00973416, 0.00447338, 0.00541324, 0.00783372, 0.00760102, 0.00905215, 0.00457085, 0.00594322, 0.00898594, 0.00412915, 0.00730855, 0.00613305, 0.00563722, 0.00971246, 0.00859152, 0.00641665, 0.00961426, 0.00805749, 0.00605665, 0.00913046, 0.00808501, 0.00601862, 0.00744995, 0.00755725, 0.00462682, 0.00921106, 0.00651168, 0.006878, 0.00731827, 0.00696986, 0.00749688, 0.008762, 0.00926039, 0.00445939, 0.00776787, 0.00713818, 0.00512674, 0.00507629, 0.0072416, 0.00584471, 0.00959853, 0.00626594, 0.00798429, 0.00687579, 0.00765285, 0.00522053, 0.00644564, 0.0093146, 0.00917153, 0.00464181, 0.00494065, 0.00880686, 0.00681512, 0.00677852, 0.00414801, 0.00559421, 0.00560471, 0.00717215, 0.007379, 0.00889332, 0.0099599, 0.00475687, 0.00752046, 0.00515694, 0.00650961, 0.00951632, 0.00578899, 0.00431774, 0.00833236, 0.00703927, 0.0051978, 0.00575898, 0.00625886, 0.00771923, 0.00827472, 0.0069661, 0.00669657, 0.00794406, 0.00577155, 0.00492707, 0.00556435, 0.00994872, 0.00444842, 0.0045885, 0.00896836, 0.00875855, 0.00738625, 0.00569608, 0.00524899, 0.00983686, 0.00560485, 0.00951869, 0.00819633, 0.00825904, 0.0059857, 0.00419383, 0.0069585, 0.004059, 0.00962334, 0.0045612, 0.00633652, 0.00657813, 0.00484612, 0.00747416, 0.00828084, 0.00989371, 0.00486933, 0.00383331, 0.0038834, 0.00831359, 0.00392043];
GivenLatency = [526.118, 649.855, 451.438, 732.648, 1062.83, 491.346, 658.735, 637.774, 481.917, 637.386, 460.722, 461.857, 645.784, 442.079, 570.88, 800.536, 667.844, 356.514, 1056.21, 727.271, 425.673, 462.908, 425.783, 911.59, 800.635, 539.549, 1019.04, 472.578, 672.232, 655.299, 447.496, 420.259, 694.091, 363.907, 418.182, 575.805, 392.876, 483.676, 584.849, 575.847, 457.542, 828.818, 405.004, 559.403, 601.373, 556.884, 502.854, 459.508, 477.576, 406.83, 869.312, 436.588, 613.202, 890.503, 965.265, 617.255, 748.812, 513.512, 647.763, 541.003, 598.98, 447.025, 728.087, 679.039, 376.403, 489.724, 894.765, 871.447, 383.456, 598.016, 564.699, 992.881, 651.35, 850.828, 499.237, 665.91, 556.841, 372.739, 998.284, 481.04, 808.132, 541.892, 413.444, 722.479, 817.136, 505.694, 619.774, 676.21, 650.682, 687.064, 454.349, 569.007, 484.954, 538.413, 466.518, 770.953, 676.878, 748.683, 344.374, 1079.19, 909.531, 389.16, 399.486, 462.057, 600.846, 658.396, 398.092, 850.35, 384.63, 597.554, 442.645, 741.545, 800.337, 623.522, 911.625, 371.82, 1034.91, 554.869, 646.613, 886.085, 448.617, 444.41, 478.759, 837.484, 880.318, 1038.46, 514.435, 1218.68];
HighestPossibleCritFunctionValue = 1.1;
