NumDevices = 128;
NumSlotes = 1024;


GivenBandwidthOld = [0.00452448, 0.00537819, 0.00872137, 0.00764414, 0.00759139, 0.00602979, 0.00520735, 0.00736956, 0.00768518, 0.00734332, 0.00675149, 0.00478592, 0.00447971, 0.00797167, 0.00737136, 0.00798833, 0.00745137, 0.00766666, 0.00599122, 0.00692926, 0.00761399, 0.00583222, 0.00465152, 0.00558402, 0.00813124, 0.00419011, 0.00576276, 0.00726656, 0.00662414, 0.0043601, 0.0076536, 0.00656593, 0.00602825, 0.00432339, 0.00573128, 0.00809322, 0.00522827, 0.00398638, 0.00654296, 0.00499662, 0.00566519, 0.00735075, 0.00654091, 0.00561804, 0.00488472, 0.00507616, 0.00745242, 0.00528495, 0.00662531, 0.0040723, 0.00556522, 0.00713489, 0.00852903, 0.00483659, 0.00604429, 0.00389763, 0.005002, 0.00605079, 0.00819304, 0.00784417, 0.00448735, 0.00645835, 0.00796998, 0.00390361, 0.00546468, 0.00731834, 0.00679705, 0.00545035, 0.00650052, 0.0068213, 0.00812811, 0.00671548, 0.00462393, 0.00692204, 0.00628711, 0.00494833, 0.00415315, 0.0044709, 0.00493136, 0.00381672, 0.00506793, 0.00418896, 0.00636601, 0.0059855, 0.00572769, 0.00775289, 0.00532391, 0.00640292, 0.00635709, 0.00619208, 0.0077085, 0.00424031, 0.00443195, 0.00524109, 0.00449363, 0.00699647, 0.00715082, 0.00633709, 0.00497466, 0.00654881, 0.00828713, 0.00427732, 0.00647561, 0.00809622, 0.0057483, 0.00422031, 0.00823629, 0.00475645, 0.00412325, 0.00688921, 0.00447826, 0.00864622, 0.00451052, 0.00586221, 0.00863033, 0.00750537, 0.00518583, 0.00567582, 0.0060329, 0.00750138, 0.00827393, 0.00743689, 0.00432856, 0.00755925, 0.00580315, 0.00602022, 0.00426522, 0.00811347];
GivenLatency = [252.787, 194.793, 128.001, 161.478, 156.892, 182.464, 186.965, 175.24, 128.147, 159.553, 189.17, 206.032, 221.375, 139.726, 145.324, 154.93, 148.862, 158.06, 159.407, 173.728, 147.713, 215.69, 259.514, 173.849, 127.698, 300.131, 212.283, 162.66, 176.277, 218.881, 146.992, 173.202, 194.582, 261.007, 170.664, 137.13, 191.34, 306.869, 197.617, 202.112, 188.548, 155.262, 158.587, 172.189, 197.638, 203.999, 158.608, 191.363, 165.99, 303.924, 220.863, 164.516, 150.459, 202.463, 162.76, 244.66, 200.79, 170.209, 116.487, 165.462, 271.165, 169.615, 141.164, 251.659, 199.799, 135.865, 157.402, 185.135, 172.815, 148.011, 135.295, 186.403, 263.872, 163.619, 194.377, 245.704, 257.289, 249.848, 241.458, 272.601, 212.271, 238.689, 188.386, 200.449, 195.582, 141.784, 189.327, 159.674, 157.375, 158.759, 131.789, 240.54, 219.798, 193.954, 227.298, 152.121, 142.944, 200.745, 192.867, 158.371, 148.579, 263.768, 199.777, 142.064, 207.989, 270.408, 130.07, 250.846, 282.834, 152.494, 239.664, 127.316, 276.186, 166.713, 126.053, 137.337, 241.191, 168.059, 182.173, 168.798, 130.296, 158.348, 281.263, 168.442, 202.348, 197.108, 288.808, 159.406];
HighestPossibleCritFunctionValue = 1.1;
