NumDevices = 16;
NumSlotes = 128;


GivenBandwidthOld = [0.0424632, 0.0488941, 0.0329471, 0.0627721, 0.0309932, 0.0732555, 0.0749506, 0.0653167, 0.0476836, 0.0389534, 0.0593224, 0.0512114, 0.079674, 0.0507237, 0.0326009, 0.0437073];
GivenLatency = [36.5922, 37.3099, 43.8812, 31.088, 60.405, 21.0922, 18.0991, 25.5614, 37.9433, 42.1391, 30.6924, 32.8935, 22.6157, 26.9999, 53.2573, 35.8792];
HighestPossibleCritFunctionValue = 1.1;
