NumDevices = 32;
NumSlotes = 256;


GivenBandwidthOld = [0.0214539, 0.0350594, 0.0279584, 0.0322184, 0.0300814, 0.0378034, 0.0211347, 0.0216444, 0.0376866, 0.0332254, 0.0288829, 0.020302, 0.0257905, 0.0214542, 0.0158127, 0.0246749, 0.0215809, 0.0202596, 0.0383188, 0.0335066, 0.0303179, 0.0381116, 0.0259957, 0.0199981, 0.0172667, 0.036751, 0.0348543, 0.0306355, 0.0256594, 0.0174355, 0.0239506, 0.0224479];
GivenLatency = [112.183, 67.6315, 85.1791, 51.8783, 80.7615, 51.3485, 98.2685, 108.206, 46.5025, 51.6524, 67.6615, 85.8885, 84.9584, 92.8197, 124.538, 72.5362, 93.4501, 88.5996, 56.4163, 56.1459, 63.695, 49.7578, 91.9451, 102.064, 107.387, 50.1983, 59.4132, 56.9194, 96.8273, 125.098, 73.9745, 74.4876];
HighestPossibleCritFunctionValue = 1.1;
