NumDevices = 64;
NumSlotes = 512;


GivenBandwidthOld = [0.0165815, 0.0107918, 0.0129952, 0.0161458, 0.00820657, 0.0127979, 0.00898893, 0.011967, 0.0150793, 0.0130015, 0.0114619, 0.014345, 0.0111523, 0.0120082, 0.0162633, 0.0125077, 0.0117023, 0.0152563, 0.0171879, 0.0121881, 0.010724, 0.013839, 0.00754557, 0.0133819, 0.0149559, 0.00962154, 0.0141439, 0.0118287, 0.00954835, 0.0141253, 0.00844637, 0.0131662, 0.00915474, 0.00866141, 0.0173608, 0.00825967, 0.0151956, 0.00819768, 0.0134716, 0.0124603, 0.0155361, 0.0110137, 0.0127161, 0.0142722, 0.00824252, 0.0170296, 0.0113074, 0.00862498, 0.0150544, 0.014459, 0.00785864, 0.015122, 0.0100722, 0.00930222, 0.0174173, 0.0169995, 0.0149412, 0.0124167, 0.0131523, 0.0163371, 0.0122704, 0.013577, 0.0129327, 0.0153322];
GivenLatency = [62.1732, 84.7354, 71.5307, 76.1351, 112.465, 87.9727, 111.981, 79.7253, 73.1043, 80.6887, 81.0188, 70.3809, 102.581, 77.6277, 65.2049, 91.6017, 106.137, 78.7102, 62.7896, 96.3874, 93.21, 69.728, 136.763, 71.2316, 73.9995, 100.18, 74.7123, 93.7906, 119.482, 72.9044, 114.084, 87.6211, 107.305, 121.688, 54.9179, 116.891, 65.9886, 124.378, 67.5306, 82.8145, 79.4174, 82.7272, 76.785, 73.7864, 151.321, 67.0142, 83.0669, 109.918, 81.7221, 72.9858, 125.687, 64.8581, 110.247, 101.462, 60.7279, 56.4681, 72.0257, 93.5317, 72.7955, 63.0118, 99.5172, 87.4253, 71.6391, 63.0183];
HighestPossibleCritFunctionValue = 1.1;
