NumDevices = 64;
NumSlotes = 512;


GivenBandwidthOld = [0.0130321, 0.0157536, 0.0149251, 0.011896, 0.0113592, 0.00924986, 0.0174519, 0.00951331, 0.0151591, 0.0145298, 0.0173574, 0.0100215, 0.0156835, 0.0174257, 0.00941794, 0.0122719, 0.00892211, 0.00885198, 0.0102757, 0.0095134, 0.0166898, 0.0106904, 0.00864627, 0.0128143, 0.0142998, 0.0114634, 0.010404, 0.0146332, 0.0157132, 0.0160886, 0.0156121, 0.0169674, 0.0168922, 0.0123038, 0.0146728, 0.0115781, 0.00769632, 0.0170747, 0.00883695, 0.00763804, 0.00762004, 0.0150957, 0.00766387, 0.0117371, 0.0102127, 0.0090341, 0.0111662, 0.0150487, 0.00885053, 0.0159311, 0.00938498, 0.00833065, 0.00817655, 0.00820525, 0.0105589, 0.00778703, 0.0116638, 0.00779695, 0.00825805, 0.00798594, 0.0147158, 0.0131161, 0.0173062, 0.00966485];
GivenLatency = [81.5983, 63.5854, 64.0967, 100.167, 106.919, 118.908, 67.0805, 109.732, 79.0793, 80.3196, 60.9318, 96.946, 61.7558, 71.1281, 127.479, 81.9497, 126.656, 107.916, 93.0663, 123.401, 56.626, 102.156, 113.189, 87.1465, 82.8141, 94.601, 88.8546, 67.6615, 68.0884, 70.6894, 64.9937, 56.6016, 61.4164, 75.3639, 73.2366, 78.975, 132.63, 65.7361, 128.027, 137.434, 132.84, 62.3574, 129.287, 92.2469, 90.4089, 112.144, 101.975, 82.4094, 110.068, 58.4969, 120.574, 138.8, 147.242, 144.767, 118.176, 127.15, 89.2708, 151.706, 125.086, 122.009, 78.7307, 84.6675, 56.7009, 103.011];
HighestPossibleCritFunctionValue = 1.1;
