NumDevices = 32;
NumSlotes = 256;


GivenBandwidthOld = [0.020052, 0.023444, 0.0329665, 0.0178694, 0.0203713, 0.0298306, 0.0324788, 0.0214252, 0.0237316, 0.0263881, 0.0155313, 0.024221, 0.0321441, 0.0153874, 0.0260524, 0.0330847, 0.0244152, 0.0167221, 0.0184048, 0.0187636, 0.0295153, 0.0340491, 0.0324196, 0.0265246, 0.0296423, 0.0288622, 0.016921, 0.0205736, 0.0300433, 0.0285028, 0.0170606, 0.0271005];
GivenLatency = [46.3025, 46.3391, 33.532, 47.0317, 45.9237, 32.4482, 35.2626, 47.1606, 41.9014, 42.0933, 63.0959, 48.055, 30.8721, 75.987, 40.0809, 33.4182, 44.7907, 49.8551, 46.3851, 47.4727, 38.1032, 28.6636, 31.7173, 41.3707, 36.6911, 30.6739, 57.9144, 44.7096, 28.6654, 39.4938, 57.3929, 39.5722];
HighestPossibleCritFunctionValue = 1.1;
