NumDevices = 128;
NumSlotes = 1024;


GivenBandwidthOld = [0.00913704, 0.00619342, 0.00787667, 0.0044024, 0.00615857, 0.00953013, 0.00661261, 0.00932566, 0.00766275, 0.00907148, 0.00429595, 0.00461385, 0.00997246, 0.00966686, 0.0047509, 0.00719536, 0.00990929, 0.00425266, 0.00815615, 0.00790789, 0.00423359, 0.00640977, 0.00657053, 0.00847024, 0.00563802, 0.00450594, 0.00891179, 0.00795417, 0.00705099, 0.00843204, 0.0073101, 0.00704479, 0.00423465, 0.00545332, 0.00641454, 0.00550545, 0.00766233, 0.00829897, 0.00833288, 0.00940331, 0.00644221, 0.00803433, 0.00416, 0.00714929, 0.00433466, 0.0050789, 0.00740428, 0.00878754, 0.00716564, 0.00409177, 0.00419791, 0.00676339, 0.0060258, 0.00930298, 0.00767553, 0.00513345, 0.00534679, 0.00973573, 0.00598995, 0.00691536, 0.00394838, 0.00672955, 0.00605903, 0.00530854, 0.00435145, 0.00602606, 0.00752736, 0.00865112, 0.00816868, 0.00599377, 0.00859516, 0.00507527, 0.00886648, 0.00889992, 0.00848037, 0.00707947, 0.00584313, 0.00793771, 0.00535797, 0.00386903, 0.00425201, 0.00982984, 0.00629133, 0.00969633, 0.00619916, 0.00424143, 0.00699081, 0.00948236, 0.00995729, 0.00470239, 0.00433756, 0.00383342, 0.00577185, 0.00380975, 0.00801214, 0.00633662, 0.00830462, 0.00958218, 0.00650824, 0.00524995, 0.00709629, 0.00726583, 0.00687564, 0.00518994, 0.00485071, 0.00967328, 0.00623464, 0.00690171, 0.00580437, 0.00654396, 0.00557336, 0.00523181, 0.008516, 0.00594111, 0.00475827, 0.00600383, 0.00879505, 0.00833659, 0.0093031, 0.00969341, 0.00718579, 0.00526152, 0.00782256, 0.00753274, 0.00518607, 0.00852059, 0.00801808, 0.00615046];
GivenLatency = [512.525, 596.364, 445.813, 939.485, 543.524, 485.829, 726.672, 397.039, 468.533, 384.837, 1026.89, 939.987, 337.924, 433.128, 709.484, 637.513, 418.405, 808.632, 586.152, 481.172, 1090.01, 546.052, 748.12, 473.781, 597.043, 860.473, 400.909, 538.912, 640.254, 458.116, 588.186, 511.143, 922.156, 695.061, 734.868, 715.933, 474.452, 510.054, 503.023, 408.336, 618.404, 521.829, 853.57, 606.499, 1031.68, 943.475, 570.204, 438.807, 619.727, 1051.43, 847.5, 525.176, 679.137, 447.963, 465.338, 686.997, 629.484, 365.651, 743.319, 522.002, 851.082, 512.487, 593.824, 880.919, 1096.93, 591.684, 533.304, 552.067, 483.414, 609.948, 483.161, 971.487, 470.208, 472.978, 434.964, 683.792, 598.316, 516.886, 664.305, 993.082, 960.11, 423.84, 610.764, 408.645, 595.661, 992.452, 670.193, 405.24, 430.972, 1004.91, 808.013, 1185.84, 744.204, 1014.59, 582.81, 576.81, 534.464, 473.446, 696.9, 684.999, 602.878, 612.194, 542.86, 731.735, 938.058, 427.547, 784.2, 535.479, 585.105, 705.358, 689.373, 638.633, 539.097, 562.108, 971.001, 656.161, 567.649, 475.838, 440.535, 448.787, 606.63, 634.183, 584.777, 657.794, 822.079, 392.543, 456.361, 626.274];
HighestPossibleCritFunctionValue = 1.1;
