NumDevices = 16;
NumSlotes = 128;


GivenBandwidthOld = [0.0412896, 0.0743523, 0.0599294, 0.0530985, 0.0472309, 0.079571, 0.0695093, 0.0621347, 0.0685231, 0.0382455, 0.0616097, 0.0441818, 0.0340081, 0.04458, 0.0764038, 0.0384462];
GivenLatency = [45.8616, 20.5893, 32.6773, 33.0624, 39.1952, 20.6779, 26.9875, 30.5878, 22.247, 46.7042, 22.3943, 37.4111, 39.5078, 40.1486, 24.0011, 35.394];
HighestPossibleCritFunctionValue = 1.1;
