NumDevices = 16;
NumSlotes = 128;


GivenBandwidthOld = [0.0478544, 0.0586169, 0.0439497, 0.0322793, 0.0389458, 0.0325966, 0.0716151, 0.0549562, 0.06899, 0.0355777, 0.0737184, 0.0552324, 0.0603099, 0.0490376, 0.0449125, 0.0636652];
GivenLatency = [37.4389, 25.867, 37.0001, 60.9069, 37.5233, 56.6298, 23.5588, 26.5125, 22.9169, 46.9749, 26.9252, 36.0034, 26.8939, 33.3257, 31.3301, 27.6119];
HighestPossibleCritFunctionValue = 1.1;
