NumDevices = 64;
NumSlotes = 512;


GivenBandwidthOld = [0.00815108, 0.00522039, 0.00533059, 0.0074104, 0.00654921, 0.00765845, 0.00675918, 0.00528034, 0.00665255, 0.00689973, 0.00506713, 0.00449798, 0.00761192, 0.00598868, 0.00546106, 0.00654724, 0.0056384, 0.00590545, 0.00663809, 0.00759205, 0.00338411, 0.00546056, 0.00445237, 0.0034718, 0.00423066, 0.00843492, 0.00702516, 0.00690169, 0.00663853, 0.00869801, 0.00367907, 0.00668036, 0.0055948, 0.00431844, 0.00260139, 0.00662568, 0.00522964, 0.00459793, 0.00614959, 0.00365375, 0.00613083, 0.00706564, 0.00595541, 0.00257509, 0.00825248, 0.00323709, 0.00320675, 0.00582173, 0.00575087, 0.00861186, 0.00576085, 0.00753116, 0.00490158, 0.00329693, 0.00281723, 0.00296313, 0.00505242, 0.00726723, 0.00665815, 0.00722093, 0.00343461, 0.00420957, 0.00400136, 0.00455974];
GivenLatency = [39.9977, 105.73, 69.2995, 43.0525, 69.2767, 69.1992, 95.1006, 109.382, 83.6834, 54.8873, 76.1035, 109.939, 51.3649, 54.9748, 93.4274, 47.4329, 63.185, 79.6156, 64.5884, 40.8081, 126.167, 95.0654, 75.5027, 137.899, 139.293, 52.0383, 63.5489, 47.7351, 58.9633, 61.5152, 148.934, 50.5308, 73.28, 73.2387, 140.854, 75.5477, 63.6833, 108.616, 86.0847, 146.135, 52.4291, 73.611, 81.3291, 137.68, 55.874, 99.6132, 115.548, 71.641, 94.297, 39.9422, 70.0411, 43.8281, 64.9735, 157.422, 145.918, 144.943, 98.3781, 71.2261, 51.2494, 71.2094, 100.58, 81.0243, 84.413, 68.8867];
HighestPossibleCritFunctionValue = 1.1;
