NumDevices = 16;
NumSlotes = 128;


GivenBandwidthOld = [0.0541486, 0.0457617, 0.0362126, 0.0448254, 0.0498783, 0.0739625, 0.0583602, 0.0304615, 0.0368429, 0.0390484, 0.0567548, 0.0476115, 0.0763819, 0.0705004, 0.0706619, 0.0342695];
GivenLatency = [34.1092, 40.4185, 37.208, 33.1028, 30.2935, 19.923, 33.1869, 44.1544, 48.7255, 34.4664, 25.2648, 30.48, 17.9276, 19.1301, 25.7419, 49.0084];
HighestPossibleCritFunctionValue = 1.1;
