NumDevices = 128;
NumSlotes = 1024;


GivenBandwidthOld = [0.00686963, 0.00413107, 0.00836331, 0.00844483, 0.00980804, 0.00876231, 0.008178, 0.00639457, 0.00729452, 0.0077206, 0.00634422, 0.00472154, 0.0074196, 0.00998855, 0.0050285, 0.00395964, 0.00846539, 0.00526721, 0.00974029, 0.00753688, 0.00616085, 0.00417038, 0.00652578, 0.00635983, 0.0046058, 0.005983, 0.0087262, 0.00742351, 0.00688198, 0.00536599, 0.00748689, 0.00961408, 0.00507203, 0.00432314, 0.00528524, 0.00650906, 0.00654632, 0.00773134, 0.00555033, 0.00569476, 0.00810585, 0.00622287, 0.00896677, 0.00695044, 0.00610152, 0.00703317, 0.00890305, 0.00475039, 0.00488747, 0.00869851, 0.0046955, 0.00731971, 0.00608276, 0.00420581, 0.00834209, 0.00796716, 0.00657847, 0.00441547, 0.00696865, 0.0058407, 0.00456587, 0.0097785, 0.0060548, 0.00920182, 0.00741672, 0.00525859, 0.00867096, 0.00401664, 0.00388882, 0.00566301, 0.00574553, 0.00510203, 0.00860125, 0.00754045, 0.00980019, 0.0079597, 0.00610255, 0.00558184, 0.00394829, 0.00516658, 0.00589062, 0.00620316, 0.00905354, 0.00907896, 0.00500936, 0.00729724, 0.00964182, 0.00875593, 0.00708201, 0.00481351, 0.00942062, 0.00992677, 0.00421382, 0.00545681, 0.00890389, 0.00646103, 0.00548207, 0.00836722, 0.00543942, 0.00402145, 0.00973835, 0.00612965, 0.00471593, 0.00692485, 0.00727062, 0.00601889, 0.00575353, 0.00828083, 0.00969341, 0.00707407, 0.00880959, 0.00905659, 0.0040521, 0.00618376, 0.0078782, 0.00520619, 0.00910663, 0.00764007, 0.00918037, 0.00955639, 0.00419255, 0.00414128, 0.00498199, 0.00984191, 0.00915953, 0.00925079, 0.00551137, 0.00715916];
GivenLatency = [551.793, 996.39, 427.116, 431.528, 494.205, 412.491, 508.939, 765.113, 659.98, 639.789, 674.25, 740.133, 512.162, 396.004, 916.35, 975.884, 446.461, 836.864, 348.351, 474.478, 692.599, 1031.78, 614.576, 612.997, 755.886, 623.124, 488.09, 493.07, 495.374, 705.759, 509.499, 485.559, 909.869, 1071.22, 860.158, 547.247, 666.804, 632.124, 867.275, 805.697, 496.167, 725.194, 538.942, 555.734, 757.257, 573.194, 437.671, 887.511, 806.712, 503.714, 866.906, 631.225, 596.138, 1061.37, 453.108, 492.602, 661.05, 970.268, 612.333, 811.66, 760.215, 383.894, 809.17, 440.121, 511.918, 683.08, 450.474, 1095.44, 931.144, 656.999, 599.9, 656.539, 403.031, 443.644, 495.698, 618.588, 688.366, 838.02, 1202.69, 708.312, 696.167, 758.35, 385.688, 512.665, 819.658, 635.444, 407.575, 454.995, 617.704, 782.776, 390.321, 382.28, 936.969, 724.861, 377.702, 535.636, 733.36, 587.155, 819.999, 1127.66, 489.67, 692.372, 747.939, 624.254, 599.931, 634.727, 758.01, 529.054, 440.411, 664.359, 414.792, 480.202, 908.593, 542.611, 454.132, 758.576, 540.545, 449.965, 465.625, 474.984, 809.433, 872.981, 967.21, 463.126, 471.604, 537.341, 800.539, 627.917];
HighestPossibleCritFunctionValue = 1.1;
