NumDevices = 32;
NumSlotes = 256;


GivenBandwidthOld = [0.0157981, 0.0139194, 0.0140858, 0.00965059, 0.00501887, 0.00962722, 0.0122138, 0.00961721, 0.00637308, 0.00742847, 0.00786573, 0.00681463, 0.0159302, 0.00811824, 0.013286, 0.00590562, 0.0131919, 0.0116623, 0.0165188, 0.0141636, 0.017229, 0.0129451, 0.0131996, 0.0163641, 0.013359, 0.00780512, 0.0131753, 0.00721038, 0.0174191, 0.00856182, 0.00599286, 0.0170612];
GivenLatency = [39.79, 39.0314, 42.4965, 43.0295, 81.9269, 32.1241, 39.5487, 38.8934, 78.309, 43.4202, 56.0926, 59.0433, 37.5678, 66.5806, 30.6834, 89.7738, 34.5494, 28.3024, 23.4585, 24.2183, 25.8234, 38.35, 32.8936, 19.3008, 27.669, 63.7271, 27.2747, 60.9326, 25.4776, 53.1245, 58.448, 25.2967];
HighestPossibleCritFunctionValue = 1.1;
