NumDevices = 128;
NumSlotes = 1024;


GivenBandwidthOld = [0.00434292, 0.002758, 0.00244432, 0.00225726, 0.00211562, 0.00284062, 0.00362454, 0.00381351, 0.00174875, 0.00248907, 0.00132965, 0.00236151, 0.00427772, 0.00368472, 0.0028451, 0.00385172, 0.00333842, 0.00128702, 0.00159853, 0.00271514, 0.00398173, 0.00411384, 0.00257552, 0.00426201, 0.00219708, 0.00317447, 0.00207122, 0.00348919, 0.00413172, 0.00305312, 0.00314874, 0.00406698, 0.00247315, 0.002548, 0.00430591, 0.00253093, 0.00165623, 0.00370062, 0.00130351, 0.00377167, 0.0017104, 0.00169007, 0.0037061, 0.00287395, 0.00435583, 0.00407766, 0.00379242, 0.00357944, 0.00216906, 0.00416131, 0.00357529, 0.00425562, 0.00415883, 0.00244054, 0.00133909, 0.00167079, 0.00165788, 0.00335788, 0.00346836, 0.0040458, 0.00272324, 0.00256351, 0.00243396, 0.00317572, 0.00429584, 0.00206431, 0.00292267, 0.00129011, 0.00351521, 0.00394284, 0.00362558, 0.00262131, 0.00192795, 0.00177522, 0.00357701, 0.00195641, 0.00198756, 0.00368681, 0.00355818, 0.00427258, 0.00173575, 0.00271488, 0.00277851, 0.00335644, 0.00421968, 0.00328124, 0.00276581, 0.00252696, 0.00367831, 0.00133624, 0.00386628, 0.00429751, 0.00201545, 0.00370646, 0.00266909, 0.0018405, 0.00397605, 0.00239588, 0.00382341, 0.00261308, 0.00421691, 0.0035505, 0.00329509, 0.00429348, 0.00309208, 0.00179123, 0.00387266, 0.00224713, 0.00370893, 0.00345832, 0.00402474, 0.00197538, 0.0020835, 0.00367098, 0.00320168, 0.0030812, 0.00317935, 0.00288642, 0.00150988, 0.00347133, 0.00382425, 0.00409405, 0.00437453, 0.00280054, 0.00177419, 0.0019816, 0.00353905, 0.0013746];
GivenLatency = [131.289, 166.394, 212.344, 253.554, 259.526, 181.719, 139.153, 86.269, 223.051, 176.937, 386.083, 173.653, 128.173, 89.5993, 130.56, 161.509, 147.957, 350.579, 206.813, 146.073, 83.2186, 110.201, 125.435, 89.6116, 168.546, 150.726, 292.204, 120.296, 149.662, 174.683, 121.595, 161.038, 155.35, 188.045, 134.663, 135.914, 247.5, 170.386, 253.785, 88.6973, 318.774, 331.487, 98.4871, 209.891, 105.52, 107.143, 156.479, 101.871, 236.857, 126.133, 104.828, 108.381, 157.238, 198.214, 425.791, 241.017, 385.55, 101.459, 137.498, 106.074, 115.299, 163.321, 168.014, 147.541, 145.376, 170.662, 147.53, 344.048, 105.761, 142.546, 111.872, 132.331, 329.668, 192.817, 109.065, 324.212, 169.864, 109.233, 184.258, 90.121, 307.443, 147.574, 130.041, 132.226, 127.655, 104.686, 118.776, 167.705, 119.393, 267.507, 85.9089, 115.376, 259.531, 116.004, 216.82, 209.695, 81.1679, 184.243, 164.038, 151.634, 147.904, 101.008, 140.957, 84.397, 167.669, 339.189, 94.6853, 199.035, 115.605, 92.0525, 162.907, 171.267, 281.572, 110.872, 137.278, 176.54, 167.857, 162.836, 286.632, 107.977, 155.497, 157.188, 117.273, 160.554, 328.548, 278.61, 170.609, 306.712];
HighestPossibleCritFunctionValue = 1.1;
