NumDevices = 128;
NumSlotes = 1024;


GivenBandwidthOld = [0.0097416, 0.00450854, 0.00870306, 0.00610684, 0.00892302, 0.00919255, 0.00788851, 0.0097005, 0.00754652, 0.00566205, 0.00828438, 0.00680456, 0.00426713, 0.00758969, 0.00613297, 0.00434909, 0.00398676, 0.00790055, 0.00583806, 0.00403657, 0.00761241, 0.00685088, 0.00773387, 0.00438781, 0.00475161, 0.00655177, 0.00561511, 0.00686792, 0.00657382, 0.00739483, 0.00609743, 0.00701902, 0.00869464, 0.00832346, 0.00736524, 0.00878757, 0.0077556, 0.00707467, 0.0064216, 0.00538365, 0.00418611, 0.00847014, 0.00395751, 0.00380439, 0.00530898, 0.0055546, 0.00860593, 0.00492076, 0.00565488, 0.00656846, 0.0048139, 0.00977124, 0.00893096, 0.00507496, 0.00987839, 0.00980254, 0.00378329, 0.0070293, 0.00639072, 0.00504129, 0.00648439, 0.00444984, 0.00965879, 0.00655824, 0.00814465, 0.00831121, 0.00773007, 0.00931001, 0.00703674, 0.00651421, 0.0055639, 0.00865259, 0.0077852, 0.00465938, 0.00637772, 0.00541803, 0.00705729, 0.00807115, 0.00438189, 0.00523795, 0.00555642, 0.00796247, 0.00892674, 0.00916586, 0.00927281, 0.00681946, 0.00459272, 0.00476756, 0.00583031, 0.00508709, 0.00746886, 0.00671084, 0.00413919, 0.00737623, 0.00597786, 0.00981643, 0.00593529, 0.00686042, 0.00555695, 0.00433371, 0.00783171, 0.0050211, 0.00456391, 0.00806286, 0.00869891, 0.00513406, 0.00947979, 0.00430871, 0.00645824, 0.00871257, 0.00959328, 0.00553958, 0.00618121, 0.00891388, 0.00566506, 0.00888195, 0.00649913, 0.00837018, 0.0051757, 0.00923243, 0.0094757, 0.00426864, 0.00803091, 0.009343, 0.00529249, 0.00958716, 0.008939, 0.00908355];
GivenLatency = [400.623, 743.684, 481.231, 638.752, 445.06, 459.433, 544.683, 381.447, 511.577, 733.307, 574.047, 638.315, 784.459, 570.917, 623.676, 767.932, 1132.59, 459.019, 584.234, 844.143, 548.126, 517.059, 532.386, 958.849, 777.502, 647.164, 711.616, 541.771, 516.609, 616.689, 547.698, 679.301, 481.006, 540.938, 578.274, 527.435, 632.85, 651.762, 555.136, 809.304, 906.674, 557.877, 1197.04, 1199.79, 802.309, 816.603, 504.375, 899.907, 777.044, 730.038, 845.158, 341.776, 408.981, 670.286, 339.78, 436.558, 1088.2, 525.088, 752.223, 709.281, 627.877, 848.93, 474.63, 568.735, 574.886, 544.756, 553.431, 435.563, 532.454, 580.555, 847.52, 394.979, 436.725, 872.551, 739.713, 732.982, 477.363, 426.982, 1077.43, 952.275, 884.73, 438.537, 500.283, 522.016, 453.526, 531.617, 773.444, 935.611, 581.781, 805.477, 567.369, 582.503, 894.54, 536.131, 641.214, 460.39, 621.875, 486.376, 720.492, 991.728, 505.271, 764.98, 915.551, 463.629, 470.013, 653.102, 478.834, 780.421, 739.861, 496.588, 485.303, 814.504, 644.791, 461.184, 672.523, 513.479, 542.933, 411.644, 912.788, 433.138, 366.385, 862.603, 474.964, 520.747, 797.769, 432.09, 375.865, 372.533];
HighestPossibleCritFunctionValue = 1.1;
