NumDevices = 128;
NumSlotes = 1024;


GivenBandwidthOld = [0.00664353, 0.00531045, 0.00530823, 0.00789916, 0.00871406, 0.00472463, 0.00442531, 0.00862638, 0.00608563, 0.0087007, 0.00521216, 0.00830431, 0.00809833, 0.00610569, 0.00577425, 0.0052905, 0.00492369, 0.00499088, 0.00427927, 0.00411705, 0.00774923, 0.00386558, 0.00632552, 0.00555336, 0.00783487, 0.00810409, 0.00796385, 0.00599808, 0.00730732, 0.00662511, 0.00572519, 0.00579936, 0.00740674, 0.00762711, 0.00627216, 0.00376907, 0.00432662, 0.00492853, 0.00635691, 0.00808223, 0.00551069, 0.00568751, 0.00750878, 0.00751547, 0.00496615, 0.00858299, 0.00686125, 0.00451375, 0.00507899, 0.00508081, 0.00559461, 0.00604222, 0.00407463, 0.00484823, 0.00672798, 0.0046568, 0.0043235, 0.00763054, 0.00402596, 0.00674983, 0.00690714, 0.0058323, 0.00591716, 0.00721743, 0.00584592, 0.0047962, 0.00721656, 0.00625138, 0.00444425, 0.00696779, 0.00507187, 0.00542759, 0.00406671, 0.006742, 0.00529222, 0.00392207, 0.00577658, 0.00445314, 0.0064656, 0.0049088, 0.00472715, 0.00674319, 0.00528527, 0.00706722, 0.00624252, 0.0056139, 0.00533112, 0.00757222, 0.00872762, 0.00757728, 0.00390121, 0.00517187, 0.00606213, 0.00869258, 0.00863016, 0.00462147, 0.00548396, 0.00644867, 0.00533904, 0.00576591, 0.00509816, 0.00720149, 0.00786336, 0.00702314, 0.00549139, 0.00625719, 0.00712336, 0.00484791, 0.00630896, 0.0072346, 0.00442039, 0.00598595, 0.00832694, 0.00831442, 0.00797965, 0.00650801, 0.00768928, 0.00618282, 0.00708995, 0.0083031, 0.00765609, 0.00834919, 0.00734083, 0.00490542, 0.00788259, 0.00516497, 0.00515305, 0.00484253];
GivenLatency = [168.88, 239.127, 218.385, 145.173, 125.876, 225.128, 226.992, 138.151, 192.406, 144.598, 220.355, 135.41, 133.106, 163.339, 182.448, 203.849, 215.962, 201.355, 248.077, 264.954, 130.407, 273.498, 167.946, 228.025, 145.912, 124.51, 124.149, 179.756, 142.751, 145.039, 198.986, 177.019, 151.473, 130.236, 197.151, 281.736, 237.859, 253.64, 155.273, 120.924, 194.561, 181.14, 163.423, 146.859, 222.533, 127.043, 145.653, 273.99, 224.868, 224.19, 202.187, 162.197, 252.899, 203.757, 164.121, 265.359, 255.281, 136.287, 295.758, 144.493, 144.116, 187.022, 164.238, 173.009, 180.827, 220.699, 154.353, 203.879, 232.02, 174.171, 213.463, 234.973, 256.661, 146.395, 190.953, 302.959, 205.768, 223.68, 197.355, 221.974, 234.603, 145.212, 227.723, 135.92, 201.534, 202.023, 207.032, 143.863, 109.422, 141.205, 289.983, 194.939, 178.94, 119.537, 115.714, 259.41, 207.131, 173.432, 192.185, 173.131, 223.036, 136, 121.462, 150.007, 196.98, 183.107, 142.844, 208.863, 157.771, 133.508, 280.345, 161.455, 124.318, 136.068, 124.954, 149.049, 152.934, 172.824, 158.02, 133.952, 138.184, 151.019, 174.372, 263.18, 140.463, 204.585, 225.176, 255.7];
HighestPossibleCritFunctionValue = 1.1;
