NumDevices = 128;
NumSlotes = 1024;


GivenBandwidthOld = [0.00897006, 0.00610713, 0.00747846, 0.00546658, 0.00427887, 0.00499806, 0.00496009, 0.00422095, 0.00647276, 0.00898362, 0.00900591, 0.00861963, 0.00380544, 0.0042479, 0.0094028, 0.00414249, 0.00661611, 0.0057659, 0.00377892, 0.00858533, 0.00858978, 0.00843942, 0.00624921, 0.00803949, 0.00970493, 0.00694091, 0.00833313, 0.00745757, 0.00436514, 0.00484887, 0.00989974, 0.00623089, 0.00629466, 0.00939768, 0.00553404, 0.00683274, 0.00904925, 0.00574995, 0.00447079, 0.00548608, 0.00710621, 0.00528158, 0.00747873, 0.00382127, 0.00785864, 0.00761191, 0.00463177, 0.00490487, 0.00747853, 0.0067276, 0.00455499, 0.0081556, 0.0049626, 0.00884208, 0.00502166, 0.00779741, 0.00983342, 0.00400302, 0.0061983, 0.00852013, 0.00661575, 0.00593388, 0.00829742, 0.00727185, 0.00797257, 0.00377984, 0.00521003, 0.00503614, 0.00745473, 0.00671712, 0.00970821, 0.00580249, 0.00616335, 0.0085978, 0.00576443, 0.00394189, 0.00384254, 0.00912726, 0.00437919, 0.00984149, 0.00844318, 0.00707134, 0.00676902, 0.00694361, 0.00996047, 0.00812533, 0.00874576, 0.00493032, 0.00392205, 0.00796171, 0.0087735, 0.00876899, 0.00784068, 0.00583523, 0.00649142, 0.00387156, 0.00924108, 0.004799, 0.00925033, 0.00406316, 0.0045523, 0.00670304, 0.00419806, 0.00932281, 0.00967096, 0.00488347, 0.00398492, 0.00833926, 0.0042247, 0.00700135, 0.00547399, 0.00382248, 0.00939268, 0.00899644, 0.0056981, 0.00800085, 0.00404589, 0.00806726, 0.00773309, 0.00377845, 0.00691802, 0.00499696, 0.00517788, 0.00842607, 0.00696274, 0.00648655, 0.00947506, 0.00605683];
GivenLatency = [473.131, 620.009, 459.027, 660.541, 1073.53, 769.556, 758.831, 932.051, 528.168, 393.73, 542.662, 553.08, 1087.93, 1073.69, 512.631, 1162.82, 661.566, 695.857, 1164.39, 471.233, 395.321, 457.826, 560.076, 494.323, 443.033, 546.708, 513.497, 527.95, 953.887, 968.915, 371.33, 786.788, 691.848, 373.137, 799.694, 634.807, 456.92, 618.63, 998.129, 752.449, 532.378, 763.75, 557.952, 945.573, 531.013, 586.521, 861.752, 774.217, 475.248, 655.986, 935.709, 552.525, 738.186, 518.861, 980.744, 602.04, 390.325, 1031.67, 572.869, 409.853, 750.102, 811.785, 442.4, 467.772, 478.754, 1273.67, 650.582, 734.922, 455.478, 637.558, 461.727, 735.766, 684.683, 444.939, 809.802, 1063.63, 1141.85, 408.923, 872.343, 394.309, 477.297, 530.438, 521.949, 617.947, 493.456, 419.374, 410.402, 785.431, 944.784, 421.94, 502.912, 500.121, 506.036, 597.214, 672.037, 1130.57, 388.359, 1022.45, 379.409, 858.024, 770.16, 521.143, 820.342, 532.889, 434.044, 890.706, 1184.57, 404.134, 866.912, 655.892, 706.292, 1178.43, 427.11, 389.686, 654.807, 419.234, 850.401, 477.644, 544.851, 1038, 508.825, 865.191, 891.411, 518.191, 590.092, 667.676, 514.037, 659.98];
HighestPossibleCritFunctionValue = 1.1;
