NumDevices = 128;
NumSlotes = 1024;


GivenBandwidthOld = [0.00553655, 0.00528086, 0.00785114, 0.0065811, 0.00476896, 0.00446717, 0.00726006, 0.00985523, 0.00802333, 0.00694106, 0.00458131, 0.00681954, 0.00608398, 0.00597098, 0.00670193, 0.00425316, 0.00418616, 0.0092653, 0.00569678, 0.00455512, 0.00416239, 0.00970592, 0.00485926, 0.00965376, 0.00956011, 0.00433329, 0.00711213, 0.00483231, 0.00663436, 0.00615413, 0.00990482, 0.00400466, 0.00882293, 0.00830672, 0.00727644, 0.00382141, 0.00390573, 0.00852484, 0.00451637, 0.00908516, 0.00924251, 0.00386728, 0.00619387, 0.00919291, 0.00770331, 0.00954887, 0.00902829, 0.00974896, 0.00960604, 0.00738353, 0.00377232, 0.0038375, 0.00565466, 0.00914965, 0.00568727, 0.00713632, 0.00521536, 0.00711324, 0.00478582, 0.00646257, 0.00647564, 0.00735665, 0.00822842, 0.00385492, 0.00457458, 0.00616971, 0.00936768, 0.00758028, 0.00418652, 0.00900869, 0.00526283, 0.00488832, 0.00431685, 0.00577653, 0.00743566, 0.00487683, 0.00491739, 0.00527528, 0.00784001, 0.00707636, 0.00994574, 0.00422265, 0.00376098, 0.00709064, 0.00617036, 0.00781036, 0.00874932, 0.00863041, 0.00377345, 0.00417479, 0.00576716, 0.00621715, 0.00669494, 0.00568349, 0.00620844, 0.00408147, 0.00600765, 0.00425635, 0.00765308, 0.00900145, 0.00860109, 0.00474575, 0.00805026, 0.00949421, 0.00912357, 0.00481095, 0.00385984, 0.00612218, 0.00428604, 0.00669784, 0.00440406, 0.00903086, 0.0091656, 0.00495921, 0.0081233, 0.00577432, 0.00776422, 0.00825782, 0.00424456, 0.00949058, 0.00443633, 0.00768391, 0.00845297, 0.00901407, 0.00824026, 0.00899771, 0.00825955, 0.00825852];
GivenLatency = [611.82, 708.3, 546.389, 679.063, 979.627, 943.072, 554.723, 418.854, 476.317, 610.49, 1063.3, 502.343, 589.395, 809.18, 566.811, 853.845, 910.103, 391.026, 863.177, 1039.93, 1085.26, 502.251, 907.427, 502.344, 489.051, 802.507, 510.472, 899.687, 623.961, 591.896, 479.58, 1219.03, 407.589, 519.581, 459.391, 1179.36, 1045.42, 529.818, 895.03, 371.693, 400.972, 871.969, 623.229, 496.997, 627.61, 422.778, 381.746, 464.4, 386.16, 570.182, 885.083, 1179.55, 881.677, 503.968, 645.844, 652.74, 702.837, 636.433, 913.287, 575.07, 623.237, 637.31, 483.257, 1058.3, 753.948, 757.041, 395.705, 528.52, 1097.73, 463.834, 863.526, 846.762, 1153.44, 803.237, 522.198, 737.523, 686.738, 716.654, 504.014, 561.776, 444.002, 793.906, 1071.06, 475.437, 690.455, 467.182, 387.671, 390.133, 949.936, 955.738, 643.15, 721.314, 532.947, 821.405, 718.776, 846.751, 657.839, 1099.02, 631.644, 514.07, 412.172, 785.535, 450.952, 389.169, 412.125, 718.115, 1250.79, 629.371, 1090.72, 511.024, 836.882, 391.561, 471.136, 697.433, 555.319, 651.883, 460.878, 484.277, 1050.23, 362.791, 863.128, 512.762, 541.859, 373.614, 532.825, 464.745, 523.177, 551.828];
HighestPossibleCritFunctionValue = 1.1;
