NumDevices = 16;
NumSlotes = 128;


GivenBandwidthOld = [0.0688977, 0.0633683, 0.0508041, 0.0452016, 0.044004, 0.0345769, 0.034027, 0.0315297, 0.0603405, 0.0434347, 0.0673066, 0.0424126, 0.0489993, 0.031266, 0.067315, 0.0632297];
GivenLatency = [14.3609, 14.9142, 20.9343, 23.9593, 19.7814, 23.5794, 28.6761, 29.3614, 15.3921, 23.6199, 15.7593, 18.3707, 18.3516, 34.234, 12.4665, 13.4486];
HighestPossibleCritFunctionValue = 1.1;
