NumDevices = 128;
NumSlotes = 1024;


GivenBandwidthOld = [0.00584566, 0.00544325, 0.00721417, 0.00612723, 0.00782737, 0.00715801, 0.00716203, 0.0046825, 0.00629984, 0.00387404, 0.00845043, 0.00390159, 0.0065846, 0.00483729, 0.00780345, 0.00508201, 0.00577662, 0.00516726, 0.00863108, 0.00511642, 0.00425844, 0.00408977, 0.00421623, 0.00465323, 0.00425362, 0.00801445, 0.00638441, 0.00521928, 0.00787449, 0.00401029, 0.00843344, 0.00827876, 0.00855627, 0.00771813, 0.00605116, 0.00438252, 0.00450392, 0.00495641, 0.00491518, 0.00693968, 0.00777612, 0.00569941, 0.00747967, 0.0083596, 0.0073271, 0.00411851, 0.00725915, 0.00707209, 0.00806909, 0.00475801, 0.00531994, 0.00477751, 0.0080589, 0.00842055, 0.00665444, 0.00871426, 0.00801629, 0.00724593, 0.00489082, 0.00745137, 0.00760925, 0.00616154, 0.00456422, 0.00841527, 0.00798453, 0.00858589, 0.00551176, 0.00865854, 0.00655098, 0.00479037, 0.00427882, 0.00670505, 0.00422928, 0.00406717, 0.00442483, 0.00567733, 0.00644266, 0.00426508, 0.00573942, 0.00494045, 0.00672675, 0.00406511, 0.00485294, 0.0059135, 0.00571661, 0.00651833, 0.00605557, 0.00838914, 0.00872087, 0.00421941, 0.00808166, 0.00590269, 0.00397959, 0.00741301, 0.00797426, 0.00593098, 0.00443269, 0.00777338, 0.00463841, 0.00524285, 0.00402057, 0.00618669, 0.00713013, 0.0086223, 0.0075696, 0.00481903, 0.00586295, 0.00613789, 0.00699073, 0.00571939, 0.00821115, 0.00733803, 0.00774583, 0.00668644, 0.00650686, 0.00829362, 0.00831704, 0.00697825, 0.00590691, 0.00491381, 0.00384047, 0.00425592, 0.00681516, 0.00496131, 0.00716907, 0.00804702, 0.00381554, 0.0052019];
GivenLatency = [192.098, 228.225, 132.252, 156.063, 165.352, 167.908, 134.46, 215.192, 156.146, 269.123, 129.727, 258.574, 189.685, 239.407, 150.955, 190.269, 197.09, 250.883, 115.651, 235.007, 230.445, 280.627, 296.758, 222.435, 244.185, 152.447, 156.887, 240.337, 124.26, 275.721, 124.093, 118.085, 143.427, 166.943, 186.79, 267.36, 266.078, 221.842, 214.806, 140.199, 145.061, 174.904, 153.608, 126.499, 171.96, 248.661, 151.875, 135.517, 154.372, 210.738, 204.303, 227.244, 124.297, 142.54, 166.597, 144.659, 160.325, 162.745, 244.196, 146.547, 131.363, 199.252, 284.386, 117.712, 135.644, 121.496, 175.659, 113.116, 146.56, 213.715, 230.65, 147.996, 276.601, 244.613, 246.523, 169.726, 151.61, 280.001, 196.396, 252.432, 174.071, 282.378, 262.485, 176.749, 192.698, 161.188, 175.913, 119.532, 114.966, 233.032, 122.951, 192.725, 271.807, 161.662, 153.447, 166.582, 266.719, 159.788, 250.517, 212.139, 253.462, 205.223, 151.873, 112.285, 155.121, 229.508, 179.943, 175.331, 152.196, 199.327, 119.043, 150.061, 165.53, 143.456, 175.282, 136.241, 134.671, 162.317, 203.202, 246.055, 285.001, 269.134, 169.55, 233.522, 178.28, 122.761, 296.749, 223.291];
HighestPossibleCritFunctionValue = 1.1;
