NumDevices = 32;
NumSlotes = 256;


GivenBandwidthOld = [0.0346261, 0.0202913, 0.0215633, 0.0252022, 0.0328022, 0.0167276, 0.0254181, 0.036835, 0.0216135, 0.0179728, 0.0289233, 0.02355, 0.0154328, 0.0393257, 0.0326805, 0.0207268, 0.0156906, 0.0210855, 0.0195255, 0.0256996, 0.0175966, 0.0318008, 0.0356902, 0.0307263, 0.027052, 0.0236211, 0.0350391, 0.0364435, 0.015103, 0.0212197, 0.0242542, 0.0252178];
GivenLatency = [65.567, 98.3386, 80.567, 89.7971, 75.4853, 112.268, 70.3489, 46.4639, 104.201, 125.052, 62.401, 73.9482, 112.512, 47.1288, 58.7038, 109.362, 140.075, 113.049, 125.108, 96.0391, 110.341, 61.129, 69.5836, 55.1129, 72.0491, 91.9795, 58.4167, 56.644, 123.702, 115.279, 81.808, 84.0841];
HighestPossibleCritFunctionValue = 1.1;
