NumDevices = 128;
NumSlotes = 1024;


GivenBandwidthOld = [0.00191711, 0.00396643, 0.00313706, 0.00139529, 0.00248662, 0.00388088, 0.002827, 0.00278742, 0.00308354, 0.00199554, 0.00335822, 0.00279622, 0.00415241, 0.00388637, 0.00126253, 0.00251906, 0.00226281, 0.00174382, 0.00394802, 0.00309611, 0.00379205, 0.00357084, 0.00136622, 0.00137775, 0.00153948, 0.00403524, 0.00347801, 0.00361804, 0.00407872, 0.00294685, 0.00152449, 0.00206218, 0.00155968, 0.00288911, 0.00292967, 0.00342137, 0.00174623, 0.00384732, 0.00132567, 0.00425744, 0.00356362, 0.0018342, 0.00425413, 0.00411486, 0.00413143, 0.0013246, 0.00186443, 0.00292642, 0.00184384, 0.00382072, 0.00426651, 0.00281218, 0.00370206, 0.00365954, 0.0015041, 0.00308331, 0.00127226, 0.00353068, 0.00131176, 0.00176598, 0.00140593, 0.00328712, 0.00163724, 0.00336363, 0.00308046, 0.00335925, 0.00147772, 0.00351555, 0.00334162, 0.00204339, 0.00145767, 0.00401879, 0.00193841, 0.00260673, 0.00387122, 0.00295777, 0.00373393, 0.00171449, 0.00169078, 0.00324499, 0.00296551, 0.00250643, 0.00245981, 0.00320547, 0.00436356, 0.00277794, 0.00319058, 0.00414877, 0.00205688, 0.00315608, 0.0024267, 0.00306098, 0.00398677, 0.00135092, 0.00364997, 0.00316108, 0.00200668, 0.00314984, 0.00367649, 0.00205453, 0.00415434, 0.00202616, 0.00246971, 0.00399772, 0.00408558, 0.00259603, 0.0021181, 0.00396126, 0.00373699, 0.0032257, 0.00365289, 0.00232435, 0.00159629, 0.00264627, 0.00270942, 0.00160824, 0.00346381, 0.00252205, 0.00253344, 0.00332228, 0.00201374, 0.00307286, 0.00366517, 0.00230243, 0.00198426, 0.00130957, 0.00243706, 0.00224544];
GivenLatency = [194.801, 84.6569, 100.018, 353.054, 248.861, 151.671, 130.839, 137.033, 108.828, 193.576, 100.427, 194.812, 83.1549, 99.8361, 307.367, 160.679, 145.07, 244.215, 80.1592, 145.722, 120.015, 96.2929, 305.469, 433.079, 359.818, 79.7575, 96.3187, 161.386, 161.142, 115.594, 255.072, 154.797, 338.319, 116.143, 120.373, 100.151, 192.897, 105.777, 326.848, 108.07, 178.093, 191.135, 82.0673, 91.8533, 126.026, 266.727, 217.373, 146.762, 178.636, 100.485, 113.139, 134.469, 141.737, 121.782, 338.278, 109.174, 361.77, 141.788, 273.358, 177.599, 463.294, 126.407, 339.707, 99.2844, 168.729, 153.69, 217.393, 124.478, 118.613, 174.528, 250.942, 145.371, 177.945, 234.762, 123.437, 148.211, 95.6943, 201.794, 232.052, 111.034, 150.838, 140.391, 224.486, 104.181, 75.3108, 178.184, 111.963, 88.8777, 161.799, 176.847, 158.505, 128.267, 154.963, 251.731, 94.5957, 137.865, 228.967, 168.995, 102.25, 319.854, 121.052, 156.554, 200.75, 89.7809, 89.651, 131.675, 149.531, 132.519, 132.026, 127.456, 102.652, 282.964, 297.658, 162.919, 180.144, 289.425, 122.106, 132.926, 132.254, 112.503, 208.233, 159.225, 115.885, 203.99, 161.486, 281.682, 136.953, 177.237];
HighestPossibleCritFunctionValue = 1.1;
