NumDevices = 32;
NumSlotes = 256;


GivenBandwidthOld = [0.0286361, 0.0164725, 0.0236173, 0.0267062, 0.0217504, 0.0292686, 0.0265694, 0.0215688, 0.0160266, 0.0289683, 0.0198213, 0.0258003, 0.0156677, 0.0165489, 0.0272156, 0.0230477, 0.0323925, 0.0313882, 0.0321724, 0.0307221, 0.0162461, 0.0174403, 0.0293506, 0.0255417, 0.0289656, 0.0344703, 0.0316716, 0.0348435, 0.0241484, 0.032871, 0.0333882, 0.0257776];
GivenLatency = [29.2093, 51.3021, 43.6337, 40.1146, 43.6954, 33.7261, 32.4985, 51.3356, 53.9301, 35.1146, 47.8911, 35.6921, 61.0517, 52.2919, 35.7572, 40.8437, 27.9618, 28.9244, 34.986, 32.8093, 66.4738, 54.9143, 30.165, 34.6235, 37.2734, 27.8229, 28.9679, 32.6642, 35.394, 26.3521, 31.5509, 38.0801];
HighestPossibleCritFunctionValue = 1.1;
