NumDevices = 128;
NumSlotes = 1024;


GivenBandwidthOld = [0.00696239, 0.00680006, 0.00977431, 0.00427982, 0.0083853, 0.00923735, 0.0046898, 0.00529119, 0.0064968, 0.00669319, 0.00742637, 0.00497325, 0.00672813, 0.00718058, 0.00522847, 0.0086233, 0.00925731, 0.00886684, 0.00869966, 0.00511849, 0.00402099, 0.00827854, 0.00868244, 0.0094405, 0.00656333, 0.00618525, 0.00795594, 0.00555807, 0.00440534, 0.00555841, 0.00401044, 0.00601617, 0.00999211, 0.00864611, 0.0052316, 0.00498739, 0.0067351, 0.00565369, 0.00535872, 0.00402647, 0.00660044, 0.00489982, 0.0038, 0.00666001, 0.00603572, 0.00736715, 0.00966868, 0.00407271, 0.0087524, 0.00417165, 0.00919705, 0.00850709, 0.00609798, 0.0038097, 0.00720295, 0.00615144, 0.00843684, 0.00677511, 0.00920569, 0.00998858, 0.005477, 0.00439701, 0.00937288, 0.00753633, 0.00938279, 0.00526676, 0.00836139, 0.00736156, 0.00945544, 0.00760459, 0.00667173, 0.00928747, 0.00948406, 0.00737152, 0.0080678, 0.0042477, 0.00604128, 0.00701826, 0.00843516, 0.00980111, 0.00484086, 0.00662781, 0.00858906, 0.00880771, 0.0087017, 0.00825702, 0.00951887, 0.0048664, 0.00457991, 0.00830395, 0.00442461, 0.00449458, 0.00534991, 0.00601368, 0.00572997, 0.00607114, 0.00883943, 0.00436812, 0.00496894, 0.00914501, 0.00896423, 0.0079895, 0.00703607, 0.00766328, 0.00555497, 0.00869607, 0.00743293, 0.00902639, 0.00904033, 0.00580293, 0.00735808, 0.00727455, 0.0096321, 0.00789676, 0.00451754, 0.00381627, 0.00498231, 0.0089176, 0.00565803, 0.00950494, 0.00832646, 0.00777483, 0.00535889, 0.00691332, 0.00720782, 0.00686798, 0.00763429, 0.00576512];
GivenLatency = [495.447, 714.599, 468.266, 844.46, 475.937, 417.482, 765.09, 706.8, 559.209, 676.555, 561.419, 882.46, 714.069, 478.754, 690.949, 530.632, 484.786, 484.651, 478.805, 728.08, 1138.8, 427.348, 422.329, 522.348, 548.187, 551.508, 437.741, 769.945, 1042.17, 676.317, 1031.05, 775.769, 454.767, 450.501, 828.443, 740.112, 637.966, 727.29, 801.281, 1164.64, 590.039, 803.843, 1024.62, 504.631, 732.734, 499.507, 358.965, 1174.45, 421.932, 973.361, 485.676, 442.864, 608.937, 957.061, 538.002, 606.715, 428.443, 671.69, 491.111, 440.976, 650.964, 1078.93, 433.128, 443.081, 449.816, 921.794, 415.473, 571.332, 403.827, 572.942, 537.9, 389.337, 513.41, 471.763, 554.033, 1152.78, 650.156, 670.846, 471.867, 375.749, 701.04, 503.391, 389.804, 487.802, 433.027, 439.878, 391.02, 688.452, 754.715, 410.377, 772.232, 778.797, 921.956, 599.212, 808.753, 571.009, 430.362, 877.591, 870.266, 449.808, 518.404, 462.163, 655.805, 458.821, 724.857, 498.257, 546.272, 450.818, 475.96, 753.51, 574.594, 550.65, 442.346, 524.804, 744.178, 1185.51, 705.739, 431.666, 855.011, 363.532, 488.195, 570.429, 782.481, 643.675, 655.638, 492.933, 473.246, 707.991];
HighestPossibleCritFunctionValue = 1.1;
