NumDevices = 32;
NumSlotes = 256;


GivenBandwidthOld = [0.0214593, 0.0163648, 0.0327793, 0.0310372, 0.0318075, 0.0178466, 0.0172069, 0.0270141, 0.0164421, 0.0332285, 0.0213903, 0.0162688, 0.0195653, 0.0239488, 0.0171916, 0.0284248, 0.0253224, 0.024011, 0.0232844, 0.0311862, 0.0172609, 0.0331343, 0.0174317, 0.0253247, 0.0229801, 0.0162391, 0.0212065, 0.0279977, 0.0277628, 0.0190123, 0.0298778, 0.0261783];
GivenLatency = [42.623, 60.5741, 31.6305, 31.0296, 32.525, 49.3344, 59.3838, 32.2075, 53.7498, 26.0867, 42.7142, 62.6054, 57.1931, 43.6906, 57.1338, 37.1915, 37.5455, 35.889, 36.2563, 28.4683, 56.4844, 25.9785, 51.5972, 39.8781, 47.5839, 55.8591, 42.5801, 32.6721, 34.1096, 47.9939, 38.3026, 32.7915];
HighestPossibleCritFunctionValue = 1.1;
