NumDevices = 128;
NumSlotes = 1024;


GivenBandwidthOld = [0.00350675, 0.00229935, 0.00321999, 0.00150018, 0.00289811, 0.00419671, 0.00165127, 0.00161541, 0.00214931, 0.00343967, 0.0030474, 0.0038562, 0.00373084, 0.00290348, 0.00385416, 0.00382551, 0.00341553, 0.00350989, 0.00189111, 0.00130914, 0.00150935, 0.0039736, 0.00171988, 0.00170155, 0.00290325, 0.00312338, 0.0028039, 0.00202221, 0.00173098, 0.00391211, 0.00264476, 0.0023691, 0.00378857, 0.00135654, 0.00126679, 0.00211256, 0.0014068, 0.0022423, 0.00390677, 0.00364614, 0.00133529, 0.00353899, 0.00348738, 0.00182736, 0.00173382, 0.00152825, 0.00280499, 0.00161094, 0.00191511, 0.00156681, 0.0039506, 0.00276991, 0.00264473, 0.00177924, 0.0024499, 0.00232791, 0.00212966, 0.00436183, 0.00185163, 0.00342339, 0.00434664, 0.00280015, 0.00157509, 0.00259178, 0.00259969, 0.00425793, 0.00232706, 0.00344164, 0.00183854, 0.0022958, 0.00296243, 0.00400848, 0.00363471, 0.00299887, 0.00394386, 0.00197089, 0.00161434, 0.00278709, 0.00379135, 0.00433297, 0.00429684, 0.00319686, 0.00336303, 0.00243206, 0.00253659, 0.00308772, 0.00338362, 0.00168639, 0.00434873, 0.00351358, 0.00150073, 0.00279685, 0.0022185, 0.00374647, 0.00317283, 0.00261279, 0.00258127, 0.00408031, 0.0014952, 0.00351793, 0.00264595, 0.00364867, 0.00313971, 0.00219357, 0.00356707, 0.00354521, 0.00190167, 0.00386031, 0.00394406, 0.00222938, 0.00224148, 0.00263547, 0.00246807, 0.00147409, 0.00195857, 0.00396654, 0.00180884, 0.00313011, 0.003426, 0.00135148, 0.00369533, 0.00296111, 0.00364534, 0.00348082, 0.00395119, 0.00325963, 0.00216374, 0.00214633];
GivenLatency = [105.502, 218.36, 100.393, 390.074, 143.751, 135.021, 208.076, 288.038, 286.528, 124.521, 111.269, 124.126, 143.154, 202.555, 140.067, 123.663, 96.7465, 92.5265, 192.631, 424.749, 217.414, 92.0383, 327.96, 195.261, 151.421, 144.385, 177.25, 277.038, 188.439, 81.7655, 125.326, 259.447, 100.393, 317.437, 265.321, 173.787, 237.643, 147.069, 153.161, 95.0428, 337.039, 93.5791, 102.031, 260.057, 243.382, 302.723, 115.515, 378.767, 244.203, 204.238, 107.937, 129.941, 138.329, 298.468, 211.928, 271.583, 196.886, 74.1523, 299.743, 100.74, 74.624, 220.64, 336.922, 222.893, 212.181, 137.987, 137.484, 149.865, 188.484, 159.73, 122.694, 102.349, 140.026, 106.194, 92.4161, 184.992, 253.617, 160.516, 93.7045, 116.745, 101.937, 110.691, 93.285, 175.571, 146.012, 121.791, 117.523, 230.101, 73.2375, 94.0425, 343.038, 156.651, 195.219, 164.694, 151.326, 122.213, 147.28, 91.8078, 256.977, 119.201, 157.451, 173.699, 105.841, 170.237, 92.8981, 106.896, 303.406, 105.808, 109.865, 235.364, 176.05, 162.171, 135.629, 220.714, 262.704, 141.59, 206.192, 121.285, 107.389, 381.437, 143.212, 150.093, 157.491, 146.092, 86.597, 104.209, 281.77, 173.817];
HighestPossibleCritFunctionValue = 1.1;
