NumDevices = 128;
NumSlotes = 1024;


GivenBandwidthOld = [0.00385185, 0.00922542, 0.00417671, 0.00667351, 0.00799363, 0.00769985, 0.00758022, 0.00944619, 0.00829582, 0.00535437, 0.00594726, 0.00803254, 0.00547849, 0.00452754, 0.00928272, 0.00469843, 0.00657296, 0.00544588, 0.00642718, 0.00541825, 0.00455421, 0.00760934, 0.00515243, 0.00560518, 0.00870112, 0.00479142, 0.00683078, 0.00739196, 0.0079227, 0.00938522, 0.0086092, 0.00985204, 0.0044333, 0.00670108, 0.00881078, 0.00398903, 0.0086015, 0.00543099, 0.006117, 0.0047054, 0.00495485, 0.00983879, 0.00680582, 0.00662078, 0.00926908, 0.00671667, 0.00833014, 0.00710305, 0.008491, 0.0045136, 0.00626689, 0.00513395, 0.00746929, 0.00764516, 0.00714604, 0.0059768, 0.00459958, 0.0076616, 0.00850737, 0.00455393, 0.0091596, 0.00421065, 0.0083592, 0.0080469, 0.00931535, 0.00933939, 0.00709992, 0.00591022, 0.00439351, 0.00677519, 0.0043545, 0.00740187, 0.00576074, 0.00450841, 0.00652718, 0.0048854, 0.00522585, 0.00835618, 0.00735712, 0.00994122, 0.00951113, 0.00604205, 0.00739675, 0.007154, 0.00849892, 0.0063492, 0.00718615, 0.00515414, 0.00939981, 0.00381493, 0.00747524, 0.00754646, 0.00462246, 0.00470556, 0.00755511, 0.00619679, 0.00820158, 0.00901055, 0.00535392, 0.00453783, 0.00735984, 0.00566233, 0.00672624, 0.00663644, 0.00993525, 0.00922721, 0.009262, 0.0065128, 0.00694015, 0.00805541, 0.00853776, 0.00908585, 0.00846098, 0.00621958, 0.00376533, 0.005152, 0.00466768, 0.00850705, 0.00547618, 0.00938244, 0.0056101, 0.00389845, 0.00507983, 0.00421775, 0.00901093, 0.00543682, 0.00412755, 0.00554643];
GivenLatency = [920.215, 389.229, 896.794, 542.525, 586.354, 640.085, 583.237, 383.924, 484.55, 853.786, 592.948, 535.52, 696.75, 931.586, 372.359, 965.553, 565.164, 781.273, 520.241, 630.847, 791.026, 478.272, 779.508, 758.458, 403.241, 783.097, 720.698, 604.334, 618.513, 363.164, 400.855, 464.975, 789.304, 550.255, 418.781, 1184.75, 407.283, 746.613, 762.075, 1053.9, 709.605, 376.449, 544.157, 694.237, 412.903, 675.302, 536.524, 606.371, 432.364, 829.725, 533.492, 898.257, 662.988, 530.883, 698.765, 698.538, 1047.1, 517.072, 426.958, 1023.38, 481.194, 1036.57, 522.531, 605.743, 434.154, 468.164, 651.524, 707.853, 808.398, 504.311, 1001.87, 458.215, 835.865, 1092.57, 590.397, 834.657, 761.631, 421.194, 457.207, 422.846, 439.036, 744.756, 636.982, 539.339, 543.512, 613.853, 494.676, 762.846, 491.165, 1035.45, 520.275, 479.09, 765.052, 872.749, 633.375, 579.616, 545.098, 374.518, 821.266, 763.034, 492.057, 731.908, 604.983, 633.89, 448.392, 510.019, 414.788, 752.053, 662.411, 416.007, 451.884, 511.224, 429.731, 619.658, 1291.44, 868.037, 796.937, 404.208, 851.628, 488.897, 827.064, 946.752, 727.16, 810.752, 405.707, 734.019, 1155.46, 675.681];
HighestPossibleCritFunctionValue = 1.1;
