NumDevices = 128;
NumSlotes = 1024;


GivenBandwidthOld = [0.00732885, 0.00969091, 0.0088737, 0.00525081, 0.00910642, 0.00414716, 0.00386553, 0.00790109, 0.00863867, 0.00512322, 0.00849713, 0.00757969, 0.00683639, 0.00801486, 0.00832192, 0.00643198, 0.00471123, 0.0091001, 0.00421378, 0.0047229, 0.00519781, 0.00582194, 0.00806595, 0.00436954, 0.00379172, 0.00491256, 0.00544952, 0.00510919, 0.00388962, 0.00651754, 0.00525033, 0.00724356, 0.00750386, 0.00741601, 0.00580778, 0.00754057, 0.00566218, 0.00425394, 0.00467128, 0.0064365, 0.0057671, 0.0051715, 0.00742434, 0.00833991, 0.00893426, 0.00429876, 0.00794186, 0.00630159, 0.007084, 0.00700603, 0.00903836, 0.00397131, 0.0045266, 0.00608043, 0.00882353, 0.00575237, 0.00760339, 0.00511979, 0.00701025, 0.00497055, 0.00511336, 0.00529539, 0.0082889, 0.00774862, 0.00849237, 0.00883921, 0.00678623, 0.00867364, 0.0053342, 0.00437651, 0.00849047, 0.00813145, 0.00528113, 0.00615379, 0.00418457, 0.00760742, 0.00411548, 0.00879186, 0.00478241, 0.00542062, 0.00678976, 0.00554619, 0.00476894, 0.00413934, 0.00997096, 0.00943729, 0.00881593, 0.0094034, 0.00792839, 0.00498818, 0.00763815, 0.00819278, 0.00475325, 0.00905989, 0.00963287, 0.00845437, 0.0075575, 0.00893088, 0.00384554, 0.00943609, 0.00740149, 0.00558069, 0.00970589, 0.00438954, 0.00867014, 0.00907318, 0.00797569, 0.0060885, 0.00692565, 0.0080753, 0.0052924, 0.00813366, 0.00490541, 0.00400762, 0.00858534, 0.00877507, 0.00384655, 0.00770522, 0.00408136, 0.00421927, 0.00954964, 0.00961442, 0.00457974, 0.00545754, 0.00870318, 0.00806143, 0.0096635, 0.00439923];
GivenLatency = [476.624, 368.782, 375.946, 880.986, 442.664, 966.909, 1044.75, 425.59, 422.463, 739.321, 469.836, 449.119, 557.43, 498.258, 538.901, 647.231, 820.677, 453.317, 815.221, 894.922, 737.034, 692.138, 413.421, 950.308, 1135.11, 833.802, 688.279, 873.067, 1142.69, 708.633, 837.059, 525.324, 569.775, 470.507, 695.299, 506.533, 678.972, 965.195, 719.257, 748.493, 816.849, 871.79, 488.019, 407.473, 512.876, 1066.62, 526.332, 615.836, 529.864, 649.677, 551.06, 1051.82, 766.077, 556.609, 392.829, 805.378, 646.174, 786.874, 486.274, 897.999, 680.441, 890.035, 515.518, 558.527, 408.018, 453.24, 570.063, 397.517, 795.533, 1048.83, 426.685, 428.874, 654.79, 568.974, 920.922, 649.974, 999.215, 434.454, 886.507, 723.855, 694.649, 735.951, 928.536, 1202.33, 429.869, 376.941, 450.238, 377.866, 472.304, 915.855, 580.967, 435.099, 733.994, 454.43, 402.882, 414.696, 458.856, 397.114, 1129.66, 360.389, 497.913, 692.932, 470.908, 1072.34, 422.501, 465.526, 581.526, 787.051, 619.053, 508.121, 781.148, 587.678, 890.596, 1230.63, 516.784, 523.089, 1070.77, 467.222, 974.376, 847.97, 406.704, 371.059, 973.297, 756.954, 385.118, 415.817, 497.41, 865.078];
HighestPossibleCritFunctionValue = 1.1;
