NumDevices = 16;
NumSlotes = 128;


GivenBandwidthOld = [0.0343402, 0.0207941, 0.026655, 0.031056, 0.0235935, 0.0263282, 0.0124881, 0.028328, 0.0230467, 0.0116633, 0.0150301, 0.0254859, 0.0321532, 0.0139715, 0.0337416, 0.010257];
GivenLatency = [9.75136, 17.8391, 13.5583, 9.9525, 18.7345, 19.1675, 49.149, 12.6068, 17.6743, 32.2541, 21.1837, 12.4199, 18.1567, 22.1722, 12.7527, 47.0439];
HighestPossibleCritFunctionValue = 1.1;
