NumDevices = 64;
NumSlotes = 512;


GivenBandwidthOld = [0.0080803, 0.0106001, 0.0115637, 0.015693, 0.0174125, 0.0161985, 0.0138243, 0.00950539, 0.0120468, 0.0161523, 0.0160285, 0.0160207, 0.0146115, 0.010172, 0.0161173, 0.00897176, 0.0133783, 0.0138331, 0.00791143, 0.0123623, 0.00850937, 0.0120116, 0.0135343, 0.01658, 0.0147685, 0.00932665, 0.00800112, 0.00982591, 0.00911211, 0.0121777, 0.0148546, 0.0155865, 0.0081084, 0.0128074, 0.00925716, 0.0101619, 0.0157551, 0.01123, 0.00829423, 0.0161834, 0.00986227, 0.0101029, 0.0144761, 0.0149369, 0.00957508, 0.0133352, 0.00892629, 0.00917606, 0.0170172, 0.0138041, 0.0112097, 0.0166852, 0.0129838, 0.0136246, 0.0135791, 0.00969694, 0.0114612, 0.0140556, 0.0171069, 0.010135, 0.0143484, 0.00809299, 0.0138704, 0.0152289];
GivenLatency = [114.201, 93.6536, 96.7524, 73.2712, 54.988, 60.3488, 75.7692, 108.764, 88.7723, 60.3621, 74.7191, 63.2381, 77.4509, 111.661, 65.9308, 108.175, 76.988, 72.2462, 117.595, 89.2753, 135.83, 83.8082, 75.9761, 62.2792, 69.4521, 105.541, 117.891, 106.073, 132.279, 86.7866, 66.4074, 79.6066, 126.02, 87.3512, 117.858, 110.769, 65.8401, 105.328, 120.865, 58.6762, 116.508, 106.489, 85.2896, 64.8833, 104.321, 83.1193, 126.323, 133.598, 72.0733, 86.7118, 104.633, 57.7, 89.8035, 85.9321, 84.8126, 124.699, 96.6318, 68.2165, 58.9581, 99.9251, 68.3498, 121.296, 85.2474, 66.0594];
HighestPossibleCritFunctionValue = 1.1;
