NumDevices = 32;
NumSlotes = 256;


GivenBandwidthOld = [0.0132467, 0.00803918, 0.00944377, 0.0163859, 0.00523937, 0.0155361, 0.0108313, 0.0115702, 0.00611216, 0.00960794, 0.0132253, 0.00986878, 0.00951498, 0.0132179, 0.0100598, 0.00766723, 0.00818855, 0.00747662, 0.017, 0.0140414, 0.0133087, 0.0126297, 0.0129246, 0.00620762, 0.0139183, 0.00667784, 0.0169789, 0.0092608, 0.0162866, 0.012192, 0.00563494, 0.0139828];
GivenLatency = [23.7649, 69.8859, 34.4588, 21.6004, 110.703, 25.8836, 31.7013, 37.6837, 60.609, 37.5054, 40.3325, 44.1613, 43.1941, 23.9431, 43.9087, 64.002, 69.1711, 79.0705, 28.8536, 29.3015, 33.6358, 25.8431, 32.3468, 73.3325, 22.979, 47.3978, 21.9306, 37.0433, 23.3648, 26.7062, 98.6307, 40.718];
HighestPossibleCritFunctionValue = 1.1;
