NumDevices = 64;
NumSlotes = 512;


GivenBandwidthOld = [0.00642014, 0.0070353, 0.00851702, 0.00558094, 0.00257968, 0.00421549, 0.00342046, 0.00391419, 0.00836075, 0.00412337, 0.00520438, 0.00493326, 0.0046116, 0.00466746, 0.00598506, 0.00718823, 0.00378586, 0.00766583, 0.00581667, 0.00828409, 0.00315333, 0.00797057, 0.00259018, 0.00570779, 0.00336454, 0.00786741, 0.00638607, 0.00310486, 0.00595978, 0.00719143, 0.00761298, 0.00517867, 0.00420593, 0.00534704, 0.00265331, 0.00410541, 0.00333295, 0.00811357, 0.00603135, 0.00389684, 0.00424309, 0.00485892, 0.00515953, 0.00749955, 0.00494552, 0.00433462, 0.0056567, 0.00712366, 0.00609642, 0.0037058, 0.00596375, 0.0052934, 0.0073513, 0.00708526, 0.00453468, 0.0056527, 0.00864001, 0.00392459, 0.00812216, 0.00659138, 0.00384553, 0.00424878, 0.00670895, 0.00486181];
GivenLatency = [82.9915, 45.7059, 42.8768, 75.0217, 148.315, 88.1842, 90.4653, 148.051, 63.9833, 157.015, 102.723, 73.5534, 69.1127, 124.727, 79.1402, 63.5931, 111.522, 41.2513, 59.2646, 58.345, 130.897, 39.5165, 153.725, 84.1046, 130.984, 63.2655, 56.5313, 168.944, 73.5323, 57.1951, 75.3097, 68.9363, 134.233, 104.413, 119.989, 113.049, 111.504, 58.8124, 72.141, 91.2518, 96.6185, 87.5503, 99.2292, 68.3243, 106.249, 77.2687, 60.3761, 60.1672, 89.4494, 114.965, 75.813, 94.3415, 84.2901, 44.207, 69.3387, 77.1084, 36.6776, 90.548, 50.8304, 60.163, 103.529, 93.7557, 59.536, 77.1804];
HighestPossibleCritFunctionValue = 1.1;
