NumDevices = 128;
NumSlotes = 1024;


GivenBandwidthOld = [0.00520573, 0.00519159, 0.00758901, 0.00596739, 0.00642362, 0.00428578, 0.00852488, 0.00513174, 0.00657259, 0.00809998, 0.00388053, 0.00759983, 0.00790633, 0.00420387, 0.00698439, 0.00415644, 0.00481464, 0.00716563, 0.00529433, 0.00425007, 0.00840612, 0.00420937, 0.0044016, 0.00523546, 0.00492546, 0.00472944, 0.00525127, 0.00566427, 0.00693401, 0.00748663, 0.00525214, 0.00521561, 0.00619738, 0.00679403, 0.00468292, 0.00835711, 0.00544374, 0.00543761, 0.00748505, 0.00378559, 0.00690438, 0.00434523, 0.00776315, 0.00772466, 0.00579232, 0.00395942, 0.00844161, 0.00563999, 0.00379899, 0.0071764, 0.00620856, 0.00478772, 0.0046999, 0.00377916, 0.00387011, 0.00750224, 0.00756821, 0.0063416, 0.00577915, 0.00762645, 0.00520474, 0.0085521, 0.00772839, 0.00860398, 0.00455114, 0.00851766, 0.00377801, 0.00451409, 0.00587536, 0.00459746, 0.00700833, 0.00650292, 0.007146, 0.00540081, 0.00391164, 0.00544341, 0.00482759, 0.00488313, 0.00833459, 0.00690331, 0.00646178, 0.0056288, 0.00567331, 0.00377462, 0.00750275, 0.00622687, 0.00751582, 0.00594933, 0.00790665, 0.00457401, 0.0079531, 0.00530432, 0.00718916, 0.00573326, 0.00632962, 0.00438393, 0.00822025, 0.0052312, 0.00827908, 0.00402095, 0.00766332, 0.00491133, 0.00725063, 0.00389977, 0.00601867, 0.00834801, 0.00743959, 0.00469853, 0.00566707, 0.00397026, 0.00564723, 0.00557037, 0.00874896, 0.00631121, 0.00493508, 0.00641503, 0.00493955, 0.00646393, 0.00670143, 0.0084657, 0.00559923, 0.00870555, 0.00669234, 0.00558592, 0.00499559, 0.00845614, 0.0048276, 0.00500018];
GivenLatency = [221.563, 202.559, 151.082, 164.757, 182.794, 240.471, 140.353, 230.376, 171.435, 135.894, 291.645, 141.03, 150.783, 286.566, 184.527, 241.739, 225.384, 135.696, 189, 224.278, 152.116, 247.121, 233.951, 237.899, 207.52, 265.249, 221.148, 215.659, 137.386, 128.606, 237.118, 245.349, 186.149, 140.742, 218.002, 122.654, 192.349, 188.962, 128.406, 296.108, 164.307, 259.248, 135.025, 134.669, 164.775, 270.336, 133.963, 188.085, 287.313, 138.783, 192.251, 208.396, 226.074, 295.866, 301.121, 130.823, 164.146, 162.656, 186.279, 152.939, 215.533, 117.259, 143.367, 137.85, 241.057, 116.709, 257.35, 230.269, 192.81, 231.081, 184.492, 172.435, 135.215, 197.875, 250.037, 197.741, 257.182, 202.439, 124.901, 139.415, 194.916, 195.153, 192.771, 258.364, 137.469, 162.4, 152.398, 210.314, 131.485, 212.64, 133.777, 220.25, 137.658, 180.357, 183.625, 283.834, 139.41, 235.851, 116.046, 242.539, 131.911, 200.231, 131.723, 308.292, 205.741, 117.714, 128.404, 253.218, 192.632, 253.678, 190.088, 193.017, 119.39, 192.78, 258.841, 161.028, 239.964, 176.332, 163.447, 120.061, 208.765, 129.957, 187.424, 171.463, 192.08, 118.344, 214.448, 194.489];
HighestPossibleCritFunctionValue = 1.1;
