NumDevices = 32;
NumSlotes = 256;


GivenBandwidthOld = [0.0195381, 0.0263587, 0.0199942, 0.0329041, 0.0286582, 0.0276935, 0.0345076, 0.018797, 0.0314998, 0.0274949, 0.016212, 0.0255686, 0.0215863, 0.0304336, 0.028037, 0.02702, 0.0345809, 0.0313229, 0.0343279, 0.019598, 0.0343388, 0.0226657, 0.0331566, 0.032542, 0.0226034, 0.0255797, 0.0275851, 0.0327838, 0.0272184, 0.0301142, 0.0196044, 0.0208991];
GivenLatency = [53.9083, 35.4136, 51.6526, 34.8679, 29.8894, 34.9668, 29.5377, 44.5908, 34.7536, 34.0417, 72.1376, 39.7937, 44.7384, 29.1733, 31.8572, 31.1025, 30.6162, 27.1508, 27.1402, 59.2839, 26.6732, 39.4534, 33.482, 30.112, 39.3722, 40.1599, 30.5606, 34.9612, 37.6388, 37.1961, 43.4526, 44.3715];
HighestPossibleCritFunctionValue = 1.1;
