NumDevices = 128;
NumSlotes = 1024;


GivenBandwidthOld = [0.00593215, 0.00419295, 0.00832701, 0.00462405, 0.00385543, 0.0057246, 0.0059091, 0.00678849, 0.0066254, 0.00551395, 0.00548348, 0.00841326, 0.00417658, 0.00822556, 0.00442121, 0.00475116, 0.00527717, 0.00584523, 0.00829793, 0.00584436, 0.00858017, 0.00442993, 0.0063256, 0.00680409, 0.00388879, 0.00639063, 0.00484144, 0.0075303, 0.00417489, 0.00482523, 0.00509559, 0.00415798, 0.00567844, 0.00509411, 0.00420258, 0.00534104, 0.0042956, 0.00863243, 0.00774481, 0.0044653, 0.00575783, 0.00434266, 0.00456675, 0.00594905, 0.00811331, 0.00794029, 0.00491747, 0.00544452, 0.00856694, 0.00699, 0.00838397, 0.00689944, 0.00634353, 0.00822015, 0.0085967, 0.00726972, 0.00462744, 0.00587652, 0.00413763, 0.00871937, 0.0038669, 0.00851688, 0.00569013, 0.00650174, 0.00720715, 0.00815485, 0.00601255, 0.00543481, 0.0053752, 0.00851209, 0.00511809, 0.00720738, 0.00697345, 0.00527245, 0.00660559, 0.00765432, 0.00863873, 0.00858948, 0.0059813, 0.00525178, 0.00417831, 0.00728991, 0.00407046, 0.0046779, 0.00404633, 0.00423261, 0.00498544, 0.00784814, 0.00614165, 0.00513098, 0.00392514, 0.00737665, 0.00690184, 0.00669339, 0.00838684, 0.00506397, 0.00764936, 0.00537966, 0.00842633, 0.00377233, 0.00401959, 0.00479572, 0.00425198, 0.0055059, 0.00513206, 0.00707453, 0.00416505, 0.00442204, 0.00864258, 0.00827423, 0.00751186, 0.00434959, 0.0060524, 0.00518794, 0.00627148, 0.0072548, 0.00395963, 0.00704444, 0.00840307, 0.00793104, 0.00447138, 0.00794247, 0.00655435, 0.00645375, 0.00575725, 0.00457406, 0.00870342, 0.00583207];
GivenLatency = [176.332, 257.778, 120.989, 241.346, 251.892, 173.379, 173.422, 145.905, 192.415, 197.968, 192.713, 115.806, 260.933, 138.227, 260.058, 212.06, 180.708, 178.284, 143.203, 185.513, 149.301, 233.575, 166.501, 145.183, 276.397, 158.093, 198.731, 142.785, 236.873, 236.75, 194.035, 268.268, 173.112, 215.436, 267.455, 195.823, 256.035, 121.688, 162.459, 262.085, 186.15, 248.45, 244.232, 162.251, 140.471, 124.282, 234.539, 212.67, 150.681, 170.683, 149.044, 143.065, 198.386, 132.378, 136.055, 144.135, 261.701, 164.534, 262.628, 114.112, 321.113, 140.502, 212.677, 160.024, 176.741, 127.987, 180.027, 230.113, 181.853, 128.053, 213.736, 164.09, 183.742, 245.419, 176.371, 133.449, 120.789, 135.332, 200.634, 213.254, 285.943, 176.319, 299.593, 236.204, 242.424, 232.092, 199.129, 148.562, 159.762, 192.87, 265.196, 153.756, 179.257, 161.065, 119.812, 221.295, 151.931, 198.898, 121.453, 331.169, 272.098, 261.479, 270.939, 193.906, 199.968, 161.061, 259.573, 265.428, 148.465, 139.004, 146.638, 247.433, 157.909, 239.001, 202.424, 163.637, 244.798, 165.488, 145.836, 124.557, 268.294, 140.927, 158.212, 188.534, 168.653, 209.794, 143.732, 172.012];
HighestPossibleCritFunctionValue = 1.1;
