NumDevices = 32;
NumSlotes = 256;


GivenBandwidthOld = [0.00652293, 0.0134647, 0.00816621, 0.00706417, 0.0100608, 0.0118532, 0.0125413, 0.0144137, 0.00804752, 0.0121107, 0.014768, 0.0129276, 0.00697258, 0.00812727, 0.0150397, 0.0051946, 0.0131696, 0.0106528, 0.0123906, 0.00623444, 0.0146896, 0.00874841, 0.0169736, 0.008351, 0.0128167, 0.0172303, 0.0102847, 0.0121621, 0.0161957, 0.0092956, 0.0136076, 0.0102768];
GivenLatency = [49.0807, 42.4854, 37.7736, 84.1035, 43.1812, 28.9841, 27.7788, 25.4995, 49.101, 31.7397, 33.2484, 40.8908, 64.8884, 41.5045, 24.7841, 90.25, 30.6721, 54.2549, 48.0068, 55.9624, 27.0465, 67.9173, 32.7292, 39.2231, 35.5163, 19.2427, 30.771, 50.0203, 22.2789, 41.2864, 29.4432, 38.6121];
HighestPossibleCritFunctionValue = 1.1;
