NumDevices = 32;
NumSlotes = 256;


GivenBandwidthOld = [0.0076471, 0.00724073, 0.0150204, 0.0173641, 0.0079789, 0.00887212, 0.00864861, 0.0146665, 0.00701577, 0.00903124, 0.00800468, 0.0172138, 0.00698809, 0.00632842, 0.00682967, 0.00628518, 0.0174871, 0.013651, 0.0144997, 0.0162154, 0.0142132, 0.0130959, 0.00983682, 0.00994721, 0.0153128, 0.00687562, 0.0159618, 0.0144707, 0.0165771, 0.00635821, 0.00740542, 0.00794548];
GivenLatency = [59.1283, 73.1363, 26.5018, 18.6396, 66.1935, 38.9069, 51.916, 35.1111, 46.975, 65.5147, 58.6455, 20.4122, 85.8703, 69.5307, 64.4103, 70.3871, 30.5414, 33.7768, 23.5244, 21.7011, 22.055, 33.9997, 49.4917, 36.0497, 20.8532, 61.4556, 20.9381, 36.4392, 23.1015, 65.4484, 82.7228, 55.9636];
HighestPossibleCritFunctionValue = 1.1;
