NumDevices = 128;
NumSlotes = 1024;


GivenBandwidthOld = [0.00423719, 0.00449976, 0.00503034, 0.00986348, 0.00926309, 0.00608536, 0.00416652, 0.00428787, 0.00619442, 0.00586434, 0.00815457, 0.00634075, 0.00891851, 0.00844572, 0.00591552, 0.0059551, 0.00862659, 0.00832189, 0.00595843, 0.00835293, 0.00900558, 0.00926423, 0.00647524, 0.00679854, 0.00932863, 0.00750767, 0.00894138, 0.00527968, 0.00688999, 0.00876266, 0.00776222, 0.00581085, 0.00925448, 0.005078, 0.00476114, 0.00421548, 0.00837279, 0.00518464, 0.00952983, 0.00787075, 0.00498594, 0.00744812, 0.00805108, 0.00453275, 0.00947083, 0.00999012, 0.00652883, 0.00752085, 0.00544901, 0.00894672, 0.00750514, 0.00393427, 0.0069515, 0.00506622, 0.00663396, 0.00571464, 0.00462462, 0.00980058, 0.0083558, 0.00717013, 0.00464891, 0.00552376, 0.00902479, 0.00716316, 0.00619722, 0.0092282, 0.00709119, 0.00912476, 0.00611455, 0.00727862, 0.00933431, 0.00925219, 0.00409986, 0.00876418, 0.00828904, 0.00396544, 0.00588109, 0.00841423, 0.00794125, 0.00857707, 0.00740123, 0.00754551, 0.00740633, 0.00561297, 0.0083901, 0.00861172, 0.0084787, 0.00394098, 0.00727864, 0.00956509, 0.00672272, 0.00376179, 0.00820994, 0.00576296, 0.00427445, 0.00560921, 0.00768757, 0.00744402, 0.00783384, 0.00966874, 0.00508578, 0.00424697, 0.00630808, 0.00984006, 0.00939617, 0.00524616, 0.00594124, 0.00699764, 0.00557557, 0.00484039, 0.00497215, 0.0069087, 0.0045091, 0.00562063, 0.00592154, 0.00700228, 0.00862942, 0.00586488, 0.0047764, 0.00442127, 0.00456166, 0.00789073, 0.00944991, 0.00836075, 0.0090529, 0.00462101, 0.00540184, 0.00379047];
GivenLatency = [830.329, 815.535, 912.886, 385.019, 410.144, 742.87, 978.682, 823.124, 676.421, 606.874, 584.954, 643.13, 431.092, 433.431, 615.12, 587.014, 426.127, 452.888, 781.025, 481.544, 450.019, 463.085, 519.589, 588.923, 444.893, 548.171, 463.045, 921.053, 502.618, 430.945, 536.707, 585.933, 511.043, 974.829, 932.933, 1146.8, 410.61, 716.415, 377.138, 554.381, 930.267, 513.575, 418, 970.463, 412.136, 356.824, 683.096, 555.194, 856.786, 393.201, 599.983, 1091.89, 640.34, 843.073, 559.566, 628.871, 1063.48, 342.462, 471.358, 499.012, 879.389, 609.219, 381.109, 530.826, 748.65, 434.654, 572.717, 378.926, 586.127, 498.668, 496.657, 409.622, 875.49, 513.861, 528.657, 1216.95, 624.598, 511.792, 492.563, 476.326, 580.521, 602.442, 631.876, 772.087, 559.907, 512.756, 418.086, 909.572, 517.609, 398.432, 533.128, 1019.31, 462.544, 677.069, 878.3, 595.033, 498.334, 575.386, 508.895, 386.795, 748.818, 1037.63, 541.724, 501.558, 474.332, 927.813, 715.938, 517.779, 636.926, 889.533, 831.219, 494.116, 1103.51, 781.363, 689.124, 504.584, 520.449, 729.794, 914.617, 906.472, 1011.33, 564.816, 373.736, 589.786, 369.494, 972.563, 648.291, 1299.14];
HighestPossibleCritFunctionValue = 1.1;
