NumDevices = 64;
NumSlotes = 512;


GivenBandwidthOld = [0.0156076, 0.0114374, 0.0138448, 0.0144648, 0.0152582, 0.00947231, 0.0160872, 0.0131265, 0.0123252, 0.0150213, 0.00754226, 0.0077614, 0.0108878, 0.0161617, 0.0147999, 0.0162982, 0.00821336, 0.0169763, 0.0158879, 0.0126762, 0.0143349, 0.0122621, 0.0138936, 0.0154283, 0.00777483, 0.0165151, 0.0148406, 0.0113061, 0.0159894, 0.00883279, 0.00763407, 0.0107741, 0.0150626, 0.0119344, 0.0159223, 0.0113058, 0.0123486, 0.0174537, 0.0100382, 0.0167327, 0.0117437, 0.0121209, 0.0107668, 0.0134396, 0.0136606, 0.00831855, 0.0148717, 0.0142364, 0.0166647, 0.00917507, 0.0104142, 0.0169096, 0.0149671, 0.0171223, 0.009911, 0.00922754, 0.0121894, 0.0125093, 0.00847997, 0.00785227, 0.00812964, 0.00985499, 0.00784382, 0.0161263];
GivenLatency = [75.0552, 104.792, 66.1508, 70.9258, 63.9457, 123.345, 65.3273, 82.633, 77.2853, 62.2403, 123.435, 159.412, 96.6574, 57.0746, 74.828, 69.1034, 142.139, 61.0157, 71.5231, 84.3223, 86.1309, 98.6688, 89.7605, 75.0723, 119.471, 56.8254, 76.7492, 92.0316, 71.6127, 135.523, 131.836, 90.32, 70.7762, 88.759, 69.2207, 105.632, 81.3052, 63.8893, 101.565, 56.4151, 90.5725, 82.3423, 98.9007, 70.8966, 70.2252, 125.15, 65.5233, 66.6807, 72.8316, 105.83, 91.7947, 55.019, 65.2367, 60.7499, 103.317, 101.165, 94.6294, 86.7106, 118.311, 124.244, 112.849, 119.722, 140.273, 59.411];
HighestPossibleCritFunctionValue = 1.1;
