NumDevices = 64;
NumSlotes = 512;


GivenBandwidthOld = [0.0132147, 0.0174354, 0.0173817, 0.0137252, 0.00951594, 0.0144191, 0.00880429, 0.0161326, 0.00815364, 0.0182794, 0.0150324, 0.0176605, 0.0125818, 0.0180335, 0.0194946, 0.0136882, 0.0123617, 0.0189215, 0.0190135, 0.0141223, 0.00806287, 0.017609, 0.00899625, 0.0175531, 0.00802722, 0.0184642, 0.00795162, 0.0104645, 0.0191716, 0.00989183, 0.019552, 0.0150119, 0.010346, 0.0157792, 0.0179131, 0.019783, 0.00976351, 0.0128195, 0.0129562, 0.00936024, 0.0101003, 0.0109025, 0.0186976, 0.0179976, 0.0151729, 0.0161851, 0.0162426, 0.0194699, 0.0107327, 0.0146948, 0.0187728, 0.0192448, 0.0147935, 0.0149309, 0.0107616, 0.011937, 0.0171897, 0.0119208, 0.00771386, 0.0142932, 0.0190961, 0.0160956, 0.0116158, 0.0188827];
GivenLatency = [184.601, 178.022, 135.391, 217.626, 245.15, 198.078, 292.141, 164.414, 396.768, 140.541, 166.006, 130.591, 178.34, 123.778, 138.679, 218.469, 237.778, 139.723, 156.932, 196.053, 283.418, 167.332, 314.886, 158.614, 387.453, 124.035, 354.778, 215.316, 149.623, 226.813, 124.468, 181.361, 240.705, 168.582, 142.469, 140.229, 262.616, 246.889, 186.1, 309.499, 221.488, 229.258, 126.456, 140.973, 147.093, 138.18, 136.936, 148.945, 247.85, 212.938, 118.802, 134.203, 198.222, 155.254, 211.762, 243.9, 177.402, 202.098, 358.539, 174.872, 121.881, 171.27, 247.775, 124.508];
HighestPossibleCritFunctionValue = 1.1;
