NumDevices = 16;
NumSlotes = 128;


GivenBandwidthOld = [0.0173775, 0.028852, 0.0306664, 0.0255509, 0.0246185, 0.0278584, 0.0305548, 0.0252094, 0.0101494, 0.0211929, 0.0291823, 0.0321659, 0.0266781, 0.0190553, 0.0278247, 0.0152208];
GivenLatency = [19.1105, 15.9027, 13.5908, 19.6936, 18.2107, 11.7554, 12.9205, 15.2733, 46.3188, 24.3339, 13.5257, 9.42251, 18.8498, 24.1397, 19.114, 32.0733];
HighestPossibleCritFunctionValue = 1.1;
