NumDevices = 128;
NumSlotes = 1024;


GivenBandwidthOld = [0.00506216, 0.00721864, 0.00620567, 0.00614441, 0.00656988, 0.00746407, 0.00611867, 0.00396388, 0.00834783, 0.004468, 0.00611575, 0.00488229, 0.00410167, 0.00425486, 0.00395692, 0.00637863, 0.00816686, 0.00788275, 0.00786937, 0.00803574, 0.00426162, 0.00746917, 0.00678106, 0.00675102, 0.00683914, 0.0079827, 0.00766159, 0.00590716, 0.00412698, 0.00457796, 0.00426902, 0.00694068, 0.00454822, 0.00446784, 0.00857527, 0.00705857, 0.00583606, 0.00412879, 0.00504782, 0.00613195, 0.00724921, 0.00500133, 0.00485956, 0.00704826, 0.00756975, 0.00731771, 0.00627488, 0.00447108, 0.0079251, 0.00465144, 0.00421578, 0.00703742, 0.00548966, 0.00725345, 0.00623428, 0.00708439, 0.00478507, 0.00512947, 0.00857178, 0.00834272, 0.00857269, 0.00376403, 0.00457658, 0.00615904, 0.00755603, 0.00670666, 0.00630555, 0.00482979, 0.00670961, 0.00584674, 0.00863255, 0.00484529, 0.00723457, 0.00389223, 0.00415832, 0.00630177, 0.00631027, 0.00418263, 0.00504732, 0.00788335, 0.0079974, 0.004772, 0.00555301, 0.00701839, 0.00553532, 0.00464445, 0.00680654, 0.00502415, 0.00834742, 0.00763687, 0.00533043, 0.00611089, 0.00821377, 0.00636319, 0.00871552, 0.00419104, 0.00628171, 0.00420436, 0.00519554, 0.00399994, 0.0044725, 0.00683129, 0.00603297, 0.00856479, 0.00597089, 0.00531004, 0.00841523, 0.00730763, 0.00688259, 0.00820744, 0.00500863, 0.00751261, 0.00701035, 0.00538997, 0.00669569, 0.00688314, 0.0074786, 0.00533015, 0.00635531, 0.00624987, 0.00412324, 0.00684261, 0.00617073, 0.00401653, 0.00824899, 0.00823331, 0.00472838, 0.00735468];
GivenLatency = [201.042, 159.951, 192.65, 155.028, 179.415, 170.421, 158.169, 317.358, 130.13, 278.988, 158.494, 245.913, 247.822, 263.686, 277.467, 163.611, 153.509, 130.894, 146.582, 137.374, 298.348, 133.081, 143.183, 154.241, 184.951, 123.424, 166.262, 188.22, 262.812, 224.519, 293.063, 141.315, 256.854, 221.077, 111.322, 169.198, 191.672, 300.215, 211.167, 155.537, 146.088, 242.5, 215.612, 156.143, 153.873, 164.019, 175.815, 239.629, 138.235, 220.806, 231.877, 138.294, 202.582, 133.527, 161.09, 180.807, 200.036, 207.334, 112.753, 120.478, 130.816, 306.234, 254.154, 156.701, 144.554, 146.186, 173.01, 262.584, 156.51, 221.27, 133.797, 264.363, 136.316, 275.559, 299.858, 151.652, 170.434, 243.299, 199.209, 122.574, 138.97, 235.125, 217.417, 163.205, 208.28, 248.519, 145.209, 243.344, 154, 137.182, 242.736, 158.999, 121.29, 154.071, 111.098, 293.162, 203.064, 268.094, 185.667, 315.722, 249.322, 168.47, 209.498, 113.718, 173.388, 223.895, 116.97, 154.654, 143.155, 123.47, 213.789, 147.456, 143.036, 236.979, 143.147, 146.88, 133.997, 214.767, 191.232, 193.209, 260.213, 176.779, 184.439, 313.258, 132.604, 120.317, 269.797, 164.081];
HighestPossibleCritFunctionValue = 1.1;
