NumDevices = 16;
NumSlotes = 128;


GivenBandwidthOld = [0.0206848, 0.0152669, 0.0314661, 0.0157377, 0.0183922, 0.0335386, 0.0235189, 0.021373, 0.0307745, 0.0171561, 0.0328529, 0.0232512, 0.022086, 0.0150938, 0.0213493, 0.0320141];
GivenLatency = [17.6047, 21.768, 12.8943, 32.758, 19.2116, 9.5859, 14.0813, 15.5633, 9.86442, 19.0337, 12.7789, 21.1746, 16.0991, 36.1943, 22.5412, 18.7353];
HighestPossibleCritFunctionValue = 1.1;
