NumDevices = 128;
NumSlotes = 1024;


GivenBandwidthOld = [0.00591774, 0.00694361, 0.00377444, 0.00453233, 0.00737476, 0.00507184, 0.00487826, 0.00642936, 0.00580443, 0.00763946, 0.00398968, 0.00703129, 0.00739153, 0.00695113, 0.00509408, 0.00863279, 0.00873237, 0.00745012, 0.00660957, 0.00462609, 0.00814174, 0.00567455, 0.00459695, 0.00839193, 0.00563276, 0.00724456, 0.00683132, 0.00648545, 0.00842201, 0.0062926, 0.00716742, 0.00535306, 0.00643299, 0.00676708, 0.00677105, 0.00853033, 0.00678239, 0.00418296, 0.00544752, 0.00395717, 0.00566971, 0.00836303, 0.00494683, 0.00385695, 0.00632051, 0.00629909, 0.00632657, 0.00812235, 0.00478089, 0.00493359, 0.00641925, 0.00586715, 0.00674195, 0.0044966, 0.00679053, 0.00593952, 0.00808073, 0.00534825, 0.00551792, 0.00717147, 0.00835607, 0.00801265, 0.00618742, 0.00442133, 0.00674552, 0.00439403, 0.00797146, 0.0038178, 0.00825563, 0.00485483, 0.00757426, 0.00802707, 0.00851071, 0.007006, 0.00730753, 0.00511845, 0.00827462, 0.00401295, 0.00818638, 0.00594736, 0.00479978, 0.00736874, 0.00398731, 0.00727576, 0.00620448, 0.00615203, 0.00460545, 0.00622458, 0.00394317, 0.00538358, 0.00429595, 0.00446632, 0.00798516, 0.00400654, 0.00544592, 0.00703293, 0.00502863, 0.00871164, 0.00405624, 0.00567064, 0.0040225, 0.00864561, 0.00432192, 0.00602347, 0.00395374, 0.00800412, 0.00781315, 0.00803828, 0.00694018, 0.00604702, 0.00483392, 0.00618417, 0.00481902, 0.0057436, 0.00518662, 0.00400957, 0.00630487, 0.00851078, 0.00821044, 0.00531543, 0.00399951, 0.00723667, 0.00422695, 0.00491036, 0.00587857, 0.00868538, 0.00768912, 0.00855053];
GivenLatency = [184.809, 153.198, 269.362, 261.263, 129.466, 205.244, 216.37, 198.271, 202.161, 159.324, 248.511, 155.498, 137.318, 176.524, 240.674, 131.248, 109.898, 172.672, 194.835, 274.77, 147.719, 180.637, 213.349, 122.543, 182.618, 158.551, 163.791, 156.216, 125.59, 152.457, 180.631, 225.963, 155.668, 188.473, 188.892, 147.375, 167.268, 266.763, 205.687, 286.329, 215.367, 130.13, 225.87, 319.801, 160.212, 177.695, 196.288, 126.51, 211.487, 253.998, 148.426, 196.754, 192.489, 223.2, 188.387, 162.053, 150.931, 209.567, 205.706, 175.611, 125.127, 137.881, 187.59, 255.594, 182.273, 258.227, 154.162, 294.501, 138.639, 204.475, 134.799, 158.179, 143.855, 152.523, 139.589, 200.768, 134.588, 294.471, 140.085, 190.242, 222.377, 141.398, 289.034, 151.564, 189.536, 171.183, 208.701, 187.975, 282.001, 224.288, 289.691, 275.297, 124.751, 271.715, 205.117, 136.81, 212.662, 131.671, 259.718, 179.361, 321.767, 113.869, 221.976, 187.907, 294.027, 125.584, 122.969, 132.396, 159.89, 177.605, 197.592, 167.162, 211.675, 170.232, 243.913, 293.464, 168.902, 133.993, 138.645, 220.25, 282.492, 168.943, 265.273, 222.465, 193.033, 130.781, 157.08, 138.433];
HighestPossibleCritFunctionValue = 1.1;
