NumDevices = 32;
NumSlotes = 256;


GivenBandwidthOld = [0.0170498, 0.0134581, 0.00995273, 0.00806132, 0.0066069, 0.0121239, 0.0114878, 0.00873505, 0.0174096, 0.0100671, 0.00596053, 0.0110994, 0.00509022, 0.00875202, 0.0151735, 0.0157725, 0.00851961, 0.00915664, 0.0155842, 0.00605643, 0.0104182, 0.00675249, 0.00916318, 0.0131228, 0.0115693, 0.0148582, 0.0161411, 0.015702, 0.0113085, 0.00769714, 0.0108057, 0.00662474];
GivenLatency = [23.3065, 24.2506, 36.0765, 47.1133, 52.4507, 47.7976, 33.7514, 60.2819, 23.2676, 31.4746, 95.7826, 27.7356, 68.0906, 56.0497, 40.6211, 19.9848, 51.552, 39.6186, 40.2814, 80.8149, 34.3902, 62.6989, 44.2684, 28.9852, 42.6619, 37.1131, 22.8794, 35.9775, 33.5961, 72.1351, 42.6853, 61.8573];
HighestPossibleCritFunctionValue = 1.1;
