NumDevices = 128;
NumSlotes = 1024;


GivenBandwidthOld = [0.00644173, 0.00621319, 0.00877753, 0.00777064, 0.00991986, 0.00679614, 0.0065194, 0.00535095, 0.00470475, 0.00644084, 0.00378165, 0.00440843, 0.00740669, 0.00551567, 0.00432225, 0.00898577, 0.00752991, 0.00765467, 0.00454297, 0.00619013, 0.00871989, 0.00763124, 0.00453009, 0.00842118, 0.00595535, 0.00651605, 0.00530226, 0.00505841, 0.00664083, 0.00875704, 0.00701487, 0.00771081, 0.0043331, 0.00393888, 0.009514, 0.00423394, 0.00609157, 0.00859861, 0.00688407, 0.00928926, 0.00836436, 0.00730309, 0.00799492, 0.00434152, 0.00791043, 0.00942325, 0.00410687, 0.00788845, 0.00861327, 0.00948142, 0.00666519, 0.00568136, 0.0079459, 0.00548066, 0.00971041, 0.00534508, 0.00609152, 0.00761802, 0.00727133, 0.00541492, 0.00486939, 0.00489803, 0.00502737, 0.00994514, 0.00665432, 0.0040792, 0.00542884, 0.00747502, 0.0039882, 0.00721708, 0.00624582, 0.00727263, 0.0085723, 0.00840752, 0.00767579, 0.00951039, 0.00617692, 0.00548471, 0.0089428, 0.00407268, 0.00824183, 0.0042252, 0.00914484, 0.0060691, 0.00594533, 0.00695979, 0.00687979, 0.00621447, 0.00533757, 0.00474731, 0.00923891, 0.005813, 0.00787523, 0.00524895, 0.00916947, 0.00746997, 0.00652484, 0.00930633, 0.00778287, 0.00924109, 0.00496418, 0.00426977, 0.00830799, 0.00993664, 0.00767154, 0.00685539, 0.00850824, 0.00670939, 0.00478324, 0.00684686, 0.00887998, 0.0046565, 0.00806369, 0.0039116, 0.00719711, 0.00812738, 0.00569313, 0.00567794, 0.00671743, 0.00858487, 0.00713061, 0.00917965, 0.00986672, 0.00744329, 0.00815689, 0.00791839, 0.00571005, 0.00873984];
GivenLatency = [684.567, 567.388, 451.637, 559.753, 342.332, 668.609, 609.187, 712.214, 1052.05, 755.499, 1162.3, 848.383, 649.89, 855.805, 917.453, 445.489, 560.171, 515.374, 1044.99, 549.361, 471.174, 644.259, 754.784, 528.934, 657.876, 692.068, 684.786, 754.369, 578.168, 419.483, 485.602, 443.021, 1077.41, 1017.91, 410.935, 884.435, 598.657, 480.793, 699.896, 381.27, 495.841, 597.533, 541.39, 796.644, 578.748, 450.046, 893.719, 447.96, 396.357, 399.661, 661.808, 629.89, 448.676, 674.5, 367.216, 707.776, 729.53, 437.764, 582.64, 795.434, 792.705, 808.689, 841.848, 408.093, 612.268, 1196.12, 864.637, 535.19, 937.719, 507.236, 732.328, 503.169, 415.056, 498.114, 576.842, 407.178, 593.797, 695.759, 530.154, 846.195, 482.168, 792.867, 386.371, 668.236, 673.962, 503.997, 594.094, 618.347, 758.636, 937.061, 501.585, 799.551, 564.077, 746.948, 452.547, 517.125, 582.568, 456.659, 501.157, 364.943, 689.049, 1074.19, 538.347, 352.565, 512.356, 519.132, 404.015, 545.799, 714.88, 624.846, 388.799, 958.968, 416.931, 1276.91, 597.481, 439.349, 710.061, 844.597, 512.153, 453.371, 692.181, 521.972, 392.711, 546.324, 419.983, 459.796, 730.801, 462.143];
HighestPossibleCritFunctionValue = 1.1;
