NumDevices = 128;
NumSlotes = 1024;


GivenBandwidthOld = [0.00526843, 0.00400662, 0.00671297, 0.00734315, 0.00375227, 0.00687475, 0.00640814, 0.00406811, 0.00531064, 0.00844895, 0.00401354, 0.00812986, 0.00602257, 0.00391768, 0.00694785, 0.00509012, 0.00711158, 0.00685982, 0.00556345, 0.00748202, 0.0078958, 0.00716764, 0.00407845, 0.00407784, 0.00867847, 0.0065271, 0.00839918, 0.00744988, 0.0076555, 0.00844707, 0.00744283, 0.00416165, 0.00726943, 0.00473702, 0.00751653, 0.00781798, 0.00430468, 0.0062671, 0.00858491, 0.00415602, 0.00770043, 0.00865852, 0.00627842, 0.0039869, 0.00532348, 0.0042142, 0.00561024, 0.00381351, 0.00609607, 0.00421357, 0.00494533, 0.00858498, 0.00527957, 0.0062653, 0.00835858, 0.00509136, 0.0080515, 0.00410427, 0.00793931, 0.00842899, 0.00860553, 0.00560821, 0.00477181, 0.0073597, 0.00697007, 0.00845176, 0.00621762, 0.00711833, 0.00529694, 0.00820312, 0.00725509, 0.00381092, 0.00771549, 0.00669611, 0.00409506, 0.008235, 0.0080785, 0.00786538, 0.00593148, 0.00782385, 0.007986, 0.00821868, 0.00386154, 0.00840567, 0.0065627, 0.00672108, 0.00861146, 0.00540057, 0.0048278, 0.00836786, 0.00619245, 0.00395105, 0.00772627, 0.00790509, 0.00834582, 0.00562521, 0.00541226, 0.00634805, 0.00420121, 0.00716684, 0.0056434, 0.0060492, 0.00635818, 0.00436463, 0.00384874, 0.00835226, 0.00398552, 0.00711951, 0.00506072, 0.00794876, 0.00726312, 0.00381607, 0.00416478, 0.00495016, 0.0049235, 0.00672721, 0.00670623, 0.00414164, 0.00605772, 0.00459991, 0.00815523, 0.00747795, 0.00445929, 0.00470989, 0.00667932, 0.00679675, 0.005486, 0.00576613];
GivenLatency = [245.446, 265.879, 155.297, 146.297, 296.484, 166.415, 180.421, 311.263, 220.231, 151.699, 313.59, 140.508, 165.282, 264.446, 180.747, 198.302, 136.679, 156.588, 202.194, 163.943, 129.845, 142.075, 255.748, 240.094, 128.673, 159.463, 147.189, 160.388, 148.279, 139.666, 160.052, 266.988, 161.854, 265.031, 168.178, 134.257, 290.167, 186.67, 134.017, 243.422, 143.409, 112.461, 204.633, 317.024, 179.917, 281.523, 214.393, 310.783, 190.544, 264.925, 243.975, 121.526, 198.168, 166.227, 145.154, 190.161, 136.658, 245.72, 127.72, 126.891, 115.993, 209.326, 213.735, 155.117, 141.482, 135.795, 164.248, 136.662, 201.582, 158.022, 141.839, 323.937, 136.444, 189.964, 265.345, 125.148, 118.685, 148.859, 176.654, 148.535, 157.983, 138.296, 297.261, 128.657, 186.015, 143.52, 148.323, 219.674, 233.097, 119.405, 158.269, 290.061, 139.498, 120.843, 151.357, 222.979, 236.369, 189.403, 276.046, 146.123, 226.551, 171.937, 161.959, 238.785, 253.985, 155.147, 283.97, 163.791, 242.608, 149.603, 143.507, 307.383, 284.292, 257.576, 218.635, 152.851, 181.647, 247.876, 166.752, 247.781, 117.568, 153.942, 262.117, 241.658, 174.471, 189.446, 174.879, 178.061];
HighestPossibleCritFunctionValue = 1.1;
