NumDevices = 16;
NumSlotes = 128;


GivenBandwidthOld = [0.0346332, 0.0198259, 0.0296361, 0.0333037, 0.0257419, 0.0335663, 0.013043, 0.0290775, 0.0212766, 0.0109575, 0.0279512, 0.0165827, 0.0202996, 0.014811, 0.0184148, 0.0121193];
GivenLatency = [10.0449, 18.2352, 20.1587, 11.8487, 14.7476, 17.6165, 32.0591, 14.4389, 15.2007, 44.0253, 16.0922, 37.852, 30.6405, 41.9261, 21.2139, 34.1514];
HighestPossibleCritFunctionValue = 1.1;
