NumDevices = 16;
NumSlotes = 128;


GivenBandwidthOld = [0.0711758, 0.0716076, 0.0786132, 0.0715916, 0.0599601, 0.0699762, 0.060527, 0.0474252, 0.0460369, 0.0620719, 0.0619617, 0.0605386, 0.0419923, 0.0346421, 0.050404, 0.0606339];
GivenLatency = [24.6907, 20.5525, 24.2362, 27.1874, 23.0091, 19.0782, 27.5088, 32.5102, 34.7011, 26.155, 24.8071, 31.377, 45.1775, 54.6888, 36.4679, 30.4796];
HighestPossibleCritFunctionValue = 1.1;
