NumDevices = 16;
NumSlotes = 128;


GivenBandwidthOld = [0.0338096, 0.0287377, 0.0100104, 0.010577, 0.0320277, 0.0286883, 0.0285258, 0.0235233, 0.0208601, 0.0100963, 0.0280298, 0.0125509, 0.0337949, 0.030194, 0.0348764, 0.0323488];
GivenLatency = [10.8152, 15.4509, 47.714, 45.6419, 18.6896, 17.2725, 13.2099, 15.8691, 28.8194, 36.09, 15.4001, 42.5925, 13.6832, 11.7903, 12.8541, 11.7898];
HighestPossibleCritFunctionValue = 1.1;
