NumDevices = 16;
NumSlotes = 128;


GivenBandwidthOld = [0.0150398, 0.0132333, 0.0275732, 0.0127452, 0.0235724, 0.0217672, 0.0317452, 0.0320646, 0.0241264, 0.0327191, 0.0249022, 0.0205958, 0.0193107, 0.0191617, 0.015967, 0.0218272];
GivenLatency = [33.8508, 37.38, 16.5586, 38.8937, 23.4347, 14.2738, 10.1497, 10.612, 19.0138, 11.1073, 24.6586, 17.1513, 20.5667, 24.6427, 28.6746, 18.8919];
HighestPossibleCritFunctionValue = 1.1;
