NumDevices = 128;
NumSlotes = 1024;


GivenBandwidthOld = [0.00764491, 0.00546726, 0.00568347, 0.00452737, 0.0039801, 0.0060165, 0.00680708, 0.00408364, 0.00622947, 0.00613363, 0.00537714, 0.00615423, 0.0066095, 0.00832914, 0.00535717, 0.00553858, 0.00439034, 0.00586918, 0.00581119, 0.00624598, 0.00376476, 0.00688155, 0.00578876, 0.00424583, 0.00708332, 0.00693073, 0.00731569, 0.00737223, 0.00750351, 0.00401015, 0.00607747, 0.00645839, 0.00868613, 0.00526891, 0.00712968, 0.00609866, 0.00766311, 0.00631069, 0.00631813, 0.00633722, 0.00714573, 0.00578893, 0.00698153, 0.00611717, 0.00377111, 0.00846931, 0.00616006, 0.00468709, 0.00845575, 0.00823925, 0.00451705, 0.00558791, 0.0084201, 0.00412254, 0.00503539, 0.00734434, 0.00382522, 0.00802071, 0.00660442, 0.00804672, 0.00872965, 0.00668566, 0.00833954, 0.00517271, 0.00525482, 0.0052368, 0.00732367, 0.00640995, 0.00456681, 0.00689032, 0.00816309, 0.00459239, 0.00676884, 0.00636016, 0.00778828, 0.00504599, 0.00544347, 0.00587817, 0.00685813, 0.00701501, 0.00380377, 0.00747189, 0.00761517, 0.00570736, 0.00617989, 0.00785579, 0.00472776, 0.0069172, 0.00480604, 0.00753989, 0.00536127, 0.00437568, 0.00460977, 0.00392673, 0.00409928, 0.0041295, 0.00695168, 0.00445003, 0.00416624, 0.00455874, 0.00616382, 0.00787587, 0.00719579, 0.00715774, 0.00771168, 0.00769234, 0.00766745, 0.00435627, 0.00835238, 0.00604468, 0.00536926, 0.00859901, 0.00609172, 0.00598712, 0.00807279, 0.00683853, 0.0076515, 0.00620436, 0.0041016, 0.00802033, 0.00518621, 0.00719511, 0.00569505, 0.00417872, 0.00424732, 0.00721798, 0.00514118, 0.00525411];
GivenLatency = [127.476, 180.121, 222.823, 238.916, 314.698, 166.101, 184.501, 250.247, 191.652, 171.701, 209.474, 190.516, 158.482, 126.988, 241.836, 218.386, 235.075, 208.534, 170.035, 187.317, 337.472, 143.839, 167.189, 233.884, 177.255, 172.751, 141.436, 140.469, 132.025, 281.831, 173.167, 192.819, 149.491, 231.614, 162.262, 200.695, 128.74, 198.124, 190.066, 170.84, 166.14, 216.125, 168.858, 192.463, 270.577, 146.706, 171.898, 216.534, 121.861, 132.483, 286.105, 229.683, 134.936, 264.002, 207.945, 149.571, 307.831, 137.018, 171.23, 153.691, 117.738, 172.529, 134.224, 194.366, 209.21, 192.976, 146.329, 159.566, 259.248, 174.507, 135.464, 236.202, 141.979, 173.1, 159.862, 209.379, 204.814, 179.278, 144.785, 146.757, 265.953, 165.912, 139.869, 193.555, 197.625, 151.027, 225.48, 155.64, 245.733, 153.729, 188.566, 254.096, 222.502, 267.447, 241.117, 246.525, 138.661, 271.678, 281.538, 220.999, 182.015, 147.131, 141.272, 137.25, 156.48, 124.623, 163.804, 218.778, 137.82, 191.878, 200.917, 128.01, 196.51, 185.968, 139.832, 175.729, 141.615, 180.412, 310.154, 135.798, 195.879, 136.337, 169.429, 231.563, 281.623, 139.261, 243.743, 246.025];
HighestPossibleCritFunctionValue = 1.1;
