NumDevices = 64;
NumSlotes = 512;


GivenBandwidthOld = [0.00430927, 0.00466341, 0.00665191, 0.00866161, 0.00446702, 0.0059382, 0.00706497, 0.00728038, 0.00262795, 0.00302559, 0.00479653, 0.00651742, 0.00459204, 0.00721352, 0.00389716, 0.00340096, 0.0075042, 0.00801957, 0.00739102, 0.00586719, 0.00727689, 0.00635442, 0.0086643, 0.00592604, 0.00272141, 0.00495863, 0.00601744, 0.00757487, 0.00826541, 0.00802209, 0.00605441, 0.00403036, 0.00447692, 0.00364779, 0.00582421, 0.00382601, 0.00756603, 0.00352585, 0.00653399, 0.00794401, 0.00617706, 0.00292089, 0.00761107, 0.00420286, 0.00378158, 0.0045949, 0.00523666, 0.00380843, 0.00585582, 0.00374587, 0.00441608, 0.00601177, 0.00611659, 0.00535154, 0.00330226, 0.00478393, 0.00728929, 0.00854029, 0.00295125, 0.00536447, 0.00809299, 0.0038186, 0.00803431, 0.00515426];
GivenLatency = [89.9479, 127.084, 51.6489, 69.9885, 100.855, 77.1304, 70.3049, 85.5705, 180.56, 166.492, 113.785, 68.6486, 72.3554, 78.2176, 154.16, 106.318, 81.3872, 56.9826, 61.0029, 91.8406, 65.5712, 66.2816, 69.5696, 70.3348, 166.829, 74.9089, 106.838, 41.5258, 70.2535, 45.741, 52.4148, 78.7431, 78.4372, 94.2888, 97.4803, 120.522, 85.5921, 133.86, 95.5752, 67.6614, 87.2556, 130.763, 57.7257, 136.588, 86.7947, 120.763, 67.8522, 160.374, 63.344, 83.1719, 76.4357, 97.0729, 53.5226, 59.3001, 139.954, 85.4062, 77.6138, 39.6384, 140.971, 119.48, 48.8219, 102.622, 45.1452, 120.921];
HighestPossibleCritFunctionValue = 1.1;
