NumDevices = 16;
NumSlotes = 128;


GivenBandwidthOld = [0.0661817, 0.0363737, 0.0530176, 0.0363219, 0.0327046, 0.0357053, 0.0685224, 0.0756125, 0.039889, 0.033851, 0.0538977, 0.0783437, 0.0434332, 0.051379, 0.0461358, 0.0743516];
GivenLatency = [25.6993, 41.0197, 26.5471, 46.3337, 59.9284, 50.8602, 25.2424, 20.961, 42.1581, 45.2297, 35.187, 20.1397, 43.9006, 38.7991, 37.5875, 20.8788];
HighestPossibleCritFunctionValue = 1.1;
