NumDevices = 128;
NumSlotes = 1024;


GivenBandwidthOld = [0.00632849, 0.00537016, 0.00874085, 0.00488119, 0.00571608, 0.00765602, 0.00726809, 0.00736847, 0.00436424, 0.00724662, 0.00636263, 0.00422585, 0.00633447, 0.00593842, 0.00445315, 0.006601, 0.00551254, 0.00669923, 0.00639047, 0.00715848, 0.00506114, 0.00511439, 0.0049735, 0.00715894, 0.00775932, 0.00831356, 0.00848052, 0.0046017, 0.00826938, 0.00594841, 0.00750592, 0.00451451, 0.00780009, 0.00857472, 0.00781938, 0.0078464, 0.00693383, 0.00439408, 0.00375284, 0.00655057, 0.007891, 0.006484, 0.00405524, 0.00391224, 0.00544519, 0.00485933, 0.00826069, 0.00485718, 0.00712204, 0.00754354, 0.00676653, 0.00762688, 0.00740942, 0.00763605, 0.00654182, 0.00586267, 0.00642305, 0.00468102, 0.00640514, 0.00861218, 0.00737119, 0.00516321, 0.00559829, 0.00803548, 0.00475985, 0.00627574, 0.00382171, 0.00390188, 0.00646035, 0.00656392, 0.00736312, 0.00452769, 0.00443786, 0.00455075, 0.00695654, 0.00604639, 0.00412631, 0.00841701, 0.00717548, 0.00585886, 0.00735459, 0.00609359, 0.00744842, 0.00814272, 0.00722927, 0.00490332, 0.0075497, 0.00532431, 0.0081435, 0.0052502, 0.0076099, 0.00701437, 0.00801504, 0.00631556, 0.00812247, 0.00691401, 0.00621544, 0.00542784, 0.00825386, 0.00511635, 0.00791763, 0.0040359, 0.00391243, 0.00871262, 0.0055705, 0.00592665, 0.00670076, 0.00711598, 0.00581424, 0.00742336, 0.00685752, 0.00686589, 0.00757317, 0.00482415, 0.00700385, 0.0061454, 0.00819144, 0.00610315, 0.00814589, 0.00552755, 0.00407897, 0.00779833, 0.00400122, 0.00597933, 0.00701542, 0.00568033, 0.00683407, 0.00767547];
GivenLatency = [200.701, 198.104, 144.325, 243.738, 213.798, 138.835, 152.547, 155.085, 284.603, 175.996, 182.649, 239.684, 189.104, 192.187, 218.12, 146.278, 218.547, 166.177, 201.73, 159.566, 222.191, 253.225, 195.203, 149.373, 122.981, 126.148, 139.001, 264.636, 132.606, 168.746, 156.441, 281.333, 138.254, 146.629, 122.034, 160.383, 181.492, 220.473, 313.487, 194.307, 127.495, 189.569, 259.912, 311.143, 228.922, 213.542, 129.826, 215.346, 159.225, 136.162, 155.101, 169.664, 138.823, 125.792, 146.164, 174.449, 192.12, 232.034, 175.572, 111.752, 162.95, 222.733, 184.757, 121.557, 223.131, 161.344, 276.027, 310.638, 176.74, 189.246, 147.234, 271.844, 224.501, 250.697, 154.714, 213.099, 256.641, 123.743, 158.852, 174.837, 173.986, 198.536, 146.983, 135.56, 141.213, 194.624, 164.683, 231.376, 130.671, 183.473, 136.606, 142.208, 140.718, 157.273, 135.145, 154.234, 176.927, 188.189, 124.883, 190.387, 131.818, 301.284, 303.637, 123.777, 190.927, 183.919, 177.037, 177.584, 174.345, 152.291, 170.746, 182.588, 137.537, 203.175, 151.383, 208.829, 144.641, 179.166, 142.812, 216.644, 264.768, 146.777, 250.274, 174.986, 144.832, 209.114, 150.663, 134.944];
HighestPossibleCritFunctionValue = 1.1;
