NumDevices = 64;
NumSlotes = 512;


GivenBandwidthOld = [0.00762733, 0.00257926, 0.00341843, 0.00725757, 0.00674196, 0.00331571, 0.00593362, 0.00512903, 0.00728471, 0.00659891, 0.00545123, 0.00388423, 0.0048301, 0.00829904, 0.00444405, 0.00747405, 0.00759135, 0.00410674, 0.00703641, 0.00845086, 0.00617046, 0.00444282, 0.00555886, 0.00656654, 0.00506122, 0.00517901, 0.00361904, 0.00401843, 0.00394191, 0.0054743, 0.00412614, 0.0081123, 0.00347161, 0.00741306, 0.00762675, 0.00529659, 0.00486592, 0.00394003, 0.00502643, 0.00799772, 0.00266168, 0.00737293, 0.00809605, 0.00531523, 0.00563229, 0.0031687, 0.00384313, 0.0077776, 0.00310235, 0.00743505, 0.00846344, 0.00504475, 0.00334233, 0.00326551, 0.00588015, 0.00638048, 0.00292239, 0.00784959, 0.00683418, 0.00329713, 0.00615689, 0.00760366, 0.004761, 0.00312822];
GivenLatency = [61.4851, 207.391, 167.62, 48.5931, 78.7307, 127.365, 70.3787, 94.1188, 46.106, 71.0495, 77.6523, 108.899, 74.2906, 43.9667, 75.1991, 65.2041, 56.1378, 89.7198, 44.3545, 52.0073, 79.6168, 138.432, 68.0929, 57.1206, 67.2559, 67.3475, 106.066, 121.55, 86.3587, 57.5129, 144.169, 47.3337, 98.7518, 46.3657, 48.8063, 69.5368, 73.1129, 109.505, 109.003, 59.8211, 213.309, 44.23, 44.6672, 71.0757, 75.4543, 170.247, 121.382, 59.6824, 150.014, 85.6532, 63.6367, 105.682, 112.684, 95.1414, 78.9024, 52.9977, 122.16, 69.2105, 51.2072, 161.1, 67.229, 47.5255, 102.987, 203.326];
HighestPossibleCritFunctionValue = 1.1;
