NumDevices = 128;
NumSlotes = 1024;


GivenBandwidthOld = [0.00708513, 0.00721232, 0.00503713, 0.00659473, 0.0051277, 0.00868596, 0.00748723, 0.00531133, 0.00507702, 0.00693997, 0.00751534, 0.00774933, 0.0055045, 0.00665374, 0.00686388, 0.00375899, 0.00489128, 0.00520706, 0.00761117, 0.00836768, 0.00808546, 0.00476453, 0.00496941, 0.00838922, 0.00508024, 0.00601783, 0.00417007, 0.0038441, 0.00532105, 0.00843408, 0.00415365, 0.00794365, 0.00642542, 0.00458247, 0.00511425, 0.00767251, 0.00439153, 0.00601656, 0.00788152, 0.00724888, 0.00450612, 0.00691699, 0.00632733, 0.00596612, 0.00512963, 0.0062718, 0.00756425, 0.0048528, 0.00847304, 0.00394582, 0.00488874, 0.00747818, 0.00824533, 0.0067726, 0.00453196, 0.00609132, 0.00430094, 0.00836731, 0.0068777, 0.00596404, 0.00516193, 0.00398433, 0.00709903, 0.00587562, 0.00408616, 0.00853365, 0.00760139, 0.00404942, 0.00605832, 0.00466857, 0.00717737, 0.00750298, 0.00514726, 0.00742466, 0.00376732, 0.00493073, 0.00833858, 0.00398872, 0.00589347, 0.00410313, 0.00388887, 0.00769505, 0.00824459, 0.00426935, 0.00739237, 0.00614069, 0.00402318, 0.00508416, 0.0070608, 0.00842607, 0.00446755, 0.00863229, 0.00542233, 0.00562667, 0.00487847, 0.00491601, 0.00588905, 0.0048105, 0.00762345, 0.00483556, 0.00870904, 0.00532765, 0.00432544, 0.00518159, 0.00441751, 0.00762564, 0.00660333, 0.00468778, 0.00501698, 0.00783296, 0.00603308, 0.00544253, 0.00517471, 0.00391697, 0.00504813, 0.00648707, 0.00566537, 0.00538699, 0.00662582, 0.00770279, 0.0082034, 0.00712591, 0.00766875, 0.00624381, 0.00719222, 0.00711294, 0.0046742, 0.00676585];
GivenLatency = [168.109, 156.001, 253.114, 173.347, 191.574, 132.2, 161.701, 189.534, 205.464, 137.298, 157.447, 166.727, 178.101, 161.57, 148.693, 304.364, 230.117, 218.867, 155.095, 124.177, 131.428, 234.584, 220.047, 150.756, 198.828, 209.891, 300.909, 275.943, 179.859, 137.878, 271.544, 155.307, 152.481, 259.707, 197.89, 140.406, 252.166, 176.99, 124.099, 146.812, 267.902, 167.002, 162.816, 177.835, 223.819, 188.256, 165.985, 244.07, 133.827, 265.4, 254.072, 142.596, 139.565, 143.31, 269.032, 202.669, 227.477, 142.277, 147.383, 207.641, 220.543, 243.353, 143.871, 197.084, 300.595, 151.76, 142.643, 239.415, 178.717, 220.381, 146.201, 146.509, 249.985, 133.273, 313.72, 246.802, 140.839, 309.849, 183.909, 283.744, 247.629, 154.556, 117.308, 293.255, 138.574, 169.165, 284.881, 199.445, 164.58, 139.955, 218.236, 142.241, 204.426, 219.493, 222.621, 205.459, 198.959, 216.12, 134.212, 245.135, 137.335, 210.449, 271.899, 194.188, 227.884, 143.501, 145.345, 239.678, 198.87, 138.909, 188.558, 237.223, 223.342, 274.917, 220.609, 178.027, 209.557, 225.787, 156.795, 138.411, 137.649, 155.22, 134.852, 155.432, 170.582, 163.766, 226.282, 142.015];
HighestPossibleCritFunctionValue = 1.1;
