NumDevices = 128;
NumSlotes = 1024;


GivenBandwidthOld = [0.00628389, 0.00581843, 0.00777212, 0.00860074, 0.00509143, 0.00413424, 0.00669957, 0.00715761, 0.0053815, 0.00428899, 0.00751685, 0.00815924, 0.00489895, 0.00423133, 0.00854045, 0.00681253, 0.00577633, 0.00519775, 0.00608175, 0.00840499, 0.00518417, 0.00787703, 0.00670169, 0.00773327, 0.00552435, 0.00517564, 0.00443627, 0.00790513, 0.00406072, 0.00594447, 0.00618042, 0.00674435, 0.00482451, 0.00799372, 0.00793386, 0.00694676, 0.00668837, 0.00388721, 0.00484601, 0.00444077, 0.00851506, 0.00510894, 0.00851377, 0.00841292, 0.00840361, 0.00700689, 0.0072674, 0.00565435, 0.00517983, 0.00498062, 0.00677767, 0.00486325, 0.00417233, 0.0069091, 0.00868818, 0.00470556, 0.00392054, 0.00496474, 0.00493558, 0.00477669, 0.00425471, 0.00641213, 0.00620913, 0.00431832, 0.0054991, 0.00593829, 0.00736151, 0.00746943, 0.00621215, 0.00515822, 0.00668244, 0.00422114, 0.00715224, 0.00512448, 0.00461256, 0.00580903, 0.0049116, 0.00669104, 0.00383694, 0.0050323, 0.0053801, 0.00592325, 0.00447728, 0.00713575, 0.00805034, 0.00465253, 0.00760528, 0.00440516, 0.00498114, 0.00558868, 0.00642052, 0.00720011, 0.00481412, 0.00837173, 0.00614712, 0.00721992, 0.00765164, 0.00862223, 0.00638586, 0.00472857, 0.00555797, 0.00530544, 0.00594607, 0.00814245, 0.00771295, 0.0040496, 0.00416445, 0.00438593, 0.00681764, 0.00656734, 0.00480844, 0.00794653, 0.00483461, 0.00775956, 0.00749613, 0.00490526, 0.00519799, 0.00507288, 0.00741543, 0.00867428, 0.0060983, 0.00668208, 0.00815993, 0.00639683, 0.00402665, 0.00843139, 0.00389435, 0.00478015];
GivenLatency = [162.222, 201.009, 134.065, 114.583, 252.245, 250.051, 150.471, 136.08, 210.62, 260.323, 147.984, 121.292, 235.11, 285.511, 130.58, 155.846, 212.896, 224.554, 198.258, 122.169, 222.33, 130.992, 179.232, 140.031, 177.265, 245.529, 291.749, 123.132, 243.317, 201.804, 179.23, 154.362, 208.482, 152.782, 138.839, 184.403, 164.954, 247.83, 248.479, 224.784, 147.176, 204.012, 133.481, 118.441, 124.001, 181.813, 168.196, 215.203, 201.893, 227.959, 159.411, 197.095, 286.052, 147.786, 132.722, 235.661, 307.763, 248.703, 195.744, 240.084, 236.873, 163.286, 163.939, 279.5, 189.185, 164.464, 134.403, 165.277, 167.78, 229.32, 166.438, 242.418, 166.772, 201.971, 256.32, 173.026, 239.944, 150.743, 296.963, 210.246, 179.914, 162.57, 234.56, 177.266, 152.81, 223.072, 140.843, 249.702, 243.691, 200.318, 156.114, 138.405, 222.409, 150.219, 166.148, 178.563, 160.684, 122.292, 190.207, 206.467, 220.233, 189.976, 161.41, 128.635, 167.835, 248.294, 236.956, 285.721, 140.217, 155.507, 218.252, 148.031, 207.812, 136.612, 145.088, 248.871, 225.813, 242.975, 162.134, 134.983, 181.271, 181.38, 138.459, 152.533, 240.168, 126.566, 321.196, 253.033];
HighestPossibleCritFunctionValue = 1.1;
