NumDevices = 64;
NumSlotes = 512;


GivenBandwidthOld = [0.0161963, 0.0169938, 0.00925128, 0.0111809, 0.0115639, 0.0100476, 0.0150378, 0.0149998, 0.0167577, 0.0111963, 0.0109381, 0.0117767, 0.016357, 0.0165409, 0.00773878, 0.0107279, 0.00938675, 0.00809034, 0.00930058, 0.00988684, 0.013099, 0.00987962, 0.0117802, 0.0144797, 0.0145553, 0.0157762, 0.0151057, 0.0159307, 0.0128668, 0.0170838, 0.012284, 0.0114429, 0.0153652, 0.0076287, 0.0105551, 0.0153175, 0.0162464, 0.00900756, 0.0150105, 0.0171906, 0.00781765, 0.0162826, 0.0166566, 0.0133042, 0.0089125, 0.0173729, 0.0105543, 0.0115821, 0.0161129, 0.0141111, 0.00944252, 0.0153613, 0.0122561, 0.0125107, 0.0122899, 0.011319, 0.0135332, 0.0173918, 0.00962718, 0.00909006, 0.0117132, 0.00840693, 0.0103062, 0.0114807];
GivenLatency = [66.3277, 58.7696, 110.317, 104.88, 96.9831, 90.4936, 66.2846, 82.6047, 55.8654, 105.31, 86.6865, 102.492, 59.0279, 64.5581, 156.745, 100.891, 122.343, 115.759, 123.195, 112.799, 92.0702, 121.59, 88.0557, 72.1621, 79.117, 60.3934, 72.4553, 71.6981, 74.9299, 64.2981, 92.8213, 93.4547, 69.4034, 137.627, 112.347, 61.4862, 59.141, 118.026, 77.4994, 53.401, 147.974, 65.9631, 70.8796, 69.6994, 131.081, 56.1197, 98.3656, 100.56, 67.451, 67.3331, 112.011, 70.9724, 95.5962, 75.9588, 77.6647, 85.0721, 82.6993, 59.4923, 98.8129, 124.767, 86.8203, 132.443, 92.8476, 88.157];
HighestPossibleCritFunctionValue = 1.1;
