NumDevices = 16;
NumSlotes = 128;


GivenBandwidthOld = [0.0249938, 0.0106729, 0.0193188, 0.031156, 0.0297182, 0.013508, 0.0191596, 0.0306217, 0.0241569, 0.0196544, 0.0220851, 0.0236891, 0.03328, 0.0265884, 0.0116794, 0.0104452];
GivenLatency = [18.8258, 30.717, 18.9238, 11.9854, 15.1215, 24.1317, 20.4573, 16.5728, 13.677, 16.3956, 27.0219, 12.9446, 9.83871, 17.4347, 36.9058, 34.8989];
HighestPossibleCritFunctionValue = 1.1;
