NumDevices = 32;
NumSlotes = 256;


GivenBandwidthOld = [0.0213219, 0.0271706, 0.025882, 0.0285712, 0.026914, 0.0341804, 0.0192657, 0.0290435, 0.0244041, 0.0300394, 0.0222827, 0.0347891, 0.0295725, 0.0158244, 0.0301898, 0.0294123, 0.0223963, 0.0245219, 0.0298864, 0.0301791, 0.0305438, 0.0188634, 0.0271253, 0.0245813, 0.028075, 0.0259239, 0.0329777, 0.0255671, 0.0169445, 0.0158154, 0.0193437, 0.0195606];
GivenLatency = [45.7813, 35.7924, 33.913, 29.906, 34.0148, 28.0632, 43.9889, 37.4753, 45.0946, 28.4826, 47.4979, 30.6936, 28.9764, 55.1439, 28.681, 33.6856, 46.7182, 41.5192, 28.5238, 34.6301, 31.4502, 58.1011, 35.6536, 35.7157, 38.2135, 36.4979, 35.2857, 44.7881, 67.2151, 60.7331, 44.7599, 46.4877];
HighestPossibleCritFunctionValue = 1.1;
