NumDevices = 64;
NumSlotes = 512;


GivenBandwidthOld = [0.00782218, 0.00864958, 0.00845933, 0.00465333, 0.00594042, 0.00693951, 0.00480499, 0.0050089, 0.00703121, 0.00851002, 0.00665076, 0.0081426, 0.0064615, 0.00840962, 0.00677455, 0.00729392, 0.00517627, 0.00749018, 0.00368455, 0.00506023, 0.00726393, 0.00737986, 0.00582561, 0.0085335, 0.00755732, 0.00713274, 0.00865877, 0.00663675, 0.0038613, 0.00680878, 0.00764789, 0.00436405, 0.00663028, 0.00765288, 0.00696514, 0.004305, 0.00793195, 0.00346324, 0.0041993, 0.00636383, 0.00440899, 0.00561807, 0.00786313, 0.0031523, 0.00321675, 0.00517089, 0.00460461, 0.00599996, 0.007535, 0.00693787, 0.00847007, 0.00402659, 0.00356753, 0.00702192, 0.00858619, 0.00560748, 0.00491913, 0.00459274, 0.00642133, 0.00827923, 0.00271017, 0.00355248, 0.00408858, 0.00801731];
GivenLatency = [40.9702, 65.3873, 57.8214, 115.504, 101.072, 45.371, 113.715, 74.9651, 78.1701, 55.6771, 58.8966, 61.1361, 50.473, 61.3616, 56.7707, 42.8359, 84.2163, 78.8827, 107.209, 73.1176, 53.2158, 52.1659, 72.6045, 75.5201, 47.1226, 62.261, 67.6241, 82.9449, 115.277, 50.7461, 67.9495, 109.342, 56.2832, 44.9216, 44.8309, 95.9945, 70.4357, 114.077, 76.0649, 81.8828, 90.6975, 96.6746, 44.0118, 122.07, 146.699, 85.8072, 77.8516, 52.9122, 74.1733, 80.8362, 69.4809, 152.906, 123.955, 53.3492, 37.0542, 90.3892, 97.1183, 117.638, 58.3068, 50.1804, 144.747, 94.6555, 79.0593, 58.8335];
HighestPossibleCritFunctionValue = 1.1;
