NumDevices = 32;
NumSlotes = 256;


GivenBandwidthOld = [0.0349635, 0.017211, 0.0255793, 0.0220388, 0.0165572, 0.0361728, 0.0158185, 0.0211101, 0.0321873, 0.0318088, 0.0199806, 0.0231717, 0.032094, 0.0386397, 0.0282356, 0.0164339, 0.0395592, 0.032237, 0.017493, 0.0152113, 0.0171552, 0.0373468, 0.0220353, 0.0327074, 0.0226402, 0.0232686, 0.0358418, 0.0289031, 0.0346291, 0.0215173, 0.0258481, 0.0387175];
GivenLatency = [50.7037, 99.318, 76.379, 83.4561, 137.654, 66.7912, 133.178, 84.9573, 63.2362, 58.8234, 119.128, 101.464, 53.821, 58.6593, 66.6082, 135.442, 57.3533, 61.7939, 132.024, 118.159, 99.758, 44.7643, 109.16, 64.5101, 77.8869, 74.809, 56.2036, 74.3736, 51.65, 81.565, 72.7949, 56.6469];
HighestPossibleCritFunctionValue = 1.1;
