NumDevices = 64;
NumSlotes = 512;


GivenBandwidthOld = [0.00742969, 0.00574448, 0.00747082, 0.00326539, 0.00395413, 0.00450293, 0.00317513, 0.00566869, 0.00864685, 0.00630987, 0.00377087, 0.00573975, 0.00291113, 0.00604836, 0.00846335, 0.00358841, 0.00787629, 0.00553265, 0.00344029, 0.00588698, 0.0087233, 0.0037286, 0.00783908, 0.00522281, 0.00858445, 0.00755771, 0.00736322, 0.0073079, 0.00270619, 0.00550335, 0.00473033, 0.00644665, 0.00252642, 0.00283037, 0.00505493, 0.00564213, 0.0060096, 0.00716978, 0.00623749, 0.00598719, 0.00551832, 0.0064722, 0.0070315, 0.00720188, 0.00829287, 0.00692824, 0.00285418, 0.0051221, 0.00331576, 0.00677877, 0.00331592, 0.00321444, 0.00383004, 0.00640328, 0.00498937, 0.0038106, 0.00470265, 0.00371468, 0.00512315, 0.00852195, 0.00708222, 0.00340672, 0.00430665, 0.00435878];
GivenLatency = [57.5108, 67.6195, 50.2863, 185.467, 120.486, 92.8065, 153.395, 70.3509, 46.4828, 75.3269, 144.537, 99.4298, 183.062, 71.3513, 45.5934, 90.6805, 53.5749, 109.278, 91.0758, 104.679, 73.5755, 103.084, 46.4149, 72.6166, 51.3504, 53.3593, 63.6996, 71.3172, 184.583, 59.4487, 105.409, 64.0187, 233.269, 156.32, 63.1401, 70.9122, 96.7933, 43.9673, 50.3287, 52.5031, 65.2416, 69.1159, 48.8733, 52.631, 46.3573, 52.322, 113.581, 71.7428, 107.906, 53.8641, 154.567, 152.985, 163.808, 49.3803, 72.455, 83.1505, 68.7224, 134.252, 100.296, 50.9124, 64.3138, 151.94, 80.8465, 82.2494];
HighestPossibleCritFunctionValue = 1.1;
