NumDevices = 32;
NumSlotes = 256;


GivenBandwidthOld = [0.0153953, 0.00581996, 0.0111022, 0.0150946, 0.0151743, 0.0164131, 0.0121101, 0.0174377, 0.00738882, 0.0164076, 0.00812907, 0.00775118, 0.00650861, 0.0102794, 0.0101252, 0.00714004, 0.0102225, 0.0169052, 0.00831427, 0.00795065, 0.00905158, 0.01233, 0.0123025, 0.0131008, 0.00535533, 0.0144676, 0.0146032, 0.00534937, 0.0144114, 0.00725065, 0.00660777, 0.0142998];
GivenLatency = [35.3835, 74.6507, 40.3049, 27.7205, 33.4287, 19.7558, 26.6023, 17.95, 46.9587, 19.3321, 49.8192, 49.8088, 82.0362, 54.4537, 43.6678, 53.4993, 52.4942, 20.7723, 39.4896, 39.4402, 63.8034, 43.093, 25.6502, 24.0036, 68.1933, 34.9431, 35.6672, 117.505, 23.3703, 61.201, 48.4333, 21.5219];
HighestPossibleCritFunctionValue = 1.1;
