NumDevices = 16;
NumSlotes = 128;


GivenBandwidthOld = [0.0763146, 0.0389186, 0.074333, 0.0342757, 0.0420415, 0.0608954, 0.0393117, 0.031314, 0.0641835, 0.0514514, 0.0631495, 0.0740221, 0.0597203, 0.0392642, 0.0332215, 0.0745451];
GivenLatency = [21.8683, 40.2496, 24.1222, 52.8123, 33.0512, 29.996, 39.3106, 42.9469, 23.9651, 29.6997, 23.3717, 24.59, 27.9194, 47.1011, 48.3529, 24.6083];
HighestPossibleCritFunctionValue = 1.1;
