NumDevices = 128;
NumSlotes = 1024;


GivenBandwidthOld = [0.0067623, 0.00642687, 0.00395868, 0.00599764, 0.00489915, 0.00755868, 0.00617339, 0.00863724, 0.00858666, 0.0085249, 0.00548502, 0.00418835, 0.00612422, 0.00734749, 0.00671293, 0.006724, 0.00779785, 0.00593771, 0.0075962, 0.00685196, 0.00844941, 0.00674936, 0.00402579, 0.00399119, 0.00746758, 0.00506833, 0.00591866, 0.00742159, 0.00711192, 0.00750988, 0.00598116, 0.00785425, 0.00389229, 0.00515551, 0.00618904, 0.0067624, 0.00808919, 0.00758488, 0.00656808, 0.00718717, 0.0073199, 0.00810456, 0.00591372, 0.00445252, 0.0060815, 0.00425612, 0.00502961, 0.00516165, 0.004387, 0.00482921, 0.00697529, 0.00611891, 0.00806689, 0.00769095, 0.00433618, 0.00574066, 0.00577034, 0.0045499, 0.00763013, 0.00717906, 0.00591587, 0.00559102, 0.00576438, 0.00449951, 0.00577327, 0.00386342, 0.00499865, 0.00475592, 0.00517137, 0.00765176, 0.00555468, 0.00503882, 0.0050167, 0.00815529, 0.00852786, 0.00525357, 0.00416387, 0.00459452, 0.00752165, 0.00386085, 0.00680139, 0.00851115, 0.00437578, 0.00618111, 0.00842615, 0.00575785, 0.00460973, 0.00829377, 0.00598067, 0.00454906, 0.00862226, 0.0068997, 0.00584205, 0.0048254, 0.00797985, 0.00477905, 0.00390783, 0.00642723, 0.00491259, 0.00836997, 0.00664801, 0.00564654, 0.00384925, 0.00683824, 0.00777845, 0.00485826, 0.00522576, 0.00680894, 0.00532968, 0.00835254, 0.00859999, 0.00745709, 0.00873671, 0.00535979, 0.00449014, 0.00824712, 0.00690572, 0.00698155, 0.00648086, 0.00633212, 0.00644863, 0.00463169, 0.00738061, 0.00848914, 0.00440256, 0.00636044, 0.00749188, 0.00859897];
GivenLatency = [170.763, 160.476, 260.685, 193.446, 209.686, 140.855, 176.824, 125.572, 148.429, 144.479, 206.759, 292.367, 194.63, 165.246, 149.568, 166.534, 147.754, 190.617, 146.171, 161.914, 151.292, 154.441, 273.19, 277.562, 144.025, 236.42, 191.814, 169.456, 157.134, 159.551, 191.329, 148.68, 308.226, 190.592, 160.424, 150.731, 151.147, 133, 157.996, 169.622, 135.99, 154.14, 163.157, 237.698, 202.593, 250.399, 197.009, 226.836, 295.468, 222.486, 156.226, 163.122, 149.773, 128.079, 221.226, 168.608, 224.576, 234.636, 144.433, 136.586, 218.009, 225.583, 173.745, 223.613, 166.601, 273.512, 232.596, 213.471, 233.903, 136.473, 180.114, 236.634, 243.97, 123.995, 118.315, 186.697, 276.925, 277.692, 145.502, 285.371, 181.887, 149.928, 288.349, 172.106, 132.419, 166.589, 264.899, 126.302, 175.054, 228.607, 113.301, 157.594, 186.963, 247.362, 120.116, 269.704, 288.582, 192.155, 262.139, 114.742, 172.971, 205.12, 337.264, 167.433, 130.834, 222.112, 182.38, 171.244, 194.741, 130.437, 115.933, 131.489, 109.454, 195.084, 257.657, 140.986, 140.839, 185.311, 168.006, 151.921, 155.325, 213.823, 129.626, 145.186, 267.399, 171.045, 141.211, 125.284];
HighestPossibleCritFunctionValue = 1.1;
