NumDevices = 16;
NumSlotes = 128;


GivenBandwidthOld = [0.0491802, 0.0420014, 0.0375307, 0.0476723, 0.0483832, 0.0470655, 0.0505173, 0.0636242, 0.0516845, 0.0311536, 0.0690636, 0.0725752, 0.0419772, 0.0799924, 0.0527761, 0.0780235];
GivenLatency = [31.0425, 38.0375, 37.4378, 29.2848, 40.4754, 38.3051, 27.5918, 26.3664, 33.0939, 52.908, 20.1766, 26.8369, 34.4372, 16.7131, 29.1861, 23.3402];
HighestPossibleCritFunctionValue = 1.1;
