NumDevices = 128;
NumSlotes = 1024;


GivenBandwidthOld = [0.0084861, 0.00842108, 0.00565852, 0.00530876, 0.00682737, 0.00504971, 0.00794211, 0.00561605, 0.00649931, 0.00644101, 0.00649321, 0.00389819, 0.00445465, 0.00673362, 0.00452316, 0.00818026, 0.00809286, 0.0042688, 0.00822222, 0.00831432, 0.00626716, 0.00472459, 0.00868873, 0.00394745, 0.00729073, 0.00784354, 0.00382361, 0.00596049, 0.00549427, 0.00475286, 0.00379301, 0.0066686, 0.00662567, 0.00511903, 0.00797572, 0.00536287, 0.00620745, 0.00613189, 0.00610124, 0.00603857, 0.0076709, 0.00724691, 0.00627137, 0.00538426, 0.00577058, 0.00859441, 0.00872829, 0.00389746, 0.00713105, 0.00404397, 0.00449269, 0.00621628, 0.00448165, 0.00566003, 0.00559341, 0.00595952, 0.00416412, 0.00392332, 0.00672996, 0.00794258, 0.00848261, 0.004734, 0.00679653, 0.00679356, 0.00689537, 0.0079964, 0.00792394, 0.00521035, 0.00777314, 0.00563683, 0.00562946, 0.00679736, 0.00566748, 0.00590548, 0.00588513, 0.00389256, 0.00468361, 0.00500713, 0.00733366, 0.00429602, 0.00572543, 0.00478451, 0.00579078, 0.00807914, 0.00862609, 0.00618253, 0.0072495, 0.00481189, 0.00587642, 0.0074156, 0.00645984, 0.00802786, 0.00672835, 0.00591488, 0.00391197, 0.00598025, 0.00755119, 0.00542437, 0.00495692, 0.00841309, 0.00632774, 0.00781298, 0.0053059, 0.00380989, 0.00533891, 0.00860661, 0.00382241, 0.00569309, 0.00629196, 0.00654234, 0.00465188, 0.00664758, 0.00834798, 0.00696954, 0.00453897, 0.00401142, 0.00744334, 0.00764696, 0.00488164, 0.00824931, 0.00869631, 0.00639295, 0.0037597, 0.00680477, 0.00531662, 0.00392274, 0.00706475, 0.00469343];
GivenLatency = [141.114, 121.448, 173.083, 197.267, 188.014, 226.394, 128.989, 192.182, 183.598, 187.439, 173.834, 272.726, 223.274, 176.758, 237.863, 128.568, 118.576, 234.329, 136.232, 135.07, 177.247, 214.957, 115.731, 306.68, 151.9, 145.099, 278.591, 187.464, 208.139, 219.26, 340.584, 162.396, 143.936, 212.497, 119.414, 184.285, 180.057, 156.516, 162.15, 164.066, 127.539, 142.782, 200.742, 220.877, 207.886, 137.467, 143.216, 265.675, 169.962, 308.567, 285.413, 204.159, 230.779, 174.598, 182.804, 215.692, 262.248, 246.993, 189.23, 148.129, 128.721, 250.354, 173.422, 147.441, 187.299, 124.893, 142.043, 191.421, 161.99, 223.19, 216.109, 140.994, 214.067, 189.865, 208.797, 304.233, 270.032, 211.841, 130.167, 256.598, 182.853, 199.729, 199.453, 155.792, 143.127, 173.19, 159.565, 261.288, 191.186, 173.163, 187.758, 150.037, 152.092, 182.607, 293.444, 163.981, 148.7, 178.159, 204.78, 145.424, 196.38, 155.201, 204.032, 310.367, 208.886, 110.911, 282.34, 179.144, 180.71, 188.148, 212.222, 187.732, 151.397, 181.908, 211.691, 238.07, 159.033, 133.354, 244.603, 143.694, 114.759, 192.203, 288.651, 140.808, 218.202, 316.567, 160.843, 209.748];
HighestPossibleCritFunctionValue = 1.1;
