NumDevices = 16;
NumSlotes = 128;


GivenBandwidthOld = [0.0348894, 0.0458801, 0.047589, 0.0489298, 0.0631694, 0.0682817, 0.0310446, 0.066768, 0.0697524, 0.0689223, 0.0375037, 0.0654789, 0.0430677, 0.0591947, 0.0660515, 0.0669552];
GivenLatency = [26.8001, 17.2349, 21.4174, 16.9272, 17.3624, 14.4493, 30.9164, 15.2448, 14.7729, 14.1028, 25.8995, 16.3554, 19.4798, 14.9609, 15.2386, 15.2844];
HighestPossibleCritFunctionValue = 1.1;
