NumDevices = 128;
NumSlotes = 1024;


GivenBandwidthOld = [0.00576853, 0.00422773, 0.00788526, 0.00514296, 0.00519075, 0.00851708, 0.00405124, 0.00672023, 0.00446882, 0.0050405, 0.00823033, 0.00464697, 0.00415608, 0.00375339, 0.00575254, 0.00541847, 0.00577565, 0.0038276, 0.00798313, 0.00499291, 0.00827251, 0.00863452, 0.00779579, 0.00631483, 0.00586368, 0.00835724, 0.00759705, 0.00608696, 0.00595538, 0.00448964, 0.00481824, 0.00768096, 0.00638363, 0.00716853, 0.00400894, 0.00568934, 0.0082857, 0.00526352, 0.0064495, 0.00417403, 0.00537552, 0.00385041, 0.00638569, 0.00681962, 0.00493518, 0.00814126, 0.00757179, 0.00655182, 0.00386778, 0.00827142, 0.00533216, 0.00510133, 0.00548861, 0.00459767, 0.00553419, 0.00559186, 0.00489971, 0.00687174, 0.00587977, 0.00874644, 0.00389765, 0.00522673, 0.00815838, 0.00539986, 0.00798271, 0.00789858, 0.00387138, 0.00385613, 0.00750395, 0.00646097, 0.00702484, 0.0040592, 0.00549147, 0.00767044, 0.00455946, 0.00827896, 0.00705653, 0.0066785, 0.00797546, 0.00606752, 0.00432318, 0.00726291, 0.00514934, 0.00739566, 0.00630066, 0.00775019, 0.00494881, 0.00713785, 0.0082685, 0.00614922, 0.00744081, 0.00518655, 0.00791963, 0.00769481, 0.00413559, 0.00429981, 0.00448612, 0.00564842, 0.00556819, 0.00713216, 0.0076964, 0.00587242, 0.00526856, 0.00616806, 0.00416161, 0.006643, 0.00645245, 0.00386654, 0.00746142, 0.006615, 0.00577382, 0.00813383, 0.00782408, 0.00681611, 0.00583913, 0.00577214, 0.00490048, 0.00485718, 0.00706248, 0.00654097, 0.00661003, 0.00729937, 0.00805074, 0.00635664, 0.00853229, 0.00470218, 0.0069774, 0.00666808];
GivenLatency = [172.416, 266.427, 120.942, 203.413, 250.1, 123.208, 254.595, 150.189, 249.3, 232.578, 150.755, 252.421, 281.73, 342.127, 205.471, 225.375, 180.768, 316.874, 121.759, 206.06, 147.507, 133.154, 151.824, 189.931, 191.953, 139.836, 131.684, 157.559, 190.318, 263.457, 203.886, 128.854, 154.002, 178.231, 297.776, 172.684, 131.555, 237.367, 174.217, 298.399, 218.138, 318.14, 151.534, 154.076, 242.744, 132.19, 129.772, 184.627, 261.92, 133.089, 204.152, 194.427, 182.007, 276.927, 226.806, 203.901, 218.968, 165.855, 193.375, 137.275, 257.897, 198.567, 141.337, 177.34, 126.931, 136.633, 285.469, 318.463, 142.407, 168.334, 176.901, 247.773, 176.708, 146.746, 227.026, 135.022, 137.253, 175.433, 121.012, 173.459, 262.209, 148.82, 185.632, 165, 188.819, 147.945, 259.826, 145.922, 150.526, 200.547, 141.202, 191.946, 127.337, 158.676, 310.546, 248.175, 287.59, 174.427, 227.103, 174.4, 155.592, 208.953, 209.533, 184.512, 230.563, 165.234, 150.742, 320.863, 147.407, 163.823, 201.969, 147.224, 161.693, 155.037, 206.676, 199.827, 255.675, 224.845, 178.953, 171.599, 158.763, 147.078, 121.134, 151.474, 118.741, 225.108, 155.658, 143.098];
HighestPossibleCritFunctionValue = 1.1;
