NumDevices = 32;
NumSlotes = 256;


GivenBandwidthOld = [0.0160046, 0.0240972, 0.0365687, 0.0205155, 0.038893, 0.0350157, 0.0186534, 0.0183032, 0.0324192, 0.029967, 0.0397873, 0.0159408, 0.0262687, 0.0325692, 0.0252359, 0.0250541, 0.0197086, 0.0280385, 0.0284706, 0.0395551, 0.0367402, 0.0277125, 0.0247111, 0.0302269, 0.033179, 0.0252686, 0.0236223, 0.0308165, 0.0179634, 0.0211124, 0.0205899, 0.0397161];
GivenLatency = [147.181, 69.9994, 54.5226, 89.5375, 60.7154, 49.7203, 106.122, 102.38, 70.0096, 69.0021, 58.516, 127.209, 80.7587, 60.1014, 70.5424, 87.651, 85.3134, 61.8627, 87.3806, 57.4243, 51.422, 71.8582, 79.8325, 58.7199, 54.1256, 84.0249, 80.3108, 56.9089, 100.349, 88.245, 83.9413, 47.0679];
HighestPossibleCritFunctionValue = 1.1;
