NumDevices = 128;
NumSlotes = 1024;


GivenBandwidthOld = [0.00635101, 0.00642891, 0.00942953, 0.00954841, 0.00764298, 0.00812707, 0.00674877, 0.00404795, 0.00521509, 0.00874231, 0.00951514, 0.00471768, 0.00510494, 0.00743071, 0.00913234, 0.00849336, 0.00663122, 0.00959369, 0.00622276, 0.00721929, 0.00577868, 0.00610068, 0.0053084, 0.00821832, 0.00901957, 0.00695676, 0.00593595, 0.00554489, 0.00792154, 0.00850952, 0.00951899, 0.0068609, 0.00741311, 0.00709777, 0.00729417, 0.00814524, 0.00573006, 0.0075401, 0.00391016, 0.00801456, 0.00948213, 0.00622568, 0.006235, 0.00671994, 0.00695052, 0.00735306, 0.00406971, 0.00838913, 0.00488962, 0.00727832, 0.0042594, 0.00896769, 0.00377374, 0.00906926, 0.00453353, 0.00386805, 0.00663776, 0.00707438, 0.00792809, 0.00615236, 0.00527286, 0.00474175, 0.00956471, 0.00651005, 0.00436112, 0.00614261, 0.00379996, 0.00589836, 0.0049426, 0.0040517, 0.00566116, 0.00583112, 0.00616809, 0.00709841, 0.00543138, 0.00647999, 0.00545372, 0.0068669, 0.00825089, 0.00639266, 0.00642226, 0.00395561, 0.009445, 0.00706945, 0.00629914, 0.00961515, 0.00436988, 0.00957316, 0.00477089, 0.00554609, 0.00944477, 0.00945748, 0.00440547, 0.00769638, 0.00559572, 0.00600006, 0.0079919, 0.00983619, 0.00690732, 0.00640042, 0.00560413, 0.00994936, 0.00884057, 0.00470649, 0.00441788, 0.00385825, 0.0042863, 0.00479216, 0.00688604, 0.00485014, 0.0063707, 0.0061431, 0.00588064, 0.00715272, 0.00583275, 0.0084515, 0.00933743, 0.00545002, 0.00722176, 0.00991047, 0.00524937, 0.00989941, 0.00694632, 0.00563144, 0.00642649, 0.00624356, 0.00674141, 0.00545515];
GivenLatency = [666.392, 596.148, 362.273, 368.779, 612.688, 561.25, 533.89, 844.059, 739.13, 531.212, 397.274, 824.815, 912.902, 631.771, 452.606, 402.95, 524.615, 495.085, 668.909, 540.463, 695.261, 676.529, 701.868, 427.496, 486.61, 623.355, 602.818, 816.683, 495.483, 467.143, 512.519, 723.161, 525.362, 472.983, 523.344, 443.393, 597.813, 559.679, 961.978, 441.641, 461.152, 749.466, 602.944, 705.401, 488.242, 529.787, 1200.3, 565.094, 694.345, 683.855, 1064.01, 382.98, 1057.93, 517.23, 1092.19, 1076.06, 615.709, 501.538, 520.268, 560.751, 698.456, 773.862, 441.42, 581.465, 772.874, 640.917, 902.103, 755.101, 709.157, 1034.48, 660.235, 771.296, 657.442, 478.849, 620.434, 705.734, 746.392, 547.522, 571.177, 745.527, 743.011, 1033.59, 451.706, 635.283, 547.684, 367.21, 943.316, 489.394, 773.641, 682.871, 397.122, 358.193, 1031.97, 575.301, 733.472, 610.385, 525.365, 421.476, 559.49, 539.093, 880.59, 475.663, 418.723, 736.371, 757.378, 1292.02, 905.21, 1037.73, 543.981, 1022.4, 695.816, 592.108, 739.531, 581.628, 767.896, 473.168, 478.226, 798.766, 539.176, 412.836, 665.437, 398.884, 651.281, 670.017, 617.657, 577.073, 632.699, 857.221];
HighestPossibleCritFunctionValue = 1.1;
