NumDevices = 64;
NumSlotes = 512;


GivenBandwidthOld = [0.0152109, 0.0171759, 0.0179307, 0.0159202, 0.0125622, 0.0122978, 0.0193748, 0.0125367, 0.0101393, 0.0158206, 0.0149145, 0.011129, 0.012163, 0.0164003, 0.0192028, 0.00823518, 0.0136475, 0.016758, 0.019947, 0.0172099, 0.0142464, 0.0198977, 0.0132461, 0.00801432, 0.0142044, 0.0133617, 0.0118455, 0.017486, 0.0168673, 0.0192685, 0.0132048, 0.013747, 0.0130847, 0.0191815, 0.0126884, 0.00847378, 0.0113841, 0.0132579, 0.0187382, 0.0121969, 0.0113355, 0.0090587, 0.0170854, 0.0092139, 0.0131065, 0.0116085, 0.00833389, 0.0101615, 0.0149557, 0.0157425, 0.0140834, 0.0179958, 0.0103436, 0.0122036, 0.0115627, 0.0135902, 0.0158436, 0.0138891, 0.0135106, 0.0152487, 0.0154635, 0.0131109, 0.0107372, 0.0148692];
GivenLatency = [190.514, 132.161, 124.912, 196.802, 252.971, 223.456, 128.402, 178.618, 246.544, 162.489, 188.149, 205.863, 241.99, 137.624, 139.7, 333.319, 214.172, 138.628, 117.817, 166.673, 216.012, 132.205, 251.339, 415.257, 167.042, 188.709, 276.695, 145.051, 193.393, 120.46, 224.591, 166.452, 171.934, 159.015, 175.745, 388.801, 284.911, 215.506, 173.534, 196.722, 223.055, 308.362, 140.959, 286.421, 242.413, 202.903, 361.402, 255.124, 193.724, 202.929, 173.991, 124.545, 218.181, 265.715, 220.95, 172.657, 152.404, 215.605, 170.845, 181.051, 144.447, 176.196, 293.173, 169.261];
HighestPossibleCritFunctionValue = 1.1;
