NumDevices = 128;
NumSlotes = 1024;


GivenBandwidthOld = [0.00481574, 0.00937543, 0.00653582, 0.00627185, 0.00724285, 0.00806136, 0.00854452, 0.00403397, 0.00772145, 0.00823564, 0.00633904, 0.00532125, 0.00555051, 0.00865342, 0.00932243, 0.00961986, 0.00841601, 0.00669496, 0.00588492, 0.00416227, 0.00772345, 0.00426542, 0.00385312, 0.00561513, 0.00731226, 0.00588174, 0.00688699, 0.00845867, 0.00487893, 0.00885244, 0.00428154, 0.00615954, 0.00709102, 0.00619476, 0.00540512, 0.00878613, 0.00844117, 0.00451769, 0.00625447, 0.00893598, 0.00831067, 0.0048735, 0.00522817, 0.00982397, 0.00768696, 0.00967562, 0.00821736, 0.00534589, 0.00714645, 0.0065623, 0.00763163, 0.00487747, 0.00941603, 0.00762929, 0.00924445, 0.00518442, 0.00581001, 0.00753216, 0.00799883, 0.00765698, 0.00586293, 0.00959999, 0.00570877, 0.0060831, 0.00994274, 0.00382924, 0.00430846, 0.00859143, 0.00486967, 0.00952621, 0.0094705, 0.00437495, 0.00727639, 0.00931484, 0.00706217, 0.00885285, 0.00488143, 0.00714228, 0.00523167, 0.00612304, 0.00619028, 0.00495848, 0.00835943, 0.00563241, 0.00394687, 0.00636766, 0.00506333, 0.0080641, 0.00456675, 0.00591548, 0.00523062, 0.00733796, 0.00663172, 0.00553903, 0.00950573, 0.0089774, 0.00440292, 0.00856698, 0.00642937, 0.00472562, 0.00719974, 0.00846709, 0.0088563, 0.00659293, 0.00988593, 0.00532744, 0.00960131, 0.00914301, 0.00652048, 0.00475876, 0.00806069, 0.00968127, 0.00935303, 0.00518656, 0.00425941, 0.00909766, 0.00687314, 0.00684014, 0.00849229, 0.00738399, 0.00522875, 0.00705904, 0.00632529, 0.0054683, 0.00826676, 0.00452312, 0.00387283, 0.00572833];
GivenLatency = [702.507, 438.869, 631.876, 616.167, 522.014, 445.632, 402.786, 955.936, 604.621, 496.278, 646.848, 695.447, 775.779, 405.561, 491.419, 380.341, 477.007, 542.096, 820.346, 837.495, 513.574, 865.747, 1170.36, 624.356, 464.211, 687.299, 555.048, 515.012, 747.772, 412.258, 788.585, 664.045, 502.741, 724.784, 851.79, 564.997, 416.878, 861.788, 744.419, 383.282, 474.788, 793.97, 766.485, 357.989, 505.3, 351.306, 520.341, 914.197, 489.567, 653.403, 653.937, 907.054, 444.352, 542.084, 410.869, 878.635, 785.494, 561.927, 574.242, 520.863, 698.69, 354.575, 697.556, 669.187, 412.882, 884.469, 983.137, 495.201, 920.331, 446.159, 527.659, 799.372, 599.834, 466.39, 685.679, 530.45, 983.877, 513.061, 825.158, 635.614, 611.271, 748.556, 549.893, 721.267, 1063.33, 523.672, 827.225, 503.478, 863.85, 695.882, 732.124, 515.762, 619.362, 719.948, 366.095, 543.706, 1119.18, 492.048, 548.98, 920.781, 532.412, 455.261, 381.753, 651.672, 393.949, 882.258, 472.29, 380.969, 606.779, 828.306, 439.251, 409.935, 364.147, 962.952, 886.101, 430.697, 659.135, 510.107, 463.684, 476.391, 687.032, 483.802, 605.585, 674.675, 446.293, 767.646, 1251.59, 681.83];
HighestPossibleCritFunctionValue = 1.1;
