NumDevices = 128;
NumSlotes = 1024;


GivenBandwidthOld = [0.00979309, 0.00749179, 0.00445643, 0.00804964, 0.00528622, 0.00425416, 0.00844917, 0.00762106, 0.00840119, 0.00757331, 0.00582943, 0.00892614, 0.00545856, 0.0070334, 0.00655816, 0.00674612, 0.00958058, 0.00453153, 0.007648, 0.00486121, 0.00487611, 0.00523501, 0.00602059, 0.00926308, 0.0058807, 0.00820336, 0.00770869, 0.00624347, 0.00525108, 0.00737185, 0.00737403, 0.00660617, 0.0073447, 0.0074463, 0.00862577, 0.00713846, 0.00982809, 0.00814774, 0.00408118, 0.00734552, 0.00870784, 0.00516767, 0.00547927, 0.00515412, 0.00899944, 0.00608495, 0.00979047, 0.00722565, 0.00649847, 0.00982468, 0.00717896, 0.00927362, 0.00794482, 0.00612709, 0.00557577, 0.00814405, 0.00453886, 0.0058328, 0.00932947, 0.00916093, 0.00769957, 0.00916687, 0.00765512, 0.00586459, 0.00617327, 0.00658884, 0.00995137, 0.00519392, 0.00923599, 0.0067693, 0.00543639, 0.00936009, 0.00495058, 0.0069757, 0.00562619, 0.00568897, 0.00449914, 0.00704193, 0.00614092, 0.00673562, 0.00809419, 0.0040629, 0.0063713, 0.00994006, 0.00879983, 0.00756749, 0.00808991, 0.00715314, 0.00658739, 0.004344, 0.00582333, 0.00643465, 0.00597904, 0.00475073, 0.00422491, 0.00431392, 0.00647515, 0.00536514, 0.00568273, 0.00589291, 0.00716972, 0.00396015, 0.00451501, 0.0050412, 0.00493932, 0.00517412, 0.00775059, 0.00417251, 0.00490259, 0.00666234, 0.00774074, 0.00743618, 0.00743942, 0.00561106, 0.00756314, 0.00987168, 0.00964528, 0.00447653, 0.00829856, 0.00766799, 0.00958482, 0.00705485, 0.00469339, 0.00932698, 0.0047472, 0.00740206, 0.00889412, 0.00480611];
GivenLatency = [508.004, 558.068, 1001.84, 439.82, 875.32, 868.475, 516.62, 448.714, 402.191, 569.493, 626.536, 550.213, 834.54, 515.206, 637.675, 692.42, 428.517, 924.304, 532.351, 843.317, 901.614, 833.259, 672.205, 379.414, 725.584, 425.196, 486.882, 737.055, 678.205, 578.752, 615.432, 641.911, 483.619, 543.681, 559.568, 494.694, 385.577, 451.507, 953.158, 523.33, 526.204, 718.731, 859.381, 675.223, 438.688, 665.227, 400.131, 519.197, 658.953, 389.048, 634.195, 478.774, 440.645, 678.436, 833.487, 430.643, 809.302, 716.828, 446.37, 395.995, 449.013, 460.379, 465.189, 726.845, 642.663, 608.913, 401.619, 743.608, 494.807, 572.132, 613.582, 400.433, 792.373, 598.242, 858.758, 866.938, 864.701, 671.4, 750.174, 639.83, 497.261, 1066.32, 708.448, 451.902, 382.929, 503.455, 580.171, 486.956, 560.64, 928.307, 784.392, 564.506, 619.666, 725.014, 812.213, 1059.22, 588.101, 738.493, 788.786, 825.575, 560.689, 957.292, 814.817, 725.532, 810.773, 765.169, 459.598, 1139.45, 815.176, 594.25, 495.26, 563.655, 572.241, 707.437, 497.669, 371.377, 475.473, 754.408, 565.315, 456.84, 451.605, 647.787, 867.183, 420.422, 994.855, 626.975, 386.785, 698.738];
HighestPossibleCritFunctionValue = 1.1;
