NumDevices = 128;
NumSlotes = 1024;


GivenBandwidthOld = [0.00421635, 0.00357803, 0.00344071, 0.00172939, 0.00206546, 0.00353643, 0.00422498, 0.00171572, 0.00364143, 0.00342541, 0.00397265, 0.00137224, 0.00264317, 0.00376632, 0.00241039, 0.00396825, 0.00244282, 0.00204987, 0.00400807, 0.0029675, 0.0016301, 0.00211117, 0.0030932, 0.00174104, 0.00413149, 0.00226738, 0.00348523, 0.00315755, 0.00198536, 0.00416906, 0.00251249, 0.00429926, 0.00331802, 0.00215283, 0.00319707, 0.00382732, 0.00271698, 0.00369368, 0.00345463, 0.00126319, 0.00416547, 0.0016198, 0.00398, 0.00307145, 0.0019385, 0.00413845, 0.00371058, 0.00311439, 0.00167287, 0.00217244, 0.00161554, 0.00421444, 0.00277641, 0.00242926, 0.0022932, 0.00310581, 0.00126528, 0.00183324, 0.00375977, 0.00163401, 0.00225597, 0.00235492, 0.00280797, 0.00167153, 0.00147319, 0.0023247, 0.00427944, 0.00137729, 0.00318415, 0.0023374, 0.00209988, 0.00385821, 0.00301925, 0.00267529, 0.00298392, 0.00266326, 0.00389442, 0.00230255, 0.00401674, 0.00188709, 0.00265297, 0.00287641, 0.00201513, 0.00135367, 0.00294089, 0.00436917, 0.00320731, 0.00403193, 0.00399267, 0.00347612, 0.00306931, 0.00338205, 0.00338264, 0.00394723, 0.00233239, 0.00241165, 0.00318732, 0.00236342, 0.00201705, 0.0023927, 0.00344393, 0.00274555, 0.00253205, 0.00183924, 0.00149947, 0.0035011, 0.00426362, 0.0043334, 0.00207519, 0.00143233, 0.00322505, 0.0021442, 0.00199638, 0.00190252, 0.00245687, 0.00390551, 0.00425927, 0.0030373, 0.00292145, 0.00260727, 0.00348838, 0.00287157, 0.00181639, 0.00190013, 0.002938, 0.00277062, 0.00204633, 0.00399078];
GivenLatency = [95.1147, 125.196, 109.776, 303.638, 234.166, 92.3822, 118.543, 274.039, 149.862, 94.1541, 89.2306, 278.924, 210.262, 105.9, 134.703, 108.934, 164.953, 303.062, 123.998, 217.478, 327.609, 163.435, 105.12, 208.474, 117.618, 141.121, 173.782, 171.069, 219.581, 85.6849, 134.078, 144.328, 153.239, 204.365, 146.359, 94.9329, 141.913, 95.0329, 97.9308, 386.495, 76.8164, 195.736, 123.731, 117.386, 165.126, 128.232, 144.291, 105.651, 197.98, 143.861, 197.263, 97.0506, 119.564, 166.35, 146.244, 173.244, 308.746, 212.973, 156.711, 389.75, 215.457, 168.725, 118.558, 253.508, 280.969, 277.429, 98.4262, 258.822, 106.095, 216.63, 290.051, 82.3096, 187.338, 138.574, 216.851, 165.043, 103.224, 164.139, 80.0879, 286.3, 163.961, 135.373, 185.161, 277.427, 115.927, 86.0773, 142.287, 109.021, 83.1226, 120.114, 204.691, 151.528, 93.99, 89.0651, 247.546, 155.82, 101.374, 156.26, 205.158, 230.929, 143.412, 225.895, 244.261, 338.945, 308.891, 95.2631, 79.6221, 77.6617, 248.092, 324.452, 108.556, 152.312, 329.086, 288.055, 179.059, 125.336, 124.157, 126.493, 121.702, 224.126, 112.195, 112.103, 336.226, 204.84, 126.063, 144.278, 227.328, 133.723];
HighestPossibleCritFunctionValue = 1.1;
