NumDevices = 16;
NumSlotes = 128;


GivenBandwidthOld = [0.0582947, 0.0593157, 0.0591337, 0.0401481, 0.0695951, 0.0642137, 0.0598286, 0.0393078, 0.0662678, 0.0625802, 0.0447218, 0.0585191, 0.0302692, 0.0348893, 0.0439317, 0.0599413];
GivenLatency = [15.1233, 17.2677, 18.6756, 25.1681, 15.1986, 13.0217, 18.3093, 21.8633, 11.7159, 14.6376, 18.3189, 14.3626, 34.0072, 23.4831, 20.8776, 15.4576];
HighestPossibleCritFunctionValue = 1.1;
