NumDevices = 128;
NumSlotes = 1024;


GivenBandwidthOld = [0.00805041, 0.00572189, 0.00777096, 0.00903836, 0.00389192, 0.00774016, 0.00390895, 0.00639125, 0.00774471, 0.00528614, 0.00916096, 0.00827628, 0.00810764, 0.0050723, 0.00889619, 0.00820907, 0.00989389, 0.00780153, 0.00403775, 0.00863989, 0.00695207, 0.00849572, 0.008854, 0.00545953, 0.0045081, 0.00758043, 0.00672197, 0.00981938, 0.00555202, 0.00908169, 0.007173, 0.00909193, 0.00437714, 0.00658767, 0.00897926, 0.00447258, 0.00438179, 0.0097528, 0.00530668, 0.00429, 0.00457593, 0.00383953, 0.0084027, 0.00798401, 0.00854208, 0.00675878, 0.00982345, 0.00527962, 0.00586283, 0.00775008, 0.00803621, 0.0045976, 0.00563437, 0.00555329, 0.00544929, 0.0074643, 0.00496512, 0.00758388, 0.00852905, 0.00646827, 0.0084778, 0.00757469, 0.00404562, 0.009693, 0.00655885, 0.0059013, 0.00437101, 0.00989494, 0.00677415, 0.00557055, 0.00800187, 0.00870956, 0.00908566, 0.00520746, 0.00556683, 0.00793783, 0.00730903, 0.0079175, 0.0094363, 0.00469116, 0.00933383, 0.00735299, 0.00912795, 0.00972244, 0.00758918, 0.00382948, 0.00837832, 0.0044576, 0.00880481, 0.0099445, 0.00842334, 0.00475732, 0.00885891, 0.00669633, 0.00393001, 0.00418423, 0.00815239, 0.00714481, 0.00404225, 0.00926874, 0.0072429, 0.00899089, 0.0061232, 0.00883358, 0.00602431, 0.00933446, 0.00559791, 0.00525152, 0.00846435, 0.00658842, 0.00912932, 0.00768222, 0.00509925, 0.00566041, 0.00572128, 0.00998383, 0.00705329, 0.00958883, 0.00565707, 0.0059127, 0.00858126, 0.00891907, 0.00527357, 0.00422832, 0.00540836, 0.00703632, 0.0057038, 0.00996466];
GivenLatency = [420.135, 665.289, 430.427, 420.28, 917.673, 513.281, 1079.94, 603.22, 596.48, 855.81, 473.58, 455.047, 570.843, 811.968, 530.759, 410.027, 394.143, 567.81, 862.668, 542.132, 480.093, 401.977, 563.293, 625.189, 831.941, 648.98, 544.034, 372.014, 727.912, 494.7, 563.094, 535.258, 789.22, 710.87, 438.814, 778.82, 826.237, 491.95, 637.873, 881.598, 791.385, 1155.28, 398.875, 454.897, 575.477, 505.276, 405.58, 873.083, 756.574, 489.603, 501.064, 922.917, 796.419, 740.743, 725.806, 602.338, 707.486, 498.196, 478.465, 754.695, 478.465, 442.374, 1005.34, 460.844, 713.048, 801.78, 1054.84, 484.126, 538.849, 710.779, 611.496, 501.164, 403.81, 727.439, 648.512, 456.516, 620.588, 548.634, 372.35, 1032.27, 531.176, 571.382, 405.873, 399.258, 571.668, 1159.92, 488.537, 865.32, 451.524, 388.004, 509.719, 722.73, 505.752, 674.79, 1260.77, 1031.05, 442.707, 647.81, 1165.2, 440.36, 517.117, 473.572, 774.209, 545.099, 750.018, 473.226, 866.802, 814.099, 521.155, 625.062, 397.957, 637.93, 661.356, 682.302, 646.083, 432.891, 498.304, 424.842, 879.016, 592.702, 429.119, 426.016, 663.489, 1042.93, 760.293, 525.685, 594.749, 467.546];
HighestPossibleCritFunctionValue = 1.1;
