NumDevices = 64;
NumSlotes = 512;


GivenBandwidthOld = [0.00501267, 0.00793321, 0.0059971, 0.00328627, 0.00476007, 0.00630932, 0.00695001, 0.00623885, 0.00378012, 0.00505718, 0.00599216, 0.00777696, 0.00479658, 0.00735519, 0.00364015, 0.00254073, 0.00577722, 0.00780393, 0.0082166, 0.00635171, 0.00686606, 0.00780183, 0.00405956, 0.00785492, 0.00269058, 0.00557281, 0.00344976, 0.00269253, 0.00711251, 0.00617175, 0.00730813, 0.00652116, 0.00484818, 0.00579464, 0.00670345, 0.0061663, 0.00323575, 0.0057031, 0.00574837, 0.00404263, 0.00447191, 0.00682516, 0.00799776, 0.00332629, 0.00864748, 0.0044055, 0.00331112, 0.00381013, 0.0031591, 0.00506314, 0.00612077, 0.00685401, 0.00538741, 0.00623048, 0.00698379, 0.00538081, 0.00783592, 0.00827537, 0.00660877, 0.00858915, 0.00531994, 0.00351197, 0.00445639, 0.00854398];
GivenLatency = [61.6556, 43.7896, 53.1044, 159.271, 83.4427, 60.0123, 57.7775, 73.0067, 105.894, 124.041, 81.5815, 44.4876, 106.18, 52.1284, 145.701, 178.158, 105.908, 76.5134, 67.3131, 48.8028, 56.8415, 45.1034, 122.369, 54.2566, 142.01, 67.0205, 157.297, 210.389, 68.4494, 50.2438, 70.2477, 65.8805, 118.074, 76.7802, 47.0452, 92.8408, 155.726, 104.105, 68.9261, 123.834, 99.9583, 92.4211, 79.0795, 114.653, 46.4313, 77.0894, 132.094, 93.172, 166.387, 84.9089, 59.8185, 88.0811, 113.586, 53.3397, 55.0959, 65.9955, 54.2236, 73.8794, 58.995, 57.0058, 77.7515, 131.334, 114.82, 53.1682];
HighestPossibleCritFunctionValue = 1.1;
