NumDevices = 32;
NumSlotes = 256;


GivenBandwidthOld = [0.0229183, 0.0220805, 0.016583, 0.0211528, 0.0249497, 0.0393012, 0.0196732, 0.0322243, 0.0283317, 0.0303113, 0.0264482, 0.025738, 0.0393932, 0.0171107, 0.0152337, 0.0182414, 0.0180453, 0.0223966, 0.030018, 0.0229558, 0.0277947, 0.0298921, 0.0323197, 0.0323087, 0.0218983, 0.0292167, 0.0302214, 0.0157373, 0.0318186, 0.0346888, 0.0253845, 0.0227812];
GivenLatency = [102.404, 95.0215, 119.273, 87.39, 93.0154, 42.8979, 93.9716, 56.6894, 62.3856, 57.2492, 64.6142, 65.8185, 54.9485, 119.81, 110.079, 102.24, 96.9375, 104.465, 67.7309, 89.7777, 71.0591, 83.5652, 57.5841, 66.0675, 78.7609, 65.2193, 67.678, 129.391, 73.8302, 66.1149, 84.7593, 89.2895];
HighestPossibleCritFunctionValue = 1.1;
