NumDevices = 64;
NumSlotes = 512;


GivenBandwidthOld = [0.00614796, 0.00758733, 0.00521676, 0.00683705, 0.00778339, 0.00675655, 0.00488595, 0.00311908, 0.00744256, 0.00333083, 0.00379434, 0.00641391, 0.00855106, 0.00274009, 0.00639813, 0.005818, 0.00567181, 0.0048232, 0.00477497, 0.00672506, 0.00677877, 0.00331499, 0.00634433, 0.0078519, 0.00818858, 0.00422326, 0.00280919, 0.0053661, 0.00434949, 0.0057067, 0.00377716, 0.00529135, 0.00422603, 0.00562951, 0.00650334, 0.00534388, 0.00590108, 0.00817543, 0.00824465, 0.00277453, 0.00394819, 0.00481024, 0.00575287, 0.0047943, 0.0065839, 0.00310135, 0.00320746, 0.00531618, 0.00270442, 0.00696599, 0.00612021, 0.00370024, 0.00615807, 0.0086556, 0.00341778, 0.0026567, 0.00492559, 0.00681676, 0.00420822, 0.00624272, 0.00632082, 0.00659076, 0.00596453, 0.00588236];
GivenLatency = [64.4652, 43.0506, 107.977, 86.2891, 49.7183, 52.3982, 102.165, 130.257, 44.1765, 130.229, 94.0676, 50.7303, 59.7481, 146.25, 61.4386, 80.5513, 70.4567, 75.0001, 121.392, 47.6796, 56.0065, 126.612, 51.208, 39.8311, 63.2124, 85.996, 143.889, 83.8895, 71.9055, 54.8216, 156.794, 90.6579, 106.096, 57.7029, 53.5469, 101.751, 105.209, 37.8154, 47.3037, 139.878, 145.253, 127.543, 81.5519, 79.2301, 48.5762, 146.698, 188.278, 121.685, 135.805, 66.446, 82.7328, 158.715, 102.544, 66.5754, 131.263, 118.091, 93.8705, 84.2219, 147.284, 52.9533, 50.3988, 63.8247, 72.0576, 56.1562];
HighestPossibleCritFunctionValue = 1.1;
