NumDevices = 32;
NumSlotes = 256;


GivenBandwidthOld = [0.0249042, 0.0349937, 0.0286741, 0.0152254, 0.0233348, 0.0177677, 0.0324194, 0.0230782, 0.025662, 0.0305025, 0.0257489, 0.0311929, 0.0291761, 0.0319356, 0.0321939, 0.0321352, 0.0266109, 0.0200534, 0.0279277, 0.0305214, 0.0233351, 0.023098, 0.0175454, 0.015639, 0.0339208, 0.0169572, 0.0300923, 0.0313992, 0.0167801, 0.0335458, 0.0341376, 0.0200601];
GivenLatency = [42.5723, 32.0919, 29.6639, 68.6455, 44.916, 64.7508, 32.6147, 42.4902, 43.605, 29.4898, 38.8745, 34.3036, 36.656, 31.097, 30.6969, 26.4456, 41.3387, 55.4325, 34.075, 32.4033, 42.8732, 44.2526, 54.0779, 67.4125, 28.9109, 49.3029, 32.7328, 36.8958, 66.791, 25.871, 31.276, 45.6997];
HighestPossibleCritFunctionValue = 1.1;
