NumDevices = 16;
NumSlotes = 128;


GivenBandwidthOld = [0.0454464, 0.0373751, 0.0340164, 0.0331901, 0.0461314, 0.0498458, 0.0775775, 0.0647184, 0.0416413, 0.0346554, 0.0734344, 0.0324439, 0.0553541, 0.0563005, 0.062766, 0.078375];
GivenLatency = [31.5451, 48.0757, 44.0135, 58.1752, 29.1075, 29.2083, 17.3172, 26.3915, 40.8148, 44.0925, 26.1502, 45.4134, 34.3099, 33.0773, 30.934, 17.3857];
HighestPossibleCritFunctionValue = 1.1;
