NumDevices = 128;
NumSlotes = 1024;


GivenBandwidthOld = [0.00719014, 0.00721798, 0.00503047, 0.0046521, 0.00528637, 0.0055272, 0.00810804, 0.00433131, 0.00381078, 0.00532743, 0.00557082, 0.0062431, 0.00532024, 0.00481135, 0.00684885, 0.00620773, 0.00583279, 0.00427369, 0.00537534, 0.00587264, 0.00388806, 0.00410664, 0.00773299, 0.00586276, 0.00798057, 0.00701624, 0.00442031, 0.00457493, 0.00837911, 0.00523088, 0.00794737, 0.00390278, 0.00653757, 0.00450896, 0.00457015, 0.00795409, 0.00687388, 0.00675964, 0.00676311, 0.00516317, 0.00487678, 0.00656679, 0.0055052, 0.00832008, 0.00801009, 0.0080545, 0.00441718, 0.00702568, 0.00802747, 0.00518962, 0.00438133, 0.00455541, 0.00526128, 0.00384352, 0.00549818, 0.00535619, 0.00391377, 0.00616307, 0.00526575, 0.00390771, 0.00441644, 0.00456637, 0.00447257, 0.00796287, 0.00442406, 0.0077603, 0.00490022, 0.00546107, 0.00662919, 0.00425347, 0.00553768, 0.00427828, 0.00758099, 0.00616049, 0.0068265, 0.00551454, 0.00530429, 0.00663365, 0.00418105, 0.00846385, 0.00439757, 0.00740174, 0.00850815, 0.00405222, 0.00820335, 0.00620443, 0.00540958, 0.00627317, 0.00572569, 0.00409841, 0.0044196, 0.00773274, 0.00657881, 0.00748379, 0.007553, 0.00580434, 0.00610835, 0.0055945, 0.00418408, 0.00437297, 0.00403264, 0.00401366, 0.00505929, 0.00403349, 0.00829776, 0.00796488, 0.00819716, 0.00711979, 0.00476906, 0.0060821, 0.00442496, 0.00773543, 0.00693481, 0.00579666, 0.00696461, 0.00674088, 0.00642398, 0.00538784, 0.00590754, 0.00548934, 0.00690745, 0.00605965, 0.00697893, 0.0073462, 0.00514878, 0.00802558, 0.0083415, 0.00805622];
GivenLatency = [136.06, 134.137, 225.062, 235.893, 215.298, 225.023, 154.526, 251.505, 278.493, 236.221, 204.541, 199.956, 220.096, 203.075, 154.185, 202.064, 174.301, 293.266, 223.958, 182.402, 317.692, 238.292, 136.108, 201.083, 125.69, 151.667, 261.584, 219.359, 138.968, 191.101, 155.214, 287.765, 175.774, 239.677, 228.773, 155.618, 140.209, 151.187, 174.366, 224.697, 202.354, 170.148, 187.805, 132.251, 120.506, 119.649, 290.237, 184.793, 140.572, 199.982, 225.663, 232.804, 206.243, 337.072, 188.118, 184.247, 245.21, 168.058, 188.404, 292.917, 289.425, 253.882, 222.966, 136.583, 252.059, 128.374, 213.383, 185.6, 152.416, 290.606, 209.471, 294.571, 130.075, 208.789, 151.365, 184.753, 196.792, 161.402, 286.762, 125.974, 236.478, 170.055, 118.431, 293.266, 127.953, 160.08, 217.229, 163.006, 201.335, 276.491, 244.488, 135.265, 160.934, 132.955, 136.235, 170.331, 185.737, 201.396, 261.979, 220.625, 256.653, 258.694, 189.826, 250.23, 126.1, 154.488, 124.159, 138.891, 257.678, 158.576, 233.498, 124.736, 141.319, 188.91, 141.84, 159.784, 198.278, 235.023, 167.644, 185.462, 153.419, 185.272, 158.959, 156.187, 216.147, 127.705, 145.621, 144.751];
HighestPossibleCritFunctionValue = 1.1;
