NumDevices = 16;
NumSlotes = 128;


GivenBandwidthOld = [0.0395678, 0.0352461, 0.0406652, 0.0396943, 0.0425938, 0.0539012, 0.0569385, 0.065807, 0.0375294, 0.0562895, 0.0374154, 0.0599845, 0.0595593, 0.0336165, 0.0523436, 0.0382054];
GivenLatency = [21.2687, 25.1302, 27.0882, 24.0406, 18.1525, 15.9862, 14.0714, 11.6911, 26.1339, 14.5059, 22.3604, 18.1472, 13.9374, 28.3532, 15.8068, 22.0315];
HighestPossibleCritFunctionValue = 1.1;
