NumDevices = 16;
NumSlotes = 128;


GivenBandwidthOld = [0.0515073, 0.0534287, 0.0461572, 0.0343619, 0.0398063, 0.044404, 0.0676406, 0.0552929, 0.0779798, 0.0760139, 0.0350023, 0.0531044, 0.0450022, 0.0719663, 0.056777, 0.0718403];
GivenLatency = [35.3397, 32.041, 31.211, 50.3493, 33.8743, 40.1016, 25.6485, 25.2159, 19.4665, 21.1394, 45.9773, 31.3655, 35.4759, 19.636, 24.1594, 20.5874];
HighestPossibleCritFunctionValue = 1.1;
