NumDevices = 16;
NumSlotes = 128;


GivenBandwidthOld = [0.0649316, 0.0459387, 0.0315174, 0.0523016, 0.0522579, 0.0377531, 0.0563359, 0.0568479, 0.0619668, 0.0567357, 0.0570988, 0.0398671, 0.066189, 0.0585012, 0.0502172, 0.0602448];
GivenLatency = [12.2464, 18.5907, 33.3213, 18.7977, 15.3086, 23.7832, 19.5337, 16.4235, 16.6212, 16.9843, 18.6301, 24.273, 14.0825, 16.227, 16.1781, 15.9992];
HighestPossibleCritFunctionValue = 1.1;
