NumDevices = 64;
NumSlotes = 512;


GivenBandwidthOld = [0.00766916, 0.00564143, 0.00680546, 0.00819606, 0.00486828, 0.00618116, 0.00293396, 0.00848303, 0.00298407, 0.00698942, 0.00625035, 0.00331968, 0.00383484, 0.00592308, 0.00291479, 0.00505178, 0.00277725, 0.00606781, 0.00420488, 0.00645826, 0.00396906, 0.00541544, 0.008615, 0.00854266, 0.00527817, 0.00775499, 0.00440164, 0.00709306, 0.00436164, 0.00364863, 0.00755427, 0.00579875, 0.00708045, 0.00479541, 0.00641443, 0.00489207, 0.00608035, 0.00872781, 0.00457297, 0.00535176, 0.00694954, 0.00468165, 0.00700956, 0.00721802, 0.00455306, 0.00831928, 0.00706026, 0.00299828, 0.00839184, 0.00791109, 0.00287888, 0.00780653, 0.00816464, 0.00812069, 0.0069572, 0.00839779, 0.0078817, 0.00278684, 0.00461493, 0.0042904, 0.00622573, 0.00830871, 0.00449329, 0.00377167];
GivenLatency = [48.9437, 67.5237, 70.0873, 65.2021, 64.2475, 57.0833, 143.701, 74.4606, 129.611, 54.1126, 62.5214, 170.304, 156.978, 53.3495, 117.016, 67.8667, 199.608, 55.9381, 124.321, 97.442, 79.3775, 105.885, 60.9939, 44.4629, 86.5329, 45.3003, 132.58, 73.2973, 76.9896, 136.821, 75.8869, 67.4937, 62.1076, 67.9046, 51.5565, 66.5573, 74.6559, 53.7849, 80.861, 89.6654, 67.4331, 95.3855, 45.6384, 71.1611, 85.7064, 74.9178, 68.7097, 117.044, 73.8527, 40.686, 147.304, 70.8771, 40.1525, 74.7403, 49.6552, 36.8028, 54.2064, 189.037, 104.251, 142.388, 85.0969, 38.2648, 125.588, 99.0427];
HighestPossibleCritFunctionValue = 1.1;
