NumDevices = 8;
NumSlotes = 64;


GivenBandwidthOld = [0.0503096, 0.0342616, 0.0639772, 0.0455174, 0.040388, 0.0306981, 0.0231471, 0.0627506];
GivenLatency = [8.15798, 16.9477, 4.94645, 7.81886, 13.2076, 10.028, 16.3075, 7.19967];
HighestPossibleCritFunctionValue = 1.1;
