NumDevices = 128;
NumSlotes = 1024;


GivenBandwidthOld = [0.00394202, 0.00220538, 0.00206182, 0.00167549, 0.00250104, 0.00253447, 0.00186438, 0.00211003, 0.00268332, 0.00349055, 0.00194962, 0.00352973, 0.00414694, 0.00256801, 0.00305332, 0.00335198, 0.00424455, 0.00259522, 0.00406645, 0.00294331, 0.00135265, 0.00157032, 0.00353582, 0.0034685, 0.00318841, 0.00206418, 0.00399682, 0.00138484, 0.00186307, 0.00191734, 0.00155081, 0.00386002, 0.0023053, 0.00326907, 0.00132446, 0.00277486, 0.00141504, 0.00324786, 0.00428277, 0.00424209, 0.00182342, 0.00433985, 0.00415209, 0.00171986, 0.00129475, 0.00331566, 0.00317549, 0.00365501, 0.00353015, 0.00189303, 0.00237116, 0.00402965, 0.00319061, 0.00145439, 0.00201262, 0.00297767, 0.00384193, 0.00128832, 0.00153176, 0.00233391, 0.00293456, 0.00432301, 0.00243736, 0.00415321, 0.00168919, 0.00145093, 0.00325169, 0.00296056, 0.00381753, 0.00377024, 0.00265422, 0.00196904, 0.00177834, 0.00294736, 0.00375932, 0.00357492, 0.0042634, 0.00376323, 0.00358063, 0.00335199, 0.00130682, 0.00317285, 0.00303505, 0.002581, 0.00259871, 0.0033531, 0.00422528, 0.0036783, 0.00435273, 0.00188764, 0.00235747, 0.00191972, 0.00405574, 0.00416312, 0.0026625, 0.00359246, 0.00227665, 0.00309723, 0.00386708, 0.00218427, 0.00357163, 0.00205617, 0.0036395, 0.00221784, 0.00213555, 0.0033825, 0.00157449, 0.00189953, 0.00225436, 0.00336685, 0.00419612, 0.00412498, 0.00228819, 0.00325485, 0.00293051, 0.00180924, 0.00354534, 0.00406405, 0.00317906, 0.00422205, 0.00251926, 0.00249939, 0.00281516, 0.0037265, 0.00192746, 0.0029349, 0.00377185, 0.00166097];
GivenLatency = [127.369, 171.782, 180.908, 245.981, 174.329, 140.388, 256.223, 261.085, 165.862, 94.6274, 201.634, 121.339, 79.8412, 125.918, 102.705, 125.707, 85.4264, 120.744, 108.874, 188.571, 321.861, 297.434, 95.0523, 162.167, 123.391, 238.523, 97.025, 311.297, 169.394, 233.417, 301.875, 138.854, 141.068, 128.357, 362.078, 125.741, 231.639, 116.238, 147.776, 82.8248, 314.758, 99.0584, 90.6309, 213.789, 483.975, 104.441, 186.66, 108.169, 109.53, 316.565, 156.418, 83.9149, 105.056, 248.261, 173.24, 152.474, 115.209, 315.279, 272.459, 142.493, 144.473, 105.413, 268.634, 83.6613, 215.65, 432.71, 171.586, 213.53, 91.4429, 92.2582, 125.969, 171.562, 318.643, 152.587, 106.831, 101.943, 87.8342, 170.183, 120.659, 125.972, 258.567, 144.334, 190.046, 122.294, 154.476, 132.242, 147.627, 86.4837, 132.759, 168.704, 155.578, 325.16, 108.897, 75.4344, 132.88, 109.942, 262.112, 142.874, 133.244, 240.062, 123.646, 255.599, 159.987, 149.134, 264.198, 190.146, 351.173, 335.935, 222.834, 129.16, 76.432, 88.2309, 205.838, 177.277, 128.273, 313.899, 160.728, 83.099, 133.943, 79.8278, 188.859, 193.249, 225.693, 133.174, 262.275, 160.897, 151.332, 321.683];
HighestPossibleCritFunctionValue = 1.1;
