NumDevices = 16;
NumSlotes = 128;


GivenBandwidthOld = [0.0339669, 0.0615881, 0.0516686, 0.0533764, 0.0365268, 0.0453777, 0.0423759, 0.0321562, 0.0689557, 0.0382409, 0.054432, 0.0584839, 0.0385807, 0.0455531, 0.0308115, 0.0693596];
GivenLatency = [23.1146, 13.2282, 18.0477, 18.198, 26.8377, 21.5948, 20.0144, 25.6263, 12.813, 23.5092, 15.3344, 13.4278, 22.5186, 17.6471, 29.5927, 13.546];
HighestPossibleCritFunctionValue = 1.1;
