NumDevices = 32;
NumSlotes = 256;


GivenBandwidthOld = [0.0240565, 0.0276072, 0.023684, 0.0276901, 0.0174989, 0.0338714, 0.026324, 0.0173769, 0.0237566, 0.0274427, 0.0201337, 0.0176403, 0.0307435, 0.0157212, 0.0164181, 0.0289738, 0.0331731, 0.030122, 0.0301661, 0.0311115, 0.0202361, 0.0175679, 0.0339885, 0.03469, 0.0245997, 0.0167279, 0.0153361, 0.023208, 0.0276639, 0.016836, 0.0318638, 0.0242183];
GivenLatency = [38.8541, 40.3463, 36.5985, 40.2322, 53.345, 24.7681, 36.6335, 51.4891, 43.2168, 31.5359, 44.0248, 62.6291, 27.2268, 66.2649, 53.1091, 29.1379, 27.4459, 36.3922, 30.8478, 31.7062, 44.8313, 55.0538, 28.8485, 32.0117, 41.4736, 57.95, 57.3228, 39.3353, 30.8812, 65.7109, 28.2791, 37.841];
HighestPossibleCritFunctionValue = 1.1;
