NumDevices = 32;
NumSlotes = 256;


GivenBandwidthOld = [0.0152788, 0.0205078, 0.0247579, 0.0165113, 0.0158372, 0.0261265, 0.0180019, 0.0283926, 0.0236198, 0.0281124, 0.0155724, 0.0347862, 0.0209573, 0.019915, 0.0214978, 0.0232148, 0.0214923, 0.031365, 0.0219029, 0.0326401, 0.0314737, 0.0283078, 0.0196005, 0.0155146, 0.0240152, 0.0336535, 0.02427, 0.0162822, 0.0248924, 0.0168381, 0.0286776, 0.034297];
GivenLatency = [71.1543, 47.2544, 34.3919, 61.9183, 71.2767, 33.3681, 47.1829, 39.4593, 40.0544, 30.2715, 65.6655, 31.1662, 43.8539, 58.3016, 51.6831, 42.0278, 43.6087, 27.6118, 43.2774, 32.9394, 28.7731, 31.1158, 52.9865, 74.2871, 38.1922, 30.2988, 46.0793, 61.6386, 43.9618, 62.8047, 36.1917, 24.9115];
HighestPossibleCritFunctionValue = 1.1;
