NumDevices = 64;
NumSlotes = 512;


GivenBandwidthOld = [0.00865298, 0.00318789, 0.00763312, 0.00609778, 0.00783292, 0.00785594, 0.0072931, 0.00395224, 0.00400756, 0.00252675, 0.00838827, 0.00411518, 0.00501169, 0.00390079, 0.00807343, 0.00635366, 0.0084714, 0.00754701, 0.00256481, 0.00419155, 0.00745221, 0.00307949, 0.00446878, 0.00423847, 0.00840222, 0.00740806, 0.00476387, 0.00768286, 0.00458882, 0.00309501, 0.00281804, 0.00413105, 0.00307352, 0.00417938, 0.00288197, 0.00359455, 0.00488912, 0.0063833, 0.00659999, 0.00480729, 0.00619655, 0.00538034, 0.00604643, 0.00729883, 0.00645914, 0.00634082, 0.0051647, 0.0067933, 0.00375647, 0.00749229, 0.00798784, 0.00541943, 0.00681387, 0.00563322, 0.00627316, 0.00549569, 0.00728166, 0.0053182, 0.00540198, 0.00738162, 0.0040707, 0.00752934, 0.00566748, 0.00703523];
GivenLatency = [40.5853, 119.156, 51.043, 62.1548, 75.8561, 43.0639, 73.262, 136.657, 92.7007, 129.548, 45.1596, 98.5895, 62.6414, 104.309, 44.6682, 60.1678, 57.1864, 55.6217, 157.362, 107.56, 50.2843, 110.893, 86.0907, 89.1305, 36.8999, 58.1511, 81.0255, 46.0362, 111.675, 193.398, 132.748, 76.2074, 117.365, 136.241, 129.054, 128.451, 63.6372, 51.1052, 47.083, 64.3809, 71.3491, 80.4268, 52.6775, 56.1182, 50.708, 57.4431, 65.7107, 78.821, 109.228, 42.5797, 38.7429, 109.765, 61.4326, 100.425, 53.5679, 85.9587, 44.2666, 89.4205, 104.668, 79.2205, 122.902, 41.0988, 65.2897, 91.7327];
HighestPossibleCritFunctionValue = 1.1;
