NumDevices = 16;
NumSlotes = 128;


GivenBandwidthOld = [0.0483871, 0.0623515, 0.0424384, 0.0421009, 0.049355, 0.0488947, 0.0328042, 0.0393548, 0.0556723, 0.0647506, 0.0439755, 0.0356535, 0.048496, 0.0519097, 0.0659737, 0.0395261];
GivenLatency = [17.9397, 13.9622, 19.6011, 18.8665, 19.9608, 19.3235, 24.5564, 25.9165, 17.354, 14.7697, 19.8916, 27.3502, 20.0072, 19.3824, 13.3904, 20.3299];
HighestPossibleCritFunctionValue = 1.1;
