NumDevices = 64;
NumSlotes = 512;


GivenBandwidthOld = [0.0106643, 0.0096379, 0.00921043, 0.0147153, 0.0148749, 0.0166999, 0.00970453, 0.00900398, 0.0148816, 0.00946423, 0.0103559, 0.0169435, 0.0152314, 0.00834035, 0.0112419, 0.00800557, 0.0145768, 0.00757271, 0.00950679, 0.0156486, 0.0107138, 0.0123305, 0.013464, 0.0147863, 0.00882145, 0.0171551, 0.0109325, 0.0171705, 0.0091586, 0.0136215, 0.0107331, 0.0157747, 0.0100881, 0.0161833, 0.00756202, 0.00983159, 0.0145159, 0.0130766, 0.0139563, 0.0090407, 0.0120431, 0.0140471, 0.0150106, 0.0082151, 0.0161141, 0.0150193, 0.0139589, 0.0125356, 0.01067, 0.0155131, 0.0139458, 0.0114817, 0.017413, 0.014533, 0.0110456, 0.0087251, 0.00774532, 0.0106387, 0.0100452, 0.0147734, 0.0112258, 0.0165005, 0.00927608, 0.00800412];
GivenLatency = [106.215, 99.912, 107.679, 66.8336, 62.2375, 63.2046, 112.053, 113.07, 62.9705, 127.346, 91.5343, 61.4804, 76.2247, 127.325, 95.6017, 138.771, 79.7985, 157.155, 115.674, 75.57, 89.2543, 84.9069, 74.1886, 66.9526, 117.273, 67.6239, 100.636, 65.505, 103.4, 83.9438, 87.3758, 62.4127, 110.584, 73.2184, 125.846, 93.411, 66.6265, 94.0998, 66.3815, 106.925, 103.512, 69.8503, 73.8595, 146.148, 68.1285, 75.6144, 67.8981, 94.0036, 96.76, 80.3315, 65.8197, 101.413, 65.1706, 79.0462, 109.839, 109.622, 124.948, 114.796, 95.6353, 62.8479, 98.613, 68.9511, 106.193, 126.426];
HighestPossibleCritFunctionValue = 1.1;
