NumDevices = 128;
NumSlotes = 1024;


GivenBandwidthOld = [0.00434597, 0.00388124, 0.00258164, 0.00393903, 0.0020994, 0.00208456, 0.00278174, 0.00137644, 0.00137711, 0.00323667, 0.0036931, 0.00311798, 0.0026661, 0.00171623, 0.00277922, 0.00289968, 0.00247913, 0.0029873, 0.0031471, 0.00141678, 0.00125848, 0.00311369, 0.00238905, 0.00147961, 0.00411464, 0.00352675, 0.0040806, 0.00328687, 0.00364777, 0.00370196, 0.00188623, 0.00375764, 0.00333491, 0.00162706, 0.00408906, 0.00176562, 0.00171303, 0.00213981, 0.00308337, 0.00212751, 0.00273353, 0.00369461, 0.00344243, 0.0024607, 0.00261145, 0.00195969, 0.00405201, 0.00406801, 0.00422137, 0.00361568, 0.00186278, 0.00342659, 0.00189381, 0.0030199, 0.00428773, 0.0032597, 0.00322509, 0.00281463, 0.00422716, 0.00394343, 0.0040738, 0.00145398, 0.00147557, 0.00174674, 0.00304525, 0.00221063, 0.00286857, 0.00149328, 0.00257137, 0.00321909, 0.00197142, 0.00430293, 0.00248915, 0.00257489, 0.00313177, 0.00316828, 0.00422055, 0.00235727, 0.00168601, 0.0042029, 0.00252783, 0.0027751, 0.00236763, 0.00400759, 0.00125317, 0.00132739, 0.00188391, 0.00219442, 0.00219117, 0.00385525, 0.00334279, 0.00290628, 0.00390475, 0.00408121, 0.00416901, 0.00167869, 0.00309216, 0.003016, 0.0043394, 0.00288252, 0.00146301, 0.00320118, 0.00414391, 0.00166379, 0.00266879, 0.00306289, 0.00179806, 0.00313444, 0.00422023, 0.00314456, 0.0024541, 0.00425808, 0.00171888, 0.00352798, 0.00284256, 0.00182853, 0.0027916, 0.00155232, 0.0041762, 0.00378811, 0.00293117, 0.00355573, 0.00369179, 0.00297829, 0.00166606, 0.00332549, 0.00280626, 0.00422216];
GivenLatency = [72.8742, 104.146, 212.029, 157.389, 202.634, 265.095, 189.907, 383.703, 264.36, 120, 168.995, 101.095, 165.393, 327.146, 118.58, 131.425, 247.273, 196.555, 118.665, 445.241, 260.749, 138.11, 186.016, 340.788, 76.2648, 159.253, 78.5066, 171.864, 117.185, 138.423, 243.337, 96.1068, 109.95, 324.853, 146.27, 347.049, 341.684, 185.382, 159.646, 268.431, 177.168, 87.7291, 99.4865, 246.7, 159.586, 186.964, 127.772, 92.0622, 114.219, 139.286, 246.667, 172.035, 231.053, 131.264, 80.2056, 198.137, 162.586, 137.214, 108.334, 118.465, 92.142, 340.964, 339.555, 226.885, 195.251, 292.738, 122.38, 220.374, 122.181, 116.55, 237.02, 88.2781, 169.576, 156.756, 194.536, 154.604, 102.874, 276.875, 207.758, 147.416, 173.811, 192.341, 219.823, 105.842, 264.222, 366.847, 263.537, 151.702, 196.734, 160.408, 100.357, 119.335, 163.49, 92.8581, 87.7479, 213.138, 137.362, 104.698, 100.256, 196.808, 343.884, 137.849, 105.345, 225.27, 146.344, 130.088, 218.941, 154.897, 76.1073, 109.709, 181.196, 109.693, 305.132, 89.8591, 151.877, 236.862, 209.602, 360.274, 78.4244, 138.731, 206.411, 100.613, 108.905, 175.417, 256.645, 121.154, 187.128, 103.148];
HighestPossibleCritFunctionValue = 1.1;
