NumDevices = 16;
NumSlotes = 128;


GivenBandwidthOld = [0.0345122, 0.0664653, 0.062644, 0.0380419, 0.0307225, 0.0526751, 0.0511294, 0.0326766, 0.0555723, 0.0636043, 0.0567783, 0.0521773, 0.0434481, 0.0523705, 0.0503708, 0.0419223];
GivenLatency = [26.7923, 15.2446, 13.4341, 20.4183, 32.57, 18.5606, 15.267, 33.9487, 14.7987, 13.9557, 17.2079, 17.372, 21.0197, 19.5538, 18.7274, 19.6996];
HighestPossibleCritFunctionValue = 1.1;
