NumDevices = 128;
NumSlotes = 1024;


GivenBandwidthOld = [0.00860957, 0.00858469, 0.00543838, 0.005278, 0.0047964, 0.00558601, 0.00655762, 0.00642559, 0.00731583, 0.00468676, 0.00783129, 0.00795011, 0.00497423, 0.00437735, 0.0075811, 0.00800849, 0.00618673, 0.00782124, 0.00406669, 0.00629758, 0.00591893, 0.00687385, 0.00632884, 0.00626557, 0.00786821, 0.00848027, 0.0053942, 0.00789678, 0.00874918, 0.00490175, 0.00618384, 0.00424672, 0.00715382, 0.00675327, 0.00470214, 0.00635951, 0.00675971, 0.00791414, 0.00542567, 0.00675152, 0.00524169, 0.0045828, 0.00564761, 0.00686179, 0.00868841, 0.00853959, 0.00730988, 0.00467801, 0.00575546, 0.00445479, 0.0040757, 0.00786395, 0.00685095, 0.00643809, 0.00752843, 0.00785352, 0.00665094, 0.00492801, 0.00757052, 0.0052113, 0.00386165, 0.00523716, 0.00837819, 0.00470055, 0.00462209, 0.00592563, 0.00456179, 0.00751373, 0.00571916, 0.00449946, 0.00488431, 0.00814375, 0.00456813, 0.00398068, 0.0058047, 0.00717258, 0.00699195, 0.00618996, 0.00713444, 0.00606271, 0.00844439, 0.00734494, 0.00396503, 0.00772134, 0.00508183, 0.00786439, 0.0042986, 0.00411267, 0.00410909, 0.00390556, 0.00828174, 0.00867931, 0.00569775, 0.00466452, 0.00411441, 0.00834386, 0.00779015, 0.00651437, 0.0045551, 0.00509173, 0.00418832, 0.00551471, 0.00818455, 0.00517044, 0.00705173, 0.0058854, 0.00839628, 0.00376149, 0.00686781, 0.00484532, 0.00786663, 0.006884, 0.00684414, 0.00688642, 0.00759236, 0.00732652, 0.00437053, 0.00799789, 0.00797513, 0.00557028, 0.00718079, 0.0050846, 0.00429667, 0.0066881, 0.00436819, 0.00861176, 0.00537168, 0.00434239];
GivenLatency = [138.473, 145.564, 228.324, 223.654, 257.307, 196.816, 153.676, 198.896, 141.254, 262.852, 146.351, 149.906, 193.598, 218.403, 141.261, 120.241, 200.606, 147.265, 318.81, 178.132, 186.371, 150.48, 157.887, 176.462, 121.044, 117.636, 234.471, 146.439, 118.835, 239.71, 158.839, 255.965, 136.485, 169.134, 238.663, 190.89, 189.124, 155.867, 176.093, 174.151, 193.753, 261.135, 211.736, 181.894, 144.834, 146.277, 138.364, 213.461, 179.833, 229.559, 312.767, 134.432, 141.893, 179.75, 144.897, 132.171, 150.161, 244.488, 134.129, 193.077, 252.918, 245.861, 114.329, 215.456, 249.35, 191.812, 243.102, 166.197, 186.241, 227.054, 221.524, 154.736, 236.563, 242.443, 220.444, 151.894, 169.298, 189.869, 151.649, 194.765, 123.624, 131.453, 250.203, 166.565, 213.515, 123.32, 264.17, 305.149, 279.4, 257.309, 118.302, 131.116, 176.906, 238.441, 257.615, 120.574, 140.587, 172.56, 209.098, 202.672, 278.132, 192.652, 148.136, 247.531, 136.024, 174.332, 121.294, 343.181, 172.806, 260.684, 131.511, 160.695, 147.516, 185.954, 133.157, 134.898, 252.907, 138.008, 147.765, 204.443, 155.595, 245.938, 235.332, 186.872, 234.545, 144.742, 212.949, 292.831];
HighestPossibleCritFunctionValue = 1.1;
