NumDevices = 16;
NumSlotes = 128;


GivenBandwidthOld = [0.0634012, 0.0433768, 0.0539342, 0.051948, 0.0301452, 0.0307465, 0.0571629, 0.036542, 0.0607499, 0.0435725, 0.0622499, 0.0543383, 0.0440228, 0.0313733, 0.0311385, 0.04421];
GivenLatency = [13.4725, 23.4544, 19.5648, 19.6126, 25.6521, 30.8211, 17.298, 24.6533, 13.8876, 21.3357, 15.0583, 15.7729, 18.6676, 26.3175, 29.1206, 19.2662];
HighestPossibleCritFunctionValue = 1.1;
