NumDevices = 128;
NumSlotes = 1024;


GivenBandwidthOld = [0.00419483, 0.00500933, 0.00432112, 0.00754047, 0.00525615, 0.00760123, 0.00641862, 0.00528852, 0.00671754, 0.00422877, 0.00545996, 0.00811157, 0.00861214, 0.00678707, 0.00784039, 0.00599507, 0.00668288, 0.00667708, 0.00425687, 0.00764677, 0.00683374, 0.0071731, 0.00575964, 0.00468557, 0.00788676, 0.00533925, 0.00426128, 0.00684741, 0.00687246, 0.00789203, 0.00386288, 0.00594839, 0.00708846, 0.00828889, 0.0038122, 0.00417668, 0.00501494, 0.0085634, 0.007574, 0.00375008, 0.00508256, 0.0050315, 0.00689018, 0.00581471, 0.00536368, 0.00483586, 0.00380158, 0.00565102, 0.00415254, 0.00423593, 0.00573122, 0.00717859, 0.00806466, 0.0051704, 0.00639529, 0.00815342, 0.00699988, 0.00448168, 0.00601578, 0.00464357, 0.00699944, 0.00710587, 0.0058581, 0.00451977, 0.00635561, 0.00627832, 0.00715212, 0.00826212, 0.00388049, 0.00696656, 0.0045262, 0.00439923, 0.00530897, 0.00529543, 0.00773208, 0.00555051, 0.00495576, 0.00398139, 0.00773045, 0.00813877, 0.00582586, 0.00767448, 0.00752314, 0.00388124, 0.00456013, 0.00461186, 0.00403528, 0.00840925, 0.00671249, 0.00433798, 0.00598335, 0.00474897, 0.00841395, 0.00576316, 0.0040017, 0.00409848, 0.00563222, 0.00819763, 0.00506743, 0.00573523, 0.00450877, 0.00634067, 0.00520119, 0.00389373, 0.0043692, 0.00569027, 0.00384452, 0.00738635, 0.00483002, 0.00563629, 0.00664349, 0.00471283, 0.00608273, 0.00487676, 0.00618999, 0.00761839, 0.00470184, 0.00629949, 0.00797585, 0.00762715, 0.00706263, 0.00408568, 0.00546416, 0.00859186, 0.00584789, 0.00796005, 0.00701693, 0.00602392];
GivenLatency = [238.82, 223.798, 223.824, 150.522, 186.343, 152.429, 162.908, 199.532, 142.315, 237.429, 193.138, 119.205, 138.785, 145.325, 133.493, 164.078, 148.071, 170.219, 279.338, 127.354, 145.095, 134.193, 221.453, 263.103, 152.867, 224.347, 245.14, 169.398, 168.895, 153.026, 308.681, 187.145, 168.092, 124.265, 294.462, 239.52, 194.492, 115.394, 139.414, 256.123, 220.929, 193.638, 146.419, 174.217, 230.188, 218.813, 320.966, 204.532, 236.132, 250.017, 176.618, 179.032, 126.358, 205.9, 184.209, 126.196, 177.808, 223.127, 162.264, 226.855, 183.598, 139.593, 220.702, 228.795, 191.966, 197.361, 164.015, 126.26, 278.483, 142.063, 221.376, 258.745, 187.658, 200.731, 134.439, 213.406, 214.075, 251.287, 140.637, 118.279, 172.585, 126.291, 126.596, 270.299, 224.729, 242.54, 280.696, 137.562, 189.162, 224.731, 177.845, 240.308, 142.438, 177.804, 241.086, 255.277, 195.203, 132.455, 204.269, 209.729, 256.73, 168.341, 192.801, 293.595, 226.055, 198.548, 326.306, 134.91, 248.017, 222.578, 147.121, 202.591, 166.177, 201.479, 159.911, 143.361, 219.267, 179.961, 127.355, 126.164, 134.884, 309.237, 181.949, 113.921, 194.433, 154.32, 170.742, 174.958];
HighestPossibleCritFunctionValue = 1.1;
