NumDevices = 128;
NumSlotes = 1024;


GivenBandwidthOld = [0.00415825, 0.00520776, 0.00430055, 0.00689267, 0.00763863, 0.00501507, 0.00578754, 0.00864033, 0.00544857, 0.0065703, 0.00448886, 0.00680655, 0.00518897, 0.00853324, 0.00568495, 0.00450221, 0.00618891, 0.00449424, 0.00712281, 0.00560645, 0.00517335, 0.0059141, 0.00575811, 0.00410434, 0.00413013, 0.00756115, 0.00773333, 0.00651904, 0.00797082, 0.0080947, 0.00504365, 0.00611275, 0.00456225, 0.00531591, 0.00705554, 0.00500121, 0.00778733, 0.0041304, 0.00717057, 0.00822903, 0.0078296, 0.00455252, 0.00668684, 0.00824603, 0.00850992, 0.0087259, 0.0087271, 0.00378354, 0.00738477, 0.00825382, 0.00448065, 0.00376078, 0.00499361, 0.00505546, 0.00469377, 0.00561059, 0.0047277, 0.00591413, 0.00626542, 0.00538377, 0.00746711, 0.0072627, 0.00670566, 0.0044535, 0.00740284, 0.00710564, 0.00703668, 0.00790627, 0.00816692, 0.00388515, 0.00522928, 0.00596541, 0.00817051, 0.00429693, 0.00607364, 0.00722546, 0.00583208, 0.00726635, 0.00812771, 0.00485324, 0.00597591, 0.00461949, 0.00726494, 0.0043069, 0.00854898, 0.00528096, 0.00455896, 0.00493512, 0.00698984, 0.0057324, 0.00689681, 0.00726037, 0.00755546, 0.00705667, 0.00389739, 0.00591147, 0.00651044, 0.00851534, 0.00476622, 0.00836305, 0.00525002, 0.00463087, 0.00847069, 0.0044052, 0.00572935, 0.00560122, 0.00728932, 0.00415273, 0.00736201, 0.00586994, 0.00861243, 0.00668685, 0.00838804, 0.00526309, 0.00418447, 0.00593374, 0.00584506, 0.0053992, 0.00687838, 0.00748094, 0.00459407, 0.0049962, 0.00870066, 0.00450384, 0.0084768, 0.00703864, 0.0059755, 0.00767543];
GivenLatency = [233.526, 199.931, 289.566, 177.959, 158.636, 256.281, 219.031, 139.579, 197.38, 190.199, 226.181, 168.295, 241.098, 128.59, 184.032, 245.484, 199.885, 232.69, 135.72, 228.524, 245.152, 188.194, 182.501, 266.346, 256.939, 139.548, 128.613, 192.896, 133.833, 138.961, 211.446, 195.959, 251.182, 206.841, 167.563, 205.912, 149.597, 294.204, 143.301, 135.293, 140.603, 215.245, 155.154, 124.382, 146.377, 133.779, 109.31, 292.385, 144.159, 138.962, 264.599, 317.379, 257.838, 213.235, 243.979, 220.355, 203.257, 176.961, 161.336, 232.796, 144.391, 133.861, 150.686, 285.14, 158.19, 137.843, 169.656, 125.499, 128.471, 279.328, 214.17, 176.705, 148.463, 232.435, 193.24, 142.886, 219.042, 164.318, 146.028, 205.285, 167.928, 209.129, 136.284, 287.855, 134.434, 228.541, 211.222, 254.308, 140.472, 185.904, 164.957, 146.81, 169.699, 151.084, 270.395, 192.111, 160.171, 147.98, 272.172, 137.287, 244.889, 241.627, 143.871, 242.631, 169.76, 179.808, 173.462, 291.935, 129.643, 191.36, 126.661, 173.482, 144.168, 210.864, 289.461, 196.389, 218.662, 223.457, 160.485, 155.625, 218.84, 225.42, 127.745, 213.583, 124.177, 175.255, 162.995, 146.546];
HighestPossibleCritFunctionValue = 1.1;
