NumDevices = 64;
NumSlotes = 512;


GivenBandwidthOld = [0.00369678, 0.00425898, 0.00311559, 0.00490694, 0.00590809, 0.00720813, 0.00707675, 0.00520823, 0.00727576, 0.0062007, 0.00643504, 0.00752588, 0.00367589, 0.00313298, 0.00348577, 0.00784692, 0.0056641, 0.00647464, 0.00426722, 0.00415616, 0.00641453, 0.00658785, 0.0070306, 0.004511, 0.0075903, 0.00519292, 0.00618124, 0.00432387, 0.00627209, 0.00626676, 0.00413629, 0.00363192, 0.00785268, 0.00866465, 0.00555389, 0.00421086, 0.00691827, 0.00409933, 0.00741914, 0.00345682, 0.00874901, 0.0046713, 0.00810915, 0.00680093, 0.00694242, 0.0037514, 0.00351861, 0.00355142, 0.00488445, 0.00293231, 0.00585487, 0.00650548, 0.00380634, 0.00822026, 0.00546612, 0.00405021, 0.00695921, 0.00462034, 0.00783592, 0.00833431, 0.00350274, 0.00549173, 0.00327875, 0.00341523];
GivenLatency = [149.448, 88.4409, 201.866, 96.2524, 86.4282, 65.6078, 60.3337, 60.5009, 71.9107, 55.3884, 51.9899, 46.7267, 108.153, 109.41, 99.2737, 46.7122, 62.1797, 89.3875, 121.2, 87.569, 90.5507, 52.0543, 56.5486, 137.137, 69.2695, 86.0209, 96.3044, 74.3077, 73.341, 92.2901, 82.1805, 132.059, 46.2274, 43.2619, 84.0134, 139.139, 46.2515, 78.2718, 82.4895, 158.938, 62.7694, 97.2504, 52.2605, 55.8725, 46.9208, 134.176, 147.707, 132.481, 74.9106, 127.667, 57.0761, 55.756, 120.506, 45.5753, 114.328, 77.3764, 57.1567, 71.1926, 41.2665, 37.8264, 95.9278, 56.212, 102.212, 129.382];
HighestPossibleCritFunctionValue = 1.1;
