NumDevices = 16;
NumSlotes = 128;


GivenBandwidthOld = [0.0317689, 0.0294344, 0.0185514, 0.032864, 0.0347803, 0.0180944, 0.0278699, 0.0248697, 0.0250095, 0.0241001, 0.0148646, 0.0190254, 0.0251098, 0.0109945, 0.0249903, 0.0268305];
GivenLatency = [12.6754, 13.0197, 25.577, 12.072, 14.655, 16.842, 17.206, 16.5185, 24.726, 16.5042, 21.2387, 29.9323, 23.4714, 32.6631, 14.4911, 18.3258];
HighestPossibleCritFunctionValue = 1.1;
