NumDevices = 16;
NumSlotes = 128;


GivenBandwidthOld = [0.0538722, 0.0501541, 0.0597754, 0.0652555, 0.0699706, 0.0661105, 0.0387029, 0.0489905, 0.0527454, 0.0612863, 0.0588106, 0.0504468, 0.0785843, 0.0364937, 0.0690065, 0.0630933];
GivenLatency = [24.9621, 32.6507, 26.0844, 22.0261, 19.1004, 21.4459, 47.1625, 29.7718, 26.1283, 26.9548, 22.9834, 39.6054, 22.5748, 40.2805, 20.3904, 22.7661];
HighestPossibleCritFunctionValue = 1.1;
