NumDevices = 32;
NumSlotes = 256;


GivenBandwidthOld = [0.0395124, 0.0204492, 0.0243243, 0.0288191, 0.0223991, 0.022182, 0.0229241, 0.0197976, 0.0230791, 0.0258537, 0.0335031, 0.0212398, 0.036964, 0.0386606, 0.0286122, 0.0204984, 0.0264371, 0.0388643, 0.0274337, 0.0388103, 0.0196412, 0.0201684, 0.0310217, 0.0169252, 0.0216842, 0.0319902, 0.0199065, 0.028212, 0.0188665, 0.0238051, 0.0280578, 0.026699];
GivenLatency = [62.8438, 94.2208, 95.5855, 76.5531, 88.2998, 98.3449, 75.5648, 85.0515, 86.913, 80.5801, 58.9206, 94.8276, 67.2461, 50.0635, 83.433, 107.134, 89.9541, 49.0632, 89.0022, 61.2557, 119.585, 86.9853, 59.343, 127.764, 103.609, 75.1234, 92.4013, 70.9433, 130.212, 93.1559, 64.6234, 72.9255];
HighestPossibleCritFunctionValue = 1.1;
