NumDevices = 128;
NumSlotes = 1024;


GivenBandwidthOld = [0.00385546, 0.00367641, 0.00379619, 0.00131423, 0.0026742, 0.00337561, 0.00134861, 0.00236515, 0.0029381, 0.00128294, 0.00182373, 0.00322172, 0.00241006, 0.00143596, 0.00160266, 0.00336772, 0.00313521, 0.00154494, 0.00198226, 0.00216034, 0.00135761, 0.00358408, 0.00199666, 0.00341567, 0.00273568, 0.00235711, 0.00216026, 0.00317617, 0.00247774, 0.00146698, 0.00430911, 0.00327468, 0.00191068, 0.00221569, 0.00343685, 0.00255239, 0.00305941, 0.00265138, 0.0043236, 0.00292352, 0.0030331, 0.00418636, 0.00256731, 0.00372613, 0.00198259, 0.00146792, 0.00132414, 0.00350717, 0.00313018, 0.00142565, 0.00333164, 0.00293012, 0.00161007, 0.00292236, 0.00229089, 0.00176254, 0.00299445, 0.00143225, 0.00189048, 0.00332394, 0.00163508, 0.00139705, 0.00398861, 0.00407451, 0.0039981, 0.00425291, 0.00239964, 0.0013971, 0.00174506, 0.0028929, 0.00404752, 0.00347402, 0.00218475, 0.00230046, 0.00326996, 0.00378163, 0.00355522, 0.00138642, 0.00348123, 0.00156937, 0.00324206, 0.00371558, 0.00279687, 0.0026207, 0.00418061, 0.00295259, 0.00417973, 0.00369758, 0.00340474, 0.00352243, 0.00330002, 0.00273781, 0.00372577, 0.00217616, 0.00157556, 0.00427056, 0.00210258, 0.00245351, 0.00360931, 0.00410538, 0.00409398, 0.00308641, 0.00332483, 0.00420823, 0.00140301, 0.00421136, 0.00405452, 0.0024792, 0.00420432, 0.00143421, 0.00353065, 0.00403727, 0.003209, 0.00435177, 0.00143945, 0.00407457, 0.00186566, 0.00174684, 0.00155836, 0.0026418, 0.00266004, 0.00295746, 0.00158395, 0.00149528, 0.00182862, 0.00430608, 0.00222249, 0.00213985];
GivenLatency = [90.3345, 163.811, 125.21, 247.508, 123.819, 158.969, 283.454, 251.191, 120.889, 265.641, 254.716, 116.035, 155.805, 421.899, 209.606, 128.628, 158.358, 237.972, 192.586, 238.681, 335.35, 107.686, 278.39, 112.57, 183.485, 132.968, 149.837, 134.761, 156.727, 239.999, 90.3282, 104.588, 218.088, 151.359, 136.767, 124.972, 211.426, 126.025, 84.8279, 127.504, 115.33, 88.421, 219.955, 93.3181, 177.554, 391.322, 320.174, 90.9855, 116.924, 446.383, 94.3946, 135.126, 230.211, 195.065, 217.461, 323.8, 217.429, 389.149, 179.598, 109.013, 244.889, 355.108, 146.33, 122.028, 108.303, 90.8343, 190.045, 268.763, 226.133, 155.634, 96.8711, 98.7054, 197.317, 198.613, 143.296, 166.879, 141.295, 235.211, 107.763, 205.07, 102.878, 85.3347, 125.799, 188.082, 74.8435, 111.926, 146.937, 88.1711, 131.699, 132.853, 115.43, 130.184, 142.716, 254.388, 347.968, 123.089, 223.117, 130.793, 91.1279, 79.4026, 111.611, 111.186, 155.472, 141.878, 292.334, 124.102, 115.648, 204.762, 89.8869, 247.223, 113.457, 162.695, 153.67, 75.6379, 242.397, 97.5626, 190.667, 273.073, 364.723, 208.07, 143.799, 144.23, 362.648, 221.989, 237.409, 84.564, 251.466, 295.86];
HighestPossibleCritFunctionValue = 1.1;
