NumDevices = 128;
NumSlotes = 1024;


GivenBandwidthOld = [0.00303535, 0.00129906, 0.00385634, 0.00293029, 0.00128762, 0.00224612, 0.00247297, 0.00257494, 0.00382247, 0.00241414, 0.0012515, 0.00153969, 0.00130961, 0.00303534, 0.00436223, 0.00220782, 0.00239825, 0.00295158, 0.00275995, 0.0039454, 0.00279747, 0.00329121, 0.00159753, 0.00155263, 0.00312328, 0.00417027, 0.00403411, 0.00311755, 0.0017359, 0.00214172, 0.00399644, 0.00131928, 0.00308676, 0.00286879, 0.00202701, 0.0042181, 0.00176215, 0.00267497, 0.00382683, 0.00379676, 0.00159492, 0.0014011, 0.0032468, 0.00209075, 0.00353472, 0.00359724, 0.00136514, 0.00205735, 0.00167121, 0.00246176, 0.00170528, 0.00318399, 0.00272642, 0.00291942, 0.0029189, 0.00359954, 0.00244858, 0.00202362, 0.0034755, 0.00214667, 0.00276808, 0.0031099, 0.00430302, 0.00405518, 0.00412525, 0.00364548, 0.00262639, 0.00302986, 0.0029062, 0.0026667, 0.00228629, 0.00261584, 0.00377766, 0.00243489, 0.00322547, 0.00294716, 0.00347367, 0.00251501, 0.00292279, 0.00333558, 0.00361326, 0.00174133, 0.00282912, 0.0040436, 0.00327979, 0.00342969, 0.00411367, 0.00281768, 0.00231775, 0.00310165, 0.00314838, 0.00413432, 0.00299791, 0.00337234, 0.00260966, 0.00306765, 0.00368876, 0.00198291, 0.00365235, 0.00259567, 0.00226901, 0.00281296, 0.0042594, 0.00217789, 0.00251978, 0.00180544, 0.00222688, 0.00399741, 0.00202035, 0.00168443, 0.00279482, 0.0025933, 0.00311422, 0.00190155, 0.00186155, 0.00146219, 0.00195015, 0.00310592, 0.00304263, 0.00177887, 0.00249217, 0.00339569, 0.00140569, 0.00230188, 0.0021183, 0.00410228, 0.00193915, 0.00253545];
GivenLatency = [144.869, 315.425, 96.0888, 123.667, 359.134, 167.499, 153.525, 128.73, 93.8997, 133.332, 253.768, 227.228, 346.501, 105.48, 118.881, 144.451, 186.589, 107.108, 140.492, 134.155, 146.121, 121.485, 247.752, 420.924, 147.329, 84.136, 138.601, 101.868, 369.117, 154.144, 136.951, 384.673, 120.207, 149.024, 263.8, 91.6846, 183.421, 135.267, 142.623, 145.381, 206.065, 373.797, 124.318, 165.707, 100.112, 115.257, 235.901, 170.836, 263.262, 235.949, 382.484, 112.62, 115.337, 114.419, 107.899, 137.422, 226.453, 166.843, 120.548, 153.162, 205.801, 107.78, 106.756, 108.239, 78.0472, 87.0323, 191.268, 133.179, 171.909, 123.965, 185.729, 178.778, 87.4939, 189.454, 126.543, 193.812, 170.513, 132.049, 188.441, 128.429, 96.7514, 208.927, 120.662, 80.0747, 110.275, 179.68, 93.5585, 165.048, 166.952, 154.259, 106.06, 85.2241, 111.72, 145.65, 197.456, 179.716, 84.9882, 177.873, 105.268, 131.456, 147.278, 151.749, 136.593, 164.553, 144.784, 218.105, 201.705, 150.87, 163.695, 324.624, 184.237, 153.033, 103.217, 200.526, 347.541, 229.654, 178.544, 115.147, 138.718, 232.335, 158.314, 103.636, 346.035, 160.735, 211.543, 80.9401, 274.407, 181.452];
HighestPossibleCritFunctionValue = 1.1;
