NumDevices = 16;
NumSlotes = 128;


GivenBandwidthOld = [0.0291613, 0.0281604, 0.0318297, 0.0268797, 0.0315975, 0.0244313, 0.0310637, 0.0277147, 0.016353, 0.0341049, 0.0164007, 0.0118022, 0.0245852, 0.0176934, 0.0133294, 0.0170984];
GivenLatency = [19.4163, 20.4043, 9.78462, 11.5813, 10.7775, 15.9633, 13.4233, 16.6949, 25.1899, 16.1514, 20.1363, 32.1943, 13.3046, 20.6628, 23.4177, 31.8802];
HighestPossibleCritFunctionValue = 1.1;
