NumDevices = 16;
NumSlotes = 128;


GivenBandwidthOld = [0.0601276, 0.0343958, 0.0593691, 0.0372054, 0.0316225, 0.0498461, 0.0337674, 0.047955, 0.0498906, 0.0310447, 0.0390425, 0.0572644, 0.0629411, 0.0704051, 0.0682934, 0.0769865];
GivenLatency = [32.8354, 49.396, 23.3817, 36.6522, 48.0034, 31.5302, 53.3971, 39.4976, 36.0779, 44.0013, 35.6217, 33.4924, 25.0332, 20.346, 21.4701, 17.9475];
HighestPossibleCritFunctionValue = 1.1;
