NumDevices = 128;
NumSlotes = 1024;


GivenBandwidthOld = [0.00370414, 0.00422214, 0.00394992, 0.00385706, 0.00246805, 0.00434562, 0.00427846, 0.00367416, 0.0035277, 0.00125621, 0.00251035, 0.00269397, 0.00133931, 0.00224877, 0.00315417, 0.00155728, 0.00322844, 0.00286949, 0.00433451, 0.00190763, 0.00403539, 0.00277674, 0.00172681, 0.00247694, 0.00365958, 0.00225332, 0.0016102, 0.00193926, 0.00130612, 0.00378536, 0.00362758, 0.00192085, 0.00435505, 0.00340629, 0.00143292, 0.00371372, 0.00273782, 0.00395401, 0.00377191, 0.00254077, 0.00153003, 0.00142714, 0.00347578, 0.00367293, 0.00149768, 0.00157541, 0.00169299, 0.00282917, 0.00168818, 0.00317992, 0.00304553, 0.00375445, 0.00298609, 0.00159824, 0.00405757, 0.00363957, 0.00332403, 0.00314373, 0.00423599, 0.0024708, 0.00355384, 0.0032076, 0.00268231, 0.00223449, 0.00380354, 0.00299129, 0.00142817, 0.00194017, 0.00409561, 0.00248905, 0.00411496, 0.00258545, 0.00239547, 0.00308571, 0.0040821, 0.00346378, 0.00208006, 0.00206186, 0.00238671, 0.00287254, 0.00254313, 0.00357012, 0.00170773, 0.00372437, 0.00367005, 0.00315577, 0.00334061, 0.00373886, 0.0033193, 0.00189113, 0.00170281, 0.0022351, 0.0015463, 0.00307152, 0.00301859, 0.00405033, 0.00384258, 0.00282416, 0.00188143, 0.00428365, 0.0034416, 0.00428828, 0.00305101, 0.00214073, 0.00297678, 0.00143651, 0.00155158, 0.00425057, 0.00367454, 0.00357132, 0.00319066, 0.00225273, 0.00406412, 0.00131807, 0.00152195, 0.00312633, 0.00236226, 0.00430379, 0.00137859, 0.00305201, 0.00320458, 0.001887, 0.00415549, 0.00260977, 0.00169804, 0.00325647, 0.00217288, 0.0027021];
GivenLatency = [98.0863, 88.7491, 160.631, 150.546, 179.631, 133.723, 118.191, 125.719, 101.663, 316.87, 206.957, 140.637, 255.517, 258.686, 187.82, 243.711, 154.48, 111.125, 122.695, 183.878, 146.01, 137.29, 290.28, 143.02, 92.2479, 152.24, 290.059, 224.833, 336.378, 153.532, 130.458, 322.301, 135.257, 153.69, 317.486, 157.103, 143.253, 121.397, 116.533, 158.019, 340.06, 348.846, 145.405, 131.484, 368.39, 200.335, 232.45, 118.393, 387.885, 139.19, 192.733, 129.399, 115.697, 209.441, 113.76, 172.507, 116.228, 180.205, 86.4129, 231.901, 116.539, 103.508, 160.57, 207.268, 110.003, 192.449, 219.896, 272.713, 135.773, 194.364, 85.2786, 201.091, 148.587, 141.855, 91.2034, 98.8031, 176.138, 240.171, 131.448, 146.45, 171.928, 149.848, 191.091, 84.7716, 125.369, 120.371, 95.8477, 150.545, 146.055, 254.18, 197.38, 286.276, 236.268, 121.737, 124.436, 112.816, 111.173, 205.684, 167.028, 91.6551, 142.146, 117.469, 143.813, 152.32, 180.057, 292.107, 201.897, 108.627, 105.46, 103.914, 197.56, 181.876, 79.914, 309.263, 212.047, 111.835, 271.127, 89.0341, 281.389, 105.253, 110.472, 190.157, 156.596, 179.121, 230.356, 109.858, 164.191, 125.431];
HighestPossibleCritFunctionValue = 1.1;
