NumDevices = 32;
NumSlotes = 256;


GivenBandwidthOld = [0.011842, 0.0112809, 0.00612612, 0.00663909, 0.0156708, 0.0114929, 0.00555517, 0.0108084, 0.0134677, 0.00868435, 0.0154002, 0.0135198, 0.0103904, 0.0143033, 0.0158545, 0.0120765, 0.0155142, 0.0171644, 0.0145506, 0.0101512, 0.00688922, 0.00709115, 0.0134144, 0.0131728, 0.015067, 0.0143818, 0.00946793, 0.00999561, 0.0162008, 0.00653444, 0.00677804, 0.013562];
GivenLatency = [46.4713, 32.1274, 55.6795, 59.9555, 20.5016, 46.5186, 72.7303, 36.3616, 25.3962, 38.8386, 33.3694, 46.411, 45.2678, 32.1001, 22.411, 37.734, 27.09, 25.1432, 31.7221, 49.0892, 60.7202, 51.7261, 30.2968, 26.5918, 37.2699, 28.7844, 35.7901, 62.1947, 25.5077, 77.464, 52.1967, 24.3489];
HighestPossibleCritFunctionValue = 1.1;
