NumDevices = 128;
NumSlotes = 1024;


GivenBandwidthOld = [0.00665415, 0.00388151, 0.0040898, 0.0047375, 0.0057276, 0.0063461, 0.00640649, 0.00634625, 0.00399588, 0.00628115, 0.00479476, 0.00797055, 0.00849909, 0.00671214, 0.00844559, 0.00749804, 0.00705794, 0.00531613, 0.00563779, 0.00681991, 0.00467738, 0.00517554, 0.00772664, 0.004133, 0.00585611, 0.0061164, 0.00584124, 0.00620489, 0.00816332, 0.00839064, 0.00403049, 0.00795711, 0.00757705, 0.00497781, 0.00462098, 0.00733609, 0.00508819, 0.00475021, 0.00428656, 0.00678263, 0.00817178, 0.00565431, 0.00454371, 0.0085892, 0.00617709, 0.00578053, 0.00585128, 0.00490643, 0.00490177, 0.00658138, 0.00570867, 0.00812616, 0.00388672, 0.00661396, 0.00839138, 0.00639099, 0.00584743, 0.00528661, 0.00447717, 0.00522972, 0.00833742, 0.00453236, 0.00795215, 0.00427216, 0.00466091, 0.00834285, 0.00570738, 0.00635344, 0.00470624, 0.00527578, 0.00748387, 0.00391953, 0.00795984, 0.00857564, 0.00820078, 0.00800757, 0.0057417, 0.00825785, 0.00718755, 0.00860823, 0.00608658, 0.004678, 0.00566052, 0.00390142, 0.00858315, 0.00443785, 0.00438436, 0.00546316, 0.00687724, 0.00822451, 0.00678554, 0.00710318, 0.00569032, 0.00469071, 0.004252, 0.00587746, 0.00488855, 0.0044372, 0.00858006, 0.00754663, 0.00872995, 0.00671739, 0.00661429, 0.00394646, 0.00559763, 0.00694907, 0.00556374, 0.00733461, 0.00527058, 0.00513556, 0.00591975, 0.00574805, 0.00494277, 0.00560049, 0.00488958, 0.00660039, 0.00529177, 0.00624018, 0.006176, 0.0076052, 0.00801512, 0.00755459, 0.0075274, 0.00557059, 0.00741108, 0.00547303, 0.00777744, 0.00798476];
GivenLatency = [154.361, 273.089, 294.655, 211.237, 183.683, 185.057, 186.017, 177.028, 292.077, 184.153, 238.801, 129.393, 142.91, 188.466, 114.751, 158.956, 165.96, 197.424, 228.276, 175.152, 267.735, 206.154, 128.465, 234.541, 211.787, 183.32, 188.959, 185.923, 118.494, 118.496, 289.93, 139.45, 129.465, 214.026, 208.27, 130.812, 207.592, 265.396, 236.273, 176.926, 126.193, 214.477, 283.637, 129.017, 170.788, 216.029, 194.035, 205.991, 221.231, 161.622, 197.374, 122.221, 270.979, 157.14, 113.856, 170.103, 218.371, 187.281, 282.345, 182.328, 134.39, 271.718, 157.049, 224.318, 261.446, 146.224, 193.291, 175.794, 230.096, 214.642, 149.242, 330.134, 157.339, 115.015, 156.991, 157.406, 167.677, 155.237, 136.65, 146.252, 183.811, 214.88, 175.401, 291.399, 140.463, 230.994, 275.098, 208.179, 157.965, 154.042, 164.258, 164.895, 209.042, 239.208, 275.1, 205.852, 207.668, 258.744, 115.604, 136.218, 129.229, 155.65, 146.157, 269.372, 179.083, 159.741, 180.609, 157.6, 205.88, 189.431, 166.963, 200.61, 224.618, 230.26, 231.361, 188.177, 216.05, 155.035, 167.455, 145.723, 128.695, 143.136, 135.255, 204.54, 142.496, 183.538, 156.726, 120.321];
HighestPossibleCritFunctionValue = 1.1;
