NumDevices = 128;
NumSlotes = 1024;


GivenBandwidthOld = [0.00462085, 0.00519988, 0.00684892, 0.00727752, 0.00573306, 0.00796518, 0.00826187, 0.00482632, 0.00841924, 0.00463523, 0.00675114, 0.00388848, 0.00615252, 0.00791521, 0.0084442, 0.00422809, 0.0040409, 0.00790178, 0.00766679, 0.00831209, 0.00380265, 0.00859426, 0.00623559, 0.00411194, 0.00683593, 0.00397695, 0.00812758, 0.00771543, 0.00577139, 0.00724771, 0.00468815, 0.00627216, 0.00375244, 0.00480882, 0.00426722, 0.00672538, 0.00595185, 0.00522242, 0.0057177, 0.00492125, 0.00401061, 0.00874375, 0.00864108, 0.00810146, 0.00871239, 0.00661326, 0.00647483, 0.0049817, 0.00484978, 0.00771599, 0.00508997, 0.00468823, 0.0074991, 0.00493149, 0.00605518, 0.00684841, 0.00864519, 0.00718349, 0.0054069, 0.00633937, 0.0082188, 0.0058159, 0.00536443, 0.00754573, 0.00853877, 0.00858216, 0.00779378, 0.00757414, 0.00607064, 0.00669443, 0.00578756, 0.00394755, 0.00396444, 0.00785722, 0.00379979, 0.00558445, 0.00543183, 0.00526965, 0.00451941, 0.00528262, 0.00755854, 0.00386829, 0.0068125, 0.00515112, 0.00730154, 0.00455058, 0.0041392, 0.00507341, 0.00632243, 0.00854252, 0.00662536, 0.00493097, 0.00723364, 0.00837281, 0.00432825, 0.00739404, 0.00415142, 0.0053977, 0.00664441, 0.00505596, 0.00802411, 0.0037746, 0.00725462, 0.0058213, 0.00604908, 0.0044469, 0.00652139, 0.00747301, 0.00640355, 0.00689847, 0.00509661, 0.00629499, 0.00739625, 0.00628785, 0.00746395, 0.00412244, 0.00827794, 0.00487632, 0.0038721, 0.00584034, 0.00605743, 0.00466663, 0.00462585, 0.00421916, 0.00393513, 0.00520946, 0.00794581, 0.00769337];
GivenLatency = [259.354, 190.05, 179.945, 162.894, 171.018, 140.768, 155.862, 222.868, 149.1, 229.321, 148.654, 274.807, 183.094, 128.745, 119.966, 252.912, 247.159, 152.146, 165.355, 122.938, 321.736, 112.172, 205.457, 273.074, 143.47, 241.16, 127.667, 151.258, 202.461, 140.39, 254.861, 194.597, 273.295, 211.226, 290.008, 152.015, 217.266, 247.875, 178.701, 232.068, 312.905, 115.705, 111.075, 137.587, 132.591, 175.434, 198.892, 224.532, 196.926, 123.76, 209.957, 241.649, 127.461, 200.214, 183.099, 147.567, 133.314, 134.697, 183.832, 174.118, 144.487, 170.782, 209.389, 163.196, 120.556, 139.646, 131.514, 161.628, 157.264, 166.174, 183.816, 284.937, 271.035, 125.508, 332.078, 188.19, 211.832, 206.249, 229.368, 182.808, 149.12, 270.171, 158.434, 185.867, 131.11, 223.46, 243.98, 220.305, 157.226, 148.686, 149.309, 220.514, 134.323, 130.097, 283.865, 140.029, 252.261, 179.932, 157.487, 215.018, 145.509, 279.293, 144.718, 203.586, 159.128, 254.944, 173.265, 146.795, 191.939, 148.314, 254.733, 192.508, 129.72, 184.715, 147.784, 237.527, 135.05, 226.536, 271.649, 167.9, 170.391, 259.6, 245.05, 285.622, 273.278, 185.411, 144.515, 160.875];
HighestPossibleCritFunctionValue = 1.1;
