NumDevices = 16;
NumSlotes = 128;


GivenBandwidthOld = [0.0518645, 0.0559553, 0.0614964, 0.0401424, 0.043489, 0.040429, 0.0602613, 0.0311773, 0.0671288, 0.0541327, 0.0776549, 0.0659348, 0.0366437, 0.0411065, 0.0466256, 0.0563581];
GivenLatency = [38.5233, 25.5184, 31.281, 34.9823, 31.833, 38.7581, 24.5328, 58.8215, 23.4489, 24.927, 17.8417, 22.837, 44.6096, 38.0529, 32.6638, 26.5879];
HighestPossibleCritFunctionValue = 1.1;
