NumDevices = 16;
NumSlotes = 128;


GivenBandwidthOld = [0.0271179, 0.0105379, 0.0254248, 0.0298182, 0.0194038, 0.0338592, 0.0108375, 0.0109343, 0.0123229, 0.02552, 0.0296891, 0.0246902, 0.0332953, 0.0345291, 0.0209472, 0.0250936];
GivenLatency = [20.6011, 41.1175, 23.2863, 15.9377, 19.7856, 15.6636, 49.7428, 49.7143, 28.2066, 13.2887, 20.8263, 19.3483, 17.3428, 13.742, 28.1288, 14.6471];
HighestPossibleCritFunctionValue = 1.1;
