NumDevices = 64;
NumSlotes = 512;


GivenBandwidthOld = [0.0146297, 0.0121801, 0.0162191, 0.0117986, 0.0169167, 0.01103, 0.0119498, 0.0077228, 0.0146067, 0.0121436, 0.0158038, 0.00751575, 0.00976363, 0.0147673, 0.0119232, 0.0106348, 0.0191519, 0.0158487, 0.0121651, 0.0137264, 0.0176293, 0.0135781, 0.0129371, 0.0135494, 0.0179823, 0.00869536, 0.0104068, 0.0120092, 0.0189291, 0.00973384, 0.0141476, 0.00950705, 0.0150515, 0.0137427, 0.0157726, 0.00835524, 0.0189788, 0.0183805, 0.0135153, 0.0191449, 0.0107425, 0.016188, 0.0142202, 0.0164957, 0.0102591, 0.0171661, 0.0151299, 0.0187968, 0.0100521, 0.0128615, 0.0175534, 0.0130623, 0.0183002, 0.0141357, 0.00802686, 0.0124738, 0.0147844, 0.0107058, 0.0126275, 0.0106887, 0.0129538, 0.0189746, 0.0113059, 0.0113189];
GivenLatency = [163.745, 182.451, 149.015, 193.207, 158.75, 238.659, 268.722, 310.3, 181.637, 255.429, 158.401, 319.518, 268.197, 209.895, 196.827, 280.056, 140.816, 158.528, 253.281, 179.493, 167.53, 183.234, 245.083, 191.487, 141.365, 375.568, 296.396, 238.23, 172.138, 251.949, 159.734, 316.475, 189.997, 188.934, 161.331, 275.396, 124.685, 138.187, 176.854, 126.827, 214.596, 194.634, 231.867, 172.363, 310.122, 164.781, 173.977, 136.269, 324.012, 180.723, 159.449, 193.343, 125.49, 206.067, 296.684, 187.231, 167.704, 292.056, 213.163, 247.199, 179.803, 132.527, 235.783, 199.229];
HighestPossibleCritFunctionValue = 1.1;
