NumDevices = 128;
NumSlotes = 1024;


GivenBandwidthOld = [0.00299562, 0.00243295, 0.00188581, 0.00287383, 0.00228285, 0.00404208, 0.00269397, 0.00130903, 0.00273695, 0.00178108, 0.00215458, 0.00146019, 0.00264613, 0.00358065, 0.00367476, 0.00413242, 0.00230859, 0.00242815, 0.00235985, 0.0013624, 0.00287747, 0.0041555, 0.00266164, 0.00167194, 0.002128, 0.00153828, 0.00269994, 0.00170618, 0.00270436, 0.00407953, 0.00408753, 0.00412966, 0.0028983, 0.00423273, 0.00394179, 0.00150752, 0.00432103, 0.00354707, 0.00179426, 0.00175766, 0.00232207, 0.0039762, 0.001723, 0.00416772, 0.00181685, 0.00334465, 0.00285047, 0.0035044, 0.00348182, 0.00201514, 0.00159418, 0.00151154, 0.00319022, 0.00434918, 0.00163509, 0.00163216, 0.00234098, 0.00293064, 0.00400972, 0.0026637, 0.00194545, 0.00214678, 0.00151544, 0.00313149, 0.00155629, 0.00224111, 0.00265221, 0.00251881, 0.00433776, 0.00355256, 0.00358009, 0.00375839, 0.00348956, 0.00399015, 0.00184965, 0.00150518, 0.00262838, 0.00209716, 0.00194944, 0.00358484, 0.00219954, 0.00388038, 0.00378907, 0.00352811, 0.00187872, 0.00246951, 0.00375626, 0.00205312, 0.00243922, 0.00413042, 0.00308888, 0.00418649, 0.00165306, 0.00361284, 0.00409598, 0.00241393, 0.00412452, 0.00400333, 0.00143314, 0.00436154, 0.00320887, 0.00218091, 0.00323441, 0.00318706, 0.00422703, 0.00189446, 0.00144481, 0.00349437, 0.00356275, 0.00286909, 0.00384603, 0.00140809, 0.00208925, 0.00332143, 0.00330029, 0.00430176, 0.00151704, 0.00185355, 0.00140257, 0.00302677, 0.00409084, 0.00353718, 0.00131135, 0.00419172, 0.00217934, 0.00194514, 0.00328557, 0.00372445];
GivenLatency = [183.274, 167.16, 226.497, 149.346, 149.964, 143.13, 141.499, 254, 239.18, 367.124, 209.337, 377.902, 165.392, 112.274, 95.6781, 108.234, 281.618, 196.042, 135.786, 361.453, 220.294, 81.1318, 234.528, 347.975, 288.062, 229.658, 136.349, 185.766, 162.318, 79.3577, 122.946, 96.6362, 218.332, 125.214, 104.333, 309.836, 146.006, 105.222, 322.652, 270.758, 241.051, 97.1074, 299.581, 80.2124, 305.322, 176.156, 148.82, 97.9388, 94.4148, 157.274, 246.396, 275.431, 149.398, 82.9748, 208.126, 316.52, 166.47, 110.481, 91.9294, 130.546, 281.636, 194.99, 229.419, 142.638, 218.195, 195.167, 118.147, 232.403, 84.9477, 142.47, 121.724, 118.438, 160.785, 128.269, 278.467, 252.131, 127.075, 304.186, 335.55, 124.348, 219.098, 86.5237, 105.3, 124.424, 297.538, 167.625, 149.474, 183.718, 238.161, 89.5387, 172.937, 87.4682, 225.463, 94.3816, 93.7042, 266.587, 96.8101, 133.673, 349.297, 113.349, 124.988, 208.887, 116.539, 141.577, 108.966, 231.434, 382.888, 95.4852, 100.195, 110.256, 83.2376, 277.859, 231.633, 178.442, 176.44, 74.6823, 264.783, 309.379, 377.26, 161.241, 113.358, 90.2754, 403.965, 84.6761, 230.966, 195.316, 169.099, 155.23];
HighestPossibleCritFunctionValue = 1.1;
