NumDevices = 64;
NumSlotes = 512;


GivenBandwidthOld = [0.0163072, 0.00982148, 0.0146624, 0.0166065, 0.0107743, 0.0082361, 0.00919208, 0.0163244, 0.00934784, 0.0141357, 0.0132142, 0.0161596, 0.00958676, 0.00964335, 0.0107433, 0.0170243, 0.0115843, 0.0117988, 0.0169636, 0.0130301, 0.0123678, 0.0110285, 0.0107126, 0.0116265, 0.0107685, 0.0113549, 0.0165895, 0.0140499, 0.0119218, 0.0144018, 0.0168593, 0.00932352, 0.0154523, 0.0117088, 0.0156291, 0.0138374, 0.00980939, 0.011353, 0.0150304, 0.011073, 0.00902056, 0.0136099, 0.0162512, 0.00830057, 0.0127419, 0.00762455, 0.0108022, 0.00820379, 0.0160321, 0.0167743, 0.0103687, 0.0124945, 0.0103234, 0.0105503, 0.0134748, 0.0161345, 0.0174718, 0.012986, 0.0103588, 0.0159185, 0.0166175, 0.0146529, 0.0169995, 0.0148918];
GivenLatency = [67.5406, 126.199, 84.7174, 58.4382, 106.972, 116.375, 106.425, 69.977, 122.15, 73.4013, 73.319, 59.9379, 111.761, 98.0947, 113.934, 68.5235, 86.8761, 86.3738, 64.2719, 83.5304, 76.2305, 103.862, 108.286, 98.6495, 112.281, 98.9471, 56.4313, 69.308, 84.6788, 79.6093, 70.9221, 113.802, 62.3347, 96.4821, 59.9001, 77.8533, 106.675, 93.9955, 74.0384, 92.2093, 115.81, 88.2654, 61.5657, 112.661, 78.5191, 125.958, 99.6893, 121.329, 73.0444, 66.4786, 99.2589, 78.4873, 101.547, 90.4417, 75.3396, 63.9533, 67.1805, 93.1636, 103.071, 64.2123, 75.0359, 79.6816, 68.9548, 63.2373];
HighestPossibleCritFunctionValue = 1.1;
