NumDevices = 64;
NumSlotes = 512;


GivenBandwidthOld = [0.00474778, 0.00601326, 0.00617834, 0.00562306, 0.00433259, 0.00283607, 0.00702631, 0.00750224, 0.00635338, 0.00368954, 0.00753056, 0.00743548, 0.00307751, 0.00874995, 0.00788514, 0.0042523, 0.00338936, 0.00629386, 0.00339047, 0.00614142, 0.00377588, 0.00870588, 0.00475155, 0.00684317, 0.00437355, 0.00374453, 0.00688572, 0.00706571, 0.00715519, 0.00481801, 0.00504838, 0.00805231, 0.00767424, 0.00351499, 0.00519053, 0.00357295, 0.00439986, 0.0084521, 0.00827006, 0.00482677, 0.00855479, 0.00286767, 0.00697107, 0.00405687, 0.00635873, 0.00610288, 0.00605387, 0.00737458, 0.00460124, 0.00556655, 0.00448426, 0.00816374, 0.00542491, 0.00529352, 0.00315915, 0.00580243, 0.00650909, 0.00822176, 0.0056255, 0.00775565, 0.00291593, 0.00558287, 0.00384424, 0.0075621];
GivenLatency = [81.9578, 86.5272, 52.4245, 81.8529, 77.9488, 109.622, 46.7173, 54.2586, 77.3204, 149.281, 45.0334, 55.0696, 141.83, 61.9921, 68.6487, 72.6497, 144.046, 56.3849, 116.74, 100.984, 81.8324, 35.7772, 67.9252, 50.5736, 93.2582, 151.159, 59.3533, 60.7251, 52.29, 132.81, 91.8783, 55.3139, 56.8179, 126.045, 79.3424, 173.536, 77.7181, 36.7004, 47.7012, 114.909, 38.4733, 112.116, 52.5654, 84.6179, 64.844, 87.1552, 50.9854, 68.9852, 115.466, 80.4404, 71.5142, 43.4355, 63.6361, 58.6792, 189.427, 68.6293, 57.5532, 48.2621, 80.5443, 59.3058, 172.084, 78.4239, 116.909, 43.7874];
HighestPossibleCritFunctionValue = 1.1;
