NumDevices = 128;
NumSlotes = 1024;


GivenBandwidthOld = [0.00404646, 0.00130393, 0.00144424, 0.00338046, 0.0015739, 0.00135006, 0.00165155, 0.00317538, 0.00168851, 0.0026056, 0.00362449, 0.00310911, 0.00356176, 0.00189881, 0.00263449, 0.00164525, 0.0035167, 0.00389725, 0.00289913, 0.00255239, 0.00305687, 0.0036516, 0.00250187, 0.00386222, 0.00175875, 0.00177462, 0.00290281, 0.0018451, 0.00308626, 0.00394273, 0.00168596, 0.00344685, 0.00181644, 0.00268971, 0.0015816, 0.00265256, 0.00223652, 0.00354545, 0.00268081, 0.00191381, 0.00168651, 0.00323112, 0.00422307, 0.00405707, 0.00163084, 0.0020202, 0.00222502, 0.00405084, 0.00317331, 0.00136597, 0.00342037, 0.00368274, 0.00394783, 0.00309193, 0.0023209, 0.00304789, 0.00282722, 0.00334206, 0.00305781, 0.00379657, 0.00139259, 0.00393258, 0.0029916, 0.00360372, 0.00399853, 0.00196767, 0.00376559, 0.00259088, 0.00304987, 0.00174388, 0.00194393, 0.00155976, 0.00425305, 0.0016777, 0.0021639, 0.00174797, 0.00185762, 0.00418787, 0.00295793, 0.00333715, 0.00184033, 0.00410857, 0.00143942, 0.00354467, 0.00218529, 0.00191899, 0.00432787, 0.00284504, 0.00275463, 0.00211791, 0.00382472, 0.002633, 0.00165274, 0.00131854, 0.00323775, 0.00309238, 0.00364052, 0.00369947, 0.00394731, 0.00375809, 0.00157504, 0.00162809, 0.00265136, 0.00389383, 0.00172972, 0.00148084, 0.00293599, 0.00323638, 0.00200481, 0.00302011, 0.00143415, 0.00258525, 0.00218352, 0.00344735, 0.00397412, 0.00419707, 0.00136411, 0.00339803, 0.00326049, 0.00405034, 0.00403589, 0.00180753, 0.00283289, 0.00169191, 0.00341737, 0.00320518, 0.00255303, 0.00134924];
GivenLatency = [91.0209, 256.877, 342.972, 132.199, 231.919, 486.887, 331.708, 192.071, 224.534, 128.846, 108.825, 104.833, 156.211, 276.561, 185.609, 219.075, 103.629, 160.155, 119.023, 254.77, 175.892, 92.7605, 172.914, 86.4501, 317.261, 191.882, 220.641, 232.354, 112.271, 89.1846, 264.143, 186.594, 261.096, 140.703, 357.231, 204.82, 198.294, 109.555, 153.598, 240.447, 208.461, 145.923, 94.3454, 86.8755, 264.608, 206.756, 147.16, 83.8146, 156.758, 240.695, 105.134, 151.674, 87.0098, 108.571, 249.13, 122.224, 147.254, 116.506, 212.839, 133.657, 259.631, 131.303, 210.981, 94.8122, 124.201, 299.909, 121.486, 189.502, 123.18, 195.067, 201.283, 258.935, 143.257, 287.806, 192.04, 191.75, 237.663, 84.1326, 142.912, 111.167, 257.564, 109.302, 229.935, 139.172, 146.307, 181.59, 89.0903, 226.556, 143.193, 210.668, 98.5561, 161.015, 391.024, 273.719, 100.857, 116.866, 97.6127, 93.5738, 83.1438, 159, 412.486, 307.521, 210.063, 166.151, 192.022, 267.669, 124.165, 134.6, 270.853, 170.649, 447.922, 241.196, 192.596, 109.073, 101.212, 94.2828, 411.866, 174.134, 105.836, 94.3466, 123.457, 177.315, 125.944, 253.482, 118.891, 120.427, 126.987, 313.657];
HighestPossibleCritFunctionValue = 1.1;
