NumDevices = 16;
NumSlotes = 128;


GivenBandwidthOld = [0.0225178, 0.0217797, 0.016009, 0.0289053, 0.0259129, 0.0325415, 0.0151263, 0.0170076, 0.0123724, 0.0326208, 0.0220551, 0.0208868, 0.0341189, 0.0271259, 0.0194815, 0.0157462];
GivenLatency = [26.3168, 22.8087, 23.5138, 17.3574, 14.2116, 11.8262, 24.5892, 33.1438, 25.6091, 9.66862, 14.3019, 17.3812, 15.8303, 19.8326, 27.1358, 37.8521];
HighestPossibleCritFunctionValue = 1.1;
