NumDevices = 64;
NumSlotes = 512;


GivenBandwidthOld = [0.0143238, 0.0143202, 0.0146568, 0.0121134, 0.0156123, 0.0113696, 0.0142673, 0.0151854, 0.0161991, 0.0124938, 0.00785945, 0.00873039, 0.0166629, 0.0082804, 0.0136802, 0.0173442, 0.00898483, 0.013125, 0.0163334, 0.0101346, 0.0169309, 0.0131543, 0.00892631, 0.00956636, 0.0168067, 0.0158416, 0.0140918, 0.0157873, 0.0124784, 0.00973961, 0.00856258, 0.0162087, 0.014596, 0.00930418, 0.0104013, 0.0103768, 0.00845952, 0.0142247, 0.0100191, 0.0154487, 0.0108645, 0.0153489, 0.0140492, 0.00984828, 0.0150022, 0.0171969, 0.0135245, 0.0114182, 0.00994088, 0.011311, 0.00960461, 0.00962299, 0.00866323, 0.00788053, 0.0130183, 0.0137101, 0.0102521, 0.0125906, 0.0157033, 0.0107215, 0.0118636, 0.0169803, 0.0126892, 0.0129439];
GivenLatency = [72.0905, 70.67, 64.6208, 82.8518, 65.6951, 94.0778, 68.4432, 81.5697, 56.4407, 76.4689, 121.055, 139.222, 63.0297, 115.926, 90.3629, 69.3189, 105.609, 76.5165, 74.643, 111.706, 58.0293, 91.968, 125.589, 112.281, 62.3785, 69.0471, 71.1008, 71.2667, 73.2773, 119.11, 107.801, 57.7089, 70.9828, 107.692, 91.6607, 108.581, 124.39, 76.3978, 117.597, 59.3049, 112.243, 79.0209, 74.8841, 113.458, 61.6151, 55.8102, 80.8064, 107.602, 115.544, 98.9198, 95.4118, 96.0233, 118.452, 122.455, 71.1133, 80.0755, 93.7287, 94.1847, 62.073, 90.3708, 102.901, 60.7246, 76.9236, 86.8199];
HighestPossibleCritFunctionValue = 1.1;
