NumDevices = 16;
NumSlotes = 128;


GivenBandwidthOld = [0.0727191, 0.0593407, 0.0590749, 0.0421848, 0.0706013, 0.0652454, 0.0486952, 0.0405396, 0.0695898, 0.0660434, 0.0614149, 0.070869, 0.0656116, 0.0534369, 0.0343204, 0.0432817];
GivenLatency = [21.8033, 28.6985, 28.0481, 35.8527, 27.6468, 25.9256, 27.7386, 40.8136, 20.8105, 22.455, 28.3022, 25.1251, 20.6629, 35.4168, 53.9381, 39.8642];
HighestPossibleCritFunctionValue = 1.1;
