NumDevices = 128;
NumSlotes = 1024;


GivenBandwidthOld = [0.00907471, 0.0086047, 0.00913333, 0.00642424, 0.00591231, 0.00816476, 0.00878113, 0.00566013, 0.00729595, 0.00677553, 0.00385141, 0.00809971, 0.00924883, 0.00380028, 0.00500962, 0.00536592, 0.00633754, 0.00496778, 0.00845793, 0.0049347, 0.00883663, 0.00723405, 0.0040004, 0.00595476, 0.00912753, 0.00895116, 0.00717888, 0.00793228, 0.00776216, 0.00481994, 0.00492628, 0.00474915, 0.00892131, 0.00547364, 0.00415281, 0.00499817, 0.00677087, 0.00670457, 0.00493165, 0.00754133, 0.00594567, 0.00643287, 0.00720949, 0.00982886, 0.0086131, 0.00661946, 0.0057624, 0.00748264, 0.00694235, 0.00749132, 0.00919145, 0.00826102, 0.00799327, 0.00790921, 0.00760477, 0.00964585, 0.00779119, 0.00520156, 0.00640477, 0.00377761, 0.00522549, 0.0085835, 0.00909648, 0.00581059, 0.00478523, 0.00917409, 0.0038419, 0.00455765, 0.00914186, 0.00604129, 0.00720174, 0.00467418, 0.00527339, 0.00731989, 0.00918973, 0.00431348, 0.00545993, 0.00508641, 0.00851214, 0.00972545, 0.00809323, 0.00664748, 0.00799778, 0.00867453, 0.00783578, 0.00475882, 0.00902206, 0.00495432, 0.0072718, 0.00712214, 0.00430493, 0.00549671, 0.00446618, 0.0093848, 0.00781454, 0.0039726, 0.00741519, 0.00461765, 0.005031, 0.00846993, 0.00661036, 0.00907062, 0.0086853, 0.00760427, 0.00754423, 0.00467324, 0.00806718, 0.00636587, 0.00619897, 0.00739077, 0.00668548, 0.0090713, 0.00762471, 0.00731231, 0.00681342, 0.00938856, 0.00854975, 0.00431057, 0.00646226, 0.00750418, 0.00652707, 0.00919265, 0.00968628, 0.00600255, 0.00606156, 0.00421391, 0.00699861, 0.00934816];
GivenLatency = [521.388, 396.737, 427.345, 543.534, 585.309, 441.518, 406.215, 660.557, 549.688, 574.873, 1086.05, 607.14, 381.292, 1252.42, 923.962, 758.687, 747.69, 690.399, 464.144, 740.557, 407.543, 623.981, 891.876, 630.396, 411.507, 430.261, 589.661, 462.69, 563.246, 883.709, 846.338, 890.978, 393.79, 707.869, 1095.99, 700.048, 658.605, 587.685, 833.628, 555.367, 731.339, 544.854, 479.96, 424.488, 388.575, 580.982, 739.635, 467.657, 575.417, 485.214, 372.747, 601.996, 442.302, 477.018, 559.104, 395.761, 457.671, 672.212, 665.03, 909.834, 848.756, 408.554, 422.832, 622.052, 1036.06, 527.156, 968.15, 791.951, 522.136, 675.237, 521.127, 821.842, 673.09, 484.65, 374.705, 853.432, 727.235, 977.334, 514.842, 493.636, 489.959, 568.234, 514.148, 432.539, 431, 765.823, 514.928, 826.629, 482.421, 547.684, 994.917, 666.256, 1114.21, 480.031, 522.359, 1024.75, 573.961, 754.011, 762.953, 509.868, 685.545, 415.888, 391.433, 534.372, 471.065, 781.242, 435.206, 730.015, 805.733, 527.529, 570.755, 512.423, 439.778, 541.156, 489.543, 381.552, 416.732, 926.922, 712.457, 519.913, 744.624, 387.183, 369.412, 746.021, 764.455, 941.198, 603.601, 379.376];
HighestPossibleCritFunctionValue = 1.1;
