NumDevices = 128;
NumSlotes = 1024;


GivenBandwidthOld = [0.00394161, 0.00417346, 0.00582034, 0.00502256, 0.00662585, 0.00816681, 0.00707886, 0.00696546, 0.00603508, 0.00401331, 0.00428238, 0.00638823, 0.00456326, 0.00724975, 0.00405237, 0.00568079, 0.00449127, 0.00727432, 0.00697243, 0.00819469, 0.00562884, 0.00639286, 0.00735886, 0.00785607, 0.00452, 0.00513563, 0.00705692, 0.00818866, 0.00439608, 0.00746466, 0.00596917, 0.00637017, 0.0058745, 0.00528354, 0.00794377, 0.00848297, 0.00586698, 0.00375345, 0.00679219, 0.00389825, 0.00538665, 0.00591113, 0.00578295, 0.00653122, 0.00767933, 0.0040235, 0.00553034, 0.00591913, 0.00527965, 0.0076281, 0.00803363, 0.00864612, 0.00779897, 0.00486332, 0.00530242, 0.00530802, 0.00431868, 0.00649136, 0.00784578, 0.00657645, 0.00794294, 0.00444748, 0.00625923, 0.00639284, 0.00699161, 0.00544536, 0.00774026, 0.00797819, 0.00695431, 0.00852885, 0.00682747, 0.00673782, 0.00498533, 0.00590602, 0.00503952, 0.00667028, 0.00489491, 0.00618669, 0.00717975, 0.00757188, 0.00810735, 0.00766086, 0.00860724, 0.00433913, 0.0052536, 0.00472169, 0.00495037, 0.00829099, 0.004149, 0.00478624, 0.00482715, 0.0074808, 0.00726381, 0.00527747, 0.005994, 0.00872031, 0.00469569, 0.00803571, 0.00867624, 0.0041003, 0.00628098, 0.0070144, 0.00851362, 0.00593035, 0.00395952, 0.00522066, 0.0061523, 0.00422281, 0.00523114, 0.00719313, 0.00749516, 0.00864684, 0.00491228, 0.00813261, 0.00721788, 0.00834295, 0.00747422, 0.0066668, 0.00638575, 0.00783631, 0.00735155, 0.00505063, 0.00851718, 0.00567979, 0.00776088, 0.00460229, 0.0082532, 0.00410093];
GivenLatency = [270.162, 232.098, 200.291, 207.37, 168.55, 130.11, 152.116, 177.944, 212.404, 249.454, 255.835, 200.88, 215.109, 177.085, 255.837, 207.267, 218.618, 135.177, 178.255, 150.745, 170.052, 156.068, 135.597, 131.884, 220.289, 199.883, 146.755, 155.981, 256.648, 133.09, 206.752, 200.488, 209.703, 226.078, 153.563, 119.211, 196.01, 254.996, 171.606, 276.372, 221.844, 212.758, 222.463, 157.245, 143.018, 277.986, 205.848, 166.009, 190.697, 141.441, 124.335, 136.524, 161.151, 236.121, 218.306, 180.772, 236.242, 181.972, 130.577, 155.617, 123.542, 248.287, 160.053, 185.19, 177.919, 196.457, 145.121, 153.917, 144.501, 124.556, 158.78, 189.807, 253.653, 189.02, 224.789, 164.122, 264.508, 191.162, 135.388, 141.683, 117.605, 153.376, 137.847, 252.039, 190.434, 273.214, 216.955, 129.934, 257.869, 256.136, 218.308, 131.913, 145.384, 224.884, 212.319, 125.244, 246.106, 130.353, 147.695, 247.514, 178.526, 155.044, 141.659, 178.869, 265.169, 211.87, 158.318, 239.69, 218.126, 135.105, 131.541, 113.001, 216.955, 157.334, 168.772, 136.316, 166.576, 156.398, 198.788, 139.992, 163.247, 219.402, 151.305, 223.958, 128.493, 250.641, 156.062, 258.224];
HighestPossibleCritFunctionValue = 1.1;
