NumDevices = 64;
NumSlotes = 512;


GivenBandwidthOld = [0.0138443, 0.0160424, 0.00955211, 0.0172488, 0.0151613, 0.0103363, 0.0172073, 0.0174871, 0.0104886, 0.0161413, 0.0117809, 0.016566, 0.0096769, 0.0146313, 0.0130909, 0.0137031, 0.0137278, 0.00855506, 0.00985486, 0.0156754, 0.0109513, 0.013722, 0.0104527, 0.0134112, 0.0163025, 0.0103452, 0.0163161, 0.00989595, 0.0162036, 0.00890622, 0.0117925, 0.0110694, 0.00887992, 0.00989218, 0.0129375, 0.0155728, 0.0174934, 0.0164115, 0.0130352, 0.0173281, 0.00790296, 0.0100724, 0.0123446, 0.0101017, 0.0134564, 0.016007, 0.0150249, 0.00915684, 0.0139907, 0.0173518, 0.0164688, 0.0161022, 0.0140948, 0.015893, 0.00844415, 0.0159092, 0.0100912, 0.0173054, 0.0163403, 0.0164643, 0.0109371, 0.0146544, 0.0119302, 0.0158852];
GivenLatency = [67.0559, 74.9696, 96.3605, 56.0845, 76.8585, 92.7871, 66.367, 54.923, 116.028, 63.3639, 101.429, 60.6408, 107.375, 65.8267, 84.3911, 78.4885, 67.4326, 142.622, 100.087, 67.7969, 106.159, 67.5787, 87.5096, 82.4508, 68.409, 90.9063, 61.4658, 102.551, 64.6538, 104.882, 77.1469, 105.015, 130.666, 101.898, 77.8144, 68.1318, 60.2514, 67.1099, 93.3856, 71.4256, 131.145, 119.5, 82.5618, 94.0881, 74.8853, 65.9562, 67.0274, 109.339, 73.8783, 55.0839, 72.0528, 60.4725, 71.2258, 69.2413, 115.33, 73.6409, 101.256, 56.6418, 57.3785, 67.036, 88.4499, 71.9756, 102.904, 74.2878];
HighestPossibleCritFunctionValue = 1.1;
