NumDevices = 128;
NumSlotes = 1024;


GivenBandwidthOld = [0.00657073, 0.00681364, 0.00433785, 0.00376607, 0.00377821, 0.00787012, 0.00559429, 0.00571567, 0.0057714, 0.007422, 0.00403469, 0.00860269, 0.00789088, 0.00453519, 0.0054883, 0.00440898, 0.00426909, 0.00815338, 0.00632849, 0.00551252, 0.00641321, 0.004342, 0.00856198, 0.00869207, 0.00513569, 0.00811004, 0.00791344, 0.00864824, 0.00842641, 0.00512864, 0.00451828, 0.00619806, 0.00831984, 0.00406814, 0.00575905, 0.00490652, 0.00642048, 0.00648917, 0.00592144, 0.00418426, 0.00736914, 0.00564407, 0.00739915, 0.0050893, 0.00831498, 0.00744306, 0.0080553, 0.00797672, 0.00716283, 0.00825041, 0.00718243, 0.00759467, 0.00619889, 0.00717588, 0.0075144, 0.00708963, 0.00785958, 0.00852061, 0.00840142, 0.00512133, 0.00664495, 0.00410493, 0.00398783, 0.0059822, 0.0054169, 0.0042927, 0.0049447, 0.00813784, 0.00509, 0.00516689, 0.00735023, 0.007753, 0.00709724, 0.00589265, 0.00518902, 0.00443222, 0.00477299, 0.00710755, 0.00403631, 0.00580296, 0.00786975, 0.0043863, 0.00796905, 0.00829575, 0.0042576, 0.00507047, 0.00689171, 0.00639563, 0.0038588, 0.00738975, 0.00698353, 0.0046687, 0.00429581, 0.00715148, 0.00739587, 0.00484237, 0.00820315, 0.00780329, 0.0073753, 0.00409028, 0.0078446, 0.00677621, 0.0052312, 0.00831864, 0.00394447, 0.00724822, 0.00838775, 0.00538902, 0.00573846, 0.00382921, 0.00500915, 0.00628292, 0.00457112, 0.00427007, 0.00462002, 0.00617706, 0.00533239, 0.00399753, 0.00394568, 0.00759522, 0.00532936, 0.00810566, 0.00435144, 0.00709303, 0.00510177, 0.00787616, 0.00706203, 0.00406597];
GivenLatency = [191.239, 176.151, 293.696, 267.821, 325.537, 132.271, 214.345, 180.86, 170.982, 149.422, 267.412, 115.883, 164.467, 253.342, 180.66, 278.17, 226.685, 121.491, 156.441, 187.443, 183.193, 286.207, 134.042, 125.309, 235.038, 118.404, 131.957, 144.486, 151.465, 187.65, 248.12, 195.698, 124.274, 296.751, 210.944, 209.645, 194.25, 179.449, 184.034, 285.127, 167.43, 181.682, 150.519, 241.523, 114.648, 142.677, 125.311, 126.591, 150.974, 130.52, 171.977, 134.787, 191.941, 157.353, 145.669, 172.788, 136.708, 123.153, 131.919, 243.623, 172.971, 272.068, 313.811, 215.571, 193.433, 282.63, 222.048, 141.582, 239.401, 240.74, 168.711, 140.146, 157.101, 176.575, 206.956, 270.718, 230.272, 163.788, 243.673, 200.966, 139.165, 261.915, 147.9, 156.007, 228.301, 190.094, 186.738, 189.301, 289.43, 151.724, 180.469, 209.983, 282.193, 166.07, 136.645, 220.291, 118.772, 125.689, 146.545, 269.099, 130.159, 158.244, 198.204, 119.155, 245.069, 150.197, 148.72, 177.761, 221.357, 316.933, 196.7, 190.953, 247.428, 286.705, 225.835, 197.545, 206.714, 242.584, 243.54, 161.183, 180.123, 129.864, 252.853, 159.319, 205.771, 142.139, 179.081, 269.069];
HighestPossibleCritFunctionValue = 1.1;
