NumDevices = 16;
NumSlotes = 128;


GivenBandwidthOld = [0.0492994, 0.0356815, 0.0395611, 0.0429784, 0.0374018, 0.0324685, 0.0381814, 0.0544339, 0.0512025, 0.0601963, 0.0589388, 0.045207, 0.0547617, 0.0393833, 0.0555853, 0.0419196];
GivenLatency = [19.8219, 23.0204, 21.8863, 18.0068, 26.2536, 24.8451, 28.8424, 14.9058, 18.1496, 16.9803, 17.5768, 20.5469, 16.3629, 22.2927, 17.3424, 20.3295];
HighestPossibleCritFunctionValue = 1.1;
