NumDevices = 16;
NumSlotes = 128;


GivenBandwidthOld = [0.0298939, 0.0164406, 0.0316608, 0.0122954, 0.0144398, 0.0301882, 0.0133101, 0.0184845, 0.0336536, 0.0306056, 0.0288634, 0.0227187, 0.0227764, 0.0180705, 0.0257769, 0.0223896];
GivenLatency = [16.1535, 27.6835, 15.107, 37.3358, 24.4612, 10.6245, 35.937, 27.7358, 9.033, 10.43, 13.9941, 22.5038, 17.8666, 19.0996, 12.6983, 23.8493];
HighestPossibleCritFunctionValue = 1.1;
