NumDevices = 64;
NumSlotes = 512;


GivenBandwidthOld = [0.017487, 0.00913964, 0.0149458, 0.0119256, 0.0134225, 0.00957969, 0.0109207, 0.0122161, 0.00797487, 0.0135958, 0.00956098, 0.0088543, 0.0191666, 0.0124191, 0.00754588, 0.0160726, 0.0119343, 0.0103504, 0.0135243, 0.00771163, 0.0143021, 0.0179085, 0.0176954, 0.0112232, 0.00818738, 0.0102855, 0.0110827, 0.00982875, 0.00937008, 0.0129242, 0.0102066, 0.00968844, 0.0136849, 0.00781724, 0.0143262, 0.00995135, 0.0197916, 0.017536, 0.0198777, 0.0147764, 0.0137102, 0.00810361, 0.0148972, 0.0198354, 0.0164572, 0.0141108, 0.0156176, 0.0155423, 0.012212, 0.0146648, 0.0146175, 0.0196329, 0.012006, 0.0143246, 0.00808597, 0.0183147, 0.00753662, 0.0105361, 0.0104997, 0.0104853, 0.0192256, 0.0179552, 0.0160455, 0.0195207];
GivenLatency = [153.146, 276.107, 152.454, 233.763, 219.794, 280.554, 206.678, 234.141, 373.121, 219.625, 293.989, 289.444, 172.955, 228.195, 298.036, 142.112, 186.833, 270.434, 181.611, 316.034, 166.638, 139.249, 177.293, 209.174, 389.625, 289.371, 205.788, 290.951, 285.499, 228.438, 288.406, 233.51, 181.158, 293.56, 166.384, 275.82, 127.339, 138.2, 121.488, 213.268, 196.353, 358.609, 168.78, 119.065, 197.907, 174.031, 149.955, 170.987, 182.919, 185.361, 179.38, 128.678, 191.226, 161.332, 306.28, 133.244, 322.464, 282.797, 228.086, 215.683, 163.878, 130.755, 182.125, 114.455];
HighestPossibleCritFunctionValue = 1.1;
