NumDevices = 64;
NumSlotes = 512;


GivenBandwidthOld = [0.0130417, 0.0162907, 0.0127584, 0.0151707, 0.00880627, 0.0119645, 0.012728, 0.0146763, 0.00904554, 0.0133671, 0.0158345, 0.0150256, 0.0109089, 0.0111334, 0.0143036, 0.0155069, 0.00938586, 0.013209, 0.00808869, 0.011703, 0.0173922, 0.0149437, 0.0140249, 0.0119646, 0.014028, 0.0144183, 0.0126456, 0.00974051, 0.0138003, 0.0163361, 0.0154901, 0.0173515, 0.0122296, 0.0173438, 0.012916, 0.0134625, 0.00974234, 0.0144763, 0.00790435, 0.0134428, 0.00864912, 0.0107103, 0.0132018, 0.00758233, 0.0112408, 0.00955576, 0.00871043, 0.0111422, 0.0122723, 0.0154908, 0.00851757, 0.00982267, 0.0145691, 0.00823217, 0.0131355, 0.0131927, 0.0139711, 0.0077732, 0.00921097, 0.0136976, 0.0107943, 0.0149282, 0.0124609, 0.0159624];
GivenLatency = [76.2813, 64.4725, 80.246, 63.5123, 120.414, 84.8325, 75.737, 62.9153, 114.604, 71.9514, 59.1567, 67.2999, 87.082, 108.323, 84.8452, 65.9262, 131.388, 72.4847, 128.523, 88.7938, 55.5797, 72.2032, 72.6986, 101.667, 66.5599, 75.633, 83.8975, 94.276, 84.1462, 61.0514, 78.1254, 69.8777, 81.3027, 71.6565, 77.3393, 73.0154, 121.139, 73.0342, 142.385, 83.8551, 122.642, 97.7294, 80.1968, 147.142, 82.4865, 117.229, 116.109, 94.6438, 98.7955, 76.2457, 132.544, 113.342, 74.9838, 119.778, 90.239, 91.7955, 78.6011, 130.33, 130.567, 73.6417, 93.4433, 62.6673, 76.8754, 65.7278];
HighestPossibleCritFunctionValue = 1.1;
