NumDevices = 64;
NumSlotes = 512;


GivenBandwidthOld = [0.0131241, 0.0109444, 0.0173818, 0.0101859, 0.00939988, 0.00870739, 0.0101183, 0.0129779, 0.0141488, 0.013569, 0.00914603, 0.0123434, 0.0113272, 0.0114025, 0.0170678, 0.012983, 0.00981403, 0.00936743, 0.0134333, 0.00826545, 0.0123331, 0.0173475, 0.0142644, 0.0160917, 0.00806932, 0.0160924, 0.00979291, 0.0144375, 0.0163413, 0.0139891, 0.0103523, 0.0160919, 0.0113056, 0.00828316, 0.0101497, 0.0108536, 0.0109217, 0.0158023, 0.0137715, 0.013441, 0.0171624, 0.0131426, 0.0120938, 0.0147176, 0.013402, 0.0117157, 0.0106923, 0.0097679, 0.0141442, 0.0164195, 0.0082995, 0.0146512, 0.00802726, 0.00909998, 0.00842385, 0.0145628, 0.0126151, 0.0167384, 0.0167015, 0.0166813, 0.00792131, 0.00842269, 0.0151905, 0.0110742];
GivenLatency = [88.438, 92.4169, 57.9577, 96.2986, 120.363, 123.931, 116.712, 81.7084, 74.1583, 89.9025, 119.924, 79.0676, 101.798, 107.362, 55.0161, 96.2341, 112.964, 127.977, 73.7498, 130.024, 87.146, 56.5875, 66.4621, 71.2533, 138.294, 74.8968, 112.381, 66.0197, 59.7935, 81.5508, 119.034, 63.9662, 81.3351, 125.933, 97.4432, 90.5134, 89.478, 59.9284, 70.2782, 85.508, 60.0471, 73.2909, 93.2795, 84.1212, 86.5714, 80.3117, 110.537, 94.048, 71.2484, 58.9422, 129.553, 75.6473, 150.446, 131.171, 115.022, 72.8946, 91.4162, 71.2796, 67.8495, 73.4222, 117.162, 124.71, 61.3293, 90.5657];
HighestPossibleCritFunctionValue = 1.1;
