NumDevices = 128;
NumSlotes = 1024;


GivenBandwidthOld = [0.00478853, 0.00839644, 0.0064853, 0.00596422, 0.00816561, 0.00687204, 0.00586563, 0.00620975, 0.0048242, 0.00787977, 0.00785465, 0.0055391, 0.00822592, 0.0054551, 0.00643969, 0.00431242, 0.00633744, 0.00585496, 0.00680824, 0.00856793, 0.00376069, 0.0084756, 0.00698608, 0.00748547, 0.005831, 0.00419433, 0.00659035, 0.00649166, 0.00778328, 0.00613624, 0.0042286, 0.00764271, 0.00845397, 0.00836431, 0.00649908, 0.00761794, 0.00725677, 0.00703238, 0.00574495, 0.00792966, 0.00624502, 0.00759091, 0.00786164, 0.008164, 0.00476294, 0.008302, 0.00416065, 0.00561749, 0.00573132, 0.00874066, 0.00669179, 0.00643666, 0.00837512, 0.00816633, 0.00406388, 0.00411663, 0.00562462, 0.00541321, 0.00735454, 0.00528552, 0.0061718, 0.00689321, 0.00660315, 0.00668605, 0.00501371, 0.00796768, 0.00536148, 0.0078963, 0.00556839, 0.00542487, 0.00827463, 0.00414357, 0.00855206, 0.00700019, 0.00467048, 0.00425394, 0.00841613, 0.00745041, 0.0064566, 0.00860904, 0.00462988, 0.00687425, 0.00800242, 0.0041952, 0.00630447, 0.00674101, 0.00868138, 0.00548976, 0.00392865, 0.00624015, 0.00562558, 0.00655256, 0.00629281, 0.00569081, 0.0080076, 0.00617102, 0.00376322, 0.0059175, 0.00786122, 0.00603339, 0.00568417, 0.00629294, 0.00802546, 0.00638749, 0.00701665, 0.00639082, 0.00804825, 0.0044813, 0.00467763, 0.00442353, 0.00380729, 0.00658978, 0.00697471, 0.00651752, 0.00750839, 0.00608168, 0.00735434, 0.0068938, 0.00664055, 0.00521473, 0.00639548, 0.00634838, 0.00467113, 0.00524235, 0.00575913, 0.0062129, 0.00770808, 0.00712955];
GivenLatency = [270.199, 113.782, 171.701, 163.329, 118.224, 142.421, 176.453, 173.13, 263.718, 127.945, 126.729, 188.898, 147.288, 206.53, 171.382, 244.785, 190.121, 220.235, 187.875, 134.447, 281.616, 121.795, 154.015, 160.272, 189.731, 291.709, 149.281, 182.828, 143.023, 173.308, 236.359, 137.805, 130.329, 120.056, 160.347, 157.819, 140.455, 167.465, 182.127, 121.192, 201.477, 136.109, 145.629, 129.784, 205.064, 153.164, 285.187, 172.963, 209.419, 130.093, 163.626, 174.483, 138.764, 154.533, 273.212, 252.671, 189.051, 226.932, 133.668, 195.766, 188.445, 180.004, 155.129, 160.724, 231.788, 158.644, 235.545, 148.035, 222.776, 207.246, 142.485, 302.128, 136.418, 174.045, 262.062, 258.633, 123.625, 155.225, 169.459, 117.625, 242.505, 168.61, 119.223, 227.604, 187.304, 159.559, 132.062, 183.099, 248.353, 184.252, 213.652, 146.854, 185.975, 182.154, 154.065, 174.393, 270.208, 214.721, 127.164, 168.253, 174.422, 168.395, 154.726, 154.404, 165.876, 187.183, 150.384, 236.552, 211.545, 219.181, 274.287, 190.655, 185.37, 185.256, 137.661, 163.269, 134.751, 148.887, 147.39, 240.334, 189.168, 176.77, 248.928, 183.046, 198.624, 164.191, 128.58, 148.943];
HighestPossibleCritFunctionValue = 1.1;
