NumDevices = 64;
NumSlotes = 512;


GivenBandwidthOld = [0.0192716, 0.0159794, 0.00857155, 0.0170032, 0.0147848, 0.0179045, 0.0135851, 0.0164641, 0.0168451, 0.00827958, 0.00996552, 0.00795693, 0.0120534, 0.0118332, 0.0100053, 0.0142674, 0.0102096, 0.0110819, 0.00787834, 0.0162865, 0.0196475, 0.00756926, 0.00908047, 0.00791728, 0.00831398, 0.0129846, 0.01155, 0.0136959, 0.0163877, 0.0199737, 0.0161354, 0.0181297, 0.0103772, 0.0147027, 0.0138914, 0.0152187, 0.0100387, 0.0122813, 0.0173762, 0.00974522, 0.0179159, 0.0174346, 0.0157404, 0.0163843, 0.0126494, 0.015962, 0.0150022, 0.00925281, 0.0169127, 0.0195941, 0.0113391, 0.0194342, 0.00976558, 0.0100762, 0.0189849, 0.00870598, 0.0138699, 0.0168847, 0.0109701, 0.0169621, 0.0114089, 0.0170411, 0.0140262, 0.0176085];
GivenLatency = [140.141, 182.838, 297.755, 146.171, 187.197, 168.838, 217.416, 161.935, 168.293, 274.277, 296.951, 280.48, 217.354, 259.844, 263.208, 232.115, 237.106, 234.321, 348.964, 186.407, 165.285, 417.644, 272.986, 380.46, 325.945, 237.682, 215.685, 182.248, 147.217, 135.249, 139.277, 143.016, 317.657, 165.616, 163.827, 188.231, 229.269, 256.766, 140.807, 321.749, 136.328, 130.23, 155.966, 140.207, 197.447, 144.308, 195.797, 345.631, 138.301, 119.485, 235.431, 132.992, 228.675, 282.425, 124.806, 295.719, 201.831, 160.868, 270.875, 138.255, 260.731, 190.952, 213.093, 130.85];
HighestPossibleCritFunctionValue = 1.1;
