NumDevices = 32;
NumSlotes = 256;


GivenBandwidthOld = [0.0326618, 0.0164217, 0.0290301, 0.0189134, 0.0280103, 0.0186454, 0.0231291, 0.0210691, 0.018194, 0.0167026, 0.0300039, 0.0253121, 0.0305997, 0.0184204, 0.0222687, 0.0195198, 0.0189694, 0.0286733, 0.022709, 0.0202117, 0.0284002, 0.0316094, 0.0297461, 0.0329936, 0.0339296, 0.0245618, 0.0196229, 0.0322153, 0.0324032, 0.0303667, 0.0224958, 0.0168175];
GivenLatency = [32.0601, 65.4478, 31.8878, 46.1228, 36.8538, 57.8248, 40.7752, 45.6868, 49.2723, 63.5968, 29.7073, 41.6252, 36.3696, 50.6313, 41.057, 43.1605, 58.8444, 36.672, 39.2564, 42.5644, 31.7589, 29.0756, 29.6832, 32.0534, 29.5067, 35.484, 53.932, 29.5335, 31.6793, 28.5247, 42.5885, 49.734];
HighestPossibleCritFunctionValue = 1.1;
