NumDevices = 32;
NumSlotes = 256;


GivenBandwidthOld = [0.014508, 0.00641754, 0.0170153, 0.00850807, 0.0151989, 0.0171958, 0.0165986, 0.00515883, 0.0119146, 0.00623209, 0.012717, 0.016337, 0.00875088, 0.00847814, 0.0121164, 0.0106261, 0.0134106, 0.0115194, 0.0133081, 0.0139403, 0.0142047, 0.00783341, 0.0135915, 0.0151989, 0.00579321, 0.0114849, 0.00991513, 0.0136294, 0.013518, 0.0162689, 0.0131683, 0.0150558];
GivenLatency = [22.2795, 91.8425, 33.1935, 54.475, 27.6623, 19.1688, 18.6959, 94.9805, 28.7063, 90.1437, 42.5758, 19.835, 57.0125, 62.8194, 33.0122, 30.9156, 41.5067, 43.0543, 26.4912, 34.4873, 29.5564, 41.9981, 42.0337, 29.5528, 109.677, 38.8224, 32.6554, 27.6731, 40.7953, 25.6927, 25.5745, 26.2346];
HighestPossibleCritFunctionValue = 1.1;
