NumDevices = 128;
NumSlotes = 1024;


GivenBandwidthOld = [0.00133595, 0.00204993, 0.00191258, 0.00281642, 0.0030377, 0.00341946, 0.00404348, 0.0013285, 0.00193172, 0.00267798, 0.00130682, 0.00304118, 0.00241176, 0.00202145, 0.00143524, 0.00204433, 0.00148697, 0.00277763, 0.00432886, 0.00397561, 0.00427449, 0.00262226, 0.00237528, 0.00129617, 0.00223674, 0.00410045, 0.0025709, 0.00163384, 0.0024701, 0.00434095, 0.00395098, 0.00285465, 0.00181362, 0.00206083, 0.00379152, 0.00412457, 0.00162281, 0.00146524, 0.00319282, 0.00417767, 0.00353936, 0.00360201, 0.00330617, 0.00310823, 0.00434007, 0.00160653, 0.00287949, 0.00367014, 0.00157263, 0.00189304, 0.00257113, 0.00232014, 0.00265659, 0.00434026, 0.00171554, 0.00363488, 0.00270687, 0.00253184, 0.00130492, 0.0024874, 0.00141264, 0.00353632, 0.00235196, 0.00309563, 0.00200896, 0.00404087, 0.00424345, 0.00277422, 0.00321241, 0.00221441, 0.00379587, 0.00213684, 0.00325657, 0.0037248, 0.00144838, 0.00410519, 0.00396636, 0.00201772, 0.0042392, 0.00314668, 0.00375404, 0.00233277, 0.00245904, 0.00279932, 0.00324086, 0.00223757, 0.00251569, 0.00184122, 0.00348293, 0.00191567, 0.00170099, 0.00295453, 0.00240398, 0.0024047, 0.00208708, 0.00134177, 0.0030437, 0.00423936, 0.00285673, 0.00249569, 0.0031382, 0.00185276, 0.00377628, 0.00421261, 0.00323077, 0.00139147, 0.00396863, 0.00264265, 0.00127135, 0.00391042, 0.00245763, 0.00405994, 0.00292286, 0.00142149, 0.00226147, 0.00416354, 0.0035375, 0.00353951, 0.00293065, 0.00413592, 0.00183553, 0.00170627, 0.00413015, 0.00176214, 0.00259837, 0.00390073, 0.00205967, 0.00318175];
GivenLatency = [335.982, 164.649, 170.061, 147.631, 178.212, 117.343, 142.285, 365.019, 180.297, 125.534, 421.046, 144.319, 176.403, 221.717, 230.56, 310.273, 252.358, 130.288, 90.6513, 118.503, 106.689, 147.322, 141.71, 262.319, 151.09, 119.352, 171.569, 296.077, 177.8, 86.9223, 161.411, 123.82, 176.461, 197.931, 103.368, 104.909, 231.595, 371.823, 155.388, 123.839, 111.685, 94.0055, 118.542, 115.953, 93.0049, 377.836, 118.478, 163.731, 211.716, 209.063, 143.809, 266.261, 123.69, 72.9345, 187.893, 164.136, 124.532, 155.923, 348.485, 234.684, 339.314, 97.1388, 154.593, 169.313, 175.854, 119.25, 89.3845, 210.753, 151.435, 203.195, 134.513, 150.006, 189.598, 129.143, 451.617, 78.4541, 84.5535, 160.85, 102.018, 178.414, 127.73, 208.365, 174.624, 178.351, 121.199, 238.13, 249.13, 338.987, 159.287, 300.758, 274.496, 120.425, 261.971, 258.791, 220.394, 270.099, 193.017, 103.467, 180.838, 133.291, 134.696, 186.25, 91.0249, 78.2465, 186.867, 330.233, 160.467, 124.886, 305.587, 88.8023, 128.638, 142.966, 156.103, 242.492, 187.647, 99.92, 92.3876, 156.077, 114.224, 138.69, 266.734, 364.072, 137.941, 234.419, 212.295, 98.022, 282.328, 119.668];
HighestPossibleCritFunctionValue = 1.1;
