NumDevices = 128;
NumSlotes = 1024;


GivenBandwidthOld = [0.00700371, 0.00755282, 0.00521512, 0.00926262, 0.00431172, 0.00705401, 0.00923902, 0.00771261, 0.00956275, 0.00482825, 0.00715617, 0.00756788, 0.00827485, 0.00916677, 0.00597837, 0.00596559, 0.00995552, 0.00616464, 0.00540055, 0.00705675, 0.00522099, 0.00799662, 0.00792704, 0.00724896, 0.00452737, 0.00651434, 0.00774432, 0.00508036, 0.00692797, 0.00958613, 0.00408007, 0.00744734, 0.00743736, 0.00853127, 0.00636056, 0.00442876, 0.00548521, 0.00486372, 0.00962216, 0.00970585, 0.00993433, 0.00629332, 0.00556112, 0.00573224, 0.00668061, 0.00858446, 0.00656135, 0.00408851, 0.00553189, 0.00823366, 0.00432355, 0.00592386, 0.00860385, 0.00743332, 0.00922776, 0.00603332, 0.00446508, 0.00964495, 0.00521794, 0.00667638, 0.00611196, 0.00743946, 0.0063348, 0.00902009, 0.00947385, 0.00456623, 0.00962681, 0.00654932, 0.00811887, 0.00634951, 0.00623998, 0.00916894, 0.00493159, 0.0065262, 0.00717244, 0.00595005, 0.00492081, 0.00658837, 0.00823814, 0.00463871, 0.00901572, 0.0047432, 0.00893191, 0.00862499, 0.00639164, 0.0081121, 0.00502446, 0.00485101, 0.00842907, 0.00737605, 0.00928832, 0.00504531, 0.0052988, 0.00948743, 0.00776237, 0.00838181, 0.00691789, 0.00892635, 0.00882948, 0.00575297, 0.0052155, 0.00934107, 0.00408932, 0.00674007, 0.00785226, 0.00663058, 0.00507931, 0.00789895, 0.00390914, 0.00963724, 0.00679234, 0.00509352, 0.00930318, 0.00473799, 0.00893017, 0.00432687, 0.00553751, 0.00889339, 0.00502248, 0.00903817, 0.00697806, 0.00776719, 0.00823491, 0.00670886, 0.00825919, 0.00841657, 0.00983083, 0.00422158];
GivenLatency = [671.472, 565.727, 759.251, 460.763, 1002.5, 569.431, 516.883, 577.752, 360.717, 731.095, 662.607, 463.517, 445.773, 442.185, 581.347, 696.076, 424.242, 630.5, 854.648, 520.545, 673.009, 455.535, 531.15, 578.602, 928.451, 527.837, 471.836, 766.371, 592.311, 396.994, 998.225, 608.443, 657.625, 546.119, 610.708, 926.924, 739.553, 916.067, 355.841, 430.4, 468.597, 575.22, 685.509, 719.095, 553.11, 492.747, 710.022, 947.027, 777.306, 526.754, 904.161, 651.869, 450.012, 585.203, 384.441, 634.187, 901.097, 434.662, 876.127, 713.534, 650.744, 649.596, 768.131, 373.055, 399.594, 1073.09, 448.007, 655.261, 519.919, 751.995, 680.069, 463.057, 791.014, 679.548, 580.505, 786.87, 748.216, 608.76, 603.937, 773.316, 384.815, 771.682, 406.992, 404.386, 582.237, 495.701, 892.844, 698.857, 429.448, 649.029, 403.346, 741.159, 941.047, 416.578, 609.898, 422.169, 483.057, 498.051, 461.17, 648.771, 777.612, 506.625, 931.192, 553.511, 511.323, 703.704, 810.823, 531.515, 897.621, 364.556, 704.981, 674.479, 368.196, 730.355, 487.841, 1104.87, 702.334, 403.621, 697.521, 373.568, 630.845, 469.483, 415.039, 535.031, 516.824, 577.881, 419.62, 1080.28];
HighestPossibleCritFunctionValue = 1.1;
