NumDevices = 128;
NumSlotes = 1024;


GivenBandwidthOld = [0.00226, 0.00138841, 0.00258152, 0.00200159, 0.00200889, 0.00275079, 0.0031333, 0.00380692, 0.00359629, 0.00406991, 0.00173599, 0.00366992, 0.0040188, 0.0020785, 0.00400814, 0.00420649, 0.00342013, 0.00276748, 0.00233393, 0.00316441, 0.00179842, 0.00299617, 0.00225927, 0.00152199, 0.00388353, 0.00364326, 0.00286872, 0.00390385, 0.00140723, 0.00313086, 0.00345362, 0.00306685, 0.00266203, 0.00198572, 0.00395747, 0.00258188, 0.00172433, 0.00151902, 0.00392496, 0.00297304, 0.00407895, 0.00366783, 0.0033378, 0.00346257, 0.00359263, 0.00199417, 0.00221083, 0.00298384, 0.00435391, 0.00296736, 0.00234839, 0.0025971, 0.00126156, 0.00171735, 0.00279639, 0.00395559, 0.00230269, 0.0031463, 0.00359936, 0.0025449, 0.00207989, 0.00227215, 0.00233702, 0.00204669, 0.00370103, 0.00189662, 0.00339201, 0.00203019, 0.00147432, 0.00268962, 0.00325975, 0.00417609, 0.00192511, 0.00409387, 0.00129258, 0.00132773, 0.00148211, 0.0023595, 0.00167065, 0.00229977, 0.00408115, 0.00316476, 0.00145019, 0.00337299, 0.00416267, 0.00135335, 0.00387267, 0.00240368, 0.00362575, 0.00230103, 0.00346066, 0.00273503, 0.00382648, 0.00408532, 0.00136747, 0.00363212, 0.00308319, 0.00225142, 0.0039605, 0.00350001, 0.00162449, 0.00161882, 0.00315871, 0.00288556, 0.00263697, 0.00274279, 0.00309268, 0.00239873, 0.00178539, 0.00259932, 0.00426892, 0.00265474, 0.00140766, 0.00411135, 0.00128342, 0.00348883, 0.00419453, 0.00253259, 0.00151375, 0.00283862, 0.00125382, 0.00299476, 0.00351553, 0.0030361, 0.00151199, 0.0013899, 0.00258927, 0.00403738];
GivenLatency = [239.27, 403.611, 214.849, 320.139, 158.472, 161.742, 191.149, 151.125, 115.582, 100.923, 226.22, 85.2308, 120.617, 150.929, 80.7484, 152.455, 128.92, 120.489, 173.308, 128.51, 214.535, 107.542, 149.642, 263.728, 123.626, 171.362, 116.288, 119.931, 344.893, 163.873, 116.291, 102.629, 178.07, 262.134, 156.4, 136.349, 227.282, 326.558, 114.244, 160.743, 107.339, 163.78, 141.764, 186.798, 99.7766, 236.39, 154.496, 106.625, 101.132, 115.318, 205.47, 146.489, 336.662, 237.886, 128.715, 90.246, 203.114, 137.301, 89.4477, 127.908, 228.129, 281.06, 226.797, 223.239, 126.891, 336.768, 126.338, 206.763, 358.356, 238.111, 113.182, 130.562, 176.827, 139.176, 498.316, 369.223, 240.943, 209.017, 196.416, 277.889, 91.5512, 101.108, 349.999, 105.179, 83.9498, 301.183, 118.931, 198.813, 171.22, 172.8, 99.1078, 206.46, 118.588, 137.145, 367.587, 174.97, 130.967, 143.065, 166.038, 90.7865, 232.959, 202.435, 127.462, 141.313, 146.886, 116.27, 101.177, 194.936, 268.219, 147.499, 138.129, 151.769, 282.449, 96.3227, 289.779, 135.133, 111.093, 146.967, 274.799, 149.079, 436.913, 121.207, 121.424, 112.026, 407.881, 319.617, 153.078, 84.7256];
HighestPossibleCritFunctionValue = 1.1;
