NumDevices = 32;
NumSlotes = 256;


GivenBandwidthOld = [0.027412, 0.0237943, 0.0215133, 0.0234233, 0.0251497, 0.0202116, 0.0255481, 0.0166087, 0.0320546, 0.0317126, 0.0228929, 0.0314551, 0.0156239, 0.0203352, 0.023207, 0.0295815, 0.0266687, 0.0311031, 0.0206075, 0.020828, 0.0256684, 0.0185894, 0.0215258, 0.0340556, 0.022688, 0.0271446, 0.0299326, 0.0265119, 0.0156697, 0.0309959, 0.0176364, 0.0243128];
GivenLatency = [42.8447, 36.0166, 50.3955, 36.7034, 34.9651, 42.6995, 37.133, 52.8039, 28.8659, 30.5842, 49.0099, 33.3603, 60.804, 44.3635, 49.4873, 29.7212, 31.6307, 36.4621, 48.7612, 49.7608, 35.1615, 54.0801, 52.5665, 25.4701, 38.728, 37.7632, 31.5653, 31.6237, 62.6677, 27.665, 66.0835, 45.6286];
HighestPossibleCritFunctionValue = 1.1;
