NumDevices = 16;
NumSlotes = 128;


GivenBandwidthOld = [0.0291602, 0.0104129, 0.0251644, 0.0284708, 0.0236259, 0.0198053, 0.0332648, 0.0219908, 0.0137777, 0.0276102, 0.0100552, 0.0133162, 0.020049, 0.0291263, 0.015883, 0.0348217];
GivenLatency = [19.1479, 32.0108, 14.5129, 11.5604, 14.346, 29.2871, 17.7629, 17.1177, 34.1217, 12.775, 50.201, 24.7306, 20.7176, 21.1186, 21.9682, 11.054];
HighestPossibleCritFunctionValue = 1.1;
