NumDevices = 64;
NumSlotes = 512;


GivenBandwidthOld = [0.00640913, 0.00318555, 0.00581354, 0.00564437, 0.00613928, 0.00532628, 0.00385194, 0.00573712, 0.00869375, 0.00717502, 0.00673655, 0.00618963, 0.00786815, 0.00629023, 0.00481163, 0.00400252, 0.00538521, 0.00664694, 0.00644857, 0.00360026, 0.00701552, 0.00726372, 0.00390168, 0.00421623, 0.00336072, 0.006089, 0.00413305, 0.00534088, 0.00537722, 0.00365241, 0.00849922, 0.00634944, 0.00635015, 0.00575548, 0.00482247, 0.00497099, 0.00745198, 0.00548415, 0.00709291, 0.00798101, 0.00300959, 0.00471534, 0.00452316, 0.00569277, 0.0071389, 0.00604281, 0.00273912, 0.00257594, 0.00382816, 0.00618717, 0.00402369, 0.00497258, 0.002881, 0.00596748, 0.00549054, 0.00821634, 0.00826644, 0.00647465, 0.0044012, 0.00591868, 0.00393314, 0.0081048, 0.00858974, 0.00281857];
GivenLatency = [58.2538, 105.687, 93.0223, 78.8596, 103.965, 92.8063, 129.223, 57.602, 56.6811, 47.0886, 52.204, 75.1298, 41.8066, 75.2543, 102.991, 130.124, 98.1638, 51.4862, 62.7171, 88.2242, 55.5833, 68.0444, 101.11, 85.3238, 105.687, 59.0689, 109.362, 70.9626, 87.9953, 86.8371, 58.7776, 96.2793, 86.5122, 112.59, 87.1809, 113.281, 55.0789, 58.7348, 53.8575, 64.7125, 175.733, 70.3007, 68.8861, 65.5525, 52.1118, 55.5884, 130.797, 124.334, 133.493, 53.5335, 109.972, 87.4123, 113.393, 61.5406, 69.3573, 47.9523, 39.6674, 49.1727, 86.2213, 61.4107, 152.217, 58.8759, 48.7114, 219.778];
HighestPossibleCritFunctionValue = 1.1;
