NumDevices = 16;
NumSlotes = 128;


GivenBandwidthOld = [0.03937, 0.0315423, 0.0317505, 0.0505677, 0.0311845, 0.0582742, 0.0346552, 0.0306659, 0.0609514, 0.0699714, 0.0688163, 0.0563558, 0.0315629, 0.057475, 0.0429132, 0.0624809];
GivenLatency = [21.9023, 25.3453, 30.3339, 15.8353, 27.3585, 16.2468, 29.0173, 28.3427, 16.0051, 12.7579, 11.9155, 16.5304, 28.5609, 15.6058, 21.7736, 13.0269];
HighestPossibleCritFunctionValue = 1.1;
