NumDevices = 128;
NumSlotes = 1024;


GivenBandwidthOld = [0.00662937, 0.00975212, 0.00641236, 0.00631847, 0.00948241, 0.00459558, 0.00924135, 0.00929163, 0.00437339, 0.0061033, 0.0056774, 0.00382608, 0.00748198, 0.00844669, 0.00972587, 0.00899404, 0.00900818, 0.00916307, 0.00620038, 0.00602122, 0.00741189, 0.00530581, 0.00841741, 0.005161, 0.00599567, 0.00921247, 0.00524681, 0.00442233, 0.00977396, 0.00470807, 0.00610737, 0.00527337, 0.00705605, 0.00597205, 0.00596906, 0.00571736, 0.00667092, 0.00810057, 0.00498382, 0.00936646, 0.0058674, 0.00966353, 0.00486074, 0.00951134, 0.00958959, 0.00600978, 0.00887895, 0.00600403, 0.00599853, 0.00727983, 0.00459658, 0.00729725, 0.00988888, 0.00498947, 0.00434752, 0.00882486, 0.00946635, 0.00969458, 0.00810355, 0.00511734, 0.0096923, 0.00729739, 0.00591328, 0.00569282, 0.00672669, 0.00791976, 0.00995534, 0.00935262, 0.00456305, 0.00619697, 0.00497344, 0.00989478, 0.00401388, 0.0075869, 0.0091998, 0.00479116, 0.00874062, 0.00603943, 0.00726875, 0.005838, 0.0092079, 0.00966676, 0.00929735, 0.00677944, 0.00699332, 0.00795175, 0.00387754, 0.0098355, 0.00784078, 0.00752543, 0.007471, 0.00503595, 0.00422019, 0.00629351, 0.00872361, 0.00768609, 0.00762371, 0.00925308, 0.0065626, 0.00639022, 0.00912922, 0.00598703, 0.00776434, 0.00404762, 0.0058527, 0.00635021, 0.00549353, 0.00722495, 0.0073094, 0.0078112, 0.00409999, 0.00486908, 0.00593739, 0.00463435, 0.00458922, 0.00849617, 0.00389192, 0.00775807, 0.00480164, 0.00983842, 0.00690688, 0.0052412, 0.0037801, 0.00964083, 0.00476068, 0.00896283, 0.00950619, 0.00422008];
GivenLatency = [721.944, 368.648, 577.71, 673.662, 442.619, 906.671, 410.79, 413.357, 884.358, 679.087, 621.442, 1030.39, 472.598, 464.245, 427.767, 442.287, 455.954, 402.738, 652.313, 724.277, 653.178, 933.846, 453.254, 777.416, 736.082, 424.011, 735.686, 943.319, 412.437, 733.015, 633.372, 692.48, 685.879, 798.959, 731.95, 755.885, 712.369, 587.743, 669.174, 500.915, 833.722, 392.146, 864.211, 359.334, 386.496, 621.502, 434.933, 612.098, 637.271, 561.309, 789.739, 465.158, 449.454, 834.291, 929.07, 514.508, 512.319, 487.73, 540.563, 667.204, 476.454, 659.224, 714.455, 861.867, 516.081, 424.405, 458.416, 400.485, 873.416, 539.002, 766.19, 346.014, 895.072, 475.909, 503.086, 796.832, 493.519, 728.459, 612.471, 708.167, 385.365, 513.449, 370.258, 661.288, 653.501, 472.757, 1086.97, 426.569, 531.782, 521.77, 524.202, 841.418, 1171.75, 585.102, 549.435, 563.311, 566.962, 370.833, 552.271, 588.427, 455.72, 573.604, 556.333, 1210.55, 577.332, 684.09, 862.375, 520.261, 683.465, 452.648, 867.404, 981.634, 650.805, 875.849, 782.791, 405.452, 985.477, 473.026, 804.617, 455.307, 513.746, 854.401, 987.955, 362.239, 1015.66, 478.18, 497.387, 822.432];
HighestPossibleCritFunctionValue = 1.1;
