NumDevices = 128;
NumSlotes = 1024;


GivenBandwidthOld = [0.00658174, 0.00937331, 0.00840344, 0.00780888, 0.00885663, 0.00582511, 0.00506808, 0.00671551, 0.00755246, 0.00552363, 0.00695653, 0.00833631, 0.00457323, 0.00858115, 0.00710932, 0.00755429, 0.00494263, 0.00454848, 0.00502226, 0.00537895, 0.00648521, 0.0057488, 0.00386573, 0.005137, 0.00889162, 0.00645626, 0.00663246, 0.00543703, 0.00762648, 0.00573095, 0.00390971, 0.00679674, 0.00401891, 0.00457231, 0.00551225, 0.00938159, 0.00383191, 0.00546832, 0.00859268, 0.00724989, 0.00761197, 0.00563976, 0.00864988, 0.0059715, 0.00924803, 0.00914537, 0.00873031, 0.00776514, 0.0048747, 0.00665313, 0.00915058, 0.00875411, 0.00783539, 0.00434134, 0.00494189, 0.00464021, 0.00925816, 0.00439341, 0.00500012, 0.00826204, 0.00639226, 0.00604426, 0.00706917, 0.00771523, 0.00987242, 0.00946516, 0.00843574, 0.00691649, 0.00427315, 0.00888159, 0.00665801, 0.00997601, 0.00672104, 0.00668445, 0.0042242, 0.00493941, 0.0065882, 0.00541257, 0.00913663, 0.00563174, 0.00521276, 0.00706023, 0.00751625, 0.00931505, 0.00423479, 0.00779394, 0.00775642, 0.00844466, 0.00683397, 0.00483071, 0.00468303, 0.00397788, 0.00866451, 0.0081113, 0.00409602, 0.00688623, 0.00803978, 0.00834626, 0.00934216, 0.0099919, 0.00519033, 0.00514913, 0.00648484, 0.00565279, 0.00895022, 0.0038115, 0.00618215, 0.00589181, 0.00732622, 0.00930997, 0.00642081, 0.00449028, 0.00817504, 0.0066372, 0.00400362, 0.00382141, 0.00396643, 0.00376481, 0.00893015, 0.00399024, 0.0040184, 0.00841947, 0.00858368, 0.00588737, 0.00774606, 0.00926064, 0.00856628, 0.0072222];
GivenLatency = [701.793, 429.258, 506.495, 539.893, 512.963, 710.148, 926.883, 597.302, 567.163, 641.292, 689.202, 569.678, 864.552, 466.945, 494.417, 523.177, 847.549, 857.236, 763.771, 743.458, 555.863, 633.729, 951.156, 772.237, 512.334, 763.125, 611.137, 716.89, 474.729, 673.984, 1033.03, 601.311, 985.101, 959.749, 634.217, 433.997, 925.305, 817.773, 576.154, 521.292, 631.043, 796.068, 532.615, 824.863, 482.887, 475.245, 421.022, 581.832, 1007.71, 685.096, 466.458, 413.867, 580.373, 1054.5, 680.545, 855.665, 530.722, 845.408, 835.025, 576.372, 531.332, 656.767, 561.087, 583.266, 386.226, 450.018, 432.809, 673.184, 789.66, 489.6, 542.035, 437.441, 571.267, 517.148, 983.471, 974.017, 741.989, 722.334, 517.156, 619.393, 748.759, 535.262, 458.289, 511.02, 932.349, 477.256, 476.483, 404.536, 606.942, 1012.09, 859.863, 1130.48, 451.678, 494.458, 1009.69, 523.615, 432.325, 504.695, 406.025, 364.964, 785.661, 790.561, 569.9, 870.065, 463.537, 904.621, 597.001, 785.64, 584.637, 428.075, 550.778, 1018.6, 573.148, 683.892, 854.772, 887.612, 857.265, 1164.68, 502.32, 1156.95, 1099.11, 472.046, 488.146, 720.985, 574.531, 420.905, 448.974, 539.149];
HighestPossibleCritFunctionValue = 1.1;
