NumDevices = 128;
NumSlotes = 1024;


GivenBandwidthOld = [0.00236438, 0.00246362, 0.00167093, 0.00390439, 0.00420786, 0.00150357, 0.0035746, 0.00210394, 0.00342945, 0.00317201, 0.00142479, 0.00145853, 0.00294326, 0.00354712, 0.00276336, 0.00192428, 0.0026511, 0.00257878, 0.00287618, 0.00428896, 0.00211646, 0.00126821, 0.00422792, 0.00435224, 0.00312656, 0.00312241, 0.00212816, 0.00427813, 0.00432718, 0.00385062, 0.00358258, 0.00173507, 0.00378393, 0.0015457, 0.00233551, 0.00166981, 0.00385325, 0.00407074, 0.00313066, 0.00321237, 0.00160889, 0.00188162, 0.00127257, 0.00244417, 0.0029396, 0.00147483, 0.00182203, 0.0029268, 0.00195392, 0.0038432, 0.00394532, 0.00153361, 0.00220765, 0.00265806, 0.00403945, 0.00224903, 0.00437366, 0.00379165, 0.00307659, 0.00385756, 0.00154769, 0.0013297, 0.00331789, 0.00319543, 0.00428009, 0.00301622, 0.00175813, 0.00390099, 0.00326412, 0.00261693, 0.00336093, 0.00157862, 0.00244271, 0.00338119, 0.0013523, 0.00190899, 0.00181127, 0.00330985, 0.00231893, 0.00422507, 0.00332064, 0.00252017, 0.00210306, 0.0042236, 0.00361876, 0.00364556, 0.00412495, 0.00172785, 0.00431027, 0.00395071, 0.00139308, 0.00282604, 0.00227055, 0.00368155, 0.00275478, 0.00139441, 0.00328395, 0.00151485, 0.00263744, 0.00428044, 0.00267983, 0.00421085, 0.00178244, 0.0030538, 0.00216652, 0.00204712, 0.00161563, 0.00262278, 0.00162044, 0.00217948, 0.00420374, 0.00407201, 0.00260037, 0.00313064, 0.00296151, 0.00416173, 0.00424478, 0.00322756, 0.00371431, 0.00336343, 0.00292286, 0.00146141, 0.00435419, 0.00150069, 0.00202817, 0.00190242, 0.0039975, 0.00343847];
GivenLatency = [251.916, 145.33, 286.08, 161.491, 138.176, 209.635, 105.023, 159.631, 96.5954, 173.856, 299.8, 350.03, 170.511, 92.1738, 116.581, 215.208, 190.047, 134.592, 201.012, 96.183, 176.344, 378.802, 123.298, 86.4504, 127.477, 196.921, 285.714, 89.8179, 139.868, 153.517, 135.047, 305.308, 158.25, 278.301, 136.179, 221.1, 84.3191, 78.7914, 122.136, 122.56, 217.377, 207.856, 268.484, 188.043, 163.033, 353.899, 176.805, 138.259, 244.579, 88.2882, 100.996, 262.393, 204.94, 162.927, 130.851, 167.612, 93.8902, 92.1313, 108.706, 117.666, 203.756, 274.358, 148.866, 161.746, 82.496, 115.724, 204.075, 97.3488, 149.793, 161.079, 128.883, 406.782, 146.91, 142.766, 377.629, 341.089, 184.351, 138.104, 162.394, 102.43, 97.6103, 174.609, 267.052, 99.093, 97.2086, 96.5607, 138.88, 196.002, 73.3285, 86.5691, 246.763, 122.598, 182.125, 162.134, 135.82, 253.448, 164.222, 206.36, 185.678, 115.97, 117.592, 119.934, 184.134, 108.819, 223.951, 202.222, 200.691, 147.045, 227.194, 186.355, 150.292, 120.561, 124.187, 106.124, 189.161, 84.1859, 84.5404, 117.003, 122.483, 105.725, 110.738, 429.215, 84.012, 396.823, 299.147, 219.676, 85.8141, 102.597];
HighestPossibleCritFunctionValue = 1.1;
