NumDevices = 128;
NumSlotes = 1024;


GivenBandwidthOld = [0.00507402, 0.00648098, 0.00827615, 0.00477752, 0.0082157, 0.00378013, 0.00520707, 0.00776965, 0.00700789, 0.00409323, 0.0074297, 0.00850597, 0.00731274, 0.00773371, 0.00802835, 0.00492229, 0.00637524, 0.00623812, 0.00661562, 0.00620191, 0.00802889, 0.00402353, 0.00601139, 0.00588928, 0.00856078, 0.00855846, 0.00457187, 0.00697251, 0.00439631, 0.00628314, 0.00825601, 0.00620686, 0.00627387, 0.00741867, 0.00813078, 0.00655123, 0.00396234, 0.00746986, 0.00845612, 0.00456186, 0.00863458, 0.00390349, 0.00851568, 0.00546296, 0.00840366, 0.007808, 0.00647539, 0.00441513, 0.00760734, 0.00403504, 0.00443999, 0.00535017, 0.00776475, 0.0046892, 0.00385301, 0.00497822, 0.00638038, 0.00757757, 0.00873681, 0.00710965, 0.0043665, 0.00526309, 0.00419547, 0.00574433, 0.00747054, 0.00480264, 0.00541635, 0.00511859, 0.00569175, 0.00380113, 0.00811211, 0.00774736, 0.00729722, 0.00681865, 0.00848181, 0.00624924, 0.00850294, 0.00637947, 0.00730457, 0.00537401, 0.00843549, 0.00780705, 0.00565462, 0.00472253, 0.00411668, 0.00655286, 0.00645257, 0.00592378, 0.00848441, 0.00502999, 0.0065475, 0.00632986, 0.0084358, 0.00796393, 0.00721861, 0.00562538, 0.00827511, 0.00721327, 0.00585004, 0.00409185, 0.004235, 0.00522476, 0.00504356, 0.00468374, 0.00707752, 0.00434013, 0.00712795, 0.00703133, 0.0080295, 0.00425393, 0.00826191, 0.00549829, 0.00725373, 0.00590819, 0.00645147, 0.00728348, 0.00598826, 0.00716596, 0.00576879, 0.0086175, 0.00677295, 0.00539015, 0.0047565, 0.00499671, 0.00716406, 0.00381025, 0.00629419, 0.00399805];
GivenLatency = [197.691, 196.182, 125.43, 206.949, 127.283, 281.484, 202.139, 126.55, 160.693, 274.13, 162.955, 145.485, 160.904, 150.238, 123.287, 256.649, 195.687, 152.799, 170.496, 175.045, 157.552, 259.798, 205.531, 192.634, 125.527, 136.034, 214.35, 181.985, 221.85, 166.316, 127.162, 172.006, 204.349, 130.64, 118.997, 163.688, 269.539, 138.126, 126.659, 262.218, 126.818, 251.496, 117.498, 203.172, 147.499, 147.337, 153.582, 237.365, 139.702, 315.554, 284.713, 213.639, 131.21, 238.295, 273.198, 231.036, 156.145, 131.07, 144.639, 141.983, 233.525, 186.781, 306.173, 188.783, 157.326, 233.213, 189.504, 197.887, 211.534, 300.959, 120.934, 145.444, 144.273, 149.565, 120.741, 156.788, 118.622, 166.747, 134.091, 194.59, 116.617, 126.876, 182.509, 245.659, 258.372, 160.747, 169.644, 205.176, 143.388, 224.074, 176.42, 166.086, 119.05, 130.735, 143.165, 182.336, 146.028, 174.01, 178.019, 258.863, 267.206, 224.747, 215.488, 252.094, 157.312, 263.485, 159.478, 143.794, 121.372, 304.446, 122.742, 177.239, 135.487, 218.735, 149.196, 169.327, 183.646, 134.164, 174.637, 143.262, 175.031, 211.056, 246.797, 251.67, 155.811, 329.329, 199.351, 255.535];
HighestPossibleCritFunctionValue = 1.1;
