NumDevices = 32;
NumSlotes = 256;


GivenBandwidthOld = [0.023353, 0.0286082, 0.0280697, 0.027758, 0.0395405, 0.0178234, 0.0177188, 0.0353495, 0.0287491, 0.0211387, 0.0377935, 0.0299373, 0.016079, 0.0241967, 0.0339502, 0.0352553, 0.0210788, 0.0313146, 0.0388443, 0.0160394, 0.0335812, 0.0344517, 0.0399343, 0.036389, 0.0248606, 0.0167573, 0.0249285, 0.0329139, 0.0195874, 0.0154589, 0.0284031, 0.0301322];
GivenLatency = [102.552, 82.4617, 60.6133, 65.7548, 43.9854, 94.0092, 122.583, 52.8203, 67.5902, 90.7193, 65.1607, 59.6864, 115.805, 69.5667, 66.5679, 50.502, 98.7021, 68.4456, 52.7293, 153.74, 49.9339, 68.6637, 62.2261, 56.0705, 77.4425, 117.841, 97.6804, 51.0833, 99.5479, 134.607, 74.553, 70.8598];
HighestPossibleCritFunctionValue = 1.1;
