NumDevices = 32;
NumSlotes = 256;


GivenBandwidthOld = [0.0239782, 0.0322307, 0.0313076, 0.0171977, 0.0323835, 0.0201776, 0.0152905, 0.0171978, 0.0329882, 0.0227871, 0.0333577, 0.032507, 0.034585, 0.0195739, 0.0280247, 0.021595, 0.0170253, 0.033947, 0.0173952, 0.0317039, 0.0174079, 0.0249883, 0.0278412, 0.0163408, 0.0304093, 0.0197501, 0.0305343, 0.0205721, 0.0253757, 0.0198099, 0.0348698, 0.0260957];
GivenLatency = [44.2949, 27.746, 34.0215, 54.0749, 32.7308, 48.9253, 57.4628, 67.995, 33.9453, 38.5843, 31.3041, 25.7589, 33.9371, 44.7296, 32.7443, 48.7236, 61.1249, 29.479, 59.7122, 30.7678, 64.0692, 43.2998, 37.2418, 68.4958, 30.9031, 57.9143, 34.3393, 45.8293, 43.9307, 58.5572, 31.9379, 33.7113];
HighestPossibleCritFunctionValue = 1.1;
