NumDevices = 128;
NumSlotes = 1024;


GivenBandwidthOld = [0.00631148, 0.00447647, 0.00726851, 0.00815084, 0.00622935, 0.00546437, 0.00461536, 0.00406107, 0.00683765, 0.00406951, 0.00499591, 0.00628734, 0.00514582, 0.00701158, 0.00857232, 0.00878152, 0.00603784, 0.00549973, 0.0051701, 0.00884906, 0.00995491, 0.00846727, 0.00573949, 0.00985219, 0.0070316, 0.00767463, 0.00880521, 0.00421626, 0.00899453, 0.00476235, 0.00588556, 0.0085485, 0.00836598, 0.00953841, 0.00834866, 0.00585996, 0.00957046, 0.00944129, 0.00725884, 0.00800661, 0.00714183, 0.00401331, 0.00411659, 0.00883904, 0.00395352, 0.00564333, 0.00621036, 0.00507782, 0.00796869, 0.00722245, 0.00902632, 0.00781242, 0.00584608, 0.00760556, 0.00418542, 0.00928234, 0.00456892, 0.00476129, 0.00668509, 0.00887184, 0.00519406, 0.00532896, 0.00382252, 0.00380719, 0.00862677, 0.00506249, 0.00651361, 0.00806414, 0.00532068, 0.00836503, 0.00613582, 0.00842848, 0.00376566, 0.00440115, 0.00387241, 0.00486416, 0.00437481, 0.00495201, 0.00591388, 0.00950401, 0.00513023, 0.00759171, 0.00888243, 0.00827468, 0.00629504, 0.00940334, 0.00701021, 0.0043893, 0.00471626, 0.00618261, 0.00741691, 0.00854185, 0.00916731, 0.00864437, 0.00710229, 0.0081787, 0.00561118, 0.00965659, 0.00708579, 0.0058739, 0.00640369, 0.00437498, 0.00776334, 0.0059316, 0.00738081, 0.00799075, 0.00924298, 0.00550915, 0.00728888, 0.00673714, 0.00866353, 0.0041321, 0.00687931, 0.00431981, 0.005572, 0.00740117, 0.00637943, 0.009098, 0.00639249, 0.009887, 0.00462314, 0.00992843, 0.00708719, 0.00442873, 0.00489622, 0.00582306, 0.00809914, 0.00591686];
GivenLatency = [539.066, 765.201, 486.912, 582.253, 778.943, 856.618, 802.088, 891.652, 555.791, 1009.32, 848.072, 713.935, 787.766, 492.567, 537.927, 452.255, 764.717, 723.557, 817.113, 542.677, 374.491, 415.719, 844.015, 506.238, 495.944, 622.058, 410.416, 840.667, 444.267, 725.142, 759.728, 450.144, 461.859, 418.431, 485.64, 739.04, 403.101, 412.751, 636.55, 418.473, 481.606, 845.165, 1049.12, 559.667, 929.255, 617.81, 566.917, 701.34, 463.632, 570.509, 372.204, 557.971, 817.661, 587.332, 833.296, 433.349, 848.671, 732.303, 698.617, 396.214, 927.036, 642.363, 1086.28, 886.284, 441.253, 806.817, 698.296, 561.562, 700.375, 448.383, 582.394, 420.313, 1041.86, 1083.6, 1060.26, 998.302, 900.675, 878.582, 789.935, 488.067, 660.134, 570.115, 396.665, 433.538, 706.291, 434.305, 687.995, 858.336, 830.915, 804.009, 460.653, 406.619, 445.436, 404.49, 627.24, 493.495, 802.104, 392.273, 506.784, 653.06, 564.011, 1052.61, 610.5, 700.14, 658.615, 527.215, 405.561, 717.314, 652.743, 624.926, 450.053, 1014.61, 555.19, 1068.14, 615.891, 645.317, 555.412, 475.45, 669.348, 374.368, 891.179, 456.034, 599.661, 845.694, 888.97, 624.282, 463.123, 571.904];
HighestPossibleCritFunctionValue = 1.1;
