NumDevices = 32;
NumSlotes = 256;


GivenBandwidthOld = [0.036763, 0.0355237, 0.0325426, 0.0283514, 0.0370818, 0.0191521, 0.0243032, 0.0241294, 0.0278596, 0.0212111, 0.0292091, 0.0268323, 0.0310726, 0.0220797, 0.0283359, 0.0270041, 0.0184912, 0.0166216, 0.019528, 0.0164315, 0.0244381, 0.0169199, 0.0323693, 0.0161751, 0.0391893, 0.039974, 0.0275148, 0.0256228, 0.0275453, 0.0386069, 0.0257918, 0.0178133];
GivenLatency = [57.7484, 68.9282, 54.7775, 64.227, 51.6157, 110.351, 71.447, 89.4482, 81.9574, 106.944, 78.5615, 84.6222, 56.2907, 81.9053, 82.149, 87.3409, 99.0283, 104.907, 87.9773, 102.625, 77.4205, 112.505, 71.5772, 129.642, 49.3092, 50.3919, 62.3067, 78.5819, 89.4293, 63.4572, 73.6847, 128.058];
HighestPossibleCritFunctionValue = 1.1;
