NumDevices = 128;
NumSlotes = 1024;


GivenBandwidthOld = [0.00521971, 0.00510637, 0.00518805, 0.00797536, 0.00434666, 0.00679433, 0.00476466, 0.00715833, 0.00753549, 0.00655477, 0.00857998, 0.00617486, 0.00844413, 0.00799454, 0.00671242, 0.00816892, 0.00752625, 0.00620397, 0.00755049, 0.00865708, 0.00697324, 0.00680893, 0.00521514, 0.00829701, 0.00531609, 0.0051124, 0.00668819, 0.0058921, 0.00599218, 0.00806199, 0.00540282, 0.00775102, 0.00392796, 0.00467351, 0.00527079, 0.00866886, 0.00496959, 0.00632681, 0.00713133, 0.00869749, 0.00620384, 0.00536283, 0.00555685, 0.00639556, 0.00763081, 0.0084531, 0.00873045, 0.00516975, 0.00545242, 0.00636035, 0.00586036, 0.00757397, 0.00820059, 0.00481445, 0.00398183, 0.00506442, 0.00522697, 0.00723921, 0.00683336, 0.00570981, 0.00725036, 0.00436432, 0.00855507, 0.00750774, 0.00510164, 0.00575678, 0.006629, 0.00614472, 0.00675516, 0.00651023, 0.00486884, 0.00802228, 0.0079533, 0.00868731, 0.00505577, 0.0049118, 0.00514239, 0.00568614, 0.00442334, 0.00550178, 0.00594727, 0.00828886, 0.00834105, 0.00560184, 0.00757454, 0.00782546, 0.00498631, 0.00740706, 0.00799666, 0.00737554, 0.00824655, 0.00730238, 0.00853861, 0.00597026, 0.00468774, 0.00440996, 0.00576211, 0.00628429, 0.0075383, 0.00874778, 0.00644248, 0.0062677, 0.00873963, 0.00443613, 0.00560598, 0.00720469, 0.00676897, 0.00853116, 0.00571302, 0.00618434, 0.00769681, 0.00784599, 0.00504162, 0.00695633, 0.00748191, 0.00589839, 0.00675104, 0.00726615, 0.00468442, 0.00848797, 0.00485836, 0.00690745, 0.00599117, 0.00602328, 0.00579963, 0.00696012, 0.00631225, 0.00744862];
GivenLatency = [208.403, 191.039, 223.75, 132.373, 247.865, 173.371, 249.616, 177.964, 169.743, 174.584, 118.006, 182.564, 150.128, 151.019, 191.589, 129.962, 159.71, 165.284, 166.407, 112.479, 145.423, 184.426, 231.462, 151.573, 199.92, 227.804, 144.165, 194.57, 212.303, 138.457, 225.603, 157.184, 253.634, 205.835, 204.234, 131.854, 248.391, 173.259, 172.71, 145.474, 176.083, 233.124, 177.545, 168.763, 133.598, 121.507, 128.649, 203.821, 199.602, 152.519, 185.645, 150.209, 132.282, 255.076, 320.223, 217.994, 207.081, 135.302, 172.916, 180.834, 136.931, 295.11, 122.18, 130.591, 247.122, 216.332, 186.894, 203.921, 165.997, 164.417, 240.581, 157.233, 155.608, 111.435, 219.431, 197.39, 217.152, 180.153, 254.062, 219.182, 202.846, 155.319, 147.206, 182.027, 130.946, 132.285, 244.235, 159.435, 124.428, 130.492, 121.618, 162.642, 123.644, 206.158, 254.767, 285.297, 180.605, 192.873, 147.01, 113.82, 172.78, 196.038, 113.749, 264.83, 192.417, 171.127, 141.537, 132.141, 171.532, 154.605, 167.684, 160.971, 235.865, 166.526, 151.808, 200.915, 158.553, 178.109, 210.825, 115.41, 211.449, 137.916, 179.305, 206.981, 175.937, 158.8, 161.845, 153.597];
HighestPossibleCritFunctionValue = 1.1;
