NumDevices = 32;
NumSlotes = 256;


GivenBandwidthOld = [0.0171761, 0.0382113, 0.0274809, 0.0315771, 0.0261032, 0.0262466, 0.0365461, 0.039621, 0.0196659, 0.0346346, 0.038168, 0.0241161, 0.0298431, 0.0328806, 0.0338603, 0.0255319, 0.0239397, 0.0151117, 0.0172985, 0.020493, 0.0357763, 0.026838, 0.0264913, 0.0242158, 0.0306439, 0.01648, 0.0150114, 0.0310734, 0.0351366, 0.0261163, 0.0222533, 0.0209725];
GivenLatency = [131.073, 43.8436, 73.1984, 76.9896, 74.711, 74.5368, 59.7142, 57.8792, 90.4988, 55.4983, 62.9745, 69.4617, 60.7894, 70.5728, 57.0323, 66.6512, 97.8931, 149.83, 98.8463, 100.367, 53.3243, 77.0596, 78.3269, 95.4175, 78.0957, 111.099, 126.07, 61.4065, 69.7408, 73.7094, 108.421, 85.5998];
HighestPossibleCritFunctionValue = 1.1;
