NumDevices = 8;
NumSlotes = 64;


GivenBandwidthOld = [0.0439422, 0.0669708, 0.0582122, 0.0528906, 0.0622474, 0.0214243, 0.0581306, 0.0309343];
GivenLatency = [7.92578, 8.94688, 7.38165, 9.10743, 6.68676, 20.2263, 10.6283, 15.6005];
HighestPossibleCritFunctionValue = 1.1;
