NumDevices = 32;
NumSlotes = 256;


GivenBandwidthOld = [0.0109927, 0.0111732, 0.00784434, 0.00988441, 0.00980812, 0.0150586, 0.00945301, 0.00916507, 0.00736924, 0.0123762, 0.0145068, 0.0116037, 0.00608549, 0.011404, 0.0121261, 0.0112, 0.00810055, 0.0159801, 0.00958253, 0.0110038, 0.0115796, 0.013715, 0.0153071, 0.0117855, 0.0117685, 0.0131412, 0.00967361, 0.0169024, 0.0115025, 0.00512265, 0.016383, 0.00652902];
GivenLatency = [29.8848, 56.1019, 78.3961, 31.6103, 45.3483, 24.4339, 34.8403, 35.3454, 48.563, 26.2095, 26.4617, 41.5259, 73.1781, 28.5728, 29.8351, 32.8162, 47.4227, 34.5094, 38.2767, 44.818, 48.2777, 28.1661, 23.5511, 26.6159, 35.9374, 25.7369, 32.7512, 21.4038, 41.2292, 120.498, 21.9509, 86.2607];
HighestPossibleCritFunctionValue = 1.1;
