NumDevices = 8;
NumSlotes = 64;


GivenBandwidthOld = [0.0355514, 0.0427665, 0.0568496, 0.0512558, 0.0358618, 0.0591203, 0.0646018, 0.0423323];
GivenLatency = [9.54978, 12.624, 5.66042, 7.17099, 8.79614, 5.71789, 9.33825, 10.1474];
HighestPossibleCritFunctionValue = 1.1;
