NumDevices = 128;
NumSlotes = 1024;


GivenBandwidthOld = [0.00478196, 0.00783598, 0.00687505, 0.00648338, 0.00869297, 0.00524998, 0.0038865, 0.00791166, 0.00378301, 0.0085153, 0.00410927, 0.00708111, 0.00473928, 0.00553879, 0.00798878, 0.0049711, 0.00680426, 0.00669689, 0.00714902, 0.00603104, 0.00619763, 0.00605967, 0.00738128, 0.00470389, 0.00581839, 0.00722886, 0.00790517, 0.00474799, 0.00693533, 0.00466178, 0.00810569, 0.00477946, 0.00589467, 0.00415684, 0.00645187, 0.00410225, 0.00394387, 0.00708095, 0.00698948, 0.00473693, 0.00605883, 0.00824725, 0.0040354, 0.00538677, 0.00802311, 0.00691277, 0.00540544, 0.00671068, 0.00392636, 0.00776157, 0.00614404, 0.00531782, 0.0041597, 0.00458506, 0.00859924, 0.00490406, 0.00501679, 0.00475931, 0.00719754, 0.00656435, 0.0045084, 0.00523982, 0.00820689, 0.00565494, 0.00512512, 0.00530952, 0.0046848, 0.00493189, 0.0078116, 0.00710553, 0.00516379, 0.00525588, 0.00803529, 0.00661533, 0.00636553, 0.00793733, 0.00515863, 0.00857586, 0.00704724, 0.005542, 0.00686743, 0.00833144, 0.00396555, 0.00657433, 0.00733934, 0.00471472, 0.00786158, 0.00709245, 0.00526668, 0.00459931, 0.00807784, 0.00679118, 0.00693432, 0.00762703, 0.00492908, 0.00556925, 0.00489727, 0.00597939, 0.0081713, 0.00749626, 0.0071841, 0.00571345, 0.00845257, 0.0048676, 0.00717463, 0.00653938, 0.0048982, 0.00659386, 0.0055278, 0.00823063, 0.0046488, 0.00495648, 0.00611481, 0.00405185, 0.0069599, 0.00759163, 0.00504182, 0.00542368, 0.00832588, 0.00550231, 0.00481224, 0.00679918, 0.00626753, 0.00589952, 0.00568819, 0.00399061, 0.00765832, 0.00586618];
GivenLatency = [241.982, 121.915, 144.562, 154.526, 119.842, 212.949, 288.083, 122.219, 314.163, 130.591, 302.553, 154.86, 252.995, 187.958, 143.953, 247.637, 145.206, 156.248, 157.488, 187.286, 188.757, 161.238, 137.044, 206.581, 182.036, 162.002, 140.192, 203.875, 176.114, 222.633, 124.563, 258.975, 177.788, 259.892, 162.422, 273.013, 320.059, 135.415, 149.271, 257.556, 180.166, 115.871, 247.899, 206.24, 149.734, 139.541, 203.261, 151.573, 310.804, 149.702, 168.981, 193.464, 303.017, 252.962, 135.07, 213.844, 248.749, 217.188, 142.371, 160.562, 265.577, 224.701, 119.402, 226.671, 185.899, 211.277, 237.613, 230.849, 136.594, 153.461, 220.79, 239.296, 141.377, 173.583, 186.856, 129.411, 199.705, 113.987, 172.528, 190.535, 150.446, 148.096, 319.262, 196.622, 170.829, 251.25, 124.74, 173.758, 195.341, 232.254, 119.919, 172.377, 140.252, 138.67, 227.935, 231.397, 229.557, 206.051, 155.08, 136.532, 146.267, 211.351, 150.971, 203.352, 176.997, 159.34, 254.407, 161.87, 209.816, 132.394, 243.133, 243.948, 199.5, 278.687, 186.471, 152.061, 254.802, 176.688, 127.283, 180.536, 224.859, 150.153, 155.68, 171.531, 171.76, 270.984, 167.665, 164.11];
HighestPossibleCritFunctionValue = 1.1;
