NumDevices = 128;
NumSlotes = 1024;


GivenBandwidthOld = [0.00174656, 0.00317072, 0.00162016, 0.00379504, 0.00390538, 0.00203294, 0.00380819, 0.00293121, 0.00428583, 0.00264821, 0.00400978, 0.00361524, 0.00384915, 0.00396136, 0.00227179, 0.00263817, 0.00413787, 0.00323436, 0.00237306, 0.00159996, 0.00171842, 0.00208952, 0.00174688, 0.00231388, 0.00368497, 0.00392257, 0.00346128, 0.00381124, 0.00420848, 0.00262625, 0.00371223, 0.00267647, 0.00400937, 0.00302184, 0.00242114, 0.00343136, 0.00403816, 0.00242588, 0.00179109, 0.00164993, 0.00406818, 0.00394989, 0.00332929, 0.00417452, 0.00369797, 0.00361847, 0.00184849, 0.00377682, 0.00383192, 0.00181746, 0.0041404, 0.00215805, 0.00352586, 0.00163576, 0.00342852, 0.00312977, 0.00396754, 0.00308303, 0.00274338, 0.00366301, 0.00363196, 0.0036373, 0.00269618, 0.00407096, 0.00373152, 0.0019567, 0.00370385, 0.00256833, 0.00219043, 0.00388606, 0.00238922, 0.00125556, 0.00399004, 0.00308449, 0.00223513, 0.00199801, 0.00423217, 0.00387701, 0.00345435, 0.00283666, 0.00269045, 0.00146586, 0.00413508, 0.00320823, 0.00379795, 0.00273811, 0.00245628, 0.00328609, 0.00303748, 0.00274826, 0.00435329, 0.00198071, 0.00412695, 0.00413958, 0.00384424, 0.00265307, 0.0013344, 0.004052, 0.00385015, 0.0019132, 0.00382752, 0.00293974, 0.00376862, 0.00349246, 0.0027904, 0.00326617, 0.002721, 0.0024616, 0.00207555, 0.0043489, 0.00319561, 0.00417267, 0.00384072, 0.00282144, 0.00300076, 0.004372, 0.00387746, 0.00152279, 0.00160247, 0.00328599, 0.00133179, 0.0040705, 0.00225712, 0.0028593, 0.00187725, 0.00278766, 0.00403618, 0.00357738];
GivenLatency = [244.112, 202.936, 309.689, 120.626, 137.99, 184.184, 95.4719, 120.148, 141.225, 208.979, 94.203, 125.465, 115.828, 105.919, 160.392, 211.317, 93.6277, 155.035, 175.572, 201.41, 222.527, 191.068, 228.97, 235.312, 127.139, 150.545, 99.688, 143.093, 83.9349, 123.456, 144.82, 169.277, 86.286, 153.451, 254.25, 133.725, 80.8392, 144.294, 208.609, 228.197, 96.9081, 106.642, 105.75, 82.5644, 137.375, 105.956, 312.899, 135.473, 142.656, 211.366, 147.096, 159.809, 109.089, 287.637, 146.868, 155.314, 123.908, 132.913, 150.538, 97.6352, 119.825, 162.64, 124.637, 133.732, 106.152, 180.028, 110.63, 160.113, 190.635, 102.172, 253.067, 340.359, 161.405, 116.768, 140.497, 257.448, 97.9721, 125.89, 100.959, 135.267, 210.192, 383.45, 148.566, 154.277, 84.6526, 194.365, 152.286, 117.727, 137.545, 202.849, 74.4886, 160.131, 118.212, 138.037, 124.06, 172.502, 444.368, 134.605, 87.2417, 236.165, 154.05, 146.793, 105.985, 111.566, 225.61, 104.008, 124.186, 152.531, 302.744, 81.6676, 141.949, 139.68, 132.446, 180.604, 134.935, 71.6464, 101.769, 372.656, 203.298, 169.458, 280.308, 147.054, 158.213, 186.228, 228.479, 190.578, 111.724, 90.5283];
HighestPossibleCritFunctionValue = 1.1;
