NumDevices = 16;
NumSlotes = 128;


GivenBandwidthOld = [0.0599, 0.038872, 0.0619166, 0.0521963, 0.0427799, 0.0624638, 0.0489512, 0.0629511, 0.0382793, 0.0601723, 0.0551386, 0.0540738, 0.0390599, 0.0592108, 0.0552138, 0.0377344];
GivenLatency = [13.2106, 24.16, 16.5329, 16.4958, 18.3895, 12.6987, 16.9439, 12.5157, 26.3225, 14.5903, 19.7684, 18.1664, 21.5303, 16.3951, 19.9794, 24.9854];
HighestPossibleCritFunctionValue = 1.1;
