NumDevices = 16;
NumSlotes = 128;


GivenBandwidthOld = [0.0291227, 0.0307199, 0.0242482, 0.0299083, 0.0336428, 0.0250135, 0.0174211, 0.01214, 0.026246, 0.0323015, 0.0308702, 0.0261033, 0.0325122, 0.0231795, 0.0173356, 0.025272];
GivenLatency = [20.7383, 11.7355, 17.1067, 13.6663, 12.9415, 14.2097, 31.3928, 40.7273, 14.6474, 17.2214, 13.7935, 12.5255, 14.9998, 25.715, 23.0357, 17.3663];
HighestPossibleCritFunctionValue = 1.1;
