NumDevices = 128;
NumSlotes = 1024;


GivenBandwidthOld = [0.00735567, 0.0043086, 0.00468117, 0.00391355, 0.00870981, 0.007044, 0.00972037, 0.00399364, 0.00484689, 0.00791218, 0.00750898, 0.0059145, 0.00748523, 0.00675245, 0.00965679, 0.00423879, 0.00639841, 0.00929285, 0.00618547, 0.00536776, 0.0058728, 0.006718, 0.00560545, 0.00706144, 0.00916397, 0.00878595, 0.00546842, 0.00403308, 0.0052679, 0.0089165, 0.00583513, 0.00471357, 0.00466876, 0.00779707, 0.0041884, 0.00951276, 0.008497, 0.00527967, 0.00659679, 0.00602827, 0.00714783, 0.00488029, 0.00671185, 0.00856949, 0.0048522, 0.00974603, 0.00398118, 0.00800203, 0.00508325, 0.00548491, 0.00619666, 0.00604043, 0.00524458, 0.00438926, 0.00403703, 0.00909682, 0.00532001, 0.00969353, 0.00913069, 0.00572398, 0.00546766, 0.00995708, 0.00742436, 0.00874689, 0.00514924, 0.00827551, 0.00774872, 0.00394794, 0.00546169, 0.00957607, 0.00375364, 0.00863441, 0.00855719, 0.00443846, 0.00597487, 0.00970037, 0.00535313, 0.00387481, 0.0076703, 0.00473853, 0.00541905, 0.00540922, 0.00908525, 0.00451929, 0.00817342, 0.00437463, 0.00823396, 0.00935194, 0.00563063, 0.00530083, 0.00602651, 0.00884801, 0.00469204, 0.00533697, 0.00723264, 0.00516309, 0.00977019, 0.00379986, 0.00421217, 0.00887615, 0.00888503, 0.00824024, 0.00862982, 0.0064114, 0.00883584, 0.00652813, 0.00831935, 0.00711929, 0.00634431, 0.00624352, 0.00615884, 0.00786105, 0.00439634, 0.00428834, 0.00793465, 0.00397492, 0.0089632, 0.00945981, 0.00596996, 0.00834001, 0.00427839, 0.00940198, 0.00905092, 0.00885034, 0.00636067, 0.00625529, 0.00393863, 0.00522833];
GivenLatency = [567.847, 1152.2, 996.152, 1216.81, 413.417, 485.475, 362.711, 1178.57, 693.141, 593.048, 593.921, 833.585, 508.612, 541.089, 463.415, 869.53, 551.783, 397.215, 558.585, 638.003, 639.171, 680.917, 735.54, 534.131, 454.388, 425.456, 881.8, 1024.28, 871.858, 414.589, 827.333, 866.083, 715.723, 576.731, 1032.22, 379.336, 442.623, 932.559, 583.58, 716.206, 503.548, 820.513, 742.697, 574.582, 769.576, 502.264, 1020.66, 525.201, 900.031, 626.246, 789.14, 572.097, 784.178, 1011.29, 941.42, 413.621, 864.413, 431.24, 378.144, 650.319, 648.152, 397.97, 477.991, 381.518, 919.82, 410.559, 512, 1071.24, 742.882, 480.05, 924.206, 517.176, 495.525, 959.791, 806.768, 360.181, 917.153, 985.739, 510.368, 902.335, 656.006, 896.443, 479.13, 1105.08, 525.77, 1025.03, 419.293, 431.759, 760.135, 807.635, 727.87, 534.967, 917.484, 657.183, 639.434, 937.555, 436.588, 970.408, 988.59, 428.355, 550.704, 417.256, 403.294, 742.968, 529.47, 666.1, 568.651, 520.439, 728.9, 657.014, 564.91, 567.247, 764.266, 1030.33, 461.086, 869.565, 552.019, 472.221, 591.272, 454.909, 905.926, 380.613, 456.933, 520.836, 754.494, 704.216, 937.247, 809.511];
HighestPossibleCritFunctionValue = 1.1;
