NumDevices = 64;
NumSlotes = 512;


GivenBandwidthOld = [0.00997322, 0.012359, 0.0101406, 0.0127359, 0.00788467, 0.0102071, 0.0185293, 0.0145589, 0.00847932, 0.0169814, 0.0121419, 0.0115625, 0.0103106, 0.0199335, 0.0149788, 0.0161728, 0.0091379, 0.0106165, 0.0115645, 0.0199776, 0.0182103, 0.0156985, 0.0126653, 0.0082756, 0.0180693, 0.00878011, 0.00972676, 0.00763117, 0.0120648, 0.0149113, 0.0195884, 0.014457, 0.00887584, 0.0187075, 0.0087588, 0.0141509, 0.0141234, 0.0140061, 0.0179836, 0.0182183, 0.0120215, 0.0131605, 0.0192348, 0.00844197, 0.014113, 0.0151168, 0.0104358, 0.0113727, 0.00816352, 0.00923241, 0.0116862, 0.0154291, 0.00977357, 0.0193446, 0.0164803, 0.013608, 0.0139351, 0.0116734, 0.0126378, 0.00910532, 0.0131192, 0.0122587, 0.012696, 0.0111059];
GivenLatency = [281.332, 254.278, 232.206, 235.147, 329.919, 287.516, 128.752, 193.855, 329.765, 168.597, 190.375, 245.438, 243.9, 124.488, 148.466, 190.959, 284.313, 239.618, 264.288, 156.195, 132.708, 190.303, 223.226, 357.491, 152.667, 337.755, 321.451, 318.55, 221.553, 205.633, 124.192, 228.954, 364.859, 170.701, 346.626, 177.082, 170.159, 180.646, 136.135, 122.777, 203.676, 206.68, 145.53, 296.045, 158.884, 152.419, 256.469, 206.622, 310.113, 242.165, 224.671, 185.68, 278.969, 169.87, 162.562, 221.934, 180.638, 237.728, 194.618, 260.568, 231.067, 195.322, 242.104, 212.218];
HighestPossibleCritFunctionValue = 1.1;
