NumDevices = 128;
NumSlotes = 1024;


GivenBandwidthOld = [0.00747765, 0.00435584, 0.00480573, 0.0099773, 0.00974879, 0.00662796, 0.00478881, 0.00677962, 0.00386262, 0.00898144, 0.00982377, 0.00432871, 0.00513284, 0.00769613, 0.00769085, 0.00630467, 0.00879394, 0.00858085, 0.00827037, 0.00882388, 0.00549947, 0.00714988, 0.00811552, 0.00627352, 0.00410561, 0.00544537, 0.00411465, 0.00735691, 0.0063564, 0.00944938, 0.00574675, 0.00682038, 0.0077007, 0.00936212, 0.00785677, 0.00744549, 0.00768105, 0.00416065, 0.00558522, 0.00455236, 0.00781321, 0.00658331, 0.00443776, 0.00669218, 0.0091661, 0.0070955, 0.00661807, 0.00743479, 0.00894652, 0.00416128, 0.00984217, 0.00735506, 0.00643079, 0.00975198, 0.00403378, 0.00451832, 0.00435739, 0.0059708, 0.00378851, 0.00723942, 0.00663244, 0.00513713, 0.00476286, 0.00812951, 0.00400997, 0.00432216, 0.00752659, 0.00813142, 0.00476488, 0.00459244, 0.00631851, 0.00389809, 0.00520658, 0.00944653, 0.00785191, 0.00705673, 0.00495059, 0.00711604, 0.00801316, 0.0046369, 0.00991932, 0.00397445, 0.00735283, 0.0065544, 0.00598715, 0.00969657, 0.00408329, 0.00536168, 0.00383466, 0.00781485, 0.00926107, 0.00953708, 0.00477399, 0.00764139, 0.00636143, 0.00655654, 0.00454391, 0.00954611, 0.00641811, 0.00915134, 0.00911455, 0.0094452, 0.00417437, 0.00493836, 0.00775411, 0.00709862, 0.00898886, 0.00948159, 0.00960292, 0.00503437, 0.00884865, 0.0092908, 0.00930256, 0.00691266, 0.00862627, 0.0092253, 0.00841846, 0.00407708, 0.00716796, 0.005576, 0.0057571, 0.00576897, 0.0053973, 0.00866803, 0.00473952, 0.00958545, 0.00509541, 0.00978646];
GivenLatency = [482.441, 832.048, 822.214, 345.588, 377.227, 682.639, 798.329, 629.648, 886.549, 516.339, 367.868, 1066.6, 860.123, 433.867, 439.707, 608.943, 453.43, 402.512, 406.117, 424.539, 715.996, 598.939, 560.505, 697.724, 879.414, 619.585, 1124.18, 516.882, 763.534, 368.123, 744.39, 543.536, 434.859, 455.518, 538.501, 519.31, 643.772, 824.585, 750.555, 765.953, 516.871, 546.193, 1046.66, 596.226, 473.617, 477.399, 624.976, 528.567, 485.956, 802.229, 506.096, 507.72, 525.8, 388.59, 1090.14, 940.074, 853.879, 610.742, 1152.03, 496.645, 585.768, 780.904, 717.28, 502.24, 922.204, 843.613, 606.059, 431.681, 772.599, 856.007, 689.464, 1168.71, 687.039, 393.513, 515.553, 567.884, 707.924, 588.812, 596.914, 769.177, 433.272, 1036.97, 460.554, 686.397, 582.269, 499.357, 984.467, 651.073, 891.805, 483.539, 491.145, 427.253, 760.448, 506.814, 534.522, 579.057, 919.52, 464.757, 632.754, 438.487, 546.394, 502.657, 1026.24, 678.881, 450.799, 647.691, 513.808, 478.943, 414.301, 768.756, 420.097, 526.151, 409.137, 493.016, 461.902, 540.127, 423.129, 857.961, 490.387, 850.929, 824.9, 720.082, 747.314, 421.657, 854.941, 472.114, 940.927, 422.827];
HighestPossibleCritFunctionValue = 1.1;
