NumDevices = 128;
NumSlotes = 1024;


GivenBandwidthOld = [0.00988895, 0.00602363, 0.004172, 0.00887312, 0.00809816, 0.00822542, 0.00957303, 0.00897532, 0.00692883, 0.00532621, 0.00764581, 0.00569858, 0.00985755, 0.00960318, 0.00947759, 0.00488943, 0.00407235, 0.00894871, 0.00969252, 0.00473033, 0.00513004, 0.00438985, 0.00762908, 0.0056923, 0.00429294, 0.00391693, 0.0093201, 0.00784875, 0.00392478, 0.00378178, 0.00661952, 0.00679818, 0.00943679, 0.0065842, 0.00696972, 0.00510553, 0.00489084, 0.0090542, 0.00766158, 0.00823848, 0.0041588, 0.00564425, 0.00921205, 0.0044748, 0.00418036, 0.00553875, 0.00484346, 0.00652278, 0.00586742, 0.00995026, 0.00532646, 0.00550133, 0.0071338, 0.00651944, 0.00599614, 0.00460116, 0.00915459, 0.0075019, 0.00565756, 0.00785461, 0.00875622, 0.00573234, 0.00848322, 0.00502552, 0.00385718, 0.00518014, 0.00889585, 0.00875825, 0.00862478, 0.00918978, 0.00504853, 0.00932457, 0.00809376, 0.00935921, 0.00905843, 0.00996631, 0.00626903, 0.00987341, 0.00734385, 0.0055242, 0.00404456, 0.00445845, 0.00443092, 0.0042412, 0.00942208, 0.00933496, 0.00775793, 0.00872021, 0.00680345, 0.00430393, 0.00748346, 0.00824987, 0.00806772, 0.00921354, 0.00440658, 0.00760249, 0.00879821, 0.00518684, 0.00899387, 0.00623837, 0.00711773, 0.00525432, 0.00562297, 0.00775677, 0.00803127, 0.0090337, 0.0069448, 0.00500204, 0.00930477, 0.0064647, 0.0047219, 0.00719444, 0.00692208, 0.00445059, 0.00981432, 0.00809434, 0.00653583, 0.00652391, 0.00608174, 0.00577527, 0.00494533, 0.00621881, 0.00957575, 0.00461631, 0.00752583, 0.00791112, 0.00850359, 0.00981721];
GivenLatency = [413.734, 571.747, 827.484, 380.872, 427.774, 486.543, 453.286, 394.631, 587.988, 721.106, 521.13, 750.656, 496.993, 507.621, 431.609, 754.287, 899.66, 550.425, 372.504, 929.483, 678.888, 1023.33, 561.305, 816.041, 834.409, 906.517, 426.97, 425.347, 901.381, 892.362, 557.132, 522.154, 384.306, 600.178, 685.255, 865.258, 812.366, 449.909, 477.307, 512.531, 913.963, 714.065, 371.18, 771.242, 888.803, 681.514, 697.298, 735.172, 709.727, 490.08, 671.151, 737.37, 678.466, 521.472, 631.479, 918.257, 443.703, 455.076, 681.606, 625.917, 566.931, 666.096, 566.102, 853.614, 1026.19, 858.211, 454.518, 501.584, 445.679, 532.44, 971.311, 490.797, 438.081, 386.045, 509.22, 475.221, 698.115, 364.256, 598.887, 615.834, 1031.35, 856.749, 1126.26, 848.44, 382.922, 410.703, 451.287, 450.304, 626.675, 1064.7, 618.663, 536.882, 433.566, 363.98, 1040.73, 444.661, 563.87, 649.354, 433.555, 727.357, 690.886, 724.697, 720.024, 550.275, 446.462, 386.58, 565.752, 822.74, 429.247, 720.096, 791.577, 538.611, 502.866, 799.589, 383.595, 511.531, 570.526, 558.554, 561.926, 707.743, 682.218, 708.451, 492.822, 849.552, 556.559, 440.776, 459.379, 388.477];
HighestPossibleCritFunctionValue = 1.1;
