NumDevices = 16;
NumSlotes = 128;


GivenBandwidthOld = [0.0368493, 0.0659902, 0.0372379, 0.0378595, 0.044793, 0.0565349, 0.042482, 0.0555484, 0.0626478, 0.0612158, 0.0332253, 0.0383875, 0.0383023, 0.0471956, 0.0366076, 0.0439828];
GivenLatency = [27.561, 15.3968, 24.4734, 23.9123, 18.9559, 16.4207, 25.7379, 15.4216, 16.5565, 14.472, 25.275, 21.2234, 23.0429, 17.1522, 28.4586, 18.1888];
HighestPossibleCritFunctionValue = 1.1;
