NumDevices = 16;
NumSlotes = 128;


GivenBandwidthOld = [0.0273617, 0.0335328, 0.0265181, 0.028873, 0.0328507, 0.011556, 0.0124357, 0.0211999, 0.0214082, 0.0229065, 0.0287657, 0.0297926, 0.013656, 0.0320753, 0.0301145, 0.0249735];
GivenLatency = [16.5069, 11.4185, 20.998, 15.9985, 14.3814, 27.8624, 24.95, 27.6525, 22.3719, 22.1323, 17.9679, 11.7647, 24.684, 13.0525, 10.357, 14.9969];
HighestPossibleCritFunctionValue = 1.1;
