NumDevices = 128;
NumSlotes = 1024;


GivenBandwidthOld = [0.0053903, 0.00984786, 0.00923047, 0.00780877, 0.00698549, 0.0076063, 0.00400314, 0.00831866, 0.00789538, 0.00648767, 0.00947088, 0.00451122, 0.00378941, 0.00978522, 0.00645325, 0.00608878, 0.00545898, 0.00775508, 0.00459773, 0.0077446, 0.00975153, 0.00900682, 0.00512268, 0.00566131, 0.00832299, 0.00572772, 0.00586046, 0.00551682, 0.00498859, 0.00819015, 0.00432867, 0.00453383, 0.00887267, 0.0067985, 0.0086202, 0.00712151, 0.00624212, 0.00759305, 0.00646562, 0.00760081, 0.00559236, 0.00582526, 0.00769295, 0.00409543, 0.00938246, 0.00604475, 0.00917836, 0.00701041, 0.00774945, 0.00382138, 0.00963263, 0.00436793, 0.00799565, 0.00405697, 0.00666228, 0.00668267, 0.00559934, 0.00432239, 0.00522979, 0.00576243, 0.00795819, 0.0057572, 0.00745971, 0.00917009, 0.00553029, 0.00625083, 0.0039577, 0.00712213, 0.00414371, 0.00831828, 0.00774655, 0.00494208, 0.00780945, 0.00591336, 0.0070461, 0.00750448, 0.00527504, 0.00379627, 0.00646756, 0.00909336, 0.00954917, 0.0079188, 0.00623455, 0.00534925, 0.00738987, 0.00403324, 0.00783657, 0.00544068, 0.0064744, 0.00530343, 0.00595587, 0.00907052, 0.00702548, 0.00465574, 0.007823, 0.00857994, 0.00562551, 0.00672794, 0.00391796, 0.00791304, 0.00940461, 0.00948356, 0.00527474, 0.00508886, 0.00589411, 0.00854215, 0.00783936, 0.00858144, 0.00576195, 0.00611323, 0.00375659, 0.00820737, 0.00623896, 0.00438724, 0.00765893, 0.00732907, 0.00711676, 0.00763434, 0.00668051, 0.00685713, 0.00659939, 0.00602137, 0.00983121, 0.00442457, 0.00991263, 0.00413303, 0.00391793, 0.00747094];
GivenLatency = [897.868, 368.388, 365.501, 620.474, 598.988, 510.068, 1203.88, 524.458, 493.302, 674.172, 419.681, 905.372, 898.974, 350.499, 705.945, 602.809, 618.35, 558.012, 926.024, 571.614, 426.549, 506.39, 726.241, 720.507, 461.45, 605.666, 586.922, 648.955, 740.894, 536.269, 1041.47, 1095.28, 468.502, 512.615, 465.134, 560.616, 752.282, 574.993, 598.32, 485.312, 675.792, 683.656, 549.627, 1061.8, 525.69, 637.196, 460.546, 569.163, 609.305, 1001.58, 352.119, 935.891, 417.491, 866.177, 744.829, 564.884, 664.383, 810.634, 673.807, 628.961, 497.112, 662.288, 646.25, 488.285, 704.064, 556.178, 994.351, 498.315, 1148.17, 566.988, 518.785, 994.647, 434.742, 617.339, 524.794, 454.884, 770.995, 1286.96, 544.511, 417.585, 355.778, 518.944, 581.948, 768.841, 470.731, 867.888, 497.658, 691.289, 591.311, 939.334, 661.65, 399.806, 547.343, 898.007, 499.381, 479.31, 702.973, 731.91, 1186.16, 438.646, 365.618, 361.871, 636.492, 753.409, 596.847, 403.142, 607.512, 512.038, 647.553, 567.416, 990.612, 579.465, 670.829, 923.21, 590.764, 509.127, 508.393, 532.757, 547.104, 610.986, 527.449, 727.94, 467.187, 895.546, 462.922, 1045.16, 899.378, 454.695];
HighestPossibleCritFunctionValue = 1.1;
