NumDevices = 16;
NumSlotes = 128;


GivenBandwidthOld = [0.0342104, 0.0346462, 0.038725, 0.0315939, 0.0584705, 0.0535012, 0.0545193, 0.0466779, 0.0551776, 0.0304545, 0.0692298, 0.0454758, 0.0510939, 0.035159, 0.0568915, 0.0356401];
GivenLatency = [23.6537, 23.8386, 20.2125, 35.0794, 17.8312, 14.4413, 20.0822, 23.0449, 17.6805, 36.4307, 12.8175, 18.0538, 20.4377, 24.5106, 15.9319, 26.6394];
HighestPossibleCritFunctionValue = 1.1;
