NumDevices = 32;
NumSlotes = 256;


GivenBandwidthOld = [0.0146485, 0.0167837, 0.0159154, 0.0102017, 0.0167615, 0.017499, 0.0128311, 0.00976571, 0.0147146, 0.0152393, 0.0101921, 0.00625897, 0.0145493, 0.012499, 0.0154921, 0.00832685, 0.00690506, 0.0108192, 0.0080461, 0.0132968, 0.0123747, 0.0134434, 0.0128174, 0.0172965, 0.00900155, 0.0090125, 0.00558068, 0.0145316, 0.0147141, 0.0082006, 0.0100381, 0.00566739];
GivenLatency = [31.6865, 24.1073, 19.7264, 41.9036, 24.395, 19.8307, 48.6438, 60.7649, 39.1826, 26.1889, 51.6892, 67.3353, 21.8615, 27.3468, 34.8573, 53.8396, 57.9895, 36.6896, 42.5011, 26.0281, 36.7852, 27.4532, 24.4761, 21.2999, 40.2057, 68.7972, 107.467, 30.6274, 24.3659, 57.8126, 53.6636, 100.182];
HighestPossibleCritFunctionValue = 1.1;
