NumDevices = 64;
NumSlotes = 512;


GivenBandwidthOld = [0.00504177, 0.0033555, 0.00595108, 0.00482742, 0.00695413, 0.00689622, 0.00850049, 0.00279653, 0.00507211, 0.00699522, 0.00369461, 0.00532962, 0.00374523, 0.00603625, 0.00500559, 0.00762794, 0.00662065, 0.00817717, 0.00617106, 0.00821606, 0.00350414, 0.00405267, 0.00453517, 0.00767996, 0.00589897, 0.00405841, 0.00723481, 0.00538126, 0.00281798, 0.00297294, 0.00751932, 0.00598183, 0.0028787, 0.0048626, 0.00440352, 0.00745621, 0.00784351, 0.00467164, 0.00751527, 0.00666042, 0.00790877, 0.00770174, 0.00315109, 0.00785537, 0.00402859, 0.00596319, 0.00836737, 0.00281137, 0.00450775, 0.00293236, 0.00662175, 0.00806449, 0.00618285, 0.00645007, 0.00374579, 0.00306349, 0.00424354, 0.00612679, 0.00789249, 0.00280445, 0.00691255, 0.00805349, 0.0087456, 0.00354991];
GivenLatency = [94.3768, 145.927, 81.3313, 129.96, 63.0047, 71.2919, 40.1669, 193.085, 105.422, 76.7181, 165.373, 59.2718, 120.338, 52.4616, 67.6235, 41.2176, 52.88, 40.9368, 50.8271, 40.5667, 128.683, 81.933, 131.408, 80.2467, 62.2102, 132.183, 76.4291, 87.1563, 181.748, 175.122, 63.1541, 54.7619, 147.054, 120.057, 73.9032, 74.2855, 79.4896, 73.5531, 43.7582, 83.3121, 45.7011, 42.5559, 185.274, 74.6361, 106.546, 58.1571, 54.7942, 180.345, 126.318, 146.45, 66.527, 61.3879, 50.1788, 84.4072, 158.754, 172.211, 88.5925, 70.1367, 82.1192, 123.692, 75.2876, 49.1145, 46.7422, 107.048];
HighestPossibleCritFunctionValue = 1.1;
