NumDevices = 128;
NumSlotes = 1024;


GivenBandwidthOld = [0.00216718, 0.00371442, 0.00201409, 0.00263066, 0.00289141, 0.00409443, 0.00139747, 0.00163707, 0.00356875, 0.00379804, 0.00430614, 0.00333819, 0.00367366, 0.00127469, 0.00370417, 0.00163552, 0.00251658, 0.00429443, 0.00329729, 0.00373686, 0.00411774, 0.00240272, 0.00305586, 0.00235553, 0.00374384, 0.00279157, 0.00419118, 0.00237428, 0.00326626, 0.00421657, 0.0041358, 0.00290509, 0.00264755, 0.00230988, 0.00215468, 0.00314785, 0.00150093, 0.00292331, 0.00271758, 0.00435258, 0.00249514, 0.00326158, 0.00355023, 0.00189111, 0.00146682, 0.00158473, 0.00205957, 0.00146176, 0.00404648, 0.00174661, 0.00405038, 0.00168149, 0.00334699, 0.00162192, 0.00215552, 0.00163648, 0.00309906, 0.00343356, 0.00344142, 0.00432037, 0.00180031, 0.0033762, 0.00186949, 0.00369398, 0.00218388, 0.00328428, 0.00395279, 0.00200014, 0.00257093, 0.00207703, 0.00433341, 0.00222858, 0.00144798, 0.00371436, 0.00418679, 0.00360923, 0.00287757, 0.00265635, 0.00340396, 0.00284382, 0.00426806, 0.00393716, 0.00191816, 0.00290916, 0.00235993, 0.00278944, 0.00277392, 0.00434093, 0.00365507, 0.00136809, 0.00159864, 0.00141099, 0.00394526, 0.00353958, 0.00414528, 0.00276459, 0.00379527, 0.00152346, 0.0035655, 0.00229361, 0.00377579, 0.00220834, 0.00173906, 0.00209829, 0.00214074, 0.00323153, 0.00174151, 0.00275482, 0.00206236, 0.00149811, 0.00256784, 0.00324292, 0.00242426, 0.00266213, 0.00369683, 0.00326457, 0.00387924, 0.00340927, 0.00150099, 0.00405481, 0.0041683, 0.00224203, 0.00246296, 0.00308492, 0.0033246, 0.0033665, 0.00145826, 0.0014876];
GivenLatency = [152.932, 122.083, 273.982, 122.676, 165.352, 104.444, 262.029, 337.016, 124.155, 114.387, 73.3029, 151.803, 111.071, 358.465, 89.5305, 220.55, 252.708, 102.631, 162.564, 117.993, 87.5391, 201.787, 117.513, 195.177, 88.836, 162.742, 101.709, 231.262, 128.404, 139.311, 98.9949, 150.459, 172.881, 163.555, 245.582, 116.725, 213.415, 147.092, 162.182, 130.084, 155.953, 181.004, 115.092, 235.076, 310.63, 378.912, 273.59, 216.872, 146.852, 343.183, 88.1416, 190.02, 93.9513, 378.297, 190.051, 297.627, 137.329, 159.675, 93.1687, 72.3565, 334.22, 160.373, 285.031, 84.9627, 231.649, 102.053, 107.396, 160.584, 130.572, 230.139, 92.2333, 153.916, 217.64, 176.952, 92.639, 91.2418, 138.866, 189.439, 169.884, 139.413, 74.329, 100.212, 211.221, 121.641, 214.984, 189.978, 123.615, 72.2955, 127.851, 245.373, 321.008, 351.188, 93.4279, 95.1286, 89.0963, 214.513, 85.5619, 340.13, 147.105, 228.051, 87.8395, 232.328, 205.878, 189.769, 160.131, 139.298, 375.453, 120.382, 254.866, 278.627, 153.911, 115.422, 245.555, 196.941, 138.327, 186, 125.923, 116.345, 363.241, 108.529, 142.85, 148.544, 176.054, 173.914, 142.322, 105.85, 395.764, 396.01];
HighestPossibleCritFunctionValue = 1.1;
