NumDevices = 64;
NumSlotes = 512;


GivenBandwidthOld = [0.00836955, 0.011987, 0.0100502, 0.00848, 0.00837734, 0.0129998, 0.0134161, 0.00868117, 0.00948023, 0.00926042, 0.014868, 0.0122635, 0.0173201, 0.0135434, 0.00851759, 0.0101955, 0.0110293, 0.0152697, 0.0132278, 0.0142238, 0.0151868, 0.00897872, 0.0103261, 0.0153784, 0.00956387, 0.0149671, 0.0174569, 0.0131514, 0.0113551, 0.00948256, 0.00830868, 0.00898519, 0.00900961, 0.00959629, 0.00977634, 0.0159651, 0.0108401, 0.0143385, 0.0124133, 0.0151874, 0.00880911, 0.00968025, 0.0109994, 0.0116486, 0.0125833, 0.0133325, 0.0140121, 0.0161713, 0.0165261, 0.00866756, 0.0106046, 0.0171379, 0.0119289, 0.0144215, 0.0169864, 0.0160649, 0.00823388, 0.0117971, 0.00824964, 0.01667, 0.0171133, 0.00873247, 0.0116506, 0.0166469];
GivenLatency = [137.887, 101.715, 115.328, 144.811, 142.176, 94.1679, 73.3199, 139.296, 116.06, 104.546, 79.379, 92.8229, 58.3846, 71.6071, 138.505, 97.3887, 90.05, 66.2917, 82.253, 80.7715, 65.0144, 101.465, 114.274, 65.2436, 127.62, 67.9055, 61.6035, 84.3281, 87.9292, 126.769, 145.081, 103.058, 125.862, 122.264, 101.782, 58.0112, 97.6412, 73.4196, 82.1251, 77.6203, 133.803, 105.616, 113.535, 86.0104, 83.933, 72.9773, 84.3293, 71.1471, 69.3241, 141.447, 103.029, 62.3034, 78.2918, 72.2584, 58.4116, 59.941, 135.568, 96.9941, 139.038, 67.9083, 58.8534, 123.144, 80.7449, 61.5061];
HighestPossibleCritFunctionValue = 1.1;
