NumDevices = 32;
NumSlotes = 256;


GivenBandwidthOld = [0.0128146, 0.00827808, 0.0121964, 0.0170984, 0.00592656, 0.0151258, 0.0151025, 0.00941075, 0.011434, 0.0161904, 0.00668513, 0.0144762, 0.00977859, 0.00633898, 0.00922558, 0.011839, 0.0107973, 0.0157006, 0.0122885, 0.0159273, 0.0105663, 0.00777172, 0.0143637, 0.00555475, 0.0161833, 0.0131096, 0.0150441, 0.0160532, 0.0138865, 0.0101842, 0.0104728, 0.0109021];
GivenLatency = [27.7224, 62.1637, 45.8218, 32.1621, 76.5239, 33.8138, 27.3041, 62.6987, 47.0811, 34.3392, 78.1909, 37.2764, 42.9093, 62.8363, 49.5496, 34.3687, 38.1581, 28.3391, 27.6805, 32.2313, 30.3754, 53.532, 26.7869, 58.3567, 20.3502, 24.4771, 33.7816, 24.0735, 34.1211, 51.7109, 54.296, 32.2121];
HighestPossibleCritFunctionValue = 1.1;
