NumDevices = 128;
NumSlotes = 1024;


GivenBandwidthOld = [0.005591, 0.00793176, 0.00539351, 0.00754708, 0.00873281, 0.00614106, 0.0089905, 0.00577518, 0.00965129, 0.00545743, 0.00684075, 0.00617841, 0.00545948, 0.00375065, 0.00843887, 0.00954438, 0.0085863, 0.00617283, 0.00543794, 0.00413624, 0.00771605, 0.00497186, 0.00834084, 0.00566883, 0.00970682, 0.00751689, 0.00757073, 0.00622281, 0.00799317, 0.0061496, 0.00879944, 0.00720675, 0.00765871, 0.00997762, 0.00878721, 0.00792774, 0.00647262, 0.00652345, 0.00467432, 0.00755913, 0.00500303, 0.00719661, 0.00595107, 0.00971141, 0.00973527, 0.00443633, 0.00765891, 0.00710416, 0.00829957, 0.0059264, 0.00747235, 0.00895865, 0.00800978, 0.00407671, 0.00720641, 0.0081441, 0.00542554, 0.00824208, 0.00843994, 0.00885431, 0.00439777, 0.00962419, 0.00626611, 0.00449411, 0.00996045, 0.00770212, 0.00833986, 0.00807252, 0.00866617, 0.00482335, 0.0060555, 0.00858136, 0.00448112, 0.00413209, 0.00672308, 0.00974672, 0.00930076, 0.00784791, 0.00851345, 0.00687525, 0.00476434, 0.00805009, 0.00666864, 0.00737149, 0.00767697, 0.0043294, 0.0042505, 0.0094273, 0.00962125, 0.00677675, 0.00555034, 0.00582101, 0.00497479, 0.00758122, 0.00756671, 0.00740194, 0.0069369, 0.00967163, 0.00983951, 0.00640054, 0.00765225, 0.0075664, 0.00853086, 0.00557945, 0.00752412, 0.00410881, 0.00931833, 0.00944566, 0.00575984, 0.00813918, 0.00396749, 0.00916132, 0.00806818, 0.00445797, 0.0089085, 0.00893147, 0.00743656, 0.00751724, 0.00720122, 0.00835626, 0.0087196, 0.00902591, 0.00720266, 0.00754689, 0.00551319, 0.00646135, 0.00462855, 0.00696059];
GivenLatency = [669.414, 583.524, 624.093, 467.54, 496.838, 631.401, 492.167, 714.903, 369.55, 650.52, 616.34, 607.247, 629.234, 1069.4, 404.023, 390.35, 446.436, 638.802, 712.846, 1132.32, 609.02, 836.354, 463.47, 597.357, 483.272, 453.993, 512.252, 791.127, 497.023, 712.588, 454.181, 477.743, 568.362, 350.82, 499.039, 420.86, 591.681, 574.686, 893.186, 455.82, 941.128, 664.623, 607.334, 407.732, 389.259, 1117.48, 621.672, 481.973, 443.446, 812.954, 520.689, 520.088, 611.105, 1063.99, 574.331, 452.35, 653.02, 499.113, 411.255, 430.346, 1127.84, 487.278, 645.776, 841.852, 431.578, 459.875, 492.628, 529.581, 552.919, 910.191, 731.043, 526.96, 764.045, 1146.89, 524.341, 348.268, 375.177, 526.906, 442.896, 695.268, 1026.4, 538.464, 665.198, 453.976, 452.461, 796.116, 944.625, 487.686, 445.075, 534.823, 787.726, 829.182, 977.71, 519.551, 650.14, 518.872, 530.206, 455.827, 444.691, 709.037, 563.53, 470.17, 405.97, 802.048, 498.164, 917.249, 530.01, 430.63, 746.294, 518.189, 1073.92, 383.312, 452.839, 964.106, 427.198, 406.446, 609.247, 480.705, 513.587, 516.532, 433.173, 521.335, 527.36, 497.217, 709.866, 550.934, 816.023, 633.642];
HighestPossibleCritFunctionValue = 1.1;
