NumDevices = 64;
NumSlotes = 512;


GivenBandwidthOld = [0.0161244, 0.00751418, 0.0157479, 0.0100699, 0.0104806, 0.0126345, 0.0125835, 0.0151729, 0.015123, 0.0167628, 0.00810459, 0.00888343, 0.0088573, 0.00967942, 0.0169671, 0.0109713, 0.0100209, 0.0165784, 0.00899377, 0.0132982, 0.00788143, 0.00817345, 0.0161138, 0.00951014, 0.0118791, 0.0168372, 0.00766913, 0.00999936, 0.0141953, 0.0158354, 0.0109615, 0.014207, 0.0120223, 0.0139427, 0.0101727, 0.00751229, 0.0140452, 0.0120592, 0.0146657, 0.0110261, 0.0103688, 0.0140592, 0.00867339, 0.00872234, 0.0113957, 0.0122883, 0.0139819, 0.0086161, 0.0157817, 0.00764888, 0.00976815, 0.00822329, 0.0139147, 0.00979342, 0.0131, 0.0163114, 0.0106279, 0.00807782, 0.00885327, 0.0119018, 0.00867573, 0.00798426, 0.0164944, 0.0170597];
GivenLatency = [56.5237, 155.317, 70.5993, 104.165, 90.2244, 89.9658, 82.3764, 66.2675, 82.1615, 60.5286, 117.728, 110.518, 115.427, 105.988, 73.5324, 109.396, 119.797, 57.9176, 108.062, 82.0025, 116.479, 138.131, 77.4911, 108.731, 79.9407, 58.4933, 129.408, 91.2368, 71.4484, 68.1464, 89.3543, 65.9146, 83.763, 68.1796, 103.241, 135.757, 80.2332, 89.798, 81.9745, 94.0493, 87.7299, 71.096, 118.049, 108.552, 88.4718, 94.1527, 72.1313, 114.049, 64.4745, 147.352, 94.1262, 130.988, 68.2676, 95.8273, 84.6478, 63.2123, 87.2591, 125.273, 103.755, 82.5219, 129.85, 123.674, 55.5496, 56.36];
HighestPossibleCritFunctionValue = 1.1;
