NumDevices = 64;
NumSlotes = 512;


GivenBandwidthOld = [0.00670322, 0.00847846, 0.00749764, 0.00413524, 0.00468449, 0.00470713, 0.00390731, 0.00507651, 0.00596547, 0.00283969, 0.00541689, 0.00783522, 0.00271352, 0.00359624, 0.00820169, 0.00584146, 0.0062185, 0.00554141, 0.00704502, 0.00314581, 0.00656199, 0.00356277, 0.00814569, 0.00842751, 0.00748645, 0.00346819, 0.0061055, 0.00637719, 0.00388051, 0.00471758, 0.00468634, 0.00449543, 0.00843864, 0.00688861, 0.00557428, 0.00319777, 0.00494297, 0.00531449, 0.00558672, 0.00598853, 0.00295672, 0.00359925, 0.00263037, 0.00609636, 0.00278171, 0.00588942, 0.00594498, 0.00848697, 0.00684371, 0.00717876, 0.00710964, 0.00793857, 0.00850147, 0.00675847, 0.00583358, 0.00500739, 0.00676554, 0.005857, 0.00487926, 0.00313797, 0.00605814, 0.00419238, 0.00256614, 0.00780007];
GivenLatency = [61.0525, 49.8803, 73.4375, 109.985, 111.75, 91.7632, 123.359, 114.888, 103.732, 153.535, 72.1215, 79.2047, 135.638, 162.464, 61.9317, 70.7099, 89.259, 77.4594, 53.9708, 137.837, 79.8106, 128.049, 44.5458, 73.9522, 83.4802, 91.964, 53.3878, 79.8735, 149.065, 107.179, 76.1615, 102.684, 58.1799, 47.1286, 74.3018, 103.296, 108.543, 68.056, 75.8291, 104.697, 189.462, 128.099, 141.124, 106.223, 121.677, 91.3399, 84.1466, 38.0103, 50.0941, 51.1086, 83.4783, 45.1054, 67.4432, 54.8888, 67.4221, 100.663, 58.6125, 78.0917, 115.9, 141.439, 89.186, 77.4659, 148.506, 49.1499];
HighestPossibleCritFunctionValue = 1.1;
