NumDevices = 64;
NumSlotes = 512;


GivenBandwidthOld = [0.0113545, 0.0145897, 0.0136253, 0.0173557, 0.0146036, 0.0103337, 0.00801166, 0.0194532, 0.0177891, 0.0106132, 0.0185316, 0.0163038, 0.0106411, 0.0120893, 0.0152959, 0.0087361, 0.00770246, 0.0103093, 0.0106583, 0.0140351, 0.0174299, 0.012609, 0.0114914, 0.0166574, 0.0158299, 0.00889438, 0.0177998, 0.0158046, 0.00773918, 0.01489, 0.0117847, 0.00767579, 0.0119923, 0.0088381, 0.00936937, 0.0135211, 0.0168846, 0.00955392, 0.0151993, 0.00962586, 0.0117997, 0.00979455, 0.00944372, 0.0131324, 0.00795228, 0.0089667, 0.00834997, 0.0179087, 0.0091743, 0.0100347, 0.00793318, 0.0130126, 0.0199462, 0.0161791, 0.014353, 0.0102463, 0.0144993, 0.00755674, 0.0111411, 0.0166008, 0.0146081, 0.0114123, 0.0121869, 0.0171143];
GivenLatency = [197.161, 170.328, 176.119, 144.636, 176.85, 268.072, 323.204, 152.857, 127.073, 217.305, 129.731, 147.873, 299.012, 197.335, 148.789, 286.387, 341.425, 276.132, 213.818, 217.358, 131.176, 178.255, 240.663, 138.445, 187.241, 333.588, 147.852, 198.006, 346.048, 167.586, 268.489, 379.463, 212.714, 366.979, 336.257, 194.192, 185.061, 267.118, 215.396, 273.394, 217.356, 284.172, 306.686, 191.274, 303.212, 276.326, 329.374, 156.336, 256.503, 232.335, 309.038, 202.644, 139.807, 144.396, 206.341, 311.684, 168.068, 323.18, 232.372, 141.122, 195.57, 238.957, 185.228, 155.183];
HighestPossibleCritFunctionValue = 1.1;
