NumDevices = 16;
NumSlotes = 128;


GivenBandwidthOld = [0.0460803, 0.0514252, 0.042576, 0.0354914, 0.0441835, 0.0518223, 0.0367253, 0.0621583, 0.0351501, 0.0671036, 0.0696974, 0.0639895, 0.0512405, 0.0595333, 0.0366368, 0.0546498];
GivenLatency = [21.9035, 16.3493, 19.9398, 27.5522, 18.4732, 15.2361, 30.1452, 16.0967, 22.2951, 14.4958, 15.8252, 17.2435, 19.5226, 18.3465, 22.3208, 18.6379];
HighestPossibleCritFunctionValue = 1.1;
