NumDevices = 32;
NumSlotes = 256;


GivenBandwidthOld = [0.0322619, 0.036437, 0.0317031, 0.0189312, 0.0371786, 0.0207006, 0.0241597, 0.0365372, 0.0157896, 0.036587, 0.0276842, 0.0241367, 0.0260308, 0.0346324, 0.0268796, 0.0261423, 0.0335358, 0.0212801, 0.0153298, 0.0329466, 0.0183438, 0.0150506, 0.0156359, 0.0283097, 0.0362811, 0.0369311, 0.0352451, 0.0245753, 0.0214172, 0.0188361, 0.038441, 0.0370858];
GivenLatency = [54.2848, 56.8121, 65.2002, 102.998, 54.0126, 88.8296, 84.4392, 63.4407, 149.974, 63.0465, 84.4586, 84.0599, 82.2285, 71.5635, 68.619, 66.3214, 52.1814, 92.5949, 162.118, 55.0938, 113.441, 112.957, 135.317, 63.6003, 46.4901, 48.8587, 64.0712, 87.2728, 86.6894, 96.3915, 44.2019, 49.8193];
HighestPossibleCritFunctionValue = 1.1;
