NumDevices = 64;
NumSlotes = 512;


GivenBandwidthOld = [0.0140386, 0.014547, 0.00927749, 0.0191981, 0.0168379, 0.0127822, 0.00978526, 0.0158996, 0.0173279, 0.010137, 0.0154739, 0.0119786, 0.0174119, 0.00935507, 0.0105936, 0.0138695, 0.00988009, 0.00964971, 0.0126987, 0.0195408, 0.0153636, 0.00805439, 0.012677, 0.0169341, 0.0157396, 0.0150095, 0.0191701, 0.00995663, 0.00858206, 0.0186751, 0.0155932, 0.0177224, 0.0154975, 0.00828347, 0.0128323, 0.0155057, 0.00965506, 0.0150663, 0.0110681, 0.0137615, 0.00772485, 0.0115552, 0.0138719, 0.01319, 0.0144364, 0.0130358, 0.0105219, 0.00850592, 0.0140726, 0.0102118, 0.0100995, 0.00990937, 0.0143297, 0.0196968, 0.0111798, 0.0171699, 0.0169204, 0.0116113, 0.0180318, 0.0152352, 0.0123019, 0.0126943, 0.00850457, 0.0162388];
GivenLatency = [163.606, 172.356, 249.855, 167.364, 176.379, 177.412, 251.208, 142.879, 174.649, 285.051, 189.018, 215.76, 175.534, 239.59, 301.845, 183.26, 234.357, 274.931, 181.274, 123.348, 203.87, 295.957, 232.135, 170.266, 166.123, 185.228, 118.613, 249.528, 260.148, 144.405, 184.774, 146.764, 199.806, 369.861, 178.358, 179.986, 297.615, 204.237, 277.521, 165.189, 389.892, 204.126, 221.326, 194.686, 194.937, 177.838, 279.714, 277.086, 193.782, 238.946, 279.509, 327.552, 223.101, 127.895, 224.806, 149.525, 182.734, 252.615, 136.912, 166.811, 199.345, 241.792, 303.476, 185.277];
HighestPossibleCritFunctionValue = 1.1;
