NumDevices = 128;
NumSlotes = 1024;


GivenBandwidthOld = [0.00669498, 0.00500381, 0.00653149, 0.0072358, 0.00466607, 0.00517089, 0.00473268, 0.00470144, 0.00457159, 0.00717396, 0.00528995, 0.00576997, 0.00839387, 0.00829443, 0.00692275, 0.00818836, 0.00420125, 0.0079424, 0.00538051, 0.0077586, 0.006293, 0.00393402, 0.00660931, 0.00523851, 0.00608464, 0.00699684, 0.00845324, 0.00608713, 0.00382851, 0.00832704, 0.00508807, 0.00773089, 0.00556416, 0.00427542, 0.00455799, 0.00871555, 0.00478925, 0.00537255, 0.00389716, 0.00711838, 0.00606373, 0.00561791, 0.00768653, 0.0050576, 0.00558557, 0.00422239, 0.00829134, 0.00500563, 0.00714386, 0.00440186, 0.00454752, 0.00764291, 0.00681579, 0.00542121, 0.00676523, 0.00578211, 0.0074236, 0.00595087, 0.00375985, 0.00426879, 0.00801615, 0.00492436, 0.00617903, 0.00846662, 0.00592737, 0.00375207, 0.00860599, 0.00833554, 0.00794925, 0.00549654, 0.00788457, 0.00851978, 0.00447545, 0.00638493, 0.00398082, 0.00811294, 0.00661243, 0.00766962, 0.00587337, 0.00617577, 0.00869553, 0.00831305, 0.00491589, 0.003854, 0.00669714, 0.00634955, 0.004335, 0.00590813, 0.00546523, 0.00654911, 0.00838358, 0.00536958, 0.00410537, 0.00647563, 0.00844563, 0.00825285, 0.00821992, 0.00467143, 0.00514976, 0.00455612, 0.0071961, 0.00739355, 0.00583426, 0.00387486, 0.00731246, 0.00797426, 0.00595324, 0.0086577, 0.00747052, 0.00449803, 0.00596564, 0.00695945, 0.00502862, 0.00850025, 0.00622058, 0.00677089, 0.00588244, 0.00860253, 0.0052343, 0.00534839, 0.00781774, 0.0052082, 0.00675803, 0.00464717, 0.00750397, 0.00667303, 0.00604121, 0.00718541];
GivenLatency = [151.403, 198.276, 158.414, 137.465, 240.753, 200.608, 204.181, 222.688, 218.099, 144.141, 199.973, 194.172, 114.825, 122.724, 139.197, 138.157, 296.013, 125.383, 213.466, 124.352, 156.805, 311.184, 166.053, 211.879, 168.469, 148.806, 147.443, 169.817, 322.734, 125.877, 215.055, 150.904, 181.646, 232.232, 238.967, 127.859, 228.57, 219.629, 254.931, 134.745, 196.322, 216.057, 152.208, 236.728, 199.313, 303.519, 129.511, 242.401, 158.686, 274.147, 235.821, 149.376, 174.143, 195.015, 188.883, 185.357, 172.499, 172.169, 344.843, 261.446, 124.084, 240.39, 173.975, 151.976, 208.685, 319.311, 117.74, 126.895, 120.888, 197.647, 151.075, 115.618, 245.338, 179.568, 291.347, 141.225, 147.36, 152.76, 180.307, 195.054, 141.028, 139.158, 236.976, 278.739, 168.83, 182.522, 293.361, 183.65, 181.985, 185.051, 124.492, 230.969, 238.305, 188.602, 127.192, 131.228, 141.566, 214.407, 207.946, 279.675, 148.637, 145.185, 178.361, 289.013, 134.04, 130.651, 169.247, 111.467, 133.8, 256.549, 217.558, 160.839, 212.546, 144.194, 188.762, 176.537, 181.869, 118.017, 220.78, 223.753, 127.611, 232.299, 141.153, 227.796, 139.214, 150.393, 163.278, 157.622];
HighestPossibleCritFunctionValue = 1.1;
