NumDevices = 32;
NumSlotes = 256;


GivenBandwidthOld = [0.0319632, 0.0157796, 0.018459, 0.0250349, 0.021704, 0.0392343, 0.0206465, 0.0158991, 0.0269356, 0.0169719, 0.0310659, 0.033866, 0.0204424, 0.035985, 0.0347441, 0.0289146, 0.0271003, 0.0343029, 0.038075, 0.0358844, 0.0187118, 0.0247603, 0.0307613, 0.0153408, 0.0185998, 0.0169853, 0.0317011, 0.0347404, 0.016332, 0.0266196, 0.0307946, 0.0246263];
GivenLatency = [60.8522, 107.124, 92.2996, 84.7555, 86.5493, 43.2327, 119.744, 114.592, 78.3625, 98.5017, 64.547, 62.1268, 84.3758, 61.2829, 56.5469, 81.9227, 77.5184, 48.9814, 46.507, 61.7244, 131.398, 78.7375, 63.4747, 145.255, 92.6276, 114.044, 60.708, 53.4843, 138.621, 71.7449, 64.8262, 82.3584];
HighestPossibleCritFunctionValue = 1.1;
