NumDevices = 64;
NumSlotes = 512;


GivenBandwidthOld = [0.0145894, 0.00957825, 0.0166654, 0.0110915, 0.00985045, 0.0115732, 0.015658, 0.00851801, 0.0171681, 0.00936018, 0.0116073, 0.00921681, 0.0118833, 0.00811546, 0.0114977, 0.00769098, 0.0173393, 0.0168118, 0.010803, 0.0106969, 0.00848795, 0.011994, 0.00898783, 0.0135079, 0.012683, 0.0174007, 0.0084337, 0.0101942, 0.00839463, 0.0135173, 0.0095194, 0.00759081, 0.0137318, 0.0149263, 0.0121211, 0.0139421, 0.00963559, 0.0102958, 0.0172636, 0.0138676, 0.00816791, 0.013136, 0.0113794, 0.00775904, 0.0111644, 0.015595, 0.00953864, 0.0108616, 0.0154785, 0.0121094, 0.0171747, 0.0104966, 0.0110834, 0.0136933, 0.00841917, 0.0160785, 0.0166834, 0.0130024, 0.016035, 0.0155988, 0.0135986, 0.0160728, 0.0108254, 0.00765018];
GivenLatency = [74.26, 111.336, 74.0246, 84.3983, 100.208, 104.905, 62.5309, 140.297, 59.0241, 110.15, 85.1326, 101.933, 88.5945, 149.095, 91.8994, 126.249, 68.2457, 54.4596, 102.689, 102.418, 137.761, 82.4497, 130.585, 80.6822, 98.4034, 66.8349, 112.591, 92.8635, 110.168, 88.01, 111.354, 148.851, 68.776, 61.774, 97.3372, 75.0078, 95.3928, 100.436, 58.051, 75.9665, 113.832, 86.4903, 84.5643, 144.523, 97.2432, 76.4629, 107.986, 111.476, 61.0397, 83.7972, 63.8066, 117.697, 83.1867, 71.5572, 125.88, 77.2436, 74.4078, 84.7414, 63.5588, 78.4421, 67.7547, 57.844, 87.1484, 127.044];
HighestPossibleCritFunctionValue = 1.1;
