NumDevices = 128;
NumSlotes = 1024;


GivenBandwidthOld = [0.00829518, 0.0045954, 0.00746336, 0.00422908, 0.00570226, 0.00541051, 0.00694708, 0.00711169, 0.00865519, 0.00533205, 0.00834294, 0.00723606, 0.00397191, 0.0083158, 0.00611279, 0.00524452, 0.00712259, 0.0069495, 0.00782646, 0.00677125, 0.00689747, 0.00828499, 0.00826072, 0.00549378, 0.00640572, 0.00848045, 0.00836826, 0.00791397, 0.00754964, 0.00424513, 0.00539789, 0.00483232, 0.0043432, 0.00874, 0.00573284, 0.00433343, 0.00446666, 0.00873261, 0.00641202, 0.00432638, 0.00593031, 0.00830477, 0.0057693, 0.00721105, 0.00855277, 0.00392405, 0.00406761, 0.00674257, 0.00482463, 0.00497496, 0.00672493, 0.00843407, 0.00396926, 0.00391336, 0.00436403, 0.00378536, 0.00811813, 0.00399408, 0.00602038, 0.00696383, 0.0086582, 0.00588426, 0.00419718, 0.00446726, 0.00378378, 0.0064472, 0.00557351, 0.00653524, 0.00528476, 0.00848353, 0.00520031, 0.0041427, 0.00391918, 0.00711308, 0.00695562, 0.00568878, 0.00384002, 0.00664932, 0.00760811, 0.00703656, 0.00593285, 0.00591364, 0.00800316, 0.00659851, 0.0087065, 0.00761168, 0.00699696, 0.00533528, 0.00763673, 0.00801837, 0.00721752, 0.00728949, 0.00694122, 0.00861824, 0.00426821, 0.00836119, 0.0039897, 0.00745133, 0.00702462, 0.00528877, 0.00584666, 0.00725042, 0.0052719, 0.00733467, 0.00627893, 0.00746419, 0.00810946, 0.00823104, 0.00667364, 0.00630205, 0.00611793, 0.00653051, 0.0058407, 0.00707289, 0.00658367, 0.00421057, 0.00459031, 0.00682531, 0.00552446, 0.0071435, 0.00829772, 0.00730735, 0.00704989, 0.00493864, 0.00627823, 0.00564265, 0.00856892, 0.005282];
GivenLatency = [125.775, 264.181, 127.669, 251.13, 177.352, 196.056, 157.391, 180.514, 145.851, 231.86, 140.669, 168.103, 312.252, 119.688, 206.712, 224.25, 141.25, 138.78, 146.671, 167.045, 161.292, 136.63, 135.143, 201.322, 193.416, 138.48, 137.952, 132.312, 130.956, 266.935, 203.524, 225.386, 277.702, 112.257, 207.613, 229.077, 224.337, 117.154, 155.474, 269.445, 189.424, 117.782, 196.065, 139.95, 127.21, 244.415, 258.993, 167.05, 228.84, 194.856, 162.459, 135.495, 303.118, 287.776, 232.179, 279.446, 130.017, 269.737, 158.674, 180.395, 141.123, 202.156, 260.165, 221.213, 283.558, 192.167, 202.573, 178.532, 240.276, 115.095, 191.363, 279.33, 284.159, 177.284, 150.853, 168.527, 270.28, 188.614, 134.679, 154.284, 199.415, 209.328, 133.137, 188.629, 137.145, 128.384, 173.593, 219.173, 132.896, 120.174, 156.109, 135.022, 150.998, 125.891, 257.692, 128.508, 319.165, 159.598, 170.149, 235.425, 196.352, 172.92, 205.801, 156.503, 157.252, 157.916, 122.716, 129.699, 175.423, 153.218, 206.253, 196.584, 177.2, 151.999, 176.228, 281.219, 230.119, 159.656, 197.002, 134.98, 135.026, 133.699, 151.591, 238.934, 205.92, 192.947, 119.681, 233.047];
HighestPossibleCritFunctionValue = 1.1;
