NumDevices = 8;
NumSlotes = 64;


GivenBandwidthOld = [0.0414952, 0.0397459, 0.0389132, 0.0447307, 0.068393, 0.0604969, 0.0510246, 0.049747];
GivenLatency = [12.8197, 10.7247, 9.02411, 12.6286, 9.13116, 9.76389, 7.31242, 6.52277];
HighestPossibleCritFunctionValue = 1.1;
