NumDevices = 128;
NumSlotes = 1024;


GivenBandwidthOld = [0.00654662, 0.00655117, 0.00799969, 0.00832192, 0.00400149, 0.00559563, 0.00826438, 0.00692357, 0.00702788, 0.00510278, 0.00494574, 0.00558179, 0.00571986, 0.00620137, 0.00386977, 0.00666545, 0.00865888, 0.00722639, 0.00639051, 0.00781229, 0.00872796, 0.008383, 0.00560552, 0.00453395, 0.00460974, 0.0084208, 0.00583897, 0.00802344, 0.00751391, 0.00871197, 0.00454964, 0.00835952, 0.0059542, 0.00475971, 0.00397353, 0.00566594, 0.00504031, 0.00493754, 0.00775337, 0.00832887, 0.00588339, 0.00459274, 0.00772001, 0.00769427, 0.00507527, 0.0076063, 0.0066508, 0.00744345, 0.00458429, 0.00574572, 0.00579077, 0.00794997, 0.0075949, 0.00491669, 0.00722907, 0.00648863, 0.00695505, 0.00594421, 0.00679769, 0.00624068, 0.0046221, 0.00621309, 0.00594475, 0.00589721, 0.00693851, 0.00804009, 0.00725523, 0.00609251, 0.00426918, 0.00453767, 0.00707477, 0.00820388, 0.0051553, 0.00754712, 0.00696806, 0.00470856, 0.00433249, 0.00866182, 0.00671941, 0.00557819, 0.00519722, 0.00712423, 0.00446033, 0.00722476, 0.00404154, 0.00861545, 0.00737574, 0.00654975, 0.00414124, 0.0043209, 0.00384494, 0.00442797, 0.00832415, 0.00641283, 0.00792669, 0.00637935, 0.00523144, 0.00732931, 0.0061417, 0.00597361, 0.0059411, 0.00462367, 0.00746829, 0.00707801, 0.00762763, 0.00512257, 0.00761911, 0.00682719, 0.00713697, 0.0085235, 0.00698329, 0.00567971, 0.00645826, 0.00645284, 0.00530338, 0.00637297, 0.00799026, 0.00486807, 0.00521208, 0.00690167, 0.00389594, 0.00651984, 0.0064976, 0.00774621, 0.00805832, 0.00865476, 0.00814471, 0.0056152];
GivenLatency = [159.622, 154.67, 135.096, 143.589, 265.297, 190.981, 143.141, 146.499, 144.055, 220.48, 222.063, 229.118, 222.977, 177.387, 250.197, 142.967, 113.618, 137.43, 174.64, 129.304, 112.835, 118.419, 194.529, 251.023, 210.807, 117.892, 194.506, 123.443, 146.776, 125.284, 268.869, 127.66, 182.733, 256.07, 293.818, 217.389, 201.763, 225.244, 136.975, 128.618, 166.266, 265.615, 137.437, 126.937, 206.458, 135.495, 169.976, 136.263, 236.299, 166.271, 196.003, 121.413, 127.274, 214.956, 135.661, 153.551, 168.085, 187.353, 171.514, 172.375, 221.808, 191.382, 209.627, 163.972, 152.461, 155.468, 141.857, 193.531, 236.637, 281.27, 141.465, 158.242, 191.59, 158.977, 137.256, 218.329, 220.262, 134.822, 156.32, 178.593, 226.254, 178.842, 288.757, 136.779, 266.515, 122.783, 158.155, 162.942, 273.395, 272.015, 266.955, 262.425, 118.024, 197.304, 124.542, 166.484, 217.221, 173.676, 159.789, 210.479, 199.725, 207.71, 130.431, 145.093, 157.004, 237.545, 158.214, 160.395, 150.821, 111.785, 167.897, 171.956, 189.489, 194.882, 185.636, 153.828, 136.412, 257.605, 182.887, 164.638, 267.569, 166.608, 183.308, 124.552, 139.15, 120.955, 117.331, 178.836];
HighestPossibleCritFunctionValue = 1.1;
