NumDevices = 128;
NumSlotes = 1024;


GivenBandwidthOld = [0.00789643, 0.00781691, 0.0062314, 0.00868369, 0.00432648, 0.00757937, 0.00397442, 0.00558872, 0.00708709, 0.00527353, 0.00471941, 0.00660346, 0.00693273, 0.00597382, 0.0044416, 0.00753017, 0.00706075, 0.00752252, 0.00842991, 0.00399784, 0.0042646, 0.00764911, 0.00604041, 0.00861507, 0.00595749, 0.00504045, 0.00732861, 0.00452071, 0.00708888, 0.00537844, 0.00797528, 0.00803582, 0.00553019, 0.00842925, 0.00784773, 0.0043509, 0.00808066, 0.00407721, 0.00812344, 0.00808912, 0.0062814, 0.00394946, 0.00612076, 0.00414043, 0.00572117, 0.00826124, 0.00417169, 0.0061629, 0.00743972, 0.00692779, 0.00789065, 0.00559023, 0.00755081, 0.00399028, 0.0070836, 0.00649969, 0.00776103, 0.00720327, 0.00786403, 0.00819568, 0.00726085, 0.00563489, 0.00811919, 0.00671768, 0.0064954, 0.00577648, 0.00774695, 0.0055701, 0.00417054, 0.00670514, 0.0058216, 0.00608786, 0.00610566, 0.00533992, 0.00560095, 0.00760634, 0.00720181, 0.00836143, 0.007977, 0.00700826, 0.00526812, 0.00377148, 0.0047711, 0.00538708, 0.00809252, 0.00854197, 0.00741881, 0.00545388, 0.00591288, 0.00529012, 0.00858852, 0.0047552, 0.00821713, 0.00788801, 0.0063174, 0.00406782, 0.00535526, 0.00832532, 0.00616972, 0.00691908, 0.0064547, 0.00662447, 0.00494343, 0.00671166, 0.00540278, 0.00703237, 0.00547056, 0.0062148, 0.00472243, 0.00731728, 0.0040423, 0.00645492, 0.0053787, 0.00730502, 0.00802867, 0.00528456, 0.00514848, 0.00800265, 0.00804676, 0.00433846, 0.0040102, 0.00687756, 0.00856647, 0.00421822, 0.0080719, 0.00692436, 0.00529628, 0.00703422];
GivenLatency = [135.815, 144.678, 191.147, 117.086, 262.48, 142.196, 291.3, 225.745, 171.172, 190.646, 226.944, 179.828, 155.907, 211.879, 279.929, 163.52, 143.328, 127.102, 138.694, 290.12, 230.626, 164.188, 187.567, 130.955, 185.126, 254.709, 139.476, 265.001, 161.252, 195.711, 157.084, 121.307, 208.828, 118.032, 144.858, 286.177, 130.551, 249.812, 139.802, 126.43, 196.223, 282.623, 178.406, 245.539, 195.197, 141.32, 296.567, 209.378, 161.232, 157.173, 158.043, 175.994, 168.549, 247.974, 150.491, 181.499, 123.277, 133.84, 123.638, 146.186, 163.155, 224.666, 157.925, 144.077, 146.799, 169.22, 137.905, 232.518, 238.019, 189.577, 212.395, 163.362, 208.081, 184.431, 216.867, 128.662, 147.833, 152.797, 148.623, 150.917, 224.884, 253.46, 223.346, 225.518, 126.267, 139.518, 149.047, 237.453, 178.565, 196.73, 116.242, 240.286, 156.063, 128.001, 169.245, 274.75, 182.114, 153.08, 163.102, 173.275, 172.464, 152.633, 243.207, 143.212, 222.711, 182.811, 219.721, 183.652, 231.989, 151.522, 297.477, 199.668, 199.765, 158.805, 157.421, 212.902, 191.468, 150.552, 129.771, 288.506, 263.771, 173.599, 127.056, 267.805, 151.605, 181.755, 181.145, 169.946];
HighestPossibleCritFunctionValue = 1.1;
