NumDevices = 16;
NumSlotes = 128;


GivenBandwidthOld = [0.0360684, 0.0615481, 0.0582123, 0.0340602, 0.0305698, 0.0466397, 0.0533928, 0.032998, 0.0566665, 0.0537457, 0.0432565, 0.0312776, 0.0628734, 0.0537265, 0.0419261, 0.0316947];
GivenLatency = [29.8383, 17.6987, 16.462, 25.1372, 26.5321, 19.2169, 15.5946, 31.3416, 14.1069, 17.583, 18.7192, 33.4008, 12.295, 16.4567, 20.7808, 29.157];
HighestPossibleCritFunctionValue = 1.1;
