NumDevices = 16;
NumSlotes = 128;


GivenBandwidthOld = [0.0338329, 0.0498315, 0.0579677, 0.0432579, 0.0557785, 0.0498115, 0.041524, 0.0336831, 0.0514975, 0.0577883, 0.0677938, 0.0310808, 0.0349542, 0.0554845, 0.0678375, 0.0442175];
GivenLatency = [23.92, 17.4255, 15.587, 22.7228, 13.8829, 18.4189, 24.3747, 23.1198, 17.1688, 16.8325, 16.1495, 34.4471, 27.9189, 19.5564, 14.3273, 21.2982];
HighestPossibleCritFunctionValue = 1.1;
