NumDevices = 16;
NumSlotes = 128;


GivenBandwidthOld = [0.0661619, 0.0529594, 0.0590898, 0.041749, 0.0449744, 0.0555174, 0.0506419, 0.0590993, 0.0525398, 0.0559474, 0.0779606, 0.0529398, 0.0788002, 0.0642831, 0.0758264, 0.0338524];
GivenLatency = [20.4562, 28.9, 24.4223, 38.2214, 34.4334, 29.2548, 28.9113, 23.0784, 31.293, 26.1969, 25.1924, 26.2974, 17.9229, 21.4085, 23.0678, 43.1218];
HighestPossibleCritFunctionValue = 1.1;
