NumDevices = 64;
NumSlotes = 512;


GivenBandwidthOld = [0.00704982, 0.00257873, 0.00691796, 0.00508487, 0.00270383, 0.00331431, 0.00737121, 0.00420926, 0.00509398, 0.0056958, 0.00809771, 0.00827841, 0.00775033, 0.0072321, 0.00371543, 0.00514872, 0.00695865, 0.00770253, 0.00391067, 0.00539238, 0.00848305, 0.00336639, 0.00761038, 0.00507034, 0.00837862, 0.00451439, 0.00832933, 0.00729429, 0.0050932, 0.00515668, 0.00331578, 0.00703137, 0.00494804, 0.00287621, 0.00676304, 0.00771587, 0.00314711, 0.00342559, 0.00256139, 0.00300618, 0.00358637, 0.0048015, 0.00874563, 0.00406327, 0.00762152, 0.00483305, 0.00776619, 0.00514935, 0.00508338, 0.00264893, 0.00563835, 0.00499554, 0.00747599, 0.00277828, 0.00457315, 0.00835963, 0.00395997, 0.0026971, 0.00272151, 0.00673654, 0.00604235, 0.0074914, 0.00549257, 0.00483946];
GivenLatency = [84.785, 210.939, 92.6201, 78.3768, 126.453, 139.965, 84.5964, 119.703, 100.957, 109.058, 48.1987, 57.3089, 49.6187, 68.523, 97.3847, 71.2373, 57.4459, 46.3048, 147.746, 62.9396, 46.4533, 156.624, 52.3295, 68.6174, 58.0806, 76.5342, 54.9881, 64.4481, 98.6488, 65.8444, 156.971, 51.2965, 113.948, 130.564, 58.6792, 68.378, 127.376, 113.877, 150.08, 189.986, 149.371, 126.128, 39.8064, 106.69, 58.3307, 110.602, 40.1421, 79.8903, 113.667, 121.278, 104.29, 67.8861, 55.5005, 196.31, 82.2214, 38.608, 79.4557, 202.827, 182.252, 82.0306, 65.5326, 55.1231, 56.9193, 122.743];
HighestPossibleCritFunctionValue = 1.1;
