NumDevices = 128;
NumSlotes = 1024;


GivenBandwidthOld = [0.00332985, 0.00408412, 0.00297843, 0.00411606, 0.00228296, 0.00282984, 0.00365439, 0.00249977, 0.00307919, 0.00384391, 0.00327972, 0.00228939, 0.00155794, 0.00174723, 0.00199352, 0.00391516, 0.00391993, 0.00285874, 0.00178366, 0.00176101, 0.00222972, 0.00181496, 0.00284835, 0.00220698, 0.00399585, 0.00386044, 0.00307584, 0.0038477, 0.00138367, 0.00414257, 0.00423077, 0.00222397, 0.00194269, 0.00260055, 0.00304807, 0.00266849, 0.00427193, 0.00330872, 0.00212141, 0.00329526, 0.00401694, 0.00209219, 0.00282077, 0.00432974, 0.00308798, 0.00152329, 0.00376542, 0.00295635, 0.00177289, 0.00190481, 0.00352397, 0.00428664, 0.00373745, 0.00154006, 0.00433263, 0.00170587, 0.00373434, 0.00250223, 0.00374149, 0.00389964, 0.00255523, 0.00387019, 0.00433687, 0.00421653, 0.00347795, 0.00258188, 0.00179768, 0.00302473, 0.00411358, 0.00138474, 0.0033569, 0.00260095, 0.00360907, 0.00319784, 0.00424864, 0.00244415, 0.00259436, 0.00213915, 0.00143226, 0.00197285, 0.00338416, 0.0012561, 0.00368969, 0.00198878, 0.00236994, 0.00226769, 0.00242905, 0.00199431, 0.00153983, 0.00372942, 0.00412521, 0.00308278, 0.00172048, 0.00236846, 0.002395, 0.00149222, 0.00355504, 0.00150495, 0.00177597, 0.00377111, 0.00172717, 0.00222123, 0.00280969, 0.00245339, 0.00167108, 0.00336109, 0.00419967, 0.00132296, 0.00247859, 0.00328148, 0.00378179, 0.00311777, 0.00230182, 0.00411261, 0.00371639, 0.00384649, 0.00299092, 0.00152106, 0.00389302, 0.00369358, 0.00169714, 0.00384469, 0.00403158, 0.00430783, 0.00360214, 0.00248342, 0.00325389, 0.00245192];
GivenLatency = [157.953, 103.766, 207.25, 99.1277, 154.927, 136.934, 96.1767, 153.038, 173.373, 117.789, 173.774, 138.662, 241.319, 277.579, 312.952, 148.724, 89.4954, 142.164, 226.849, 262.848, 169.346, 300.725, 117.46, 184.252, 95.0602, 156.236, 142.004, 87.0274, 255.339, 98.6939, 78.3588, 195.357, 168.089, 222.738, 114.874, 216.93, 83.1199, 99.7741, 155.308, 104.212, 79.4286, 166.593, 170.981, 106.553, 153.727, 369.903, 135.684, 116.588, 210.037, 196.117, 97.0906, 118.78, 94.5938, 219.638, 99.3667, 350.611, 132.886, 167.204, 143.785, 92.5074, 157.623, 113.368, 73.882, 74.5935, 99.7537, 194.825, 322.837, 131.104, 102.446, 242.919, 146.017, 169.751, 125.302, 108.944, 101.237, 142.072, 133.753, 158.793, 382.138, 298.56, 157.627, 253.261, 120.98, 221.976, 258.605, 145.941, 175.064, 208.278, 261.829, 138.433, 118.187, 192.33, 222.805, 169.698, 194.588, 382.854, 100.294, 215.669, 238.708, 90.2769, 295.431, 163.455, 114.778, 208.52, 359.849, 155.994, 120.145, 259.214, 192.372, 183.065, 154.035, 147.578, 200.095, 108.859, 98.7236, 93.5984, 205.443, 228.565, 129.385, 170.496, 199.243, 135.137, 92.3778, 86.7777, 128.929, 133.651, 114.278, 154.958];
HighestPossibleCritFunctionValue = 1.1;
