NumDevices = 128;
NumSlotes = 1024;


GivenBandwidthOld = [0.00654311, 0.00381318, 0.00933859, 0.0061711, 0.00761855, 0.00997396, 0.00981289, 0.00901999, 0.00765051, 0.00955004, 0.00997687, 0.00878483, 0.00542173, 0.00683308, 0.00852052, 0.00691153, 0.00835144, 0.00894877, 0.00452594, 0.00742076, 0.0045193, 0.00840092, 0.00926371, 0.00398617, 0.00423797, 0.00500827, 0.00767068, 0.0048047, 0.00509674, 0.00723944, 0.00694109, 0.00515865, 0.00394775, 0.00864409, 0.0087679, 0.00827507, 0.00659864, 0.00585869, 0.00701689, 0.00404352, 0.00568169, 0.00713126, 0.00765241, 0.00413414, 0.00999514, 0.0096081, 0.00465443, 0.00446326, 0.00396788, 0.00947764, 0.00577244, 0.0073233, 0.00386918, 0.00689366, 0.00794389, 0.00920024, 0.00594867, 0.00679076, 0.00980929, 0.00476892, 0.00378882, 0.00622227, 0.00526392, 0.00452315, 0.00434075, 0.00754383, 0.00422743, 0.00923465, 0.009205, 0.00469517, 0.0079606, 0.00877211, 0.00409393, 0.0091591, 0.0082679, 0.00489813, 0.00658305, 0.00636897, 0.00835223, 0.00975918, 0.00623645, 0.00608729, 0.00528179, 0.00480118, 0.00838889, 0.00710302, 0.00794775, 0.00539688, 0.00781246, 0.00658166, 0.00801343, 0.00914064, 0.00416162, 0.00927964, 0.00918781, 0.00954096, 0.00741941, 0.006815, 0.00477752, 0.00447403, 0.00995346, 0.00898223, 0.00440873, 0.00623904, 0.00576107, 0.00997341, 0.00689831, 0.00491429, 0.00951328, 0.00472868, 0.00870145, 0.00406463, 0.0042642, 0.00848543, 0.00467049, 0.00571405, 0.00721248, 0.00386979, 0.00449271, 0.00516149, 0.00786293, 0.00484578, 0.00797433, 0.00825634, 0.00430363, 0.00858366, 0.00556316, 0.00879319];
GivenLatency = [559.903, 924.214, 451.006, 558.11, 490.936, 353.765, 340.215, 539.064, 509.468, 429.662, 351.11, 519.64, 743.92, 655.423, 430.284, 577.441, 540.161, 397.023, 908.066, 548.328, 782.577, 445.173, 512.462, 1095.46, 1071.8, 784.623, 572.519, 769.739, 809.69, 527.526, 710.703, 894.451, 892.492, 393.555, 491.949, 593.2, 564.836, 712.461, 684.399, 998.411, 720.42, 504.881, 548.865, 1042.72, 363.49, 446.357, 856.478, 828.45, 847.587, 455.878, 771.857, 462.386, 865.65, 530.757, 592.977, 429.079, 569.251, 576.805, 411.414, 1019.17, 974.208, 564.947, 720.674, 771.187, 916.62, 618.41, 969.167, 384.853, 408.244, 805.306, 474.111, 522.556, 1144.65, 450.413, 488.412, 771.036, 589.631, 630.222, 519.322, 482.437, 671.858, 807.401, 891.062, 706.45, 404.076, 490.138, 467.054, 892.5, 617.545, 631.841, 520.352, 449.693, 1120.48, 464.975, 368.648, 518.176, 548.238, 672.339, 829.75, 886.701, 367.961, 415.366, 785.885, 634.98, 822.096, 381.887, 536.964, 819.152, 379.598, 1043.92, 483.151, 973.705, 1167.83, 422.527, 952.778, 867.575, 658.538, 1054.65, 777.115, 652.18, 530.077, 899.779, 617.721, 469.475, 1089.46, 515.997, 755.969, 438.25];
HighestPossibleCritFunctionValue = 1.1;
