NumDevices = 128;
NumSlotes = 1024;


GivenBandwidthOld = [0.00482419, 0.00769871, 0.00472792, 0.00460998, 0.00735511, 0.00488507, 0.00581891, 0.00593522, 0.00580222, 0.00533261, 0.00768809, 0.00624737, 0.00706293, 0.00409232, 0.0071603, 0.00565055, 0.00621703, 0.00715333, 0.00849281, 0.00617058, 0.00638812, 0.00759822, 0.0057419, 0.00666807, 0.00780566, 0.0072933, 0.00600182, 0.00501019, 0.00384158, 0.00788726, 0.00870055, 0.00765724, 0.00779337, 0.0057409, 0.00477012, 0.00390959, 0.00606412, 0.00720873, 0.00460406, 0.00796758, 0.00862117, 0.00849604, 0.00539092, 0.00768828, 0.00448788, 0.00528411, 0.00747598, 0.00624742, 0.0079252, 0.00626813, 0.00597667, 0.00742883, 0.00384741, 0.00598168, 0.0066334, 0.00509076, 0.00786963, 0.00738803, 0.00808329, 0.00836687, 0.00441267, 0.00627558, 0.00613746, 0.004729, 0.00772497, 0.00603493, 0.00651987, 0.00700076, 0.00431061, 0.00592448, 0.00527175, 0.0047504, 0.00750128, 0.0065868, 0.0068359, 0.00848925, 0.00635031, 0.00716978, 0.00498842, 0.00785731, 0.00524646, 0.0046869, 0.00529761, 0.00445329, 0.00387941, 0.00379342, 0.00852062, 0.00861688, 0.00635663, 0.00845947, 0.00574306, 0.00606988, 0.0039286, 0.00555518, 0.00843836, 0.00597476, 0.00523326, 0.0079022, 0.00469961, 0.0038262, 0.0045232, 0.00389606, 0.00853897, 0.00693157, 0.00636328, 0.00520585, 0.00727435, 0.00742519, 0.00765573, 0.00739673, 0.004303, 0.00794354, 0.004645, 0.00605105, 0.0074595, 0.004354, 0.0051727, 0.00499127, 0.00570178, 0.00731444, 0.00636676, 0.00863009, 0.00843972, 0.00393564, 0.00382305, 0.00646237, 0.00557689, 0.00835582];
GivenLatency = [197.949, 131.153, 226.676, 234.23, 169.059, 204.807, 168.288, 186.954, 208.019, 193.121, 147.149, 179.327, 174.748, 288.291, 136.928, 171.347, 153.972, 157.683, 128.731, 206.042, 163.371, 169.723, 193.376, 161.24, 140.599, 143.518, 188.874, 254.368, 323.299, 121.22, 134.044, 136.55, 151.758, 168.46, 204.035, 303.084, 183.056, 140.879, 261.481, 136.985, 145.648, 134.754, 176.98, 146.507, 250.402, 202.198, 128.284, 157.812, 153.541, 189.238, 171.619, 171.583, 275.945, 164.475, 145.762, 210.243, 141.125, 132.109, 153.746, 119.186, 245.449, 200, 205.569, 227.336, 153.932, 203.398, 178.956, 172.457, 228.553, 193.774, 189.119, 200.728, 144.009, 171.228, 143.8, 130.73, 190.859, 142.496, 207.576, 157.598, 201.925, 216.635, 206.692, 247.251, 289.307, 278.015, 125.03, 128.108, 173.668, 146.701, 181.145, 163.498, 278.716, 173.558, 153.38, 211.451, 199.753, 151.64, 210.464, 309.277, 285.259, 274.145, 132.571, 151.384, 153.942, 220.655, 144.399, 169.41, 165.218, 150.272, 286.342, 152.108, 212.237, 170.437, 138.323, 237.602, 250.796, 245.492, 215.598, 141.508, 195.008, 117.903, 136.353, 327.876, 315.357, 186.682, 177.435, 134.977];
HighestPossibleCritFunctionValue = 1.1;
