NumDevices = 64;
NumSlotes = 512;


GivenBandwidthOld = [0.0122292, 0.0156078, 0.0134725, 0.0115738, 0.0137468, 0.00987039, 0.00911186, 0.0105825, 0.0158646, 0.0163797, 0.0117201, 0.0100143, 0.0149577, 0.0118017, 0.0181863, 0.0127822, 0.0099099, 0.0106389, 0.0128427, 0.0141404, 0.0122921, 0.0114037, 0.0165974, 0.00777568, 0.0158888, 0.0113539, 0.0171507, 0.0188554, 0.00832184, 0.0076017, 0.0167401, 0.01853, 0.0132309, 0.0145277, 0.00913381, 0.0169721, 0.0176343, 0.00931207, 0.0130351, 0.0108763, 0.0158009, 0.00906319, 0.0175383, 0.00944295, 0.0126221, 0.0194659, 0.0190143, 0.01557, 0.015632, 0.0196339, 0.0173289, 0.0136853, 0.0136411, 0.00902699, 0.00920679, 0.0185542, 0.0196161, 0.0181192, 0.00993945, 0.0199035, 0.0105328, 0.0174321, 0.0106126, 0.0086578];
GivenLatency = [199.915, 154.663, 218.184, 194.653, 175.255, 236.979, 350.45, 247.462, 144.729, 175.948, 254.655, 236.246, 185.396, 199.114, 183.22, 218.427, 249.701, 277.158, 228.578, 162.525, 198.593, 230.542, 192.918, 361.539, 201.036, 207.752, 139.957, 159.49, 296.205, 340.863, 173.33, 176.595, 173.468, 226.318, 263.962, 157.753, 181.864, 263.044, 174.192, 231.568, 160.842, 282.468, 169.45, 290.532, 250.769, 148.937, 146.165, 145.288, 197.323, 168.325, 165.563, 238.896, 181.231, 271.231, 317.937, 173.981, 161.496, 173.813, 247.54, 117.83, 281.216, 180.601, 283.616, 259.155];
HighestPossibleCritFunctionValue = 1.1;
