NumDevices = 64;
NumSlotes = 512;


GivenBandwidthOld = [0.00610016, 0.00407024, 0.00594901, 0.00753833, 0.00668784, 0.00623346, 0.00706595, 0.00498992, 0.00685598, 0.00713363, 0.00490585, 0.00638484, 0.00741982, 0.00865782, 0.0032974, 0.00443087, 0.00469999, 0.00269496, 0.00422041, 0.00494953, 0.00295038, 0.00335081, 0.00826965, 0.00430633, 0.0051806, 0.00537104, 0.00609164, 0.00460917, 0.00762212, 0.00868748, 0.00791602, 0.0045407, 0.00680245, 0.00760998, 0.00461984, 0.00562342, 0.00399032, 0.00663545, 0.00695377, 0.00705432, 0.00320254, 0.00378134, 0.00665911, 0.00471701, 0.00746946, 0.00543245, 0.00692833, 0.00445075, 0.00758088, 0.00305149, 0.00265568, 0.00658236, 0.00838845, 0.00718174, 0.00730553, 0.00645616, 0.00616137, 0.00787646, 0.00840458, 0.00330376, 0.00498249, 0.00700577, 0.00599616, 0.006281];
GivenLatency = [65.5054, 135.89, 79.4219, 59.6581, 71.3568, 65.8839, 44.8835, 107.651, 59.9856, 68.8562, 104.036, 70.9633, 41.9083, 69.634, 118.371, 134.08, 119.258, 197.223, 90.6188, 99.0191, 167.147, 127.508, 60.0451, 141.417, 114.422, 112.918, 97.2351, 70.1061, 48.3587, 39.0307, 45.3481, 90.4001, 45.6666, 55.7029, 85.208, 58.0962, 103.123, 62.4221, 50.9274, 46.2952, 133.828, 131.131, 77.8534, 78.4976, 66.7852, 83.305, 45.6978, 72.8959, 77.6137, 120.422, 195.549, 76.1969, 51.3358, 80.5247, 63.9011, 57.7703, 51.3896, 42.0726, 41.3833, 102.89, 107.621, 75.1717, 60.8258, 56.8922];
HighestPossibleCritFunctionValue = 1.1;
