NumDevices = 64;
NumSlotes = 512;


GivenBandwidthOld = [0.00315158, 0.00353921, 0.0060552, 0.00480848, 0.00734406, 0.00419235, 0.00840491, 0.00256142, 0.00348457, 0.00633367, 0.00367682, 0.00623494, 0.00696066, 0.00400178, 0.00543521, 0.00337201, 0.00839215, 0.00693665, 0.00671342, 0.00496409, 0.00400232, 0.00819625, 0.00812072, 0.00749746, 0.00736573, 0.0057616, 0.00772876, 0.00720328, 0.00681673, 0.00377439, 0.0086887, 0.00342331, 0.00804064, 0.0052606, 0.00620097, 0.00462264, 0.00277387, 0.00536611, 0.00437434, 0.00458918, 0.00282406, 0.00525552, 0.00826201, 0.00707493, 0.00586999, 0.00448936, 0.00641717, 0.00707538, 0.00711374, 0.00817151, 0.00476317, 0.00832669, 0.00674356, 0.00534242, 0.00623319, 0.0025431, 0.00805215, 0.00504028, 0.00322239, 0.00621935, 0.00737106, 0.00783611, 0.00523795, 0.00665447];
GivenLatency = [105.398, 148.161, 59.9053, 67.9105, 49.376, 82.4721, 37.9677, 137.321, 121.464, 78.0426, 85.8013, 89.2233, 56.6687, 92.5001, 106.54, 97.0721, 54.3401, 73.5727, 49.769, 92.5387, 96.7885, 57.9218, 42.9122, 67.3528, 42.5749, 108.277, 60.3372, 63.8584, 56.7183, 109.739, 39.819, 121.789, 43.3312, 67.8709, 55.7947, 138.724, 122.468, 79.6974, 122.805, 70.4124, 174.355, 84.8859, 40.0843, 65.1913, 95.5841, 106.872, 53.7621, 74.1006, 51.0444, 49.5031, 118.345, 50.4077, 79.0795, 60.7486, 68.8614, 236.38, 70.5923, 70.9633, 109.233, 87.663, 68.5722, 49.6834, 67.8101, 62.4501];
HighestPossibleCritFunctionValue = 1.1;
