NumDevices = 128;
NumSlotes = 1024;


GivenBandwidthOld = [0.00963168, 0.00715654, 0.00739784, 0.00672768, 0.00588385, 0.00494992, 0.00827377, 0.00976791, 0.00931878, 0.00444875, 0.00396522, 0.00848904, 0.00898241, 0.00728203, 0.00412162, 0.00583751, 0.00726966, 0.00865014, 0.00417407, 0.00606204, 0.00593077, 0.00589005, 0.00903588, 0.00611129, 0.00871738, 0.00926672, 0.0044662, 0.00964938, 0.00461389, 0.00440502, 0.00640621, 0.00923007, 0.00721999, 0.00512199, 0.00648069, 0.00478474, 0.00714701, 0.00987138, 0.00456396, 0.00899547, 0.00807059, 0.00745327, 0.00712613, 0.00893464, 0.00443229, 0.00841665, 0.00481011, 0.00844754, 0.00527343, 0.00798019, 0.00686849, 0.00379001, 0.00744825, 0.00399227, 0.00682499, 0.00382091, 0.00806081, 0.00553612, 0.00436904, 0.00801543, 0.00534582, 0.00601637, 0.00707781, 0.00919564, 0.00991498, 0.00615674, 0.00379128, 0.0037959, 0.00636221, 0.00715461, 0.00621982, 0.00769573, 0.00717921, 0.00716049, 0.0051033, 0.00493281, 0.00818581, 0.00641636, 0.00475927, 0.00398484, 0.00699009, 0.00375424, 0.00633887, 0.00867437, 0.00516034, 0.00731595, 0.00534266, 0.00915672, 0.00579169, 0.00592429, 0.00960288, 0.00434325, 0.00573985, 0.00961832, 0.00762935, 0.0039858, 0.00441162, 0.00489166, 0.00417106, 0.00545884, 0.00544341, 0.00869566, 0.00679509, 0.00758538, 0.00871386, 0.00642152, 0.00390182, 0.00540015, 0.00654745, 0.00803815, 0.00598757, 0.00437404, 0.00449457, 0.0053076, 0.00738752, 0.00823869, 0.00774386, 0.00981656, 0.00812002, 0.00688398, 0.00778264, 0.00526803, 0.00480603, 0.00872796, 0.00581852, 0.00689857, 0.0092906, 0.00590597];
GivenLatency = [391.264, 606.942, 506.36, 508.56, 619.061, 717.472, 463.954, 385.16, 491.564, 993.376, 1240.24, 427.481, 488.094, 474.712, 1147.64, 605.342, 623.895, 456.682, 981.029, 566.748, 702.606, 636.68, 400.567, 557.041, 417.297, 383.067, 833.263, 385.868, 1072.35, 1037.1, 668.504, 532.535, 690.136, 892.581, 639.464, 759.964, 474.713, 396.742, 865.145, 421.647, 466.757, 571.832, 596.149, 494.772, 854.692, 527.012, 825.243, 519.466, 799.021, 458.56, 614.242, 1197.47, 504.987, 1050.43, 528.117, 1191.98, 511.328, 681.225, 768.091, 594.822, 783.722, 634.389, 637.498, 380.435, 366.953, 738.572, 1158.69, 1222.08, 609.968, 522.677, 552.937, 540.402, 641.034, 645.965, 920.965, 707.11, 450.615, 728.861, 948.317, 865.753, 573.1, 1131.1, 716.686, 460.425, 723.517, 525.432, 809.827, 447.601, 812.847, 636.692, 370.095, 851, 801.376, 377.434, 487.216, 880.265, 818.591, 722.125, 909.496, 907.888, 781.375, 418.519, 495.973, 477.189, 457.585, 528.381, 1146.98, 885.173, 582.688, 470.332, 567.966, 864.182, 953.258, 738.148, 643.545, 416.968, 452.493, 393.486, 548.769, 562.432, 627.214, 660.054, 994.522, 509.049, 709.852, 710.73, 373.826, 706.561];
HighestPossibleCritFunctionValue = 1.1;
