NumDevices = 64;
NumSlotes = 512;


GivenBandwidthOld = [0.011877, 0.012174, 0.0141747, 0.00891525, 0.013588, 0.00908558, 0.016346, 0.0126609, 0.016614, 0.0165753, 0.0166427, 0.00914104, 0.00854495, 0.009922, 0.0140967, 0.00837524, 0.00761855, 0.0100142, 0.0132527, 0.0131368, 0.0157889, 0.00855768, 0.0139034, 0.00928535, 0.0139378, 0.00756748, 0.0116736, 0.0138828, 0.0137523, 0.0103219, 0.0159334, 0.0171467, 0.0102662, 0.00851982, 0.00757277, 0.0105133, 0.0127235, 0.00911432, 0.00932395, 0.0126584, 0.0151273, 0.00922954, 0.0159463, 0.0152432, 0.00802382, 0.0113608, 0.0157611, 0.0111862, 0.0120938, 0.015789, 0.0109252, 0.0140843, 0.00989532, 0.0156027, 0.0096568, 0.0168275, 0.0148792, 0.0103292, 0.0174847, 0.0105344, 0.0165252, 0.0137187, 0.015537, 0.0156362];
GivenLatency = [88.1877, 75.64, 75.9327, 137.501, 69.9708, 107.682, 73.0816, 77.7583, 67.2268, 58.75, 55.6172, 118.077, 131.202, 105.824, 68.0248, 131.584, 123.938, 97.9898, 93.8513, 94.5418, 68.6248, 111.611, 73.4018, 116.466, 83.8851, 143.761, 88.8208, 66.391, 81.9579, 101.029, 68.4401, 68.3323, 121.634, 135.071, 152.649, 97.9973, 91.8307, 108.513, 115.337, 74.532, 77.2105, 128.25, 62.8581, 61.1036, 116.375, 81.4764, 67.0776, 85.198, 78.3958, 74.7875, 89.3739, 77.3183, 114.047, 60.6739, 117.707, 63.4014, 74.5227, 99.0703, 65.2679, 104.28, 74.6092, 76.9981, 60.6017, 72.9051];
HighestPossibleCritFunctionValue = 1.1;
