NumDevices = 16;
NumSlotes = 128;


GivenBandwidthOld = [0.0478742, 0.0424311, 0.0594585, 0.0382843, 0.0636977, 0.0371904, 0.07831, 0.0754493, 0.0463263, 0.0755276, 0.0624625, 0.0775925, 0.0671196, 0.0484627, 0.0318567, 0.036054];
GivenLatency = [28.0137, 35.9786, 28.0593, 37.9184, 25.0399, 41.7295, 18.0293, 23.3498, 36.2515, 25.7171, 24.5456, 19.3688, 29.2573, 30.5806, 50.6444, 45.1019];
HighestPossibleCritFunctionValue = 1.1;
