NumDevices = 64;
NumSlotes = 512;


GivenBandwidthOld = [0.00621641, 0.00796588, 0.00499568, 0.00357826, 0.00603262, 0.00647526, 0.00852334, 0.00548297, 0.00599905, 0.00477495, 0.0062701, 0.00407272, 0.00403311, 0.00693885, 0.00617643, 0.00481738, 0.00696091, 0.00830462, 0.00451691, 0.00698309, 0.00600156, 0.00320419, 0.00648707, 0.00700603, 0.00408784, 0.00811897, 0.00309125, 0.00839589, 0.00724438, 0.00387183, 0.00254297, 0.00599196, 0.00436177, 0.00581639, 0.00355525, 0.0068054, 0.0070673, 0.00258078, 0.00400356, 0.00411868, 0.00762821, 0.00484542, 0.00322965, 0.00323656, 0.00679555, 0.00400192, 0.00783595, 0.00258852, 0.00282474, 0.00411461, 0.0080635, 0.0081945, 0.00368834, 0.00619815, 0.00729321, 0.00579329, 0.002878, 0.00548373, 0.00634868, 0.00594819, 0.00617328, 0.0080587, 0.00251226, 0.00859193];
GivenLatency = [51.6371, 76.5547, 68.8726, 156.529, 105.606, 76.492, 64.0946, 56.3303, 61.4929, 72.9191, 87.1702, 134.701, 147.111, 44.525, 55.193, 102.073, 54.7678, 45.7236, 111.412, 57.5075, 57.6641, 155.233, 77.3903, 56.699, 148.856, 71.2613, 122.522, 75.8157, 61.6443, 128.151, 243.718, 59.7732, 101.051, 84.5028, 104.004, 70.3247, 61.775, 121.58, 131.598, 86.9313, 58.2675, 71.9518, 147.077, 174.576, 78.6319, 85.1676, 53.2143, 193.768, 125.273, 108.051, 70.83, 38.079, 130.435, 101.428, 43.2985, 76.6358, 108.842, 113.633, 59.4877, 70.6017, 58.0518, 68.9054, 240.564, 50.958];
HighestPossibleCritFunctionValue = 1.1;
