NumDevices = 64;
NumSlotes = 512;


GivenBandwidthOld = [0.0101895, 0.00980301, 0.0142025, 0.0164345, 0.00883105, 0.0084104, 0.00867316, 0.0147895, 0.0123418, 0.0130578, 0.0077041, 0.00775163, 0.016601, 0.0172588, 0.0134593, 0.0149864, 0.0113876, 0.0161645, 0.0111788, 0.00791532, 0.00779664, 0.0130716, 0.00920912, 0.0126248, 0.0102602, 0.0077856, 0.00760166, 0.0161827, 0.017251, 0.0127418, 0.017172, 0.0152873, 0.00910406, 0.0168815, 0.0121726, 0.0101486, 0.0123748, 0.00836548, 0.0136321, 0.00953157, 0.0120444, 0.0148171, 0.0165697, 0.0113994, 0.0147667, 0.00935228, 0.00879555, 0.0118903, 0.0157988, 0.0162797, 0.00868766, 0.00847002, 0.010552, 0.0119168, 0.0102411, 0.00788526, 0.0126034, 0.0104317, 0.00987668, 0.0123981, 0.0104978, 0.0116538, 0.0110388, 0.0136678];
GivenLatency = [115.516, 98.2224, 69.9629, 58.0852, 130.861, 125.926, 108.836, 81.4327, 77.5253, 89.462, 149.898, 130.671, 60.6406, 66.024, 79.9339, 64.3396, 89.5494, 64.1297, 94.9965, 138.11, 151.389, 74.1117, 117.515, 96.1255, 100.788, 142.341, 142.804, 64.7691, 57.4331, 97.495, 71.7297, 74.6168, 104.57, 61.1536, 90.7865, 116.405, 81.3631, 129.8, 71.7826, 97.3861, 85.656, 65.8926, 66.8534, 82.6867, 70.8604, 106.375, 110.965, 94.0401, 75.5521, 67.6114, 124.845, 136.894, 109.209, 97.5755, 99.0678, 143.418, 83.2212, 105.682, 94.8025, 73.8617, 116.685, 106.138, 109.255, 75.3475];
HighestPossibleCritFunctionValue = 1.1;
