NumDevices = 16;
NumSlotes = 128;


GivenBandwidthOld = [0.0171157, 0.0280349, 0.0221286, 0.0297869, 0.0180096, 0.0271895, 0.0146917, 0.0137787, 0.0190634, 0.0136588, 0.0284949, 0.0287551, 0.0273703, 0.0283064, 0.0105422, 0.0233539];
GivenLatency = [23.3467, 11.1779, 14.2753, 20.5742, 18.7965, 17.9741, 33.4604, 33.5982, 24.0751, 28.3016, 13.0068, 16.4603, 12.0165, 19.313, 48.3313, 13.4007];
HighestPossibleCritFunctionValue = 1.1;
