NumDevices = 128;
NumSlotes = 1024;


GivenBandwidthOld = [0.00697121, 0.00770424, 0.00759957, 0.00843067, 0.00668897, 0.00396879, 0.0059055, 0.00621458, 0.00597575, 0.00688965, 0.00688443, 0.00417052, 0.00638297, 0.00606855, 0.00659477, 0.00577298, 0.0039766, 0.00714604, 0.00601471, 0.00673574, 0.00512488, 0.00634394, 0.00514524, 0.00849316, 0.00708301, 0.00661017, 0.00463887, 0.00798406, 0.00567758, 0.00552298, 0.00714862, 0.00435217, 0.00447998, 0.00758982, 0.0045317, 0.00679883, 0.00542796, 0.00529427, 0.00833309, 0.00678118, 0.0087118, 0.0066589, 0.00856209, 0.0055724, 0.00774698, 0.00606672, 0.00590088, 0.00864086, 0.00446572, 0.00783291, 0.00516083, 0.00555605, 0.00796156, 0.00735977, 0.00813952, 0.00848575, 0.00754289, 0.00591429, 0.00404139, 0.00617953, 0.00689687, 0.00817124, 0.00658093, 0.00818209, 0.00389299, 0.00702639, 0.00507534, 0.00380299, 0.00443629, 0.00827524, 0.00448272, 0.00852016, 0.00574515, 0.00630701, 0.00440443, 0.00773362, 0.00644632, 0.00587379, 0.00831542, 0.00470045, 0.00804625, 0.00579199, 0.00843017, 0.00830966, 0.00803591, 0.00706729, 0.00745084, 0.00873301, 0.00823681, 0.00856608, 0.0076614, 0.00768606, 0.00711951, 0.0050955, 0.00763423, 0.00592878, 0.0075159, 0.00731515, 0.00822375, 0.00403682, 0.00428088, 0.00617876, 0.00385156, 0.00572445, 0.00840568, 0.0067962, 0.00615098, 0.00709625, 0.00422725, 0.00493833, 0.00601519, 0.00476857, 0.00787987, 0.00453454, 0.00446764, 0.0051303, 0.00741267, 0.00726336, 0.00780697, 0.00422909, 0.00577211, 0.00438527, 0.00572458, 0.00556412, 0.00860279, 0.00454279, 0.00821614, 0.00610366];
GivenLatency = [153.457, 150.023, 169.427, 132.088, 144.396, 290.179, 201.971, 200.302, 176.761, 152.542, 170.139, 250.971, 160.157, 164.143, 180.701, 181.318, 307.802, 146.267, 183.441, 165.085, 203.321, 166.893, 226.154, 124.036, 149.536, 155.674, 241.454, 161.875, 182.547, 226.603, 158.321, 229.75, 216.926, 129.378, 285.302, 170.073, 224.902, 180.404, 152.361, 182.299, 114.476, 193.134, 136.048, 182.687, 151.101, 167.837, 173.318, 114.552, 252.67, 130.521, 249.298, 214.211, 125.917, 169.506, 118.721, 151.347, 147.359, 175.283, 284.334, 207.39, 146.156, 142.615, 172.104, 154.157, 273.115, 145.475, 225.487, 272.75, 283.889, 120.464, 274.388, 133.716, 183.095, 171.619, 217.787, 156.028, 165.456, 182.117, 119.163, 228.973, 129.763, 218.267, 136.375, 124.336, 132.266, 137.18, 135.303, 130.456, 116.136, 117.558, 167.339, 157.71, 150.04, 188.143, 141.936, 203.43, 127.57, 133.24, 123.453, 267.523, 263.919, 180.541, 255.046, 176.016, 149.07, 157.74, 167.769, 145.063, 297.007, 224.394, 187.46, 267.445, 123.383, 240.978, 260.554, 195.005, 141.819, 165.568, 158.027, 234.35, 180.354, 256.514, 176.004, 173.161, 130.664, 254.276, 116.775, 193.381];
HighestPossibleCritFunctionValue = 1.1;
