NumDevices = 16;
NumSlotes = 128;


GivenBandwidthOld = [0.0298143, 0.0296691, 0.0137752, 0.0347558, 0.0301656, 0.0330337, 0.0124542, 0.0322028, 0.0220143, 0.0349689, 0.0124443, 0.0160386, 0.0254845, 0.0328017, 0.0124321, 0.0116717];
GivenLatency = [10.82, 18.6498, 37.6563, 11.2921, 18.397, 9.94815, 38.5932, 10.8077, 16.6598, 12.6921, 26.8909, 35.0134, 12.1291, 12.4859, 26.4663, 27.2472];
HighestPossibleCritFunctionValue = 1.1;
