NumDevices = 64;
NumSlotes = 512;


GivenBandwidthOld = [0.00851879, 0.00400882, 0.00505499, 0.00668245, 0.00317009, 0.00850723, 0.00355628, 0.00532223, 0.00441817, 0.00362781, 0.00762399, 0.00267663, 0.00859606, 0.00269189, 0.00252543, 0.00494073, 0.00506355, 0.00691661, 0.00746412, 0.00324632, 0.00836144, 0.00317866, 0.00874379, 0.00438375, 0.00646544, 0.00593493, 0.00839421, 0.00400587, 0.00533998, 0.00283983, 0.00773471, 0.00732329, 0.00495222, 0.00444937, 0.00304885, 0.00822299, 0.00752562, 0.00557022, 0.00367121, 0.00578877, 0.00809912, 0.00696771, 0.00372648, 0.00342412, 0.0029838, 0.00874107, 0.00869028, 0.00499315, 0.00482183, 0.00671399, 0.00826696, 0.00277652, 0.00630252, 0.00522175, 0.00318745, 0.00644856, 0.00342015, 0.00500217, 0.00639625, 0.00546551, 0.00641018, 0.00831244, 0.00472477, 0.00675875];
GivenLatency = [57.975, 80.315, 112.365, 64.0347, 204.496, 56.335, 104.621, 119.957, 117.906, 119.8, 46.8485, 143.862, 42.783, 169.359, 141.309, 87.3879, 63.473, 56.8362, 42.4156, 149.195, 58.2182, 138.659, 39.701, 77.2738, 95.8131, 82.4232, 58.0496, 80.4204, 76.2178, 120.073, 49.3144, 77.7513, 64.0096, 95.4537, 199.51, 69.855, 73.362, 111.618, 150.002, 63.666, 60.3513, 80.0362, 165.078, 146.403, 152.289, 68.1997, 72.9876, 73.9466, 134.363, 54.155, 46.2516, 178.157, 77.9892, 77.1872, 106.561, 51.3864, 166.063, 69.7341, 73.8047, 76.1916, 94.88, 63.6351, 120.644, 46.0488];
HighestPossibleCritFunctionValue = 1.1;
