NumDevices = 32;
NumSlotes = 256;


GivenBandwidthOld = [0.0153969, 0.00799811, 0.006658, 0.00847167, 0.0158218, 0.0114005, 0.0154915, 0.0113361, 0.00846204, 0.0165802, 0.0077305, 0.0089468, 0.0137804, 0.0142015, 0.0165327, 0.0100187, 0.0169776, 0.0129245, 0.0163244, 0.00901755, 0.0154122, 0.0147806, 0.0124774, 0.0154774, 0.0115183, 0.00784285, 0.00973604, 0.0160777, 0.0129218, 0.00971722, 0.0123607, 0.0160528];
GivenLatency = [35.3929, 43.6112, 59.6753, 66.3775, 30.0033, 29.2046, 39.1667, 54.2966, 38.6622, 36.8036, 43.9, 42.9075, 25.9353, 38.4245, 28.071, 36.3899, 23.5273, 30.3082, 21.4575, 42.0073, 32.915, 27.1761, 47.2273, 23.3029, 44.913, 71.9202, 31.3163, 38.5987, 38.6991, 31.6496, 25.7509, 24.5404];
HighestPossibleCritFunctionValue = 1.1;
