NumDevices = 128;
NumSlotes = 1024;


GivenBandwidthOld = [0.00991198, 0.00557687, 0.00795096, 0.00924988, 0.00897212, 0.00944102, 0.00898837, 0.00760229, 0.00548026, 0.00931367, 0.00609006, 0.00813151, 0.00627723, 0.00387577, 0.00510195, 0.00730296, 0.00581562, 0.0080723, 0.00488594, 0.00792746, 0.00798982, 0.00608452, 0.00874586, 0.0066081, 0.00858539, 0.00960266, 0.00689553, 0.00824551, 0.00971625, 0.00977483, 0.0068651, 0.00928856, 0.00903064, 0.00555686, 0.00913509, 0.00475923, 0.00969849, 0.00504105, 0.00867701, 0.00572202, 0.00996963, 0.0058636, 0.00828959, 0.00689504, 0.00612491, 0.00636916, 0.00529755, 0.00709963, 0.00724937, 0.0052199, 0.00832564, 0.00661298, 0.00927958, 0.0080953, 0.00393785, 0.00463897, 0.00712315, 0.00880097, 0.00789011, 0.00531906, 0.00621066, 0.00387608, 0.00395259, 0.00876794, 0.00894422, 0.00932953, 0.00386374, 0.00910317, 0.00564232, 0.00794212, 0.00444595, 0.00683571, 0.00897684, 0.00748775, 0.00528573, 0.00850424, 0.00825035, 0.00988333, 0.00544744, 0.00763897, 0.00934563, 0.00581411, 0.0076818, 0.0042052, 0.00425106, 0.00626558, 0.00804372, 0.00587959, 0.00828806, 0.0061993, 0.00672043, 0.0090852, 0.00996816, 0.00613658, 0.00872484, 0.00965983, 0.0052156, 0.00492092, 0.0084463, 0.00948693, 0.00561966, 0.00844048, 0.00535556, 0.00722425, 0.00797285, 0.00838252, 0.00633324, 0.00777613, 0.00834732, 0.00837945, 0.00460568, 0.00399128, 0.00900334, 0.00906407, 0.00490653, 0.00401366, 0.00386096, 0.00609731, 0.00498739, 0.00687906, 0.00637688, 0.00377412, 0.00907233, 0.00618782, 0.00738036, 0.00662691, 0.0060279, 0.00709399];
GivenLatency = [423.911, 691.363, 466.853, 463.711, 396.193, 479.47, 416.872, 512.162, 684.621, 364.614, 781.566, 510.047, 599.772, 1156.4, 862.396, 537.938, 602.298, 485.361, 979.597, 576.696, 439.68, 584.46, 419.337, 654.53, 505.367, 377.795, 503.665, 437.392, 381.822, 442.131, 641.314, 448.199, 510.668, 708.722, 522.67, 810.107, 434.142, 741.513, 460.562, 735.009, 482.259, 627.656, 562.863, 499.603, 587.407, 647.51, 878.057, 678.269, 637.256, 905.26, 459.808, 684.752, 370.35, 467.507, 914.413, 854.735, 572.611, 407.392, 477.721, 734.679, 567.968, 1188.77, 1065.45, 496.268, 415.134, 408.505, 1065.97, 489.288, 860.081, 557.306, 826.141, 593.836, 401.127, 666.448, 925.245, 394.124, 507.089, 341.115, 766.917, 442.586, 416.852, 590.236, 460.388, 809.715, 897.021, 563.543, 499.15, 752.757, 558.879, 675.579, 682.479, 540.058, 438.24, 611.589, 546.565, 417.536, 837.624, 903.921, 480.77, 498.586, 755.926, 584.371, 641.958, 595.595, 553.265, 448.716, 734.244, 432.237, 581.769, 527.394, 994.059, 845.673, 400.537, 491.159, 846.491, 1084.39, 1009.21, 645.938, 724.729, 537.608, 531.43, 966.158, 514.785, 806.51, 494.358, 746.657, 808.808, 470.041];
HighestPossibleCritFunctionValue = 1.1;
