NumDevices = 64;
NumSlotes = 512;


GivenBandwidthOld = [0.0067605, 0.0086886, 0.0080489, 0.0065506, 0.00590345, 0.00424952, 0.00670272, 0.00642625, 0.00346198, 0.00800945, 0.00612454, 0.00772168, 0.00700245, 0.00639763, 0.00377381, 0.00521238, 0.00819287, 0.00758141, 0.00582603, 0.00305708, 0.00285684, 0.00623901, 0.00650341, 0.00652478, 0.00330909, 0.00707349, 0.00656643, 0.00319106, 0.00465242, 0.00325477, 0.00670284, 0.00838074, 0.00255824, 0.00627107, 0.0078953, 0.00634984, 0.00670375, 0.00490845, 0.00625814, 0.00300293, 0.00521814, 0.0050346, 0.0078259, 0.00857167, 0.00534322, 0.00727995, 0.00794481, 0.00724941, 0.00703675, 0.00794322, 0.00541196, 0.00623532, 0.00701035, 0.00787801, 0.00327171, 0.00394601, 0.00564052, 0.0040282, 0.00564516, 0.00688922, 0.00340739, 0.00296735, 0.00717733, 0.0082171];
GivenLatency = [46.2734, 72.3867, 72.1449, 73.8108, 79.4228, 89.22, 54.3639, 57.2625, 121.928, 65.6658, 79.3179, 61.8731, 89.6176, 92.4268, 122.533, 62.3712, 65.3365, 78.9926, 88.7822, 141.358, 136.933, 83.3308, 50.7446, 56.4984, 115.988, 71.4807, 91.2396, 127.994, 85.6679, 175.555, 72.3161, 37.7886, 188.481, 64.4902, 45.844, 88.4489, 50.7455, 68.552, 65.279, 167.873, 75.031, 106.329, 75.2353, 62.5449, 64.402, 84.4494, 40.1185, 47.9691, 47.5804, 62.2762, 68.3465, 95.2094, 73.4606, 55.2115, 119.801, 124.654, 54.8912, 119.475, 78.5492, 54.607, 107.462, 105.805, 61.85, 42.6561];
HighestPossibleCritFunctionValue = 1.1;
