NumDevices = 16;
NumSlotes = 128;


GivenBandwidthOld = [0.0471249, 0.0487175, 0.0553603, 0.0599703, 0.0612461, 0.062706, 0.0400585, 0.0433424, 0.0351376, 0.056918, 0.040336, 0.0670082, 0.0666056, 0.059984, 0.051212, 0.0606732];
GivenLatency = [22.5912, 17.0598, 19.937, 16.71, 14.2133, 16.8153, 25.2257, 17.7481, 29.3895, 17.3516, 23.0494, 11.5473, 15.0912, 17.5805, 19.6485, 17.4707];
HighestPossibleCritFunctionValue = 1.1;
