NumDevices = 128;
NumSlotes = 1024;


GivenBandwidthOld = [0.008675, 0.00953116, 0.00524346, 0.00426768, 0.00443481, 0.00715102, 0.00835659, 0.00804334, 0.00570018, 0.00542299, 0.00920459, 0.0040205, 0.00621987, 0.0086281, 0.00869033, 0.00461703, 0.00716683, 0.00540976, 0.00556738, 0.0046503, 0.00376157, 0.00441479, 0.00812315, 0.00958611, 0.00381055, 0.00886476, 0.00502908, 0.00751736, 0.00918882, 0.00777178, 0.00413624, 0.00771004, 0.00385219, 0.00871924, 0.00933154, 0.00639201, 0.00794201, 0.00890518, 0.00934556, 0.00453405, 0.00635443, 0.00773222, 0.00790542, 0.0063541, 0.00840031, 0.00518858, 0.00697071, 0.00927653, 0.00685547, 0.00992354, 0.00617416, 0.00906069, 0.00424009, 0.00942528, 0.00693836, 0.00924447, 0.00560983, 0.0057109, 0.00440395, 0.00725007, 0.00438613, 0.00766321, 0.00426891, 0.00624904, 0.00508836, 0.00384346, 0.00581404, 0.00658464, 0.00800152, 0.00907995, 0.00925021, 0.00823663, 0.00428866, 0.00697093, 0.00660181, 0.00910554, 0.00807485, 0.00402067, 0.00920392, 0.00527038, 0.00683208, 0.00431264, 0.00382507, 0.00919202, 0.00529745, 0.00553812, 0.00674431, 0.00404052, 0.00527464, 0.00955973, 0.00406642, 0.00931228, 0.00769812, 0.00976919, 0.00586492, 0.00544585, 0.00583482, 0.00590191, 0.00842639, 0.00602748, 0.00633215, 0.00813176, 0.00426173, 0.00446816, 0.00508406, 0.0065734, 0.00660921, 0.00855856, 0.00866957, 0.00567542, 0.0080558, 0.0087677, 0.00494177, 0.00883256, 0.00757944, 0.00880914, 0.00764731, 0.00584574, 0.00803519, 0.0061766, 0.00629929, 0.00594893, 0.00492641, 0.00697521, 0.00987882, 0.00448993, 0.00858314, 0.00939947];
GivenLatency = [549.721, 432.447, 721.454, 865.686, 984.534, 628.41, 447.652, 523.578, 827.408, 754.297, 443.782, 847.579, 564.612, 470.86, 411.845, 1035.83, 691.336, 769.087, 629.972, 999.092, 1003.83, 919.857, 469.361, 383.641, 965.226, 439.956, 729.426, 577.623, 488.413, 580.031, 920.626, 450.694, 1105.82, 461.156, 389.707, 592.481, 592.609, 528.851, 457.071, 1076.41, 736.947, 567.678, 436.394, 579.888, 508.39, 670.498, 517.049, 404.555, 610.555, 341.438, 669.358, 522.503, 1177.2, 394.263, 623.715, 506.177, 728.476, 618.186, 900.907, 647.104, 767.29, 618.687, 989.126, 625.477, 726.714, 1028.19, 633.587, 651.145, 494.947, 454.745, 501.465, 490.49, 875.324, 614.338, 559.275, 367.434, 431.077, 923.495, 452.244, 640.819, 550.388, 791.087, 1183.71, 371.388, 762.029, 772.792, 630.946, 912.137, 644.246, 507.239, 1071.72, 471.092, 536.516, 447.187, 618.751, 904.347, 732.02, 671.881, 511.765, 716.021, 538.578, 546.657, 890.823, 968.308, 907.504, 582.005, 684.42, 580.52, 430.01, 807.485, 423.95, 439.249, 701.297, 383.62, 545.853, 446.368, 451.787, 812.529, 511.214, 570.523, 643.451, 794.436, 812.177, 520.341, 367.664, 843.975, 425.854, 433.142];
HighestPossibleCritFunctionValue = 1.1;
