NumDevices = 64;
NumSlotes = 512;


GivenBandwidthOld = [0.0110755, 0.0131523, 0.018022, 0.0139251, 0.0198387, 0.00910799, 0.00795209, 0.018257, 0.0130588, 0.00972101, 0.0110221, 0.015531, 0.0100339, 0.0194274, 0.00904003, 0.0157318, 0.0101127, 0.0187505, 0.00785243, 0.0182812, 0.00768646, 0.016316, 0.0154376, 0.0146606, 0.0175645, 0.0110632, 0.0193874, 0.0123175, 0.0131531, 0.0190137, 0.0186297, 0.0139635, 0.0146042, 0.0195735, 0.0140243, 0.0120966, 0.0126348, 0.00811369, 0.00924702, 0.0196777, 0.0158258, 0.0144261, 0.0137289, 0.00878879, 0.0181713, 0.0104969, 0.013992, 0.0183414, 0.0189782, 0.00907181, 0.0124701, 0.0146747, 0.0172756, 0.0178358, 0.00916399, 0.0116291, 0.0185649, 0.012021, 0.0163995, 0.0189258, 0.0162191, 0.0126788, 0.00998517, 0.0132936];
GivenLatency = [212.604, 218.046, 145.389, 181.903, 139.428, 278.203, 320.831, 123.8, 200.755, 280.376, 203.144, 161.236, 318.535, 121.295, 356.102, 204.043, 234.223, 136.472, 310.682, 172.138, 366.009, 175.797, 160.386, 175.788, 133.612, 207.308, 155.181, 203.784, 234.917, 148.695, 121.038, 199.001, 175.266, 122.482, 177.075, 267.742, 211.936, 352.868, 323.929, 132.917, 165.013, 176.63, 224.911, 337.659, 145.916, 314.947, 211.064, 135.405, 160.048, 276.844, 183.112, 177.219, 155.889, 152.439, 274.532, 277.848, 163.1, 224.585, 136.624, 169.456, 195.943, 191.65, 239.245, 246.477];
HighestPossibleCritFunctionValue = 1.1;
