NumDevices = 16;
NumSlotes = 128;


GivenBandwidthOld = [0.0384446, 0.058848, 0.0790639, 0.0463431, 0.0582145, 0.0310627, 0.0407091, 0.0681546, 0.0445245, 0.0438751, 0.0781827, 0.0369276, 0.0613286, 0.0703407, 0.03611, 0.0708687];
GivenLatency = [39.7182, 26.2695, 18.452, 32.1742, 25.545, 46.8623, 37.8788, 22.5562, 31.0104, 38.9672, 18.0737, 41.5757, 26.5541, 22.7307, 43.795, 20.7894];
HighestPossibleCritFunctionValue = 1.1;
