NumDevices = 128;
NumSlotes = 1024;


GivenBandwidthOld = [0.00555522, 0.00666077, 0.00632029, 0.00888253, 0.00985262, 0.00802946, 0.0098539, 0.0044765, 0.00775375, 0.00724371, 0.00375933, 0.00427255, 0.00493408, 0.00453062, 0.00485385, 0.00618196, 0.00887307, 0.00724689, 0.00727462, 0.00457664, 0.00967378, 0.00850237, 0.00815921, 0.00941171, 0.00393191, 0.00488661, 0.00672526, 0.008936, 0.00861991, 0.00851036, 0.00483346, 0.00723731, 0.00865242, 0.00505047, 0.00456775, 0.00398802, 0.00409568, 0.00736535, 0.00450747, 0.00956687, 0.00543426, 0.00490981, 0.0091473, 0.00996331, 0.00585005, 0.00545674, 0.00770974, 0.00501089, 0.0080275, 0.00820678, 0.00889837, 0.0074551, 0.006612, 0.00535257, 0.00682121, 0.00906443, 0.00454426, 0.00906957, 0.00977231, 0.00822499, 0.0087003, 0.00975644, 0.00399763, 0.00945771, 0.00826284, 0.0073116, 0.00734636, 0.00406727, 0.00481424, 0.00922666, 0.00622851, 0.00385484, 0.00957456, 0.00961861, 0.00628012, 0.00880452, 0.00501931, 0.00587115, 0.00385553, 0.00871433, 0.00794403, 0.00529556, 0.00496322, 0.00684316, 0.00917101, 0.008461, 0.00651449, 0.00402361, 0.00855505, 0.00592797, 0.00884251, 0.00613202, 0.00708238, 0.00483121, 0.00688615, 0.00672652, 0.00505541, 0.0062691, 0.00474977, 0.00684789, 0.00754767, 0.00614824, 0.0046533, 0.00426332, 0.00609356, 0.00453355, 0.00407457, 0.00884114, 0.00810982, 0.00430845, 0.00829784, 0.00805839, 0.00863156, 0.00435742, 0.00644396, 0.00606991, 0.00705368, 0.00989948, 0.00799643, 0.00471417, 0.00852059, 0.00812501, 0.00953549, 0.00930398, 0.00572889, 0.00673092, 0.00414114, 0.00891866];
GivenLatency = [834.12, 742.121, 538.268, 530.825, 439.63, 451.718, 352.322, 788.092, 557.594, 657.603, 1324.57, 914.797, 1000.8, 812.648, 707.194, 605.859, 403.762, 500.839, 582.924, 1089.23, 505.24, 541.126, 573.924, 488.181, 923.599, 999.229, 586.672, 424.563, 537.516, 567.838, 1009.03, 640.15, 386.18, 820.658, 890.201, 1116.56, 1099.3, 666.906, 1009.53, 349.631, 894.734, 810.623, 422.309, 357.251, 646.024, 708.744, 469.661, 713.54, 522.462, 523.688, 532.056, 536.536, 686.612, 663.065, 551.702, 425.94, 954.466, 427.528, 344.379, 421.146, 535.409, 444.92, 1083.23, 508.803, 489.965, 648.562, 516.965, 1013.29, 782.605, 402.427, 629.782, 1025.13, 496.299, 429.939, 600.573, 531.649, 842.941, 657.449, 958.609, 547.774, 592.03, 640.277, 996.821, 697.761, 398.577, 544.01, 692.667, 993.201, 402.684, 571.818, 496.397, 547.14, 625.616, 752.334, 548.395, 680.803, 954.435, 588.384, 927.222, 647.125, 495.585, 691.334, 901.668, 992.583, 559.294, 754.624, 1144.14, 538.928, 457.879, 960.62, 461.168, 526.047, 439.694, 978.697, 608.949, 577.822, 536.603, 343.868, 465.966, 819.317, 482.016, 566.824, 383.082, 471.62, 645.286, 500.27, 906.33, 378.152];
HighestPossibleCritFunctionValue = 1.1;
