NumDevices = 128;
NumSlotes = 1024;


GivenBandwidthOld = [0.00779615, 0.00733889, 0.00964344, 0.0047188, 0.00508672, 0.00743918, 0.00782808, 0.00656879, 0.00422662, 0.00811574, 0.0099393, 0.00851135, 0.00903322, 0.00510331, 0.00512132, 0.00785228, 0.00705956, 0.00874432, 0.00576567, 0.00616949, 0.00569144, 0.00849274, 0.00872655, 0.00707547, 0.00742224, 0.00428453, 0.0062845, 0.0072974, 0.00618143, 0.00625629, 0.00815404, 0.00991991, 0.00764281, 0.00519175, 0.00392921, 0.00954933, 0.00436655, 0.00981012, 0.00625381, 0.00409034, 0.00514997, 0.00806809, 0.00921989, 0.00489231, 0.00877452, 0.0070971, 0.00848663, 0.00609893, 0.00716055, 0.00607949, 0.00555554, 0.00578215, 0.00817063, 0.00748275, 0.00878785, 0.00617388, 0.00439896, 0.00457869, 0.00658765, 0.00860384, 0.0072693, 0.00893899, 0.00887928, 0.00537826, 0.00734153, 0.00415449, 0.00829764, 0.00465324, 0.00943416, 0.0061768, 0.00975468, 0.00570451, 0.0093987, 0.00387502, 0.00494393, 0.00758919, 0.00407523, 0.00741487, 0.00546471, 0.00416895, 0.00758575, 0.00874179, 0.00695827, 0.00646102, 0.00535347, 0.00953694, 0.00864947, 0.00532647, 0.00570668, 0.00835652, 0.00671408, 0.00857897, 0.00808155, 0.00409624, 0.00433502, 0.00487057, 0.00589406, 0.00776107, 0.0053681, 0.00542028, 0.00747879, 0.00469293, 0.00787979, 0.00690467, 0.00554021, 0.00435594, 0.00655791, 0.00882173, 0.00686283, 0.0085428, 0.00638388, 0.00888596, 0.0050201, 0.00656283, 0.00405223, 0.00829262, 0.00780733, 0.00778278, 0.00775124, 0.00885199, 0.00910163, 0.00477225, 0.00978341, 0.00730343, 0.00757463, 0.00937357, 0.00664734, 0.00555683];
GivenLatency = [459.872, 559.146, 398.449, 786.968, 730.446, 456.749, 451.007, 536.124, 1058.79, 475.024, 336.968, 416.983, 392.819, 714.129, 957.272, 507.701, 544.752, 508.3, 757.393, 674.088, 769.009, 472.001, 457.318, 622.455, 514.497, 1080.62, 585.336, 603.74, 793.651, 572.927, 518.909, 393.647, 562.034, 685.517, 999.882, 418.184, 1038.8, 377.998, 583.484, 1103.57, 909.052, 571.035, 513.706, 837.763, 418.26, 618.586, 518.136, 587.826, 677.31, 725.467, 898.441, 725.546, 538.335, 544.925, 450.662, 736.144, 1038.27, 862.237, 538.302, 537.635, 499.351, 530.49, 444.472, 871.848, 589.182, 913.98, 489.415, 869.636, 434.849, 681.113, 480.157, 722.489, 442.096, 910.97, 786.37, 503.534, 1184.1, 488.327, 645.792, 975.791, 458.523, 474.176, 641.145, 715.212, 641.462, 471.465, 493.33, 637.954, 611.38, 570.638, 589.11, 390.713, 500.274, 886.67, 894.35, 906.799, 575.734, 546.434, 708.737, 656.807, 512.889, 913.492, 430.065, 600.088, 823.763, 881.571, 634.536, 456.357, 557.913, 449.465, 565.936, 395.517, 910.116, 531.723, 825.163, 409.386, 445.188, 544.324, 576.563, 490.255, 495.2, 739.816, 346.582, 651.64, 495.262, 414.978, 574.536, 761.169];
HighestPossibleCritFunctionValue = 1.1;
