NumDevices = 32;
NumSlotes = 256;


GivenBandwidthOld = [0.026038, 0.0307933, 0.032847, 0.0302518, 0.0316796, 0.0294869, 0.0165789, 0.0308251, 0.0277008, 0.017432, 0.0291742, 0.0211566, 0.0282729, 0.0328604, 0.0348911, 0.0250282, 0.0183772, 0.0162774, 0.0249085, 0.0269509, 0.0334058, 0.0216787, 0.0243777, 0.026302, 0.0269704, 0.0206886, 0.0236418, 0.0175171, 0.0191727, 0.0259938, 0.0271841, 0.0335209];
GivenLatency = [45.097, 29.6098, 35.0034, 34.1625, 29.9815, 30.153, 59.6251, 27.996, 36.3251, 56.2657, 29.3602, 46.4453, 38.696, 25.3606, 31.45, 33.3773, 57.2931, 53.669, 41.6254, 37.7285, 26.1504, 44.876, 35.7097, 39.3654, 33.4535, 50.9569, 35.6111, 47.6582, 48.9166, 38.1258, 36.4634, 34.3552];
HighestPossibleCritFunctionValue = 1.1;
