NumDevices = 128;
NumSlotes = 1024;


GivenBandwidthOld = [0.00636848, 0.00752579, 0.00844964, 0.00556769, 0.00868187, 0.00871579, 0.00869394, 0.00654812, 0.00672649, 0.00454895, 0.00662998, 0.00764036, 0.00395123, 0.00584782, 0.00675189, 0.00652857, 0.00823033, 0.0046249, 0.00821952, 0.00794638, 0.00735917, 0.00801486, 0.00831074, 0.00616178, 0.00858463, 0.00437704, 0.00743855, 0.00715866, 0.00804162, 0.00799255, 0.00837033, 0.00759543, 0.0038425, 0.00844569, 0.00424649, 0.0082575, 0.00632313, 0.00537051, 0.00468458, 0.0062544, 0.00517802, 0.00449871, 0.00734655, 0.00592253, 0.00739802, 0.00605584, 0.00801804, 0.00674567, 0.00698722, 0.00670218, 0.00608526, 0.00739034, 0.00695127, 0.00751105, 0.00579021, 0.008546, 0.00507711, 0.00845167, 0.0046968, 0.00669534, 0.00607073, 0.00830948, 0.00492552, 0.00566184, 0.00600566, 0.00470433, 0.00821748, 0.00871146, 0.0059548, 0.00487596, 0.00774542, 0.00477133, 0.00432108, 0.00687711, 0.00611323, 0.00749412, 0.00623344, 0.00793748, 0.00773691, 0.0067271, 0.00488656, 0.00594821, 0.00404228, 0.00615099, 0.0071087, 0.00837234, 0.00635079, 0.0052689, 0.00686848, 0.00602498, 0.00433548, 0.00386254, 0.00521158, 0.00857437, 0.00703166, 0.008679, 0.00546399, 0.00574177, 0.00438927, 0.00794789, 0.00769164, 0.0058429, 0.00417368, 0.00449529, 0.00490636, 0.00866094, 0.00692276, 0.00826286, 0.00644099, 0.00630507, 0.00672977, 0.0047027, 0.00578445, 0.00679877, 0.00440142, 0.00714029, 0.00436101, 0.00793662, 0.0082971, 0.00687722, 0.00795501, 0.00728181, 0.00783391, 0.00707303, 0.00385089, 0.00439242, 0.0058961, 0.00818203];
GivenLatency = [156.95, 136.131, 126.909, 181.951, 118.034, 127.07, 114.141, 177.411, 166.755, 253.643, 186.825, 125.94, 322.674, 180.674, 184.467, 178.051, 121.594, 255.75, 146.898, 127.738, 148.845, 142.111, 136.794, 173.27, 138.807, 225.563, 129.129, 170.092, 142.675, 141.565, 128.421, 138.719, 308.535, 134.679, 233.191, 142.598, 186.246, 195.062, 245.087, 185.273, 235.075, 223.387, 134.538, 215.233, 147.599, 173.366, 119.142, 159.762, 185.351, 147.357, 179.28, 129.028, 171.177, 161.245, 206.873, 112.955, 221.139, 131.303, 240.739, 189.512, 176.157, 136.602, 254.52, 206.561, 192.459, 233.58, 129.685, 109.536, 181.525, 203.579, 134.533, 244.249, 298.679, 153.651, 198.576, 159.19, 176.727, 129.289, 146.289, 157.027, 236.438, 168.05, 246.599, 210.944, 167.786, 151.153, 171.14, 192.46, 144.159, 177.397, 278.54, 274.801, 196.497, 125.732, 137.452, 147.601, 200.618, 191.346, 268.592, 122.88, 136.655, 193.124, 268.203, 236.44, 227.333, 126.297, 147.551, 120.64, 159.929, 165.792, 146.227, 258.341, 212.721, 149.722, 232.954, 134.29, 241.797, 131.059, 151.483, 171.855, 150.209, 148.197, 136.312, 154.214, 328.25, 224.496, 212.835, 134.159];
HighestPossibleCritFunctionValue = 1.1;
