NumDevices = 128;
NumSlotes = 1024;


GivenBandwidthOld = [0.00156098, 0.00296889, 0.00309353, 0.00420886, 0.00267912, 0.00165069, 0.00435263, 0.00340999, 0.0042069, 0.00408986, 0.00272497, 0.00362708, 0.00279512, 0.00128118, 0.00337926, 0.00330072, 0.00212932, 0.00179635, 0.00258404, 0.00362742, 0.00226057, 0.00148653, 0.00152846, 0.00314238, 0.00330341, 0.00358465, 0.00213517, 0.00330143, 0.00156394, 0.00268294, 0.00340498, 0.00130484, 0.00421508, 0.00407374, 0.00353984, 0.00217075, 0.00125008, 0.00264899, 0.00154069, 0.00243761, 0.00201936, 0.00380858, 0.0033888, 0.00437216, 0.00356459, 0.00260534, 0.00240106, 0.0034448, 0.00167468, 0.00140238, 0.00299779, 0.00143433, 0.00243987, 0.00254975, 0.00232484, 0.00362075, 0.00263384, 0.00317258, 0.0015185, 0.00141546, 0.00405605, 0.00310095, 0.00391565, 0.00276161, 0.00380801, 0.00306004, 0.00375998, 0.0020682, 0.00278146, 0.00304278, 0.00130515, 0.00318713, 0.00226865, 0.00299601, 0.00261315, 0.00227966, 0.00355408, 0.0039728, 0.00393413, 0.00405495, 0.00345974, 0.00285623, 0.00345372, 0.00167972, 0.00166394, 0.00213378, 0.00177755, 0.00208684, 0.00354591, 0.00417307, 0.00420679, 0.00223775, 0.00243241, 0.00212758, 0.0038664, 0.00316444, 0.00231281, 0.0014423, 0.00191907, 0.00255191, 0.00126021, 0.00411078, 0.00425112, 0.00353737, 0.0012885, 0.00144644, 0.00287766, 0.0042079, 0.0022344, 0.00236268, 0.00209843, 0.00150208, 0.0036426, 0.00435731, 0.0039186, 0.0024291, 0.00271962, 0.00430435, 0.00132766, 0.00327619, 0.00228651, 0.00313807, 0.00285327, 0.00368263, 0.00216163, 0.00434418, 0.00193498, 0.00431325];
GivenLatency = [209.538, 150.977, 114.956, 118.566, 117.183, 269.725, 118.417, 155.57, 74.7772, 118.376, 175.289, 94.3362, 149.155, 252.341, 155.66, 137.163, 173.354, 341.563, 157.124, 109.719, 265.253, 241.879, 397.615, 208.369, 127.555, 93.9837, 185.338, 175.109, 258.11, 135.033, 107.816, 307.203, 74.571, 116.383, 129.819, 174.858, 456.657, 168.742, 260.378, 147.313, 224.385, 128.052, 110.503, 71.9711, 141.302, 143.55, 263.706, 110.285, 211.812, 248.598, 159.479, 406.842, 184.503, 248.451, 144.782, 144.523, 134.988, 104.971, 274.985, 459.575, 97.3224, 193.326, 124.979, 165.119, 90.3654, 201.167, 124.65, 289.928, 144.284, 114.993, 356.212, 175.433, 255.438, 199.975, 148.824, 265.547, 101.514, 136.696, 123.945, 143.922, 91.649, 156.86, 94.4814, 195.594, 215.168, 268.485, 258.436, 271.867, 179.206, 137.766, 152.679, 197.903, 151.793, 163.537, 115.964, 148.371, 224.671, 308.246, 327.102, 147.514, 434.618, 140.993, 112.996, 184.783, 259.555, 383.06, 173.656, 136.222, 187.605, 193.501, 155.236, 245.448, 117.425, 98.9143, 140.532, 205.129, 202.262, 96.7804, 256.482, 108.581, 194.208, 121.895, 173.583, 97.3796, 202.184, 150.872, 213.562, 76.8461];
HighestPossibleCritFunctionValue = 1.1;
