NumDevices = 128;
NumSlotes = 1024;


GivenBandwidthOld = [0.00908116, 0.00458835, 0.00637612, 0.00972678, 0.00548594, 0.0046727, 0.00525058, 0.00519886, 0.00479588, 0.00679575, 0.00623991, 0.00794642, 0.00790697, 0.00750234, 0.00690527, 0.00937777, 0.00837741, 0.00792529, 0.00907646, 0.00679451, 0.00414355, 0.00557181, 0.00409824, 0.00664439, 0.0060119, 0.00707057, 0.00629363, 0.00462253, 0.00592427, 0.00920506, 0.00561306, 0.00987681, 0.0083588, 0.00765471, 0.00526666, 0.00682497, 0.00984952, 0.00593563, 0.00635057, 0.00530344, 0.0061122, 0.00528784, 0.00649179, 0.00994213, 0.00609856, 0.00728969, 0.00784172, 0.00455066, 0.00411367, 0.00965363, 0.00735861, 0.0098256, 0.00380753, 0.00816676, 0.00504027, 0.00805351, 0.0077983, 0.00610271, 0.00823957, 0.00378692, 0.00553893, 0.0077423, 0.0085474, 0.00860623, 0.00984256, 0.0077314, 0.00661545, 0.00716562, 0.00376766, 0.00688926, 0.00900798, 0.00592721, 0.00857976, 0.00877823, 0.00689828, 0.0043617, 0.00962333, 0.0042704, 0.00638558, 0.00611788, 0.00687715, 0.0055915, 0.00382858, 0.00564219, 0.00580219, 0.00747623, 0.00545049, 0.00881452, 0.00435586, 0.00512021, 0.00783005, 0.00841514, 0.00451357, 0.00579237, 0.00483343, 0.0066741, 0.00536435, 0.00480248, 0.00520763, 0.00847569, 0.00974524, 0.00941716, 0.00795528, 0.00694927, 0.00509674, 0.00714156, 0.00564663, 0.00536959, 0.00545454, 0.00822383, 0.00790957, 0.00742334, 0.00404678, 0.00415802, 0.00501386, 0.00787066, 0.00973068, 0.0086209, 0.00653496, 0.00427957, 0.0041821, 0.00979612, 0.00837899, 0.00937128, 0.00552215, 0.00704368, 0.0043212, 0.00393416];
GivenLatency = [497.003, 938.183, 685.907, 360.696, 637.37, 1032.96, 659.675, 736.677, 732.153, 660.721, 707.314, 565.878, 550.391, 494.178, 579.498, 379.251, 421.779, 446.425, 425.293, 533.237, 931.811, 824.495, 1070.95, 659.34, 772.106, 518.749, 641.429, 980.91, 687.125, 419.878, 826.136, 444.268, 467.082, 648.266, 771.401, 498.694, 412.585, 751.369, 738.641, 682.613, 610.26, 723.497, 635.822, 424.147, 807.517, 681.086, 491.892, 998.427, 1045.96, 432.251, 531.527, 428.759, 885.591, 584.515, 868.023, 518.183, 467.521, 608.208, 413.354, 1148.58, 727.043, 539.257, 481.281, 545.774, 506.835, 614.761, 724.704, 536.156, 980.089, 519.553, 424.488, 581.222, 511.316, 517.866, 597.218, 789.75, 411.541, 869.785, 755.934, 745.855, 512.021, 798.248, 1235.49, 725.558, 710.698, 667.805, 765.735, 451.319, 1069.91, 777.925, 540.726, 544.557, 965.176, 814.415, 761.362, 645.011, 655.807, 800.183, 723.104, 515.696, 466.272, 384.001, 429.303, 484.283, 830.783, 529.241, 673.237, 810.091, 886.188, 573.831, 429.358, 666.241, 868.696, 996.299, 695.235, 504.865, 420.115, 390.548, 586.788, 945.502, 1039.1, 372.799, 465.04, 365.054, 693.518, 505.321, 848.675, 1046.85];
HighestPossibleCritFunctionValue = 1.1;
