NumDevices = 32;
NumSlotes = 256;


GivenBandwidthOld = [0.00862725, 0.00576523, 0.016204, 0.0104463, 0.0156874, 0.0163789, 0.0125694, 0.0116703, 0.0125868, 0.0156711, 0.0173997, 0.00705655, 0.00698021, 0.0114216, 0.0080972, 0.00960908, 0.00735587, 0.0125497, 0.0172744, 0.0136341, 0.00547576, 0.0135283, 0.0153723, 0.00741891, 0.00965202, 0.0164889, 0.0111994, 0.0110242, 0.0163425, 0.0134103, 0.00670242, 0.00508792];
GivenLatency = [59.7781, 61.9383, 20.6157, 37.5574, 27.656, 34.4793, 37.6256, 26.3398, 26.8235, 23.7046, 19.2392, 63.433, 60.9102, 44.1029, 39.7174, 42.0149, 44.5821, 45.4331, 27.4265, 41.0023, 59.3768, 34.2355, 27.2643, 81.5886, 36.7433, 31.438, 33.7066, 34.8148, 19.2513, 43.2858, 87.8895, 86.8403];
HighestPossibleCritFunctionValue = 1.1;
