NumDevices = 128;
NumSlotes = 1024;


GivenBandwidthOld = [0.00937421, 0.00480035, 0.0069335, 0.00878454, 0.00670761, 0.00613039, 0.00473225, 0.00623254, 0.00908214, 0.00849237, 0.00875796, 0.00375957, 0.00829589, 0.00647252, 0.00483663, 0.00417042, 0.00724953, 0.00781679, 0.00420797, 0.00715395, 0.00762648, 0.00567426, 0.00733286, 0.00838069, 0.00667202, 0.00783963, 0.00692664, 0.00610215, 0.00505562, 0.00981498, 0.00666102, 0.00425671, 0.00758963, 0.00508453, 0.00821815, 0.00620878, 0.00973225, 0.00375702, 0.00921657, 0.00539802, 0.00818625, 0.0074891, 0.00934074, 0.00485455, 0.00548603, 0.00616993, 0.00675156, 0.00721953, 0.00993268, 0.00974807, 0.00700075, 0.00787553, 0.00397021, 0.00490038, 0.00699809, 0.00697208, 0.00722574, 0.00803953, 0.00418728, 0.00933943, 0.00785116, 0.00689366, 0.00805938, 0.00645473, 0.00584971, 0.00599677, 0.00895584, 0.00453542, 0.00424094, 0.00496975, 0.00413151, 0.0095852, 0.00714328, 0.00968167, 0.00990982, 0.00688935, 0.00434825, 0.00858365, 0.0053587, 0.00986847, 0.00562112, 0.00799987, 0.00629531, 0.00783796, 0.00391964, 0.0048725, 0.00710241, 0.00400195, 0.00704337, 0.00547897, 0.0063723, 0.00799489, 0.00381065, 0.00428784, 0.00576974, 0.00579511, 0.00712077, 0.00633796, 0.00588629, 0.00842287, 0.00940704, 0.0065584, 0.00455537, 0.00829862, 0.00867695, 0.00477204, 0.00624849, 0.00829509, 0.00551326, 0.0076918, 0.00983518, 0.00853484, 0.00384963, 0.00950277, 0.0093073, 0.00525835, 0.00466713, 0.00550056, 0.00662359, 0.00635521, 0.00826625, 0.00843779, 0.00395769, 0.00683001, 0.00699577, 0.00534962, 0.00738037, 0.00690495];
GivenLatency = [526.728, 869.555, 614.443, 400.468, 660.24, 596.86, 851.999, 688.651, 447.001, 491.841, 563.034, 1236.14, 462.056, 675.54, 836.388, 1172.96, 679.753, 444.195, 852.935, 549.761, 484.665, 601.361, 557.16, 492.124, 537.232, 625.135, 662.193, 713.498, 808.447, 500.33, 739.849, 1120.45, 639.719, 858.289, 426.691, 655.576, 405.874, 1004.33, 366.554, 651.326, 526.957, 448.165, 496.914, 698.579, 796.069, 766.434, 603.369, 552.236, 371.196, 362.11, 551.089, 483.511, 1153.97, 898.769, 611.528, 714.615, 673.293, 505.454, 884.729, 377.385, 539.435, 670.8, 559.384, 690.393, 799.558, 808.097, 461.596, 811.847, 900.767, 888.664, 958.729, 475.896, 489.323, 405.421, 375.523, 572.819, 844.851, 479.306, 835.742, 444.5, 598.903, 581.458, 578.296, 628.273, 1185.33, 778.287, 491.575, 908.414, 664.966, 666.332, 684.631, 488.904, 998.561, 796.59, 608.489, 588.62, 625.964, 692.405, 710.228, 519.824, 505.02, 579.921, 739.455, 434.747, 525.149, 953.271, 746.258, 487.774, 722.21, 578.909, 431.81, 465.426, 1216.1, 403.8, 367.176, 804.174, 797.317, 671.084, 517.934, 576.775, 478.979, 430.379, 904.423, 583.951, 518.709, 929.051, 566.014, 648.459];
HighestPossibleCritFunctionValue = 1.1;
