NumDevices = 32;
NumSlotes = 256;


GivenBandwidthOld = [0.0150205, 0.00726276, 0.0101667, 0.0174583, 0.0166809, 0.0136652, 0.0152694, 0.015118, 0.00905459, 0.013071, 0.016177, 0.0074214, 0.013955, 0.0117767, 0.0134069, 0.0114739, 0.0109877, 0.0151122, 0.011111, 0.0127001, 0.00864709, 0.0141798, 0.0150645, 0.00835444, 0.00811695, 0.0165456, 0.0136608, 0.0174477, 0.0128934, 0.00654837, 0.0158878, 0.00934186];
GivenLatency = [21.5723, 42.5519, 30.366, 19.8696, 27.4472, 23.7148, 31.9206, 31.3098, 65.6975, 24.6962, 32.1076, 63.6055, 22.4792, 26.0089, 34.0455, 38.6045, 28.7796, 31.3321, 42.6819, 46.1844, 39.5653, 25.4249, 30.5924, 58.2857, 53.8687, 34.3725, 36.9224, 26.2261, 48.7059, 59.321, 33.1023, 59.235];
HighestPossibleCritFunctionValue = 1.1;
