NumDevices = 128;
NumSlotes = 1024;


GivenBandwidthOld = [0.00148807, 0.00247135, 0.00354963, 0.00417296, 0.00240851, 0.00355354, 0.00433077, 0.0016018, 0.00143932, 0.00187665, 0.00215814, 0.00179843, 0.00308522, 0.00203766, 0.0020188, 0.00371206, 0.00303548, 0.00358871, 0.00168338, 0.00373983, 0.00412528, 0.00413122, 0.00410142, 0.00327144, 0.0036883, 0.00357327, 0.00150004, 0.00371935, 0.00356561, 0.00401588, 0.00302424, 0.00211828, 0.00387543, 0.00189857, 0.00178744, 0.00271537, 0.00166182, 0.00392232, 0.00249686, 0.0041006, 0.00188504, 0.00245763, 0.0040913, 0.00177113, 0.00356531, 0.00222856, 0.00418729, 0.00261774, 0.001387, 0.00388242, 0.00369215, 0.00269895, 0.00373647, 0.003792, 0.00269206, 0.00360289, 0.0024564, 0.00229607, 0.00134897, 0.00215762, 0.00249271, 0.00317828, 0.00357448, 0.00324185, 0.0032711, 0.00421698, 0.00158958, 0.00227185, 0.00364009, 0.00281608, 0.0036332, 0.00256464, 0.00267073, 0.00134975, 0.00280749, 0.00290935, 0.00249063, 0.00252614, 0.00250415, 0.00162097, 0.00170614, 0.00196186, 0.00296794, 0.00276885, 0.00363168, 0.00202155, 0.00303918, 0.00323084, 0.00258896, 0.00194733, 0.00247948, 0.0026081, 0.00187754, 0.00145663, 0.00218025, 0.00159245, 0.00364219, 0.00361638, 0.00425329, 0.00248878, 0.002681, 0.00205463, 0.00285022, 0.00240074, 0.00425672, 0.00387576, 0.00425306, 0.00175347, 0.00373911, 0.00132699, 0.00153921, 0.00266568, 0.00400655, 0.00253784, 0.00222437, 0.0024219, 0.00356002, 0.00382416, 0.00266004, 0.00295225, 0.00152911, 0.00167049, 0.00278963, 0.00280788, 0.00335278, 0.00207577, 0.00189415, 0.00247963];
GivenLatency = [344.032, 210.544, 144.313, 128.088, 207.114, 103.746, 74.3053, 207.397, 251.913, 343.002, 204.638, 312.83, 129.542, 316.802, 290.223, 115.738, 148.177, 105.925, 345.753, 170.339, 84.0234, 87.3364, 78.9755, 182.557, 93.3413, 103.774, 245.109, 170.499, 118.076, 89.9949, 122.149, 243.161, 156.229, 333.736, 228.806, 217.482, 313.96, 143.349, 189.353, 95.4473, 287.465, 167.212, 155.759, 241.736, 90.3003, 199.04, 122.511, 173.957, 253.647, 83.2319, 94.5165, 162.995, 92.0067, 146.321, 230.27, 180.917, 157.75, 271.764, 380.242, 208.046, 182.103, 121.097, 107.27, 120.605, 109.48, 80.7033, 236.786, 138.383, 88.3793, 137.851, 123.442, 237.391, 142.185, 282.077, 137.321, 108.327, 159.975, 227.945, 186.89, 369.878, 244.675, 197.388, 121.121, 207.721, 99.8246, 320.546, 172.804, 122.925, 174.064, 234.145, 146.347, 140.06, 223.369, 427.39, 212.457, 335.977, 156.053, 180.163, 110.873, 126.095, 227.657, 192.48, 196.104, 244.866, 90.6628, 142.25, 114.659, 205.95, 136.076, 268.12, 271.177, 156.434, 121.908, 126.205, 187.281, 161.354, 90.1013, 118.75, 153.781, 108.13, 277.985, 191.139, 143.92, 131.402, 189.208, 162.774, 321.595, 138.208];
HighestPossibleCritFunctionValue = 1.1;
