NumDevices = 128;
NumSlotes = 1024;


GivenBandwidthOld = [0.00611163, 0.00823057, 0.00872757, 0.00555786, 0.00725684, 0.00566813, 0.00434435, 0.00542951, 0.00622885, 0.00960644, 0.00794507, 0.00396989, 0.00576208, 0.00819729, 0.00562535, 0.0039596, 0.00778596, 0.00489298, 0.00750326, 0.00972231, 0.00530505, 0.00827601, 0.00996504, 0.00991659, 0.00818657, 0.00670597, 0.00970209, 0.00933971, 0.00620287, 0.00407465, 0.00384869, 0.00626604, 0.00966612, 0.00477435, 0.00751406, 0.00376732, 0.00729516, 0.00602524, 0.00626552, 0.00717656, 0.00649267, 0.00596836, 0.00651469, 0.00736053, 0.00465736, 0.00992468, 0.00667595, 0.00518307, 0.00818696, 0.00693542, 0.0098369, 0.00623595, 0.00389709, 0.0070705, 0.00515906, 0.00450381, 0.00426522, 0.00676874, 0.00851261, 0.00513727, 0.0071096, 0.00598529, 0.00976583, 0.00556422, 0.00778273, 0.00679344, 0.00484305, 0.00592779, 0.0058458, 0.00906294, 0.00455451, 0.0064457, 0.00406094, 0.00475407, 0.00417186, 0.00646901, 0.00840597, 0.00668804, 0.0083522, 0.00911937, 0.00927227, 0.0041022, 0.00438351, 0.00732952, 0.00847541, 0.00495564, 0.00450715, 0.0041657, 0.00916822, 0.00528683, 0.00822501, 0.00897359, 0.00914158, 0.00754098, 0.00619701, 0.00557881, 0.00934269, 0.00633556, 0.0091746, 0.00624561, 0.00378422, 0.00389168, 0.00997528, 0.00709574, 0.0043335, 0.00434359, 0.00527314, 0.00946687, 0.00593219, 0.00475079, 0.00526171, 0.0047824, 0.00529021, 0.00879137, 0.00902251, 0.00626112, 0.00815525, 0.00531352, 0.00680637, 0.00973259, 0.00937704, 0.00860801, 0.00863482, 0.00911285, 0.0059827, 0.00994546, 0.0057554, 0.0085034];
GivenLatency = [662.857, 582.492, 433.55, 639.42, 476.463, 666.21, 1106.03, 764.466, 722.713, 347.557, 470.818, 1081.95, 748.095, 571.662, 640.206, 1134.14, 641.635, 772.837, 503.512, 380.779, 860.89, 498.254, 397.089, 489.491, 494.657, 608.935, 443.185, 398.606, 693.495, 1219.82, 944.257, 688.793, 502.422, 876.379, 572.886, 1122.52, 607.852, 643.516, 592.578, 542.617, 527.733, 647.305, 570.349, 665.866, 1006.9, 392.657, 723.73, 717.77, 606.404, 545.226, 352.631, 794.976, 976.986, 472.186, 746.511, 772.06, 865.733, 708.2, 550.278, 793.369, 543.224, 612.898, 344.987, 617.578, 481.767, 696.049, 805.741, 821.088, 595.777, 492.941, 825.12, 765.025, 976.794, 960.818, 951.005, 734.021, 556.942, 535.018, 526.942, 546.787, 363.189, 1109.68, 1038.29, 531.761, 401.103, 835.213, 987.61, 974.49, 465.913, 944.026, 535.935, 396.269, 456.346, 453.191, 757.608, 749.363, 383.626, 724.085, 411.639, 591.405, 892.728, 1189.08, 362.984, 690.409, 1008.9, 810.7, 663.284, 505.634, 711.212, 1025.42, 870.268, 758.574, 829.038, 444.361, 405.563, 556.534, 553.333, 657.107, 659.099, 361.328, 425.765, 494.866, 421.222, 372.134, 648.93, 366.118, 633.361, 451.5];
HighestPossibleCritFunctionValue = 1.1;
