NumDevices = 128;
NumSlotes = 1024;


GivenBandwidthOld = [0.00802234, 0.00389583, 0.00478313, 0.00760473, 0.00514719, 0.00630079, 0.00494095, 0.00500647, 0.00617963, 0.00861343, 0.00835432, 0.00849625, 0.00391553, 0.00573117, 0.00634473, 0.00837102, 0.00420135, 0.00451698, 0.00446811, 0.00799337, 0.00711304, 0.00637452, 0.00400801, 0.00514484, 0.00687702, 0.00464073, 0.00431697, 0.0078701, 0.00520841, 0.00524503, 0.00565099, 0.00867724, 0.00594605, 0.00782001, 0.00835608, 0.00811033, 0.00777901, 0.00437575, 0.00569916, 0.00832915, 0.0055821, 0.00593461, 0.0054873, 0.00747397, 0.0075416, 0.004133, 0.00582703, 0.00745352, 0.00376747, 0.00731965, 0.00393303, 0.00495727, 0.00425974, 0.00597468, 0.0039909, 0.00759371, 0.00491076, 0.00770426, 0.00805193, 0.00631482, 0.00567659, 0.00394641, 0.00485182, 0.00705555, 0.00515456, 0.00527029, 0.00521669, 0.0044199, 0.00780305, 0.00833485, 0.00639177, 0.00404097, 0.0040591, 0.00381722, 0.00844911, 0.00669091, 0.00654949, 0.00482527, 0.00583456, 0.00395594, 0.00493296, 0.00583957, 0.00808514, 0.00446741, 0.00624826, 0.007039, 0.00691145, 0.00816853, 0.00602399, 0.00763651, 0.00431473, 0.00524772, 0.00596089, 0.00723254, 0.00484232, 0.00730726, 0.00567268, 0.00823406, 0.00740968, 0.00697894, 0.00751815, 0.00503398, 0.0086745, 0.0048849, 0.00795242, 0.00390494, 0.00779691, 0.00513529, 0.00635972, 0.00525579, 0.00650179, 0.00810112, 0.0080587, 0.00503048, 0.00474613, 0.00571289, 0.00412514, 0.00378938, 0.00552967, 0.00460541, 0.00556849, 0.00713039, 0.00798942, 0.00565539, 0.00758881, 0.00763657, 0.00525636, 0.0062167];
GivenLatency = [133.969, 311.322, 253.41, 143.34, 218.943, 178.893, 213.137, 245.063, 155.605, 111.372, 131.374, 145.669, 300.256, 210.759, 164.253, 130.531, 249.818, 227.47, 244.786, 130.186, 159.057, 180.762, 273.074, 191.246, 187.065, 255.687, 250.814, 123.639, 216.731, 212.953, 210.367, 125.88, 210.297, 161.522, 132.195, 117.464, 125.589, 264.218, 181.999, 126.714, 180.41, 189.844, 225.77, 161.909, 126.61, 251.888, 176.429, 147.283, 296.087, 134.927, 303.374, 214.941, 246.887, 190.449, 268.483, 125.913, 211.954, 134.022, 151.358, 190.8, 190.092, 312.113, 256.696, 156.65, 203.837, 193.441, 224.066, 279.242, 135.776, 124.562, 152.979, 300.822, 296.529, 306.863, 130.309, 150.156, 190.394, 205.486, 167.68, 249.505, 203.093, 163.943, 142.278, 270.392, 192.315, 158.302, 175.276, 142.649, 214.473, 147.957, 294.245, 186.953, 176.354, 149.042, 260.612, 151.097, 217.756, 122.519, 159.963, 137.308, 132.308, 196.926, 136.365, 201.777, 122.705, 325.189, 146.859, 242.74, 199.623, 211.359, 171.926, 130.787, 122.677, 197.147, 239.922, 204.426, 238.452, 294.369, 179.151, 230.033, 203.508, 149.787, 121.726, 182.842, 138.947, 149.198, 183.075, 159.838];
HighestPossibleCritFunctionValue = 1.1;
