NumDevices = 64;
NumSlotes = 512;


GivenBandwidthOld = [0.0109619, 0.0168314, 0.0161355, 0.0196476, 0.00963122, 0.014355, 0.0190845, 0.00792436, 0.0146729, 0.0115846, 0.00818806, 0.00928313, 0.0141031, 0.0101625, 0.0190458, 0.0196131, 0.0179102, 0.00984607, 0.0128547, 0.0161758, 0.00997594, 0.00805961, 0.0128911, 0.0158389, 0.00933314, 0.0170961, 0.014643, 0.0102744, 0.0117063, 0.0159753, 0.0135528, 0.0125373, 0.0198247, 0.0112661, 0.017336, 0.00786661, 0.0190981, 0.0116043, 0.0136795, 0.0162797, 0.0184234, 0.00926775, 0.0181493, 0.0144484, 0.0150235, 0.0166809, 0.0115243, 0.0193673, 0.0117353, 0.0151558, 0.0155914, 0.0122615, 0.00891645, 0.013754, 0.018887, 0.0138006, 0.0138429, 0.0133035, 0.0101894, 0.00771159, 0.0136882, 0.0129132, 0.0124029, 0.0108535];
GivenLatency = [206.819, 175.729, 198.48, 146.876, 269.897, 207.697, 127.444, 296.506, 207.729, 275.956, 392.508, 308.563, 187.513, 262.742, 170.167, 158.313, 134.265, 265.575, 187.678, 164.998, 330.937, 403.343, 201.248, 182.851, 239.618, 149.854, 197.416, 297.926, 230.756, 154.209, 230.609, 242.208, 153.139, 213.851, 155.04, 309.444, 126.063, 246.21, 163.013, 154.31, 163.715, 283.44, 151.914, 161.662, 221.355, 133.266, 263.075, 134.255, 257.533, 200.651, 143.291, 196.382, 353.596, 189.397, 131.535, 167.875, 210.142, 200.403, 219.394, 308.337, 186.033, 173.847, 259.89, 246.599];
HighestPossibleCritFunctionValue = 1.1;
