NumDevices = 128;
NumSlotes = 1024;


GivenBandwidthOld = [0.00885031, 0.00594269, 0.00631529, 0.00614189, 0.00419472, 0.00936299, 0.00380063, 0.0046764, 0.00500587, 0.00493365, 0.00983408, 0.00881921, 0.00819806, 0.00611052, 0.00820291, 0.00632881, 0.00837592, 0.007845, 0.0097248, 0.00967407, 0.00716391, 0.00634239, 0.00522672, 0.00430533, 0.00587604, 0.00479963, 0.00737296, 0.00740879, 0.00946105, 0.00804397, 0.00375981, 0.00613942, 0.00649049, 0.00697787, 0.00450536, 0.00532326, 0.0080507, 0.00435046, 0.0081012, 0.00936595, 0.00970165, 0.0081976, 0.00461774, 0.00665277, 0.00931597, 0.00720072, 0.00622765, 0.00804628, 0.00505317, 0.0060708, 0.00942128, 0.00851928, 0.0047594, 0.00627009, 0.00895212, 0.00453579, 0.00431083, 0.0046279, 0.00862425, 0.00654985, 0.00459709, 0.00946162, 0.00527547, 0.00488403, 0.00718717, 0.00978078, 0.00683005, 0.00758162, 0.00802518, 0.00666127, 0.00848388, 0.00986534, 0.00918665, 0.00875409, 0.00753309, 0.00494428, 0.00718632, 0.00802886, 0.00612361, 0.00959484, 0.00665182, 0.00586235, 0.00606859, 0.00978115, 0.00680142, 0.00775786, 0.00758592, 0.00536739, 0.00598008, 0.00974653, 0.00612819, 0.00528915, 0.0097285, 0.00944458, 0.00632527, 0.00508843, 0.00500137, 0.0043298, 0.00464206, 0.00903854, 0.00699273, 0.00426182, 0.0059876, 0.00482352, 0.00887417, 0.00691576, 0.00448791, 0.0057271, 0.00784363, 0.00539767, 0.00866929, 0.00722569, 0.00711402, 0.00527172, 0.00428755, 0.00710649, 0.00383804, 0.0085171, 0.00563483, 0.00710403, 0.00620118, 0.00692906, 0.00926786, 0.00500859, 0.00687404, 0.00951337, 0.00616272, 0.0042848];
GivenLatency = [530.08, 722.767, 547.007, 685.905, 945.539, 377.277, 891.34, 851.794, 847.813, 848.838, 393.165, 509.279, 593.355, 708.713, 426.27, 530.613, 496.725, 543.928, 452.229, 415.152, 476.133, 691.425, 657.733, 783.021, 776.622, 830.792, 592.218, 507.544, 511.503, 437.848, 1036, 725.618, 694.565, 695.833, 770.815, 886.36, 459.94, 933.9, 584.213, 421.482, 408.212, 522.524, 1023.98, 680.428, 458.939, 582.998, 604.438, 540.277, 793.282, 658.794, 382.83, 424.951, 805.463, 733.407, 425.406, 825.21, 849.427, 1076.39, 465.27, 615.979, 887.407, 371.994, 697.274, 845.024, 614.838, 341.978, 501.585, 562.211, 570.791, 521.075, 400.888, 404.031, 509.255, 541.042, 586.777, 724.912, 586.876, 445.473, 550.852, 350.593, 729.706, 576.796, 647.554, 369.737, 542.973, 502.612, 479.111, 637.798, 606.801, 399.057, 763.222, 891.185, 442.157, 477.441, 641.803, 684.064, 740.968, 919.941, 990.314, 537.529, 664.097, 786.498, 673.184, 715.374, 511.096, 685.409, 776.199, 746.24, 464.586, 652.298, 562.056, 511.979, 515.018, 748.653, 1117.6, 510.069, 974.802, 476.036, 790.852, 471.269, 654.597, 489.714, 421.85, 804.847, 516.004, 470.481, 690.158, 869.142];
HighestPossibleCritFunctionValue = 1.1;
