NumDevices = 128;
NumSlotes = 1024;


GivenBandwidthOld = [0.00848068, 0.00596489, 0.00432915, 0.00628747, 0.00724172, 0.00783124, 0.00967761, 0.00403685, 0.00610402, 0.00526983, 0.00996832, 0.00882024, 0.0067824, 0.00672481, 0.00759584, 0.00955663, 0.00830129, 0.00983583, 0.00708108, 0.00792804, 0.00529958, 0.00383662, 0.00959683, 0.00889971, 0.00485994, 0.00852078, 0.00504361, 0.00800325, 0.00681374, 0.00846793, 0.00420658, 0.00875472, 0.0055196, 0.0078545, 0.006785, 0.00672407, 0.00761523, 0.0041401, 0.00393906, 0.00620358, 0.00982717, 0.00520059, 0.00883816, 0.00800844, 0.00660965, 0.00957221, 0.00764074, 0.00797495, 0.00624323, 0.00754074, 0.0084626, 0.00844087, 0.00567316, 0.00755339, 0.00862403, 0.00912385, 0.00962011, 0.00636432, 0.00517507, 0.00494242, 0.00717585, 0.00696857, 0.00456544, 0.0088054, 0.00736379, 0.00938236, 0.00436027, 0.0043858, 0.00838241, 0.00440825, 0.00441291, 0.00777326, 0.00389637, 0.00759405, 0.00449242, 0.00654192, 0.00880115, 0.00471431, 0.00461224, 0.00798122, 0.0053979, 0.00617345, 0.00968633, 0.00681947, 0.00489031, 0.00649195, 0.00647269, 0.00775836, 0.00969307, 0.0076339, 0.00551072, 0.00870708, 0.00497369, 0.0077638, 0.00735178, 0.00766797, 0.00926423, 0.00643821, 0.00946038, 0.00937095, 0.00626924, 0.00703639, 0.00682903, 0.00931015, 0.00938397, 0.0063411, 0.00854509, 0.00731028, 0.00383929, 0.00450635, 0.00939619, 0.00543243, 0.0052906, 0.00915431, 0.00894871, 0.00970064, 0.00995078, 0.00782057, 0.00523936, 0.00412509, 0.00786246, 0.00935173, 0.00823907, 0.00784012, 0.00884263, 0.00805819, 0.00517627, 0.00624607];
GivenLatency = [529.556, 602.071, 969.047, 543.572, 553.51, 451.289, 350.932, 845.879, 601.766, 669.221, 364.059, 485.002, 570.117, 636.836, 464.091, 469.057, 423.974, 414.63, 561.089, 447.376, 873.858, 954.397, 355.636, 472.634, 761.996, 493.744, 882.566, 540.049, 531.731, 427.466, 1001.26, 392.604, 798.139, 443.838, 705.117, 710.492, 584.766, 1196.87, 1167.83, 601.859, 402.771, 824.204, 445.865, 478.196, 754.376, 448.059, 643.63, 456.4, 787.219, 481.949, 570.078, 409.717, 847.966, 634.201, 392.369, 369.016, 510.159, 602.955, 676.536, 780.314, 577.362, 545.86, 736.959, 492.115, 463.427, 480.302, 1100.58, 1010.37, 540.103, 1044, 897.716, 529.692, 1196.34, 454.347, 983.297, 631.347, 420.304, 816.126, 949.367, 516.882, 672.552, 615.35, 405.646, 617.245, 857.074, 715.652, 643.91, 502.403, 344.08, 456.665, 605.404, 468.841, 988.823, 459.439, 631.863, 526.017, 397.072, 763.617, 498.56, 360.813, 565.35, 544.167, 643.01, 380.088, 497.951, 752.248, 519.062, 523.283, 892.2, 873.965, 376.856, 633.429, 743.704, 451.321, 391.356, 368.372, 336.557, 605.502, 773.414, 1058.21, 563.708, 376.93, 557.088, 516.403, 454.922, 539.635, 829.577, 599.725];
HighestPossibleCritFunctionValue = 1.1;
