NumDevices = 16;
NumSlotes = 128;


GivenBandwidthOld = [0.0776789, 0.0685471, 0.0416561, 0.0334764, 0.0582946, 0.0779906, 0.0584708, 0.038611, 0.0555412, 0.0513927, 0.0778488, 0.0741838, 0.0776826, 0.0309057, 0.0518675, 0.0577823];
GivenLatency = [18.6731, 28.0153, 34.1657, 40.2715, 22.8892, 18.9493, 23.2418, 36.2579, 28.2468, 31.1223, 19.2008, 18.3745, 24.1521, 61.8367, 30.1836, 31.9296];
HighestPossibleCritFunctionValue = 1.1;
