NumDevices = 32;
NumSlotes = 256;


GivenBandwidthOld = [0.0060688, 0.00582397, 0.0159985, 0.0070361, 0.013181, 0.0158585, 0.0163772, 0.00828578, 0.0166611, 0.0174879, 0.0141719, 0.00720626, 0.01068, 0.0069039, 0.0162679, 0.0102091, 0.0167513, 0.00951385, 0.00678842, 0.0129001, 0.00646457, 0.00758072, 0.0166787, 0.01339, 0.0159042, 0.0101897, 0.0153953, 0.00708451, 0.0143203, 0.0145245, 0.00906933, 0.0107795];
GivenLatency = [54.9874, 99.7582, 32.9347, 58.8146, 44.2113, 28.7558, 35.3698, 50.5754, 29.1745, 29.597, 33.3675, 70.9996, 32.4251, 71.7479, 28.9649, 62.0979, 20.2345, 36.6561, 48.7303, 37.0144, 51.1984, 45.8393, 28.6573, 33.5364, 22.4929, 39.1335, 30.4759, 45.451, 22.239, 40.6831, 33.7085, 42.1648];
HighestPossibleCritFunctionValue = 1.1;
