NumDevices = 32;
NumSlotes = 256;


GivenBandwidthOld = [0.0335093, 0.0208625, 0.0258274, 0.0317176, 0.0271095, 0.0196089, 0.017366, 0.0201177, 0.0289972, 0.0261811, 0.0159068, 0.0163528, 0.0310981, 0.0158979, 0.0257935, 0.020791, 0.0238485, 0.0313996, 0.0230273, 0.029639, 0.0334178, 0.0237684, 0.0257895, 0.0349138, 0.0255628, 0.0244969, 0.0289258, 0.0266609, 0.0195004, 0.0332386, 0.0306537, 0.0261051];
GivenLatency = [33.2845, 54.0333, 37.9552, 28.8786, 31.0604, 46.9635, 57.1271, 42.3186, 37.1938, 42.9665, 55.7363, 57.291, 26.8482, 54.9632, 38.6799, 52.147, 44.1217, 35.6527, 37.4772, 36.3991, 35.0385, 36.7289, 38.7178, 28.9044, 45.2909, 39.169, 29.4264, 36.3003, 45.3878, 25.7246, 32.4644, 33.0006];
HighestPossibleCritFunctionValue = 1.1;
