NumDevices = 16;
NumSlotes = 128;


GivenBandwidthOld = [0.0210247, 0.0276268, 0.0142525, 0.0325051, 0.0276426, 0.0295338, 0.0143529, 0.0184128, 0.0291417, 0.0243979, 0.0206747, 0.0202201, 0.0290396, 0.0327701, 0.0320496, 0.0233453];
GivenLatency = [16.3015, 20.2332, 27.8057, 10.2445, 20.1779, 20.8558, 33.9114, 19.2387, 10.6921, 16.3357, 16.0746, 15.6765, 20.9218, 10.1788, 14.4801, 25.1289];
HighestPossibleCritFunctionValue = 1.1;
