NumDevices = 32;
NumSlotes = 256;


GivenBandwidthOld = [0.0295198, 0.0241993, 0.0275959, 0.0386153, 0.0180593, 0.0334378, 0.0235355, 0.0216817, 0.0396447, 0.0182615, 0.0311656, 0.0349964, 0.0200712, 0.0220102, 0.0359224, 0.0329313, 0.0367606, 0.0210121, 0.0357307, 0.0359922, 0.0304246, 0.0304348, 0.0283771, 0.0182083, 0.0373649, 0.0263238, 0.0337566, 0.0320066, 0.0195328, 0.0227557, 0.0151716, 0.0246031];
GivenLatency = [57.3597, 83.0759, 69.6417, 47.6505, 126.466, 58.833, 99.9051, 91.7019, 46.8606, 123.84, 53.9033, 48.5478, 101.569, 86.7662, 60.4685, 75.3989, 58.6065, 117.684, 50.4541, 52.7407, 61.6787, 60.8294, 68.0411, 122.812, 57.3501, 64.9461, 49.5121, 64.0747, 105.431, 89.5994, 114.111, 93.5095];
HighestPossibleCritFunctionValue = 1.1;
