NumDevices = 128;
NumSlotes = 1024;


GivenBandwidthOld = [0.00161899, 0.00289513, 0.00412013, 0.00201283, 0.00346415, 0.00195427, 0.00348925, 0.00188513, 0.00402562, 0.00415109, 0.00368616, 0.00206096, 0.00297968, 0.00322602, 0.00285959, 0.00356158, 0.00191953, 0.00399294, 0.00176673, 0.00155843, 0.00385232, 0.00410637, 0.0019744, 0.00435983, 0.00247783, 0.00303152, 0.00266007, 0.00350112, 0.00143862, 0.00259124, 0.00287169, 0.0039402, 0.00298422, 0.00137351, 0.00215032, 0.00176069, 0.00323723, 0.00372758, 0.00437328, 0.00354111, 0.00173687, 0.00279948, 0.00273967, 0.0038171, 0.00281122, 0.00323123, 0.00286417, 0.00241714, 0.00168059, 0.00384731, 0.00427184, 0.00174398, 0.003607, 0.00292868, 0.00239775, 0.00402246, 0.00416195, 0.00176582, 0.00181655, 0.00144375, 0.00132137, 0.00390662, 0.00420835, 0.00346446, 0.0039787, 0.00313512, 0.00324067, 0.00217976, 0.00272464, 0.00431055, 0.00238224, 0.0027595, 0.00266464, 0.00218822, 0.00422379, 0.00366606, 0.00168271, 0.00193597, 0.00214241, 0.00318547, 0.00251065, 0.00144319, 0.00128176, 0.00382965, 0.00434235, 0.00245467, 0.00432994, 0.00335317, 0.00227967, 0.00372586, 0.00372725, 0.00197095, 0.00267535, 0.0039506, 0.00276037, 0.00170805, 0.00276025, 0.00284505, 0.00301784, 0.00402315, 0.00327621, 0.00261025, 0.00365589, 0.00268968, 0.004157, 0.00291139, 0.00235277, 0.00421493, 0.00160156, 0.00362995, 0.00422833, 0.00183138, 0.00375797, 0.00274846, 0.00144745, 0.00413047, 0.00393359, 0.00434938, 0.00195499, 0.00316989, 0.00320487, 0.00370261, 0.00358376, 0.0028458, 0.00311835, 0.00255917, 0.00131748, 0.00406421];
GivenLatency = [258.752, 130.442, 109.833, 155.949, 152.8, 202.662, 161.762, 309.542, 79.2372, 83.7923, 129.327, 293.728, 135.626, 194.747, 163.437, 145.2, 178.281, 124.843, 228.467, 266.619, 101.262, 123.315, 301.997, 81.2226, 147.649, 122.569, 145.928, 111.075, 254.995, 134.44, 210.727, 105.444, 116.642, 356.608, 211.44, 365.431, 156.281, 86.0449, 87.4325, 121.777, 362.132, 199.969, 179.647, 144.907, 177.189, 126.039, 177.863, 160.295, 190.21, 125.291, 83.7949, 236.263, 130.745, 110.174, 170.619, 94.1737, 134.151, 205.906, 240.532, 253.777, 346.896, 89.565, 104.081, 105.748, 93.8659, 180.582, 147.768, 146.324, 167.14, 83.6962, 224.759, 114.769, 242.121, 300.621, 91.9295, 140.242, 197.443, 328.186, 208.335, 134.158, 212.869, 257.888, 329.746, 115.173, 129.262, 134.254, 77.828, 134.358, 233.804, 126.523, 106.91, 209.273, 205.979, 82.3021, 195.257, 195.056, 180.53, 113.486, 150.469, 87.3098, 132.366, 122.628, 89.1186, 170.599, 149.054, 151.768, 134, 96.0913, 332.997, 151.636, 84.5455, 250.273, 120.59, 163.185, 366.661, 87.3994, 79.7606, 75.7772, 205.644, 121.262, 101.873, 127.538, 94.4271, 152.674, 153.338, 136.908, 260.297, 81.4234];
HighestPossibleCritFunctionValue = 1.1;
