NumDevices = 64;
NumSlotes = 512;


GivenBandwidthOld = [0.0145381, 0.00923581, 0.0188002, 0.0180245, 0.018508, 0.0192467, 0.00865076, 0.0108771, 0.0159905, 0.00778866, 0.00906268, 0.00903372, 0.00976124, 0.0121537, 0.00906696, 0.0183362, 0.0183332, 0.0190117, 0.0103035, 0.0138983, 0.0179663, 0.0138149, 0.0162336, 0.0178264, 0.0128381, 0.0123621, 0.0127829, 0.00957188, 0.0170732, 0.0171232, 0.0199791, 0.0192599, 0.0185053, 0.0102549, 0.00907408, 0.0130211, 0.0132468, 0.0197915, 0.0164122, 0.00769556, 0.0192972, 0.0197844, 0.00938791, 0.012595, 0.0148166, 0.0149697, 0.0131382, 0.0179014, 0.0119378, 0.0180137, 0.0109282, 0.0129946, 0.0182103, 0.0161795, 0.00816239, 0.0152227, 0.0146199, 0.00982684, 0.0147688, 0.0110228, 0.0158016, 0.00767546, 0.0189668, 0.0181597];
GivenLatency = [179.061, 247.012, 172.373, 157.425, 142.035, 119.819, 287.235, 224.608, 140.937, 304.185, 348.067, 297.028, 267.324, 231.861, 280.988, 150.912, 133.755, 160.014, 270.965, 173.073, 172.794, 222.745, 199.94, 180.912, 245.612, 226.107, 178.302, 336.757, 159.089, 137.873, 126.736, 119.897, 125.38, 217.665, 340.923, 218.58, 180.831, 115.601, 185.233, 353.525, 118.574, 151.264, 305.283, 212.078, 204.482, 185.096, 176.428, 131.794, 242.775, 127.826, 252.522, 230.29, 172.314, 160.694, 297.282, 167.165, 185.395, 276.102, 168.268, 272.614, 143.655, 376.276, 170.053, 162.996];
HighestPossibleCritFunctionValue = 1.1;
