NumDevices = 64;
NumSlotes = 512;


GivenBandwidthOld = [0.0102983, 0.0140957, 0.0113048, 0.0181162, 0.00841074, 0.0142506, 0.0145365, 0.0081966, 0.0152811, 0.009112, 0.012921, 0.0177115, 0.0193049, 0.0131464, 0.0192052, 0.0122256, 0.0181449, 0.0169779, 0.015557, 0.00946354, 0.00876587, 0.00796193, 0.00869873, 0.0170066, 0.010072, 0.00939393, 0.0138223, 0.0160107, 0.00865763, 0.0137757, 0.00844603, 0.0199236, 0.0114604, 0.0195343, 0.0176198, 0.0154631, 0.0174875, 0.0169458, 0.0123799, 0.012119, 0.0142972, 0.0107819, 0.0160502, 0.0101043, 0.0161293, 0.0148222, 0.00893905, 0.0186202, 0.0165488, 0.0151424, 0.0152011, 0.0143756, 0.0165284, 0.0106354, 0.0167914, 0.0187744, 0.00858533, 0.011138, 0.0133833, 0.013889, 0.0121777, 0.0127192, 0.0139321, 0.0117604];
GivenLatency = [280.803, 208.294, 254.448, 153.006, 309.265, 159.278, 159.129, 342.04, 157.105, 249.524, 229.098, 155.013, 116.456, 250.785, 155.889, 244.729, 164.117, 182.593, 173.209, 263.6, 270.373, 286.795, 357.345, 135.715, 329.108, 311.078, 179.406, 154.466, 364.604, 165.483, 269.574, 124.814, 228.353, 120.995, 181.994, 176.239, 182.857, 141.726, 191.813, 192.338, 221.031, 254.107, 158.923, 292.978, 197.305, 185.8, 286.08, 130.905, 158.802, 148.444, 189.391, 191.138, 138.07, 260.361, 132.622, 123.858, 286.42, 220.32, 218.197, 199.795, 189.465, 175.743, 173.014, 213.9];
HighestPossibleCritFunctionValue = 1.1;
