NumDevices = 32;
NumSlotes = 256;


GivenBandwidthOld = [0.0340438, 0.0244412, 0.0334175, 0.0186461, 0.0343072, 0.0312304, 0.0190515, 0.02834, 0.0201384, 0.0159596, 0.0225432, 0.0337409, 0.0341533, 0.0239953, 0.0196466, 0.0303009, 0.0172742, 0.0181743, 0.025515, 0.0212076, 0.0255654, 0.0280051, 0.0311669, 0.0326559, 0.0181408, 0.0222094, 0.0241831, 0.0155946, 0.0288188, 0.0281133, 0.0307738, 0.0258936];
GivenLatency = [29.4629, 34.3902, 34.0732, 61.3262, 32.2148, 35.8553, 49.9438, 34.9991, 50.2478, 55.0204, 50.2916, 28.2832, 28.7189, 36.5817, 50.0298, 30.2468, 53.3382, 51.7461, 36.1475, 49.9172, 34.1483, 32.3947, 36.0144, 34.4897, 54.585, 43.9786, 39.7354, 59.5393, 37.439, 37.0317, 38.0276, 33.9874];
HighestPossibleCritFunctionValue = 1.1;
