NumDevices = 16;
NumSlotes = 128;


GivenBandwidthOld = [0.0349815, 0.0244037, 0.017782, 0.026634, 0.0281958, 0.026012, 0.0231013, 0.0282415, 0.0197045, 0.01275, 0.0295683, 0.0194905, 0.0167852, 0.0231449, 0.0105431, 0.0132343];
GivenLatency = [12.8188, 12.49, 21.0168, 14.5357, 16.9755, 20.84, 13.3222, 11.4907, 20.1005, 46.4594, 11.2742, 18.1828, 32.2973, 25.6254, 38.4758, 24.6668];
HighestPossibleCritFunctionValue = 1.1;
