NumDevices = 128;
NumSlotes = 1024;


GivenBandwidthOld = [0.00895696, 0.00456249, 0.00927436, 0.0079813, 0.00664459, 0.00932099, 0.00414162, 0.00441893, 0.00888144, 0.00407184, 0.00663602, 0.00916485, 0.00486491, 0.0046204, 0.00749478, 0.0047388, 0.00380979, 0.00863493, 0.00470611, 0.00434814, 0.00666643, 0.00771116, 0.0039272, 0.00692162, 0.00917568, 0.00563714, 0.00837714, 0.00952853, 0.00473108, 0.00530206, 0.00797741, 0.00376398, 0.00743684, 0.0060356, 0.00531498, 0.00631641, 0.00616216, 0.00745469, 0.00594241, 0.0078614, 0.00407066, 0.00553341, 0.00880089, 0.00654197, 0.00961294, 0.00472138, 0.00477429, 0.00646616, 0.0041796, 0.00521505, 0.00813914, 0.00956223, 0.00866001, 0.00751258, 0.00397568, 0.00922155, 0.00782359, 0.00612607, 0.00706882, 0.00810964, 0.00744355, 0.00625816, 0.00839016, 0.00962905, 0.00674693, 0.0044378, 0.00731266, 0.00639636, 0.00617995, 0.00647384, 0.00838733, 0.00580451, 0.00891726, 0.0060855, 0.00657323, 0.00380194, 0.00802606, 0.00901303, 0.00948966, 0.00777753, 0.00697606, 0.00533196, 0.00430152, 0.00445426, 0.00905919, 0.004099, 0.00693943, 0.00845907, 0.00537663, 0.00494494, 0.00580021, 0.00533703, 0.00818393, 0.00608124, 0.0098471, 0.00897339, 0.00581987, 0.00461524, 0.00840813, 0.00549657, 0.00835795, 0.0058329, 0.00476336, 0.00408816, 0.00590717, 0.00935932, 0.00460605, 0.00380202, 0.00936647, 0.00607558, 0.00856869, 0.00396231, 0.00960485, 0.00619811, 0.00532414, 0.00401574, 0.0075555, 0.00653292, 0.00761086, 0.00575185, 0.00502275, 0.00731709, 0.00585761, 0.00767702, 0.00510001, 0.00578997, 0.00821634, 0.00695986];
GivenLatency = [413.602, 790.951, 436.138, 616.989, 669.307, 388.353, 1060.84, 944.713, 378.402, 936.167, 566.794, 432.779, 709.289, 1059.82, 508.702, 800.403, 1231.47, 501.718, 802.048, 951.087, 677.084, 571.096, 949.88, 570.992, 393.849, 744.736, 589.961, 464.831, 924.127, 817.133, 421.924, 949.816, 552.869, 810.894, 780.542, 559.916, 710.38, 599.451, 729.868, 623.641, 1124.71, 875.483, 435.784, 512.797, 364.772, 852.234, 753.218, 517.231, 881.181, 850.664, 486.422, 506.335, 553.024, 509.976, 1071.01, 395.891, 523.671, 576.118, 505.467, 567.475, 453.147, 592.801, 426.639, 409.23, 738.016, 930.567, 629.937, 681.951, 666.262, 555.211, 468.495, 791.424, 545.689, 713.371, 525.887, 1089.76, 592.974, 462.041, 365.639, 627.615, 583.654, 723.063, 1158.63, 807.724, 445.718, 914.775, 539.177, 470.754, 626.269, 753.428, 676.206, 710.685, 548.951, 638.669, 400.009, 377.86, 811.37, 883.925, 502.231, 760.972, 421.755, 738.602, 765.36, 1190.24, 664.895, 429.132, 1037.51, 977.992, 487.114, 560.368, 559.16, 1045.99, 498.709, 639.198, 755.284, 951.592, 459.549, 608.923, 559.659, 616.294, 733.027, 496.578, 651.032, 535.223, 716.8, 859.935, 430.681, 501.015];
HighestPossibleCritFunctionValue = 1.1;
