NumDevices = 128;
NumSlotes = 1024;


GivenBandwidthOld = [0.00831002, 0.00651549, 0.00838357, 0.00508515, 0.00619331, 0.00588921, 0.00745321, 0.00615953, 0.00694569, 0.00745246, 0.00600879, 0.00472649, 0.00936953, 0.0074693, 0.00769476, 0.00951677, 0.00712553, 0.00504479, 0.00907397, 0.00866121, 0.00894919, 0.00521475, 0.00925162, 0.00697543, 0.00724132, 0.00736661, 0.00683227, 0.00745067, 0.00722334, 0.00511849, 0.00393441, 0.00939176, 0.00604856, 0.00437342, 0.00657577, 0.00894925, 0.00627488, 0.00811713, 0.00843885, 0.00926825, 0.00526871, 0.00997255, 0.00493797, 0.00744214, 0.00756226, 0.007679, 0.00714504, 0.00799251, 0.00757308, 0.00833422, 0.00691185, 0.00747669, 0.00699589, 0.00745629, 0.00781449, 0.00946755, 0.00480708, 0.00759419, 0.00675952, 0.0097507, 0.00752286, 0.00794127, 0.00896174, 0.00998352, 0.0080471, 0.00631031, 0.00987269, 0.00773411, 0.00835461, 0.00592953, 0.00385933, 0.00993447, 0.0086922, 0.00478741, 0.00820856, 0.00742918, 0.00840232, 0.00778895, 0.00510143, 0.00480342, 0.00857325, 0.00562982, 0.00410439, 0.0099646, 0.00869897, 0.00601179, 0.00519273, 0.00794559, 0.00657054, 0.00855824, 0.00961603, 0.00659329, 0.00960921, 0.0045058, 0.00647334, 0.00613994, 0.00904526, 0.00738375, 0.0074379, 0.0049548, 0.00910238, 0.00492206, 0.0088825, 0.00940823, 0.00789942, 0.0056392, 0.00549869, 0.00656405, 0.00571741, 0.00750721, 0.00748534, 0.00863503, 0.00649962, 0.00412651, 0.00682108, 0.00687201, 0.00669924, 0.00915616, 0.00878754, 0.00722282, 0.00888974, 0.00608929, 0.00777592, 0.00480642, 0.00907353, 0.00764526, 0.00883878, 0.00595615];
GivenLatency = [460.405, 574.333, 441.096, 809.186, 558.406, 592.451, 543.443, 608.084, 609.195, 476.29, 569.404, 769.892, 485.948, 584.911, 449.325, 351.697, 500.549, 875.62, 371.815, 437.645, 473.114, 791.652, 532.839, 496.422, 561.644, 470.311, 550.817, 455.533, 596.086, 957.119, 847.767, 382.785, 600.394, 792.831, 566.104, 378.949, 534.899, 597.191, 449.459, 427.022, 904.634, 405.363, 747.713, 538.834, 451.527, 524.919, 486.417, 429.228, 572.145, 530.492, 627.955, 466.323, 639.758, 472.728, 585.235, 491.917, 740.486, 576.467, 609.465, 373.801, 451.136, 568.484, 554.292, 407.448, 498.183, 541.538, 398.4, 578.425, 517.828, 582.937, 941.136, 352.718, 509.151, 871.388, 548.251, 453.465, 567.798, 470.707, 724.03, 967.591, 447.694, 618.554, 1016.88, 435.524, 477.928, 558.463, 903.077, 589.675, 577.83, 399.664, 467.513, 666.576, 364.828, 796.72, 522.427, 610.126, 388.783, 481.759, 452.273, 675.679, 475.175, 948.282, 444.773, 370.434, 434.967, 689.939, 631.158, 604.795, 845.377, 462.252, 644.191, 402.415, 646.795, 1043.31, 560.611, 548.184, 520.834, 394.209, 555.362, 509.158, 444.956, 607.587, 620.683, 952.077, 380.916, 464.297, 542.247, 774.274];
HighestPossibleCritFunctionValue = 1.1;
