NumDevices = 16;
NumSlotes = 128;


GivenBandwidthOld = [0.029543, 0.0186579, 0.0240207, 0.0314544, 0.0183314, 0.0111659, 0.0304857, 0.0130451, 0.0134711, 0.0239519, 0.0252163, 0.0253547, 0.027165, 0.0278658, 0.0309053, 0.0153279];
GivenLatency = [11.0977, 17.3699, 13.7872, 11.9411, 30.2076, 30.2202, 11.6477, 26.4837, 41.7835, 24.3042, 19.9107, 22.5149, 11.4195, 10.9026, 18.4717, 26.9837];
HighestPossibleCritFunctionValue = 1.1;
