NumDevices = 16;
NumSlotes = 128;


GivenBandwidthOld = [0.0263707, 0.0267966, 0.034906, 0.0302206, 0.0319464, 0.0127667, 0.0349946, 0.0184006, 0.0233045, 0.0180893, 0.0167885, 0.0288917, 0.0226312, 0.0271641, 0.011297, 0.0338309];
GivenLatency = [22.9101, 15.9762, 16.8327, 10.3719, 10.5952, 31.7934, 10.7696, 32.7156, 26.2188, 17.6131, 29.0152, 13.1803, 14.3589, 11.8801, 31.4119, 15.3192];
HighestPossibleCritFunctionValue = 1.1;
