NumDevices = 64;
NumSlotes = 512;


GivenBandwidthOld = [0.0177303, 0.0100293, 0.0172117, 0.0190684, 0.0130625, 0.00954611, 0.00890951, 0.0096242, 0.0088932, 0.0105034, 0.0100464, 0.016857, 0.0198138, 0.016196, 0.0113619, 0.0149878, 0.01698, 0.0130756, 0.0170755, 0.0175547, 0.00931159, 0.0174046, 0.0112009, 0.00826692, 0.00964051, 0.00813417, 0.0159552, 0.0147345, 0.00986901, 0.0109519, 0.0106714, 0.00970503, 0.0174431, 0.00859199, 0.0105161, 0.0118533, 0.0108599, 0.0147798, 0.00869718, 0.0159746, 0.0157253, 0.0119163, 0.0199866, 0.0197852, 0.00934905, 0.00956132, 0.0146106, 0.0152097, 0.0101336, 0.0197179, 0.0163757, 0.0189159, 0.0116656, 0.0185235, 0.0177181, 0.0184271, 0.00868647, 0.010937, 0.0112353, 0.0109747, 0.0188181, 0.0180749, 0.0152007, 0.00888604];
GivenLatency = [144.017, 300.264, 188.961, 158.831, 211.678, 287.459, 281.732, 280.15, 371.65, 245.828, 222.363, 155.007, 144.657, 177.086, 215.641, 175.913, 151.769, 172.757, 186.207, 147.771, 323.529, 182.68, 217.329, 307.877, 239.785, 327.284, 188.374, 159.299, 256.879, 252.853, 250.563, 288.001, 159.971, 320.535, 242.954, 280.117, 219.777, 204.149, 369.553, 177.161, 185.517, 218.649, 157.433, 142.32, 250.047, 307.154, 173.946, 168.633, 286.631, 125.787, 171.979, 147.742, 191.311, 136.417, 168.835, 128.496, 381.829, 287.885, 282.523, 299.026, 129.339, 133.703, 208.725, 250.852];
HighestPossibleCritFunctionValue = 1.1;
