NumDevices = 32;
NumSlotes = 256;


GivenBandwidthOld = [0.03331, 0.0316618, 0.0304758, 0.0164602, 0.0161275, 0.0242206, 0.0254663, 0.022085, 0.0333673, 0.0344461, 0.0260976, 0.031986, 0.0180564, 0.0242326, 0.02665, 0.0166825, 0.033107, 0.0196993, 0.0167704, 0.0305546, 0.0213155, 0.0191806, 0.0185429, 0.0201024, 0.0314907, 0.0346298, 0.0322418, 0.0170792, 0.0196905, 0.0287865, 0.024072, 0.0287534];
GivenLatency = [27.7719, 27.043, 37.3703, 51.3686, 63.0844, 46.0444, 36.0803, 51.4906, 28.4397, 33.7778, 36.6632, 36.5638, 58.3932, 37.6794, 31.8359, 50.8632, 32.6821, 49.3819, 67.033, 28.318, 43.0279, 54.5517, 51.9671, 42.3666, 33.3841, 30.8821, 36.0731, 55.1859, 59.7479, 39.785, 48.4646, 29.9663];
HighestPossibleCritFunctionValue = 1.1;
