NumDevices = 128;
NumSlotes = 1024;


GivenBandwidthOld = [0.00775669, 0.00669487, 0.00438427, 0.0076135, 0.00637545, 0.00471918, 0.00531514, 0.00905965, 0.00555113, 0.00656518, 0.00604678, 0.0056877, 0.00825245, 0.00775945, 0.00936996, 0.00842342, 0.00615663, 0.00824332, 0.0042054, 0.00770704, 0.00963649, 0.00668641, 0.00592816, 0.00581072, 0.0069705, 0.00574087, 0.00801546, 0.00577417, 0.00524393, 0.0060516, 0.00544068, 0.00643185, 0.0088167, 0.00985193, 0.00891043, 0.00385362, 0.00781517, 0.00826789, 0.00475305, 0.00570131, 0.00558531, 0.00612541, 0.00858651, 0.00978054, 0.00899771, 0.0083271, 0.00609405, 0.00651933, 0.00418326, 0.00426676, 0.00762677, 0.00443196, 0.0092866, 0.00744609, 0.00520893, 0.00520649, 0.00796202, 0.00759983, 0.00789471, 0.00762026, 0.00741049, 0.006811, 0.00615529, 0.00451124, 0.00418307, 0.00738596, 0.00715096, 0.00744042, 0.00990102, 0.00890215, 0.00844192, 0.00463986, 0.00961075, 0.00530949, 0.00777718, 0.00730482, 0.0058799, 0.00720488, 0.0074807, 0.00568655, 0.00755261, 0.00790892, 0.00888591, 0.00419838, 0.00841719, 0.00771593, 0.00914533, 0.0080772, 0.00593671, 0.00586057, 0.00729962, 0.00597462, 0.00536001, 0.00696216, 0.00933072, 0.00515683, 0.00451804, 0.00600979, 0.00909716, 0.00469199, 0.00446942, 0.00751882, 0.00881312, 0.00590306, 0.00905159, 0.00758636, 0.00648044, 0.00673117, 0.00823365, 0.00417231, 0.00770611, 0.006531, 0.00651952, 0.0072509, 0.00589704, 0.00782787, 0.0093343, 0.0090649, 0.00623616, 0.00743431, 0.00721807, 0.00417949, 0.00966406, 0.00757776, 0.00560999, 0.00841496, 0.00778187, 0.00486142];
GivenLatency = [470.562, 589.977, 964.105, 633.518, 618.854, 963.377, 900.964, 389.774, 710.147, 622.194, 802.462, 825.239, 496.1, 554.433, 528.41, 483.084, 580.57, 581.695, 1009.75, 527.219, 351.413, 732.442, 780.318, 618.638, 564.421, 811.488, 416.371, 694.877, 824.18, 637.153, 625.937, 696.383, 412.747, 355.434, 455.016, 923.788, 488.266, 416.933, 996.835, 636.883, 668.798, 709.982, 522.209, 406.737, 410.377, 563.427, 604.09, 647.985, 1049.92, 862.754, 465.951, 968.321, 374.516, 450.567, 650.798, 700.332, 468.615, 534.252, 571.661, 519.864, 470.531, 503.775, 598.75, 984.958, 858.142, 547.283, 518.713, 539.152, 353.265, 403.323, 496.574, 806.475, 448.5, 742.051, 543.478, 517.666, 607.869, 689.547, 482.344, 830.699, 564.616, 622.502, 435.567, 1027.4, 471.638, 532.351, 543.535, 516.193, 694.476, 581.094, 471.359, 808.924, 769.2, 512.773, 470.948, 797.651, 832.732, 569.961, 428.363, 941.002, 901.714, 583.066, 472.89, 696.701, 466.286, 644.565, 547.101, 632.95, 485.526, 1075.78, 470.621, 762.672, 718.974, 462.355, 586.561, 501.693, 422.014, 369.176, 547.827, 458.58, 543.443, 980.882, 363.37, 647.631, 602.98, 404.303, 530.226, 718.661];
HighestPossibleCritFunctionValue = 1.1;
