NumDevices = 128;
NumSlotes = 1024;


GivenBandwidthOld = [0.00391873, 0.00454122, 0.00677635, 0.00765166, 0.00401038, 0.00500247, 0.00397452, 0.00731126, 0.00789657, 0.00522692, 0.00632019, 0.00600858, 0.00375485, 0.00525862, 0.00417146, 0.00727261, 0.00829368, 0.00441226, 0.00437632, 0.0053157, 0.00841327, 0.00428767, 0.00540446, 0.00523876, 0.00528978, 0.0079081, 0.00397088, 0.00609626, 0.00732901, 0.00619265, 0.00739559, 0.00513759, 0.00491949, 0.00444188, 0.00714174, 0.00872935, 0.00662454, 0.00614039, 0.00410098, 0.00768076, 0.00798354, 0.00689185, 0.00383276, 0.00472603, 0.00788708, 0.00563461, 0.00838643, 0.00818643, 0.00684497, 0.0058687, 0.00774315, 0.00657094, 0.00535022, 0.00863356, 0.00669906, 0.00859982, 0.00472936, 0.00387141, 0.00423685, 0.00615966, 0.00788187, 0.00806051, 0.00552147, 0.00676109, 0.00615579, 0.00793361, 0.00765263, 0.00519246, 0.00713706, 0.00498488, 0.00837678, 0.0060835, 0.00790414, 0.00741524, 0.00545745, 0.00577893, 0.00400452, 0.00648945, 0.00574307, 0.00632709, 0.00691801, 0.0085241, 0.00697494, 0.00537001, 0.00632692, 0.00402351, 0.00558853, 0.00390258, 0.00820522, 0.00769183, 0.00415804, 0.00660767, 0.0075757, 0.00722249, 0.0058712, 0.0047497, 0.00565662, 0.00835209, 0.00607313, 0.00862009, 0.00543019, 0.00776842, 0.0062549, 0.00862886, 0.00768697, 0.0074174, 0.00674848, 0.00413331, 0.00599565, 0.00632419, 0.0080783, 0.00445328, 0.00874429, 0.00779351, 0.00799474, 0.00502235, 0.00813028, 0.00812911, 0.00851776, 0.00547054, 0.00587616, 0.00808233, 0.00727499, 0.00825109, 0.00861656, 0.00601471, 0.00668448, 0.00855237];
GivenLatency = [266.031, 245.966, 190.025, 130.375, 241.106, 197.492, 241.65, 132.458, 121.682, 228.194, 170.935, 164.809, 273.066, 226.454, 271.445, 163.64, 154.657, 260.831, 236.572, 218.841, 153.118, 293.23, 181.754, 208.309, 180.555, 127.347, 324.81, 175.745, 159.965, 162.331, 146.436, 203.632, 226.535, 220.824, 170.058, 113.306, 184.385, 180.932, 240.907, 143.58, 151.689, 151.522, 296.089, 212.268, 152.784, 207.902, 121.308, 136.831, 147.103, 198.36, 143.263, 179.909, 184.183, 150.073, 166.136, 123.616, 242.65, 277.547, 296.338, 157.375, 160.913, 160.95, 204.642, 151.022, 209.892, 124.01, 146.97, 226.546, 179.555, 216.708, 119.759, 176.665, 148.144, 155.225, 186.868, 213.61, 309.74, 149.68, 184.711, 155.606, 149.679, 144.782, 136.866, 223.233, 194.305, 301.869, 204.211, 324.998, 124.276, 158.933, 274.966, 169.572, 132.868, 135.191, 190.078, 242.276, 173.119, 125.973, 197.497, 130.178, 181.242, 130.03, 152.683, 145.086, 168.516, 144.039, 171.189, 259.516, 166.977, 160.872, 119.413, 283.228, 115.098, 156.807, 125.005, 193.411, 140.424, 137.751, 130.425, 234.573, 166.247, 135.017, 153.221, 141.722, 149.556, 201.026, 164.996, 121.018];
HighestPossibleCritFunctionValue = 1.1;
