NumDevices = 128;
NumSlotes = 1024;


GivenBandwidthOld = [0.00435041, 0.00742525, 0.00486161, 0.00526448, 0.00765902, 0.00892741, 0.00792154, 0.00863127, 0.0057537, 0.00499619, 0.00478922, 0.00745811, 0.00722801, 0.00873305, 0.00381931, 0.00609481, 0.00672652, 0.00511875, 0.00840307, 0.00793034, 0.0065474, 0.0071325, 0.00959915, 0.00417066, 0.00507462, 0.00414885, 0.00720417, 0.00804451, 0.00661741, 0.00873559, 0.00912646, 0.00975295, 0.00781933, 0.00949689, 0.00416462, 0.00971438, 0.00957427, 0.00483078, 0.00596612, 0.00627613, 0.00418455, 0.00718386, 0.0042048, 0.00387633, 0.00821058, 0.00397369, 0.0069923, 0.00955036, 0.00920905, 0.00396698, 0.0068098, 0.00478424, 0.00490115, 0.00734757, 0.00567899, 0.00546132, 0.00967581, 0.00517705, 0.00688703, 0.00908414, 0.00471453, 0.00838529, 0.00902677, 0.00925119, 0.00603549, 0.00969169, 0.00942471, 0.00980576, 0.00792905, 0.00977434, 0.00486166, 0.00614774, 0.00877052, 0.00871055, 0.00695549, 0.00974381, 0.00416638, 0.00802516, 0.00641543, 0.00780311, 0.00566315, 0.00808938, 0.00445325, 0.00447765, 0.00840527, 0.0073484, 0.00713052, 0.00758302, 0.00658583, 0.00923503, 0.00941342, 0.00757217, 0.00541754, 0.0050941, 0.00652783, 0.00951665, 0.00507326, 0.0062983, 0.00796835, 0.00788037, 0.00406036, 0.00739211, 0.00422713, 0.00417505, 0.0099913, 0.00752197, 0.0055, 0.00974251, 0.00733545, 0.00819681, 0.00995716, 0.00875856, 0.00765132, 0.00446654, 0.00915675, 0.00624352, 0.00601523, 0.00664264, 0.00778868, 0.00680842, 0.00665585, 0.00482385, 0.00819449, 0.00854225, 0.00963091, 0.00672537, 0.00451527, 0.00936155];
GivenLatency = [1077.2, 582.422, 838.078, 862.996, 514.93, 425.158, 470.025, 418.934, 722.471, 731.748, 821.49, 619.976, 555.55, 555.404, 882.274, 737.386, 518.328, 837.48, 406.889, 431.322, 571.475, 594.754, 386.406, 1190.86, 798.641, 1148.41, 466.073, 487.151, 713.074, 396.975, 410.287, 363.275, 577.303, 522.575, 890.066, 466.849, 436.109, 964.753, 653.726, 612.038, 1082.67, 526.334, 832.448, 1191.08, 558.041, 899.635, 610.299, 390.639, 368.774, 916.091, 516.197, 884.87, 761.4, 659.431, 632.164, 726.752, 428.994, 816.236, 616.439, 456.487, 1000.97, 443.382, 390.6, 388.93, 760.334, 390.86, 526.336, 462.912, 537.526, 349.908, 815.022, 616.491, 485.804, 566.918, 494.15, 433.82, 970.066, 521.075, 577.706, 429.108, 708.083, 427.665, 888.508, 793.01, 443.045, 510.914, 668.621, 535.274, 547.613, 492.881, 512.824, 496.488, 716.936, 935.643, 619.398, 458.859, 923.25, 616.589, 526.464, 443.091, 848.062, 472.909, 848.87, 964.389, 430.662, 444.383, 684.747, 345.136, 500.154, 419.454, 430.903, 389.051, 592.724, 838.961, 437.539, 777.633, 601.498, 510.921, 463.234, 521.031, 639.449, 842.471, 537.803, 406.901, 400.388, 599.829, 851.772, 489.031];
HighestPossibleCritFunctionValue = 1.1;
