NumDevices = 32;
NumSlotes = 256;


GivenBandwidthOld = [0.029723, 0.0394065, 0.0155528, 0.0309314, 0.0246295, 0.0334467, 0.023748, 0.0178918, 0.0170442, 0.0225748, 0.0243491, 0.0210295, 0.0282708, 0.0323792, 0.0317517, 0.0355197, 0.0150717, 0.0193683, 0.0324893, 0.032831, 0.0262687, 0.032458, 0.0323993, 0.0204586, 0.0318768, 0.0377438, 0.0192501, 0.0215215, 0.0218612, 0.0317036, 0.027072, 0.0344974];
GivenLatency = [62.3345, 52.3783, 118.72, 71.322, 90.273, 73.5816, 73.8484, 126.534, 136.049, 78.2034, 84.824, 108.903, 67.2614, 68.6576, 70.6062, 57.8766, 119.463, 121.176, 53.5978, 63.3641, 78.3805, 62.0889, 54.1712, 111.988, 61.835, 52.0744, 109.656, 101.362, 107.168, 71.924, 75.509, 61.7832];
HighestPossibleCritFunctionValue = 1.1;
