NumDevices = 32;
NumSlotes = 256;


GivenBandwidthOld = [0.00593231, 0.011782, 0.0150071, 0.00736519, 0.00672889, 0.0123704, 0.0163212, 0.00592678, 0.00646096, 0.00940709, 0.0124088, 0.0114649, 0.0104559, 0.0146604, 0.00501431, 0.00796148, 0.0160602, 0.00711191, 0.0124445, 0.0128051, 0.00949432, 0.015987, 0.013465, 0.0144035, 0.0127487, 0.0116674, 0.013809, 0.00805076, 0.0166742, 0.0133425, 0.0168326, 0.0135298];
GivenLatency = [55.8066, 49.0158, 24.4148, 50.3521, 76.019, 42.1892, 24.4921, 101.182, 49.4702, 55.4896, 25.0905, 33.4033, 31.9039, 43.2881, 67.2159, 52.4541, 19.2761, 67.6636, 40.2089, 30.9589, 53.8176, 31.8672, 29.2386, 36.6851, 38.8592, 29.124, 45.6721, 39.9865, 33.36, 41.8204, 24.4938, 26.1653];
HighestPossibleCritFunctionValue = 1.1;
