NumDevices = 32;
NumSlotes = 256;


GivenBandwidthOld = [0.0124183, 0.00863134, 0.0118814, 0.00995398, 0.0164876, 0.0139891, 0.00907946, 0.00594371, 0.015934, 0.010719, 0.01105, 0.0129263, 0.00982053, 0.011139, 0.00890059, 0.0121618, 0.011302, 0.0103609, 0.00554469, 0.00958239, 0.00866894, 0.00642475, 0.0133122, 0.00777339, 0.0173398, 0.0130322, 0.015468, 0.0163711, 0.00731095, 0.00756066, 0.0170716, 0.0050011];
GivenLatency = [33.9411, 41.1423, 51.0434, 36.7141, 22.9213, 26.3955, 40.0513, 67.8521, 22.0204, 38.1901, 31.1916, 25.1733, 33.9968, 47.6044, 35.1524, 31.3856, 55.6007, 46.858, 73.4794, 50.3726, 55.2763, 75.1326, 30.3565, 45.4261, 20.0925, 39.6334, 23.0632, 27.3806, 51.9772, 45.2798, 28.2367, 91.3244];
HighestPossibleCritFunctionValue = 1.1;
