NumDevices = 64;
NumSlotes = 512;


GivenBandwidthOld = [0.0128591, 0.0149175, 0.0103234, 0.0100264, 0.0186641, 0.0178032, 0.0115786, 0.018379, 0.0137783, 0.0143695, 0.0126105, 0.0117498, 0.00849374, 0.00922147, 0.0151645, 0.0124838, 0.0084976, 0.0115933, 0.0154482, 0.0180489, 0.0146098, 0.0151283, 0.0157738, 0.0149921, 0.0143899, 0.0181242, 0.0183516, 0.0157746, 0.0167709, 0.0110075, 0.0197543, 0.0150848, 0.0104609, 0.0093584, 0.0165575, 0.011987, 0.0199124, 0.0109149, 0.0147237, 0.0157575, 0.0167127, 0.0199995, 0.011495, 0.0137414, 0.0192513, 0.0116685, 0.0176835, 0.0118152, 0.0085275, 0.0142264, 0.00760457, 0.0150463, 0.0134986, 0.0137358, 0.0120713, 0.0125553, 0.0100729, 0.0131787, 0.011075, 0.0167848, 0.0199196, 0.019205, 0.00777298, 0.00800882];
GivenLatency = [242.534, 169.124, 231.543, 277.873, 125.406, 166.638, 254.328, 139.873, 198.466, 166.347, 248.888, 220.124, 348.965, 314.179, 191.072, 181.543, 359.415, 225.333, 197.922, 182.335, 220.15, 176.005, 144.263, 152.948, 180.092, 165.962, 150.51, 156.431, 177.185, 248.876, 129.598, 182.319, 246.965, 301.404, 152.614, 226.503, 153.912, 224.631, 208.262, 184.501, 187.668, 149.267, 252.739, 225.764, 157.768, 193.391, 169.865, 227.825, 385.628, 165.35, 374.719, 180.623, 210.086, 196.235, 272.626, 186.394, 296.18, 185.482, 294.016, 188.209, 133.356, 125.705, 390.009, 349.185];
HighestPossibleCritFunctionValue = 1.1;
