NumDevices = 128;
NumSlotes = 1024;


GivenBandwidthOld = [0.00655093, 0.00399247, 0.00400132, 0.00899245, 0.00734833, 0.00594732, 0.00903579, 0.00447871, 0.00743477, 0.00874651, 0.00504868, 0.00565365, 0.00472762, 0.00964808, 0.00772627, 0.00799981, 0.0052819, 0.00658862, 0.00622548, 0.00916354, 0.00790476, 0.00777431, 0.00910363, 0.00723395, 0.00847895, 0.00819852, 0.00758539, 0.00886036, 0.00614449, 0.00413895, 0.0095073, 0.00428418, 0.00668042, 0.00535398, 0.00562296, 0.00757417, 0.00784025, 0.00481703, 0.00606391, 0.00612643, 0.00696325, 0.008855, 0.00970947, 0.00836017, 0.00561845, 0.00686774, 0.00993109, 0.00813411, 0.00617528, 0.00919714, 0.0037641, 0.0095212, 0.00658703, 0.00440241, 0.00631279, 0.00789667, 0.00925999, 0.00384982, 0.00650712, 0.00518594, 0.00636892, 0.00749168, 0.00885726, 0.00395875, 0.00588872, 0.00544424, 0.00387015, 0.00428931, 0.0054345, 0.00881233, 0.00507114, 0.00811216, 0.0060052, 0.00693009, 0.00772101, 0.00697071, 0.00918276, 0.00586835, 0.00682727, 0.00472226, 0.00709323, 0.00583534, 0.00827197, 0.00454047, 0.00792441, 0.00682057, 0.00462664, 0.00614655, 0.00749651, 0.00891903, 0.00462599, 0.00779846, 0.00879048, 0.00660447, 0.0037947, 0.00496048, 0.00458081, 0.00460596, 0.00865355, 0.00520795, 0.00759957, 0.00977324, 0.00511658, 0.00933524, 0.00616325, 0.00693504, 0.00973922, 0.00836866, 0.00450545, 0.00689788, 0.00388156, 0.00866875, 0.00439118, 0.00505432, 0.00667145, 0.00453036, 0.00670587, 0.00809402, 0.0074348, 0.00917182, 0.00955535, 0.00558038, 0.00449573, 0.00596764, 0.00678956, 0.00833067, 0.00983635, 0.00960268];
GivenLatency = [598.438, 1036.41, 835.811, 385.114, 552.949, 698.748, 442.717, 947.839, 527.589, 436.923, 768.8, 841.157, 877.723, 463.255, 495.1, 466.821, 642.786, 675.587, 647.75, 477.557, 569.22, 490.977, 388.688, 485.796, 443.804, 410.738, 574.296, 492.593, 546.472, 871.749, 523.872, 811.984, 657.406, 760.623, 616.885, 641.411, 528.408, 761.169, 684.251, 732.245, 704.559, 389.168, 448.431, 584.237, 834.772, 512.273, 474.456, 484.065, 756.486, 410.186, 923.628, 379.355, 744.932, 795.179, 673.432, 536.143, 390.9, 983.238, 550.469, 897.259, 572.918, 476.082, 425.901, 986.775, 717.683, 805.593, 1276.4, 1008.39, 702.193, 412.651, 780.049, 456.821, 759.648, 551.301, 442.744, 500.632, 377.185, 639.222, 565.471, 873.893, 482.812, 598.621, 580.017, 1078.93, 591.482, 558.271, 984.339, 637.535, 461.051, 457.134, 726.12, 542.951, 443.927, 721.504, 989.963, 718.977, 1088.24, 1062.88, 401.899, 701.7, 457.819, 374.895, 837.569, 446.445, 779.415, 595.993, 508.114, 410.417, 779.265, 619.646, 984.874, 447.517, 898.673, 666.365, 546.852, 1053.27, 626.259, 520.712, 522.576, 434.958, 405.218, 720.663, 1079.68, 698.001, 504.484, 513.731, 458.523, 417.407];
HighestPossibleCritFunctionValue = 1.1;
