NumDevices = 16;
NumSlotes = 128;


GivenBandwidthOld = [0.0750746, 0.0486872, 0.0556189, 0.0567756, 0.0469927, 0.0771282, 0.0632715, 0.0734586, 0.0395368, 0.0657501, 0.0327174, 0.0516356, 0.059251, 0.0520124, 0.0428937, 0.0352079];
GivenLatency = [20.5328, 36.0308, 33.0329, 27.7056, 31.1556, 24.6914, 26.9623, 26.9458, 36.1104, 23.2737, 45.8419, 27.9146, 30.8667, 37.5748, 45.2913, 51.4489];
HighestPossibleCritFunctionValue = 1.1;
