NumDevices = 16;
NumSlotes = 128;


GivenBandwidthOld = [0.0405648, 0.0333202, 0.0334156, 0.0362939, 0.0519485, 0.0390638, 0.0459484, 0.0347638, 0.0558863, 0.060983, 0.0407028, 0.0324128, 0.0614151, 0.063035, 0.0500098, 0.0547659];
GivenLatency = [27.2906, 32.642, 31.4065, 28.2569, 15.6117, 24.5414, 18.4327, 27.068, 14.6978, 15.0652, 19.4555, 25.5179, 13.0378, 15.9238, 18.5025, 16.631];
HighestPossibleCritFunctionValue = 1.1;
