NumDevices = 8;
NumSlotes = 64;


GivenBandwidthOld = [0.100208, 0.0823362, 0.105268, 0.0774668, 0.103826, 0.0894712, 0.103094, 0.102161];
GivenLatency = [8.34998, 9.17763, 7.69707, 9.86307, 7.62005, 10.8156, 7.58383, 8.03792];
HighestPossibleCritFunctionValue = 1.1;
