NumDevices = 128;
NumSlotes = 1024;


GivenBandwidthOld = [0.00514565, 0.00426971, 0.00720247, 0.00440196, 0.00494725, 0.00715769, 0.00805616, 0.00860583, 0.00943717, 0.0067127, 0.00401706, 0.00469312, 0.00474836, 0.00810269, 0.00939844, 0.0058507, 0.00390304, 0.00721501, 0.00892224, 0.00866795, 0.00977359, 0.00479584, 0.00611354, 0.00900534, 0.00527499, 0.00919829, 0.00434822, 0.0080067, 0.00855738, 0.00758862, 0.00700671, 0.00806509, 0.0086478, 0.00851766, 0.00886129, 0.00924058, 0.00896049, 0.00770818, 0.00381769, 0.00400237, 0.00775953, 0.00436998, 0.00497452, 0.00924418, 0.00701908, 0.0096226, 0.00459458, 0.00479378, 0.0091104, 0.00855098, 0.00629169, 0.00944294, 0.00377454, 0.00376183, 0.00883845, 0.00656946, 0.00910435, 0.00683136, 0.00472653, 0.00998517, 0.00456055, 0.00799841, 0.00683277, 0.00967834, 0.00392179, 0.00972109, 0.009857, 0.00660271, 0.00549467, 0.00773379, 0.00931579, 0.00430286, 0.00814525, 0.00600814, 0.00624213, 0.00776176, 0.00442706, 0.00811804, 0.00486927, 0.00903902, 0.00888191, 0.00570094, 0.00566002, 0.0053779, 0.0076521, 0.00512707, 0.00441862, 0.00381812, 0.00487769, 0.0068003, 0.00759544, 0.00902088, 0.00385631, 0.00918629, 0.00896732, 0.00375443, 0.00947407, 0.00814019, 0.00842988, 0.00844223, 0.00981818, 0.00408827, 0.00782092, 0.00488697, 0.00649745, 0.00522553, 0.0092752, 0.00957062, 0.00590347, 0.00960721, 0.00830849, 0.00572849, 0.00616963, 0.00805412, 0.00560676, 0.00402825, 0.00531717, 0.00569162, 0.00532589, 0.00846608, 0.00431962, 0.00852515, 0.00960791, 0.00763746, 0.00897993, 0.00944373, 0.00457976, 0.00582856];
GivenLatency = [775.298, 792.262, 494.553, 1059.88, 757.558, 530.907, 567.718, 442.67, 498.34, 632.02, 1106.71, 748.689, 709.197, 574.93, 466.503, 655.961, 1271.6, 511.099, 503.009, 567.406, 371.06, 741.532, 719.981, 436.873, 801.551, 534.141, 773.257, 451.969, 409.445, 592.294, 485.734, 420.626, 509.806, 500.38, 384.892, 493.807, 411.442, 449.759, 1019.13, 1037.57, 574.031, 813.005, 921.99, 380.355, 582.651, 479.481, 961.535, 852.225, 464.536, 572.183, 531.972, 505.268, 935.324, 1196.42, 381.608, 579.146, 421.371, 636.959, 933.893, 339.232, 771.668, 488.993, 522.999, 353.752, 948.868, 363.772, 397.964, 720.356, 800.783, 548.034, 466.083, 905.79, 461.228, 719.737, 620.477, 585.505, 812.87, 418.742, 790.973, 548.598, 483.599, 589.701, 770.795, 844.027, 592.119, 718.95, 902.266, 903.972, 952.095, 566.834, 443.226, 489.422, 909.389, 390.809, 551.065, 1092.52, 387.419, 558.292, 505.894, 514.358, 500.032, 1051.85, 438.246, 703.997, 566.827, 675.401, 371.693, 357.035, 627.006, 374.568, 407.192, 670.038, 629.149, 425.354, 779.073, 847.628, 936.031, 835.566, 737.863, 504.718, 1062.42, 463.689, 355.347, 493.779, 435.617, 384.484, 735.962, 681.877];
HighestPossibleCritFunctionValue = 1.1;
