NumDevices = 64;
NumSlotes = 512;


GivenBandwidthOld = [0.0081422, 0.00602719, 0.00277321, 0.00690899, 0.0044325, 0.00699797, 0.00617312, 0.00530396, 0.00367717, 0.00593612, 0.00329476, 0.00378878, 0.00674553, 0.00707934, 0.00495744, 0.00466282, 0.00294413, 0.00445109, 0.00698039, 0.00442597, 0.00358004, 0.00479665, 0.00849857, 0.00798889, 0.00425577, 0.00544494, 0.00426752, 0.00303522, 0.00427611, 0.00350829, 0.00501112, 0.00684983, 0.00386156, 0.00492619, 0.00441634, 0.00421904, 0.00685328, 0.00550013, 0.00690208, 0.00696502, 0.00865139, 0.00758131, 0.00413622, 0.0086544, 0.00822272, 0.0029424, 0.00664726, 0.00549947, 0.00828839, 0.0066953, 0.0067312, 0.00381117, 0.00801012, 0.00476734, 0.00339755, 0.00632992, 0.00327296, 0.00612808, 0.00460391, 0.00671521, 0.00372206, 0.00408384, 0.00331768, 0.00768967];
GivenLatency = [46.4994, 67.2029, 197.017, 53.3529, 98.9129, 60.639, 57.2906, 83.043, 94.7489, 52.6169, 106.865, 86.5211, 92.4991, 52.3648, 62.537, 106.857, 193.821, 113.861, 70.0051, 93.2034, 160.324, 79.1201, 53.5075, 40.5884, 96.8348, 58.6241, 141.449, 204.393, 148.558, 91.6264, 80.4712, 51.5203, 124.294, 124.297, 135.722, 77.5807, 59.8436, 61.4815, 75.6645, 54.0874, 53.2559, 46.4543, 88.9493, 47.1145, 56.0845, 119.507, 67.107, 57.5023, 64.2095, 55.2999, 95.6159, 90.6385, 40.296, 96.0962, 154.576, 56.1131, 189.534, 99.1395, 69.1119, 74.545, 101.078, 105.035, 181.945, 79.687];
HighestPossibleCritFunctionValue = 1.1;
