NumDevices = 128;
NumSlotes = 1024;


GivenBandwidthOld = [0.00758034, 0.00524622, 0.00580405, 0.00611247, 0.00476281, 0.00608271, 0.00464776, 0.00739431, 0.00860666, 0.00459898, 0.00753012, 0.00623006, 0.00610168, 0.00848101, 0.00787284, 0.00635002, 0.00732107, 0.00772484, 0.00391402, 0.00543698, 0.00673647, 0.00741811, 0.00866698, 0.00842705, 0.00589463, 0.00855734, 0.0056573, 0.00473457, 0.00634376, 0.00711056, 0.00471581, 0.00611933, 0.00502152, 0.00414256, 0.00655957, 0.00412764, 0.00572901, 0.00496726, 0.00718177, 0.00654944, 0.00389155, 0.00771875, 0.00646297, 0.00567898, 0.00404431, 0.00515942, 0.00680947, 0.00429322, 0.0085813, 0.00837549, 0.00445318, 0.00705372, 0.00431589, 0.00468909, 0.00700735, 0.00507933, 0.00575528, 0.00641021, 0.00390305, 0.00605953, 0.00506988, 0.00699123, 0.00412056, 0.00679215, 0.00809311, 0.00843669, 0.0080136, 0.00715063, 0.00810167, 0.00725304, 0.00430861, 0.00732259, 0.00830138, 0.00874798, 0.00485188, 0.00807435, 0.00808614, 0.0061931, 0.00499761, 0.00739503, 0.00581513, 0.00736777, 0.00760629, 0.0064506, 0.00770683, 0.00620015, 0.00847534, 0.00760484, 0.00697398, 0.00419361, 0.00455723, 0.00582701, 0.00704435, 0.0069719, 0.00427341, 0.00570413, 0.00688609, 0.00707348, 0.00648215, 0.0079435, 0.00397761, 0.00416616, 0.00821565, 0.007964, 0.00844652, 0.00824665, 0.00397213, 0.00712571, 0.00436575, 0.00769339, 0.00530007, 0.00570451, 0.00825316, 0.00832565, 0.00663597, 0.00817183, 0.00643593, 0.00622261, 0.00589273, 0.00656576, 0.00824453, 0.00830522, 0.00825225, 0.00812105, 0.00791343, 0.00848819, 0.00847864, 0.0079998];
GivenLatency = [155.77, 211.311, 197.166, 171.791, 208.576, 160.466, 226.662, 174.095, 149.734, 243.547, 154.295, 165.169, 194.714, 139.584, 142.77, 169.477, 151.203, 150.219, 258.331, 175.842, 179.642, 130.249, 132.881, 128.474, 203.703, 140.025, 170.511, 216.021, 171.104, 139.849, 236.73, 179.796, 214.251, 232.713, 161.826, 246.114, 226.378, 222.013, 146.809, 162.664, 282.845, 162.942, 176.313, 225.203, 246.281, 197.625, 172.984, 240.575, 144.292, 116.406, 250.235, 145.348, 231.188, 271.72, 148.276, 209.704, 169.076, 171.537, 279.561, 207.253, 198.323, 143.194, 248.026, 181.363, 130.497, 117.176, 148.215, 136.142, 132.234, 138.569, 271.276, 132.233, 124.24, 133.604, 249.912, 154.856, 124.733, 174.484, 209.98, 168.455, 190.754, 155.075, 152.365, 149.809, 155.042, 166.833, 150.168, 154.867, 174.611, 297.081, 282.263, 206.605, 180.7, 170.285, 257.796, 204.106, 150.4, 155.838, 180.045, 137.199, 260.786, 303.325, 153.307, 124.868, 151.63, 121.821, 317.094, 179.33, 292.871, 139.214, 185.345, 180.174, 118.235, 123.877, 152.17, 126.984, 175.615, 173.611, 203.766, 150.865, 118.602, 128.176, 154.754, 118.242, 141.701, 140.536, 137.586, 152.933];
HighestPossibleCritFunctionValue = 1.1;
