NumDevices = 16;
NumSlotes = 128;


GivenBandwidthOld = [0.0521236, 0.0609342, 0.0413629, 0.0560949, 0.0571403, 0.076665, 0.079066, 0.0319953, 0.0654546, 0.0655474, 0.0755201, 0.0360279, 0.0412019, 0.0509198, 0.0785139, 0.0537747];
GivenLatency = [29.213, 22.5266, 45.8529, 29.6113, 28.9815, 22.0136, 18.9689, 45.284, 29.7209, 20.4712, 21.5608, 38.0992, 40.7004, 27.821, 24.9869, 34.1459];
HighestPossibleCritFunctionValue = 1.1;
