NumDevices = 16;
NumSlotes = 128;


GivenBandwidthOld = [0.0636719, 0.0334291, 0.0629008, 0.033897, 0.0471322, 0.0502901, 0.0465307, 0.0614758, 0.0439733, 0.0397972, 0.0507504, 0.0612381, 0.0495673, 0.0570832, 0.0580675, 0.0408993];
GivenLatency = [13.646, 29.0427, 15.1848, 29.8768, 19.5695, 15.6657, 19.1763, 17.8454, 21.9768, 20.0907, 17.2878, 12.7322, 17.2694, 17.3786, 15.4244, 19.3893];
HighestPossibleCritFunctionValue = 1.1;
