NumDevices = 32;
NumSlotes = 256;


GivenBandwidthOld = [0.0260752, 0.0312101, 0.0334889, 0.0324003, 0.0371103, 0.0232517, 0.0264075, 0.0162033, 0.0387342, 0.015374, 0.0261813, 0.0385869, 0.0394953, 0.0318066, 0.0337558, 0.0189424, 0.0250799, 0.0285716, 0.0384389, 0.027892, 0.0162009, 0.0229518, 0.0351138, 0.0174078, 0.0336144, 0.0176978, 0.0323826, 0.0389652, 0.0227893, 0.0294388, 0.0373602, 0.0224633];
GivenLatency = [78.4345, 54.2119, 66.4859, 62.3465, 53.7468, 104.817, 74.8743, 149.02, 49.082, 147.494, 78.9002, 43.7929, 44.6187, 56.0875, 73.0219, 107.665, 89.7074, 77.2665, 48.3769, 61.897, 120.551, 73.1574, 49.2437, 116.912, 69.8429, 129.313, 58.7822, 59.4079, 80.6475, 70.0329, 55.4535, 99.1241];
HighestPossibleCritFunctionValue = 1.1;
