NumDevices = 64;
NumSlotes = 512;


GivenBandwidthOld = [0.00799995, 0.0101381, 0.015283, 0.0165412, 0.0137557, 0.0169795, 0.00875845, 0.00831176, 0.0107527, 0.0157093, 0.0109999, 0.0110739, 0.014857, 0.0163781, 0.0109525, 0.013083, 0.0112638, 0.0149693, 0.0141718, 0.0105924, 0.0119304, 0.00980843, 0.0153175, 0.0159409, 0.0137723, 0.0161788, 0.0114895, 0.0085847, 0.00811597, 0.0100348, 0.0104257, 0.00918081, 0.0169622, 0.00863322, 0.013567, 0.0152258, 0.0144159, 0.0123003, 0.0158657, 0.0105841, 0.0119735, 0.0137429, 0.0117981, 0.0148808, 0.0157851, 0.015979, 0.0148493, 0.0173578, 0.0171075, 0.00999688, 0.0124845, 0.0112474, 0.00972866, 0.0145694, 0.0130475, 0.0143904, 0.0144792, 0.0076378, 0.0134714, 0.00822954, 0.00883863, 0.0158887, 0.0156278, 0.010959];
GivenLatency = [128.395, 94.4333, 73.2261, 59.7252, 86.7444, 65.2805, 123.075, 129.193, 102.488, 75.3024, 96.9596, 83.0774, 68.7752, 58.5666, 105.888, 82.359, 82.5613, 65.9786, 87.9644, 93.6545, 79.4313, 105.965, 71.7101, 57.7893, 66.3021, 72.617, 85.0824, 138.188, 128.866, 108.452, 110.108, 116.151, 68.3377, 125.485, 67.0296, 62.8869, 77.5831, 84.6883, 66.0905, 103.384, 90.3505, 68.4249, 103.41, 67.0356, 60.6093, 63.5316, 76.5965, 56.5773, 64.7805, 107.886, 78.2293, 108.451, 118.569, 71.698, 72.7901, 85.2969, 81.4751, 122.652, 73.1787, 121.598, 113.939, 61.3669, 59.6622, 103.972];
HighestPossibleCritFunctionValue = 1.1;
