NumDevices = 64;
NumSlotes = 512;


GivenBandwidthOld = [0.0033027, 0.00598601, 0.00428271, 0.00828795, 0.00564061, 0.00550875, 0.00805623, 0.00477605, 0.00604609, 0.00795948, 0.00378141, 0.00788238, 0.00782329, 0.00858132, 0.00494807, 0.00344754, 0.00277158, 0.00440439, 0.00335674, 0.00793392, 0.00533199, 0.00601316, 0.0044607, 0.00593912, 0.00382703, 0.00596493, 0.00626668, 0.00280331, 0.00653026, 0.00784871, 0.0044475, 0.00280397, 0.00510594, 0.00683804, 0.00570933, 0.00425442, 0.00773115, 0.00365455, 0.00707408, 0.00413011, 0.00602228, 0.00767357, 0.0046266, 0.00669445, 0.00490596, 0.00826008, 0.00594597, 0.00641556, 0.00498557, 0.00254075, 0.00618953, 0.00612904, 0.00819948, 0.00611397, 0.00496008, 0.00534546, 0.00742875, 0.00254679, 0.00762436, 0.00261293, 0.00681858, 0.00369628, 0.00840565, 0.00872375];
GivenLatency = [136.658, 70.5851, 98.1255, 53.7266, 75.0822, 56.0326, 72.0877, 100.495, 106.944, 41.0139, 99.5833, 69.062, 78.5205, 74.4265, 88.1875, 110.345, 187.831, 79.3666, 142.748, 53.1723, 119.992, 75.9027, 70.2053, 76.9726, 142.662, 54.5903, 89.3636, 120.16, 48.2269, 81.7769, 131.325, 120.768, 90.8605, 80.4483, 65.3904, 114.74, 46.6349, 174.028, 49.4467, 81.6982, 57.1405, 43.0499, 95.9897, 68.5101, 130.556, 59.4976, 67.0304, 79.2003, 126.317, 162.107, 69.4837, 55.9745, 51.4046, 57.0915, 97.8426, 84.4798, 48.1585, 175.722, 72.6464, 197.101, 65.1183, 85.9178, 40.4915, 63.9218];
HighestPossibleCritFunctionValue = 1.1;
