NumDevices = 128;
NumSlotes = 1024;


GivenBandwidthOld = [0.00517062, 0.00508373, 0.00727548, 0.00650964, 0.00383579, 0.0080573, 0.00905, 0.00586259, 0.00376538, 0.0059656, 0.00384287, 0.00840282, 0.00377396, 0.00636656, 0.00528601, 0.00698034, 0.00856005, 0.00882474, 0.00742929, 0.00412466, 0.00695578, 0.00833769, 0.00911979, 0.00382667, 0.00483176, 0.00993573, 0.00485905, 0.00613444, 0.00405523, 0.00876003, 0.00736406, 0.00772483, 0.00866225, 0.00761633, 0.00391326, 0.00389337, 0.00704495, 0.00701002, 0.00746933, 0.00822939, 0.00769192, 0.0056641, 0.00533193, 0.00998587, 0.00381063, 0.00393453, 0.00516072, 0.00743734, 0.00818388, 0.00522699, 0.00874752, 0.00965248, 0.00665797, 0.00932128, 0.00901295, 0.00807671, 0.0040241, 0.0043802, 0.00803377, 0.0073364, 0.00536016, 0.00949179, 0.00606018, 0.00596456, 0.00509037, 0.00637031, 0.00581166, 0.00414403, 0.00752462, 0.00635399, 0.00658258, 0.00471517, 0.0066621, 0.00991683, 0.00583479, 0.00528402, 0.00476801, 0.00723729, 0.00840423, 0.00865837, 0.00493397, 0.00904571, 0.00871466, 0.00737216, 0.00635508, 0.00606954, 0.00699699, 0.00721135, 0.00983767, 0.00672161, 0.00386151, 0.00908869, 0.00605763, 0.00689351, 0.00545266, 0.00782805, 0.00607955, 0.00647064, 0.00458803, 0.00732292, 0.00389942, 0.00884709, 0.00797674, 0.00509071, 0.00583571, 0.0083199, 0.0038207, 0.00449971, 0.0041983, 0.00700238, 0.00397228, 0.00834321, 0.0080996, 0.00743937, 0.00476366, 0.00905912, 0.00920542, 0.00555225, 0.0066039, 0.00674266, 0.00766217, 0.0055076, 0.00623651, 0.00707008, 0.00438954, 0.00868951, 0.00962921, 0.00934886];
GivenLatency = [644.752, 791.914, 572.727, 534.055, 1029.71, 567.691, 506.96, 645.994, 1065.34, 806.785, 1120.01, 535.148, 934.204, 581.076, 633.384, 483.111, 425.932, 535.287, 507.584, 1111.66, 562.302, 407.275, 445.392, 1081.79, 979.174, 454.087, 950.458, 550.125, 879.35, 427.311, 557.434, 432.479, 395.582, 610.97, 1251.03, 958.166, 683.666, 590.992, 532.538, 582.924, 482.423, 676.007, 827.94, 470.992, 953.484, 1097.15, 857.297, 611.712, 504.174, 794.305, 563.617, 407.181, 585.599, 357.631, 474.597, 490.776, 955.196, 802.808, 559.035, 561.408, 773.237, 371.877, 582.5, 778.64, 683.806, 628.663, 721.278, 903.001, 492.738, 658.904, 734.352, 760.768, 648.521, 401.46, 614.733, 774.121, 971.198, 484.645, 559.435, 520.928, 706.517, 409.448, 473.984, 470.152, 611.373, 616.77, 602.86, 473.261, 461.26, 630.781, 1063.55, 387.24, 573.958, 698.832, 875.711, 569.132, 653.068, 701.155, 748.145, 651.89, 1183.78, 377.612, 443.728, 976.831, 816.543, 403.985, 1184.71, 781.912, 1113.97, 624.789, 861.854, 444.934, 547.994, 629.835, 783.731, 424.257, 434.274, 617.685, 592.311, 595.669, 652.317, 770.496, 599.533, 545.003, 1069.99, 486.668, 491.44, 444.877];
HighestPossibleCritFunctionValue = 1.1;
