NumDevices = 16;
NumSlotes = 128;


GivenBandwidthOld = [0.0466788, 0.0309387, 0.0465138, 0.0574519, 0.0534574, 0.0390673, 0.0639268, 0.0372214, 0.0405615, 0.0578523, 0.063019, 0.0595818, 0.0516956, 0.0671668, 0.052128, 0.0545145];
GivenLatency = [20.5199, 24.8669, 19.0177, 19.2396, 20.4727, 20.3605, 12.3758, 28.2652, 25.8003, 14.2279, 16.5679, 15.5263, 17.4307, 11.6667, 19.1662, 15.2444];
HighestPossibleCritFunctionValue = 1.1;
