NumDevices = 32;
NumSlotes = 256;


GivenBandwidthOld = [0.0293896, 0.0211311, 0.0206651, 0.0290372, 0.0180234, 0.0295003, 0.0213802, 0.0270059, 0.0176213, 0.0311883, 0.0315394, 0.0328618, 0.0180703, 0.0178646, 0.0195479, 0.0312002, 0.0309802, 0.0339938, 0.0245048, 0.0217334, 0.022957, 0.027558, 0.0174032, 0.0257694, 0.0170881, 0.0290454, 0.015428, 0.0284624, 0.016892, 0.033085, 0.029557, 0.0344182];
GivenLatency = [39.2311, 48.0332, 45.7006, 33.1151, 59.4134, 31.9442, 39.674, 37.1398, 50.918, 30.378, 35.3673, 31.4677, 58.7157, 50.6882, 54.8773, 36.5173, 27.0824, 27.11, 38.2176, 47.8296, 44.633, 37.8928, 62.9146, 41.75, 58.2528, 32.3717, 60.8777, 35.18, 59.0343, 28.5237, 32.9798, 32.0642];
HighestPossibleCritFunctionValue = 1.1;
