NumDevices = 64;
NumSlotes = 512;


GivenBandwidthOld = [0.0115056, 0.0168644, 0.0196657, 0.0132131, 0.0158304, 0.0161804, 0.0120479, 0.0185244, 0.0188126, 0.0137093, 0.0170762, 0.0169493, 0.00958623, 0.00831831, 0.0109045, 0.0145739, 0.0115489, 0.0196299, 0.0130377, 0.0179033, 0.0178159, 0.012203, 0.0136664, 0.00872512, 0.0105688, 0.0102532, 0.0179912, 0.00807658, 0.0106595, 0.00967849, 0.00886529, 0.0163772, 0.0189782, 0.00848034, 0.00900174, 0.00980245, 0.0172918, 0.0164519, 0.0113235, 0.0187323, 0.0133639, 0.0116951, 0.0144839, 0.0107563, 0.0113268, 0.0124728, 0.00969792, 0.0104305, 0.0107981, 0.0144435, 0.00751376, 0.013761, 0.011025, 0.0138853, 0.0123157, 0.0199599, 0.00904885, 0.0140123, 0.00957551, 0.0155312, 0.0136475, 0.0162126, 0.0159074, 0.010964];
GivenLatency = [225.878, 140.457, 122.727, 182.318, 146.963, 172.287, 227.271, 129.698, 176.911, 210.544, 143.697, 160.468, 293.659, 352.02, 244.774, 180.403, 216.586, 114.106, 238.81, 131.535, 176.227, 199.073, 228.068, 314.067, 221.304, 304.936, 126.505, 379.632, 267.001, 277.304, 258.24, 186.459, 151.305, 325.349, 316.961, 277.164, 132.743, 178.564, 213.082, 127.644, 186.259, 255.3, 226.163, 278.435, 285.953, 207.266, 230.456, 218.93, 225.058, 162.895, 427.773, 233.49, 253.086, 212.545, 184, 160.988, 281.319, 189.348, 251.345, 204.303, 182.806, 175.734, 143.685, 236.731];
HighestPossibleCritFunctionValue = 1.1;
