NumDevices = 32;
NumSlotes = 256;


GivenBandwidthOld = [0.0313528, 0.0311844, 0.0254443, 0.0275641, 0.0301154, 0.0349434, 0.0293298, 0.031459, 0.0157282, 0.0292642, 0.0290841, 0.0269824, 0.0288822, 0.0328009, 0.0204815, 0.0180731, 0.038957, 0.0355666, 0.0280726, 0.0258941, 0.0377065, 0.0183576, 0.0203552, 0.0202432, 0.0372246, 0.0190507, 0.0202346, 0.0174814, 0.0197354, 0.0287243, 0.0293466, 0.0376166];
GivenLatency = [59.6441, 70.1989, 70.2984, 81.9664, 62.6279, 53.0651, 67.5242, 57.6906, 143.384, 81.207, 72.125, 68.7601, 78.6411, 68.6401, 91.1167, 99.9815, 42.8134, 62.4754, 61.4069, 79.63, 63.3091, 95.5904, 98.7959, 102.136, 50.1028, 99.9877, 93.2423, 124.094, 93.6028, 60.3948, 60.5266, 55.1989];
HighestPossibleCritFunctionValue = 1.1;
