NumDevices = 128;
NumSlotes = 1024;


GivenBandwidthOld = [0.00293502, 0.00263421, 0.00321593, 0.00205633, 0.00330891, 0.0021601, 0.00351584, 0.0019121, 0.00424161, 0.00315201, 0.00265958, 0.00138901, 0.00322782, 0.00184848, 0.00357996, 0.00149549, 0.00223234, 0.00203131, 0.00139713, 0.00226808, 0.00269165, 0.00285944, 0.00420236, 0.00289529, 0.00368234, 0.00342345, 0.00228779, 0.00278534, 0.00266011, 0.004081, 0.00381661, 0.00384808, 0.00160491, 0.0036627, 0.00149143, 0.00271055, 0.00178294, 0.00212876, 0.00188899, 0.00320963, 0.00238009, 0.00412973, 0.00393918, 0.0014725, 0.00333837, 0.00366678, 0.00132371, 0.0025596, 0.0023312, 0.00426856, 0.00287125, 0.00271044, 0.00317587, 0.00367203, 0.00198612, 0.00132731, 0.00370587, 0.0019748, 0.00175256, 0.00397485, 0.00405256, 0.00382025, 0.00252018, 0.00234876, 0.00243804, 0.00302835, 0.00239314, 0.00156141, 0.0038028, 0.00309219, 0.00355991, 0.00205462, 0.00259114, 0.0043389, 0.00385928, 0.00237311, 0.0023676, 0.00352016, 0.0026653, 0.00378341, 0.00220538, 0.00203491, 0.00263935, 0.00198275, 0.00404964, 0.001727, 0.00256283, 0.00346745, 0.00426809, 0.00436823, 0.0030229, 0.00148355, 0.00144923, 0.00285994, 0.00326035, 0.00172018, 0.0036258, 0.00324044, 0.0014808, 0.00211136, 0.00305012, 0.00280279, 0.0020623, 0.00358121, 0.00368873, 0.00154813, 0.00256717, 0.00135875, 0.0040709, 0.00280302, 0.00289236, 0.00432744, 0.00196331, 0.0022673, 0.00211559, 0.00238356, 0.00306771, 0.00146269, 0.00408105, 0.00138241, 0.00161316, 0.00183092, 0.00232825, 0.00152462, 0.00427998, 0.00420539, 0.00379729, 0.00416081];
GivenLatency = [217.442, 176.181, 106.27, 209.53, 122.773, 172.557, 159.705, 201.789, 79.7753, 103.431, 122.32, 325.903, 145.506, 276.096, 89.4594, 354.067, 258.169, 236.511, 395.293, 271.282, 244.342, 114.791, 140.12, 158.63, 85.4572, 189.45, 179.49, 186.329, 123.043, 92.7474, 105.022, 123.033, 286.383, 86.5839, 279.335, 116.692, 261.451, 156.647, 266.127, 176.51, 216.414, 77.6805, 89.4317, 313.791, 94.693, 130.915, 426.929, 230.625, 278.702, 95.9468, 134.44, 157.011, 152.545, 99.1424, 199.087, 357.469, 112.583, 328.833, 262.814, 94.7878, 120.095, 163.548, 157.814, 189.104, 171.403, 140.368, 195.464, 292.111, 100.229, 108.279, 91.4117, 256.387, 125.217, 104.226, 93.4601, 137.666, 146.055, 147.316, 180.874, 104.991, 161.686, 181.649, 195.976, 179.177, 104.366, 183.578, 145.193, 182.378, 106.931, 75.7432, 178.443, 212.01, 240.532, 117.015, 124.797, 183.977, 175.988, 107.493, 281.277, 206.467, 103.481, 148.303, 170.56, 153.986, 160.675, 202.25, 140.71, 255.966, 128.945, 112.471, 118.858, 133.164, 292.009, 162.53, 172.508, 159.022, 193.778, 235.528, 78.7, 227.825, 317.691, 241.474, 200.59, 237.693, 92.3667, 87.7381, 144.187, 104.459];
HighestPossibleCritFunctionValue = 1.1;
