NumDevices = 128;
NumSlotes = 1024;


GivenBandwidthOld = [0.00351825, 0.00181283, 0.0013124, 0.00307087, 0.00140769, 0.00154605, 0.00204055, 0.0035757, 0.00172037, 0.00371455, 0.00426681, 0.00163876, 0.00381334, 0.00205178, 0.00178717, 0.00130186, 0.00414847, 0.00339598, 0.00316036, 0.00237962, 0.00245289, 0.00253468, 0.00231698, 0.00278538, 0.00327996, 0.00312383, 0.00400813, 0.00393853, 0.00302011, 0.00148026, 0.00242503, 0.00317112, 0.00205828, 0.00168112, 0.00337852, 0.0034863, 0.00233551, 0.00161588, 0.00372568, 0.00372781, 0.00211959, 0.00398813, 0.00221825, 0.00271481, 0.00159538, 0.00291737, 0.00294636, 0.00265583, 0.0039686, 0.00205621, 0.00435547, 0.00420912, 0.00397993, 0.00189488, 0.00228733, 0.00130959, 0.00282966, 0.00363473, 0.00333044, 0.00162447, 0.00428762, 0.00136383, 0.00192908, 0.00200913, 0.00365754, 0.00232486, 0.00388865, 0.00221175, 0.00286226, 0.00168583, 0.00432896, 0.00242769, 0.00412197, 0.00167849, 0.00280171, 0.0026392, 0.00269053, 0.00278166, 0.00330071, 0.00185302, 0.00185138, 0.00235489, 0.00246948, 0.00328719, 0.002793, 0.00320649, 0.00272142, 0.00326749, 0.0028795, 0.00393839, 0.00378032, 0.00339046, 0.0040544, 0.0035422, 0.0043577, 0.00429448, 0.00417871, 0.00214419, 0.00180588, 0.00331554, 0.00430108, 0.00257464, 0.00199673, 0.00155886, 0.00157608, 0.00361577, 0.0033643, 0.0018623, 0.00151114, 0.002731, 0.00172213, 0.00188884, 0.00388172, 0.00138201, 0.00436542, 0.00269643, 0.00202081, 0.00310814, 0.00289899, 0.00326418, 0.00357701, 0.00184804, 0.00247525, 0.00341436, 0.00268714, 0.00211124, 0.00421026, 0.00129396];
GivenLatency = [125.852, 203.129, 368.489, 154.197, 227.842, 294.81, 195.408, 159.474, 210.918, 157.559, 134.262, 204.51, 132.18, 239.093, 197.404, 301.609, 148.819, 179.688, 182.371, 218.56, 232.381, 148.113, 169.159, 147.751, 125.633, 147.184, 107.899, 146.361, 142.117, 439.287, 161.844, 134.767, 168.758, 190.214, 95.6561, 129.328, 136.421, 212.098, 96.3973, 153.324, 158.899, 145.887, 201.218, 121.774, 206.383, 149.352, 216.824, 160.787, 110.822, 225.896, 87.0974, 97.3921, 82.192, 243.238, 264.176, 273.501, 137.98, 99.8371, 140.184, 241.602, 88.7079, 308.78, 216.85, 175.713, 97.6473, 146.19, 91.5881, 268.513, 110.438, 328.04, 81.59, 251.645, 119.624, 260.82, 144.663, 124.862, 219.212, 125.446, 173.003, 311.421, 186.277, 223.185, 202.789, 109.247, 143.293, 129.749, 123.159, 99.1028, 190.262, 143.003, 100.843, 172.526, 105.659, 91.4029, 75.1866, 92.6486, 100.446, 239.866, 363.092, 101.39, 87.4366, 173.71, 255.705, 247.365, 241.565, 160.456, 170.456, 186.424, 285.84, 162.594, 276.257, 174.135, 105.226, 370.38, 71.7268, 124.87, 169.86, 117.698, 118.967, 199.068, 112.363, 231.945, 137.778, 142.615, 135.411, 199.782, 132.086, 488.988];
HighestPossibleCritFunctionValue = 1.1;
