NumDevices = 128;
NumSlotes = 1024;


GivenBandwidthOld = [0.00864034, 0.00827355, 0.00601253, 0.00505536, 0.00542997, 0.00768255, 0.00428975, 0.00665384, 0.008511, 0.00937304, 0.00394837, 0.0065672, 0.00872203, 0.00622064, 0.00897777, 0.00443568, 0.00924274, 0.00776937, 0.00721871, 0.00858895, 0.0070594, 0.00605405, 0.00922311, 0.00906252, 0.00382515, 0.00433467, 0.00537474, 0.00453267, 0.00816872, 0.00664062, 0.00519335, 0.00585515, 0.00379988, 0.00461209, 0.00545712, 0.007817, 0.00776198, 0.00803565, 0.00772582, 0.00656573, 0.00901516, 0.00786569, 0.00742627, 0.00955047, 0.00467014, 0.00598803, 0.0057459, 0.00503589, 0.00946822, 0.00991818, 0.00985223, 0.00775295, 0.00634814, 0.00825325, 0.00867561, 0.00723484, 0.00470686, 0.00442903, 0.00991087, 0.00576659, 0.00901426, 0.00525576, 0.0048177, 0.0048577, 0.0084095, 0.00975091, 0.00481131, 0.00989163, 0.00729551, 0.00555785, 0.00710452, 0.00811393, 0.00462576, 0.00395131, 0.0059965, 0.00436328, 0.00483922, 0.00406534, 0.00995578, 0.0042368, 0.00421616, 0.00731846, 0.00387291, 0.00703328, 0.00450618, 0.00668229, 0.00556017, 0.00845006, 0.00398794, 0.00899955, 0.00786579, 0.00914205, 0.00924418, 0.00696943, 0.00642976, 0.00497331, 0.00773201, 0.00436824, 0.00702864, 0.00785241, 0.00914489, 0.00698797, 0.00555377, 0.00724715, 0.00527185, 0.00641794, 0.00626454, 0.00932928, 0.00594957, 0.00945665, 0.00916304, 0.00578974, 0.0043979, 0.00549514, 0.0092567, 0.00478642, 0.0041462, 0.00637346, 0.00877936, 0.00716352, 0.00600444, 0.00664933, 0.0078303, 0.00639436, 0.00381795, 0.00824088, 0.00701503, 0.00409981];
GivenLatency = [430.485, 448.827, 650.827, 823.297, 754.238, 451.983, 795.123, 576.556, 498.975, 369.284, 933.925, 607.621, 400.098, 725.301, 382.477, 793.101, 514.478, 499.886, 518.449, 555.791, 515.87, 766.218, 369.668, 393.368, 964.99, 1040.72, 867.251, 774.734, 579.395, 518.767, 754.872, 658.737, 1184.01, 901.009, 646.75, 615.214, 601.957, 618.295, 464.602, 595.285, 473.618, 424.278, 459.772, 523.459, 747.55, 641.757, 653.013, 979.626, 414.111, 450.958, 341.793, 507.902, 552.686, 546.163, 422.105, 554.289, 784.455, 793.374, 423.189, 764.248, 510.11, 702.726, 1030.97, 704.084, 399.023, 386.805, 748.805, 373.374, 675.017, 658.674, 545.077, 435.483, 722.466, 873.143, 802.514, 1003.88, 919.925, 833.425, 472.39, 868.958, 1041.38, 649.369, 1074.29, 568.41, 790.349, 634.849, 825.944, 468.569, 864.559, 374.682, 541.501, 493.931, 463.358, 505.967, 542.897, 677.464, 495.872, 825.609, 574.282, 533.776, 428.04, 551.377, 727.25, 464.527, 800.687, 588.768, 623.987, 385.969, 651.88, 379.445, 410.497, 605.76, 892.172, 654.846, 361.84, 816.667, 930.89, 667.254, 437.11, 616.4, 582.816, 733.978, 557.687, 596.132, 1258.42, 546.739, 603.149, 998.607];
HighestPossibleCritFunctionValue = 1.1;
