NumDevices = 128;
NumSlotes = 1024;


GivenBandwidthOld = [0.00527418, 0.00806583, 0.00860772, 0.00993116, 0.00934196, 0.00656655, 0.00396102, 0.00656227, 0.00715491, 0.00508195, 0.00860684, 0.00760313, 0.0070601, 0.00533298, 0.00895482, 0.00618509, 0.00535651, 0.00442596, 0.00829264, 0.00815022, 0.00828213, 0.00645942, 0.00971089, 0.00721621, 0.00417161, 0.00842566, 0.00631384, 0.00674841, 0.00435608, 0.00883211, 0.00623663, 0.00910186, 0.00867145, 0.00605369, 0.00932002, 0.00655349, 0.00942084, 0.00735096, 0.00627269, 0.00882038, 0.00919145, 0.00820022, 0.00485908, 0.00655036, 0.00696656, 0.00821037, 0.00675201, 0.0084737, 0.0074745, 0.00774365, 0.00633006, 0.00425173, 0.00513054, 0.00649855, 0.00495315, 0.00634401, 0.00748352, 0.00931587, 0.00558658, 0.00863095, 0.00667111, 0.00508002, 0.00740788, 0.0067076, 0.00586121, 0.00565445, 0.00563199, 0.00938416, 0.0096292, 0.00918044, 0.0044688, 0.00959253, 0.00542176, 0.00724284, 0.00784584, 0.00507268, 0.00905241, 0.00889345, 0.00590784, 0.00800045, 0.00983013, 0.00506337, 0.00877865, 0.00771681, 0.0051814, 0.00498767, 0.00523674, 0.00385543, 0.00696249, 0.00860438, 0.00998925, 0.00436432, 0.00980665, 0.00414414, 0.00936172, 0.00738343, 0.00826437, 0.00798395, 0.0075317, 0.00648033, 0.00492636, 0.00604759, 0.00686248, 0.00886912, 0.00957626, 0.00691265, 0.00846837, 0.00545043, 0.00783109, 0.00706066, 0.00858894, 0.00682441, 0.00663196, 0.00967331, 0.00684231, 0.00748885, 0.00508511, 0.00536014, 0.00911955, 0.00604413, 0.00498642, 0.00929347, 0.00412858, 0.00406536, 0.00408447, 0.00652153, 0.00981869, 0.00650172];
GivenLatency = [701.294, 457.939, 496.387, 449.562, 445.571, 710.158, 1195.84, 705.009, 467.089, 780.85, 418.081, 535.96, 574.075, 670.864, 547.118, 623.877, 691.184, 852.37, 443.284, 414.876, 522.089, 758.091, 460.608, 670.27, 1158.41, 472.799, 770.416, 519.888, 826.614, 404.857, 562.683, 445.061, 416.492, 719.522, 401.132, 531.352, 446.045, 555.143, 725.456, 385.001, 401.515, 565.306, 967.625, 719.726, 504.905, 442.404, 512.281, 514.824, 556.252, 472.788, 550.214, 789.623, 764.547, 680.392, 826.122, 567.399, 526.896, 425.582, 597.069, 534.069, 600.691, 890.695, 520.45, 734.815, 753.988, 858.434, 799.707, 487.862, 494.459, 422.238, 1111.4, 352.631, 833.768, 531.46, 462.42, 697.472, 439.698, 517.828, 817.551, 514.932, 362.972, 985.258, 380.924, 602.056, 745.496, 695.048, 697.742, 1021.12, 577.085, 420.281, 441.833, 1045.56, 340.533, 1205.07, 410.088, 609.834, 435.726, 580.998, 542.287, 544.978, 717.076, 736.485, 496.75, 410.297, 498.465, 578.153, 458.102, 613.769, 490.861, 703.449, 454.211, 538.327, 559.326, 365.31, 631.262, 534.235, 968.975, 693.151, 495.016, 701.967, 930.92, 397.603, 989.753, 1050.79, 933.599, 727.654, 431.686, 656.572];
HighestPossibleCritFunctionValue = 1.1;
