NumDevices = 32;
NumSlotes = 256;


GivenBandwidthOld = [0.00979733, 0.00865723, 0.00950342, 0.00649604, 0.0114152, 0.0134748, 0.0167203, 0.0134041, 0.0144334, 0.0139678, 0.0148781, 0.01376, 0.00856008, 0.0142207, 0.014426, 0.0151979, 0.013816, 0.0122822, 0.010015, 0.0050638, 0.0148478, 0.0167909, 0.0122227, 0.00875454, 0.00757949, 0.00854689, 0.00511713, 0.0110989, 0.00994503, 0.0160637, 0.0146145, 0.00839114];
GivenLatency = [39.7077, 66.0337, 46.6632, 83.5202, 30.228, 25.8868, 26.3487, 35.9611, 34.9467, 43.6155, 20.8034, 24.1109, 47.5096, 26.811, 33.4412, 26.3868, 23.7859, 25.3475, 45.6195, 64.516, 27.4291, 22.0101, 29.2325, 40.3697, 83.6014, 57.0531, 89.7384, 32.0155, 38.9506, 38.9853, 24.6153, 69.5536];
HighestPossibleCritFunctionValue = 1.1;
