NumDevices = 32;
NumSlotes = 256;


GivenBandwidthOld = [0.0285815, 0.0200593, 0.0267595, 0.0176023, 0.0326801, 0.0244829, 0.0341855, 0.0253815, 0.016157, 0.0213337, 0.025863, 0.0293707, 0.0240248, 0.0346572, 0.0343862, 0.0187462, 0.0170603, 0.0231355, 0.0283004, 0.0342599, 0.0167914, 0.0238834, 0.0184067, 0.0317201, 0.0298797, 0.0178366, 0.0297791, 0.0280507, 0.0180176, 0.0318593, 0.0290891, 0.0305667];
GivenLatency = [34.4635, 52.7707, 40.9099, 51.9363, 27.6143, 40.6573, 28.8105, 43.9693, 61.1515, 39.9757, 36.8963, 36.5076, 47.6783, 24.06, 33.7947, 47.6112, 62.5033, 50.051, 32.9296, 24.4079, 58.8783, 45.018, 59.2542, 28.5002, 30.8561, 64.1731, 33.8016, 30.0561, 47.4494, 28.3197, 30.2963, 35.2803];
HighestPossibleCritFunctionValue = 1.1;
