NumDevices = 128;
NumSlotes = 1024;


GivenBandwidthOld = [0.00655041, 0.00519149, 0.00581242, 0.00688948, 0.00401548, 0.00570583, 0.00536199, 0.00639644, 0.00744471, 0.00580925, 0.00859641, 0.00731246, 0.00793474, 0.00668741, 0.00785082, 0.00628735, 0.00402349, 0.00522175, 0.00438414, 0.0067618, 0.0080534, 0.00602145, 0.0050854, 0.00782976, 0.00722753, 0.00564514, 0.00536713, 0.00783176, 0.00590381, 0.00788219, 0.00839813, 0.00495067, 0.00836885, 0.00783902, 0.00785336, 0.0039125, 0.00485594, 0.00626828, 0.00853014, 0.00860528, 0.00641786, 0.00746697, 0.00493612, 0.00380969, 0.00688134, 0.00718488, 0.00872514, 0.00594456, 0.00771798, 0.00865821, 0.00604611, 0.00439864, 0.00538533, 0.00866851, 0.00407367, 0.00864949, 0.0044179, 0.00420711, 0.0063332, 0.0046494, 0.00496567, 0.00544975, 0.00647643, 0.00690687, 0.00627539, 0.00804001, 0.00601858, 0.0068066, 0.00607222, 0.00823032, 0.00452359, 0.00546285, 0.00663549, 0.00513321, 0.00634297, 0.00388408, 0.00716923, 0.00568087, 0.00588507, 0.00783901, 0.00772426, 0.00419668, 0.00614615, 0.00583436, 0.00553456, 0.0068735, 0.00541692, 0.00459347, 0.0049419, 0.00605037, 0.00601457, 0.00441182, 0.00695176, 0.0056776, 0.00586831, 0.00625352, 0.00543702, 0.00741705, 0.00594417, 0.0061058, 0.00764252, 0.0053336, 0.00424818, 0.00665713, 0.00381034, 0.00795921, 0.00800479, 0.00405647, 0.00456704, 0.00576802, 0.00553329, 0.00558335, 0.00685645, 0.00387945, 0.00440153, 0.00400676, 0.00415041, 0.00847188, 0.00447381, 0.00387184, 0.00643656, 0.00671711, 0.00688592, 0.00407637, 0.00408618, 0.00388537, 0.00390959, 0.0059526];
GivenLatency = [153.193, 199.655, 178.585, 155.317, 242.643, 208.571, 240.178, 192.346, 150.759, 174.939, 142.63, 146.5, 120.894, 188.733, 160.168, 189.741, 272.576, 190.406, 231.574, 141.265, 139.659, 195.54, 239.742, 137.935, 140.857, 202.285, 203.075, 154.749, 214.99, 156.804, 135.619, 251.265, 146.598, 141.447, 130.584, 262.281, 207.324, 195.752, 120.22, 129.323, 175.788, 140.035, 206.291, 291.014, 186.516, 171.371, 117.78, 169.118, 154.961, 129.145, 185.297, 224.653, 206.765, 127.027, 238.986, 128.584, 289.684, 246.446, 157.229, 275.783, 194.902, 186.822, 156.601, 173.832, 193.205, 138.991, 212.113, 166.861, 205.916, 126.157, 214.546, 229.552, 173.643, 225.854, 192.951, 293.197, 143.527, 197.93, 217.682, 165.357, 124.73, 291.702, 172.67, 221.066, 182.944, 150.691, 196.052, 234.919, 252.539, 168.173, 162.508, 241.9, 138.586, 171.927, 186.682, 165.923, 201.228, 155.686, 179.675, 160.576, 160.951, 185.916, 284.605, 192.17, 333.441, 161.042, 128.004, 248.086, 223.56, 177.49, 203.289, 223.802, 164.442, 271.082, 231.245, 305.592, 280.276, 130.63, 258.795, 259.605, 175.634, 151.331, 140.944, 256.008, 235.775, 250.996, 279.511, 163.752];
HighestPossibleCritFunctionValue = 1.1;
