NumDevices = 128;
NumSlotes = 1024;


GivenBandwidthOld = [0.00998244, 0.00868786, 0.00681077, 0.00860779, 0.0049101, 0.00781314, 0.00549226, 0.00474798, 0.00808773, 0.00797114, 0.00476281, 0.007339, 0.00537126, 0.00846208, 0.0059967, 0.00781065, 0.00726857, 0.00904217, 0.0054892, 0.0094655, 0.00788226, 0.00458982, 0.00605198, 0.00561324, 0.00670135, 0.00715676, 0.004983, 0.00810443, 0.0073544, 0.00784738, 0.00586908, 0.00661169, 0.00640087, 0.00687454, 0.00543209, 0.0059672, 0.00573482, 0.00628611, 0.00935888, 0.00975205, 0.00514151, 0.00954801, 0.00709568, 0.00966385, 0.00408138, 0.00442525, 0.00895981, 0.008702, 0.0069279, 0.00847527, 0.00893526, 0.00871692, 0.00778426, 0.00763151, 0.00909105, 0.00828355, 0.00537446, 0.00598012, 0.00414925, 0.00762972, 0.00402302, 0.00489951, 0.00473218, 0.00502141, 0.00985942, 0.00981876, 0.00765004, 0.00802958, 0.0056118, 0.00756816, 0.00677169, 0.00805162, 0.00727388, 0.00462029, 0.0057744, 0.00901664, 0.00759237, 0.00748624, 0.00497794, 0.0042635, 0.0091277, 0.00551768, 0.00684039, 0.0063976, 0.00822838, 0.0094295, 0.00911346, 0.00993041, 0.00911129, 0.00476769, 0.00800874, 0.00530831, 0.00673776, 0.0066085, 0.00906993, 0.00954725, 0.00680275, 0.00506746, 0.00884425, 0.00403617, 0.00721333, 0.00563452, 0.00809227, 0.00920199, 0.00402588, 0.00930105, 0.00643529, 0.00412608, 0.00582983, 0.00942776, 0.00481995, 0.00510472, 0.00381072, 0.00547266, 0.00644664, 0.00749582, 0.00976762, 0.00438812, 0.00982011, 0.00538971, 0.00603936, 0.00604304, 0.00537615, 0.00946938, 0.00432298, 0.00878838, 0.00878387, 0.00796836];
GivenLatency = [373.762, 520.577, 601.97, 406.278, 984.531, 564.896, 628.318, 865.457, 567.301, 587.734, 769.472, 455.65, 631.597, 566.384, 734.034, 560.564, 554.699, 462.277, 803.844, 366.804, 504.507, 1005.38, 778.648, 647.788, 598.975, 556.933, 713.342, 472.735, 604.793, 514.449, 648.977, 579.958, 523.401, 507.221, 825.863, 805.385, 658.491, 706.283, 414.2, 385.652, 684.163, 444.797, 568.68, 457.208, 881.67, 886.989, 408.267, 393.447, 699.828, 475.462, 524.831, 433.076, 460.146, 643.233, 499.571, 467.177, 837.109, 786.71, 985.278, 549.401, 1169.79, 851.894, 923.311, 848.45, 464.34, 406.517, 636.127, 436.111, 719.53, 525.381, 617.194, 505.632, 650.906, 1011.74, 742.342, 452.045, 473.292, 485.352, 906.953, 840.549, 401.819, 701.667, 638.708, 590.516, 429.981, 401.634, 474.299, 391.233, 529.859, 785.695, 581.453, 912.822, 596.301, 505.796, 383.81, 458.93, 512.783, 770.675, 422.499, 1041.34, 485.759, 870.528, 613.571, 397.259, 1051.85, 412.737, 528.85, 1006.88, 799.111, 387.593, 816.06, 849.23, 955.108, 705.943, 677.086, 509.304, 424.99, 845.744, 344.028, 745.828, 639.788, 702.212, 740.149, 405.208, 847.893, 405.077, 553.413, 513.641];
HighestPossibleCritFunctionValue = 1.1;
