NumDevices = 128;
NumSlotes = 1024;


GivenBandwidthOld = [0.00586336, 0.00429716, 0.00618086, 0.00920993, 0.00622062, 0.00866056, 0.00429471, 0.00861453, 0.00560621, 0.00724662, 0.00889943, 0.0065323, 0.0095685, 0.00774066, 0.00604108, 0.00375657, 0.00798984, 0.00656056, 0.00953182, 0.00380182, 0.00597966, 0.00891988, 0.00633804, 0.00723429, 0.00791265, 0.00922872, 0.0095605, 0.00455242, 0.00878148, 0.00527404, 0.00573372, 0.00656319, 0.00996275, 0.00895234, 0.00816918, 0.00822898, 0.00689873, 0.005698, 0.00623982, 0.00639934, 0.0061747, 0.00572028, 0.00574044, 0.00711411, 0.00687026, 0.00838078, 0.00824355, 0.00812749, 0.00747534, 0.00929864, 0.00971689, 0.0080696, 0.00946996, 0.00779186, 0.00405792, 0.00391804, 0.00918531, 0.00501629, 0.00507375, 0.00833681, 0.00681289, 0.00669684, 0.00623257, 0.00953489, 0.00545341, 0.00802585, 0.0054197, 0.00388057, 0.00451145, 0.00761767, 0.00774429, 0.00454661, 0.00480082, 0.00855316, 0.00539107, 0.00397175, 0.00567086, 0.00633845, 0.00778687, 0.00766389, 0.0094297, 0.00627204, 0.00417559, 0.00661924, 0.00836639, 0.00395981, 0.00500793, 0.00834424, 0.00666431, 0.00963708, 0.00417075, 0.00654505, 0.00513291, 0.00877661, 0.00480461, 0.00984193, 0.00956122, 0.00417777, 0.00570454, 0.00987718, 0.00826654, 0.00701431, 0.00456163, 0.00738221, 0.00653212, 0.00665494, 0.00826058, 0.00681976, 0.00977871, 0.00956654, 0.00602947, 0.00849732, 0.00443935, 0.00841018, 0.00862204, 0.00685215, 0.00400438, 0.00403843, 0.00764627, 0.00713031, 0.00416295, 0.00664452, 0.00818176, 0.00717233, 0.00411921, 0.00912161, 0.00939084, 0.00938946];
GivenLatency = [776.195, 961.964, 695.579, 417.35, 671.263, 412.046, 896.013, 391.046, 599.732, 501.961, 438.14, 559.197, 379.076, 611.57, 806.065, 949.402, 470.778, 665.322, 518.993, 1049.96, 781.49, 397.937, 575.688, 548.218, 619.97, 387.877, 507.13, 756.87, 492.814, 765.729, 817.622, 758.819, 459.166, 507.64, 467.259, 473.267, 542.118, 727.813, 677.12, 548.678, 750.687, 591.281, 796.578, 697.78, 658.003, 523.573, 464.135, 416.983, 553.657, 407.625, 426.77, 532.422, 425.116, 437.074, 899.541, 1143.6, 364.895, 944.076, 775.642, 592.351, 519.918, 561.868, 544.943, 369.841, 721.914, 618.797, 707.768, 1221.23, 783.909, 510.216, 456.282, 835.571, 851.755, 419.719, 846.64, 915.321, 803.486, 738.509, 472.921, 576.887, 410.245, 556.699, 798.558, 709.711, 438.301, 1205.01, 667.098, 460.798, 668.651, 367.087, 806.714, 642.14, 733.836, 406.265, 996.855, 433.944, 369.287, 904.479, 784.748, 345.488, 603.464, 674.121, 1066.82, 511.194, 569.018, 523.015, 553.417, 626.154, 396.322, 497.515, 641.561, 499.84, 1107.91, 463.549, 536.592, 570.823, 941.345, 881.453, 463.397, 505.587, 999.805, 552.105, 453.208, 501.486, 1018.78, 433.537, 459.031, 505.861];
HighestPossibleCritFunctionValue = 1.1;
