NumDevices = 16;
NumSlotes = 128;


GivenBandwidthOld = [0.0182284, 0.0297429, 0.0295375, 0.0259791, 0.0199758, 0.0226796, 0.0158004, 0.0231364, 0.0181711, 0.0165804, 0.032352, 0.0308261, 0.0337792, 0.0166909, 0.0134141, 0.0151078];
GivenLatency = [17.5177, 11.4935, 19.1914, 20.3174, 22.1823, 22.5903, 23.6036, 24.0183, 20.3528, 30.0832, 11.7303, 9.88851, 14.7184, 22.4008, 23.9595, 27.2433];
HighestPossibleCritFunctionValue = 1.1;
