NumDevices = 128;
NumSlotes = 1024;


GivenBandwidthOld = [0.00524611, 0.00513978, 0.00545602, 0.00811804, 0.00495032, 0.00877724, 0.00911952, 0.00559637, 0.00438072, 0.00422398, 0.00735791, 0.00436979, 0.00813203, 0.00873142, 0.00777108, 0.0047561, 0.0070303, 0.0045583, 0.00751836, 0.00739392, 0.00955813, 0.00847877, 0.0052224, 0.00662511, 0.007019, 0.00833213, 0.00940753, 0.00867122, 0.00843678, 0.00564312, 0.00890885, 0.00862379, 0.00496854, 0.00877571, 0.00841357, 0.00937065, 0.0075873, 0.00978286, 0.00421765, 0.00732983, 0.00736993, 0.00635435, 0.0062481, 0.00798023, 0.00747235, 0.00900248, 0.00712139, 0.00421651, 0.00689715, 0.00414063, 0.00659698, 0.00919193, 0.00383236, 0.00666418, 0.00742799, 0.00723582, 0.00874779, 0.00790005, 0.00981426, 0.00708728, 0.00591095, 0.00400907, 0.00802601, 0.00820099, 0.00537203, 0.00900282, 0.00665831, 0.00865129, 0.00466745, 0.0045313, 0.00385191, 0.00410129, 0.00795964, 0.00522164, 0.00643167, 0.00584674, 0.00622766, 0.00835826, 0.00472825, 0.00763796, 0.00486217, 0.00845328, 0.00801997, 0.00658611, 0.0076969, 0.00798877, 0.00725639, 0.00447946, 0.00760938, 0.00590596, 0.00772784, 0.00932605, 0.00794943, 0.00857635, 0.00780612, 0.00618716, 0.00882874, 0.00586628, 0.00950242, 0.0097427, 0.00425865, 0.00894301, 0.00763505, 0.00595455, 0.00562773, 0.00646864, 0.00839639, 0.00819297, 0.00799297, 0.0091273, 0.004956, 0.00417648, 0.00905543, 0.00958606, 0.00921442, 0.00673564, 0.00839869, 0.00920497, 0.00414087, 0.00429675, 0.00552517, 0.00769834, 0.00716951, 0.00673353, 0.00421318, 0.00723948, 0.00770103, 0.00872788];
GivenLatency = [900.87, 820.412, 637.583, 497.922, 862.932, 522.708, 529.308, 733.59, 952.191, 1079.17, 543.197, 1052.75, 476.781, 485.395, 606.551, 774.955, 511.584, 922.764, 557.523, 595.121, 443.281, 426.65, 704.024, 674.588, 672.56, 433.038, 362.112, 403.216, 430.914, 610.152, 413.903, 457.901, 703.07, 554.789, 432.331, 431.9, 501.21, 497.948, 888.069, 504.398, 588.148, 786.191, 589.402, 515.343, 528.903, 498.346, 548.866, 1157.42, 544.922, 1000.18, 656.583, 512.957, 1142.98, 627.232, 610.354, 613.8, 542.531, 531.753, 429.457, 662.371, 776.826, 1047.82, 532.024, 519.247, 772.991, 524.773, 571.104, 401.148, 719.448, 769.06, 911.478, 988.739, 507.144, 729.263, 605.385, 746.534, 571.905, 582.363, 765.784, 480.139, 790.162, 455.125, 557.962, 523.426, 511.899, 619.69, 511.079, 1071.34, 510.614, 772.697, 631.605, 364.561, 478.454, 396.206, 538.944, 642.337, 398.437, 707.833, 359.307, 415.936, 837.121, 479.227, 598.353, 734.718, 648.273, 522.235, 576.067, 473.501, 422.083, 404.661, 735.804, 1195.3, 384.063, 380.439, 420.412, 536.915, 464.821, 363.112, 883.844, 1015.63, 645.619, 647.895, 493.362, 603.433, 914.42, 480.832, 535.259, 465.473];
HighestPossibleCritFunctionValue = 1.1;
