NumDevices = 32;
NumSlotes = 256;


GivenBandwidthOld = [0.00802288, 0.0105832, 0.0161705, 0.0104699, 0.0129205, 0.012181, 0.00851128, 0.00663741, 0.0124779, 0.0104186, 0.013503, 0.0154381, 0.0135483, 0.0145074, 0.0090792, 0.0141503, 0.00594768, 0.00758427, 0.0138208, 0.00597945, 0.0165479, 0.0155506, 0.0172027, 0.00864479, 0.012963, 0.013415, 0.0102157, 0.0148806, 0.00534126, 0.01554, 0.0139074, 0.0111107];
GivenLatency = [69.422, 34.6185, 29.0153, 34.497, 26.5033, 28.1773, 37.8178, 74.1854, 44.1182, 35.4521, 30.3823, 23.145, 30.9436, 30.2629, 63.187, 35.205, 61.7947, 77.0748, 28.5907, 82.5478, 30.4348, 25.9872, 27.2558, 38.9296, 25.7645, 24.0703, 29.9618, 38.7299, 87.2229, 22.6528, 32.2331, 42.7457];
HighestPossibleCritFunctionValue = 1.1;
