NumDevices = 32;
NumSlotes = 256;


GivenBandwidthOld = [0.0163007, 0.0166915, 0.0244411, 0.0322475, 0.0337467, 0.0313115, 0.0230357, 0.0303495, 0.0339416, 0.0269683, 0.0256844, 0.0277305, 0.017153, 0.0205927, 0.0312477, 0.0303273, 0.0217704, 0.0247598, 0.0279954, 0.0286821, 0.0303287, 0.0249256, 0.0150906, 0.0170138, 0.0201354, 0.0261327, 0.0219535, 0.022233, 0.0197424, 0.0200677, 0.0272285, 0.01887];
GivenLatency = [68.1068, 53.4865, 39.3753, 33.1449, 31.3412, 27.052, 41.3343, 31.0752, 31.0372, 37.5816, 33.2338, 35.474, 68.5304, 45.8444, 31.3128, 33.581, 47.0317, 43.8524, 35.7811, 38.4487, 37.3289, 42.0762, 60.9885, 52.783, 54.4052, 32.3501, 39.6318, 39.4698, 46.738, 42.9162, 34.6763, 47.9212];
HighestPossibleCritFunctionValue = 1.1;
