NumDevices = 128;
NumSlotes = 1024;


GivenBandwidthOld = [0.00954855, 0.00992843, 0.00712755, 0.00767045, 0.00723617, 0.0082378, 0.0051802, 0.00992516, 0.00844372, 0.00989225, 0.00528181, 0.00517963, 0.00656306, 0.00784288, 0.0052982, 0.0055226, 0.00835762, 0.00648289, 0.00411539, 0.00736746, 0.00865497, 0.00400198, 0.00746575, 0.00440898, 0.00419703, 0.00451919, 0.00659249, 0.00874143, 0.00720887, 0.0057753, 0.00539868, 0.00679519, 0.00926404, 0.0094252, 0.00556806, 0.00987199, 0.00856298, 0.00805593, 0.00477027, 0.00773353, 0.00496189, 0.00943709, 0.00545945, 0.00945662, 0.00866837, 0.00427942, 0.007919, 0.00969024, 0.0037875, 0.00894735, 0.00563242, 0.00413045, 0.00425091, 0.00998066, 0.00377626, 0.00753827, 0.00437689, 0.0087209, 0.00595848, 0.00912804, 0.00492927, 0.00502633, 0.00503768, 0.00823382, 0.00699904, 0.00418885, 0.00450578, 0.00609748, 0.00778767, 0.00859966, 0.00571116, 0.00879132, 0.00818988, 0.00603468, 0.00869404, 0.00442261, 0.0082819, 0.00896215, 0.00441793, 0.00463795, 0.00873844, 0.00697239, 0.00615543, 0.00678617, 0.00767964, 0.00546299, 0.00652806, 0.00705716, 0.0058625, 0.00859597, 0.0061935, 0.00912263, 0.00771827, 0.00477586, 0.00788113, 0.0044068, 0.00512813, 0.00966565, 0.0093344, 0.00453376, 0.00772288, 0.0072532, 0.0070033, 0.00693401, 0.00482536, 0.00850159, 0.00752344, 0.00513809, 0.00845914, 0.00650519, 0.00394399, 0.00783767, 0.00518605, 0.00821957, 0.00499591, 0.00618076, 0.00751557, 0.00411159, 0.00608084, 0.00940771, 0.00533742, 0.00856086, 0.00988124, 0.00768114, 0.00560604, 0.00439836, 0.00693777, 0.00564288];
GivenLatency = [477.68, 471.752, 541.26, 493.81, 669.296, 449.72, 716.977, 487.719, 523.842, 397.045, 817.955, 760.113, 553.368, 506.148, 706.377, 816.215, 451.789, 628.821, 1090.07, 463.38, 443.128, 1049.68, 616.894, 842.216, 969.915, 1061.22, 547.363, 486.332, 588.212, 588.975, 738.765, 661.05, 392.741, 374.939, 666.953, 391.943, 509.831, 602.433, 1030.59, 446.093, 730.66, 446.806, 698.32, 411.642, 510.844, 907.852, 523.53, 411.229, 997.412, 531.203, 623.658, 1059.49, 863.352, 442.661, 1003.37, 483.735, 906.061, 445.497, 604.688, 369.772, 922.555, 769.652, 795.869, 448.658, 706.75, 1164.74, 960.352, 555.413, 476.359, 526.796, 731.924, 406.522, 484.016, 611.057, 402.035, 896.872, 542.495, 375.899, 1044.6, 867.018, 530.406, 542.853, 653.74, 625.072, 446.776, 694.526, 579.961, 622.646, 586.424, 515.797, 594.596, 417.057, 465.237, 867.527, 528.983, 939.356, 660.686, 458.3, 534.513, 825.974, 571.32, 495.031, 493.818, 651.602, 880.504, 458.336, 506.441, 685.501, 432.5, 591.193, 857.667, 580.428, 657.101, 441.378, 771.47, 787.079, 522.155, 1135.02, 704.977, 361.815, 745.728, 413.823, 402.617, 606.468, 807.887, 962.869, 564.152, 821.072];
HighestPossibleCritFunctionValue = 1.1;
