NumDevices = 64;
NumSlotes = 512;


GivenBandwidthOld = [0.0198909, 0.012138, 0.0081163, 0.015677, 0.0136479, 0.0101697, 0.0145153, 0.01369, 0.0181236, 0.00813049, 0.0165675, 0.0181652, 0.0196683, 0.0199018, 0.0196245, 0.00828021, 0.00802397, 0.0139427, 0.0147485, 0.00849302, 0.00962571, 0.00936872, 0.0150133, 0.00898558, 0.0131683, 0.0112887, 0.0100064, 0.00820411, 0.0165418, 0.0112194, 0.00773754, 0.0123941, 0.0132947, 0.0117227, 0.0151494, 0.00850085, 0.016245, 0.00961126, 0.0164039, 0.0174473, 0.0170663, 0.0132459, 0.0162232, 0.0186794, 0.0119086, 0.0147113, 0.0078693, 0.0142825, 0.0127935, 0.0126664, 0.0140189, 0.00765349, 0.0122861, 0.0106843, 0.0130616, 0.0184281, 0.0134117, 0.0157434, 0.016879, 0.0155163, 0.0120501, 0.0183221, 0.0193727, 0.014213];
GivenLatency = [163.797, 235.65, 293.921, 145.66, 174.244, 244.676, 160.596, 167.665, 123.699, 403.444, 160.217, 134.358, 123.193, 156.314, 154.809, 365.315, 322.528, 198.495, 166.008, 291.014, 240.173, 281.314, 172.879, 257.887, 249.104, 213.122, 317.277, 345.286, 142.263, 226.164, 357.527, 265.458, 199.473, 190.852, 189.949, 329.078, 180.41, 301.1, 160.917, 167.692, 161.425, 222.646, 140.719, 142.17, 203.761, 204.401, 297.762, 213.329, 221.094, 200.82, 209.081, 397.945, 188.686, 311.607, 181.007, 162.838, 244.476, 164.887, 177.257, 157.084, 232.297, 177.208, 132.244, 192.603];
HighestPossibleCritFunctionValue = 1.1;
