NumDevices = 32;
NumSlotes = 256;


GivenBandwidthOld = [0.00879197, 0.0116939, 0.00888788, 0.0111111, 0.0146378, 0.0132592, 0.00511252, 0.008604, 0.0148628, 0.00717449, 0.0142045, 0.0170789, 0.0152465, 0.00617075, 0.00686898, 0.0168889, 0.00847449, 0.0132138, 0.0161113, 0.0143497, 0.00781121, 0.0155107, 0.00751103, 0.00787564, 0.0108249, 0.0172187, 0.0144309, 0.00960028, 0.00940354, 0.0153086, 0.0117468, 0.0117458];
GivenLatency = [65.3543, 37.6458, 68.672, 48.3364, 28.418, 23.9741, 95.8413, 42.3158, 20.9623, 52.2088, 27.2907, 24.0455, 27.8387, 72.5125, 68.7442, 18.8681, 40.8593, 31.9232, 30.8312, 38.5911, 42.2022, 26.6013, 85.0488, 80.4171, 54.3547, 20.313, 22.0059, 39.8068, 34.8271, 31.5232, 49.6306, 49.856];
HighestPossibleCritFunctionValue = 1.1;
