NumDevices = 16;
NumSlotes = 128;


GivenBandwidthOld = [0.0314664, 0.0352092, 0.0618498, 0.0498614, 0.0409785, 0.0652702, 0.0570108, 0.0408624, 0.0338145, 0.0608561, 0.0691987, 0.0420883, 0.0372964, 0.0599098, 0.0443571, 0.0505703];
GivenLatency = [33.7125, 28.9773, 17.7125, 19.1729, 24.2427, 13.4374, 16.9011, 23.2719, 30.5629, 12.669, 12.4762, 18.6673, 22.2537, 13.8629, 18.2227, 19.6015];
HighestPossibleCritFunctionValue = 1.1;
