NumDevices = 32;
NumSlotes = 256;


GivenBandwidthOld = [0.0196934, 0.0168152, 0.0225396, 0.0323825, 0.0231557, 0.0284935, 0.0209583, 0.0164703, 0.0260118, 0.030265, 0.0332894, 0.0245577, 0.030649, 0.0270576, 0.0275866, 0.017581, 0.0341771, 0.0251292, 0.0158554, 0.0312694, 0.0153469, 0.024748, 0.0303054, 0.0325533, 0.0328048, 0.0210913, 0.0317125, 0.0218259, 0.0175931, 0.0163942, 0.0279762, 0.0257218];
GivenLatency = [57.7352, 51.3514, 37.1412, 29.956, 42.2779, 38.151, 49.6335, 56.6146, 40.6323, 28.0547, 27.9606, 39.4408, 36.9102, 38.8564, 40.3808, 63.5188, 26.4164, 33.6489, 70.7129, 27.5579, 57.2854, 34.7273, 37.0438, 27.9153, 26.8682, 55.7299, 29.6194, 38.4514, 51.4389, 55.5495, 39.3653, 39.803];
HighestPossibleCritFunctionValue = 1.1;
