NumDevices = 128;
NumSlotes = 1024;


GivenBandwidthOld = [0.00745436, 0.00800684, 0.00848678, 0.00481229, 0.00759379, 0.00629916, 0.00750788, 0.00743609, 0.00584822, 0.00858451, 0.00730607, 0.00556674, 0.00765632, 0.00733696, 0.00479003, 0.00848524, 0.00388431, 0.00605545, 0.00642726, 0.00548583, 0.00785527, 0.00595984, 0.00447545, 0.00638555, 0.00450384, 0.00856136, 0.00830444, 0.005291, 0.0083901, 0.00493934, 0.00800471, 0.00765676, 0.00469132, 0.00453417, 0.00825045, 0.00782677, 0.00710077, 0.00518506, 0.00784124, 0.00524106, 0.00399944, 0.00604284, 0.00445275, 0.00487451, 0.00838745, 0.00537099, 0.00765484, 0.00736478, 0.00730406, 0.00691331, 0.00450962, 0.00567349, 0.00692951, 0.00670053, 0.0082883, 0.0039705, 0.0047504, 0.00754425, 0.00872926, 0.00510912, 0.00647848, 0.00624244, 0.00425571, 0.00826336, 0.0048246, 0.00458372, 0.0061509, 0.00572402, 0.00604917, 0.00587916, 0.00859431, 0.007025, 0.00667094, 0.00596675, 0.00572251, 0.00569498, 0.00803376, 0.0059266, 0.00593737, 0.00692013, 0.00407111, 0.00568949, 0.00574118, 0.00458686, 0.00384131, 0.00835967, 0.00843242, 0.00620033, 0.00639881, 0.00723022, 0.00578603, 0.00836389, 0.00443109, 0.00584147, 0.0050903, 0.00509824, 0.00865285, 0.00588848, 0.00525212, 0.0048651, 0.00527753, 0.00700967, 0.00403676, 0.00837638, 0.00435658, 0.00854448, 0.00452871, 0.00649605, 0.00668303, 0.00420469, 0.00570092, 0.00794163, 0.00748035, 0.00468009, 0.00581845, 0.00821482, 0.00403572, 0.00590648, 0.00767895, 0.00767835, 0.00758398, 0.00646021, 0.0042717, 0.00691804, 0.0040629, 0.00769397, 0.00501842, 0.00709525];
GivenLatency = [137.801, 150.349, 118.949, 253.351, 169.751, 156.704, 172.249, 142.977, 203.132, 130.106, 159.582, 179.545, 125.183, 151.597, 250.695, 122.468, 315.089, 172.228, 166.111, 175.126, 135.499, 164.99, 258.15, 185.855, 250.943, 126.069, 138.812, 195.445, 130.017, 230.432, 143.188, 151.289, 222.191, 211.766, 117.379, 129.509, 162.515, 215.93, 153.808, 185.182, 301.46, 187.695, 217.428, 247.67, 135.568, 178.644, 135.365, 135.371, 138.471, 177.477, 232.428, 187.656, 180.706, 170.005, 123.365, 265.067, 237.352, 161.58, 144.825, 196.97, 173.438, 189.784, 232.222, 140.617, 205.252, 252.409, 165.485, 208.495, 160.189, 194.617, 121.319, 169.414, 184.247, 206.103, 168.509, 199.016, 155.575, 194.611, 194.463, 158.072, 282.134, 224.324, 187.72, 247.423, 314.572, 147.425, 123.827, 155.296, 175.644, 177.929, 191.026, 148.939, 267.944, 205.198, 215.842, 219.411, 142.577, 204.681, 227.677, 209.363, 233.822, 172.15, 294.055, 145.366, 228.176, 111.953, 275.738, 182.916, 144.625, 227.121, 174.699, 158.889, 151.806, 259.945, 193.962, 149.761, 300.111, 182.886, 145.584, 141.666, 126.034, 192.446, 236.481, 185.639, 240.855, 157.724, 240.941, 162.311];
HighestPossibleCritFunctionValue = 1.1;
