NumDevices = 16;
NumSlotes = 128;


GivenBandwidthOld = [0.0541423, 0.0394365, 0.0795918, 0.0687207, 0.058511, 0.0646587, 0.0383344, 0.0558279, 0.0702319, 0.0577269, 0.036417, 0.0301378, 0.0452592, 0.0407908, 0.0412543, 0.0312266];
GivenLatency = [31.7599, 46.8827, 21.9029, 20.5733, 23.2297, 23.7899, 50.8605, 33.6328, 24.4628, 23.36, 36.9649, 44.5999, 33.9941, 35.2661, 35.876, 60.743];
HighestPossibleCritFunctionValue = 1.1;
