NumDevices = 64;
NumSlotes = 512;


GivenBandwidthOld = [0.0134631, 0.00973708, 0.016124, 0.0112371, 0.0171803, 0.0143773, 0.0147288, 0.0119994, 0.00855765, 0.0135089, 0.00846545, 0.0138735, 0.0170143, 0.0148772, 0.0161502, 0.0122332, 0.00875157, 0.0126016, 0.00927786, 0.00792644, 0.0147405, 0.00860967, 0.00773325, 0.00772249, 0.0169276, 0.0166835, 0.0145929, 0.0171443, 0.00971235, 0.0104784, 0.0150308, 0.00771125, 0.00805709, 0.0104881, 0.00870656, 0.0161437, 0.0117341, 0.0103976, 0.0170664, 0.0106223, 0.0131995, 0.00940139, 0.0141414, 0.00899143, 0.0140418, 0.0161745, 0.0098818, 0.00833058, 0.0169963, 0.0123068, 0.0152763, 0.0133471, 0.0103644, 0.00875165, 0.0139299, 0.0151866, 0.0168178, 0.0114274, 0.0151929, 0.0116759, 0.0126052, 0.010636, 0.0136625, 0.0100181];
GivenLatency = [88.052, 116.362, 70.3329, 92.3473, 62.7467, 69.7544, 66.8782, 80.5513, 120.04, 68.4779, 133.664, 74.6967, 73.1169, 63.3779, 72.4845, 94.1884, 139.217, 80.4642, 109.163, 130.893, 62.3788, 113.75, 156.06, 141.082, 71.1097, 65.0253, 64.0512, 67.867, 103.598, 91.1061, 72.7006, 132.518, 147.795, 110.133, 119.454, 69.2789, 77.7311, 108.823, 53.5366, 99.6176, 86.2468, 97.5836, 76.7997, 109.754, 72.9715, 61.1242, 103.38, 139.613, 61.1794, 74.4556, 67.93, 80.1859, 110.276, 142.013, 67.1424, 61.6986, 56.8972, 80.2554, 78.1832, 81.45, 74.2602, 111.377, 81.8162, 119.272];
HighestPossibleCritFunctionValue = 1.1;
