NumDevices = 8;
NumSlotes = 64;


GivenBandwidthOld = [0.0326952, 0.0380605, 0.0631095, 0.0613968, 0.0257712, 0.0659243, 0.0693681, 0.0494596];
GivenLatency = [11.8972, 8.72301, 9.46365, 10.1328, 14.0378, 7.74301, 5.15253, 8.33941];
HighestPossibleCritFunctionValue = 1.1;
