NumDevices = 16;
NumSlotes = 128;


GivenBandwidthOld = [0.0252773, 0.0263988, 0.0245746, 0.0156504, 0.0259856, 0.0296432, 0.0275128, 0.023158, 0.0310425, 0.0207237, 0.0181268, 0.022389, 0.0316144, 0.0336308, 0.0226299, 0.03045];
GivenLatency = [22.1227, 14.1529, 16.4893, 26.859, 19.9862, 10.3729, 21.5236, 13.9415, 14.906, 21.7058, 19.4387, 23.3216, 12.9704, 12.2904, 21.691, 14.5927];
HighestPossibleCritFunctionValue = 1.1;
