NumDevices = 128;
NumSlotes = 1024;


GivenBandwidthOld = [0.00466459, 0.00655404, 0.00633093, 0.00638264, 0.00680436, 0.00717307, 0.00395915, 0.0063964, 0.00674741, 0.0062856, 0.00699572, 0.00455564, 0.00662176, 0.00699501, 0.00510194, 0.00698682, 0.00501109, 0.00508982, 0.00953717, 0.00621086, 0.00715718, 0.00577605, 0.0056042, 0.00477891, 0.00908422, 0.00601562, 0.00697045, 0.00493906, 0.00696906, 0.00650891, 0.00403792, 0.00529812, 0.00432204, 0.00546092, 0.00912646, 0.00968515, 0.00587324, 0.00781578, 0.00610785, 0.00711819, 0.00659032, 0.0098068, 0.00655051, 0.00937102, 0.00740734, 0.00384712, 0.00476048, 0.00563902, 0.00872967, 0.00961227, 0.00596437, 0.00821882, 0.00502351, 0.00762891, 0.00903892, 0.00706198, 0.00573253, 0.00533741, 0.00827285, 0.00679063, 0.00765528, 0.00853118, 0.00481402, 0.00548972, 0.00565101, 0.00398109, 0.00648626, 0.00450213, 0.00737414, 0.00838236, 0.00984572, 0.00457417, 0.00552321, 0.00616299, 0.00886542, 0.00992339, 0.00992867, 0.00491483, 0.00601057, 0.00971415, 0.00577491, 0.00523942, 0.00513992, 0.00795303, 0.00649935, 0.00582837, 0.00985183, 0.00725662, 0.00827476, 0.00771552, 0.00851189, 0.00562619, 0.00563824, 0.00821985, 0.00977493, 0.00851476, 0.00998796, 0.00771496, 0.00540498, 0.00647935, 0.00725023, 0.0070715, 0.00949465, 0.00412255, 0.00895899, 0.0075169, 0.00784578, 0.00395395, 0.00654771, 0.00608517, 0.00723804, 0.00850366, 0.00473294, 0.00532951, 0.00681027, 0.0065412, 0.00917375, 0.00451258, 0.0079127, 0.00380274, 0.00884537, 0.00409778, 0.00515724, 0.00525455, 0.00939905, 0.00977322, 0.00468163, 0.00537267];
GivenLatency = [842.827, 695.864, 609.393, 568.92, 524.846, 683.854, 929.487, 625.911, 740.242, 621.871, 566.437, 810.098, 721.851, 549.647, 718.162, 592.603, 768.448, 670.163, 369.978, 626.038, 605.891, 755.494, 624.382, 841.814, 393.287, 600.271, 490.666, 697.97, 496.809, 522.325, 894.765, 820.206, 1001.93, 619.064, 508.635, 491.498, 808.673, 483.561, 556.048, 494.561, 740.505, 423.727, 701.353, 360.238, 495.139, 926.994, 727.1, 779.375, 383.643, 349.252, 836.102, 431.528, 831.528, 598.678, 382.122, 485.783, 671.308, 642.166, 446.435, 518.379, 513.143, 406.097, 949.208, 653.262, 713.158, 1193.32, 555.172, 978.233, 476.716, 581.824, 439.506, 760.406, 689.254, 579.815, 420.48, 416.099, 379.621, 925.797, 692.985, 393.954, 649.27, 658.762, 832.05, 559.081, 689.285, 703.1, 410.709, 580.041, 432.019, 525.511, 420.066, 778.8, 727.326, 533.132, 443.681, 393.331, 413.223, 442.61, 834.011, 719.757, 460.56, 475.195, 388.326, 1069.23, 381.183, 451.151, 462.427, 989.45, 739.369, 585.237, 487.126, 556.216, 772.979, 921.388, 631.762, 593.638, 461.592, 947.281, 490.621, 1214.03, 484.468, 1136.65, 670.627, 941.86, 508.716, 418.93, 760.948, 655.872];
HighestPossibleCritFunctionValue = 1.1;
