NumDevices = 128;
NumSlotes = 1024;


GivenBandwidthOld = [0.00403694, 0.00380824, 0.00388845, 0.00196549, 0.00151291, 0.00434576, 0.00354307, 0.00336038, 0.00170896, 0.00254102, 0.00258201, 0.00396679, 0.00288377, 0.0037399, 0.00207709, 0.00208665, 0.00344869, 0.00154646, 0.00267557, 0.00149531, 0.00237618, 0.00389358, 0.00375984, 0.0029497, 0.00249132, 0.00169338, 0.00306999, 0.00233883, 0.00431515, 0.00159072, 0.0028027, 0.00372152, 0.00257271, 0.00388195, 0.00211155, 0.00317319, 0.00241514, 0.00257734, 0.00367736, 0.00416675, 0.0042817, 0.00181797, 0.00332351, 0.00394333, 0.00245941, 0.00287173, 0.00148773, 0.00306578, 0.00335836, 0.00202947, 0.00186536, 0.00304881, 0.00258025, 0.00256698, 0.00133039, 0.00231578, 0.00136238, 0.0024628, 0.003458, 0.0017609, 0.00350635, 0.0019139, 0.00324765, 0.00382036, 0.00435845, 0.00435886, 0.00183562, 0.00321964, 0.00192783, 0.00284379, 0.00370107, 0.00256047, 0.00129883, 0.00326538, 0.00191348, 0.00238064, 0.00391349, 0.00396365, 0.00325327, 0.00141369, 0.00244657, 0.00256801, 0.0031027, 0.00202321, 0.00289188, 0.00264089, 0.00299474, 0.00318893, 0.00129978, 0.00353239, 0.00197158, 0.00392149, 0.00409683, 0.00425686, 0.0031188, 0.00388825, 0.00167257, 0.00336949, 0.00170896, 0.00243077, 0.00266842, 0.00312681, 0.00415003, 0.00150644, 0.00186455, 0.00184562, 0.00244199, 0.00383335, 0.0039394, 0.0020348, 0.00384803, 0.00391927, 0.00422524, 0.00293392, 0.00283985, 0.00312643, 0.00399679, 0.00409585, 0.00330013, 0.00150706, 0.00289211, 0.00338806, 0.00129859, 0.00225588, 0.00400239, 0.00136779, 0.00283176, 0.0015614];
GivenLatency = [86.0097, 140.583, 81.1596, 319.316, 246.167, 90.739, 104.226, 118.958, 321.799, 123.99, 141.197, 99.8442, 116.947, 92.1435, 238.347, 222.779, 136.709, 209.585, 132.346, 434.418, 197.447, 89.4126, 156.438, 164.053, 189.027, 302.83, 150.886, 151.559, 94.6346, 205.046, 193.481, 129.13, 177.989, 81.5636, 163.904, 106.157, 194.036, 155.299, 93.3918, 114.111, 128.131, 185.029, 113.724, 121.559, 239.962, 197.228, 234.196, 137.483, 105.22, 181.168, 173.557, 106.411, 233.36, 188.823, 355.304, 142.096, 287.244, 130.723, 91.4293, 329.182, 124.085, 299.018, 125.55, 138.053, 137.268, 109.528, 228.916, 128.812, 175.808, 126.919, 137.88, 234.921, 335.83, 181.28, 325.547, 169.634, 109.139, 119.167, 102.94, 277.821, 172.253, 189.88, 170.231, 192.927, 139.476, 160.303, 106.235, 109.127, 345.079, 154.329, 172.695, 163.675, 139.333, 98.043, 197.936, 113.299, 203.926, 121.997, 222.636, 173.607, 191.56, 200.598, 111.668, 388.583, 188.497, 313.798, 174.518, 154.671, 94.3065, 155.681, 109.425, 101.238, 136.905, 180.617, 150.066, 133.948, 95.1774, 107.197, 95.2128, 318.757, 109.821, 126.483, 272.355, 152.251, 122.461, 273.783, 137.852, 300.477];
HighestPossibleCritFunctionValue = 1.1;
