NumDevices = 128;
NumSlotes = 1024;


GivenBandwidthOld = [0.00545568, 0.00611558, 0.00711066, 0.00630938, 0.00418606, 0.0075992, 0.00718917, 0.00596061, 0.00750236, 0.00471854, 0.00700658, 0.00711945, 0.00404344, 0.00566705, 0.00868334, 0.00847192, 0.00507926, 0.00463513, 0.00506428, 0.00789131, 0.0067594, 0.00775903, 0.00845769, 0.00585987, 0.00427954, 0.00379503, 0.00551596, 0.00427876, 0.00568238, 0.00618651, 0.00411972, 0.0076121, 0.00398242, 0.00504578, 0.00694508, 0.00848687, 0.0062791, 0.00540604, 0.00684865, 0.0077156, 0.00867172, 0.00817892, 0.00568648, 0.0051313, 0.00429912, 0.00779888, 0.00829632, 0.00380648, 0.00801041, 0.00838926, 0.00583509, 0.0078375, 0.00730339, 0.00564933, 0.0057211, 0.00704761, 0.00660689, 0.00444559, 0.00456377, 0.00571229, 0.00388962, 0.0053816, 0.00599917, 0.00549662, 0.00425622, 0.00683253, 0.00686422, 0.00440705, 0.00676685, 0.00789993, 0.00665187, 0.0054999, 0.00436145, 0.00545271, 0.00626963, 0.00622642, 0.00490245, 0.00796209, 0.0063833, 0.00660543, 0.00497606, 0.00509225, 0.00789218, 0.00631966, 0.00697547, 0.00415515, 0.0081518, 0.0047757, 0.00765486, 0.00779041, 0.00598667, 0.00550876, 0.00819704, 0.0052197, 0.00502485, 0.00522198, 0.00834593, 0.00750553, 0.00802355, 0.00430474, 0.00718865, 0.00715947, 0.00668271, 0.00375347, 0.00700073, 0.00872261, 0.00849046, 0.00664389, 0.00636599, 0.00569874, 0.00618313, 0.00737388, 0.00538307, 0.00581134, 0.00869251, 0.00747734, 0.00410527, 0.00482, 0.00728424, 0.00872497, 0.00807776, 0.00542619, 0.00542869, 0.00750278, 0.00675957, 0.00563537, 0.00622559, 0.00592788];
GivenLatency = [188.37, 177.935, 144.361, 200.498, 250.298, 145.04, 142.32, 173.215, 159.879, 230.342, 142.484, 150.13, 264.543, 194.177, 127.843, 134.808, 241.947, 218.595, 191.701, 142.976, 144.207, 143.354, 139.265, 171.749, 255.876, 285.645, 186.03, 299.19, 205.034, 166.141, 291.317, 139.124, 314.673, 211.007, 165.397, 125.451, 156.621, 193.024, 145.825, 131.15, 117.051, 121.707, 204.181, 195.523, 289.844, 160.491, 129.885, 265.633, 145.325, 122.949, 203.592, 124.561, 167.14, 177.275, 173.195, 184.049, 145.487, 220.744, 258.332, 224.219, 255.594, 223.234, 205.807, 178.454, 303.84, 172.996, 170.625, 263.452, 145.641, 123.365, 165.598, 180.538, 248.509, 198.984, 191.292, 178.953, 205.053, 135.321, 175.22, 174.966, 198.342, 207.395, 123.727, 203.615, 173.164, 261.118, 153.799, 231.447, 157.808, 143.844, 175.011, 174.832, 152.895, 192.795, 248.96, 187.799, 153.854, 154.661, 154.341, 300.739, 157.646, 157.847, 169.105, 295.853, 166.805, 117.55, 152.301, 146.851, 192.681, 185.883, 177.268, 143.234, 203.69, 216.553, 112.111, 141.192, 266.509, 217.978, 138.329, 113.396, 141.791, 216.527, 201.922, 141.313, 172.229, 227.659, 165.885, 207.02];
HighestPossibleCritFunctionValue = 1.1;
