NumDevices = 32;
NumSlotes = 256;


GivenBandwidthOld = [0.0328091, 0.0325484, 0.0311796, 0.0250991, 0.0308926, 0.021102, 0.0310351, 0.0171812, 0.0152105, 0.03258, 0.0212355, 0.0343537, 0.0321004, 0.0218948, 0.0151019, 0.028477, 0.0221693, 0.0289501, 0.0345698, 0.0253416, 0.0266224, 0.0329725, 0.0186209, 0.0310409, 0.034049, 0.0315681, 0.0152133, 0.0197833, 0.0277278, 0.0318455, 0.0178141, 0.0315891];
GivenLatency = [28.2772, 27.7864, 27.7326, 40.2811, 30.7783, 43.2143, 27.6681, 51.5999, 55.5297, 35.911, 45.6161, 26.8968, 30.167, 46.7408, 55.4621, 35.2509, 44.9202, 38.1299, 26.733, 33.922, 34.5307, 26.177, 56.1897, 27.1102, 32.6489, 29.8278, 55.2901, 43.2202, 39.134, 26.6882, 49.6077, 29.421];
HighestPossibleCritFunctionValue = 1.1;
