NumDevices = 128;
NumSlotes = 1024;


GivenBandwidthOld = [0.00505476, 0.00781883, 0.00740349, 0.00791134, 0.00596559, 0.00986801, 0.00415775, 0.00678854, 0.00377496, 0.00446732, 0.00975922, 0.00690942, 0.00419284, 0.00914443, 0.0054794, 0.00721172, 0.00985605, 0.00944669, 0.00427672, 0.00631216, 0.00973705, 0.00939831, 0.00995593, 0.00679431, 0.007049, 0.00622015, 0.00713633, 0.00537708, 0.00626279, 0.00498079, 0.00832092, 0.00852868, 0.00660084, 0.00528781, 0.00589713, 0.00928656, 0.00676168, 0.00847935, 0.00877106, 0.00525798, 0.00460492, 0.00991386, 0.00606857, 0.009441, 0.00859031, 0.00476154, 0.00475456, 0.00622133, 0.00821645, 0.00881989, 0.00722044, 0.00636911, 0.00438851, 0.00398554, 0.0061912, 0.00800707, 0.00866102, 0.00575348, 0.0075474, 0.00795843, 0.00991031, 0.0088091, 0.00710685, 0.00983935, 0.00376516, 0.00851842, 0.00914175, 0.00419862, 0.00620163, 0.00837361, 0.00646639, 0.00810364, 0.00661781, 0.00920262, 0.00850525, 0.00649326, 0.00966162, 0.00405819, 0.00850478, 0.00480027, 0.00571043, 0.00896669, 0.00573589, 0.00558102, 0.00903223, 0.0071357, 0.00718474, 0.00640874, 0.00796214, 0.00962725, 0.00775873, 0.00967897, 0.00822716, 0.00766385, 0.00878251, 0.00391907, 0.00783798, 0.0041199, 0.00809565, 0.00990359, 0.0084622, 0.00797506, 0.00809715, 0.00387642, 0.00969583, 0.00405743, 0.00824232, 0.00612915, 0.00886153, 0.00694657, 0.00970184, 0.00508588, 0.00587657, 0.0074419, 0.00978574, 0.00895333, 0.00612437, 0.00984932, 0.00881882, 0.00793833, 0.00958889, 0.00680858, 0.0092319, 0.00673682, 0.00943629, 0.00448317, 0.00746711, 0.00839155];
GivenLatency = [738.154, 486.428, 519.544, 424.305, 759.269, 369.185, 964.151, 629.44, 1209.98, 772.816, 363.77, 672.368, 869.308, 466.876, 614.134, 613.602, 358.066, 387.381, 973.743, 631.209, 474.644, 365.422, 350.864, 514.838, 500.891, 666.816, 611.408, 671.394, 533.199, 749.42, 501.421, 471.743, 568.791, 937.034, 746.647, 527.016, 512.607, 401.586, 383.982, 916.553, 730.005, 357.748, 747.33, 376.275, 458.688, 863.706, 900.628, 645.234, 455.113, 433.471, 478.223, 537.261, 957.325, 858.713, 693.165, 553.192, 414.51, 839.52, 452.309, 583.18, 389.625, 410.011, 646.791, 389.248, 1280.2, 523.758, 452.942, 815.211, 612.495, 429.895, 731.335, 484.537, 519.118, 403.844, 467.066, 679.283, 403.347, 1132.58, 413.846, 781.422, 786.7, 535.141, 592.288, 674.209, 442.433, 475.187, 545.312, 575.826, 501.736, 464.43, 496.773, 411.086, 507.23, 651.771, 529.294, 1021.31, 573.271, 885.789, 467.209, 458.142, 518.536, 481.007, 568.991, 915.577, 354.922, 959.817, 414.388, 584.707, 415.133, 670.144, 378.604, 872.217, 604.195, 487.57, 482.002, 433.104, 661.872, 423.026, 520.914, 436.56, 475.112, 591.853, 527.946, 628.227, 386.014, 770.32, 471.739, 411.506];
HighestPossibleCritFunctionValue = 1.1;
