NumDevices = 32;
NumSlotes = 256;


GivenBandwidthOld = [0.0156397, 0.0257427, 0.027417, 0.0270436, 0.0315965, 0.0323476, 0.0157759, 0.0159712, 0.0187922, 0.0311322, 0.0296252, 0.0211674, 0.0299209, 0.0307234, 0.0179619, 0.0153411, 0.0274381, 0.0220627, 0.0182192, 0.0205246, 0.0263682, 0.0207734, 0.0278857, 0.0252494, 0.0166026, 0.0303852, 0.0342911, 0.0212823, 0.0218783, 0.0188942, 0.0247501, 0.0244747];
GivenLatency = [73.6863, 37.774, 32.3401, 32.7997, 33.6857, 27.518, 61.3817, 64.6853, 56.6236, 36.9703, 34.1365, 47.7945, 32.9413, 27.5169, 51.9533, 62.6532, 40.8779, 46.1486, 56.8583, 53.7918, 40.3429, 49.6376, 31.2126, 33.1609, 57.3072, 34.4129, 25.4587, 52.7723, 38.2113, 57.1518, 37.1461, 39.1247];
HighestPossibleCritFunctionValue = 1.1;
