NumDevices = 8;
NumSlotes = 64;


GivenBandwidthOld = [0.0497727, 0.0589324, 0.0575333, 0.0415492, 0.0473695, 0.0696273, 0.0561654, 0.0512596];
GivenLatency = [9.88606, 9.25797, 6.11927, 12.0391, 7.90718, 8.92449, 5.88781, 10.6334];
HighestPossibleCritFunctionValue = 1.1;
