NumDevices = 128;
NumSlotes = 1024;


GivenBandwidthOld = [0.00317531, 0.00363071, 0.00126026, 0.00179764, 0.00236636, 0.00140821, 0.00407328, 0.00209784, 0.003972, 0.00310176, 0.00196652, 0.00312578, 0.00250681, 0.0026004, 0.00372532, 0.00402813, 0.00273488, 0.0013634, 0.00396311, 0.00369124, 0.00301919, 0.00165909, 0.00174924, 0.00140971, 0.00416636, 0.00393157, 0.00165989, 0.00281271, 0.00318739, 0.00360872, 0.00360942, 0.00288079, 0.00372133, 0.00246251, 0.00173484, 0.00299775, 0.00385819, 0.00267328, 0.00350794, 0.00363115, 0.00246086, 0.00225273, 0.00418802, 0.00247568, 0.00432371, 0.00163123, 0.00235858, 0.00195141, 0.00240367, 0.00345406, 0.00419081, 0.00236891, 0.00359776, 0.00374521, 0.00379317, 0.0037012, 0.00166239, 0.00414328, 0.00367601, 0.00338368, 0.00255335, 0.00357221, 0.00256815, 0.0022191, 0.00133757, 0.00429736, 0.00261383, 0.00128684, 0.00167215, 0.00256182, 0.00214794, 0.00234381, 0.00370414, 0.0042465, 0.00398629, 0.00255362, 0.00189159, 0.00320864, 0.00141393, 0.00322553, 0.00399413, 0.00306627, 0.00236699, 0.00259419, 0.00239777, 0.00425341, 0.00138487, 0.00233162, 0.00192029, 0.00432194, 0.00329511, 0.00153884, 0.00270685, 0.00220183, 0.00180688, 0.00129174, 0.00276817, 0.00157277, 0.00417602, 0.00380498, 0.00225389, 0.00170836, 0.00170831, 0.00404443, 0.00169645, 0.00154124, 0.00229122, 0.00414359, 0.00249185, 0.00429155, 0.00184954, 0.00276964, 0.00427164, 0.00158567, 0.00228855, 0.00295342, 0.00256772, 0.00130198, 0.0029278, 0.00316723, 0.00221411, 0.00198969, 0.00200103, 0.00196945, 0.00242621, 0.00417116, 0.00345511, 0.00310181];
GivenLatency = [132.985, 151.511, 510.091, 177.385, 260.918, 269.973, 78.2333, 196.143, 101.344, 165.789, 314.462, 157.96, 200.324, 179.608, 125.257, 142.584, 115.961, 297.875, 154.33, 129.881, 112.118, 259.871, 295.344, 223.152, 99.0562, 131.283, 391.849, 141.009, 135.26, 127.988, 103.135, 210.665, 148.478, 153.965, 321.388, 133.974, 140.75, 202.635, 100.326, 105.759, 181.59, 143.53, 113.574, 215.533, 102.806, 353.665, 165.296, 243.378, 231.064, 161.125, 103.716, 236.814, 103.265, 165.62, 155.067, 91.1204, 324.108, 111.19, 138.834, 94.8285, 250.092, 164.91, 125.528, 201.297, 309.946, 79.8354, 171.958, 348.446, 211.357, 176.609, 234.768, 167.615, 101.1, 79.6044, 123.659, 158.807, 175.495, 105.522, 234.147, 118.289, 81.2517, 156.877, 231.011, 162.851, 266.154, 79.0016, 269.993, 171.344, 176.878, 111.196, 144.414, 407.412, 133.328, 160.981, 188.463, 248.456, 212.068, 299.932, 115.637, 116.93, 238.589, 283.388, 384.376, 132.714, 187.512, 391.136, 141.615, 80.8338, 250.126, 92.3591, 226.482, 168.694, 87.2566, 198.36, 140.626, 106.28, 195.686, 270.372, 191.383, 120.752, 150.467, 215.23, 187.911, 242.61, 202.929, 74.9382, 96.7574, 115.821];
HighestPossibleCritFunctionValue = 1.1;
