NumDevices = 64;
NumSlotes = 512;


GivenBandwidthOld = [0.00827928, 0.00366225, 0.00512441, 0.00472603, 0.00280586, 0.00560121, 0.0058422, 0.00604469, 0.00305296, 0.00861974, 0.00703764, 0.00415234, 0.00470177, 0.00760803, 0.00315625, 0.00710642, 0.00388648, 0.00509933, 0.00818873, 0.0066959, 0.00427913, 0.00442258, 0.00287555, 0.00810577, 0.00619509, 0.00594979, 0.00804752, 0.00833773, 0.00479015, 0.00553149, 0.00276113, 0.00378947, 0.00587082, 0.00580985, 0.00610303, 0.00856877, 0.00664858, 0.00267646, 0.00580332, 0.00257641, 0.00546127, 0.00387428, 0.00623447, 0.00531796, 0.00768088, 0.00260791, 0.00368022, 0.00720241, 0.00457121, 0.00714408, 0.00561875, 0.00680944, 0.00627802, 0.00586313, 0.00782164, 0.00583831, 0.00315244, 0.00550635, 0.00530081, 0.00694162, 0.00284605, 0.0060903, 0.00719783, 0.00262255];
GivenLatency = [49.006, 101.476, 66.1824, 67.465, 168.441, 93.8624, 67.4817, 100.791, 185.765, 62.0457, 59.2384, 131.19, 81.2343, 59.29, 173.183, 51.2438, 104.892, 80.1297, 57.3943, 63.7321, 140.747, 145.911, 143.185, 53.2397, 94.105, 101.936, 43.0595, 54.4436, 105.782, 58.6696, 126.515, 107.845, 79.923, 95.3687, 51.6652, 61.112, 60.0424, 132.327, 80.7831, 192.601, 77.2758, 143.438, 80.0851, 59.2576, 51.4979, 224.946, 106.551, 44.3487, 99.228, 49.4064, 63.8328, 50.5906, 71.4216, 56.7608, 72.0124, 90.4156, 117.236, 78.1983, 96.1658, 68.7197, 214.262, 71.4698, 80.3328, 124.324];
HighestPossibleCritFunctionValue = 1.1;
