NumDevices = 128;
NumSlotes = 1024;


GivenBandwidthOld = [0.00873958, 0.00739817, 0.00596705, 0.00941635, 0.00680037, 0.00885974, 0.00812844, 0.00467357, 0.00749854, 0.00543473, 0.00649249, 0.00923779, 0.0057423, 0.00701864, 0.00848774, 0.00593191, 0.00630683, 0.00757905, 0.00854535, 0.00539046, 0.00623114, 0.00426352, 0.00941449, 0.0068055, 0.00755291, 0.00680837, 0.00581784, 0.00791518, 0.00800462, 0.00482938, 0.00732897, 0.00542049, 0.00471299, 0.00742199, 0.00642417, 0.00471028, 0.00560472, 0.0072487, 0.00648299, 0.00590787, 0.0086315, 0.00963641, 0.005465, 0.0090621, 0.00915512, 0.00388429, 0.00450388, 0.00544744, 0.00762375, 0.00991906, 0.00585626, 0.0099306, 0.00613888, 0.00989914, 0.0085726, 0.00725043, 0.0042472, 0.00397875, 0.00451714, 0.00960486, 0.00639631, 0.00526862, 0.00847053, 0.00412009, 0.00511321, 0.00900226, 0.00965675, 0.0097717, 0.00424857, 0.0082052, 0.00736713, 0.00931963, 0.00623736, 0.00875503, 0.00462577, 0.00402826, 0.00542738, 0.0079081, 0.00769333, 0.00433325, 0.00634828, 0.00424419, 0.00955491, 0.00440125, 0.00557245, 0.00858807, 0.00476839, 0.00736035, 0.00794723, 0.00904476, 0.00535296, 0.00723693, 0.00854859, 0.00984717, 0.00388693, 0.00512841, 0.00826399, 0.00784993, 0.0050858, 0.00449648, 0.00614718, 0.00573224, 0.00673569, 0.00928165, 0.0053838, 0.00683881, 0.00488132, 0.00540893, 0.00415004, 0.00843431, 0.00790231, 0.00408457, 0.00812363, 0.00517604, 0.00863371, 0.00919618, 0.0064542, 0.00944149, 0.00432575, 0.00536545, 0.00462244, 0.00442234, 0.0037814, 0.00647919, 0.00454993, 0.00449615, 0.00676836, 0.00836078];
GivenLatency = [387.757, 620.102, 643.494, 355.797, 572.439, 436.297, 454.067, 738.033, 523.737, 673.03, 702.171, 376.248, 636.22, 662.274, 455.165, 822.518, 543.096, 537.482, 496.161, 765.168, 761.736, 982.41, 457.993, 634.118, 487.641, 550.712, 767.045, 532.333, 532.723, 737.524, 664.595, 694.715, 751.713, 503.899, 678.047, 831.359, 697.655, 476.543, 516.84, 783.744, 535.005, 435.984, 883.524, 501.695, 416.106, 976.526, 973.773, 660.004, 485.962, 358.507, 828.953, 494.272, 746.324, 370.883, 410.2, 474.277, 829.057, 1104.23, 798.433, 471.904, 621.799, 879.94, 436.754, 1200.44, 732.079, 513.666, 483.405, 368.233, 870.841, 502.366, 500.153, 534.354, 753.217, 533.11, 911.401, 1014.18, 717.569, 501.935, 442.926, 950.271, 546.217, 905.264, 482.402, 1034.24, 725.682, 542.607, 723.564, 522.935, 618.147, 471.781, 634.811, 510.918, 500.379, 442.093, 880.998, 802.215, 526.542, 441.093, 815.591, 1101.37, 603.506, 679.975, 619.869, 369.781, 640.931, 522.085, 787.063, 739.069, 807.125, 546.793, 552.321, 1011.24, 411.56, 707.241, 392.932, 499.805, 643.435, 362.996, 851.22, 796.296, 788.35, 1104.29, 1042.85, 732.089, 780.2, 881.432, 648.093, 591.835];
HighestPossibleCritFunctionValue = 1.1;
