NumDevices = 32;
NumSlotes = 256;


GivenBandwidthOld = [0.0260041, 0.0212887, 0.0300021, 0.0155295, 0.0340699, 0.0228152, 0.0258836, 0.0164192, 0.0273026, 0.0241499, 0.0173381, 0.032083, 0.0293601, 0.0251337, 0.0322955, 0.0208462, 0.0325287, 0.0205865, 0.0279132, 0.0269261, 0.0175714, 0.032781, 0.0197083, 0.0273405, 0.0223839, 0.0161002, 0.0265117, 0.0315253, 0.0164755, 0.034394, 0.0307219, 0.0335203];
GivenLatency = [37.2255, 44.2201, 31.51, 73.0615, 34.2736, 41.368, 41.3336, 66.458, 40.5605, 38.8815, 57.8057, 29.8311, 29.1167, 40.7208, 35.8493, 52.4945, 30.9469, 55.3204, 39.5254, 33.1087, 48.5553, 33.9059, 58.4198, 36.8389, 37.9449, 72.1572, 40.0579, 30.8093, 66.3413, 25.8673, 31.8725, 25.9138];
HighestPossibleCritFunctionValue = 1.1;
