NumDevices = 128;
NumSlotes = 1024;


GivenBandwidthOld = [0.00372339, 0.00271868, 0.0040652, 0.00383687, 0.00371803, 0.00336098, 0.00228825, 0.00422059, 0.00303251, 0.00364473, 0.00266334, 0.00212625, 0.00330841, 0.00313068, 0.00355387, 0.00367807, 0.0034976, 0.00168442, 0.0025346, 0.00396185, 0.00423725, 0.00178466, 0.00297591, 0.00231925, 0.00334166, 0.00272908, 0.00393713, 0.00136508, 0.00417309, 0.00155132, 0.00305793, 0.00277921, 0.00264393, 0.00407085, 0.00184713, 0.00282076, 0.0040824, 0.00233282, 0.00328384, 0.00273797, 0.00334675, 0.00385335, 0.00264792, 0.00240247, 0.00202242, 0.00202102, 0.00355096, 0.0016521, 0.00310417, 0.00177261, 0.0035725, 0.00418507, 0.00285676, 0.00301849, 0.00236245, 0.00128829, 0.00410509, 0.00243907, 0.00157941, 0.00334684, 0.00213172, 0.00151756, 0.0012568, 0.0030992, 0.00259628, 0.00317006, 0.00296485, 0.00390871, 0.00185939, 0.0025674, 0.00215134, 0.00320498, 0.00236711, 0.00157402, 0.00325272, 0.00159601, 0.004163, 0.00383543, 0.00144071, 0.00340543, 0.00259636, 0.00131379, 0.00147347, 0.00399024, 0.00334562, 0.00350628, 0.00373819, 0.00145331, 0.00270207, 0.00313981, 0.0038589, 0.0021281, 0.00330144, 0.00173333, 0.00277894, 0.00128768, 0.00321363, 0.00404597, 0.00254663, 0.00301175, 0.00159896, 0.00377167, 0.00165835, 0.00196378, 0.00393071, 0.00285057, 0.0020787, 0.00424907, 0.00344572, 0.00162907, 0.00359796, 0.00407856, 0.00328647, 0.00326174, 0.00323928, 0.00378601, 0.00206921, 0.00416451, 0.00413948, 0.00216495, 0.00375429, 0.00329492, 0.00144151, 0.00427497, 0.00136428, 0.00327303, 0.00228602, 0.00423794];
GivenLatency = [91.9435, 158.88, 105.873, 95.0075, 106.572, 127.766, 160.401, 132.009, 154.903, 99.0758, 118.507, 268.4, 104.857, 132.838, 123.023, 107.423, 108.222, 245.811, 164.974, 79.9503, 110.513, 201.332, 147.614, 205.504, 108.542, 172.178, 129.694, 258.157, 77.3943, 217.22, 132.588, 202.269, 241.194, 100.147, 183.892, 207.656, 77.1504, 261.278, 197.065, 114.689, 128.092, 135, 121.557, 148.059, 228.513, 175.062, 108.749, 334.856, 156.299, 291.99, 149.19, 76.893, 140.256, 121.703, 222.322, 445.407, 127.4, 178.387, 261.244, 120.948, 293.465, 309.356, 395.473, 135.696, 252.465, 158.167, 178.671, 167.957, 248.069, 148.567, 170.988, 114.862, 238.951, 253.501, 107.47, 347.004, 101.082, 105.182, 379.402, 95.1093, 178.954, 389.762, 271.647, 96.4097, 96.967, 142.448, 109.59, 233.419, 168.905, 121.694, 157.83, 202.558, 109.148, 252.573, 232.357, 503.149, 112.707, 132.023, 185.601, 136.497, 390.268, 126.346, 313.417, 226.481, 135.857, 148.528, 207.195, 96.1018, 174.607, 235.296, 96.7652, 123.282, 171.666, 201.525, 158.529, 140.315, 183.813, 117.966, 98.6264, 145.346, 108.917, 140.848, 301.241, 74.7481, 436.912, 171.579, 147.981, 87.442];
HighestPossibleCritFunctionValue = 1.1;
