NumDevices = 64;
NumSlotes = 512;


GivenBandwidthOld = [0.0100849, 0.0146461, 0.0124038, 0.0128845, 0.01718, 0.0116859, 0.0102543, 0.011988, 0.0131055, 0.019513, 0.0104106, 0.0131211, 0.0182732, 0.00978704, 0.00832178, 0.0191764, 0.0156851, 0.0120908, 0.0143191, 0.015621, 0.010184, 0.0176224, 0.00885313, 0.0119945, 0.00896747, 0.00884321, 0.00780036, 0.0181851, 0.0177506, 0.0139411, 0.0138167, 0.01033, 0.00889622, 0.0112547, 0.0132085, 0.0123546, 0.0111249, 0.0194217, 0.0127865, 0.00844636, 0.0130521, 0.00850494, 0.0100468, 0.0115953, 0.0116814, 0.00972331, 0.0121696, 0.0139269, 0.0116205, 0.010377, 0.0110947, 0.0108268, 0.00922006, 0.0165947, 0.0124253, 0.0119543, 0.00908909, 0.0152956, 0.0158003, 0.0106317, 0.0171328, 0.0177092, 0.0180503, 0.0143271];
GivenLatency = [272.975, 158.039, 232.964, 216.463, 176.216, 191.91, 223.73, 270.694, 248.274, 164.159, 282.142, 194.122, 121.618, 320.181, 349.677, 119.394, 187.558, 193.976, 169.119, 205.836, 291.412, 135, 263.083, 266.961, 362.522, 328.325, 295.265, 130.198, 147.345, 235.786, 192.11, 230.205, 278.267, 206.367, 183.466, 252.645, 285.083, 121.393, 189.595, 276.921, 236.305, 312.536, 227.828, 259.614, 263.375, 327.997, 185.251, 180.118, 259.913, 232.055, 251.406, 239.102, 272.682, 155.91, 204.724, 200.234, 287.886, 199.663, 146.386, 283.157, 170.034, 154.109, 141.371, 219.264];
HighestPossibleCritFunctionValue = 1.1;
