NumDevices = 32;
NumSlotes = 256;


GivenBandwidthOld = [0.016444, 0.00652092, 0.0170831, 0.0113507, 0.0157836, 0.00734218, 0.00756741, 0.00537982, 0.0137134, 0.0133585, 0.0110754, 0.0140175, 0.0124089, 0.0130854, 0.00949915, 0.00968744, 0.0117572, 0.0115776, 0.0167968, 0.0107878, 0.01737, 0.00711708, 0.0118421, 0.0123859, 0.0151176, 0.0136655, 0.00883629, 0.0065672, 0.00735529, 0.0154201, 0.0106799, 0.0168457];
GivenLatency = [32.2813, 71.6404, 29.694, 36.4609, 29.0654, 59.8862, 44.882, 71.4547, 26.1376, 43.5726, 50.4178, 26.2783, 27.9235, 42.2353, 61.6645, 53.9441, 53.4621, 47.823, 19.0423, 30.9297, 33.5725, 49.042, 45.3189, 46.4414, 21.1756, 28.2596, 54.143, 50.8767, 72.1584, 30.2449, 45.3602, 33.5748];
HighestPossibleCritFunctionValue = 1.1;
