NumDevices = 128;
NumSlotes = 1024;


GivenBandwidthOld = [0.00543396, 0.00611477, 0.00850831, 0.00666052, 0.005802, 0.00679016, 0.00473904, 0.00661039, 0.00825371, 0.00765765, 0.00466379, 0.00684591, 0.00668024, 0.00722115, 0.00844732, 0.00662524, 0.00795563, 0.00775361, 0.00736752, 0.0083282, 0.00460715, 0.00494759, 0.00657179, 0.00458419, 0.00403961, 0.00621064, 0.00476776, 0.00415939, 0.00432277, 0.00522125, 0.00599752, 0.00784109, 0.00772422, 0.00841984, 0.0047053, 0.00445008, 0.00492247, 0.00439751, 0.00652808, 0.00494486, 0.00583011, 0.00408912, 0.00839772, 0.00799561, 0.00468267, 0.00405734, 0.00424062, 0.00465163, 0.00739582, 0.00412919, 0.0068222, 0.0082683, 0.00788202, 0.00567577, 0.00518875, 0.00483556, 0.00868388, 0.00743366, 0.00505433, 0.00562141, 0.00657084, 0.00867185, 0.00535489, 0.00713772, 0.00607903, 0.0077953, 0.0080739, 0.0055189, 0.00862113, 0.00776764, 0.00816898, 0.00850095, 0.0079201, 0.00563732, 0.00394451, 0.00780499, 0.005986, 0.00415164, 0.00410885, 0.00489048, 0.00676567, 0.00803692, 0.00400708, 0.00441638, 0.00867264, 0.00851485, 0.0066131, 0.00387225, 0.00840563, 0.00585594, 0.00820112, 0.00867284, 0.0070004, 0.00828243, 0.00525854, 0.00782838, 0.00407279, 0.00386434, 0.00546312, 0.00619071, 0.00472973, 0.00508668, 0.00431361, 0.00634825, 0.00759088, 0.00749827, 0.00586449, 0.00700783, 0.00817637, 0.00777782, 0.00434247, 0.00644979, 0.00405185, 0.00695967, 0.0086455, 0.00737366, 0.00666418, 0.00734286, 0.00393353, 0.0084009, 0.00643324, 0.00588864, 0.00785873, 0.00418313, 0.00840812, 0.00772936, 0.00482902, 0.00382818];
GivenLatency = [184.606, 163.762, 119.296, 171.439, 220.352, 142.737, 210.929, 155.646, 119.234, 166.829, 247.399, 152.236, 152.443, 137.018, 114.452, 170.979, 158.072, 128.041, 168.488, 117.928, 210.312, 193.278, 173.247, 227.418, 309.383, 153.742, 268.084, 239.306, 282.846, 188.532, 172.64, 125.89, 154.244, 153.029, 212.588, 248.438, 253.84, 271.034, 166.902, 231.776, 163.868, 239.221, 150.343, 126.981, 228.416, 311.85, 241.729, 271.41, 152.839, 245.711, 149.249, 133.457, 128.185, 185.712, 232.293, 258.455, 130.552, 170.201, 243.189, 226.55, 167.411, 137.338, 191.336, 157.373, 164.913, 141.342, 130.689, 199, 131.741, 157.296, 142.763, 112.739, 163.518, 210.765, 287.845, 149.169, 211.904, 303.833, 263.19, 250.951, 187.28, 132.712, 239.992, 250.16, 116.904, 122.711, 174.746, 246.069, 129.799, 220.606, 120.269, 144.096, 160.51, 145.084, 244.266, 132.44, 257.231, 264.75, 207.86, 158.068, 259.9, 247.213, 248.513, 159.638, 129.079, 143.462, 164.657, 166.476, 156.462, 153.136, 222.593, 167.784, 236.731, 139.96, 129.556, 140.062, 190.413, 140.245, 258.88, 142.39, 175.022, 165.627, 124.711, 272.563, 131.538, 142.578, 248.4, 302.338];
HighestPossibleCritFunctionValue = 1.1;
