NumDevices = 128;
NumSlotes = 1024;


GivenBandwidthOld = [0.00477066, 0.00803722, 0.00398261, 0.00824982, 0.00720017, 0.00574972, 0.00805661, 0.00498537, 0.00654994, 0.00731104, 0.00409816, 0.00533451, 0.00461115, 0.00704681, 0.00816768, 0.00670193, 0.00677265, 0.00546525, 0.00697256, 0.00523561, 0.00739554, 0.00437076, 0.00684701, 0.00523241, 0.00860181, 0.00819542, 0.00800346, 0.0067089, 0.00393602, 0.00521891, 0.0067736, 0.0063583, 0.00641663, 0.00674142, 0.00551169, 0.00746361, 0.00836148, 0.00396978, 0.00757668, 0.00380324, 0.00854072, 0.00629517, 0.00535986, 0.00570209, 0.00753131, 0.00616789, 0.00624773, 0.00815141, 0.00825692, 0.00654267, 0.00522742, 0.00482554, 0.00535754, 0.00661677, 0.00558274, 0.00663056, 0.00726315, 0.00426558, 0.00403764, 0.00814184, 0.00749382, 0.00621349, 0.0076271, 0.00614917, 0.00665273, 0.00498898, 0.00724171, 0.00391977, 0.00713862, 0.00620455, 0.00732849, 0.00736576, 0.00381661, 0.008231, 0.00595471, 0.00824083, 0.00621303, 0.00492939, 0.00584227, 0.00848204, 0.00506522, 0.00869768, 0.00442247, 0.00593589, 0.00702362, 0.00855556, 0.00582103, 0.00651327, 0.00606409, 0.00667888, 0.0044958, 0.00848727, 0.00800724, 0.00515406, 0.00685401, 0.00776777, 0.00534655, 0.00691743, 0.00376692, 0.00815678, 0.00843681, 0.0049142, 0.00544479, 0.00807614, 0.00814432, 0.00416838, 0.0054662, 0.0078512, 0.00765015, 0.00858756, 0.00857066, 0.00464814, 0.00386198, 0.00577709, 0.00805921, 0.00870589, 0.00741122, 0.00787847, 0.00591663, 0.00828054, 0.00850332, 0.00785681, 0.00692417, 0.00700682, 0.00604418, 0.00695575, 0.007846, 0.00525825];
GivenLatency = [208.852, 125.973, 274.505, 115.454, 137.353, 183.996, 153.247, 201.425, 191.901, 149.583, 235.935, 197.837, 278.281, 157.1, 150.263, 192.649, 160.859, 178.27, 149.702, 193.942, 160.669, 228.401, 140.977, 215.179, 129.805, 119.556, 136.736, 190.825, 242.013, 206.543, 182.291, 192.958, 171.445, 189.763, 233.72, 170.35, 128.169, 269.226, 140.508, 316.424, 120.683, 169.25, 180.422, 173.298, 132.145, 158.213, 155.756, 132.479, 117.341, 150.261, 239.924, 230.384, 212.141, 193.417, 177.38, 148.4, 149.829, 279.46, 246.18, 119.76, 135.55, 170.453, 131.689, 174.291, 160.896, 195.66, 143.51, 292.482, 157.173, 154.925, 171.242, 150.376, 264.368, 117.14, 165.179, 151.408, 189.22, 229.295, 174.908, 116.013, 243.935, 110.195, 257.287, 214.797, 145.744, 149.733, 165.275, 190.09, 208.477, 167.833, 228.189, 123.089, 150.194, 193.407, 157.159, 141.924, 197.805, 181.214, 303.192, 140.536, 149.025, 247.17, 202.051, 123.417, 129.287, 232.881, 218.323, 146.873, 133.858, 145.028, 123.039, 212.956, 301.3, 182.448, 142.115, 111.432, 130.276, 140.48, 195.646, 142.185, 139.226, 136.36, 139.569, 148.534, 179.243, 173.074, 153.057, 197.264];
HighestPossibleCritFunctionValue = 1.1;
