NumDevices = 16;
NumSlotes = 128;


GivenBandwidthOld = [0.0567588, 0.0455278, 0.0455229, 0.0428138, 0.0314687, 0.0344237, 0.0598296, 0.0556646, 0.0549835, 0.0474793, 0.0451515, 0.0407346, 0.0462103, 0.0362554, 0.0440354, 0.0422576];
GivenLatency = [16.9093, 18.0579, 16.8988, 22.6107, 29.189, 31.4829, 16.1481, 16.0791, 18.6149, 18.7147, 22.2221, 19.1841, 20.6797, 27.671, 18.3011, 19.2578];
HighestPossibleCritFunctionValue = 1.1;
