NumDevices = 16;
NumSlotes = 128;


GivenBandwidthOld = [0.0586818, 0.0344689, 0.0392952, 0.0544957, 0.0791937, 0.0789856, 0.0309159, 0.0734732, 0.0342478, 0.0735409, 0.0721292, 0.0446355, 0.0588468, 0.0583709, 0.0604312, 0.0377426];
GivenLatency = [26.1941, 46.7427, 46.2421, 28.5473, 17.3495, 18.2843, 50.1833, 26.7301, 56.4487, 20.3356, 20.973, 34.8921, 33.2997, 29.0077, 25.4328, 39.6902];
HighestPossibleCritFunctionValue = 1.1;
