NumDevices = 16;
NumSlotes = 128;


GivenBandwidthOld = [0.0341201, 0.0373884, 0.0464727, 0.0467034, 0.0440292, 0.058263, 0.0468953, 0.0696826, 0.0554603, 0.0614244, 0.0605091, 0.0365835, 0.0392296, 0.0312894, 0.0602156, 0.0643161];
GivenLatency = [24.3526, 28.7233, 17.9138, 18.3884, 23.6014, 14.5715, 16.4872, 13.0068, 17.9727, 13.4225, 15.0876, 22.2289, 21.108, 29.7898, 15.3873, 15.0698];
HighestPossibleCritFunctionValue = 1.1;
