NumDevices = 128;
NumSlotes = 1024;


GivenBandwidthOld = [0.00263723, 0.00396282, 0.00187027, 0.00419475, 0.00305566, 0.00206525, 0.00311943, 0.00204657, 0.0016233, 0.00336626, 0.00358283, 0.00295314, 0.00405207, 0.00194039, 0.00144325, 0.00231893, 0.00421397, 0.0042014, 0.00238012, 0.00139318, 0.00148509, 0.00234542, 0.00252602, 0.00348563, 0.00360107, 0.00321472, 0.00360713, 0.0019711, 0.00201896, 0.00322137, 0.00283286, 0.00436763, 0.00232622, 0.00173715, 0.0012939, 0.00155501, 0.00259722, 0.00332104, 0.00297524, 0.00360066, 0.00255453, 0.00146131, 0.00282193, 0.0019931, 0.00304869, 0.00368128, 0.0012868, 0.00408527, 0.00359182, 0.00401009, 0.00256447, 0.00290421, 0.00348076, 0.0029624, 0.00344327, 0.00414008, 0.00287701, 0.00267965, 0.00431196, 0.0042806, 0.00215871, 0.00203008, 0.00264567, 0.00194426, 0.0040312, 0.00426191, 0.00365347, 0.00265698, 0.00153026, 0.00222279, 0.00399181, 0.00152035, 0.00433955, 0.00236289, 0.00248163, 0.00435167, 0.00296454, 0.00196223, 0.00287267, 0.00156862, 0.00311585, 0.00128514, 0.00431437, 0.00416271, 0.00204119, 0.00190003, 0.00129143, 0.00386422, 0.00400661, 0.00348615, 0.00299373, 0.00192428, 0.00262319, 0.00231436, 0.00242095, 0.00328959, 0.00246827, 0.00179186, 0.00210946, 0.00252524, 0.00288531, 0.00160805, 0.00345357, 0.00223412, 0.00391637, 0.00245444, 0.00358343, 0.00364782, 0.00134191, 0.00222186, 0.00396908, 0.00396046, 0.00275482, 0.00217178, 0.00306082, 0.00437475, 0.00324507, 0.0043012, 0.00148526, 0.00206437, 0.00401689, 0.00129212, 0.00283432, 0.00396441, 0.00364496, 0.00335255, 0.00435335, 0.00304844];
GivenLatency = [164.676, 116.35, 310.887, 103.349, 188.582, 177.014, 204.354, 250.693, 226.723, 177.593, 88.7823, 187.244, 85.7884, 201.217, 275.536, 154.525, 113.125, 84.6598, 150.753, 416.747, 342.545, 186.483, 153.909, 168.788, 88.1482, 97.2842, 142.54, 164.103, 163.002, 109.737, 139.442, 102.463, 202.478, 224.889, 303.063, 218.55, 132.192, 162.453, 132.601, 111.97, 148.113, 265.011, 140.761, 260.242, 192.153, 170.631, 371.935, 108.168, 97.9244, 96.1869, 222.547, 114.701, 94.136, 154.688, 182.659, 78.5293, 136.573, 142.677, 99.3576, 90.1289, 239.206, 218.336, 193.713, 163.607, 82.0661, 84.9612, 165.569, 201.982, 372.02, 156.212, 110.197, 308.122, 101.868, 186.916, 139.669, 75.8579, 164.689, 227.904, 160.355, 322.445, 110.488, 406.66, 125.257, 149.761, 298.519, 176.566, 474.699, 105.701, 97.7253, 186.318, 116.488, 182.053, 127.538, 183.401, 252.636, 125.313, 226.96, 182.22, 304.307, 198.513, 160.054, 226.687, 172.527, 152.485, 91.0342, 128.623, 99.6122, 150.708, 425.319, 273.11, 142.126, 141.406, 186.942, 187.63, 177.13, 71.5243, 96.4997, 86.5487, 271.099, 221.972, 89.0825, 434.629, 134.337, 128.915, 111.997, 154.986, 106.292, 124.325];
HighestPossibleCritFunctionValue = 1.1;
