NumDevices = 64;
NumSlotes = 512;


GivenBandwidthOld = [0.0163398, 0.00784671, 0.0146786, 0.00763416, 0.0122699, 0.01588, 0.0107796, 0.00772203, 0.00910793, 0.0120179, 0.00909124, 0.0114515, 0.0106548, 0.00959695, 0.010873, 0.016818, 0.0158462, 0.0114281, 0.0164409, 0.0164697, 0.0110182, 0.00801906, 0.0114084, 0.0159711, 0.0110039, 0.00783562, 0.00822807, 0.0142382, 0.0171053, 0.0140867, 0.00975885, 0.0120112, 0.00780935, 0.016688, 0.00947532, 0.0167551, 0.00876695, 0.0111811, 0.0159753, 0.0126373, 0.00953369, 0.00773317, 0.0163387, 0.00973125, 0.00810648, 0.010663, 0.00856908, 0.0155386, 0.0125198, 0.0149602, 0.0113137, 0.0150062, 0.0134858, 0.0106978, 0.0131608, 0.00903926, 0.00784588, 0.0107753, 0.0146997, 0.0120832, 0.00768018, 0.0157654, 0.0132963, 0.0157586];
GivenLatency = [71.8796, 148.68, 84.9585, 146.101, 87.1813, 59.92, 104.231, 134.803, 107.35, 96.1031, 122.057, 86.1604, 92.1336, 118.681, 90.1217, 64.28, 61.0037, 106.847, 67.0473, 60.5919, 84.4244, 145.606, 107.727, 71.1587, 89.3496, 147.853, 110.576, 76.6369, 60.7225, 74.6342, 109.24, 90.9416, 126.615, 70.4909, 126.585, 60.7444, 106.237, 86.3289, 68.6031, 83.5806, 122.877, 146.585, 62.9615, 123.775, 121.958, 94.2173, 112.912, 63.9311, 76.2977, 73.4607, 92.6893, 61.8224, 72.2285, 93.3351, 72.0798, 118.207, 117.613, 84.4838, 64.5601, 82.5241, 141.073, 60.5648, 86.44, 64.1771];
HighestPossibleCritFunctionValue = 1.1;
