NumDevices = 16;
NumSlotes = 128;


GivenBandwidthOld = [0.0164711, 0.0203195, 0.0240993, 0.0268251, 0.0139166, 0.0110825, 0.0290097, 0.031496, 0.0189302, 0.024712, 0.0249265, 0.0294258, 0.0245188, 0.0271799, 0.0272333, 0.0253916];
GivenLatency = [25.871, 14.9855, 21.9866, 21.4379, 22.3658, 35.9961, 15.3204, 10.253, 18.0952, 13.9442, 15.475, 15.4398, 12.9705, 17.3409, 19.0026, 16.9245];
HighestPossibleCritFunctionValue = 1.1;
