NumDevices = 128;
NumSlotes = 1024;


GivenBandwidthOld = [0.0020418, 0.00276055, 0.00157421, 0.00339472, 0.00374039, 0.00417342, 0.00391659, 0.00304948, 0.00137153, 0.00313632, 0.00153258, 0.00376908, 0.00193507, 0.00279564, 0.00387992, 0.00223809, 0.00179066, 0.00380129, 0.00258395, 0.00218257, 0.00311565, 0.00417398, 0.00398098, 0.00390076, 0.00257563, 0.00293543, 0.00334763, 0.00294371, 0.00182169, 0.00340566, 0.00327499, 0.00408988, 0.00302132, 0.00313764, 0.0017629, 0.00273008, 0.00194368, 0.00370216, 0.00225311, 0.00430815, 0.002692, 0.00260811, 0.00193142, 0.00388709, 0.00405064, 0.00286195, 0.00266164, 0.00163853, 0.00312607, 0.00417307, 0.00421219, 0.00245604, 0.00239733, 0.00325783, 0.00305877, 0.00125813, 0.003553, 0.00153324, 0.00230815, 0.00432419, 0.00361633, 0.00345771, 0.00313656, 0.00241373, 0.00383544, 0.00164564, 0.0038902, 0.00327446, 0.00140584, 0.0016506, 0.00292468, 0.00392949, 0.0041546, 0.00319001, 0.00392761, 0.00383928, 0.00373287, 0.00279213, 0.00425221, 0.00316094, 0.00285183, 0.00140609, 0.00285987, 0.00208781, 0.00426819, 0.00290594, 0.00135099, 0.00170925, 0.00416976, 0.00175953, 0.00238949, 0.0025989, 0.0034349, 0.00413686, 0.00198654, 0.00212772, 0.00305837, 0.00389057, 0.00315718, 0.00213057, 0.00411981, 0.00285978, 0.00367183, 0.00176376, 0.00157926, 0.0039483, 0.0015051, 0.00429022, 0.00132161, 0.00167319, 0.00125939, 0.00282461, 0.00315125, 0.00240105, 0.00327284, 0.00216784, 0.0024617, 0.00371943, 0.00178919, 0.003996, 0.00326632, 0.00201914, 0.00320503, 0.00317837, 0.00191287, 0.0014669, 0.00292375, 0.00381696];
GivenLatency = [181.263, 150.186, 245.985, 109.769, 94.2462, 81.9603, 83.381, 115.098, 313.655, 185.446, 345.162, 113.25, 165.527, 130.085, 114.252, 169.293, 253.692, 89.5167, 154.051, 144.383, 186.02, 79.4419, 155.669, 88.9719, 191.993, 147.219, 143.147, 152.219, 180.041, 173.727, 130.406, 118.451, 169.563, 138.86, 308.747, 118.735, 175.849, 135.472, 172.745, 133.103, 120.95, 197.942, 330.318, 102.379, 110.866, 130.167, 181.023, 395.167, 157.102, 135.119, 74.1903, 159.412, 151.668, 100.626, 125.417, 256.389, 118.768, 378.322, 185.395, 116.064, 88.7306, 90.6417, 114.796, 233.528, 91.9331, 199.201, 101.9, 132.122, 240.276, 315.066, 131.541, 96.1038, 152.036, 104.647, 162.313, 115.62, 97.4519, 142.373, 79.9258, 117.668, 121.239, 408.914, 213.503, 299.709, 99.5864, 112.146, 257.456, 326.786, 112.822, 292.301, 225.657, 206.773, 164.702, 130.425, 228.243, 168.44, 129.621, 111.207, 156.344, 249.784, 153.687, 227.532, 130.446, 284.363, 312.564, 103.992, 207.649, 82.3699, 398.465, 210.056, 511.278, 146.321, 152.867, 219.929, 107.766, 259.627, 189.496, 98.7612, 328.018, 83.824, 142.768, 176.361, 127.353, 136.734, 243.449, 342.999, 109.374, 151.632];
HighestPossibleCritFunctionValue = 1.1;
