NumDevices = 128;
NumSlotes = 1024;


GivenBandwidthOld = [0.00621309, 0.00714285, 0.00863725, 0.00633072, 0.0091164, 0.00934248, 0.0091194, 0.00980456, 0.00656601, 0.00749048, 0.00752162, 0.00580714, 0.0094173, 0.00412911, 0.00670226, 0.00981502, 0.00733741, 0.00991005, 0.0045296, 0.00642218, 0.00887664, 0.00475646, 0.00681321, 0.00589017, 0.00490844, 0.00498155, 0.00860329, 0.00429906, 0.00677078, 0.00524921, 0.00715784, 0.00425914, 0.00458708, 0.00378528, 0.00913029, 0.00533844, 0.00697609, 0.00595719, 0.00627657, 0.00537444, 0.00572161, 0.00929168, 0.00529143, 0.00423585, 0.00693169, 0.00973656, 0.00732893, 0.00485924, 0.00930935, 0.00857532, 0.00922658, 0.00488976, 0.00974407, 0.00856166, 0.00464698, 0.00436437, 0.0044672, 0.00774368, 0.00681842, 0.00595971, 0.00490265, 0.00751679, 0.00587876, 0.00689723, 0.00556757, 0.0079742, 0.0061823, 0.00846766, 0.00595074, 0.00416164, 0.00964548, 0.0077573, 0.00436724, 0.00894652, 0.00410356, 0.00850098, 0.0097658, 0.00513606, 0.0055936, 0.00795978, 0.00756427, 0.00398011, 0.00865981, 0.0041784, 0.0039116, 0.00718669, 0.0080177, 0.00604354, 0.00759996, 0.00997104, 0.00459545, 0.00700247, 0.005441, 0.00555338, 0.00688337, 0.00386975, 0.00394535, 0.00573743, 0.00646571, 0.00925218, 0.00381566, 0.00729825, 0.00787078, 0.00548252, 0.00977078, 0.00745877, 0.00588362, 0.00730204, 0.0092005, 0.00400973, 0.00648714, 0.00680596, 0.00896097, 0.00946196, 0.00465307, 0.00670271, 0.00491663, 0.0050247, 0.0089419, 0.00780304, 0.0045005, 0.00482884, 0.0045601, 0.00663399, 0.00625236, 0.00459278, 0.00585875, 0.00798643];
GivenLatency = [712.971, 647.501, 473.476, 606.652, 534.695, 433.254, 403.913, 411.468, 572.122, 549.498, 586.114, 596.325, 375.814, 902.947, 554.553, 403.829, 554.514, 496.251, 932.893, 526.228, 419.579, 995.339, 569.48, 802.273, 856.369, 684.977, 396.061, 894.774, 678.64, 813.435, 521.573, 852.39, 839.23, 900.395, 391.715, 831.826, 478.469, 598.381, 569.655, 811.059, 835.973, 478.402, 715.86, 788.311, 501.778, 432.633, 589.021, 1000.99, 452.486, 497.714, 421.004, 783.8, 367.707, 567.812, 967.612, 1075.16, 943.81, 645.401, 499.539, 731.653, 900.878, 550.743, 712.004, 619.942, 715.549, 487.566, 670.487, 552.129, 566.44, 985.825, 463.229, 455.42, 810.294, 506.834, 960.031, 509.028, 504.701, 770.123, 796.865, 549.68, 631.647, 1156.88, 563.889, 1086.71, 881.218, 497.896, 576.197, 650.231, 598.973, 347.589, 890.901, 501.511, 734.711, 843.044, 714.028, 907.253, 960.45, 644.751, 520.091, 392.056, 942.467, 591.683, 443.265, 698.508, 449.746, 496.435, 571.672, 495.563, 383.787, 1226.66, 596.901, 584.699, 429.594, 451.775, 822.802, 735.257, 767.03, 739.987, 396.958, 503.239, 799.583, 903.014, 828.685, 741.335, 674.476, 793.088, 639.798, 477.888];
HighestPossibleCritFunctionValue = 1.1;
