NumDevices = 128;
NumSlotes = 1024;


GivenBandwidthOld = [0.00746115, 0.00830085, 0.0085598, 0.00455555, 0.00521008, 0.00586647, 0.00654195, 0.00921928, 0.00712064, 0.00407658, 0.00511452, 0.00598755, 0.00406798, 0.00429495, 0.00641697, 0.00880079, 0.00495992, 0.00757118, 0.00757803, 0.00401668, 0.00464891, 0.00544857, 0.00793991, 0.00487953, 0.00653939, 0.00383292, 0.00996451, 0.00720242, 0.00977037, 0.00678753, 0.00544068, 0.00648536, 0.00820633, 0.00755332, 0.00743071, 0.00914961, 0.0049486, 0.00493546, 0.00899055, 0.00664048, 0.00904799, 0.00957087, 0.00384596, 0.00400609, 0.00788452, 0.00512103, 0.00916913, 0.00800325, 0.00681961, 0.00712127, 0.00841057, 0.00899232, 0.00509502, 0.00957389, 0.00456846, 0.0096226, 0.00458753, 0.00515977, 0.00406561, 0.00826586, 0.00805118, 0.00612967, 0.00518439, 0.00528359, 0.00997168, 0.00909585, 0.00770248, 0.00810663, 0.00685772, 0.00387027, 0.00644508, 0.00626824, 0.00904833, 0.00899998, 0.0088477, 0.00581308, 0.00911962, 0.00725727, 0.0066657, 0.00784095, 0.00401559, 0.00506696, 0.00662685, 0.00498107, 0.00684271, 0.00794023, 0.00388831, 0.0096398, 0.00616157, 0.00382096, 0.00890821, 0.00404013, 0.0050353, 0.00585846, 0.00946845, 0.00757227, 0.00708363, 0.00702286, 0.00448333, 0.00378005, 0.00872872, 0.00610358, 0.00413506, 0.00669987, 0.00727835, 0.00473417, 0.00712877, 0.0094316, 0.00693289, 0.00477607, 0.00522969, 0.00423179, 0.00745527, 0.00949631, 0.00696016, 0.00696764, 0.00758742, 0.00550001, 0.0099907, 0.00997756, 0.00783059, 0.00489947, 0.00413958, 0.00764452, 0.00886893, 0.00640408, 0.00468079, 0.00996369];
GivenLatency = [569.757, 556.478, 416.116, 761.185, 787.863, 707.333, 701.599, 541.924, 479.786, 1075.91, 880.062, 592.532, 884.309, 935.398, 587.646, 523.091, 890.33, 494.572, 518.249, 1108.11, 795.752, 625.415, 442.041, 881.347, 519.925, 1074.49, 449.389, 479.597, 358.318, 555.3, 766.209, 722.979, 570.437, 595.415, 477.449, 480.288, 1003.67, 679.41, 487.39, 609.509, 531.825, 389.635, 1135.46, 1192.88, 433.538, 764.191, 390.315, 594.159, 594.247, 489.733, 422.655, 515.693, 849.6, 397.142, 916.645, 396.614, 984.324, 711.987, 933.019, 563.377, 530.906, 547.076, 847.777, 792.097, 500.878, 461.237, 632.754, 486.559, 636.818, 1088.67, 562.88, 717.668, 501.801, 539.799, 498.953, 692.973, 488.862, 499.906, 611.758, 430.617, 1155.76, 704.666, 560.998, 744.172, 625.774, 520.439, 1136.19, 451.183, 558.255, 1085.75, 495.197, 914.525, 900.21, 722.634, 378.353, 583.86, 681.919, 506.33, 986, 1283.64, 424.715, 563.326, 923.602, 685.724, 531.836, 708.302, 475.447, 402.2, 716.401, 964.121, 750.193, 1091.82, 644.699, 361.763, 503.428, 486.734, 457.225, 613.692, 352.462, 343.089, 510.995, 709.565, 883.329, 555.302, 491.851, 554.837, 778.098, 427.755];
HighestPossibleCritFunctionValue = 1.1;
