NumDevices = 32;
NumSlotes = 256;


GivenBandwidthOld = [0.0126889, 0.00813638, 0.00556814, 0.0162008, 0.00736403, 0.0122836, 0.00772617, 0.0112828, 0.0120421, 0.0121425, 0.0111497, 0.0134434, 0.0126752, 0.0140972, 0.0133748, 0.0105464, 0.0100361, 0.00994837, 0.00967825, 0.00733437, 0.0138259, 0.00512401, 0.0141698, 0.00873187, 0.0140157, 0.00731509, 0.0147709, 0.0123044, 0.00716642, 0.0159951, 0.0126883, 0.00951462];
GivenLatency = [42.465, 39.4353, 71.7207, 19.4374, 45.1154, 41.4311, 43.3716, 30.9212, 26.2809, 41.6804, 31.2105, 32.2895, 36.7958, 26.3577, 32.358, 32.7144, 52.0516, 39.3419, 36.3353, 77.4203, 22.3112, 81.2855, 42.9492, 41.3756, 23.1667, 54.3363, 30.2064, 24.8729, 48.5996, 25.1627, 28.731, 33.1482];
HighestPossibleCritFunctionValue = 1.1;
