NumDevices = 128;
NumSlotes = 1024;


GivenBandwidthOld = [0.00492581, 0.00931541, 0.00409914, 0.00919093, 0.00566439, 0.00386022, 0.0062382, 0.00419503, 0.00828945, 0.00453793, 0.00898157, 0.00568625, 0.00884406, 0.0071769, 0.00596643, 0.00530761, 0.00749454, 0.00701795, 0.00939664, 0.00685711, 0.00621199, 0.00740085, 0.00736776, 0.00749303, 0.00668438, 0.00940331, 0.00645943, 0.00991746, 0.00399171, 0.00992958, 0.00767258, 0.00553911, 0.00465244, 0.00853992, 0.00786773, 0.00416615, 0.00415248, 0.00572941, 0.00914956, 0.00411162, 0.00654113, 0.00797387, 0.00687543, 0.00792174, 0.00575439, 0.00396828, 0.00991753, 0.00512952, 0.00805764, 0.00851883, 0.00966861, 0.00901937, 0.00985012, 0.00977284, 0.00461726, 0.00486308, 0.00505099, 0.00691096, 0.00501306, 0.00707185, 0.00911052, 0.00419476, 0.00389798, 0.00954078, 0.00439022, 0.0076141, 0.00398756, 0.00894046, 0.00864422, 0.00457917, 0.00829002, 0.00790037, 0.00908719, 0.00583804, 0.00991922, 0.00855748, 0.00937607, 0.0048433, 0.00387561, 0.0086048, 0.0046451, 0.00390246, 0.00989287, 0.00942601, 0.00676606, 0.00724147, 0.00983309, 0.0047162, 0.00521796, 0.00706241, 0.00671336, 0.00892198, 0.00425256, 0.00651408, 0.00963572, 0.00629192, 0.00712897, 0.00659453, 0.00559596, 0.00383948, 0.00770254, 0.00903464, 0.00395094, 0.00602135, 0.00963448, 0.00414342, 0.00963385, 0.00606534, 0.0052315, 0.0096344, 0.00907976, 0.00601611, 0.00896201, 0.00830686, 0.0096536, 0.00678033, 0.00957728, 0.00526929, 0.00715514, 0.00895101, 0.00470663, 0.00678922, 0.00898594, 0.00422639, 0.00416557, 0.00702918, 0.00436511, 0.00434539];
GivenLatency = [982.87, 363.727, 967.557, 510.703, 695.445, 1144.73, 698.989, 1026.57, 519.678, 762.273, 509.73, 830.033, 411.784, 510.239, 683.182, 760.542, 459.526, 530.205, 410.985, 635.919, 739.362, 570.531, 613.82, 601.449, 592.354, 518.009, 708.372, 467.01, 1229.88, 355.748, 605.053, 618.108, 988.077, 564.961, 588.236, 1063.97, 963.097, 710.089, 505.569, 899.626, 596.433, 420.148, 694.407, 468.411, 802.12, 963.83, 370.115, 682.437, 585.937, 480.329, 420.805, 523.188, 354.112, 394.079, 1014.39, 690.818, 890.538, 533.967, 755.915, 679.967, 399.197, 913.431, 900.643, 370.839, 775.654, 506.297, 845.833, 395.175, 416.008, 961.19, 560.212, 512.555, 512.133, 777.982, 418.929, 436.898, 422.705, 836.598, 1093.07, 415.534, 744.909, 954.248, 383.993, 356.999, 610.402, 507.471, 427.005, 933.74, 747.594, 518.725, 587.305, 509.568, 1118.58, 635.387, 367.256, 549.853, 624.267, 663.226, 661.98, 1199.6, 491.848, 444.081, 955.135, 703.655, 397.088, 1014.19, 384.051, 602.832, 872.705, 403.981, 491.855, 580.989, 411.177, 481.098, 477.159, 735.492, 431.229, 640.698, 568.805, 551.807, 842.683, 557.63, 554.972, 789.319, 1109.4, 514.898, 763.705, 1062.01];
HighestPossibleCritFunctionValue = 1.1;
