NumDevices = 32;
NumSlotes = 256;


GivenBandwidthOld = [0.0145431, 0.00891044, 0.0152031, 0.0140681, 0.0132896, 0.0152395, 0.0123367, 0.0134014, 0.00679771, 0.00660139, 0.00703434, 0.00861789, 0.010806, 0.0117232, 0.0147437, 0.00501764, 0.0140314, 0.00901473, 0.00559638, 0.015919, 0.00882609, 0.010108, 0.0172907, 0.0115271, 0.00518785, 0.0121447, 0.0116323, 0.0110599, 0.0161446, 0.0119849, 0.0126931, 0.0148215];
GivenLatency = [27.0812, 34.5799, 26.0255, 27.9244, 41.2081, 28.0069, 29.4892, 22.8744, 70.3956, 70.3646, 46.451, 50.8194, 55.266, 34.9499, 30.6495, 100.997, 28.8039, 39.2791, 71.973, 36.594, 50.5645, 38.6716, 25.5254, 38.2928, 65.1502, 45.0744, 31.8265, 34.3188, 23.8421, 41.8387, 29.8856, 24.9992];
HighestPossibleCritFunctionValue = 1.1;
