NumDevices = 64;
NumSlotes = 512;


GivenBandwidthOld = [0.00953368, 0.0125657, 0.00893005, 0.0172774, 0.0104937, 0.00944415, 0.00784249, 0.0137838, 0.0198148, 0.00801713, 0.0113858, 0.0155617, 0.0129754, 0.00803941, 0.0108177, 0.0174603, 0.00976175, 0.00817844, 0.00995847, 0.0144883, 0.0097563, 0.0165655, 0.00886025, 0.0191584, 0.0128733, 0.0164337, 0.0187868, 0.0176705, 0.0181287, 0.0184783, 0.00752213, 0.0169896, 0.0113876, 0.00820046, 0.0176322, 0.0124648, 0.0130769, 0.014134, 0.0176664, 0.0109671, 0.0170683, 0.00899994, 0.0169966, 0.0168033, 0.0173529, 0.0168839, 0.00997803, 0.0181806, 0.0170038, 0.0136124, 0.0132664, 0.0108932, 0.0119656, 0.0116658, 0.00909491, 0.0130789, 0.00879069, 0.0126976, 0.0137798, 0.0140309, 0.0105462, 0.0182904, 0.0119582, 0.0112441];
GivenLatency = [323.948, 197.388, 314.888, 158.061, 241.632, 300.562, 392.759, 206.647, 119.862, 328.794, 229.247, 193.535, 207.752, 348.467, 225.415, 144.085, 246.877, 343.543, 297.389, 154.647, 326.568, 166.271, 267.907, 120.529, 177.956, 145.013, 161.885, 138.434, 149.549, 148.028, 404.095, 147.545, 253.606, 271.387, 132.835, 207.092, 233.874, 217.013, 128.403, 275.021, 158.828, 277.02, 157.711, 140.742, 154.191, 168.355, 269.053, 144.237, 179.224, 180.568, 221.208, 213.728, 234.917, 282.017, 323.287, 194.063, 313.074, 204.354, 222.339, 193.739, 231.492, 126.479, 203.337, 247.064];
HighestPossibleCritFunctionValue = 1.1;
