NumDevices = 32;
NumSlotes = 256;


GivenBandwidthOld = [0.0184228, 0.0173788, 0.0200263, 0.0174676, 0.0383062, 0.0221369, 0.0399469, 0.021823, 0.0398891, 0.0254295, 0.0294119, 0.0351592, 0.0308715, 0.0178669, 0.0241089, 0.0330155, 0.026209, 0.0297334, 0.0399833, 0.034292, 0.0307296, 0.0316891, 0.0336508, 0.0291341, 0.0168119, 0.0181025, 0.0331433, 0.0247767, 0.0316359, 0.0151618, 0.0339539, 0.0224793];
GivenLatency = [126.022, 103.927, 89.6156, 104.318, 50.5605, 112.877, 42.9776, 111.376, 54.5327, 90.6935, 76.2118, 47.7559, 56.3299, 93.455, 72.7436, 52.6815, 83.6603, 61.5623, 55.8064, 59.1758, 60.1203, 62.7621, 57.6598, 72.5759, 118.167, 112.015, 57.0023, 73.4981, 58.0958, 163.132, 49.7937, 84.438];
HighestPossibleCritFunctionValue = 1.1;
