NumDevices = 128;
NumSlotes = 1024;


GivenBandwidthOld = [0.00509978, 0.00449282, 0.0082844, 0.00834217, 0.00436642, 0.00389077, 0.00470201, 0.00412911, 0.00546315, 0.00673139, 0.00701782, 0.00608036, 0.00515797, 0.00757285, 0.00438627, 0.00757558, 0.00523346, 0.00620003, 0.00643509, 0.00701884, 0.00822254, 0.00869072, 0.00746611, 0.00535673, 0.00798335, 0.00872886, 0.00849337, 0.00561309, 0.00672951, 0.00541945, 0.00712607, 0.00534001, 0.00706397, 0.00662276, 0.00628272, 0.00612384, 0.00582053, 0.00814375, 0.00455345, 0.00734733, 0.00404473, 0.00720358, 0.00805338, 0.00564148, 0.00392579, 0.00819136, 0.00476363, 0.00479576, 0.00489863, 0.00381564, 0.00702181, 0.00804168, 0.00405804, 0.00592481, 0.00570399, 0.00447146, 0.00437739, 0.00835012, 0.00791155, 0.00696569, 0.0047832, 0.00377543, 0.00622723, 0.00852291, 0.00712093, 0.00399367, 0.00418952, 0.00578234, 0.00633299, 0.00604911, 0.00495236, 0.00688944, 0.00824274, 0.00832232, 0.0056705, 0.00657566, 0.00467153, 0.00687399, 0.00864622, 0.00460464, 0.00760411, 0.00478433, 0.0077732, 0.00671186, 0.00866004, 0.00674441, 0.0058496, 0.00681321, 0.00711896, 0.00594104, 0.00854112, 0.00816144, 0.00674984, 0.00714139, 0.0077583, 0.00618445, 0.00461588, 0.00656933, 0.00824465, 0.00526192, 0.00467236, 0.00578567, 0.00732616, 0.00828905, 0.00655961, 0.00485952, 0.00648527, 0.00539896, 0.00784886, 0.00827764, 0.00485986, 0.00709603, 0.00549697, 0.00508237, 0.00685047, 0.00835619, 0.00503151, 0.00701756, 0.00659221, 0.0078403, 0.00436676, 0.00458837, 0.00421178, 0.00480367, 0.00775919, 0.00628023, 0.00430547, 0.00456097];
GivenLatency = [187.531, 258.825, 136.3, 125.269, 266.387, 328.487, 254.345, 253.067, 218.445, 171.789, 151.952, 173.261, 244.975, 127.336, 290.216, 151.014, 235.356, 193.096, 170.493, 161.223, 144.124, 145.164, 132.614, 226.954, 139.857, 146.932, 112.315, 212.666, 142.961, 182.236, 168.326, 210.871, 163.323, 154.075, 173.605, 176.007, 170.95, 152.931, 226.103, 134.156, 278.585, 179.885, 121.783, 179.138, 251.276, 120.191, 248.398, 220.711, 214.115, 253.929, 169.496, 130.461, 245.131, 183.276, 185.719, 244.527, 235.611, 129.557, 150.684, 169.879, 222.35, 301.334, 191.208, 128.219, 165.467, 256.612, 240.213, 196.611, 199.066, 162.282, 259.16, 183.896, 123.301, 120.959, 186.969, 146.794, 217.459, 174.9, 127.888, 265.479, 140.749, 213.558, 125.33, 155.989, 121.948, 168.967, 185.014, 164.323, 176.051, 192.84, 122.467, 134.536, 191.157, 145.771, 150.147, 180.403, 250.928, 165.536, 148.736, 183.786, 205.144, 211.883, 158.511, 134.733, 159.372, 261.373, 149.009, 182.49, 160.167, 140.587, 212.215, 134.859, 235.302, 203.739, 180.058, 116.964, 250.507, 156.151, 187.098, 139.543, 265.228, 240.331, 226.557, 228.184, 123.158, 197.929, 247.035, 260.064];
HighestPossibleCritFunctionValue = 1.1;
