NumDevices = 64;
NumSlotes = 512;


GivenBandwidthOld = [0.002748, 0.00811007, 0.00344021, 0.00462791, 0.00383163, 0.00822239, 0.00374911, 0.0025435, 0.00852535, 0.00800507, 0.00750189, 0.00674862, 0.00273656, 0.00335663, 0.00612148, 0.00614659, 0.00323814, 0.00843983, 0.00828632, 0.00323497, 0.0050639, 0.00642696, 0.00299253, 0.00543105, 0.00845822, 0.00485478, 0.00431041, 0.00510337, 0.00737577, 0.00582644, 0.00364112, 0.00622556, 0.00552888, 0.00266517, 0.00345629, 0.00608908, 0.00547639, 0.0079801, 0.00655824, 0.00308099, 0.00466572, 0.00807528, 0.0062645, 0.00364122, 0.00805493, 0.00791475, 0.0081867, 0.00380806, 0.00585103, 0.0045677, 0.00436511, 0.0056929, 0.00312025, 0.00828832, 0.00553901, 0.00409511, 0.00534734, 0.00781969, 0.00423781, 0.00354626, 0.00578191, 0.00525395, 0.00682972, 0.00332037];
GivenLatency = [219.615, 44.8336, 176.371, 71.1445, 160.479, 73.6917, 136.2, 210.398, 66.7792, 58.4111, 54.6326, 83.5604, 141.73, 159.307, 71.488, 59.7645, 98.9214, 73.1807, 39.9263, 125.152, 104.983, 63.9424, 190.039, 91.0069, 58.6242, 63.9066, 84.9278, 76.5317, 47.4335, 85.0868, 148.133, 64.3526, 108.678, 163.805, 107.557, 78.0869, 73.8876, 45.1184, 65.4806, 115.56, 77.4852, 54.6429, 94.8772, 100.743, 38.5043, 61.27, 38.1013, 81.2201, 60.1169, 80.7206, 85.3766, 54.3266, 152.722, 47.7728, 78.3253, 79.8414, 83.7904, 76.1751, 127.943, 93.9441, 70.5972, 92.3758, 83.494, 158.432];
HighestPossibleCritFunctionValue = 1.1;
