NumDevices = 16;
NumSlotes = 128;


GivenBandwidthOld = [0.0547136, 0.0319352, 0.035675, 0.0497077, 0.0564919, 0.0393058, 0.0324488, 0.0667515, 0.0332277, 0.037915, 0.0577936, 0.0372117, 0.0366179, 0.0568814, 0.0649717, 0.0400783];
GivenLatency = [15.6597, 32.0455, 23.2959, 15.7204, 15.3914, 21.7314, 29.3701, 12.0742, 24.7314, 21.4471, 15.2512, 25.0495, 21.5509, 17.0743, 15.6908, 20.1798];
HighestPossibleCritFunctionValue = 1.1;
