NumDevices = 64;
NumSlotes = 512;


GivenBandwidthOld = [0.00663465, 0.00599721, 0.00512561, 0.00610662, 0.00647763, 0.0045807, 0.00402902, 0.0070444, 0.00517408, 0.00817934, 0.00516914, 0.00640262, 0.00628406, 0.00747665, 0.00747767, 0.00587142, 0.00354058, 0.00394391, 0.00779101, 0.00358416, 0.0051688, 0.00698867, 0.00613678, 0.00715497, 0.00737719, 0.00472171, 0.00527743, 0.00775516, 0.00714542, 0.00302525, 0.00542001, 0.00403519, 0.00450832, 0.00628399, 0.0062908, 0.00828643, 0.00499751, 0.0031959, 0.00471806, 0.0063688, 0.00669271, 0.00693548, 0.00584638, 0.00763756, 0.00564957, 0.00605777, 0.00414117, 0.00445446, 0.00731504, 0.00388425, 0.00505951, 0.00775045, 0.00312506, 0.00790604, 0.005581, 0.00359789, 0.00478172, 0.00767288, 0.00554636, 0.00262834, 0.00321351, 0.00695894, 0.00648293, 0.006074];
GivenLatency = [48.715, 67.9852, 62.8087, 64.8118, 65.5448, 99.2439, 136.377, 50.4253, 110.741, 65.3497, 62.9709, 64.1466, 57.5887, 47.2403, 81.2045, 78.9216, 137.768, 140.031, 57.5651, 101.219, 84.6246, 72.0127, 88.9892, 65.2141, 43.6826, 71.1319, 67.4293, 63.7828, 47.7518, 110.126, 68.0194, 87.8907, 135.045, 71.4647, 62.3078, 47.5802, 104.335, 117.357, 88.0233, 65.3771, 89.7456, 53.453, 53.6691, 54.9782, 65.2954, 76.7479, 90.2227, 90.0166, 44.7009, 91.4965, 117.341, 55.6927, 192.48, 42.6548, 75.5747, 110.495, 102.424, 79.4389, 61.9854, 127.145, 171.184, 46.4653, 98.1918, 61.2798];
HighestPossibleCritFunctionValue = 1.1;
