NumDevices = 128;
NumSlotes = 1024;


GivenBandwidthOld = [0.00456667, 0.00451153, 0.00899565, 0.00493823, 0.00553118, 0.00875623, 0.00596469, 0.00726131, 0.00580852, 0.00753298, 0.0092075, 0.00924669, 0.00539529, 0.00617106, 0.00705182, 0.00999387, 0.0070425, 0.00951731, 0.00989293, 0.00416796, 0.0096086, 0.00674352, 0.00962075, 0.00463375, 0.00692634, 0.00717349, 0.00482332, 0.00549582, 0.00823529, 0.00675551, 0.00491453, 0.00720601, 0.0076779, 0.00752264, 0.00428484, 0.00532923, 0.00839952, 0.00457203, 0.00703679, 0.00725933, 0.00378344, 0.00950179, 0.00539433, 0.00868017, 0.00891076, 0.00935952, 0.00797124, 0.00633459, 0.00548742, 0.00453262, 0.00724139, 0.00855695, 0.00665773, 0.00529765, 0.00879184, 0.0044355, 0.00625816, 0.00833386, 0.00712909, 0.00861115, 0.00502341, 0.00596835, 0.00625872, 0.00525275, 0.00414079, 0.00919881, 0.00685749, 0.00634919, 0.00703398, 0.00381627, 0.00509882, 0.00468642, 0.00473226, 0.00640878, 0.0086487, 0.00502972, 0.00573562, 0.00726179, 0.00773306, 0.00960847, 0.00452147, 0.00732636, 0.00536518, 0.00630419, 0.0070654, 0.00695483, 0.00489719, 0.00956346, 0.00426909, 0.00932588, 0.00502555, 0.00438082, 0.00588028, 0.00736444, 0.00781864, 0.00408276, 0.00892784, 0.00887738, 0.00461704, 0.00726892, 0.00865578, 0.0052443, 0.00591795, 0.00929422, 0.00421368, 0.00926137, 0.00827776, 0.00813304, 0.00701522, 0.0073343, 0.00765466, 0.00434305, 0.00872175, 0.00772644, 0.00448693, 0.00815697, 0.00913246, 0.00425943, 0.00951544, 0.00977469, 0.00449675, 0.00430964, 0.00966508, 0.00604381, 0.00585946, 0.00747246, 0.00465957, 0.00959192];
GivenLatency = [837.41, 941.253, 428.95, 905.532, 883.554, 440.815, 583.235, 574.99, 678.673, 473.234, 463.95, 377.117, 639.967, 705.505, 504, 354.696, 611.639, 455.906, 363.132, 1016.7, 370.955, 739.659, 419.166, 740.212, 558.869, 522.88, 934.58, 743.297, 415.28, 497.805, 902.488, 513.408, 436.681, 559.96, 1130.17, 717.508, 589.564, 890.706, 637.188, 617.292, 1201.18, 428.725, 673.828, 458.316, 543.048, 405.717, 573.254, 642.54, 732.354, 842.506, 513.703, 391.075, 503.719, 659.063, 524.009, 922.135, 624.626, 464.648, 684.33, 557.763, 685.979, 784.712, 774.478, 808.066, 962.043, 463.982, 616.249, 714.855, 694.883, 978.528, 716.296, 716.778, 734.023, 743.79, 451.98, 894.982, 727.844, 490.239, 517.421, 437.762, 904.052, 522.721, 719.453, 631.105, 590.887, 531.761, 999.3, 383.706, 1046.79, 471.77, 772.376, 1131.66, 677.495, 501.385, 498.715, 833.571, 392.333, 515.38, 777.748, 539.911, 547.917, 953.076, 563.477, 448.756, 975.828, 383.149, 416.294, 459.066, 578.188, 624.148, 646.927, 826.801, 531.661, 561.965, 1076.6, 489.353, 423.912, 860.697, 406.695, 442.395, 838.161, 836.846, 362.459, 765.399, 785.932, 615.93, 715.689, 373.692];
HighestPossibleCritFunctionValue = 1.1;
