NumDevices = 16;
NumSlotes = 128;


GivenBandwidthOld = [0.0232192, 0.0105086, 0.0330311, 0.0193385, 0.0122394, 0.0234042, 0.0199259, 0.0344142, 0.0144071, 0.0305176, 0.0251048, 0.02655, 0.0151407, 0.0343054, 0.0104862, 0.0311314];
GivenLatency = [22.1091, 46.4953, 11.7202, 28.4039, 36.9359, 14.3534, 15.4024, 15.3125, 36.207, 13.6733, 15.3968, 13.8359, 30.2507, 10.4856, 55.5894, 10.6837];
HighestPossibleCritFunctionValue = 1.1;
