NumDevices = 64;
NumSlotes = 512;


GivenBandwidthOld = [0.00655378, 0.0030963, 0.00575697, 0.00487067, 0.00251772, 0.0065906, 0.00324824, 0.00322665, 0.00286986, 0.00621573, 0.00275587, 0.00292883, 0.00362257, 0.00699413, 0.00414891, 0.00319228, 0.00643353, 0.00712285, 0.00503469, 0.00298807, 0.00542132, 0.00737855, 0.00871313, 0.00788322, 0.00319759, 0.00814969, 0.00684557, 0.00720718, 0.00363473, 0.00516645, 0.00506965, 0.00308135, 0.00455121, 0.0083743, 0.00680683, 0.00616215, 0.0084307, 0.00471887, 0.00756358, 0.00605285, 0.00276839, 0.00706347, 0.00706876, 0.00840779, 0.00715333, 0.00484437, 0.0042878, 0.00631168, 0.00290699, 0.00531277, 0.00793722, 0.00451837, 0.00641158, 0.0069718, 0.00381889, 0.00651041, 0.00546396, 0.00526462, 0.00502359, 0.00402492, 0.00676303, 0.00752232, 0.00630318, 0.00386146];
GivenLatency = [86.5416, 103.99, 61.6198, 107.969, 142.68, 75.6305, 158.086, 103.497, 144.56, 78.8702, 140.669, 145.325, 117.297, 53.6702, 114.31, 103.832, 52.4616, 44.6059, 73.954, 145.088, 90.1111, 61.2616, 47.6948, 41.4679, 100.671, 61.6523, 62.5873, 86.6544, 85.1591, 119.913, 60.9609, 119.91, 115.35, 38.6664, 84.1031, 67.6041, 37.4717, 73.0256, 49.2807, 59.9973, 133.076, 53.9096, 44.8971, 55.0592, 66.7481, 74.9615, 85.062, 85.049, 185.225, 60.9255, 52.8454, 119.327, 64.8231, 76.5636, 134.546, 90.7161, 72.8826, 121.635, 71.1297, 91.3933, 81.3705, 80.4432, 51.7984, 110.86];
HighestPossibleCritFunctionValue = 1.1;
