NumDevices = 128;
NumSlotes = 1024;


GivenBandwidthOld = [0.00777655, 0.00918351, 0.00598128, 0.00480453, 0.00853698, 0.00852927, 0.00393536, 0.00652816, 0.00884993, 0.00580921, 0.00666262, 0.0061059, 0.00569774, 0.00817539, 0.00622729, 0.00832324, 0.00998537, 0.00781143, 0.00800716, 0.00389348, 0.00897689, 0.00836303, 0.00989311, 0.00726446, 0.00878448, 0.00573925, 0.00579544, 0.00649123, 0.00687841, 0.00787589, 0.00389855, 0.00661879, 0.00697957, 0.00810247, 0.00575214, 0.0098952, 0.00488343, 0.00961855, 0.00516633, 0.00808304, 0.0041869, 0.00922425, 0.00941806, 0.00433512, 0.00665708, 0.00686054, 0.00759346, 0.0071104, 0.00703161, 0.00776855, 0.00600867, 0.00898013, 0.00654611, 0.0042192, 0.00839579, 0.00433389, 0.00474258, 0.00484528, 0.00591341, 0.00788489, 0.00506692, 0.00602544, 0.00962416, 0.00579623, 0.00729415, 0.00780591, 0.00899483, 0.00982685, 0.00606038, 0.00922502, 0.00998291, 0.00404754, 0.00445662, 0.00497514, 0.00717165, 0.00514111, 0.00912363, 0.00584784, 0.00597255, 0.00813231, 0.00719539, 0.00419721, 0.00750926, 0.00435445, 0.00650477, 0.00949177, 0.00574835, 0.00875581, 0.00519081, 0.00702912, 0.00961705, 0.00498895, 0.0080907, 0.00783793, 0.00961641, 0.0067951, 0.0077512, 0.00817075, 0.00955928, 0.00905149, 0.00590599, 0.00824521, 0.00479596, 0.00818376, 0.00946664, 0.00830031, 0.00575787, 0.0062719, 0.00806697, 0.00899045, 0.00503495, 0.00614286, 0.00811155, 0.00838796, 0.00388713, 0.00852594, 0.00421204, 0.00681537, 0.00459119, 0.00416383, 0.00906696, 0.00963819, 0.00414509, 0.00659263, 0.00475359, 0.00863442, 0.00877114, 0.00660275];
GivenLatency = [541.745, 521.574, 647.917, 757.563, 487.991, 466.652, 1012.57, 586.411, 493.057, 839.587, 638.639, 706.432, 685.947, 436.079, 552.154, 411.457, 413.095, 586.26, 558.939, 1168.64, 406.402, 404.605, 481.976, 492.607, 488.912, 845.112, 718.12, 565.108, 575.981, 556.873, 921.646, 735.463, 608.838, 552.065, 674.829, 343.922, 938.066, 392.455, 730.005, 448.069, 923.54, 489.566, 412.128, 811.769, 706.749, 596.555, 451.32, 508.125, 569.702, 533.065, 681.215, 391.638, 622.2, 933.474, 491.944, 976.491, 1043.47, 1027.66, 619.486, 468.44, 940.978, 644.598, 407.605, 619.444, 581.321, 442.67, 517.691, 439.496, 708.966, 367.348, 359.265, 899.528, 1116.7, 835.391, 555.455, 863.178, 478.882, 676.975, 736.159, 607.736, 560.591, 874.576, 460.753, 986.454, 663.372, 438.674, 663.627, 402.338, 834.91, 542.398, 346.654, 958.961, 580.718, 483.365, 468.497, 649.783, 430.067, 412.501, 367.624, 407.155, 620.701, 508.562, 815.466, 524.562, 381.678, 487.589, 821.118, 612.085, 521.032, 413.527, 679.18, 656.955, 412.715, 430.75, 972.655, 558.864, 802.273, 590.343, 1035.68, 802.731, 417.635, 417.814, 1193.4, 518.361, 936.901, 443.866, 439.003, 668.559];
HighestPossibleCritFunctionValue = 1.1;
