NumDevices = 32;
NumSlotes = 256;


GivenBandwidthOld = [0.0318785, 0.0169756, 0.0194657, 0.0201802, 0.0280365, 0.0189737, 0.0255809, 0.0234912, 0.0261273, 0.0316013, 0.0323994, 0.0210958, 0.0173412, 0.0379071, 0.0398371, 0.0270938, 0.025613, 0.0373115, 0.0286316, 0.0212072, 0.0398356, 0.0272173, 0.0261765, 0.0330146, 0.0362548, 0.0189047, 0.0171139, 0.0185524, 0.0207307, 0.0304238, 0.0181504, 0.0383763];
GivenLatency = [64.0662, 115.684, 96.4939, 103.334, 59.7644, 99.0664, 72.7858, 92.0059, 86.7427, 66.0361, 66.295, 79.2228, 135.457, 44.5222, 51.7029, 66.0065, 70.6493, 66.953, 74.1848, 79.8791, 61.3954, 61.2902, 94.0973, 72.8628, 46.0011, 131.012, 116.753, 106.86, 112.67, 79.7579, 106.38, 51.4955];
HighestPossibleCritFunctionValue = 1.1;
