NumDevices = 64;
NumSlotes = 512;


GivenBandwidthOld = [0.00606608, 0.00639259, 0.0065021, 0.00333322, 0.00636525, 0.00324498, 0.00460564, 0.00443241, 0.00549409, 0.00536501, 0.00476877, 0.00868776, 0.00638165, 0.00391861, 0.00762174, 0.00864728, 0.00727936, 0.00412565, 0.00609174, 0.00634188, 0.0042663, 0.00748328, 0.00643866, 0.00587727, 0.00799781, 0.00424398, 0.00727525, 0.00385206, 0.00790566, 0.00534852, 0.0087422, 0.00258842, 0.00725173, 0.0086032, 0.00397129, 0.00549596, 0.00554977, 0.00376118, 0.00538195, 0.00823621, 0.00476706, 0.00504912, 0.00798039, 0.00514337, 0.0046265, 0.00513378, 0.00587678, 0.00611377, 0.00787654, 0.00346882, 0.00428683, 0.00250622, 0.00707917, 0.00843451, 0.00625237, 0.00600594, 0.00809279, 0.00671838, 0.00706776, 0.00412849, 0.00378456, 0.00453638, 0.00295403, 0.00832283];
GivenLatency = [82.0153, 57.7214, 79.8384, 117.383, 48.8199, 119.242, 106.489, 79.283, 99.6464, 81.2114, 71.6063, 61.247, 49.2537, 119.578, 49.6385, 45.5809, 47.3441, 90.2327, 88.0262, 56.4212, 79.6073, 57.3066, 54.7072, 92.1548, 56.2698, 148.225, 84.0804, 81.6983, 46.9518, 66.1698, 38.9957, 200.386, 54.1699, 52.3528, 135.855, 78.6482, 106.324, 113.216, 108.21, 41.2546, 93.7482, 61.9117, 52.5776, 117.994, 100.947, 77.4541, 91.1375, 60.5019, 48.1151, 94.6555, 72.3706, 125.673, 89.5034, 61.0321, 82.7967, 62.5879, 45.3271, 62.7103, 49.9974, 98.9209, 169.73, 71.9036, 140.516, 44.8066];
HighestPossibleCritFunctionValue = 1.1;
