NumDevices = 32;
NumSlotes = 256;


GivenBandwidthOld = [0.0264812, 0.0293666, 0.0245465, 0.0375468, 0.0345846, 0.0232528, 0.0195571, 0.0306224, 0.0313665, 0.0364962, 0.026724, 0.0354139, 0.0371364, 0.0360566, 0.0391034, 0.0201354, 0.0259852, 0.0181239, 0.0178507, 0.0264806, 0.0200691, 0.0359426, 0.0223142, 0.0196941, 0.0340939, 0.0265177, 0.0177945, 0.0320545, 0.0243485, 0.034931, 0.0195334, 0.0334718];
GivenLatency = [85.8248, 79.8594, 73.7497, 50.9064, 52.0539, 93.3315, 87.2294, 55.7937, 68.6596, 53.9362, 71.7764, 60.0295, 54.8151, 46.4839, 49.1314, 88.7242, 65.8107, 119.662, 127.127, 81.6918, 94.7944, 60.5948, 81.7531, 105.12, 49.6827, 91.4848, 99.6066, 55.8406, 82.1655, 51.1282, 113.645, 54.5118];
HighestPossibleCritFunctionValue = 1.1;
