NumDevices = 64;
NumSlotes = 512;


GivenBandwidthOld = [0.0169381, 0.0142676, 0.010144, 0.0145955, 0.0113578, 0.0148235, 0.014069, 0.0126346, 0.0143379, 0.0119988, 0.00916805, 0.0123629, 0.0085362, 0.0129642, 0.0148489, 0.010783, 0.0148424, 0.0110778, 0.00968163, 0.0141466, 0.0164954, 0.0133282, 0.0123762, 0.0110658, 0.00767122, 0.0152125, 0.0121655, 0.0108616, 0.0155, 0.0138383, 0.0150894, 0.0117844, 0.0161933, 0.0158311, 0.00779187, 0.0129565, 0.0147485, 0.0134078, 0.0106657, 0.0139938, 0.00875327, 0.0111461, 0.00784491, 0.0143257, 0.0172612, 0.013261, 0.0122464, 0.0102581, 0.0126889, 0.0169138, 0.0145637, 0.0174264, 0.010687, 0.0122177, 0.0174695, 0.0145904, 0.0164932, 0.0166562, 0.0157623, 0.0112076, 0.0107481, 0.0077682, 0.0151061, 0.0139034];
GivenLatency = [69.6301, 69.0475, 97.3536, 64.7584, 81.3759, 73.3054, 73.0801, 97.9317, 83.8709, 99.5519, 127.836, 83.0999, 110.786, 70.8659, 62.1609, 86.7439, 74.5019, 106.594, 110.21, 79.7763, 59.8321, 89.6593, 77.0365, 83.0343, 152.469, 61.9117, 85.1872, 88.0091, 75.3344, 76.9938, 68.3605, 77.5022, 63.327, 78.482, 150.65, 77.4211, 78.403, 74.7692, 105.899, 69.1078, 112.423, 89.0472, 144.051, 71.9061, 64.3964, 89.0047, 99.1232, 94.0997, 80.933, 62.0119, 81.5929, 65.4285, 92.0753, 77.4333, 67.395, 75.444, 64.9401, 69.1286, 74.4392, 90.2356, 98.8516, 117.736, 61.0867, 75.7828];
HighestPossibleCritFunctionValue = 1.1;
