NumDevices = 128;
NumSlotes = 1024;


GivenBandwidthOld = [0.00470238, 0.00422447, 0.00936238, 0.00602495, 0.00756535, 0.00952556, 0.00487638, 0.00975992, 0.00623702, 0.00942518, 0.0051876, 0.00924127, 0.00794926, 0.00567639, 0.00562294, 0.00733009, 0.00550548, 0.00812604, 0.00816292, 0.00919822, 0.00942363, 0.00415103, 0.00636612, 0.00405351, 0.00488376, 0.0088967, 0.00438299, 0.00490237, 0.00920758, 0.00436239, 0.00873932, 0.00929979, 0.00399984, 0.0091268, 0.00917051, 0.00630284, 0.00928602, 0.00389078, 0.00726894, 0.00910604, 0.00402767, 0.00808665, 0.00850962, 0.0049788, 0.00625705, 0.00856334, 0.00781878, 0.00653657, 0.00638497, 0.00850855, 0.00576621, 0.00894682, 0.00920317, 0.00520163, 0.00747121, 0.00869546, 0.00964571, 0.0053971, 0.00529217, 0.00423671, 0.00895225, 0.00672757, 0.0039684, 0.00564838, 0.0098437, 0.00801469, 0.00536722, 0.0093064, 0.00883943, 0.00434249, 0.00543268, 0.00953758, 0.00688504, 0.0069268, 0.00869473, 0.00984217, 0.00727303, 0.00900035, 0.0088137, 0.00930709, 0.00795171, 0.00939142, 0.00663442, 0.0071877, 0.00611396, 0.00988252, 0.00430598, 0.00438001, 0.00482398, 0.00415104, 0.0064774, 0.00560644, 0.00489694, 0.00532827, 0.00466715, 0.0057283, 0.00937322, 0.00697009, 0.00498509, 0.0057144, 0.00692001, 0.00707834, 0.00570903, 0.00412503, 0.00694364, 0.0043154, 0.00642425, 0.00606463, 0.00571896, 0.00849971, 0.00713832, 0.00752831, 0.00576869, 0.00695725, 0.00800426, 0.00505513, 0.00776076, 0.0064188, 0.00825707, 0.00400058, 0.00907748, 0.005205, 0.00797472, 0.00858152, 0.00706, 0.0099775, 0.00687181, 0.00944831];
GivenLatency = [870.689, 902.847, 521.431, 636.989, 651.975, 408.982, 832.431, 455.497, 576.055, 378.449, 718.101, 391.788, 552.417, 750.274, 651.918, 571.336, 628.174, 465.447, 464.521, 528.473, 500.382, 896.73, 616.661, 1054.44, 695.883, 404.154, 845.092, 703.933, 409.743, 923.763, 440.089, 517.92, 1090.72, 503.548, 434.817, 704.771, 518.973, 1206.96, 470.007, 486.915, 841.023, 450.022, 452.359, 886.278, 612.335, 501.991, 475.436, 592.596, 703.646, 567.155, 751.142, 530.65, 382.419, 802.595, 597.433, 395.674, 427.496, 910.464, 857, 952.972, 438.193, 659.006, 1233.74, 774.781, 345.802, 463.5, 842.132, 442.845, 388.035, 816.844, 629.993, 395.966, 587.281, 492.273, 536.997, 379.518, 593.818, 454.679, 526.369, 387.656, 560.823, 514.378, 551.917, 670.217, 602.297, 468.226, 835.138, 788.157, 730.677, 969.996, 740.274, 650.483, 717.478, 847.438, 790.051, 589.69, 448.445, 561.166, 798.909, 644.849, 674.732, 493.88, 873.654, 863.853, 624.124, 1065.78, 528.359, 749.641, 674.57, 406.762, 641.029, 503.755, 760.486, 510.111, 518.356, 974.84, 511.564, 585.778, 469.6, 922.859, 535.096, 805.077, 602.759, 417.841, 669.752, 412.524, 527.556, 380.168];
HighestPossibleCritFunctionValue = 1.1;
