NumDevices = 32;
NumSlotes = 256;


GivenBandwidthOld = [0.0327341, 0.0312326, 0.0160748, 0.0183698, 0.0315635, 0.0171006, 0.0205812, 0.0176886, 0.0224738, 0.0278477, 0.0256381, 0.0298206, 0.024532, 0.0188757, 0.033562, 0.0273422, 0.0301069, 0.0171457, 0.0170203, 0.0295417, 0.0165499, 0.0247614, 0.0349842, 0.0288523, 0.029946, 0.0323866, 0.0309427, 0.0246303, 0.0306718, 0.0303769, 0.0348512, 0.0346031];
GivenLatency = [30.5092, 36.7143, 64.706, 59.489, 35.6999, 52.7553, 48.07, 53.6663, 42.4522, 41.9564, 40.2696, 34.7888, 35.9144, 59.5848, 27.1565, 34.6226, 29.6473, 54.7838, 49.9432, 38.8396, 55.1789, 34.5281, 32.3784, 39.3398, 29.4987, 34.9248, 31.7138, 38.7919, 28.6074, 33.5444, 25.4395, 32.4904];
HighestPossibleCritFunctionValue = 1.1;
