NumDevices = 64;
NumSlotes = 512;


GivenBandwidthOld = [0.00478844, 0.00800765, 0.00704458, 0.00818229, 0.00469455, 0.00499232, 0.00343051, 0.00411115, 0.0060454, 0.00870799, 0.00275407, 0.00385097, 0.00818396, 0.00775516, 0.00725582, 0.00853018, 0.00792758, 0.00511862, 0.00735616, 0.00747701, 0.00741392, 0.00327184, 0.00607244, 0.00695756, 0.00824424, 0.008386, 0.00349763, 0.00711831, 0.00373957, 0.00472091, 0.00430057, 0.00840031, 0.0064482, 0.00359777, 0.00272657, 0.00417182, 0.00706128, 0.00772026, 0.00811676, 0.00339511, 0.00286074, 0.00294225, 0.00422265, 0.0050927, 0.00300957, 0.00438443, 0.00544105, 0.00775524, 0.00858801, 0.00497805, 0.00737102, 0.00722076, 0.00682935, 0.00343601, 0.00278969, 0.00252536, 0.00380752, 0.00296394, 0.00623849, 0.00404158, 0.00563014, 0.00443975, 0.00391226, 0.00712569];
GivenLatency = [129.659, 48.6474, 44.825, 46.9919, 106.854, 82.5014, 121.219, 121.354, 83.8944, 70.7818, 131.245, 104.653, 77.7894, 60.8484, 51.466, 41.2682, 57.801, 79.6538, 74.7273, 44.6617, 49.693, 119.795, 64.5035, 80.1886, 67.5493, 42.0789, 94.9586, 50.8135, 97.5551, 71.0973, 139.822, 57.6394, 65.7339, 124.75, 150.582, 91.8788, 50.5014, 47.1012, 41.3095, 138.409, 119.863, 108.184, 96.5734, 81.1238, 105.402, 117.624, 95.1996, 68.4131, 38.6289, 104.941, 46.1457, 52.4513, 60.2568, 129.933, 155.689, 144.481, 84.6721, 105.996, 54.6126, 78.7147, 76.8153, 79.6434, 103.455, 64.8281];
HighestPossibleCritFunctionValue = 1.1;
