NumDevices = 128;
NumSlotes = 1024;


GivenBandwidthOld = [0.0054955, 0.00920513, 0.00689252, 0.00758884, 0.00441138, 0.00710159, 0.00897059, 0.00879645, 0.00701219, 0.00633812, 0.00857612, 0.00381643, 0.00776121, 0.00762562, 0.00999528, 0.00558397, 0.00857349, 0.00958942, 0.00943197, 0.00680976, 0.00413352, 0.00585618, 0.00848757, 0.00928708, 0.00919533, 0.00458797, 0.00621124, 0.00727873, 0.0048336, 0.00959206, 0.00383443, 0.00405179, 0.0071762, 0.00658057, 0.00844087, 0.00566426, 0.00792916, 0.00537298, 0.00615933, 0.00984737, 0.00729825, 0.00791182, 0.0077338, 0.00947619, 0.0062554, 0.00583182, 0.00546928, 0.0058907, 0.00755659, 0.00604766, 0.00810183, 0.00744999, 0.00815156, 0.00577761, 0.00674021, 0.00400608, 0.00764009, 0.00953148, 0.00442041, 0.00878631, 0.00533282, 0.00625218, 0.0078984, 0.00719863, 0.00856915, 0.00544638, 0.0085692, 0.00635003, 0.00875107, 0.00667955, 0.00939192, 0.0088167, 0.00971698, 0.0094557, 0.00563435, 0.00521695, 0.00886284, 0.00407558, 0.0069757, 0.00566185, 0.00500802, 0.00972589, 0.00926659, 0.00856165, 0.00436841, 0.00994122, 0.00964026, 0.00766555, 0.00613456, 0.00613117, 0.00540834, 0.00667577, 0.00842232, 0.00642197, 0.0052905, 0.00749771, 0.00400951, 0.0091666, 0.00930067, 0.00639538, 0.00842209, 0.00874998, 0.00716642, 0.00478062, 0.00671215, 0.00743475, 0.00837842, 0.00616208, 0.00609085, 0.00883861, 0.00918894, 0.00980204, 0.0079327, 0.00867568, 0.00842954, 0.00895022, 0.00383146, 0.00410351, 0.00768538, 0.00813406, 0.00536643, 0.00851673, 0.00570405, 0.00803007, 0.00759304, 0.0062205, 0.00675171, 0.00972818];
GivenLatency = [893.646, 370.232, 508.929, 609.882, 879.971, 483.19, 401.631, 390.526, 643.548, 530.539, 407.984, 941.503, 473.447, 561.277, 345.752, 895.389, 543.737, 470.893, 365.1, 635.334, 833.109, 696.619, 485.431, 439.715, 416.317, 885.858, 560.292, 561.837, 877.916, 419.108, 1111.63, 1151.58, 543.394, 639.704, 531.793, 818.984, 549.451, 737.693, 707.291, 379.399, 526.811, 479.134, 637.926, 428.834, 575.478, 814.905, 757.741, 670.832, 566.824, 577.098, 538.261, 597.297, 441.703, 637.956, 566.891, 1105.36, 437.956, 373.334, 904.221, 411.516, 835.901, 733.576, 437.024, 515.852, 554.592, 762.606, 526.512, 691.106, 467.979, 588.45, 413.657, 400.21, 372.342, 445.312, 682.152, 739.884, 530.59, 1077.86, 625.663, 600.168, 794.302, 470.217, 437.634, 422.426, 1132.26, 366.661, 350.446, 516.307, 586.84, 804.777, 902.212, 645.734, 502.271, 728.24, 761.463, 660.703, 908.943, 523.056, 396.099, 576.07, 512.768, 393.509, 645.342, 992.597, 556.224, 605.712, 502.538, 775.968, 657.237, 424.017, 366.906, 410.718, 520.458, 498.5, 440.135, 487.056, 964.586, 1075.62, 633.927, 517.716, 654.783, 416.818, 674.607, 535.35, 627.916, 759.881, 587.667, 350.14];
HighestPossibleCritFunctionValue = 1.1;
