NumDevices = 16;
NumSlotes = 128;


GivenBandwidthOld = [0.0273735, 0.0320557, 0.0258983, 0.0129152, 0.031232, 0.0320235, 0.0342601, 0.0252303, 0.0109298, 0.0126073, 0.0302948, 0.03014, 0.0274083, 0.0159483, 0.032813, 0.0274618];
GivenLatency = [20.8726, 16.3962, 19.8807, 28.2071, 11.0195, 14.5138, 11.3468, 13.6692, 28.0939, 35.3321, 20.3211, 12.8587, 15.7706, 18.9365, 17.5478, 11.489];
HighestPossibleCritFunctionValue = 1.1;
