NumDevices = 128;
NumSlotes = 1024;


GivenBandwidthOld = [0.00183576, 0.00238784, 0.00310792, 0.00228699, 0.00186456, 0.00210572, 0.00214317, 0.00340398, 0.00313988, 0.00197095, 0.00269474, 0.00179268, 0.00336981, 0.0039254, 0.00427406, 0.00170328, 0.00397528, 0.00195977, 0.00228261, 0.00327109, 0.00402198, 0.00236837, 0.004018, 0.0042104, 0.00358738, 0.00125322, 0.00229363, 0.00395702, 0.00125524, 0.0018498, 0.0039654, 0.00153209, 0.00163019, 0.00361841, 0.00396592, 0.00389476, 0.00173049, 0.00178782, 0.00285328, 0.00384056, 0.00322257, 0.00416782, 0.00350967, 0.00143217, 0.0035454, 0.00184466, 0.00187037, 0.0028279, 0.00219765, 0.00345335, 0.00163001, 0.00362665, 0.00193601, 0.00289526, 0.00317357, 0.00264511, 0.00196932, 0.00328521, 0.00383488, 0.0016154, 0.00187252, 0.00152358, 0.00246792, 0.00215763, 0.0027095, 0.00302501, 0.00259191, 0.0016005, 0.00154857, 0.00376144, 0.00160045, 0.00369951, 0.00140054, 0.0031843, 0.00164075, 0.00289815, 0.00166082, 0.00274722, 0.00244478, 0.00372971, 0.00270357, 0.0032659, 0.00436768, 0.00315095, 0.00356763, 0.00369099, 0.00199595, 0.00398476, 0.00182955, 0.00419869, 0.00359165, 0.0042861, 0.00389614, 0.00305179, 0.00274148, 0.0029938, 0.00307547, 0.00372366, 0.00414845, 0.00305551, 0.00273052, 0.00306184, 0.00286387, 0.00361996, 0.00190813, 0.00307256, 0.00179332, 0.00160737, 0.00132124, 0.00164972, 0.00365975, 0.00189093, 0.00155519, 0.00242293, 0.00219456, 0.00146057, 0.00285837, 0.00183232, 0.00386429, 0.00217135, 0.00196653, 0.0032783, 0.00334946, 0.00245912, 0.00416977, 0.00195467, 0.00407702, 0.00252035];
GivenLatency = [276.346, 140.174, 157.528, 167.417, 278.806, 152.323, 194.266, 152.107, 152.105, 178.449, 144.314, 202.518, 118.711, 81.1263, 98.7558, 303.59, 118.659, 261.66, 156.409, 98.1884, 100.956, 136.686, 161.59, 143.332, 181.955, 497.948, 138.258, 121.961, 420.339, 254.713, 120.113, 225.986, 332.614, 91.5276, 81.5863, 125.943, 209.03, 213.564, 159.749, 90.917, 107.719, 118.335, 95.101, 275.372, 114.847, 330.536, 254.222, 167.542, 161.213, 93.7304, 200.156, 143.185, 164.305, 123, 98.984, 154.098, 238.035, 177.264, 100.225, 304.861, 179.842, 217.676, 143.385, 145.549, 123.932, 161.685, 124.973, 271.346, 311.974, 131.667, 257.745, 95.1643, 273.36, 147.668, 315.62, 177.006, 277.782, 165.747, 199.025, 144.544, 145.776, 135.842, 100.036, 150.56, 130.924, 93.2147, 163.64, 126.35, 182.886, 90.5057, 172.185, 103.595, 102.025, 191.477, 120.33, 186.073, 150.19, 152.585, 123.075, 113.03, 139.305, 144.273, 119.774, 92.8386, 208.234, 127.463, 360.749, 264.567, 287.059, 199.607, 144.18, 310.614, 301.291, 191.566, 209.325, 320.596, 148.672, 310.23, 168.587, 145.423, 289.282, 142.694, 130.491, 156.343, 94.3126, 199.58, 83.3381, 167.956];
HighestPossibleCritFunctionValue = 1.1;
