NumDevices = 16;
NumSlotes = 128;


GivenBandwidthOld = [0.0506134, 0.0787141, 0.0670653, 0.0368092, 0.0723355, 0.0634389, 0.0373076, 0.0492742, 0.0719023, 0.0327084, 0.0506782, 0.068932, 0.0598763, 0.0615542, 0.0609026, 0.0592707];
GivenLatency = [38.2386, 22.5773, 28.5974, 36.315, 27.1338, 29.076, 37.7111, 39.4657, 18.9683, 52.213, 36.5108, 23.3174, 28.7358, 25.0285, 28.3856, 32.0874];
HighestPossibleCritFunctionValue = 1.1;
