NumDevices = 16;
NumSlotes = 128;


GivenBandwidthOld = [0.0255732, 0.0235783, 0.0197399, 0.0329501, 0.0322793, 0.0326066, 0.034508, 0.0162104, 0.0130389, 0.0345242, 0.0133765, 0.0336789, 0.0312963, 0.0125054, 0.0190627, 0.0269545];
GivenLatency = [12.4907, 16.4091, 26.9301, 11.2924, 16.9858, 13.2267, 16.7596, 35.8201, 34.0064, 10.991, 22.7679, 13.7788, 16.4968, 36.7882, 24.8504, 13.1169];
HighestPossibleCritFunctionValue = 1.1;
