NumDevices = 128;
NumSlotes = 1024;


GivenBandwidthOld = [0.00486092, 0.00615548, 0.00769154, 0.00538539, 0.00858117, 0.00749863, 0.00698714, 0.00408488, 0.00702598, 0.00686253, 0.00972997, 0.00916084, 0.00627556, 0.00711632, 0.00651675, 0.00447309, 0.00667442, 0.00446489, 0.00643345, 0.00450869, 0.00500495, 0.00814689, 0.00848339, 0.00780119, 0.00455586, 0.00408019, 0.0095317, 0.00798879, 0.00761871, 0.00635694, 0.00616327, 0.00729051, 0.00902114, 0.00826788, 0.00457113, 0.00451984, 0.00498411, 0.00787641, 0.00632804, 0.00784795, 0.00925442, 0.00396534, 0.00419822, 0.00575133, 0.00890684, 0.00608246, 0.00537601, 0.00709647, 0.00413772, 0.00772722, 0.00518043, 0.00752177, 0.00844448, 0.00393557, 0.00395509, 0.00694702, 0.00488464, 0.00497772, 0.00681363, 0.00671047, 0.00407414, 0.00785708, 0.00651591, 0.00914154, 0.00688121, 0.00506147, 0.00805015, 0.00763657, 0.00655744, 0.00716519, 0.00913447, 0.00673859, 0.00795467, 0.00911416, 0.00912061, 0.00503333, 0.00396492, 0.00959423, 0.00890104, 0.00845589, 0.00810771, 0.00630461, 0.00784304, 0.00798959, 0.00847372, 0.00783285, 0.00553013, 0.00985875, 0.00469465, 0.00546042, 0.0070923, 0.00900851, 0.00861223, 0.0045177, 0.00656684, 0.00893795, 0.00390809, 0.00449689, 0.00680053, 0.00528249, 0.0041052, 0.00486364, 0.00813515, 0.0050261, 0.00742311, 0.00651825, 0.00478601, 0.00973683, 0.00570353, 0.00553826, 0.00899424, 0.00618828, 0.00888717, 0.00662296, 0.00840779, 0.00597286, 0.00714319, 0.00814658, 0.00959479, 0.00587794, 0.00549144, 0.00961982, 0.00788279, 0.00736103, 0.00679982, 0.00575547, 0.00962561, 0.00505235];
GivenLatency = [942.325, 542.582, 507.895, 823.879, 395.598, 513.8, 506.192, 831.028, 618.885, 686.15, 440.127, 441.366, 601.131, 651.002, 560.862, 855.404, 505.088, 1045.84, 583.38, 1041.7, 732.619, 471.878, 417.868, 564.836, 951.275, 966.997, 412.5, 613.814, 506.303, 749.409, 645.511, 458.748, 429.559, 452.546, 927.474, 783.319, 678.109, 553.653, 740.49, 492.511, 377.379, 1156.34, 1092.9, 645.9, 443.806, 813.632, 845.49, 650.96, 941.212, 645.449, 947.067, 523.581, 525.745, 975.507, 988.552, 525.604, 957.379, 772.2, 732.073, 633.185, 983.283, 572.815, 625.539, 441.064, 725.857, 916.081, 466.651, 463.94, 619.771, 526.628, 385.667, 639.447, 473.681, 386.796, 530.163, 918.622, 1027.39, 452.215, 402.679, 562.628, 552.205, 579.164, 440.967, 427.66, 409.929, 482.018, 892.51, 342.126, 719.49, 630.63, 502.845, 379.85, 515.164, 838.795, 648.259, 410.248, 895.716, 845.169, 580.039, 648.225, 1020.41, 695.571, 457.821, 907.703, 511.831, 704.275, 857.253, 410.631, 596.506, 718.274, 550.643, 626.488, 394.502, 538.167, 527.127, 774.649, 510.899, 492.706, 444.655, 807.81, 841.363, 421.638, 498.527, 601.946, 492.478, 625.672, 382.145, 841.201];
HighestPossibleCritFunctionValue = 1.1;
