NumDevices = 128;
NumSlotes = 1024;


GivenBandwidthOld = [0.00620098, 0.00984479, 0.00755956, 0.00602867, 0.00758503, 0.00902125, 0.00395687, 0.00555814, 0.00573842, 0.00430429, 0.00720948, 0.00971645, 0.00690162, 0.00423802, 0.00589988, 0.00561319, 0.00589103, 0.00681302, 0.00899696, 0.00811639, 0.00846655, 0.00611062, 0.00998713, 0.00615607, 0.00499925, 0.00610883, 0.00483575, 0.00814458, 0.00716029, 0.00802621, 0.00532484, 0.00966828, 0.00976215, 0.00624705, 0.00919774, 0.00773568, 0.0098773, 0.00394555, 0.00904065, 0.00488342, 0.00942347, 0.00783696, 0.00587039, 0.00983236, 0.00500085, 0.00811034, 0.00674806, 0.00470402, 0.00664762, 0.00412303, 0.00457112, 0.00432854, 0.0084573, 0.00679882, 0.00769888, 0.00376879, 0.0070708, 0.0040185, 0.0039488, 0.00744981, 0.00525737, 0.00685355, 0.00889206, 0.00768729, 0.0090657, 0.00717438, 0.00732133, 0.00836402, 0.00777194, 0.00681926, 0.00758015, 0.00827424, 0.00508416, 0.00817991, 0.00720656, 0.00446854, 0.00520884, 0.00989029, 0.00978427, 0.00930726, 0.00465362, 0.00965666, 0.00832182, 0.0048012, 0.00884673, 0.00831363, 0.0046091, 0.00517959, 0.00594585, 0.00944406, 0.00387347, 0.00397657, 0.00550136, 0.00756405, 0.00655934, 0.00789873, 0.00639216, 0.00428347, 0.00728317, 0.00443534, 0.00969242, 0.00932613, 0.0092243, 0.00400993, 0.00994057, 0.00492709, 0.00578192, 0.00419923, 0.00402638, 0.00506217, 0.00739756, 0.00832393, 0.00897658, 0.00938521, 0.00843908, 0.00679937, 0.00446261, 0.00554384, 0.00903295, 0.00686372, 0.00471916, 0.00485921, 0.00866138, 0.00556858, 0.00607844, 0.0065254, 0.00619661, 0.00510953];
GivenLatency = [547.87, 466.505, 534.419, 600.515, 588.848, 419.11, 1058.99, 685.15, 816.484, 905.722, 538.682, 381.461, 634.929, 1027.83, 581.375, 746.11, 612.883, 683.03, 379.871, 472.797, 422.181, 712.863, 451.224, 637.034, 879.278, 577.185, 714.194, 539.839, 480.119, 422.381, 762.559, 434.554, 424.944, 587.305, 519.736, 600.779, 493.157, 900.149, 424.776, 846.648, 474.54, 553.863, 697.477, 467.373, 746.645, 520.765, 669.763, 738.96, 607.516, 948.785, 1058.09, 987.043, 573.524, 647.185, 442.92, 1010.13, 667.642, 1101.31, 909.078, 608.824, 752.349, 575.859, 522.185, 578.167, 372.175, 477.762, 521.829, 422.031, 501.455, 497.502, 589.226, 452.257, 768.928, 440.036, 641.918, 914.524, 854.836, 383.509, 429.118, 369.359, 728.748, 351.509, 422.601, 828.674, 529.25, 588.932, 741.36, 823.164, 761.398, 377.46, 983.932, 989.287, 668.135, 593.772, 755.025, 484.906, 544.137, 831.078, 669.617, 1015.9, 418.367, 391.827, 467.429, 838.017, 499.348, 956.574, 853.909, 1020.02, 1027.36, 717.513, 528.961, 483.251, 547.725, 422.121, 432.2, 528.954, 771.572, 632.493, 389.144, 608.623, 708.477, 695.85, 564.333, 619.934, 630.552, 549.71, 700.9, 864.562];
HighestPossibleCritFunctionValue = 1.1;
