NumDevices = 32;
NumSlotes = 256;


GivenBandwidthOld = [0.0254384, 0.03378, 0.030415, 0.0347909, 0.0207107, 0.034699, 0.0166368, 0.0240002, 0.0207824, 0.0199198, 0.0225373, 0.0349189, 0.0328099, 0.026713, 0.0161608, 0.0249475, 0.0234203, 0.0152143, 0.0165081, 0.0213503, 0.025307, 0.023973, 0.0245201, 0.0194236, 0.0230156, 0.0328361, 0.0257819, 0.0265518, 0.0253612, 0.0153744, 0.0272091, 0.0339913];
GivenLatency = [40.631, 29.3126, 34.3761, 32.9289, 40.9272, 33.7822, 61.2229, 41.8208, 43.594, 43.4558, 37.1799, 28.0123, 32.6533, 32.2362, 70.4225, 37.1358, 41.9982, 75.2656, 54.4013, 42.2299, 37.9491, 43.6255, 40.5638, 52.5384, 36.7273, 32.6837, 37.2532, 31.9614, 42.1745, 63.3972, 32.1224, 30.7265];
HighestPossibleCritFunctionValue = 1.1;
