NumDevices = 32;
NumSlotes = 256;


GivenBandwidthOld = [0.0119649, 0.0147074, 0.00777382, 0.0121488, 0.0170284, 0.0158334, 0.00649622, 0.0144744, 0.0158078, 0.0139506, 0.0132744, 0.00982728, 0.0121398, 0.0159425, 0.0150062, 0.0160427, 0.0123064, 0.0158005, 0.0170723, 0.0173956, 0.0131559, 0.00683163, 0.0141269, 0.0128633, 0.0133194, 0.0173151, 0.0107141, 0.0174098, 0.0133308, 0.00886241, 0.00796382, 0.00542835];
GivenLatency = [31.12, 31.4668, 51.8152, 40.6168, 34.7506, 27.3809, 54.7959, 39.5905, 31.0815, 33.8105, 23.6867, 37.1655, 36.8691, 33.6469, 22.7036, 22.4952, 47.2192, 38.5012, 35.5166, 21.1273, 23.7459, 66.3347, 23.4594, 36.8119, 37.4657, 20.357, 47.9737, 27.5688, 40.9812, 40.5108, 56.5575, 57.1726];
HighestPossibleCritFunctionValue = 1.1;
