NumDevices = 64;
NumSlotes = 512;


GivenBandwidthOld = [0.0179021, 0.0110167, 0.0123828, 0.0101123, 0.0118986, 0.00901891, 0.0108217, 0.00949596, 0.0160996, 0.01667, 0.0145991, 0.00900485, 0.0120599, 0.00825705, 0.0187487, 0.0141193, 0.0088532, 0.0132469, 0.00830202, 0.0120849, 0.0157877, 0.0117623, 0.0191944, 0.0172559, 0.0116431, 0.0147373, 0.00812689, 0.0186747, 0.00781342, 0.0125841, 0.0185269, 0.0121198, 0.01556, 0.00912655, 0.0199543, 0.0145945, 0.0189759, 0.0197883, 0.0124847, 0.0107106, 0.0177696, 0.00928354, 0.00839811, 0.0145586, 0.0169766, 0.0186239, 0.0172449, 0.0156856, 0.0081666, 0.0109947, 0.0170979, 0.0192992, 0.0164823, 0.0111185, 0.0117208, 0.00846679, 0.0188711, 0.00922475, 0.00788033, 0.012233, 0.0171062, 0.00913899, 0.0165849, 0.00950432];
GivenLatency = [127.248, 264.557, 180.198, 239.962, 255.638, 283.685, 261.348, 287.995, 141.996, 173.327, 221.469, 293.243, 263.552, 330.591, 165.504, 199.058, 354.859, 242.617, 273.114, 222.611, 171.858, 270.717, 129.376, 185.711, 249.016, 225.656, 344.105, 132.391, 329.878, 206.843, 158.018, 201.248, 147.305, 284.525, 159.928, 172.612, 139.563, 133.988, 206.832, 278.295, 139.909, 264.264, 293.06, 215.051, 134.384, 157.521, 149.747, 211.159, 283.771, 270.315, 151.892, 115.815, 146.326, 215.683, 221.61, 337.133, 137.792, 353.337, 422.575, 233.454, 171.544, 249.503, 138.363, 270.427];
HighestPossibleCritFunctionValue = 1.1;
