NumDevices = 64;
NumSlotes = 512;


GivenBandwidthOld = [0.00646553, 0.00746259, 0.00874835, 0.00594223, 0.00597917, 0.00817478, 0.00344939, 0.00263834, 0.00260205, 0.00511219, 0.0055103, 0.00293163, 0.00685509, 0.00481225, 0.00818111, 0.0036658, 0.00851624, 0.00488279, 0.00636431, 0.0062628, 0.0064208, 0.005644, 0.0061814, 0.00705273, 0.00771037, 0.00445247, 0.00522104, 0.00374842, 0.00344697, 0.00569621, 0.00870904, 0.00788517, 0.00471376, 0.0029362, 0.00867267, 0.00279887, 0.00692965, 0.0079069, 0.00757407, 0.00731242, 0.0036075, 0.00370343, 0.00348578, 0.00797356, 0.00285993, 0.00811326, 0.00704967, 0.00624603, 0.00569787, 0.00532855, 0.0044103, 0.00262596, 0.00708972, 0.00448591, 0.00473741, 0.00663188, 0.00319205, 0.00259284, 0.00659754, 0.00741789, 0.00741895, 0.00655915, 0.00589484, 0.00340578];
GivenLatency = [54.5655, 77.1049, 42.2086, 55.4563, 87.5017, 53.2862, 94.7648, 137.937, 226.266, 124.162, 76.2739, 128.219, 73.153, 72.2847, 57.9351, 110.818, 47.2565, 74.5067, 74.4012, 54.0549, 63.5306, 85.9279, 79.4417, 51.4542, 61.0297, 78.3204, 73.2914, 142.867, 182.741, 101.575, 37.8852, 40.4674, 66.1741, 145.079, 46.3026, 143.921, 73.4049, 45.0194, 49.8074, 44.2094, 96.5193, 113.782, 100.678, 72.2395, 130.521, 68.1089, 79.8606, 68.3491, 108.776, 105.537, 130.303, 170.263, 83.6265, 71.544, 86.3234, 86.2892, 194.759, 143.816, 49.808, 54.862, 66.5503, 54.3282, 59.7013, 91.1041];
HighestPossibleCritFunctionValue = 1.1;
