NumDevices = 128;
NumSlotes = 1024;


GivenBandwidthOld = [0.00406258, 0.00727599, 0.00877498, 0.00855984, 0.00526052, 0.00972635, 0.00451587, 0.00695258, 0.00447819, 0.00486935, 0.00412039, 0.00385389, 0.00611131, 0.00903058, 0.00449458, 0.00534669, 0.00800435, 0.00654277, 0.00437796, 0.00782295, 0.00779745, 0.00431303, 0.00411332, 0.00375446, 0.00992868, 0.00509146, 0.00590403, 0.00653177, 0.00693508, 0.00413001, 0.00927506, 0.00719121, 0.00887743, 0.00544913, 0.00470213, 0.00616913, 0.00585301, 0.00531468, 0.00751121, 0.00593847, 0.00405948, 0.00522251, 0.00851337, 0.00547672, 0.00603371, 0.00485155, 0.00500663, 0.00519596, 0.00603887, 0.00400051, 0.0078685, 0.00465518, 0.00459257, 0.00860239, 0.007841, 0.00500719, 0.00840472, 0.00432117, 0.00970278, 0.00845169, 0.00631913, 0.00819119, 0.00929943, 0.00426619, 0.00441088, 0.00487143, 0.00784448, 0.00709466, 0.00489487, 0.00805761, 0.00808676, 0.00421059, 0.00738305, 0.00824628, 0.00394154, 0.00420168, 0.00770624, 0.00872571, 0.00550376, 0.00412338, 0.00411029, 0.00908043, 0.00471413, 0.0078014, 0.00812439, 0.00537892, 0.00597342, 0.00399957, 0.0045002, 0.00603494, 0.00674409, 0.00664397, 0.00520858, 0.00567745, 0.00463714, 0.00765739, 0.00652073, 0.00896236, 0.00782881, 0.00627235, 0.00945545, 0.00779957, 0.00860688, 0.00830506, 0.00435547, 0.00493532, 0.00663853, 0.0074967, 0.00575854, 0.00498997, 0.00647193, 0.00754662, 0.00730123, 0.00805199, 0.00736676, 0.00942069, 0.00485777, 0.00951605, 0.00754993, 0.0067088, 0.00728715, 0.00892328, 0.00739981, 0.00862519, 0.00984909, 0.00489634, 0.00784314, 0.00964648];
GivenLatency = [1054.04, 604.833, 532.341, 486.357, 643.157, 365.111, 814.326, 543.064, 848.931, 825.194, 918.791, 1224.39, 784.277, 546.713, 1099.95, 895.623, 443.416, 584.136, 801.819, 472.288, 485.824, 813.887, 855.685, 1228, 338.999, 814, 831.869, 603.618, 640.593, 878.186, 402.382, 573.222, 487.983, 915.231, 960.955, 598.879, 786.967, 801.174, 479.238, 666.658, 1020.53, 638.98, 497.238, 870.7, 729.453, 874.519, 889.923, 697.682, 659.917, 1205.75, 624.373, 1033.16, 981.193, 463.807, 524.074, 877.26, 401.663, 837.086, 461.867, 404.14, 592.618, 488.484, 474.29, 882.064, 1030.75, 756.336, 575.192, 488.08, 847.76, 415.636, 477.387, 902.642, 581.148, 543.173, 944.218, 848.8, 625.267, 468.677, 727.556, 977.946, 988.931, 396.168, 972.841, 470.863, 515.536, 803.467, 812.617, 1073.69, 1040.14, 815.953, 662.124, 715.287, 714.29, 630.095, 725.7, 442.517, 559.223, 509.794, 575.51, 562.114, 364.26, 546.455, 464.913, 521.182, 1063.12, 959.794, 723.087, 460.032, 860.035, 958.071, 599.135, 591.235, 568.013, 572.269, 604.279, 499.284, 941.698, 476.07, 652.24, 654.213, 532.052, 385.062, 629.816, 467.021, 343.869, 957.095, 533.45, 429.466];
HighestPossibleCritFunctionValue = 1.1;
