NumDevices = 64;
NumSlotes = 512;


GivenBandwidthOld = [0.0174079, 0.00880279, 0.0134835, 0.0129137, 0.0150272, 0.00766477, 0.016739, 0.0171065, 0.0135399, 0.0100851, 0.0146001, 0.00857726, 0.0129333, 0.0144289, 0.0108532, 0.0149072, 0.0103275, 0.0086375, 0.0154011, 0.0108681, 0.0151975, 0.00877664, 0.0139713, 0.010907, 0.00957209, 0.0131807, 0.0134801, 0.0155854, 0.00809833, 0.0135676, 0.0153496, 0.0164371, 0.0131209, 0.0173304, 0.0169717, 0.00881857, 0.00877664, 0.0140412, 0.0155395, 0.0171276, 0.0089264, 0.0110916, 0.0108909, 0.00820675, 0.0158295, 0.0114665, 0.0132446, 0.00779441, 0.0157186, 0.0174923, 0.00754752, 0.016189, 0.0142639, 0.00890348, 0.0158724, 0.0128282, 0.00799274, 0.00904064, 0.0110871, 0.0153909, 0.0102644, 0.00951498, 0.0132684, 0.0169651];
GivenLatency = [52.9617, 119.875, 91.6028, 79.1899, 64.298, 151.296, 55.5424, 64.16, 83.911, 111.226, 77.9126, 132.208, 82.7235, 81.081, 101.343, 75.766, 111.083, 110.108, 68.318, 87.6392, 75.1688, 121.913, 86.6806, 89.5246, 97.1073, 77.5062, 72.0651, 72.7661, 116.268, 70.3843, 61.0287, 71.698, 70.7891, 63.62, 64.6364, 127.414, 126.106, 84.0682, 60.6825, 59.8247, 113.594, 107.918, 109.421, 152.033, 59.6614, 97.1471, 87.7703, 117.063, 76.4635, 57.1616, 164.082, 67.6426, 64.6174, 134.877, 65.5372, 75.16, 116.644, 117.353, 105.348, 72.7252, 116.593, 103.545, 79.7988, 65.1376];
HighestPossibleCritFunctionValue = 1.1;
