NumDevices = 32;
NumSlotes = 256;


GivenBandwidthOld = [0.0222755, 0.0336475, 0.0235035, 0.03306, 0.0299118, 0.0171406, 0.0319764, 0.0178436, 0.0273253, 0.0256599, 0.0156969, 0.0282667, 0.0280919, 0.0311364, 0.0188221, 0.0325212, 0.0343771, 0.0258648, 0.0194915, 0.022987, 0.0324124, 0.0244569, 0.0173914, 0.027764, 0.0199864, 0.020627, 0.0279934, 0.0345646, 0.0176489, 0.0346446, 0.0215705, 0.0247957];
GivenLatency = [39.5109, 29.2259, 40.143, 29.3046, 28.6962, 62.8626, 36.4632, 49.1109, 34.1312, 45.7271, 63.5055, 38.9117, 36.7675, 28.849, 55.5549, 32.5503, 25.2013, 43.7466, 53.1752, 39.6073, 25.9297, 40.2974, 66.4195, 41.0705, 51.3756, 54.2852, 30.4077, 27.3343, 55.4233, 31.2827, 52.3272, 36.9781];
HighestPossibleCritFunctionValue = 1.1;
