NumDevices = 64;
NumSlotes = 512;


GivenBandwidthOld = [0.0109286, 0.0193138, 0.0126089, 0.0108067, 0.00874515, 0.00980932, 0.00774096, 0.0198261, 0.00961278, 0.0169233, 0.0102131, 0.0193404, 0.00873106, 0.0103543, 0.0163982, 0.0102887, 0.0138936, 0.0146598, 0.0174083, 0.0105176, 0.0111308, 0.0177229, 0.0119343, 0.00963953, 0.0166047, 0.0173582, 0.0199039, 0.0168241, 0.0182273, 0.0133959, 0.0127995, 0.0131895, 0.0176004, 0.0157526, 0.00837809, 0.0154967, 0.00769465, 0.0165354, 0.0161649, 0.0131744, 0.0151384, 0.0112249, 0.0113454, 0.0118724, 0.0187461, 0.00847277, 0.0193156, 0.0174958, 0.019091, 0.0171242, 0.0117675, 0.0184692, 0.0174819, 0.0106529, 0.0105751, 0.0148717, 0.0161531, 0.0149957, 0.0126324, 0.0174266, 0.0196036, 0.0198442, 0.0131519, 0.0107293];
GivenLatency = [300.563, 144.525, 257.343, 212.544, 299.185, 271.439, 390.158, 157.779, 234.254, 193.072, 316.758, 122.605, 307.816, 221.148, 169.456, 294.883, 239.774, 198.132, 129.787, 295.776, 285.073, 148.018, 192.855, 283.425, 161.914, 131.104, 132.281, 178.629, 161.536, 184.182, 178.803, 170.558, 178.202, 193.539, 281.304, 205.08, 367.971, 144.81, 173.075, 169.548, 152.275, 278.296, 252.298, 271.637, 142.356, 290.538, 131.092, 170.632, 152.775, 160.288, 244.993, 161.29, 158.9, 252.617, 302.731, 197.163, 194.112, 159.941, 199.412, 134.986, 121.269, 118.011, 251.68, 269.205];
HighestPossibleCritFunctionValue = 1.1;
