NumDevices = 128;
NumSlotes = 1024;


GivenBandwidthOld = [0.00680572, 0.00630394, 0.00773947, 0.00483666, 0.00725041, 0.00518616, 0.0063382, 0.00862262, 0.00795199, 0.00664438, 0.00453316, 0.00629987, 0.00433908, 0.0044258, 0.00696984, 0.00457544, 0.00686654, 0.0083583, 0.0054731, 0.0039181, 0.00395969, 0.00808296, 0.00780987, 0.00797927, 0.00505063, 0.00849104, 0.00634358, 0.0040391, 0.00771085, 0.00381063, 0.00777724, 0.00464024, 0.00602689, 0.00646801, 0.00527087, 0.00509279, 0.00695476, 0.00615913, 0.00393633, 0.00536866, 0.0086382, 0.0046603, 0.00820343, 0.00758363, 0.00565629, 0.00782108, 0.00634518, 0.00600482, 0.00550221, 0.00817023, 0.00451354, 0.00649291, 0.00380859, 0.00845795, 0.00525852, 0.00746261, 0.00665426, 0.00564961, 0.00544921, 0.00731387, 0.00667216, 0.00645654, 0.00757107, 0.00443073, 0.00471839, 0.00452867, 0.00594034, 0.00684238, 0.00744879, 0.00424831, 0.00380394, 0.00528332, 0.00427712, 0.00802923, 0.00477353, 0.00616665, 0.00534147, 0.00651946, 0.00498395, 0.00779127, 0.00541681, 0.00790947, 0.00695603, 0.00745319, 0.00826569, 0.00388535, 0.00850363, 0.00808753, 0.00454719, 0.00704588, 0.0075666, 0.00427504, 0.00812339, 0.00729227, 0.0037615, 0.00699358, 0.00865758, 0.00544415, 0.00739162, 0.00841364, 0.00556055, 0.00859934, 0.00668252, 0.00566377, 0.00851272, 0.00585352, 0.00759138, 0.0057939, 0.00565841, 0.00842515, 0.00397021, 0.00473879, 0.00732161, 0.00686119, 0.00849714, 0.003978, 0.00572748, 0.00423572, 0.00724192, 0.00737112, 0.00398781, 0.00559558, 0.00745016, 0.00738979, 0.00762819, 0.00443631, 0.0085062, 0.00616285];
GivenLatency = [159.667, 182.63, 126.301, 232.35, 153.738, 233.532, 166.603, 128.609, 133.297, 167.727, 224.083, 151.96, 257.818, 278.479, 144.867, 266.873, 141.886, 135.637, 175.63, 318.176, 245.27, 154.487, 147.701, 129.343, 238.689, 143.412, 152.523, 287.864, 131.548, 279.853, 142.026, 264.865, 169.301, 189.129, 212.269, 196.717, 145.808, 188.616, 301.311, 206.927, 133.568, 265.899, 137.357, 163.203, 215.192, 151.005, 188.442, 182.357, 175.525, 117.277, 245.602, 150.902, 268.327, 122.533, 203.701, 132.546, 159.406, 226.65, 195.495, 140.809, 159.199, 152.379, 144.573, 234, 207.149, 273.194, 193.762, 157.4, 133.726, 227.174, 321.295, 201.936, 280.105, 144.553, 242.868, 204.461, 182.236, 172.554, 227.421, 154.044, 216.785, 124.216, 179.192, 174.006, 145.95, 325.092, 114.937, 125.854, 271.967, 141.334, 141.781, 269.165, 154.749, 168.373, 334.32, 149.812, 121.345, 202.462, 164.06, 114.283, 176.66, 117.284, 193.44, 185.531, 123.151, 187.824, 167.049, 219.711, 178.298, 141.975, 298.195, 266.454, 133.959, 177.599, 123.875, 324.413, 207.508, 253.606, 159.615, 174.755, 253.339, 181.434, 153.751, 139.039, 160.725, 288.613, 129.976, 191.768];
HighestPossibleCritFunctionValue = 1.1;
