NumDevices = 32;
NumSlotes = 256;


GivenBandwidthOld = [0.0255207, 0.016971, 0.0219411, 0.0347274, 0.0341811, 0.0325729, 0.0227447, 0.0201334, 0.0328587, 0.0264164, 0.0310936, 0.0195335, 0.0295025, 0.0178686, 0.0277433, 0.0309787, 0.0281793, 0.0202644, 0.0331387, 0.0313618, 0.0281021, 0.022423, 0.0338073, 0.0297059, 0.0177804, 0.02438, 0.02521, 0.0339303, 0.0169874, 0.0169076, 0.0165611, 0.0328716];
GivenLatency = [39.1651, 68.9849, 42.5243, 27.0073, 25.7593, 31.1866, 44.5346, 54.6302, 27.4118, 43.8348, 31.5423, 43.3057, 38.1079, 48.2988, 30.3224, 34.1004, 30.2428, 44.016, 27.597, 26.7959, 34.0779, 37.5635, 30.5097, 29.9005, 47.4617, 41.1369, 41.9736, 24.6156, 65.084, 65.6194, 50.8726, 28.9638];
HighestPossibleCritFunctionValue = 1.1;
