NumDevices = 64;
NumSlotes = 512;


GivenBandwidthOld = [0.00809321, 0.0151206, 0.0116908, 0.0178582, 0.0107941, 0.00920396, 0.00849604, 0.0105158, 0.0190381, 0.0161153, 0.0173703, 0.00969321, 0.0187649, 0.0123309, 0.0121533, 0.0149999, 0.00912235, 0.0118524, 0.00891917, 0.00947421, 0.012982, 0.0184168, 0.0119167, 0.0146107, 0.016201, 0.00853865, 0.014077, 0.010148, 0.0130461, 0.00808353, 0.0148122, 0.0169203, 0.00980807, 0.0117254, 0.0112689, 0.0143115, 0.0131228, 0.010308, 0.0146593, 0.00835148, 0.0183449, 0.0152069, 0.0120572, 0.0120276, 0.0148321, 0.0134867, 0.0141221, 0.0171118, 0.0160213, 0.0123294, 0.0132775, 0.00931388, 0.018411, 0.0136281, 0.0150676, 0.00842146, 0.0195594, 0.0143109, 0.0158627, 0.00867666, 0.00870703, 0.0190051, 0.0109827, 0.0164426];
GivenLatency = [287.582, 213.408, 256.631, 125.576, 230.627, 335.996, 284.096, 284.213, 127.093, 162.489, 165.982, 278.978, 149.514, 223.021, 207.663, 193.939, 326.795, 251.512, 291.474, 249.788, 231.596, 165.875, 195.846, 191.399, 183.396, 282.787, 187.174, 237.711, 245.602, 360.682, 195.41, 143.746, 273.478, 208.867, 288.911, 199.942, 170.401, 288.714, 208.36, 308.939, 160.553, 195.63, 200.181, 203.362, 151.236, 196.237, 214.401, 182.888, 151.811, 190.408, 185.903, 254.56, 154.839, 202.167, 149.458, 265.069, 158.728, 196.529, 158.132, 287.968, 279.075, 144.05, 227.555, 161.087];
HighestPossibleCritFunctionValue = 1.1;
