NumDevices = 128;
NumSlotes = 1024;


GivenBandwidthOld = [0.00798938, 0.00500762, 0.00928493, 0.00432306, 0.00393157, 0.00540438, 0.00891078, 0.00970789, 0.00679703, 0.0089665, 0.00865141, 0.00683428, 0.00991217, 0.00888043, 0.00587344, 0.00497891, 0.00805937, 0.00632173, 0.00802942, 0.00917883, 0.00852016, 0.00707218, 0.00830327, 0.00550531, 0.00517423, 0.0095419, 0.00445588, 0.00504325, 0.00807785, 0.004422, 0.00433845, 0.00631999, 0.00376604, 0.00452362, 0.00605007, 0.00483015, 0.00789504, 0.00693569, 0.00807586, 0.00845067, 0.00799723, 0.00570336, 0.00879746, 0.00515061, 0.00633693, 0.00735582, 0.00670298, 0.00952323, 0.0094168, 0.00823455, 0.00677069, 0.00379644, 0.00920591, 0.00752121, 0.00515634, 0.00886683, 0.00858133, 0.00393156, 0.00521303, 0.00531186, 0.00390776, 0.00530131, 0.00780754, 0.00509931, 0.00659341, 0.00541984, 0.00633331, 0.00888214, 0.00960312, 0.00832907, 0.00796902, 0.00649132, 0.00829185, 0.00735043, 0.00996973, 0.00758261, 0.00599264, 0.00838152, 0.00825982, 0.00661307, 0.00456433, 0.00890555, 0.00939153, 0.00842984, 0.00777841, 0.00919741, 0.00833935, 0.00569004, 0.00998585, 0.00965297, 0.00870999, 0.0038185, 0.0049986, 0.0076704, 0.00644037, 0.00831108, 0.00553654, 0.00505644, 0.00475506, 0.00834848, 0.00922643, 0.00861664, 0.00985539, 0.00460086, 0.00407758, 0.00936662, 0.00851252, 0.00989747, 0.00556951, 0.00928968, 0.00909666, 0.00874078, 0.00878311, 0.00780671, 0.00995129, 0.00386134, 0.00621122, 0.0070456, 0.00540174, 0.00824853, 0.00429363, 0.00924771, 0.00992943, 0.00523907, 0.00550811, 0.00862257, 0.00951452, 0.00680485];
GivenLatency = [439.633, 769.617, 385.055, 806.62, 1219.16, 834.158, 413.909, 346.353, 543.897, 428.229, 471.729, 634.814, 451.198, 407.909, 720.914, 994.417, 427.762, 662.404, 453.203, 466.388, 474.906, 478.534, 591.125, 813.052, 840.496, 437.333, 825.48, 663.773, 482.263, 1114.73, 777.26, 697.268, 1102.34, 826.973, 652.33, 814.498, 454.421, 576.956, 429.758, 402.772, 472.482, 845.827, 379.494, 719.28, 683.335, 670.344, 519.982, 388.225, 463.148, 592.432, 522.739, 963.622, 394.381, 623.681, 790.063, 378.101, 414.188, 995.422, 751.253, 754.045, 1238.25, 661.544, 513.639, 968.937, 505.922, 751.728, 569.264, 508.841, 353.511, 597.713, 435.238, 703.847, 447.951, 468.722, 442.782, 448.257, 685.263, 493.877, 582.656, 570.675, 811.502, 406.437, 355.384, 471.611, 543.706, 401.521, 403.046, 621.194, 369.59, 478.331, 390.24, 1259, 680.243, 515.055, 750.376, 454.291, 805.839, 726.271, 854.98, 439.65, 434.363, 440.196, 411.363, 943.085, 897.4, 418.994, 541.003, 347.58, 784.88, 405.997, 495.905, 530.846, 391.871, 543.61, 384.717, 1060.55, 654.846, 618.332, 624.767, 580.066, 884.099, 408.628, 443.977, 739.066, 779.583, 485.269, 488.161, 491.237];
HighestPossibleCritFunctionValue = 1.1;
