NumDevices = 32;
NumSlotes = 256;


GivenBandwidthOld = [0.0372833, 0.0311449, 0.036957, 0.0214787, 0.0277717, 0.0186908, 0.0206069, 0.0248487, 0.0172246, 0.0288851, 0.031895, 0.0188728, 0.0296987, 0.0303696, 0.0311702, 0.0371525, 0.0320672, 0.038189, 0.0267817, 0.0304222, 0.0154251, 0.034185, 0.0315703, 0.0376267, 0.0269719, 0.0260782, 0.0316957, 0.0192988, 0.0156522, 0.0265163, 0.0198701, 0.0164308];
GivenLatency = [46.6242, 78.1395, 53.945, 97.5724, 81.1894, 90.7601, 80.9171, 86.6284, 105.31, 60.0064, 54.5052, 115.936, 67.6349, 74.2653, 67.1427, 56.2163, 60.8712, 54.272, 65.3158, 79.2477, 130.945, 53.9005, 76.8967, 49.1962, 72.363, 66.5608, 72.4888, 107.095, 144.433, 88.6223, 100.016, 116.43];
HighestPossibleCritFunctionValue = 1.1;
