NumDevices = 128;
NumSlotes = 1024;


GivenBandwidthOld = [0.00792705, 0.0074786, 0.0052605, 0.005669, 0.00636251, 0.00713707, 0.00521419, 0.00743398, 0.00531944, 0.00635301, 0.0074953, 0.0059616, 0.00418619, 0.00474073, 0.00487414, 0.00724492, 0.00793796, 0.00581771, 0.00580874, 0.00493778, 0.00679592, 0.00654258, 0.00870046, 0.00614538, 0.00798115, 0.00668278, 0.00503089, 0.00659851, 0.0086233, 0.00436499, 0.00491238, 0.00488438, 0.004321, 0.00548222, 0.00713325, 0.00595755, 0.00602043, 0.00783276, 0.00764113, 0.00696515, 0.00582807, 0.0049498, 0.00872744, 0.00457571, 0.0065287, 0.0054187, 0.00456353, 0.00680168, 0.00840302, 0.00707026, 0.00728775, 0.00769111, 0.00691959, 0.00504915, 0.00853114, 0.00537194, 0.00376753, 0.00841687, 0.00487324, 0.00704541, 0.00471499, 0.00727753, 0.00597403, 0.00801368, 0.00834974, 0.00666388, 0.00732248, 0.00638857, 0.00525487, 0.00613311, 0.00668886, 0.00710948, 0.00647317, 0.00705819, 0.00446391, 0.00737706, 0.00375054, 0.00778104, 0.00849218, 0.00562141, 0.00660348, 0.00718443, 0.00622908, 0.00470877, 0.00771841, 0.0058551, 0.00424995, 0.00638477, 0.00628714, 0.00543701, 0.00737264, 0.00446722, 0.00804559, 0.00480302, 0.00687952, 0.0066548, 0.00467893, 0.00625308, 0.00795211, 0.00862261, 0.00768218, 0.00687913, 0.00503968, 0.00433657, 0.00718857, 0.00580785, 0.00510669, 0.00571432, 0.00812294, 0.00482071, 0.00423898, 0.00703867, 0.00642939, 0.00620945, 0.00472, 0.0065651, 0.00717562, 0.00809607, 0.00808902, 0.00465296, 0.00488188, 0.00732137, 0.00780748, 0.00784209, 0.00442334, 0.0055984, 0.00478127, 0.00623656];
GivenLatency = [146.498, 135.565, 217.243, 169.433, 180.244, 136.565, 204.09, 143.763, 217.396, 180.533, 155.397, 187.748, 308.293, 255.389, 231.932, 169.395, 127.054, 174.28, 209.819, 210.449, 175.431, 177.62, 132.06, 165.938, 155.392, 190.278, 209.894, 192, 121.586, 229.467, 227.323, 263.262, 284.354, 205.877, 171.013, 180.32, 200.543, 125.381, 161.822, 141.255, 189.498, 257.32, 113.001, 269.317, 151.771, 234.5, 281.215, 167.4, 118.18, 146.501, 160.156, 151.892, 166.004, 234.612, 134.803, 224.931, 309.716, 153.929, 210.335, 137.637, 218.324, 145.045, 166.079, 124.013, 149.452, 144.939, 135.168, 180.923, 199.564, 197.073, 149.324, 166.732, 161.288, 149.052, 230.917, 143.307, 267.103, 163.207, 135.142, 219.839, 173.689, 175.86, 177.181, 253.125, 157.283, 175.068, 266.424, 154.742, 193.969, 221.5, 174.501, 272.245, 152.633, 263.977, 174.713, 148.008, 263.933, 152.602, 125.442, 136.447, 150.352, 187.454, 190.744, 295.608, 136.78, 203.918, 209.093, 175.627, 148.973, 254.571, 275.004, 140.141, 192.978, 173.438, 218.154, 184.066, 161.917, 126.524, 155.25, 247.981, 235.281, 160.401, 122.217, 144.354, 229.522, 177.518, 251.879, 207.934];
HighestPossibleCritFunctionValue = 1.1;
