NumDevices = 16;
NumSlotes = 128;


GivenBandwidthOld = [0.0462919, 0.047687, 0.0547733, 0.0349734, 0.0574948, 0.0554234, 0.0411634, 0.053016, 0.0595531, 0.0487463, 0.0585976, 0.0691302, 0.0505197, 0.0650256, 0.0652684, 0.065752];
GivenLatency = [23.0606, 21.859, 19.4466, 24.7471, 19.2527, 15.1345, 22.688, 14.8125, 15.2991, 22.3882, 13.3068, 14.1195, 19.3659, 16.5802, 13.8961, 14.3077];
HighestPossibleCritFunctionValue = 1.1;
