NumDevices = 16;
NumSlotes = 128;


GivenBandwidthOld = [0.0706778, 0.0513331, 0.0745763, 0.0741226, 0.0491435, 0.0742492, 0.0771063, 0.04504, 0.0573727, 0.033567, 0.0311781, 0.0309204, 0.0500229, 0.0553537, 0.0491973, 0.0790695];
GivenLatency = [25.4967, 32.8376, 22.025, 25.4006, 38.4341, 24.1952, 24.0273, 36.5169, 34.6485, 40.9847, 43.7157, 51.1314, 35.0835, 24.1823, 33.2632, 21.7802];
HighestPossibleCritFunctionValue = 1.1;
