NumDevices = 32;
NumSlotes = 256;


GivenBandwidthOld = [0.0198259, 0.0238115, 0.0301401, 0.0339431, 0.0324816, 0.0283507, 0.0206325, 0.0198911, 0.0191653, 0.0206784, 0.0320126, 0.0264382, 0.0166991, 0.0320607, 0.0347746, 0.0261484, 0.0254767, 0.0174051, 0.0176671, 0.0203897, 0.0194328, 0.0174247, 0.0265812, 0.0200893, 0.0309455, 0.0313289, 0.0156076, 0.0264376, 0.0268044, 0.0314659, 0.0180778, 0.0239596];
GivenLatency = [55.3369, 36.7749, 35.3246, 28.5934, 33.7379, 35.0768, 41.8703, 43.5734, 57.7276, 49.2828, 30.4074, 42.6739, 57.3833, 34.0305, 24.5588, 43.5092, 42.3857, 62.8326, 51.9328, 42.0642, 48.791, 63.1305, 37.865, 57.7385, 35.5229, 33.2672, 62.8176, 36.6897, 32.5166, 28.4024, 59.2988, 47.4531];
HighestPossibleCritFunctionValue = 1.1;
