NumDevices = 32;
NumSlotes = 256;


GivenBandwidthOld = [0.0394056, 0.0244056, 0.0204554, 0.0286189, 0.0329608, 0.031703, 0.0167725, 0.0307682, 0.0308626, 0.016987, 0.0360139, 0.0213721, 0.0355057, 0.0298237, 0.0322056, 0.0393628, 0.0301719, 0.0338588, 0.0251257, 0.0226834, 0.0252247, 0.035774, 0.0381677, 0.0199916, 0.0344287, 0.0288758, 0.0252408, 0.0321977, 0.0324485, 0.022599, 0.0305927, 0.0312871];
GivenLatency = [50.6569, 91.0647, 113.032, 66.705, 53.3076, 75.5358, 102.078, 57.7506, 64.0933, 144.092, 61.5468, 88.8004, 68.6221, 71.1333, 53.8263, 44.4352, 57.0413, 50.2987, 74.2697, 75.6465, 73.0984, 68.5756, 44.4745, 101.024, 65.8875, 67.9413, 82.139, 53.2331, 77.0264, 103.377, 63.2258, 56.0497];
HighestPossibleCritFunctionValue = 1.1;
