NumDevices = 128;
NumSlotes = 1024;


GivenBandwidthOld = [0.00296584, 0.00191, 0.00331952, 0.00235009, 0.00300261, 0.00426106, 0.00195781, 0.0036284, 0.00320673, 0.00364725, 0.00433241, 0.00412421, 0.00176355, 0.00431782, 0.00267831, 0.00375969, 0.00355884, 0.00281116, 0.00215376, 0.00318524, 0.00181567, 0.00220696, 0.0036578, 0.00350011, 0.00314846, 0.00240356, 0.00166881, 0.00272422, 0.00344738, 0.0013861, 0.00433356, 0.00158427, 0.00378021, 0.00150257, 0.00238751, 0.00375962, 0.00228791, 0.00168253, 0.00205823, 0.00395366, 0.00416101, 0.00153784, 0.00155317, 0.00285944, 0.00428056, 0.00141501, 0.00265176, 0.00437492, 0.00309047, 0.00282447, 0.00391523, 0.00198882, 0.00291226, 0.0013893, 0.00178035, 0.00233189, 0.00335459, 0.00435754, 0.00152309, 0.00353976, 0.0039658, 0.00199432, 0.00169208, 0.00317546, 0.00301, 0.00338613, 0.00320815, 0.00243389, 0.0019348, 0.00128242, 0.00236794, 0.00295269, 0.00271482, 0.00179273, 0.00409991, 0.00288182, 0.00218056, 0.00365247, 0.00137394, 0.00311487, 0.00345725, 0.00161336, 0.00201044, 0.0037819, 0.00184305, 0.00301521, 0.00351711, 0.00139898, 0.0020959, 0.00273881, 0.00172841, 0.00436935, 0.00310292, 0.00270232, 0.00410303, 0.00217781, 0.00437449, 0.00198926, 0.00414929, 0.00140616, 0.00390303, 0.00318075, 0.00138757, 0.0039854, 0.00318915, 0.00185679, 0.00275404, 0.00156548, 0.00348418, 0.00422827, 0.00384305, 0.00147155, 0.00303011, 0.0039079, 0.00382605, 0.00318009, 0.00273071, 0.00320257, 0.00238336, 0.00271951, 0.00245865, 0.00248166, 0.00167855, 0.00387759, 0.00372452, 0.00293466, 0.00284199, 0.00152187];
GivenLatency = [180.429, 196.017, 118.186, 164.055, 116.807, 84.4108, 183.479, 106.443, 134.752, 135.603, 107.627, 91.5862, 273.759, 109.702, 216.129, 142.987, 165.5, 229.041, 253.017, 193.821, 281.969, 190.385, 132.972, 177.997, 137.212, 242.213, 203.404, 115.698, 162.178, 349.011, 97.951, 205.709, 98.0173, 267.396, 208.607, 138.604, 148.268, 360.095, 178.237, 86.7974, 142.867, 307.031, 281.232, 115.118, 104.155, 286.178, 140.232, 87.8135, 179.88, 149.383, 119.88, 264.74, 176.64, 465.566, 218.42, 215.895, 176.383, 103.18, 306.247, 117.96, 82.9033, 158.946, 226.455, 102.065, 113.798, 164.403, 133.622, 131.404, 315.937, 284.387, 161.41, 164.313, 133.627, 227.902, 91.1588, 194.969, 147.119, 115.827, 407.14, 111.886, 170.843, 299.946, 170.623, 158.352, 200.367, 177.701, 92.273, 234.02, 298.45, 117.236, 196.578, 77.1118, 103.494, 204.976, 92.0946, 292.749, 126.111, 163.903, 156.408, 247.42, 98.5722, 113.584, 323.488, 104.183, 103.559, 173.811, 209.021, 268.063, 161.408, 83.5307, 89.2202, 253.405, 120.87, 86.6362, 124.799, 140.081, 192.069, 101.26, 135.954, 224.88, 258.04, 183.185, 342.303, 142.182, 116.611, 117.348, 118.504, 305.168];
HighestPossibleCritFunctionValue = 1.1;
