NumDevices = 128;
NumSlotes = 1024;


GivenBandwidthOld = [0.00538722, 0.00552296, 0.00694439, 0.00687359, 0.0069591, 0.00411462, 0.00697064, 0.00805886, 0.0077987, 0.00531949, 0.00709338, 0.00597006, 0.00622508, 0.00748867, 0.00452138, 0.00841317, 0.00766562, 0.00854018, 0.00725771, 0.00775669, 0.00423431, 0.00858472, 0.00586433, 0.00422212, 0.00861606, 0.00761944, 0.00741452, 0.0082793, 0.00771907, 0.00689897, 0.00853818, 0.00861097, 0.0070748, 0.0086134, 0.00787006, 0.00459561, 0.00583621, 0.00675426, 0.00637191, 0.00527136, 0.00831572, 0.00476263, 0.008003, 0.00387044, 0.007922, 0.0074865, 0.00802722, 0.0059955, 0.00393836, 0.00444127, 0.00694883, 0.00654482, 0.00636502, 0.00438158, 0.00870632, 0.00461567, 0.00801628, 0.0070619, 0.00677973, 0.00439221, 0.0074514, 0.00813996, 0.00573896, 0.00716112, 0.00448072, 0.0049309, 0.00620831, 0.00560719, 0.00747499, 0.00464026, 0.00631565, 0.0045547, 0.00832924, 0.0069894, 0.00840198, 0.00465831, 0.00464744, 0.00708239, 0.00627909, 0.0051547, 0.00751258, 0.00645068, 0.00412274, 0.0083591, 0.00381221, 0.00429345, 0.00755874, 0.00719481, 0.00563397, 0.00763726, 0.00695362, 0.00693717, 0.00555176, 0.00591709, 0.00598169, 0.00668686, 0.00849385, 0.00865398, 0.00496843, 0.00688352, 0.00385811, 0.0057274, 0.00792159, 0.00573191, 0.00868147, 0.00704416, 0.00864875, 0.00701319, 0.00812828, 0.00445358, 0.0037768, 0.00422204, 0.00732901, 0.00623018, 0.00811928, 0.00826511, 0.00414688, 0.00406078, 0.00705104, 0.00430828, 0.00678086, 0.00836666, 0.00595342, 0.00657322, 0.00858505, 0.00637069, 0.00460603, 0.00607457];
GivenLatency = [186.226, 234.363, 168.077, 155.897, 147.867, 245, 161.949, 141.011, 136.35, 209.758, 137.396, 205.272, 187.847, 128.282, 240.152, 131.441, 132.197, 126.551, 135.832, 141.465, 280.422, 126.562, 207.982, 245.658, 148.719, 161.226, 163.777, 132.809, 151.743, 157.379, 149.536, 143.341, 156.044, 146.683, 123.747, 233.102, 173.435, 141.741, 184.942, 187.723, 145.794, 222.197, 150.252, 248.646, 121.117, 153.853, 121.261, 172.886, 261.506, 221.267, 177.357, 171.464, 178.458, 227.915, 139.528, 266.619, 128.084, 154.416, 146.25, 295.304, 162.974, 152.173, 184.103, 159.907, 282.118, 230.548, 202.483, 204.949, 160.465, 239.942, 169.761, 257.614, 130.085, 164.517, 149.446, 205.655, 261.575, 155.634, 154.372, 196.378, 157.434, 163.396, 258.93, 143.097, 335.875, 239.591, 134.754, 164.546, 170.872, 154.209, 174.965, 161.139, 188.35, 170.904, 178.319, 190.919, 135.817, 145.059, 213.218, 160.559, 280.484, 187.803, 129.617, 179.202, 144.238, 163.532, 139.23, 161.7, 144.222, 241.492, 271.263, 304.612, 156.148, 189.071, 156.082, 142.242, 244.047, 312.721, 151.123, 229.813, 191.352, 123.148, 193.57, 162.165, 145.651, 168.137, 229.121, 202.439];
HighestPossibleCritFunctionValue = 1.1;
