NumDevices = 32;
NumSlotes = 256;


GivenBandwidthOld = [0.015974, 0.0242036, 0.0207327, 0.0237225, 0.0343468, 0.0172286, 0.0307478, 0.0277612, 0.0328196, 0.0297315, 0.0267344, 0.0153336, 0.0213052, 0.0264539, 0.0206046, 0.0315384, 0.0164632, 0.0269428, 0.018033, 0.0299265, 0.0240076, 0.0257971, 0.0214095, 0.0192635, 0.0319742, 0.0209321, 0.015655, 0.0242788, 0.0240797, 0.0181449, 0.0308815, 0.0346129];
GivenLatency = [57.0268, 39.0533, 49.3555, 49.5759, 33.5239, 60.6391, 34.7119, 36.1632, 26.4042, 32.3045, 32.0925, 73.1221, 50.1141, 36.5902, 42.6158, 31.4146, 60.3624, 34.5077, 62.4614, 29.7911, 38.045, 36.185, 43.4896, 44.3406, 32.8554, 46.9428, 56.6933, 35.8191, 35.8236, 53.673, 32.7217, 30.5758];
HighestPossibleCritFunctionValue = 1.1;
