NumDevices = 128;
NumSlotes = 1024;


GivenBandwidthOld = [0.00445378, 0.00712545, 0.00996661, 0.00503921, 0.0089655, 0.00440523, 0.00378476, 0.00675921, 0.00446003, 0.00590596, 0.00777094, 0.008606, 0.00600124, 0.00901864, 0.00385572, 0.00558118, 0.00536816, 0.00636512, 0.00612826, 0.00639546, 0.00966697, 0.00647941, 0.00813798, 0.00881723, 0.00625086, 0.00438033, 0.00391269, 0.00683111, 0.0066754, 0.00842737, 0.00998814, 0.00446872, 0.00835807, 0.00780201, 0.00592086, 0.00813722, 0.00853037, 0.00984625, 0.00723733, 0.00897746, 0.00547924, 0.00455129, 0.00855131, 0.00558501, 0.00726406, 0.00832919, 0.00991715, 0.00496312, 0.00512414, 0.00521796, 0.00697451, 0.00437958, 0.00377971, 0.00928827, 0.00412204, 0.00670036, 0.00917208, 0.00762962, 0.00849678, 0.00782637, 0.00913178, 0.00525741, 0.0075051, 0.00941293, 0.00558036, 0.00418918, 0.0037969, 0.00442359, 0.00607832, 0.00450962, 0.00824505, 0.00826373, 0.00982219, 0.00899713, 0.00479497, 0.00408476, 0.00514966, 0.00899993, 0.00807651, 0.00690828, 0.00991019, 0.00676989, 0.00911404, 0.00715012, 0.00585672, 0.00518492, 0.00795726, 0.00892984, 0.00500675, 0.00719946, 0.00389052, 0.00924046, 0.00693571, 0.00848816, 0.00677578, 0.00798011, 0.00546562, 0.00689149, 0.00894425, 0.00970612, 0.00829768, 0.00538676, 0.00656335, 0.00653562, 0.0092383, 0.00806383, 0.00634843, 0.00688167, 0.00653952, 0.00589483, 0.0081669, 0.00739708, 0.00651418, 0.00514602, 0.00410681, 0.00693353, 0.00935889, 0.00993704, 0.00811597, 0.00766881, 0.00468818, 0.00919942, 0.00472914, 0.00394237, 0.00562455, 0.00932079, 0.00698123, 0.00475563];
GivenLatency = [992.452, 560.103, 418.55, 705.466, 511.481, 1128.05, 1112.75, 607.63, 783.63, 663.296, 532.177, 431.388, 805.776, 460.738, 919, 643.995, 678.5, 524.684, 741.479, 639.7, 488.765, 675.285, 592.306, 566.806, 591.253, 919.898, 1083.31, 541.943, 515.264, 497.901, 349.38, 938.481, 445.401, 519.574, 645.979, 446.681, 415.627, 427.095, 584.056, 544.407, 741.015, 874.59, 537.484, 814.788, 533.288, 408.881, 415.899, 710.501, 680.131, 784.218, 539.076, 782.57, 1161.75, 457.597, 1071.56, 609.99, 422.345, 523.317, 522.662, 494.732, 365.416, 888.77, 644.532, 382.11, 604.267, 1000.66, 1106.4, 1051.92, 570.294, 1072.6, 485.499, 508.762, 339.579, 423.294, 1029.95, 1109.13, 839.333, 423.342, 547.781, 671.993, 342.257, 615.692, 483.403, 489.478, 711.413, 659.813, 453.237, 415.921, 726.012, 669.699, 984.358, 465.73, 532.588, 444.082, 595.403, 599.344, 804.013, 668.848, 404.136, 440.012, 556.684, 849.127, 674.025, 569.033, 449.694, 434.989, 547.99, 578.906, 527.056, 620.63, 494.279, 611.061, 735.842, 712.62, 1114.01, 606.005, 365.632, 358.475, 443.638, 441.53, 831.861, 384.044, 803.896, 939.851, 842.232, 364.756, 704.795, 946.596];
HighestPossibleCritFunctionValue = 1.1;
