NumDevices = 16;
NumSlotes = 128;


GivenBandwidthOld = [0.0493003, 0.0501963, 0.069543, 0.0686089, 0.0499365, 0.062587, 0.0398883, 0.0633792, 0.0337064, 0.0433105, 0.0603837, 0.04816, 0.0443653, 0.0677142, 0.0530215, 0.0318679];
GivenLatency = [16.317, 17.2646, 12.7762, 15.8633, 18.6364, 14.0832, 25.2013, 13.2224, 31.1866, 19.4111, 16.7891, 19.6361, 20.5457, 13.8917, 20.5421, 26.513];
HighestPossibleCritFunctionValue = 1.1;
