NumDevices = 128;
NumSlotes = 1024;


GivenBandwidthOld = [0.00416369, 0.00667072, 0.00480591, 0.00668557, 0.00438848, 0.00974468, 0.00630555, 0.00488577, 0.00519806, 0.00375831, 0.00595094, 0.00737891, 0.00736385, 0.00418765, 0.00933678, 0.00706843, 0.00786957, 0.00391062, 0.0095722, 0.0074017, 0.00906763, 0.00847317, 0.00489577, 0.00450329, 0.00810622, 0.00625416, 0.0099792, 0.00411444, 0.00384771, 0.00852853, 0.00394051, 0.00562728, 0.00523051, 0.00550703, 0.00918829, 0.00514644, 0.00492393, 0.008912, 0.00526977, 0.00902304, 0.00902177, 0.00632707, 0.00413856, 0.00930295, 0.00714241, 0.00744374, 0.00945675, 0.00456206, 0.0083017, 0.00418929, 0.00557793, 0.00706362, 0.00823698, 0.00394683, 0.00566931, 0.00528207, 0.00945669, 0.00989217, 0.00392893, 0.00472873, 0.00948805, 0.00568445, 0.00982162, 0.00569025, 0.00735765, 0.00623077, 0.00424044, 0.00901674, 0.0092771, 0.00388936, 0.00846861, 0.00943752, 0.00643514, 0.00796952, 0.00878209, 0.00926372, 0.00402094, 0.00750901, 0.00647942, 0.0082972, 0.00978911, 0.00934663, 0.00379395, 0.00489618, 0.00503205, 0.00748931, 0.00658145, 0.0044244, 0.00712733, 0.00397846, 0.00592883, 0.00462212, 0.00521359, 0.0086405, 0.00468456, 0.00468261, 0.00933744, 0.00559138, 0.00812306, 0.0080316, 0.00836738, 0.00800764, 0.00564663, 0.00537482, 0.00592044, 0.00728489, 0.00838185, 0.00746143, 0.00672573, 0.0043691, 0.00900463, 0.00590013, 0.00980656, 0.00883792, 0.00389466, 0.00998764, 0.0085522, 0.00804859, 0.00636599, 0.00820243, 0.00442031, 0.00720289, 0.00527195, 0.0081279, 0.00812702, 0.00589711, 0.00902027, 0.00618843];
GivenLatency = [1071.56, 514.788, 728.45, 704.557, 792.498, 389.975, 562.193, 887.455, 809.495, 1082.49, 641.36, 541.206, 490.949, 832.796, 399.369, 645.047, 466.681, 1022.26, 361.8, 451.081, 376.17, 510.618, 954.12, 930.918, 573.086, 614.44, 440.71, 893.281, 873.2, 477.309, 1114.18, 593.252, 761.697, 718.443, 416.635, 758.972, 762.094, 392.732, 741.48, 376.695, 384.06, 634.335, 1050.14, 411.578, 632.018, 452.002, 397.55, 1084.36, 438.962, 859.319, 601.325, 680.267, 577.614, 1164.27, 751.228, 658.384, 364.977, 482.991, 1214.55, 1041, 445.51, 610.834, 376.412, 690.56, 487.963, 584.536, 986.034, 450.582, 490.018, 1049.9, 400.643, 353.708, 605.448, 500.067, 452.06, 402.334, 855.496, 448.068, 703.072, 416.918, 394.095, 374.046, 898.739, 756.489, 800.309, 488.349, 625.483, 895.951, 538.725, 843.84, 599.038, 894.724, 735.748, 557.433, 817.476, 1055.21, 414.832, 857.248, 545.335, 437.306, 516.837, 624.157, 769.657, 700.819, 825.739, 677.191, 439.449, 635.842, 540.928, 848.93, 471.489, 567.059, 456.823, 404.236, 1231.82, 383.177, 462.186, 553.216, 649.491, 570.564, 963.002, 465.22, 873.728, 511.442, 584.453, 771.945, 493.612, 734.553];
HighestPossibleCritFunctionValue = 1.1;
