NumDevices = 16;
NumSlotes = 128;


GivenBandwidthOld = [0.0730507, 0.0325828, 0.0386198, 0.0526574, 0.0329654, 0.0688927, 0.0500387, 0.0698278, 0.0662107, 0.0730408, 0.0672977, 0.042072, 0.073858, 0.0508293, 0.0576058, 0.0509826];
GivenLatency = [26.1798, 43.1493, 39.1596, 35.1587, 46.0675, 20.8111, 35.1578, 19.1965, 26.3325, 23.5655, 21.4711, 45.599, 26.3158, 28.0086, 33.6416, 35.4141];
HighestPossibleCritFunctionValue = 1.1;
