NumDevices = 64;
NumSlotes = 512;


GivenBandwidthOld = [0.00455211, 0.00485177, 0.00369855, 0.00285234, 0.005543, 0.00870393, 0.00324145, 0.00774845, 0.00689057, 0.0073567, 0.00398541, 0.00526863, 0.00361035, 0.0079571, 0.0074468, 0.00586018, 0.00820941, 0.00425126, 0.00475944, 0.00822195, 0.00259654, 0.00627658, 0.00673135, 0.00627779, 0.00836038, 0.00420223, 0.00558631, 0.00541418, 0.00611602, 0.00812096, 0.00529815, 0.00596431, 0.0084637, 0.00320422, 0.00712639, 0.0082491, 0.0025976, 0.00535163, 0.00476496, 0.00712442, 0.00645147, 0.00863339, 0.00506812, 0.0087179, 0.00668773, 0.00439128, 0.00803696, 0.00591468, 0.00546461, 0.00371533, 0.00351887, 0.00796426, 0.00289418, 0.0025207, 0.00661519, 0.0039825, 0.00632506, 0.00278309, 0.00409382, 0.00858304, 0.00270675, 0.00861985, 0.00251096, 0.00545118];
GivenLatency = [130.624, 85.0241, 170.388, 114.955, 68.1759, 48.1147, 163.821, 43.564, 63.1311, 45.1313, 86.5125, 61.588, 162.287, 55.778, 74.7012, 95.1709, 51.583, 105.641, 88.532, 39.711, 134.743, 57.0205, 48.8721, 84.8242, 44.3989, 121.398, 69.8386, 69.4701, 50.8116, 64.3915, 112.738, 62.4594, 42.49, 194.643, 52.1072, 40.6065, 153.485, 57.9841, 67.3907, 45.2534, 58.4873, 73.7866, 82.4182, 54.5754, 77.6306, 89.081, 61.0512, 54.4421, 80.4055, 109.331, 98.9962, 63.2151, 118.561, 129.788, 72.3894, 125.862, 59.7979, 113.593, 108.431, 37.8307, 143.033, 71.8768, 130.204, 78.627];
HighestPossibleCritFunctionValue = 1.1;
