NumDevices = 16;
NumSlotes = 128;


GivenBandwidthOld = [0.0439915, 0.0655934, 0.0488698, 0.0555259, 0.0443659, 0.0369331, 0.0340129, 0.0344891, 0.0374744, 0.0525751, 0.048955, 0.0466755, 0.0557809, 0.0502751, 0.0329347, 0.0340957];
GivenLatency = [18.0319, 11.759, 20.0966, 15.0994, 23.9381, 25.402, 24.5701, 26.0466, 24.4107, 19.2211, 21.7265, 20.0336, 14.4705, 20.1537, 30.4681, 22.7937];
HighestPossibleCritFunctionValue = 1.1;
