NumDevices = 128;
NumSlotes = 1024;


GivenBandwidthOld = [0.00787776, 0.00406741, 0.00717507, 0.00635045, 0.00957395, 0.00566714, 0.00631172, 0.00865717, 0.00978861, 0.00709636, 0.00853014, 0.00598321, 0.00600721, 0.00941296, 0.00614068, 0.0089727, 0.00666543, 0.00965647, 0.00513272, 0.00561887, 0.00759554, 0.00448456, 0.00569924, 0.00841665, 0.00489683, 0.00980065, 0.0095749, 0.00914697, 0.00434544, 0.00513149, 0.0037614, 0.00791191, 0.00927829, 0.00513656, 0.00774321, 0.0050688, 0.00625378, 0.00986763, 0.00401757, 0.00700663, 0.00675192, 0.00700117, 0.00863967, 0.00935228, 0.00505773, 0.00784601, 0.00795963, 0.00505401, 0.00780667, 0.00922525, 0.00751515, 0.00964999, 0.00864617, 0.00625108, 0.00817851, 0.00877339, 0.0068165, 0.00495098, 0.00744748, 0.00974976, 0.004265, 0.00939807, 0.00584337, 0.00572509, 0.00534231, 0.00954208, 0.00752226, 0.00404864, 0.00424309, 0.00979369, 0.00504207, 0.00702919, 0.00459667, 0.00871969, 0.00438188, 0.00500678, 0.007759, 0.00802026, 0.00529847, 0.00380358, 0.00426584, 0.0047391, 0.00887614, 0.00879997, 0.0098389, 0.00864448, 0.00895777, 0.00582193, 0.00796548, 0.00950318, 0.00995839, 0.00449149, 0.00980011, 0.00672063, 0.00620436, 0.00409173, 0.00978272, 0.00812351, 0.00929594, 0.00815833, 0.00704015, 0.0074711, 0.00684844, 0.00422771, 0.00754106, 0.00761103, 0.00866868, 0.00958428, 0.00419814, 0.00439522, 0.0041966, 0.00982025, 0.0077744, 0.00435341, 0.00773471, 0.00607135, 0.00614662, 0.00868705, 0.00578294, 0.0088631, 0.00833322, 0.00892668, 0.00815219, 0.00391291, 0.00426263, 0.00705094, 0.00767093, 0.0090102];
GivenLatency = [549.914, 990.763, 577.271, 650.326, 460.814, 708.38, 550.933, 396.7, 391.086, 609.503, 409.227, 787.048, 620.948, 359.085, 765.19, 397.904, 524.852, 417.354, 655.344, 616.19, 656.45, 804.35, 693.07, 454.122, 908.565, 448.219, 520.189, 385.936, 789.635, 873.784, 981.698, 447.942, 382.839, 702.401, 514.923, 690.481, 713.07, 497.437, 1022.65, 622.486, 566.11, 548.969, 527.322, 386.779, 860.949, 556.084, 545.535, 733.965, 542.709, 421.118, 604.129, 362.817, 414.793, 629.855, 426.308, 381.627, 555.879, 773.209, 488.221, 377.393, 933.983, 490.134, 598.728, 726.361, 848.785, 358.3, 488.491, 850.039, 1053.26, 447.133, 914.087, 568.895, 921.448, 478.029, 992.383, 955.296, 550.227, 423.239, 723.162, 1008.67, 1003.66, 879.916, 464.544, 460.863, 375.438, 482.705, 514.623, 635.023, 514.803, 482.247, 410.777, 1053.78, 354.564, 539.76, 578.42, 879.96, 364.124, 474.338, 476.502, 596.9, 593.5, 606.095, 641.283, 1109.33, 584.777, 532.173, 408.353, 357.791, 823.557, 897.95, 1154.68, 486.868, 509.408, 1009.46, 441.961, 615.006, 593.55, 423.398, 844.576, 461.881, 425.827, 436.3, 514.526, 1273.97, 884.98, 643.781, 457.665, 460.414];
HighestPossibleCritFunctionValue = 1.1;
