NumDevices = 128;
NumSlotes = 1024;


GivenBandwidthOld = [0.00656003, 0.00693393, 0.00612273, 0.0071618, 0.00587611, 0.00723889, 0.00644756, 0.00666552, 0.00489184, 0.00468953, 0.00445297, 0.00855408, 0.00587855, 0.00821322, 0.00701436, 0.00788145, 0.00596552, 0.00493962, 0.00775626, 0.0068787, 0.00779453, 0.00520226, 0.00689563, 0.00732798, 0.00382817, 0.00753197, 0.00727515, 0.00599204, 0.00578072, 0.00411065, 0.00513368, 0.00429425, 0.00601532, 0.00695236, 0.0058689, 0.00608759, 0.00661395, 0.00817255, 0.00859443, 0.00412262, 0.00642892, 0.00830521, 0.00813087, 0.00796995, 0.00847488, 0.00482464, 0.00525879, 0.00694282, 0.00546108, 0.0069163, 0.00471723, 0.00491892, 0.00485837, 0.00714709, 0.00867824, 0.00765825, 0.00466667, 0.00529293, 0.00584253, 0.00795477, 0.00825346, 0.00836129, 0.00567961, 0.00474824, 0.00610382, 0.00431851, 0.00861239, 0.00601273, 0.00838066, 0.00619866, 0.00835536, 0.00602774, 0.00579554, 0.00821118, 0.007866, 0.00628502, 0.00482148, 0.00704476, 0.00377145, 0.00430375, 0.00560806, 0.00712071, 0.00524934, 0.00822323, 0.00530607, 0.00664362, 0.00688355, 0.00440365, 0.00456892, 0.00739058, 0.00593935, 0.00522176, 0.00459424, 0.00789372, 0.00727828, 0.00848425, 0.00722189, 0.00578911, 0.00514026, 0.00476846, 0.00607914, 0.00466255, 0.00601708, 0.00661469, 0.00566285, 0.00803897, 0.00854645, 0.00764071, 0.00485857, 0.00557031, 0.00764908, 0.00564815, 0.00594113, 0.00501874, 0.00749584, 0.00503467, 0.00528629, 0.00421272, 0.00567883, 0.00663942, 0.00622788, 0.00440607, 0.00528068, 0.00486459, 0.00659672, 0.00858351, 0.00550352, 0.00511631];
GivenLatency = [157.749, 177.744, 211.09, 149.093, 167.971, 152.163, 187.336, 187.514, 221.336, 209.692, 229.029, 115.957, 179.557, 125.889, 144.446, 126.297, 170.29, 235.71, 142.965, 172.848, 135.544, 208.451, 174.26, 147.417, 286.223, 141.491, 139.605, 159.913, 175.98, 261.089, 229.087, 236.298, 163.576, 178.524, 185.259, 159.889, 189.13, 137.934, 115.299, 231.312, 168.595, 136.445, 120.095, 120.732, 112.68, 223.784, 182.456, 152.046, 188.549, 154.141, 213.179, 218.11, 199.2, 140.544, 140.136, 166.821, 206.419, 234.031, 199.757, 157.483, 129.481, 148.726, 225.018, 255.136, 159.007, 273.597, 124.51, 213.288, 115.184, 190.155, 145.706, 182.719, 190.014, 123.205, 157.052, 187.608, 246.802, 136.753, 272.009, 285.002, 178.634, 158.434, 196.642, 156.325, 195.667, 149.427, 183.466, 255.825, 249.02, 160.272, 212.697, 186.201, 207.415, 125.376, 143.134, 143.36, 160.65, 178.574, 235.744, 265.132, 173.487, 251.016, 173.614, 193.846, 183.932, 128.36, 146.131, 128.176, 258.139, 203.624, 156.795, 221.738, 190.878, 233.789, 134.381, 200.649, 213.344, 228.033, 221.904, 156.067, 205.326, 258.653, 191.091, 253.781, 189.947, 116.336, 188.909, 199.758];
HighestPossibleCritFunctionValue = 1.1;
