NumDevices = 16;
NumSlotes = 128;


GivenBandwidthOld = [0.0360123, 0.038474, 0.0526177, 0.0452021, 0.0514791, 0.0689491, 0.0477823, 0.0574437, 0.0369843, 0.0557328, 0.0405605, 0.039681, 0.0585824, 0.0551447, 0.0378193, 0.048195];
GivenLatency = [29.9585, 20.5752, 16.3412, 22.2151, 18.8446, 12.5739, 18.9498, 15.7716, 27.9112, 14.0368, 20.9562, 19.8668, 16.7142, 19.3656, 22.6636, 16.1248];
HighestPossibleCritFunctionValue = 1.1;
