NumDevices = 16;
NumSlotes = 128;


GivenBandwidthOld = [0.0673697, 0.0618491, 0.038428, 0.0400545, 0.0565672, 0.0642061, 0.0518606, 0.0407184, 0.0543172, 0.0493111, 0.0315549, 0.0431385, 0.0493949, 0.0393675, 0.0699154, 0.0485629];
GivenLatency = [12.6889, 15.7184, 22.4543, 26.4092, 16.106, 16.3438, 15.0353, 19.7671, 17.4496, 20.3276, 32.0135, 23.0036, 22.3119, 23.8331, 14.9391, 17.3453];
HighestPossibleCritFunctionValue = 1.1;
