NumDevices = 128;
NumSlotes = 1024;


GivenBandwidthOld = [0.00700564, 0.00879624, 0.00965971, 0.00949424, 0.00969631, 0.00591071, 0.00625183, 0.00821215, 0.00535843, 0.0054048, 0.00968788, 0.00794942, 0.0084257, 0.0069537, 0.00453471, 0.0048137, 0.00634696, 0.00703809, 0.00413383, 0.00486285, 0.0074872, 0.0085468, 0.00478956, 0.00686257, 0.00413573, 0.00538327, 0.0040565, 0.00501425, 0.00825165, 0.00676591, 0.0046752, 0.00984236, 0.00423105, 0.00758971, 0.00643526, 0.00999616, 0.00799233, 0.0045119, 0.00897261, 0.00508514, 0.00596072, 0.00925057, 0.00805754, 0.00690092, 0.00501935, 0.00650914, 0.0079016, 0.00471569, 0.00902947, 0.00456479, 0.00424239, 0.00436146, 0.00562415, 0.00885488, 0.007761, 0.00413359, 0.00697843, 0.00768428, 0.00836775, 0.00800768, 0.00633002, 0.00984006, 0.00943266, 0.0060411, 0.00395106, 0.00795388, 0.00835281, 0.0069876, 0.00556767, 0.00961544, 0.00922859, 0.00737626, 0.00649997, 0.00378112, 0.00800534, 0.00455734, 0.00404127, 0.00539842, 0.00879567, 0.00628352, 0.00962538, 0.00751268, 0.00558126, 0.00669879, 0.00775544, 0.00445063, 0.00426757, 0.00883671, 0.00864657, 0.00660483, 0.00979782, 0.00562666, 0.00719813, 0.00645653, 0.00485342, 0.00511484, 0.00508438, 0.00571851, 0.00718347, 0.00383741, 0.00413801, 0.00627053, 0.00382089, 0.00772389, 0.00533434, 0.00680992, 0.00687725, 0.00721625, 0.0048234, 0.00680708, 0.00906958, 0.00995471, 0.00512757, 0.00652684, 0.00542108, 0.00830406, 0.00632525, 0.00469643, 0.00410241, 0.00794822, 0.00700357, 0.00530954, 0.00862448, 0.00416461, 0.00960109, 0.00556479, 0.00494374, 0.00450546];
GivenLatency = [567.505, 384.064, 399.072, 373.224, 372.353, 570.616, 562.23, 477.448, 773.621, 659.742, 465.472, 465.233, 426.385, 610.604, 853.093, 830.292, 663.032, 596.358, 1120.75, 787.592, 626.771, 419.775, 758.963, 615.372, 996.815, 771.348, 931.091, 750.507, 569.548, 539.251, 973.022, 340.101, 1077.88, 445.638, 609.124, 418.83, 444.168, 893.638, 556.545, 740.863, 614.191, 364.518, 438.806, 680.062, 790.546, 762.044, 533.131, 1003.06, 378.279, 791.005, 835.899, 1007.62, 626.671, 492.111, 517.656, 1111.02, 521.826, 475.522, 446.663, 446.855, 608.137, 338.79, 483.63, 563.237, 1237.03, 572.583, 403.658, 548.993, 802.772, 478.713, 384.726, 580.199, 617.413, 1005.71, 510.36, 1059.34, 1138.16, 918.743, 419.03, 728.789, 395.178, 544.994, 863.125, 561.854, 637.595, 1119.13, 977.691, 422.084, 392.505, 632.963, 445.055, 822.402, 492.29, 596.4, 711.501, 742.862, 830.041, 645.513, 545.614, 1028.06, 1125.46, 628.405, 972.921, 536.068, 768.535, 614.872, 535.136, 481.342, 826.866, 539.185, 499.728, 396.698, 651.855, 560.211, 651.696, 414.007, 561, 979.844, 830.077, 580.484, 554.076, 828.565, 407.578, 1163.18, 462.895, 604.364, 703.491, 926.329];
HighestPossibleCritFunctionValue = 1.1;
