NumDevices = 32;
NumSlotes = 256;


GivenBandwidthOld = [0.0268987, 0.0220336, 0.0288488, 0.0217771, 0.0169838, 0.0322779, 0.0296302, 0.0304734, 0.0265517, 0.0390343, 0.0351155, 0.0206608, 0.0317412, 0.0340208, 0.0228926, 0.0153731, 0.0349779, 0.0343272, 0.0220165, 0.015506, 0.0191058, 0.021791, 0.0262588, 0.0160051, 0.0321251, 0.0364549, 0.0326747, 0.0242658, 0.0210095, 0.0160388, 0.0243183, 0.0279026];
GivenLatency = [87.2601, 92.9638, 81.4512, 109.1, 133.156, 53.3578, 57.5328, 58.8666, 67.7194, 53.4743, 56.3609, 100.558, 53.253, 54.9861, 94.1132, 128.224, 54.1824, 65.2399, 76.9285, 133.602, 96.994, 110.65, 77.646, 148.184, 64.567, 46.0757, 70.7887, 80.2478, 117.099, 152.213, 70.1208, 87.4704];
HighestPossibleCritFunctionValue = 1.1;
