NumDevices = 8;
NumSlotes = 64;


GivenBandwidthOld = [0.0694122, 0.0412523, 0.0569857, 0.0392784, 0.0319961, 0.0382928, 0.0675043, 0.0253785];
GivenLatency = [4.44939, 14.5358, 7.95809, 13.1466, 9.31354, 12.1543, 5.08937, 12.4319];
HighestPossibleCritFunctionValue = 1.1;
