NumDevices = 32;
NumSlotes = 256;


GivenBandwidthOld = [0.0125202, 0.00908457, 0.0168707, 0.0156849, 0.0118372, 0.00537907, 0.0135005, 0.0108081, 0.00912521, 0.0124426, 0.00528717, 0.00649414, 0.0169887, 0.0122988, 0.0131492, 0.00648839, 0.00790342, 0.0153111, 0.0159229, 0.0119772, 0.00826693, 0.0122556, 0.0127262, 0.00902052, 0.0153313, 0.00554315, 0.00879411, 0.0100801, 0.0116079, 0.013195, 0.0130878, 0.0108729];
GivenLatency = [33.1562, 49.6265, 21.9936, 28.3884, 34.3421, 65.931, 38.5205, 52.0863, 68.0429, 25.002, 118.411, 70.7302, 20.4272, 27.5221, 30.1027, 55.2124, 40.3901, 19.9322, 20.1761, 40.1865, 39.4357, 39.3984, 31.9769, 50.3637, 38.4863, 107.579, 42.7757, 41.8673, 46.5773, 27.8211, 27.949, 29.0763];
HighestPossibleCritFunctionValue = 1.1;
