NumDevices = 32;
NumSlotes = 256;


GivenBandwidthOld = [0.0144461, 0.0152952, 0.0114031, 0.00900977, 0.00977441, 0.0110209, 0.0109393, 0.0149754, 0.0107914, 0.0161047, 0.0160022, 0.00622373, 0.00981561, 0.0158982, 0.00818323, 0.00547025, 0.00844168, 0.011829, 0.00534188, 0.0134595, 0.00845317, 0.0173662, 0.00659799, 0.0123413, 0.0149908, 0.00795781, 0.0169548, 0.0166241, 0.00876074, 0.0118254, 0.00636585, 0.0107778];
GivenLatency = [25.8921, 23.5801, 31.1727, 36.653, 64.9036, 42.7369, 31.6121, 22.1117, 28.5685, 20.9377, 29.6902, 72.4423, 44.9963, 23.7431, 68.7251, 86.5475, 36.1545, 29.9846, 119.291, 29.3827, 44.3032, 24.5919, 49.0661, 26.5765, 23.21, 48.1212, 23.5848, 19.8747, 55.0563, 42.6325, 53.2974, 29.6856];
HighestPossibleCritFunctionValue = 1.1;
