NumDevices = 64;
NumSlotes = 512;


GivenBandwidthOld = [0.0100013, 0.016511, 0.0145703, 0.00822917, 0.0127072, 0.0152393, 0.0117502, 0.0106862, 0.0174488, 0.0164556, 0.0144551, 0.0115888, 0.0075855, 0.0144505, 0.0147237, 0.0155068, 0.00789964, 0.014183, 0.00863801, 0.014043, 0.0148938, 0.0145942, 0.0102523, 0.0155549, 0.0156406, 0.0162373, 0.0156011, 0.0125715, 0.0134811, 0.0110923, 0.0131256, 0.0172848, 0.0109615, 0.0154583, 0.0122839, 0.0101216, 0.00915579, 0.0163382, 0.0112399, 0.0135525, 0.0115566, 0.0169354, 0.00906904, 0.00837139, 0.012963, 0.0134619, 0.00878472, 0.00973448, 0.0124488, 0.0119796, 0.0165677, 0.00814313, 0.0165051, 0.0158809, 0.015136, 0.0153791, 0.0112868, 0.0114739, 0.0160009, 0.0114246, 0.017417, 0.011879, 0.015028, 0.0100786];
GivenLatency = [92.8808, 74.1929, 64.9934, 121.52, 93.4523, 78.0286, 94.0617, 85.7359, 58.7734, 68.137, 85.5122, 90.4581, 139.651, 80.2567, 67.3332, 76.0909, 125.237, 82.0546, 123.595, 74.4082, 65.7247, 63.5438, 114.42, 74.384, 76.4801, 56.0363, 65.9674, 94.572, 67.536, 92.5391, 70.571, 54.0972, 98.034, 72.0309, 90.1727, 90.8514, 129.497, 65.3225, 96.9727, 72.6996, 83.9126, 61.542, 132.324, 135.614, 91.3335, 85.1483, 124.451, 115.252, 80.2786, 78.7091, 55.6159, 112.14, 55.3498, 57.8271, 60.3489, 65.4938, 102.083, 81.4814, 67.4858, 80.7389, 61.6922, 81.9133, 69.7762, 106.699];
HighestPossibleCritFunctionValue = 1.1;
