NumDevices = 64;
NumSlotes = 512;


GivenBandwidthOld = [0.00836067, 0.00274559, 0.00504888, 0.00408882, 0.00587244, 0.00807511, 0.0033388, 0.00652757, 0.00639536, 0.00302918, 0.00272417, 0.00764023, 0.00689738, 0.00296492, 0.0038862, 0.00662108, 0.00295613, 0.00621303, 0.0074185, 0.0051759, 0.00755162, 0.00514491, 0.0055693, 0.0070218, 0.00667626, 0.00545451, 0.00263532, 0.00801117, 0.00373663, 0.00527679, 0.00330964, 0.00385414, 0.00529194, 0.00789972, 0.00557855, 0.00613428, 0.00261147, 0.00726873, 0.00681821, 0.00368592, 0.0030068, 0.00780399, 0.0028768, 0.00419647, 0.00251503, 0.00506217, 0.00863928, 0.00405829, 0.00522945, 0.00753938, 0.00562176, 0.00747633, 0.00840412, 0.00804582, 0.00482788, 0.00850761, 0.00368633, 0.00367712, 0.00512682, 0.00771536, 0.00697593, 0.00445532, 0.0031172, 0.00695908];
GivenLatency = [37.0545, 184.664, 92.5385, 127.451, 85.4562, 54.5735, 185.124, 48.1879, 72.9205, 149.71, 178.381, 42.2522, 61.8189, 154.367, 85.917, 53.742, 202.368, 90.0041, 54.2038, 96.6508, 48.0298, 75.5586, 62.9992, 59.3363, 64.6836, 81.4816, 155.645, 39.3225, 111.19, 93.9737, 182.937, 86.8193, 66.4713, 57.1158, 79.9579, 74.4287, 132.552, 53.4096, 45.5552, 109.192, 174.322, 48.6263, 136.319, 77.1967, 253.067, 112.888, 57.639, 85.1105, 66.279, 46.1108, 102.366, 58.1363, 40.0477, 56.0286, 64.1003, 51.9095, 124.183, 124.169, 60.721, 41.744, 58.8206, 74.7194, 103.272, 49.1743];
HighestPossibleCritFunctionValue = 1.1;
