NumDevices = 32;
NumSlotes = 256;


GivenBandwidthOld = [0.00914387, 0.0136103, 0.00536593, 0.00522373, 0.0153041, 0.0116295, 0.0153436, 0.0128185, 0.0101713, 0.00644433, 0.017398, 0.0155832, 0.0149443, 0.0135738, 0.0170757, 0.0111366, 0.00521109, 0.0152924, 0.0141068, 0.0123485, 0.0106913, 0.00904367, 0.0169702, 0.0133205, 0.0107667, 0.0133477, 0.0169624, 0.00761499, 0.00506092, 0.0163785, 0.0059036, 0.0167919];
GivenLatency = [48.5121, 25.5851, 65.9592, 63.3249, 36.0733, 46.5838, 28.7216, 32.1394, 30.7125, 55.9264, 19.5879, 25.8731, 35.5812, 44.3539, 19.4762, 43.6298, 113.304, 41.6736, 31.6166, 39.6504, 33.7751, 37.8057, 29.7383, 25.5323, 42.0893, 34.2013, 27.7781, 49.0745, 91.8248, 32.0878, 77.0893, 26.9167];
HighestPossibleCritFunctionValue = 1.1;
