NumDevices = 32;
NumSlotes = 256;


GivenBandwidthOld = [0.0111795, 0.0134633, 0.0110083, 0.0114226, 0.0122177, 0.0123329, 0.0110983, 0.0124023, 0.0159181, 0.00631013, 0.011775, 0.00958429, 0.0156846, 0.00548738, 0.00883888, 0.0125674, 0.0157567, 0.00508673, 0.0126438, 0.0112259, 0.00559192, 0.0158411, 0.0109013, 0.0135324, 0.00950762, 0.0145569, 0.0156614, 0.0154936, 0.00884659, 0.0171035, 0.0164285, 0.00823064];
GivenLatency = [30.6004, 44.4579, 33.1334, 33.8524, 32.3316, 36.7939, 43.7858, 33.7535, 25.0384, 81.5163, 44.4152, 44.1893, 28.1341, 76.0198, 35.3607, 36.9776, 27.6632, 90.3643, 29.9858, 31.1042, 84.6225, 32.6997, 40.2146, 24.5479, 39.3063, 23.4226, 34.2949, 28.9752, 43.1707, 34.0765, 33.7371, 45.5101];
HighestPossibleCritFunctionValue = 1.1;
