NumDevices = 32;
NumSlotes = 256;


GivenBandwidthOld = [0.00704618, 0.00759472, 0.014378, 0.00837418, 0.0148327, 0.0134849, 0.0104887, 0.0166329, 0.00677157, 0.0173114, 0.0100432, 0.0160759, 0.00719247, 0.0163901, 0.0130687, 0.0154079, 0.0063776, 0.00838574, 0.009061, 0.00814813, 0.0155555, 0.0114875, 0.0153771, 0.0130194, 0.0114285, 0.0120699, 0.0164818, 0.0168762, 0.00894484, 0.00591872, 0.00840394, 0.0150707];
GivenLatency = [58.0866, 44.1962, 44.5769, 54.8947, 22.8159, 40.8619, 59.7041, 26.9008, 77.1045, 22.7851, 43.4002, 26.1387, 49.9153, 36.3507, 35.7505, 20.2301, 88.3482, 41.9624, 48.3233, 69.4013, 35.6923, 53.8937, 22.6977, 23.5445, 30.2674, 26.2866, 26.2364, 23.725, 45.8812, 92.145, 56.4413, 37.0506];
HighestPossibleCritFunctionValue = 1.1;
