NumDevices = 64;
NumSlotes = 512;


GivenBandwidthOld = [0.013589, 0.0151087, 0.00760583, 0.0161052, 0.0147886, 0.0169235, 0.00835366, 0.0149952, 0.00864573, 0.0138326, 0.00890335, 0.0136835, 0.0143396, 0.0102962, 0.0137717, 0.0167461, 0.0168857, 0.0128262, 0.014631, 0.00764961, 0.0120559, 0.00912757, 0.0120508, 0.0134331, 0.0143011, 0.0131819, 0.0130276, 0.00962653, 0.00817525, 0.0164831, 0.0161125, 0.00765923, 0.0136361, 0.0170018, 0.0148468, 0.0151832, 0.00890546, 0.00914874, 0.00782655, 0.0158138, 0.0168446, 0.0114824, 0.0104385, 0.0155046, 0.0100955, 0.00931266, 0.0129139, 0.00879171, 0.0173409, 0.012899, 0.00781993, 0.0145811, 0.00945368, 0.0130605, 0.0125061, 0.0145045, 0.0117118, 0.0153525, 0.0141822, 0.0146589, 0.00782266, 0.0104475, 0.0166611, 0.0080512];
GivenLatency = [79.7172, 61.172, 140.513, 70.1781, 75.0778, 64.7654, 114.973, 66.2786, 108.677, 81.3322, 122.252, 87.0684, 79.6822, 106.292, 68.6792, 71.5156, 58.6837, 86.3617, 84.5149, 159.943, 82.0394, 125.756, 78.4163, 80.8283, 85.313, 78.8646, 82.2256, 98.0373, 142.721, 61.2558, 70.1651, 161.638, 76.4949, 67.5425, 72.4855, 59.8824, 131.808, 136.415, 123.374, 61.4676, 63.1111, 92.0648, 115.811, 62.6928, 121.835, 107.095, 94.066, 129.161, 60.9659, 82.4015, 129.59, 67.3498, 106.778, 86.7638, 83.9007, 83.563, 82.0638, 75.3833, 84.0786, 74.7661, 120.219, 106.208, 59.9296, 141.301];
HighestPossibleCritFunctionValue = 1.1;
