NumDevices = 16;
NumSlotes = 128;


GivenBandwidthOld = [0.0589516, 0.0602356, 0.0397064, 0.044938, 0.0529219, 0.0378354, 0.0397017, 0.0469282, 0.0621263, 0.0564501, 0.0569928, 0.0575233, 0.053299, 0.0564153, 0.0321955, 0.0498403];
GivenLatency = [16.0366, 17.2129, 25.6095, 23.9549, 17.7941, 28.0003, 21.0104, 23.3806, 17.1131, 18.4742, 16.5733, 18.3687, 14.9093, 15.2989, 24.9916, 17.3881];
HighestPossibleCritFunctionValue = 1.1;
