NumDevices = 128;
NumSlotes = 1024;


GivenBandwidthOld = [0.00404511, 0.0074873, 0.00398832, 0.00921613, 0.00428536, 0.00776205, 0.00928225, 0.00922914, 0.00407596, 0.00713149, 0.00519723, 0.00851917, 0.00912574, 0.00384082, 0.00516867, 0.00979873, 0.00847617, 0.00525724, 0.00461722, 0.00404121, 0.00443901, 0.00890706, 0.00976609, 0.00985233, 0.00940896, 0.007672, 0.0083669, 0.00617696, 0.00620248, 0.00385219, 0.00877579, 0.00969206, 0.00939046, 0.00918922, 0.00814847, 0.00382568, 0.00693141, 0.00490201, 0.00939875, 0.00481159, 0.00840661, 0.00493359, 0.00891321, 0.00675421, 0.00803684, 0.00893937, 0.00897784, 0.00554355, 0.00423877, 0.00592526, 0.00701145, 0.00637121, 0.00835072, 0.00926351, 0.00676669, 0.00521437, 0.0091964, 0.00395063, 0.00700856, 0.00787095, 0.00831704, 0.0057192, 0.00631634, 0.00499515, 0.00602625, 0.00449381, 0.0048936, 0.00556597, 0.00598174, 0.00636055, 0.00432687, 0.00552763, 0.00532694, 0.00732076, 0.00499238, 0.00935942, 0.00633122, 0.00509109, 0.00589215, 0.00689748, 0.00961679, 0.00690945, 0.00470841, 0.00544623, 0.00598, 0.00828916, 0.00589782, 0.00838309, 0.00959081, 0.00777538, 0.00838779, 0.00729283, 0.00440528, 0.00459782, 0.00939117, 0.00865794, 0.00392154, 0.00562731, 0.00572847, 0.0058488, 0.00957692, 0.00551108, 0.00848941, 0.00894023, 0.00473348, 0.00804065, 0.00425559, 0.00741258, 0.00445824, 0.00716962, 0.00856255, 0.00709427, 0.00470328, 0.00673686, 0.00393126, 0.00648638, 0.00664871, 0.00990098, 0.00828211, 0.00611066, 0.00430821, 0.00430404, 0.0093251, 0.00448564, 0.0051951, 0.0040727, 0.00869713, 0.00643602];
GivenLatency = [1213.3, 537.142, 1067.54, 419.641, 975.533, 568.268, 502.26, 475.013, 975.293, 681.465, 841.882, 576.241, 440.432, 1273.41, 773.139, 401.198, 476.075, 929.632, 1005.61, 965.257, 770.47, 450.387, 372.5, 472.104, 383.616, 605.912, 522.524, 743.459, 772.492, 967.044, 437.822, 365.158, 531.998, 374.664, 421.627, 877.956, 703.495, 869.583, 357.176, 849.398, 475.495, 716.976, 549.967, 664.779, 484.234, 421.761, 419.998, 610.66, 1147.5, 832.89, 663.625, 771.818, 468.443, 436.518, 585.475, 786.049, 497.859, 1051.82, 551.226, 572.915, 554.75, 850.145, 777.773, 810.559, 697.372, 896.414, 919.011, 721.434, 667.029, 553.556, 878.827, 891.064, 710.308, 509.247, 891.87, 367.924, 748.435, 656.647, 688.39, 605.339, 461.263, 514.607, 889.963, 831.202, 586.079, 407.79, 716.903, 562.22, 361, 602.419, 489.771, 471.269, 807.906, 976.953, 413.207, 477.275, 1230.59, 776.871, 859.787, 822.005, 479.605, 720.74, 567.463, 377.684, 981.281, 416.499, 1044.47, 567.41, 784.074, 542.305, 463.274, 693.017, 954.472, 673.377, 911.715, 762.168, 555.686, 367.317, 439.281, 725.936, 1065.34, 822.716, 370.946, 850.472, 935.64, 820.796, 500.893, 587.862];
HighestPossibleCritFunctionValue = 1.1;
