NumDevices = 32;
NumSlotes = 256;


GivenBandwidthOld = [0.0266918, 0.0196617, 0.0395291, 0.0252769, 0.038882, 0.0254214, 0.0170747, 0.0350529, 0.0186777, 0.0253519, 0.0246268, 0.0372138, 0.0372837, 0.0366818, 0.0216537, 0.018354, 0.0362738, 0.038192, 0.0287572, 0.0327386, 0.0220402, 0.0391098, 0.0287515, 0.037005, 0.0287965, 0.0175778, 0.0150741, 0.0349228, 0.0317115, 0.0345995, 0.023056, 0.0374097];
GivenLatency = [72.4519, 115.435, 47.8437, 83.9923, 44.3238, 92.7775, 131.591, 53.0977, 117.474, 69.7778, 92.8169, 60.3476, 57.8374, 61.6273, 85.3242, 98.4511, 47.2398, 43.8394, 65.3906, 56.7806, 91.6413, 45.0459, 84.1461, 47.3789, 64.1659, 111.942, 142.549, 70.7075, 54.5851, 51.0317, 75.7017, 63.3544];
HighestPossibleCritFunctionValue = 1.1;
