NumDevices = 32;
NumSlotes = 256;


GivenBandwidthOld = [0.016638, 0.024218, 0.0223505, 0.0151487, 0.0334231, 0.0325234, 0.030076, 0.0170701, 0.0273839, 0.0313527, 0.0155784, 0.0161311, 0.024822, 0.034129, 0.0154401, 0.0314148, 0.0190295, 0.0196275, 0.02974, 0.0304867, 0.0193341, 0.0180696, 0.025309, 0.0187359, 0.023806, 0.0169195, 0.0168256, 0.0170405, 0.0299374, 0.0274463, 0.019506, 0.026978];
GivenLatency = [55.1299, 45.5942, 43.9663, 56.8561, 30.7103, 32.7604, 27.7181, 62.8809, 42.0731, 31.845, 60.8818, 60.5387, 33.9755, 32.6302, 75.619, 32.1341, 48.9249, 43.0339, 39.0651, 31.6588, 46.2065, 63.2099, 37.4644, 44.9525, 37.8427, 61.3309, 52.0434, 54.1471, 35.7876, 36.1752, 48.7286, 32.0603];
HighestPossibleCritFunctionValue = 1.1;
