NumDevices = 32;
NumSlotes = 256;


GivenBandwidthOld = [0.0253145, 0.0302446, 0.0309785, 0.0263646, 0.019282, 0.0233765, 0.0195692, 0.0300351, 0.0301669, 0.0251017, 0.0345554, 0.0225298, 0.0277913, 0.0187482, 0.031662, 0.0327429, 0.0203266, 0.0198772, 0.0259908, 0.0174796, 0.0301821, 0.0212517, 0.0279773, 0.0246804, 0.0338241, 0.0309382, 0.0287672, 0.0206915, 0.0315315, 0.0198735, 0.0232513, 0.015324];
GivenLatency = [41.6967, 30.1176, 33.1694, 43.8291, 51.1013, 40.8662, 51.1883, 29.9905, 36.8677, 42.4303, 33.338, 39.4224, 32.5255, 47.9919, 29.9469, 30.3209, 49.2316, 44.663, 40.617, 50.3473, 28.157, 42.0617, 33.8054, 37.3763, 31.27, 33.9141, 36.3131, 46.6085, 28.7703, 44.4019, 40.4865, 75.4026];
HighestPossibleCritFunctionValue = 1.1;
