NumDevices = 32;
NumSlotes = 256;


GivenBandwidthOld = [0.0335148, 0.0338742, 0.0335168, 0.0276087, 0.0287373, 0.0185652, 0.01592, 0.0171547, 0.0288384, 0.0163866, 0.0201594, 0.0284425, 0.0230303, 0.0204572, 0.0345838, 0.0202465, 0.0328262, 0.0191397, 0.0313515, 0.0345989, 0.0333054, 0.0340833, 0.0274123, 0.0289281, 0.0250408, 0.0302904, 0.0212902, 0.0342086, 0.0340159, 0.0159951, 0.0201543, 0.0229829];
GivenLatency = [29.5923, 25.1593, 26.0057, 38.3748, 36.352, 59.3659, 57.5415, 64.2752, 31.0183, 58.3824, 43.559, 30.3207, 49.1078, 52.9576, 25.2713, 53.9137, 25.7112, 45.6696, 33.8006, 26.0069, 26.7288, 32.2813, 34.6961, 30.2298, 33.7928, 28.2662, 50.1633, 32.243, 30.4015, 54.0959, 57.4972, 37.3638];
HighestPossibleCritFunctionValue = 1.1;
