NumDevices = 128;
NumSlotes = 1024;


GivenBandwidthOld = [0.00872517, 0.00892125, 0.00452024, 0.00538388, 0.00810233, 0.00958511, 0.00566567, 0.00659727, 0.00787499, 0.00749445, 0.00539383, 0.00658927, 0.00458516, 0.00895992, 0.0044597, 0.00673112, 0.00735308, 0.00452692, 0.00516229, 0.00890803, 0.00729572, 0.00910545, 0.00653966, 0.00831142, 0.00499744, 0.00693044, 0.00745867, 0.00409975, 0.00697957, 0.0081349, 0.00706185, 0.00968475, 0.00541492, 0.00477279, 0.00622846, 0.00927417, 0.00473257, 0.00530873, 0.00755175, 0.00597186, 0.00898868, 0.00642319, 0.00710165, 0.00989205, 0.00822679, 0.00759381, 0.00665803, 0.00400873, 0.00852363, 0.00917671, 0.00421022, 0.00740586, 0.00398881, 0.00489934, 0.00812453, 0.0077144, 0.00849362, 0.00482278, 0.00893269, 0.00918817, 0.00940228, 0.00784551, 0.00567591, 0.00996616, 0.00993095, 0.00572109, 0.00685886, 0.0044087, 0.00582874, 0.00989252, 0.0098644, 0.00591514, 0.00584187, 0.00557794, 0.00716468, 0.00671867, 0.00445056, 0.00923913, 0.00963902, 0.00551719, 0.00485578, 0.00726958, 0.00739357, 0.00996007, 0.00765503, 0.00428552, 0.00428029, 0.00377002, 0.00905413, 0.00649418, 0.00648316, 0.00867992, 0.00474395, 0.009069, 0.00647517, 0.00563779, 0.00688042, 0.00429332, 0.00414369, 0.00798878, 0.00750567, 0.00645802, 0.0048889, 0.00766266, 0.00761435, 0.00817614, 0.00632046, 0.00541759, 0.00589664, 0.00740589, 0.00461991, 0.00552773, 0.0069987, 0.00461442, 0.00701173, 0.00489417, 0.00874293, 0.00739178, 0.0049162, 0.0041439, 0.00532468, 0.00690386, 0.00439905, 0.00602965, 0.00537146, 0.00560804, 0.0068872, 0.00565501];
GivenLatency = [408.3, 408.353, 807.77, 913.172, 489.186, 351.672, 748.742, 655.231, 513.428, 622.003, 772.286, 652.969, 857.856, 388.51, 802.735, 600.782, 675.488, 766.7, 900.375, 424.071, 489.235, 459.84, 622.932, 443.182, 909.343, 687.417, 560.147, 846.878, 593.488, 566.594, 672.746, 512.88, 739.337, 902.619, 673.45, 421.817, 797.956, 740.819, 553.886, 780.171, 405.713, 579.751, 598.186, 405.55, 446.76, 561.305, 611.691, 869.221, 393.295, 403.773, 1029.86, 670.054, 1125.85, 795.209, 567.516, 546.97, 511.265, 802.176, 480.384, 371.639, 380.424, 575.95, 871.417, 412.798, 483.556, 632.468, 561.241, 902.108, 790.867, 390.327, 397.878, 757.623, 692.006, 679.828, 496.341, 695.998, 832.527, 432.725, 420.402, 708.406, 942.01, 643.956, 541.789, 462.908, 650.714, 875.839, 862.334, 997.201, 402.564, 622.717, 519.399, 424.848, 860.891, 543.712, 534.595, 625.064, 661.75, 1087.68, 1169.98, 480.44, 524.127, 683.579, 763.765, 626.708, 609.071, 587.575, 577.237, 661.302, 824.34, 575.961, 1008.74, 734.842, 673.236, 971.328, 487.456, 883.114, 541.64, 573.042, 828.7, 899.141, 646.796, 707.301, 853.414, 677.39, 621.55, 601.232, 523.86, 707.997];
HighestPossibleCritFunctionValue = 1.1;
