NumDevices = 32;
NumSlotes = 256;


GivenBandwidthOld = [0.0251472, 0.0194055, 0.0180437, 0.0309072, 0.0269588, 0.0259581, 0.0272121, 0.0245897, 0.0292993, 0.0232188, 0.029223, 0.0204297, 0.0312581, 0.0242657, 0.024389, 0.0161398, 0.0312364, 0.0193927, 0.0237987, 0.0155258, 0.032609, 0.0286727, 0.0319521, 0.0294142, 0.0342211, 0.0245221, 0.0331443, 0.0267296, 0.0339273, 0.0257403, 0.0274709, 0.0329114];
GivenLatency = [34.7562, 51.3908, 49.439, 34.8201, 38.7073, 42.3059, 31.2628, 35.8563, 36.4213, 39.4684, 38.2154, 54.3355, 36.0673, 36.4197, 40.0588, 56.8795, 35.7847, 60.2692, 42.6147, 58.0283, 35.167, 33.8531, 30.7248, 39.409, 26.5181, 36.4528, 28.2799, 40.1811, 30.2638, 44.8642, 38.6146, 27.2806];
HighestPossibleCritFunctionValue = 1.1;
