NumDevices = 128;
NumSlotes = 1024;


GivenBandwidthOld = [0.00527508, 0.00584884, 0.00392447, 0.00608563, 0.00865026, 0.00745112, 0.00842801, 0.00709823, 0.00742084, 0.00458229, 0.00708795, 0.00464059, 0.00692555, 0.00518355, 0.00744616, 0.00511072, 0.00829393, 0.00850827, 0.00599312, 0.00391712, 0.00754631, 0.00834904, 0.00488422, 0.0065091, 0.005928, 0.00447506, 0.0048449, 0.00574353, 0.0040815, 0.00521619, 0.00605535, 0.0048189, 0.00381268, 0.00718353, 0.00606448, 0.00814433, 0.00417797, 0.00659999, 0.00846772, 0.00449656, 0.00622742, 0.00679567, 0.0072778, 0.00547126, 0.00791519, 0.00805801, 0.00849594, 0.00869628, 0.00581102, 0.00826746, 0.00377104, 0.00738606, 0.00501481, 0.00635445, 0.00669099, 0.00792592, 0.00837607, 0.00414257, 0.00675464, 0.00770701, 0.00419167, 0.00682179, 0.00640516, 0.00410716, 0.00647861, 0.00842181, 0.00792589, 0.00789941, 0.00783359, 0.00661249, 0.00862072, 0.00600307, 0.00611255, 0.00615281, 0.00785158, 0.00393101, 0.00595099, 0.00573186, 0.00784527, 0.00788918, 0.0059981, 0.00753984, 0.0046128, 0.00475931, 0.00729478, 0.00592137, 0.00790453, 0.00396771, 0.00783981, 0.00622283, 0.00465447, 0.00520363, 0.00494264, 0.00849112, 0.00782492, 0.00585395, 0.00490821, 0.00481435, 0.00729611, 0.00814023, 0.00539663, 0.00858729, 0.00409809, 0.00409067, 0.00431048, 0.00869295, 0.00490221, 0.00400488, 0.00758917, 0.0086644, 0.0050031, 0.00465783, 0.00665359, 0.00438558, 0.006003, 0.00490995, 0.00405629, 0.00653777, 0.00775174, 0.00593729, 0.00546329, 0.00396954, 0.00853679, 0.00531238, 0.00762945, 0.00568357, 0.00623958, 0.0061597];
GivenLatency = [182.285, 169.714, 298.648, 209.213, 112.686, 171.116, 148.944, 179.083, 171.93, 248.628, 168.158, 214.928, 152.225, 215.701, 141.464, 194.813, 115.503, 147.81, 202.146, 288.83, 154.706, 115.239, 208.518, 167.825, 161.7, 232.019, 220.471, 186.637, 278.519, 201.308, 206.912, 221.734, 265.738, 157.722, 174.855, 138.335, 285.076, 193.963, 123.691, 244.99, 155.013, 158.46, 156.65, 213.185, 159.725, 135.796, 118.675, 143.342, 219.223, 136.685, 287.931, 145.914, 219.583, 197.661, 167.987, 121.891, 114.079, 235.55, 168.893, 134.31, 250.433, 190.301, 198.599, 303.702, 156.122, 116.169, 134.781, 139.345, 122.855, 146.079, 111.266, 187.625, 178.523, 181.466, 152.595, 285.211, 169.01, 220.719, 138.476, 125.82, 208.015, 143.223, 218.918, 206.527, 162.567, 173.604, 143.224, 264.807, 141.157, 195.773, 219.352, 186.444, 235.765, 152.592, 130.187, 172.791, 204.83, 244.783, 154.562, 134.302, 188.234, 127.491, 301.672, 254.782, 238.669, 122.974, 203.923, 277.295, 156.475, 130.462, 224.198, 204.534, 152.421, 249.53, 184.077, 244.108, 246.377, 183.078, 147.767, 174.16, 177.104, 262.308, 138.395, 238.313, 140.87, 201.572, 168.235, 207.533];
HighestPossibleCritFunctionValue = 1.1;
