NumDevices = 64;
NumSlotes = 512;


GivenBandwidthOld = [0.0157783, 0.0153861, 0.0122971, 0.0192097, 0.0123669, 0.0173816, 0.0120115, 0.007673, 0.0151887, 0.0191248, 0.0100864, 0.0143028, 0.0172727, 0.0191169, 0.0147212, 0.0123886, 0.00795988, 0.0117873, 0.0134386, 0.017366, 0.0128283, 0.00953487, 0.00757526, 0.00994877, 0.0139595, 0.0105528, 0.0162805, 0.0180572, 0.017166, 0.0147506, 0.0191467, 0.0165292, 0.0105294, 0.0108212, 0.0142527, 0.0134005, 0.0146543, 0.0126248, 0.0149193, 0.0168149, 0.0134899, 0.0169694, 0.0102378, 0.00956928, 0.010879, 0.0107289, 0.0132456, 0.0110059, 0.0181571, 0.00956559, 0.011334, 0.00775007, 0.0103779, 0.0135881, 0.0184887, 0.0195611, 0.0188181, 0.01792, 0.0107525, 0.0104007, 0.00886276, 0.011381, 0.0102308, 0.0160315];
GivenLatency = [202.228, 178.755, 257.865, 173.064, 238.369, 164.412, 249.78, 302.928, 192.438, 156.753, 261.552, 212.044, 142.483, 131.424, 201.384, 204.538, 348.748, 204.297, 238.104, 130.268, 250.293, 272.989, 347.545, 231.701, 206.919, 235.56, 177.308, 151.842, 157.479, 194.708, 141.821, 182.946, 301.967, 212.447, 172.31, 186.918, 153.197, 206.817, 149.734, 138.715, 199.618, 170.999, 277.393, 281.883, 238.621, 302.639, 172.677, 262.251, 163.929, 232.723, 251.258, 327.085, 309.421, 228.533, 122.814, 153.175, 148.174, 127.514, 234.662, 265.103, 343.052, 215.665, 233.602, 143.209];
HighestPossibleCritFunctionValue = 1.1;
