NumDevices = 16;
NumSlotes = 128;


GivenBandwidthOld = [0.063269, 0.0312311, 0.070824, 0.059454, 0.0629981, 0.0793678, 0.0540132, 0.0704334, 0.0443706, 0.0574854, 0.0774897, 0.0393754, 0.0518517, 0.0420724, 0.0310531, 0.0300948];
GivenLatency = [22.0503, 48.8915, 27.117, 23.626, 23.9214, 20.6034, 25.9212, 19.0051, 33.0655, 27.9124, 22.9008, 50.7603, 27.8762, 35.4426, 51.904, 56.4096];
HighestPossibleCritFunctionValue = 1.1;
