NumDevices = 64;
NumSlotes = 512;


GivenBandwidthOld = [0.0149338, 0.0103708, 0.0188031, 0.0165356, 0.0189783, 0.0102208, 0.0113616, 0.00948104, 0.0153481, 0.00972586, 0.0176095, 0.0183669, 0.0093911, 0.0162246, 0.0160003, 0.00932457, 0.0105353, 0.00877867, 0.0106031, 0.0121299, 0.00949989, 0.0196772, 0.0194941, 0.018109, 0.013403, 0.00754742, 0.0169823, 0.0135031, 0.0139948, 0.0159517, 0.016949, 0.0173734, 0.0120507, 0.0167696, 0.0144307, 0.0174377, 0.0178819, 0.00894598, 0.0100424, 0.0125027, 0.0135084, 0.0158029, 0.0166713, 0.0115115, 0.0167925, 0.0122311, 0.0108627, 0.0112792, 0.0115232, 0.0130458, 0.0156528, 0.0193615, 0.0136223, 0.0169918, 0.0117062, 0.0142445, 0.0131152, 0.0198654, 0.00758115, 0.00895117, 0.00974889, 0.0170378, 0.00915176, 0.0186954];
GivenLatency = [157.059, 296.629, 123.158, 159.137, 157.05, 235.807, 219.292, 289.279, 203.609, 232.903, 133.643, 126.556, 240.539, 147.006, 150.893, 241.388, 314.205, 297.441, 310.173, 272.128, 286.16, 133.855, 139.611, 154.867, 184.391, 393.689, 182.684, 219.913, 196.542, 145.731, 166.793, 133.652, 226.368, 176.515, 179.815, 184.668, 170.362, 358.69, 306.328, 178.648, 197.185, 202.047, 180.157, 278.158, 166.358, 198.848, 262.224, 285.293, 271.316, 204.296, 167.847, 144.411, 175.306, 159.698, 231.863, 231.629, 231.947, 118.461, 431.008, 259.529, 245.5, 143.357, 250.303, 143.832];
HighestPossibleCritFunctionValue = 1.1;
