NumDevices = 64;
NumSlotes = 512;


GivenBandwidthOld = [0.0198732, 0.0144186, 0.0133096, 0.0111378, 0.010372, 0.0139366, 0.0116398, 0.0106147, 0.0184183, 0.0117394, 0.00972486, 0.0132113, 0.0101958, 0.0161047, 0.0150253, 0.0107792, 0.0088344, 0.00974023, 0.00901105, 0.0162597, 0.0191473, 0.0132831, 0.0158101, 0.0135542, 0.00966873, 0.019882, 0.0119962, 0.013179, 0.0170606, 0.0168852, 0.01937, 0.0198259, 0.0181562, 0.0179945, 0.0139425, 0.0112662, 0.0182542, 0.0155376, 0.00799252, 0.010231, 0.00809562, 0.0181663, 0.012933, 0.0195707, 0.0166001, 0.0147925, 0.00940469, 0.0197068, 0.0170336, 0.0130402, 0.00912163, 0.012231, 0.00819289, 0.0154512, 0.0181577, 0.0185195, 0.012929, 0.0144091, 0.0155276, 0.0142653, 0.0117198, 0.0171304, 0.015969, 0.00895547];
GivenLatency = [113.247, 174.927, 226.455, 266.65, 260.707, 170.105, 235.773, 307.502, 134.728, 226.596, 332.112, 234.254, 235.091, 162.694, 183.994, 247.922, 341.405, 287.974, 322.255, 170.085, 143.929, 189.017, 180.253, 240.971, 297.13, 130.092, 272.138, 207.42, 141.666, 153.042, 149.955, 155.466, 166.375, 139.948, 226.368, 267.723, 173.643, 194.691, 297.75, 220.712, 304.446, 128.198, 181.054, 162.514, 190.537, 153.049, 320.212, 147.891, 174.976, 192.759, 263.02, 233.721, 282.812, 176.25, 179.209, 149.95, 251.397, 166.904, 172.079, 210.741, 196.568, 132.257, 175.031, 353.416];
HighestPossibleCritFunctionValue = 1.1;
