NumDevices = 128;
NumSlotes = 1024;


GivenBandwidthOld = [0.00628626, 0.00567805, 0.00841176, 0.00395062, 0.00562681, 0.00734671, 0.00864595, 0.00491754, 0.00659586, 0.00409095, 0.00408895, 0.00540488, 0.00728773, 0.00742943, 0.00395364, 0.0063852, 0.00856398, 0.00729936, 0.00786714, 0.00548013, 0.00703143, 0.00477008, 0.00825801, 0.00488557, 0.00428763, 0.00468733, 0.00743123, 0.00417411, 0.00679651, 0.00650892, 0.00786602, 0.00663083, 0.00681865, 0.00846592, 0.00422753, 0.00462413, 0.00531971, 0.00578708, 0.00588686, 0.00793492, 0.00471168, 0.00668292, 0.00729595, 0.00560746, 0.00713763, 0.00459292, 0.0057424, 0.00495729, 0.0047386, 0.00411425, 0.00570254, 0.00510203, 0.00727418, 0.00472208, 0.00647677, 0.00765252, 0.00842718, 0.00813125, 0.00442643, 0.00754628, 0.00776927, 0.00556487, 0.00626683, 0.00412623, 0.00707811, 0.00434838, 0.00567837, 0.00378327, 0.00793845, 0.00400562, 0.004985, 0.00544784, 0.00427069, 0.00496253, 0.0077064, 0.00398765, 0.00785361, 0.00818609, 0.00606515, 0.00455447, 0.00443468, 0.00615527, 0.00408155, 0.00617966, 0.00401476, 0.00861209, 0.00593717, 0.00849429, 0.00603511, 0.0045718, 0.00581894, 0.00638403, 0.00383668, 0.00551981, 0.00397991, 0.0077846, 0.00827747, 0.00686584, 0.00665749, 0.00490294, 0.00618115, 0.00407996, 0.00442467, 0.00787835, 0.0039258, 0.00835568, 0.00639949, 0.0087295, 0.00425815, 0.00426379, 0.00406993, 0.0057434, 0.00682277, 0.00775285, 0.00458134, 0.00609758, 0.00452412, 0.00446756, 0.00375301, 0.00439271, 0.00583876, 0.00455675, 0.00785065, 0.0083345, 0.00547371, 0.00411171, 0.00798262, 0.00634696];
GivenLatency = [163.659, 221.358, 119.157, 269.991, 225.46, 134.581, 138.473, 246.926, 149.611, 238.648, 315.66, 180.948, 175.958, 131.961, 323.426, 170.849, 111.861, 134.752, 141.67, 213.629, 137.756, 237.356, 124.06, 200.357, 294.694, 252.411, 141.763, 233.695, 180.036, 186.881, 145.484, 156.056, 185.286, 132.864, 290.971, 275.224, 225.343, 199.774, 176.044, 130.257, 226.291, 171.162, 143.821, 180.989, 134.224, 239.925, 224.916, 211.763, 201.638, 263.845, 180.938, 212.874, 133.714, 203.31, 153.961, 160.437, 148.78, 137.592, 281.772, 129.872, 137.837, 172.507, 201.991, 245.017, 136.455, 271.834, 178.537, 269.798, 147.497, 254.911, 207.074, 193.465, 261.687, 235.98, 131.115, 261.784, 147.215, 120.123, 164.878, 283.553, 280.291, 205.078, 265.24, 178.564, 265.494, 113.728, 215.465, 119.216, 170.377, 215.897, 165.409, 150.254, 309.696, 215.57, 324.622, 123.49, 154.477, 145.024, 169.489, 264.129, 158.569, 233.664, 239.158, 126.118, 282.063, 152.104, 155.879, 126.091, 255.881, 235.119, 301.669, 212.427, 159.894, 162.904, 235.3, 201.846, 213.855, 239.292, 279.611, 295.04, 195.754, 215.097, 127.93, 118.63, 209.239, 237.899, 150.746, 175.017];
HighestPossibleCritFunctionValue = 1.1;
