NumDevices = 128;
NumSlotes = 1024;


GivenBandwidthOld = [0.00991571, 0.00588965, 0.00853681, 0.00574969, 0.00621779, 0.00482545, 0.00388902, 0.00894505, 0.0044391, 0.00416643, 0.00890064, 0.00806125, 0.00670347, 0.00516353, 0.00476447, 0.00402523, 0.00450603, 0.00415966, 0.0076426, 0.00796459, 0.00708416, 0.00979975, 0.00684606, 0.00798613, 0.00667432, 0.00900542, 0.00654208, 0.00516619, 0.00559988, 0.00721306, 0.00732311, 0.00708089, 0.00478008, 0.00376275, 0.0054859, 0.00404752, 0.00409764, 0.00900122, 0.00475003, 0.00493287, 0.00925641, 0.00621367, 0.00434481, 0.00695633, 0.00496838, 0.00600244, 0.00424834, 0.00437473, 0.00991305, 0.00496228, 0.00977998, 0.00582007, 0.0079075, 0.00392294, 0.00407042, 0.00776907, 0.00853091, 0.00643208, 0.00649403, 0.00383613, 0.00763364, 0.00735638, 0.0099947, 0.00835609, 0.00578549, 0.00800913, 0.00576737, 0.00961243, 0.00857589, 0.00616239, 0.00510193, 0.00682824, 0.00847665, 0.00713697, 0.00988887, 0.00476471, 0.00799667, 0.00878452, 0.00635787, 0.00928548, 0.00736942, 0.00405477, 0.00729622, 0.00500373, 0.00645167, 0.00449253, 0.00848775, 0.00613373, 0.00458754, 0.00525129, 0.00473562, 0.0066256, 0.00889116, 0.00492656, 0.00938838, 0.00541157, 0.00469597, 0.0088682, 0.00651753, 0.00518405, 0.00578292, 0.00847129, 0.0044727, 0.00643523, 0.00947996, 0.00725309, 0.00511837, 0.00812984, 0.00950604, 0.00798388, 0.0063641, 0.00768656, 0.00930735, 0.00618103, 0.00590024, 0.00539551, 0.00985758, 0.00378271, 0.00968583, 0.00470401, 0.0066149, 0.00413066, 0.00769637, 0.00534767, 0.00582429, 0.00377572, 0.00474358, 0.00901569];
GivenLatency = [484.382, 621.163, 474.458, 827.25, 691.63, 875.21, 1250.11, 494.545, 789.988, 1000.97, 543.721, 613.871, 636.04, 949.278, 811.172, 1098.36, 1042.97, 1096.02, 645.023, 475.018, 481.8, 353.589, 493.336, 420.379, 584.461, 506.749, 666.707, 750.404, 692.078, 515.081, 640.063, 501.303, 1004.66, 1028.13, 712.067, 1210.39, 1010.83, 372.382, 729.504, 725.372, 362.555, 756.943, 827.823, 573.387, 698.939, 559.15, 931.257, 863.149, 401.843, 758.657, 495.183, 672.656, 446.657, 949.697, 1124.74, 559.927, 422.771, 639.473, 570.414, 935.141, 636, 460.976, 348.347, 477.338, 620.111, 440.631, 727.056, 403.739, 408.147, 552.353, 667.041, 496.328, 552.891, 607.097, 353.608, 960.269, 525.077, 458.958, 551.436, 463.142, 543.435, 1168.67, 533.806, 721.823, 631.914, 763.451, 478.847, 672.002, 1044.15, 874.209, 767.12, 557.569, 480.379, 898.568, 513.578, 821.749, 874.077, 470.027, 735.518, 892.457, 732.135, 478.586, 961.05, 560.509, 440.627, 488.524, 944.89, 435.068, 485.117, 504.057, 637.959, 601.519, 454.551, 621.21, 695.865, 920.298, 376.007, 1058.14, 374.167, 894.536, 615.333, 1140.67, 486.489, 884.853, 690.23, 1080.11, 746.889, 495.496];
HighestPossibleCritFunctionValue = 1.1;
