NumDevices = 128;
NumSlotes = 1024;


GivenBandwidthOld = [0.00624031, 0.008427, 0.00376055, 0.00613437, 0.0090356, 0.00754235, 0.00429067, 0.00945718, 0.00549716, 0.00571233, 0.00960039, 0.00631467, 0.00818552, 0.00770498, 0.00634481, 0.00840844, 0.00433865, 0.00970347, 0.00751818, 0.00437201, 0.00785179, 0.00509627, 0.00555677, 0.00770536, 0.00652167, 0.00602373, 0.00576164, 0.00709212, 0.00598416, 0.00955034, 0.00875854, 0.00732305, 0.00602844, 0.00998602, 0.00623704, 0.00975941, 0.00392326, 0.00956106, 0.00767645, 0.00816722, 0.0065487, 0.00392923, 0.0097718, 0.00582818, 0.00664141, 0.00588381, 0.00424907, 0.00406484, 0.00781131, 0.00594946, 0.00764264, 0.00867009, 0.00814365, 0.00414701, 0.00753889, 0.00862279, 0.00697647, 0.00603354, 0.0082034, 0.00824157, 0.00607262, 0.00877845, 0.0044627, 0.00716331, 0.00873977, 0.00424501, 0.0046477, 0.00396981, 0.00429101, 0.00902579, 0.00515997, 0.00743418, 0.0050241, 0.00502692, 0.00862958, 0.00861296, 0.00430437, 0.00856256, 0.0072058, 0.00411676, 0.0053627, 0.00844564, 0.00466952, 0.00806712, 0.00528676, 0.00710432, 0.00483444, 0.00493198, 0.00670865, 0.0047584, 0.00824182, 0.00409768, 0.009651, 0.00692489, 0.00781475, 0.00743361, 0.00796355, 0.00843125, 0.00658559, 0.00521149, 0.00458653, 0.00712603, 0.00713472, 0.00945735, 0.00836014, 0.00512945, 0.00697232, 0.00501606, 0.00735055, 0.00571233, 0.00960348, 0.00810768, 0.00570511, 0.00704847, 0.00987191, 0.00712362, 0.00411247, 0.00825645, 0.00624114, 0.00990734, 0.00885574, 0.00961647, 0.00774938, 0.00881813, 0.00882219, 0.00834318, 0.00752671, 0.00387328];
GivenLatency = [637.766, 554.745, 1264.48, 574.33, 448.056, 506.965, 861.146, 489.986, 644.734, 823.167, 367.261, 549.529, 436.622, 633.984, 630.935, 512.01, 812.778, 510.136, 453.022, 845.813, 610.788, 828.552, 823.138, 482.833, 687.418, 657.482, 654.483, 597.754, 723.654, 498.157, 394.62, 617.179, 623.425, 345.114, 765.74, 357.612, 1048.04, 407.102, 466.206, 473.198, 645.219, 956.894, 461.232, 722.622, 551.49, 737.862, 800.718, 848.725, 448.278, 676.066, 578.428, 426.412, 438.15, 816.79, 509.533, 512.868, 547.102, 592.611, 496.491, 517.556, 672.471, 424.387, 780.443, 472.637, 388.676, 817.765, 915.602, 1119.26, 1133.32, 452.227, 800.976, 607.591, 704.538, 700.84, 436.377, 516.151, 780.186, 463.893, 560.34, 1095.3, 733.258, 476.7, 768.488, 569.663, 785.776, 509.555, 776.501, 793.876, 571.213, 749.636, 586.452, 1021.34, 516.88, 693.905, 496.235, 459.54, 576.798, 426.12, 568.794, 791.903, 858.594, 595.623, 494.325, 494.698, 449.841, 717.862, 597.689, 693.027, 467.66, 781.153, 466.395, 427.262, 654.422, 667.065, 341.169, 624.574, 1135.16, 494.99, 662.159, 336.584, 543.433, 393.967, 546.07, 393.946, 499.827, 419.307, 510.978, 1222.93];
HighestPossibleCritFunctionValue = 1.1;
