NumDevices = 128;
NumSlotes = 1024;


GivenBandwidthOld = [0.00544462, 0.0052635, 0.00609402, 0.00472769, 0.00578179, 0.00696142, 0.00809777, 0.00669338, 0.00816872, 0.00410581, 0.00392904, 0.00780048, 0.00520342, 0.00637981, 0.00788614, 0.00483607, 0.00726115, 0.00561489, 0.00692916, 0.00594024, 0.00516085, 0.00589731, 0.00866681, 0.00552984, 0.00757853, 0.00480114, 0.00525821, 0.00729478, 0.00593737, 0.00689931, 0.0041806, 0.00577933, 0.00573183, 0.00742601, 0.00640987, 0.00822099, 0.00765227, 0.00427189, 0.0051157, 0.00711469, 0.00413848, 0.00799607, 0.00746928, 0.00863352, 0.00608778, 0.00484088, 0.00817567, 0.00600285, 0.00745177, 0.00435241, 0.00846212, 0.0053318, 0.00407569, 0.00757245, 0.00772603, 0.00391787, 0.00510427, 0.00493776, 0.00651605, 0.00775128, 0.00825414, 0.00481667, 0.00622474, 0.00670228, 0.00771541, 0.00539623, 0.00698383, 0.00474703, 0.00587809, 0.00555492, 0.00400022, 0.00418355, 0.00534518, 0.00387863, 0.00571845, 0.00754562, 0.00669746, 0.00668674, 0.00652963, 0.0059576, 0.00692269, 0.00716666, 0.0076007, 0.00744561, 0.00589904, 0.00765959, 0.00726602, 0.0074946, 0.00421485, 0.00648921, 0.00660054, 0.00771814, 0.00624295, 0.00771602, 0.00561234, 0.00417789, 0.00537633, 0.00753455, 0.00560444, 0.0062793, 0.0086381, 0.00800902, 0.00504551, 0.00741671, 0.00506496, 0.00426166, 0.00814646, 0.00506124, 0.0068356, 0.00842156, 0.00865942, 0.00638958, 0.00714825, 0.00807957, 0.00588892, 0.00759224, 0.00521047, 0.00484106, 0.0062089, 0.00544571, 0.00862846, 0.00609079, 0.00539649, 0.00624885, 0.00692237, 0.00677645, 0.00423756, 0.00817008];
GivenLatency = [191.946, 193.379, 200.698, 226.294, 170.516, 141.94, 144.738, 174.945, 134.923, 270.004, 304.303, 165.727, 194.871, 184.449, 121.277, 201.388, 138.8, 212.287, 147.186, 207.629, 227.787, 168.504, 145.879, 195.216, 142.82, 260.742, 210.057, 156.162, 173.815, 170.937, 268.784, 211.686, 182.263, 151.778, 160.136, 119.202, 148.14, 293.668, 189.189, 147.951, 254.944, 152.481, 128.171, 133.023, 170.839, 239.968, 127.32, 169.258, 138.495, 243.126, 140.475, 216.398, 236.442, 163.496, 139.154, 315.129, 226.524, 201.204, 169.79, 152.038, 129.116, 248.939, 155.767, 188.925, 152.498, 235.749, 156.941, 220.656, 166.942, 199.648, 258.792, 277.137, 198.237, 245.902, 185.876, 150.87, 148.401, 153.715, 180.769, 203.352, 179.442, 158.419, 145.383, 152.414, 172.522, 129.387, 146.68, 129.449, 270.429, 158.192, 152.637, 129.448, 153.347, 139.866, 203.867, 286.117, 209.239, 160.759, 209.347, 201.361, 123.815, 129.76, 194.667, 131.797, 209.75, 263.107, 123.865, 193.187, 150.82, 116.021, 113.803, 157.718, 172.698, 145.265, 202.662, 140.174, 186.903, 224.876, 178.882, 221.774, 149.547, 172.462, 226.188, 174.012, 153.493, 144.84, 224.834, 120.809];
HighestPossibleCritFunctionValue = 1.1;
