NumDevices = 128;
NumSlotes = 1024;


GivenBandwidthOld = [0.00227607, 0.00266848, 0.00410965, 0.00407989, 0.00386731, 0.00284643, 0.00429625, 0.00273531, 0.00238006, 0.00349413, 0.00267656, 0.00250027, 0.00208953, 0.00193251, 0.00347579, 0.00382371, 0.00128038, 0.0025342, 0.00349944, 0.00129798, 0.00132375, 0.00327385, 0.00367359, 0.00332427, 0.00417891, 0.00250545, 0.00156361, 0.00333131, 0.00375234, 0.00186555, 0.00299128, 0.00133315, 0.00186421, 0.00244975, 0.00293979, 0.00161272, 0.00365908, 0.00311942, 0.00186876, 0.00387417, 0.00258285, 0.00237515, 0.00227247, 0.00144806, 0.00189551, 0.00348546, 0.00392871, 0.00353474, 0.00401358, 0.00188942, 0.00414923, 0.00354995, 0.00338889, 0.00277475, 0.00268556, 0.0037079, 0.00186541, 0.00378505, 0.00158662, 0.0025264, 0.00365827, 0.00197874, 0.00238858, 0.00303805, 0.00303479, 0.00132247, 0.00369462, 0.0036734, 0.00321967, 0.00241353, 0.00349671, 0.00234511, 0.003601, 0.00200061, 0.00423564, 0.00272296, 0.00417568, 0.00437387, 0.00417059, 0.00315251, 0.00169411, 0.00288659, 0.00434159, 0.00214835, 0.00301115, 0.00400319, 0.00226052, 0.00378039, 0.00137641, 0.00396843, 0.00234268, 0.00349393, 0.00247883, 0.00418521, 0.00200246, 0.00415244, 0.00131535, 0.00270766, 0.00319454, 0.00190075, 0.00396474, 0.00283717, 0.00186986, 0.00368174, 0.00276737, 0.00364367, 0.00358262, 0.00247774, 0.00152292, 0.00376824, 0.00349147, 0.00170084, 0.00358654, 0.00268579, 0.00127438, 0.00169568, 0.00437289, 0.00320689, 0.00313993, 0.00273698, 0.00236681, 0.00277486, 0.00143476, 0.00330866, 0.00433867, 0.00321711, 0.0031059, 0.0027183];
GivenLatency = [149.321, 182.827, 101.146, 157.173, 94.7991, 157.948, 99.4975, 223.043, 184.76, 98.3224, 151.063, 202.629, 241.041, 231.161, 139.471, 106.929, 271.85, 198.476, 116.957, 287.929, 319.266, 96.0731, 120.848, 158.644, 112.698, 133.189, 301.295, 184.656, 96.9562, 188.615, 202.945, 400.523, 215.178, 218.565, 206.105, 224.436, 145.916, 107.068, 304.246, 139.056, 146.457, 178.418, 229.65, 310.153, 190.129, 98.509, 98.1391, 100.015, 81.1868, 237.967, 153.331, 124.395, 149.041, 146.011, 160.184, 140.654, 170.314, 116.985, 199.424, 180.136, 137.671, 223.624, 229.441, 190.421, 124.255, 259.992, 103.668, 144.806, 101.362, 211.136, 102.127, 277.703, 135.156, 159.227, 75.5537, 118.178, 108.697, 77.7303, 127.646, 109.996, 194.92, 149.5, 81.3853, 169.654, 118.595, 159.597, 238.555, 124, 418.494, 114.902, 169.128, 183.09, 182.499, 75.3088, 211.653, 151.93, 449.23, 195.945, 109.859, 196.391, 91.7042, 199.059, 226.061, 96.5484, 157.548, 136.552, 122.005, 198.733, 279.26, 90.6693, 132.61, 207.488, 104.303, 147.247, 381.502, 212.995, 80.5853, 180.043, 127.003, 141.852, 211.973, 199.716, 256.398, 118.861, 73.9595, 147.611, 158.757, 141.306];
HighestPossibleCritFunctionValue = 1.1;
