NumDevices = 8;
NumSlotes = 64;


GivenBandwidthOld = [0.0577578, 0.0645103, 0.0551985, 0.0512881, 0.0294434, 0.0359264, 0.0455956, 0.0560425];
GivenLatency = [7.9248, 9.62558, 6.50168, 7.09852, 13.0702, 11.4055, 6.81621, 8.71455];
HighestPossibleCritFunctionValue = 1.1;
