NumDevices = 128;
NumSlotes = 1024;


GivenBandwidthOld = [0.00719052, 0.00979479, 0.00484956, 0.00910555, 0.00815639, 0.00573, 0.00666687, 0.00883145, 0.00760074, 0.00434366, 0.00647116, 0.00711379, 0.00771688, 0.00636973, 0.00860658, 0.00945985, 0.00664484, 0.0072579, 0.00481983, 0.00937617, 0.00648576, 0.00872467, 0.00682673, 0.00810841, 0.00551682, 0.00496511, 0.00732678, 0.00626271, 0.00983344, 0.00432096, 0.00617094, 0.00498635, 0.00802736, 0.0058529, 0.00976437, 0.00595938, 0.0056017, 0.00644632, 0.00835893, 0.00980804, 0.00874485, 0.00843431, 0.0079502, 0.00893141, 0.0064837, 0.00529153, 0.00600324, 0.0052027, 0.00680844, 0.00699497, 0.00452063, 0.00576761, 0.00742578, 0.00760127, 0.00700061, 0.00551729, 0.00666831, 0.00809921, 0.00711366, 0.00546406, 0.00571742, 0.00761458, 0.00576937, 0.00584555, 0.00485612, 0.00677705, 0.00441742, 0.00851534, 0.00737458, 0.00950372, 0.00660571, 0.00589194, 0.00963309, 0.00589514, 0.00706206, 0.00698323, 0.00714806, 0.00872587, 0.00819828, 0.00968961, 0.00582765, 0.00408772, 0.00481438, 0.00521226, 0.0049977, 0.00501513, 0.00423474, 0.00707998, 0.0082217, 0.00959914, 0.00397569, 0.00938947, 0.00513126, 0.00608276, 0.00423071, 0.00804668, 0.00548659, 0.00940921, 0.00553124, 0.00978256, 0.00550138, 0.00795425, 0.00829019, 0.00454657, 0.0042178, 0.00981005, 0.0050171, 0.00615348, 0.00534146, 0.00774756, 0.00950699, 0.00523538, 0.00609307, 0.00874312, 0.0044177, 0.00709588, 0.00664164, 0.00980365, 0.00995026, 0.00524046, 0.00397988, 0.00492032, 0.00460112, 0.00846612, 0.0050371, 0.00475187, 0.00472582, 0.0043883];
GivenLatency = [563.815, 392.019, 944.507, 376.076, 505.307, 859.029, 744.068, 384.786, 580.121, 841.679, 654.321, 619.964, 509.078, 690.361, 530.521, 462.028, 567.08, 504.92, 868.025, 474.406, 595.119, 424.021, 675.286, 453.985, 687.653, 700.4, 477.585, 648.384, 502.043, 1030.95, 573.984, 870.813, 519.8, 758.06, 413.856, 613.449, 629.776, 648.016, 410.437, 422.201, 522.903, 580.903, 526.675, 488.454, 654.956, 901.125, 783.62, 868.301, 692.626, 571.629, 746.753, 624.718, 517.974, 458.985, 634.25, 738.746, 656.557, 481.606, 478.895, 830.551, 654.295, 445.451, 836.081, 606.135, 777.799, 639.268, 1043.2, 466.417, 463.893, 389.411, 524.908, 654.334, 404.45, 567.089, 645.311, 489.398, 670.657, 527.668, 523.651, 419.049, 770.259, 1173.55, 818.536, 813.01, 842.031, 781.402, 844.984, 605.752, 419.6, 431.987, 849.093, 386.601, 763.04, 572.353, 1020.5, 546.691, 899.506, 483.655, 633.308, 475.738, 730.275, 562.96, 593.601, 1030.01, 1010.11, 501.694, 927.4, 567.574, 796.28, 594.594, 480.292, 644.527, 755.753, 472.994, 975.011, 519.566, 677.458, 395.677, 439.346, 685.844, 1126.41, 742.692, 828.821, 502.208, 775.437, 956.718, 916.814, 1112.43];
HighestPossibleCritFunctionValue = 1.1;
