NumDevices = 32;
NumSlotes = 256;


GivenBandwidthOld = [0.0247049, 0.0254947, 0.0191019, 0.0162931, 0.0286097, 0.0332923, 0.0337955, 0.0317047, 0.031709, 0.0239885, 0.0254464, 0.0277269, 0.0159823, 0.0238713, 0.0151615, 0.0300692, 0.0236981, 0.0241386, 0.028216, 0.0156324, 0.0232066, 0.0239448, 0.0305229, 0.029038, 0.0316095, 0.0312082, 0.0268832, 0.0161159, 0.0295794, 0.0311982, 0.0181705, 0.0212784];
GivenLatency = [46.78, 36.0222, 60.1715, 58.0384, 39.5239, 27.3858, 26.3096, 28.5821, 34.9311, 36.8068, 39.0274, 38.5545, 58.3623, 40.6836, 65.991, 29.7108, 36.8612, 37.3396, 41.6186, 70.198, 41.395, 39.0584, 29.7878, 39.7615, 32.2743, 32.5887, 34.6452, 68.3256, 29.1455, 28.8296, 59.7115, 43.8293];
HighestPossibleCritFunctionValue = 1.1;
