NumDevices = 16;
NumSlotes = 128;


GivenBandwidthOld = [0.031181, 0.0384178, 0.06839, 0.0509375, 0.0463964, 0.044829, 0.0602009, 0.0572492, 0.0470537, 0.0513913, 0.0342573, 0.0632521, 0.0587796, 0.0488805, 0.0349454, 0.068159];
GivenLatency = [29.4378, 20.2901, 14.1403, 20.2765, 23.8418, 18.1966, 17.1638, 15.8191, 22.2767, 17.1797, 30.8391, 17.2412, 17.4254, 17.2274, 28.9332, 15.4311];
HighestPossibleCritFunctionValue = 1.1;
