NumDevices = 128;
NumSlotes = 1024;


GivenBandwidthOld = [0.00457948, 0.00736865, 0.00997554, 0.00519334, 0.00564692, 0.00407261, 0.00703799, 0.00874705, 0.00787869, 0.00707912, 0.00635483, 0.00818144, 0.00803573, 0.0090923, 0.00431354, 0.00645442, 0.00692873, 0.00983592, 0.0085744, 0.00616013, 0.00451759, 0.00464836, 0.00866552, 0.00643095, 0.00626674, 0.00890167, 0.00654345, 0.00949962, 0.00640701, 0.00385807, 0.00758815, 0.00532948, 0.0063337, 0.00921201, 0.00378216, 0.00683611, 0.00946774, 0.00805678, 0.00662227, 0.00922943, 0.00900173, 0.00704901, 0.00651942, 0.00556251, 0.00408558, 0.00639721, 0.00791803, 0.00577281, 0.0073972, 0.00844045, 0.00488412, 0.00871674, 0.00469725, 0.0054452, 0.00751678, 0.00572214, 0.00574725, 0.00901606, 0.00423844, 0.00667796, 0.00779694, 0.00822036, 0.00588149, 0.00897615, 0.00846572, 0.00453191, 0.00787637, 0.00565957, 0.00412662, 0.00861483, 0.00451095, 0.00546656, 0.00389983, 0.00945856, 0.00379983, 0.00997175, 0.0038895, 0.00451653, 0.00557634, 0.00535281, 0.00463138, 0.00465258, 0.00466781, 0.00440832, 0.00567569, 0.00639537, 0.00831511, 0.00454284, 0.00398617, 0.00435663, 0.00569998, 0.00828637, 0.00908733, 0.00817998, 0.0084581, 0.00775508, 0.00469492, 0.00377951, 0.00592513, 0.00486815, 0.00892581, 0.0061107, 0.00505832, 0.00512893, 0.0043727, 0.00698422, 0.00510501, 0.00869222, 0.00512957, 0.00887623, 0.00404936, 0.00376277, 0.00595661, 0.00897336, 0.00528523, 0.00644009, 0.00986956, 0.00520943, 0.00744605, 0.00443348, 0.00977802, 0.00414219, 0.00772145, 0.00815087, 0.00662038, 0.00867111, 0.00654627, 0.00686828];
GivenLatency = [896.66, 562.912, 440.83, 855.599, 703.064, 999.417, 571.274, 566.096, 603.532, 533.177, 605.343, 545.856, 575.874, 479.425, 989.437, 669.777, 496.32, 378.089, 558.524, 544.026, 1055.46, 885.08, 459.939, 708.114, 713.2, 500.671, 538.019, 448.19, 523.667, 1106.77, 470.659, 725.733, 552.936, 389.424, 1096.4, 627.395, 369.124, 441.717, 645.075, 426.74, 381.165, 544.261, 719.406, 599.495, 1028.91, 682.711, 519.96, 602.964, 466.184, 428.165, 841.236, 398.609, 868.583, 867.496, 598.945, 808.929, 675.162, 468.775, 880.314, 734.196, 519.599, 470.046, 578.135, 538.893, 486.121, 831.323, 475.139, 878.803, 1158.43, 516.146, 1032.58, 677.379, 1061.97, 354.062, 1112.2, 366.118, 863.136, 1066.85, 757.289, 714.691, 738.896, 726.302, 722.425, 836.996, 695.563, 770.498, 446.042, 900.2, 1084.28, 1116.94, 605.86, 570.21, 423.525, 572.317, 461.042, 640.38, 763.725, 1197.24, 591.236, 725.053, 466.089, 715.711, 891.5, 850.351, 790.576, 486.801, 801.027, 472.342, 705.314, 467.256, 1000.61, 1182.96, 723.225, 409.084, 646.764, 565.853, 395.765, 803.399, 502.116, 1021.98, 366.789, 1088.85, 544.943, 415.312, 704.923, 452.717, 662.827, 627.908];
HighestPossibleCritFunctionValue = 1.1;
