NumDevices = 16;
NumSlotes = 128;


GivenBandwidthOld = [0.0230491, 0.0263005, 0.0230235, 0.0203106, 0.0251451, 0.0286029, 0.0189627, 0.0212442, 0.0164788, 0.0236261, 0.0243288, 0.0338179, 0.0179769, 0.0270877, 0.0287543, 0.012991];
GivenLatency = [14.974, 22.2207, 18.8151, 21.6261, 21.0567, 14.1858, 16.7259, 14.6526, 20.21, 13.2606, 18.2637, 17.9453, 18.6611, 13.7044, 13.4357, 27.0268];
HighestPossibleCritFunctionValue = 1.1;
