NumDevices = 16;
NumSlotes = 128;


GivenBandwidthOld = [0.0119336, 0.0325168, 0.0251612, 0.0243274, 0.0103421, 0.010516, 0.0322534, 0.0232848, 0.0127048, 0.0194269, 0.0230291, 0.0148334, 0.0194929, 0.0329916, 0.0294648, 0.0292349];
GivenLatency = [42.5754, 10.6463, 16.9565, 18.5269, 38.8477, 51.4758, 14.997, 15.8682, 31.9192, 23.746, 25.9848, 20.3413, 27.5156, 15.3634, 15.8563, 10.33];
HighestPossibleCritFunctionValue = 1.1;
