NumDevices = 32;
NumSlotes = 256;


GivenBandwidthOld = [0.0116466, 0.0145403, 0.0106602, 0.0107297, 0.0161413, 0.00759437, 0.00860369, 0.00979409, 0.016726, 0.00891755, 0.00982097, 0.00604523, 0.00975373, 0.0134233, 0.012655, 0.0121572, 0.0093597, 0.0159908, 0.0143363, 0.0081048, 0.0123833, 0.00808309, 0.0100454, 0.0159263, 0.00648838, 0.00778466, 0.00672515, 0.0121122, 0.0144614, 0.0110241, 0.01455, 0.0113241];
GivenLatency = [45.9306, 37.4518, 44.2236, 33.0606, 20.6779, 46.5762, 42.4458, 35.9426, 26.3179, 40.1163, 62.7114, 87.4069, 51.4197, 27.0327, 24.2146, 43.4626, 41.8901, 21.5168, 34.4448, 55.8996, 33.3423, 43.5365, 39.3119, 27.2566, 68.1669, 62.0633, 67.3741, 39.7916, 23.2178, 29.9628, 43.3504, 39.2127];
HighestPossibleCritFunctionValue = 1.1;
