NumDevices = 128;
NumSlotes = 1024;


GivenBandwidthOld = [0.00129772, 0.00328294, 0.00330651, 0.0024307, 0.00151445, 0.002041, 0.00188154, 0.00310277, 0.00325029, 0.00137284, 0.00336035, 0.0042273, 0.00318216, 0.00323821, 0.00141515, 0.00197338, 0.00285672, 0.00225926, 0.00133883, 0.00361323, 0.00136745, 0.00339735, 0.0042356, 0.00207802, 0.00213982, 0.00339779, 0.00228315, 0.00292735, 0.00183866, 0.00424119, 0.00227101, 0.00200391, 0.00347469, 0.00416012, 0.00223011, 0.00204234, 0.00241843, 0.00152056, 0.00173613, 0.00284, 0.00247517, 0.00208924, 0.00315933, 0.00382386, 0.00382652, 0.00172618, 0.00128715, 0.00371043, 0.00361516, 0.00248039, 0.00236038, 0.00398474, 0.00152994, 0.00314274, 0.00307541, 0.00283573, 0.00265033, 0.00227044, 0.00181477, 0.00270386, 0.00188493, 0.00376124, 0.00133455, 0.00352252, 0.00171336, 0.00147323, 0.00316065, 0.00415943, 0.00322077, 0.00212637, 0.00228794, 0.00217797, 0.00381128, 0.00175682, 0.00377264, 0.00236887, 0.00297891, 0.00280566, 0.00353859, 0.0030003, 0.00288299, 0.00312987, 0.00252, 0.00240264, 0.00181286, 0.00190238, 0.00333981, 0.00286765, 0.00159959, 0.00186576, 0.00342711, 0.00127437, 0.00138195, 0.0032268, 0.00350353, 0.00137776, 0.00168035, 0.00296543, 0.00437381, 0.00307042, 0.003264, 0.00358721, 0.00145258, 0.00287708, 0.00389498, 0.00236124, 0.00284207, 0.00291607, 0.00287246, 0.00427031, 0.0042601, 0.00136092, 0.00300253, 0.00290155, 0.00261084, 0.00415014, 0.00325397, 0.00385842, 0.003444, 0.00390833, 0.00159787, 0.00416372, 0.00338454, 0.0014785, 0.00419048, 0.00321524, 0.00290404, 0.00389803];
GivenLatency = [279.49, 176.001, 102.507, 144.132, 412.506, 196.916, 225.322, 205.868, 127.665, 405.454, 117.969, 146.775, 141.593, 100.483, 354.296, 177.032, 222.978, 246.55, 253.551, 138.877, 339.976, 115.511, 99.5205, 176.314, 155.07, 96.9457, 195.939, 147.235, 190.106, 97.0873, 191.671, 203.158, 140.239, 78.5986, 209.56, 263.577, 129.362, 226.051, 196.408, 178.363, 211.308, 258.73, 183.591, 113.61, 82.8004, 210.663, 285.952, 138.031, 158.349, 166.644, 159.555, 117.17, 215.655, 110.951, 145.865, 129.439, 118.645, 171.63, 208.348, 153.609, 216.144, 89.4939, 394.815, 118.86, 200.306, 254.212, 199.267, 156.481, 182.869, 248.196, 159.817, 196.495, 152.975, 225.219, 89.9483, 157.248, 143.447, 168.815, 113.104, 115.076, 175.454, 159.975, 124.524, 199.652, 333.412, 318.352, 141.08, 119.87, 405.525, 311.118, 149.914, 283.338, 386.178, 142.779, 99.0812, 229.338, 342.254, 106.928, 73.84, 103.258, 99.3496, 127.483, 224.729, 177.952, 93.3889, 161.18, 111.236, 162.915, 115.592, 86.1765, 78.6949, 265.608, 111.672, 171.809, 143.675, 103.091, 131.477, 100.924, 134.546, 117.703, 213.527, 124.109, 158.265, 345.747, 142.554, 118.89, 115.03, 103.967];
HighestPossibleCritFunctionValue = 1.1;
