NumDevices = 128;
NumSlotes = 1024;


GivenBandwidthOld = [0.00211568, 0.00387304, 0.00238907, 0.00183684, 0.00174256, 0.00156217, 0.00421756, 0.00203146, 0.00401613, 0.00411966, 0.00344265, 0.00314296, 0.00372377, 0.00297501, 0.0028251, 0.00201514, 0.0015888, 0.00170431, 0.00246157, 0.00152721, 0.00410762, 0.00422272, 0.0043728, 0.00183615, 0.00261844, 0.00381233, 0.00391277, 0.00129802, 0.00210177, 0.00436316, 0.00230142, 0.00369723, 0.00373701, 0.00347631, 0.0032395, 0.00134853, 0.00405849, 0.00347715, 0.00169312, 0.00181506, 0.00135992, 0.00174165, 0.00190252, 0.00252787, 0.00344988, 0.0027663, 0.00135397, 0.00174423, 0.00147764, 0.00214625, 0.00207242, 0.00180848, 0.00319224, 0.00389591, 0.00235102, 0.00296008, 0.00199965, 0.00368316, 0.00169903, 0.0013057, 0.00305196, 0.00244239, 0.00425066, 0.00201718, 0.00144504, 0.0043287, 0.00436871, 0.00186532, 0.00226448, 0.0016886, 0.00410736, 0.00304576, 0.00133911, 0.00198067, 0.00348218, 0.00185611, 0.00377202, 0.0014236, 0.00338852, 0.00273628, 0.00310884, 0.00219279, 0.00291769, 0.00197469, 0.00293965, 0.00232428, 0.00360471, 0.00193946, 0.00144261, 0.00406723, 0.00360301, 0.00138864, 0.00323685, 0.00366671, 0.00326964, 0.00160576, 0.00240315, 0.0040679, 0.00232204, 0.00332478, 0.00325742, 0.00245598, 0.00135978, 0.00254662, 0.00291945, 0.00340017, 0.0017264, 0.00182836, 0.00301517, 0.00283081, 0.00426813, 0.00196795, 0.00217208, 0.00178638, 0.00370145, 0.00273112, 0.00388101, 0.00180165, 0.00399859, 0.00296262, 0.00404296, 0.00190373, 0.00413118, 0.00331884, 0.00343974, 0.00412861, 0.00392664, 0.0031061];
GivenLatency = [195.527, 117.129, 168.729, 240.732, 181.761, 263.612, 77.2389, 158.59, 130.55, 105.377, 122.354, 101.507, 107.252, 127.117, 143.011, 269.077, 218.037, 222.307, 217.664, 325.737, 86.4925, 112.227, 82.5897, 210.665, 135.978, 124.46, 168.036, 328.649, 149.991, 119.39, 184.645, 91.0847, 101.294, 157.353, 129.852, 232.519, 77.2696, 91.8374, 360.879, 190.436, 306.327, 210.722, 202.215, 157.624, 166.98, 203.092, 297.916, 311.135, 416.717, 179.978, 202.877, 191.041, 102.587, 126.28, 211.832, 147.333, 178.545, 119.125, 201.854, 239.557, 153.249, 196.338, 75.4197, 169.811, 271.633, 92.9147, 114.455, 280.166, 156.107, 194.414, 109.415, 140.674, 259.358, 210.256, 147.723, 349.01, 86.1508, 369.297, 113.165, 128.414, 204.648, 274.398, 170.538, 224.265, 111.007, 251.78, 101.248, 214.524, 266.572, 122.823, 163.484, 268.664, 102.617, 117.635, 146.53, 212.45, 251.891, 107.895, 246.688, 129.821, 122.837, 135.835, 293.803, 127.309, 116.722, 112.243, 197.434, 255.191, 202.72, 122.676, 103.982, 273.326, 190.964, 277.722, 106.459, 144.609, 137.686, 246.162, 147.385, 194.096, 130.632, 166.359, 146.455, 117.195, 126.628, 80.0177, 146.976, 160.004];
HighestPossibleCritFunctionValue = 1.1;
