NumDevices = 32;
NumSlotes = 256;


GivenBandwidthOld = [0.0264833, 0.0155808, 0.0261998, 0.0244937, 0.025475, 0.0188137, 0.037504, 0.0154706, 0.0241844, 0.0268253, 0.0376921, 0.0262269, 0.0305732, 0.0289062, 0.0361732, 0.0228131, 0.0297198, 0.0355539, 0.0388979, 0.0173798, 0.0374705, 0.0270436, 0.0320088, 0.0324159, 0.0248423, 0.0349534, 0.0226341, 0.021997, 0.0381708, 0.022155, 0.018652, 0.0200186];
GivenLatency = [64.8622, 157.95, 66.4052, 80.3749, 65.5586, 125.884, 54.7524, 157.341, 97.2656, 75.3611, 46.1557, 89.9169, 63.3632, 76.7692, 47.8741, 78.1231, 64.7863, 53.1125, 47.3001, 125.258, 65.2468, 74.2476, 57.895, 75.1802, 82.6053, 55.2217, 99.162, 98.7202, 58.7531, 101.15, 112.354, 114.191];
HighestPossibleCritFunctionValue = 1.1;
