NumDevices = 128;
NumSlotes = 1024;


GivenBandwidthOld = [0.0043784, 0.00908362, 0.00843007, 0.00540554, 0.00969554, 0.00549343, 0.00559883, 0.00829547, 0.00566538, 0.00806883, 0.00915633, 0.00544245, 0.00493922, 0.00972267, 0.00518545, 0.00432547, 0.00686391, 0.00806493, 0.00601364, 0.00493662, 0.00974997, 0.00782243, 0.00532756, 0.00527004, 0.00727599, 0.00886029, 0.00482173, 0.00385853, 0.00901279, 0.00542876, 0.00610771, 0.0047645, 0.00449476, 0.00845121, 0.00450646, 0.00503395, 0.00816904, 0.00576685, 0.00718269, 0.00948617, 0.00527488, 0.00740624, 0.00423318, 0.00577805, 0.00789342, 0.00471044, 0.00832702, 0.00477409, 0.00934925, 0.00412314, 0.00630544, 0.00935239, 0.0068467, 0.00616805, 0.00641869, 0.00637448, 0.00715776, 0.00918976, 0.00478233, 0.00414555, 0.00806774, 0.0095216, 0.00706276, 0.00636698, 0.00616402, 0.00748722, 0.00902484, 0.00803208, 0.00393015, 0.0065591, 0.00997209, 0.0096073, 0.00980821, 0.00540714, 0.0052895, 0.00938565, 0.00962863, 0.00583233, 0.00774175, 0.00564299, 0.00674966, 0.00649226, 0.00540521, 0.00418744, 0.00584236, 0.00751814, 0.00981575, 0.00699328, 0.00733049, 0.0059935, 0.00394052, 0.00587, 0.00954617, 0.00746709, 0.00807551, 0.00884039, 0.00789569, 0.00538316, 0.0085618, 0.00695283, 0.0086852, 0.00593525, 0.0062888, 0.00461574, 0.00430999, 0.0091727, 0.00553399, 0.00608233, 0.0095417, 0.00736716, 0.00977282, 0.0043474, 0.00677572, 0.00708497, 0.0045811, 0.00953276, 0.00708541, 0.00570334, 0.00859075, 0.00590878, 0.00516136, 0.00575921, 0.00998832, 0.00751372, 0.00435088, 0.00897021, 0.00860437, 0.00997032];
GivenLatency = [1041.39, 431.752, 462.385, 680.892, 362.641, 723.503, 604.064, 443.62, 651.162, 446.944, 464.054, 630.457, 829.877, 458.641, 767.689, 1144.43, 635.402, 545.959, 624.732, 917.776, 378.345, 505.856, 654.29, 935.576, 513.447, 430.249, 946.581, 903.844, 553.025, 634.385, 561.419, 842.486, 829.63, 540.345, 918.172, 928.334, 451.807, 798.31, 599.771, 385.244, 633.437, 494.072, 910.078, 582.044, 623.45, 832.658, 561.606, 934.986, 417.359, 855.857, 544.452, 528.706, 663.114, 608.249, 704.178, 643.427, 544.793, 444.307, 803.086, 1129.88, 439.991, 463.815, 692.523, 705.792, 605.046, 480.566, 412.991, 602.953, 869.086, 509.011, 380.887, 425.86, 458.351, 781.162, 697.63, 522.72, 405.333, 855.735, 618.616, 641.705, 568.795, 570.022, 797.143, 829.362, 643.719, 534.982, 339.934, 687.148, 649.242, 724.494, 934.676, 654.983, 489.236, 482.57, 582.073, 448.392, 505.633, 818.462, 476.269, 541.29, 390.982, 797.893, 776.678, 793.401, 785.478, 424.319, 648.15, 753.708, 512.616, 545.671, 509.423, 1078.74, 699.125, 523.593, 948.217, 468.23, 674.47, 793.416, 460.247, 609.396, 671.149, 715.133, 392.135, 569.811, 809.314, 441.93, 398.039, 443.988];
HighestPossibleCritFunctionValue = 1.1;
