NumDevices = 8;
NumSlotes = 64;


GivenBandwidthOld = [0.0329954, 0.0330559, 0.0509903, 0.0239438, 0.0534935, 0.0453071, 0.0562109, 0.0670929];
GivenLatency = [9.96046, 11.9063, 10.0535, 20.992, 5.95516, 8.49787, 6.14547, 4.53234];
HighestPossibleCritFunctionValue = 1.1;
