NumDevices = 128;
NumSlotes = 1024;


GivenBandwidthOld = [0.00174956, 0.00354302, 0.00258171, 0.00202115, 0.002659, 0.00413545, 0.00320646, 0.00218822, 0.00434461, 0.00303066, 0.00383987, 0.00422238, 0.00173664, 0.00211791, 0.00376191, 0.00329225, 0.00354503, 0.00190123, 0.00278067, 0.00219491, 0.00423247, 0.00268512, 0.00259366, 0.0028476, 0.00209586, 0.0020617, 0.00290446, 0.00145264, 0.0039501, 0.00376179, 0.00133718, 0.00395844, 0.00321922, 0.00411115, 0.00423421, 0.00373423, 0.00377096, 0.00231948, 0.00410982, 0.00371863, 0.00397086, 0.00257336, 0.00236565, 0.00199582, 0.00183622, 0.00391826, 0.00289761, 0.00203919, 0.00261024, 0.00350051, 0.00375353, 0.00303009, 0.00352299, 0.00338321, 0.00406584, 0.00199391, 0.00416887, 0.00244688, 0.00150648, 0.00254329, 0.0032103, 0.00418856, 0.00214104, 0.00192807, 0.00377023, 0.00254238, 0.00346184, 0.00370603, 0.00167532, 0.00268252, 0.0026363, 0.00384143, 0.00236213, 0.00226043, 0.00225633, 0.00207245, 0.00226326, 0.0030209, 0.00227393, 0.00422353, 0.00235627, 0.00370611, 0.00304141, 0.00322844, 0.00292028, 0.00184696, 0.00313342, 0.0028364, 0.00139409, 0.00415878, 0.0015759, 0.00366589, 0.00193656, 0.00272627, 0.00360743, 0.00389301, 0.00351981, 0.00302219, 0.00204528, 0.00181536, 0.00333526, 0.00139896, 0.00169593, 0.00221072, 0.00432391, 0.00198104, 0.0034923, 0.0031444, 0.00295412, 0.00169788, 0.00370755, 0.00209045, 0.00167124, 0.00285819, 0.00200531, 0.00195483, 0.00353888, 0.00174489, 0.00326094, 0.00218136, 0.00156794, 0.00425938, 0.0017166, 0.00272534, 0.0034555, 0.00347645, 0.00236346, 0.00267906];
GivenLatency = [196.063, 126.159, 204.922, 233.993, 119.037, 103.68, 163.518, 255.601, 118.235, 108.929, 101.618, 127.373, 346.637, 226.081, 152.376, 187.846, 148.719, 269.302, 121.462, 285.469, 73.9075, 212.988, 155.202, 184.755, 278.177, 164.923, 122.731, 286.511, 93.6643, 150.915, 295.712, 90.9385, 97.1626, 96.8376, 95.8932, 109.99, 88.4289, 172.151, 79.0252, 104.776, 122.239, 221.821, 189.455, 262.064, 176.324, 97.0229, 169.673, 320.397, 133.649, 106.593, 163.731, 216.113, 92.9208, 97.237, 77.99, 288.349, 76.6681, 134.379, 386.802, 255.263, 133.875, 122.344, 296.839, 181.518, 98.7262, 151.706, 103.973, 87.1883, 243.492, 221.918, 122.905, 123.086, 135.373, 247.955, 151.506, 184.45, 177.428, 134.471, 145.324, 114.91, 136.899, 123.541, 123.785, 123.886, 128.396, 195.456, 194.527, 157.064, 236.246, 106.528, 371.252, 151.93, 181.095, 128.394, 173.358, 94.6473, 100.674, 119.956, 270.223, 190.489, 122.096, 323.113, 222.155, 148.573, 151.842, 300.795, 133.788, 141.414, 209.542, 326.585, 122.171, 265.892, 333.754, 178.523, 325.848, 160.971, 151.237, 218.264, 99.7059, 145.621, 221.555, 131.169, 194.458, 143.844, 175.641, 92.7365, 165.972, 239.193];
HighestPossibleCritFunctionValue = 1.1;
