NumDevices = 16;
NumSlotes = 128;


GivenBandwidthOld = [0.0265917, 0.0174822, 0.0130285, 0.0343421, 0.0274303, 0.0102791, 0.0266697, 0.0270893, 0.0296936, 0.0252591, 0.0194279, 0.0139485, 0.0225598, 0.0273887, 0.0117587, 0.0179832];
GivenLatency = [11.659, 18.0403, 39.0339, 17.7933, 12.3739, 42.6802, 16.1301, 20.7669, 13.3845, 18.7079, 23.8054, 24.4128, 20.3435, 22.8307, 30.1919, 27.9979];
HighestPossibleCritFunctionValue = 1.1;
