NumDevices = 16;
NumSlotes = 128;


GivenBandwidthOld = [0.0542229, 0.0641041, 0.0577029, 0.0323923, 0.0378162, 0.0363528, 0.041119, 0.0664461, 0.0594817, 0.0480936, 0.0486732, 0.0699258, 0.0634012, 0.0438135, 0.0337428, 0.054725];
GivenLatency = [15.0155, 15.732, 18.2259, 25.3812, 21.7821, 21.4386, 20.5901, 13.2301, 13.1903, 20.9521, 20.4915, 11.2279, 13.794, 21.05, 23.8372, 19.7027];
HighestPossibleCritFunctionValue = 1.1;
