NumDevices = 128;
NumSlotes = 1024;


GivenBandwidthOld = [0.00184116, 0.00256695, 0.00393679, 0.0019181, 0.00181471, 0.00178343, 0.00409393, 0.00235281, 0.00183747, 0.0030156, 0.00386955, 0.00310734, 0.00192704, 0.0021565, 0.00249438, 0.00301017, 0.00317623, 0.00358473, 0.00354, 0.00183441, 0.00146928, 0.00225662, 0.0038741, 0.00135379, 0.00184869, 0.00404041, 0.00286969, 0.00142057, 0.00237299, 0.00351277, 0.00357031, 0.00188145, 0.00150785, 0.00374329, 0.00282825, 0.00182159, 0.0016739, 0.00391198, 0.00363348, 0.00414666, 0.00423208, 0.00225319, 0.00245464, 0.00389991, 0.00388776, 0.00287848, 0.0023344, 0.00170745, 0.00209791, 0.0020957, 0.00245586, 0.00254567, 0.00262933, 0.00239454, 0.00316358, 0.00344384, 0.00126871, 0.00322643, 0.00348994, 0.00421958, 0.0015734, 0.00229016, 0.00201432, 0.00342811, 0.00257555, 0.00167558, 0.00405218, 0.00375197, 0.0018667, 0.00369962, 0.00319498, 0.00295779, 0.00402353, 0.00339871, 0.00207397, 0.00285816, 0.00139319, 0.00155557, 0.00263262, 0.00144645, 0.00295338, 0.001836, 0.0033409, 0.00230271, 0.00349646, 0.00430721, 0.00254927, 0.00362344, 0.00423633, 0.00183287, 0.00372722, 0.00153275, 0.00341738, 0.00338636, 0.00390283, 0.00298744, 0.00247356, 0.00316259, 0.00233306, 0.00416782, 0.00361178, 0.00196425, 0.00245858, 0.0014206, 0.00281792, 0.00331103, 0.00348288, 0.00426645, 0.0018253, 0.00157303, 0.00231468, 0.00153074, 0.00404957, 0.00370311, 0.00260159, 0.00171742, 0.003987, 0.00205267, 0.00424859, 0.0017309, 0.00248025, 0.00302036, 0.00263914, 0.00168865, 0.00180056, 0.0013744, 0.00140301, 0.0041104];
GivenLatency = [178.2, 200.016, 98.0282, 182.486, 185.205, 209.056, 123.416, 143.6, 208.577, 115.292, 161.754, 104.176, 239.491, 166.226, 136.083, 208.922, 151.927, 133.539, 144.311, 216.237, 332.558, 139.273, 82.2855, 434.704, 295.313, 122.887, 146.052, 224.806, 240.649, 141.5, 126.077, 235.99, 292.878, 151.988, 128.777, 225.278, 271.565, 110.92, 151.563, 77.9081, 88.3683, 260.979, 166.716, 142.17, 149.585, 178.272, 228.726, 302.504, 212.907, 218.445, 166.455, 201.955, 132.093, 146.905, 173.135, 120.772, 269.453, 111.47, 187.287, 102.71, 397.201, 193.441, 170.453, 99.253, 251.662, 332.833, 128.231, 95.2604, 329.469, 169.992, 98.7001, 176.272, 89.4262, 102.652, 208.952, 124.043, 295.032, 253.057, 149.749, 223.877, 161.9, 284.181, 115.462, 240.312, 134.618, 130.082, 124.601, 92.356, 109.846, 339.432, 157.824, 291.744, 101.016, 108.57, 130.477, 161.549, 158.901, 156.646, 177.673, 77.8509, 160.977, 245.003, 146.921, 317.127, 111.133, 95.7892, 117.341, 87.6229, 262.297, 345.082, 186.969, 409.389, 91.9648, 124.395, 193.909, 222.901, 80.8108, 160.245, 75.118, 275.821, 183.219, 136.511, 205.022, 197.009, 325.305, 319.174, 385.875, 103.393];
HighestPossibleCritFunctionValue = 1.1;
