NumDevices = 16;
NumSlotes = 128;


GivenBandwidthOld = [0.0158758, 0.0138434, 0.0314981, 0.0283439, 0.0160972, 0.034869, 0.0328534, 0.0319768, 0.023566, 0.0144675, 0.0203813, 0.0142071, 0.0193515, 0.030575, 0.0139836, 0.0127314];
GivenLatency = [30.3983, 28.7053, 11.2083, 13.9038, 21.3661, 17.6268, 9.31105, 10.2981, 26.3748, 21.3992, 25.854, 34.7917, 15.6068, 10.1302, 37.5778, 36.1991];
HighestPossibleCritFunctionValue = 1.1;
