NumDevices = 16;
NumSlotes = 128;


GivenBandwidthOld = [0.0512069, 0.0543615, 0.0331114, 0.0430339, 0.0501798, 0.0322106, 0.0629019, 0.0517571, 0.0616262, 0.0518596, 0.0644777, 0.0576223, 0.0375949, 0.0374931, 0.0471888, 0.0428081];
GivenLatency = [16.8142, 14.8154, 23.7794, 19.8513, 22.1348, 29.6833, 15.628, 15.0378, 13.9902, 19.9238, 12.0477, 19.1031, 25.0281, 23.5348, 16.6499, 20.3227];
HighestPossibleCritFunctionValue = 1.1;
