NumDevices = 128;
NumSlotes = 1024;


GivenBandwidthOld = [0.00388574, 0.00381948, 0.00898509, 0.00863168, 0.00641424, 0.00664679, 0.00887112, 0.00567491, 0.00570926, 0.00808909, 0.00583334, 0.00591109, 0.00646607, 0.00892038, 0.00854683, 0.00534782, 0.00836742, 0.00865786, 0.00897049, 0.0070095, 0.00489671, 0.00775293, 0.00603475, 0.00973695, 0.00765499, 0.00991362, 0.0082088, 0.00523211, 0.00731802, 0.00897758, 0.00743881, 0.00789711, 0.00420639, 0.00547835, 0.00844092, 0.00660396, 0.00775696, 0.00495951, 0.00695736, 0.00979361, 0.00995405, 0.00650008, 0.00567177, 0.00924651, 0.00866305, 0.00869689, 0.0086438, 0.0038611, 0.00858668, 0.00636936, 0.00854192, 0.00401759, 0.00746316, 0.00451552, 0.00740412, 0.00602517, 0.0050812, 0.00847077, 0.00826728, 0.00698715, 0.00426249, 0.00461166, 0.00438081, 0.0057214, 0.00589734, 0.0065306, 0.00598508, 0.00625292, 0.0077559, 0.00586133, 0.00756516, 0.00643874, 0.00597851, 0.00832578, 0.00889187, 0.00436715, 0.00744752, 0.00425657, 0.00521912, 0.00768273, 0.00731112, 0.00556695, 0.00994563, 0.00875647, 0.00999038, 0.00451108, 0.00779612, 0.00694458, 0.00760525, 0.00512816, 0.00396976, 0.0097098, 0.00764058, 0.00515222, 0.00842361, 0.00931369, 0.00644283, 0.00594731, 0.00893713, 0.00878047, 0.00708518, 0.00813828, 0.00760169, 0.00789941, 0.00542143, 0.00795974, 0.00684596, 0.00627749, 0.00825883, 0.00869598, 0.00586859, 0.00458887, 0.00895402, 0.00524125, 0.00467671, 0.00393869, 0.0062954, 0.00931857, 0.00715282, 0.00748186, 0.00635768, 0.00607388, 0.00501594, 0.00543828, 0.00984802, 0.00563806, 0.00518107, 0.00569024];
GivenLatency = [1014.26, 929.322, 555.772, 438.12, 549.543, 543.456, 385.844, 856.375, 737.01, 473.518, 632.217, 583.854, 555.904, 476.461, 404.952, 807.404, 488.459, 435.839, 473.554, 589.114, 713.645, 530.577, 581.406, 374.461, 469.641, 366.319, 485.032, 776.73, 553.357, 527.201, 575.98, 513.996, 817.34, 786.616, 549.94, 645.19, 506.079, 806.349, 479.93, 369.495, 341.354, 609.471, 673.364, 362.213, 567.398, 451.549, 418.113, 1229.16, 432.35, 525.314, 481.22, 987.137, 516.487, 1000.85, 468.033, 580.584, 692.574, 513.115, 575.827, 486.22, 844.249, 948.639, 819.102, 590.438, 724.701, 584.691, 814.344, 623.083, 593.297, 641.712, 596.46, 526.536, 594.507, 426.42, 378.935, 829.873, 506.645, 925.191, 771.94, 483.792, 544.869, 751.985, 335.833, 507.563, 383.829, 764.674, 447.207, 644.278, 450.87, 732.781, 1029.73, 492.266, 523.393, 696.361, 426.931, 492.189, 570.162, 670.894, 425.001, 395.666, 567.002, 508.936, 559.653, 447.721, 830.255, 572.259, 554.03, 757.241, 467.504, 422.702, 763.863, 979.175, 451.115, 681.858, 855.407, 1074.37, 609.31, 417.726, 507.167, 451.949, 775.372, 734.136, 711.088, 620.304, 432.025, 799.057, 837.543, 708.742];
HighestPossibleCritFunctionValue = 1.1;
