NumDevices = 64;
NumSlotes = 512;


GivenBandwidthOld = [0.0132127, 0.00848572, 0.0120432, 0.0142333, 0.010808, 0.0183987, 0.0189609, 0.0180561, 0.0113558, 0.0113742, 0.00827012, 0.0133799, 0.0182796, 0.0171198, 0.0129328, 0.0169663, 0.00825684, 0.0151764, 0.0128402, 0.00974895, 0.0181273, 0.0083561, 0.00840128, 0.0178607, 0.0149481, 0.0128411, 0.0133672, 0.0169136, 0.00862702, 0.0118817, 0.013667, 0.0184184, 0.0125521, 0.0182799, 0.010879, 0.0102789, 0.0123228, 0.0136998, 0.00827456, 0.0129494, 0.00868077, 0.0151846, 0.0131567, 0.0165448, 0.0111472, 0.0181917, 0.0148767, 0.0124126, 0.0103562, 0.0113566, 0.0136016, 0.0077914, 0.0175851, 0.0196316, 0.015188, 0.0198557, 0.019349, 0.0164094, 0.0106705, 0.0195644, 0.0118708, 0.0178709, 0.0106703, 0.0153346];
GivenLatency = [246.091, 288.586, 213.084, 197.655, 211.823, 136.513, 139.297, 140.333, 226.212, 269.487, 320.087, 228.313, 130.21, 146.713, 179.538, 145.724, 273.289, 150.864, 184.551, 239.492, 124.135, 342.612, 313.571, 174.623, 208.104, 254.161, 244.904, 153.172, 279.444, 224.352, 169.384, 125.105, 208.922, 144.237, 303.884, 259.486, 206.332, 237.954, 280.876, 225.881, 366.529, 184.681, 250.572, 156.754, 251.734, 153.528, 152.419, 222.885, 285.368, 239.382, 217.666, 310.405, 179.779, 116.603, 147.298, 152.309, 160.711, 163.709, 264.72, 125.338, 269.031, 145.379, 267.822, 191.207];
HighestPossibleCritFunctionValue = 1.1;
