NumDevices = 32;
NumSlotes = 256;


GivenBandwidthOld = [0.00824575, 0.00624661, 0.00670402, 0.00688238, 0.0171703, 0.0138409, 0.00574274, 0.0132599, 0.0168211, 0.00656773, 0.01626, 0.0149712, 0.0164704, 0.0132326, 0.00825657, 0.0132446, 0.00976572, 0.0150122, 0.0169637, 0.0170845, 0.00893024, 0.0105235, 0.013422, 0.0168636, 0.00965771, 0.0121509, 0.0150166, 0.0157126, 0.0141044, 0.00983195, 0.0155479, 0.00819609];
GivenLatency = [37.9651, 78.2022, 57.7703, 51.3054, 21.6175, 45.0964, 67.8131, 45.5137, 22.4599, 52.3981, 21.5522, 42.6926, 25.4928, 26.5534, 68.8656, 25.0874, 40.0925, 26.8284, 29.999, 19.0303, 59.1188, 60.5714, 40.3706, 19.6315, 45.1289, 40.4903, 27.146, 28.4934, 37.0624, 51.9619, 19.6303, 61.5333];
HighestPossibleCritFunctionValue = 1.1;
