NumDevices = 128;
NumSlotes = 1024;


GivenBandwidthOld = [0.00188907, 0.00141594, 0.00277997, 0.00294257, 0.00131819, 0.00350938, 0.00278946, 0.00312503, 0.00232995, 0.00199884, 0.00255963, 0.00286883, 0.00259249, 0.00198435, 0.00285794, 0.00408028, 0.00417463, 0.00240722, 0.00384045, 0.00149834, 0.00328492, 0.00219839, 0.00338326, 0.0018033, 0.00370816, 0.00312538, 0.00194141, 0.00308104, 0.00372062, 0.003152, 0.00258036, 0.00435496, 0.0019602, 0.00319917, 0.00160158, 0.00396798, 0.00417761, 0.0025225, 0.00376883, 0.00392342, 0.00218155, 0.00164185, 0.00265, 0.00296071, 0.00317535, 0.00436431, 0.00274762, 0.00299027, 0.00302482, 0.00251223, 0.00307576, 0.00242054, 0.00255695, 0.0015258, 0.00232094, 0.00357833, 0.00217581, 0.00199277, 0.0036955, 0.00272108, 0.00385144, 0.00175644, 0.00367279, 0.00229263, 0.00280955, 0.00319597, 0.0040852, 0.00251721, 0.00242467, 0.0032312, 0.00237453, 0.00433427, 0.00412262, 0.00329843, 0.00427155, 0.00310989, 0.0041282, 0.00332984, 0.00391636, 0.00229815, 0.00193823, 0.00265404, 0.00204709, 0.00415108, 0.00350283, 0.00203828, 0.00292501, 0.00309668, 0.00403705, 0.00256764, 0.00302439, 0.00158694, 0.00174842, 0.00325235, 0.00156616, 0.00240285, 0.00223617, 0.00388314, 0.00326403, 0.00417949, 0.00286075, 0.00129611, 0.004302, 0.00243683, 0.00138774, 0.00378942, 0.00308136, 0.00277363, 0.00256591, 0.00220408, 0.00208466, 0.00130088, 0.00333834, 0.00315144, 0.00247141, 0.0014354, 0.0016533, 0.00133587, 0.00384308, 0.00184448, 0.00205571, 0.0022515, 0.00225484, 0.00203895, 0.00176094, 0.00425353, 0.00341212, 0.00244325];
GivenLatency = [211.644, 447.897, 194.168, 154.986, 243.803, 104.258, 166.353, 113.542, 170.967, 326.63, 134.603, 151.446, 142.833, 218.832, 218.611, 77.0255, 144.389, 166.605, 125.714, 229.094, 183.57, 148.064, 171.812, 333.251, 91.7516, 111.963, 304.232, 134.439, 175.854, 107.622, 254.095, 75.7505, 232.761, 162.04, 402.512, 120.611, 103.323, 168.96, 111.492, 136.924, 270.797, 364.776, 136.208, 116.424, 122.184, 129.295, 142.119, 172.854, 134.384, 126.99, 104.745, 256.524, 179.045, 206.433, 211.084, 89.0353, 222.918, 188.786, 91.3425, 133.401, 91.8299, 199.106, 174.232, 230.656, 111.839, 204.183, 127.136, 158.928, 164.646, 127.286, 153.568, 98.4636, 110.3, 176.93, 145.919, 101.088, 115.185, 112.888, 92.7025, 269.627, 193.158, 184.985, 209.503, 107.018, 135.632, 171.087, 127.913, 172.31, 108.255, 130.252, 117.686, 207.809, 240.443, 119.999, 389.824, 142.34, 172.385, 163.708, 103.878, 134.632, 123.97, 324.449, 89.753, 198.891, 410.814, 102.826, 144.462, 116.25, 146.613, 174.779, 264.138, 246.767, 103.522, 119.37, 204.508, 337.661, 259.466, 255.59, 81.6927, 170.112, 197.232, 166.092, 143.668, 177.447, 259.625, 80.513, 93.1416, 237.783];
HighestPossibleCritFunctionValue = 1.1;
