NumDevices = 32;
NumSlotes = 256;


GivenBandwidthOld = [0.0314206, 0.0203443, 0.036525, 0.0363013, 0.0258162, 0.0273753, 0.0311586, 0.0170558, 0.0166421, 0.0392666, 0.0389619, 0.0171321, 0.0234584, 0.0251114, 0.0320502, 0.02691, 0.0356252, 0.0383528, 0.0304457, 0.0362803, 0.0227595, 0.0281952, 0.0372381, 0.0206908, 0.035561, 0.0330943, 0.026047, 0.0320881, 0.0394178, 0.0303113, 0.0277196, 0.0190517];
GivenLatency = [54.8897, 102.704, 46.7073, 47.066, 68.7352, 71.3799, 60.1287, 99.285, 119.78, 46.0811, 55.6602, 124.62, 79.8399, 77.7625, 56.9872, 90.5347, 66.591, 61.2515, 73.3403, 46.5542, 95.4891, 75.1601, 45.9774, 89.8997, 51.2707, 70.8936, 66.9227, 75.1471, 60.5867, 62.3832, 76.9084, 110.459];
HighestPossibleCritFunctionValue = 1.1;
