NumDevices = 64;
NumSlotes = 512;


GivenBandwidthOld = [0.0140467, 0.0121118, 0.017387, 0.0163866, 0.0152871, 0.0107969, 0.0182872, 0.00792063, 0.014509, 0.0197552, 0.0183295, 0.0191062, 0.0108653, 0.0184604, 0.0189768, 0.0110555, 0.0154216, 0.00831783, 0.015302, 0.0101461, 0.0178039, 0.00988149, 0.00827644, 0.0196947, 0.0131128, 0.0170475, 0.00908864, 0.00785361, 0.0131618, 0.0149759, 0.0174554, 0.0160027, 0.012497, 0.0176896, 0.0137973, 0.00904124, 0.0110476, 0.00754736, 0.015991, 0.015098, 0.0196357, 0.00967932, 0.0103188, 0.00845545, 0.015762, 0.0175674, 0.0105497, 0.0143988, 0.01755, 0.0183698, 0.00789424, 0.00851279, 0.0169241, 0.0101522, 0.0197124, 0.01144, 0.0149077, 0.00832621, 0.0185454, 0.0104305, 0.0102692, 0.0116333, 0.013039, 0.0147452];
GivenLatency = [181.874, 211.826, 190.285, 171.28, 201.129, 234.198, 141.833, 389.998, 186.618, 122.021, 139.592, 159.46, 230.622, 164.873, 133.383, 256.446, 171.621, 398.471, 153.512, 226.211, 134.756, 305.862, 327.079, 124.848, 246.839, 133.054, 306.532, 364.188, 196.178, 190.589, 177.935, 201.399, 218.037, 133.039, 185.858, 360.277, 285.851, 355.763, 166.471, 158.875, 131.522, 278.691, 242.601, 306.584, 152.204, 138.51, 217.959, 196.342, 168.229, 127.426, 380.874, 315.306, 189.491, 252.055, 114.761, 211.55, 172.064, 305.196, 150.266, 219.767, 218.631, 197.502, 251.766, 182.153];
HighestPossibleCritFunctionValue = 1.1;
