NumDevices = 32;
NumSlotes = 256;


GivenBandwidthOld = [0.0332425, 0.0166991, 0.0324531, 0.0300793, 0.0321992, 0.0221943, 0.0303544, 0.0162807, 0.0192067, 0.0177097, 0.0173465, 0.032083, 0.0288835, 0.0344824, 0.0159314, 0.0290532, 0.027004, 0.0259721, 0.0228961, 0.0240649, 0.0284203, 0.0299836, 0.0244318, 0.0348835, 0.0165943, 0.0306587, 0.0306981, 0.0327836, 0.023478, 0.0255745, 0.0207088, 0.022828];
GivenLatency = [31.7534, 60.8423, 34.0132, 28.4473, 30.9323, 50.9011, 35.688, 72.0668, 51.9768, 55.299, 56.3339, 28.7992, 31.1771, 25.3995, 57.8806, 31.3422, 43.1188, 33.9651, 43.3163, 43.1944, 32.2694, 35.2277, 39.2346, 28.5562, 69.1515, 29.7658, 27.6785, 28.9691, 37.8854, 33.4617, 46.9072, 48.2124];
HighestPossibleCritFunctionValue = 1.1;
