NumDevices = 32;
NumSlotes = 256;


GivenBandwidthOld = [0.0291223, 0.0278793, 0.017719, 0.0331624, 0.0310609, 0.0308036, 0.0258239, 0.0321378, 0.0293897, 0.0229727, 0.0315067, 0.0229695, 0.0183995, 0.0296313, 0.0224767, 0.0166041, 0.0344892, 0.0296326, 0.0247778, 0.0309006, 0.0167427, 0.0240105, 0.0343655, 0.0307229, 0.0294357, 0.0154439, 0.015888, 0.019436, 0.0309354, 0.0220078, 0.0150224, 0.0319735];
GivenLatency = [31.4618, 31.2037, 58.2743, 28.0764, 31.9419, 36.1576, 41.535, 26.7454, 35.5064, 48.3108, 37.0845, 41.8154, 46.4391, 31.8793, 50.091, 50.5588, 24.4096, 28.1257, 35.3116, 32.3003, 58.357, 36.3759, 29.5574, 34.5694, 32.5203, 73.0349, 73.9733, 57.4309, 27.9648, 41.1841, 65.8459, 26.2196];
HighestPossibleCritFunctionValue = 1.1;
