NumDevices = 16;
NumSlotes = 128;


GivenBandwidthOld = [0.0683712, 0.0350889, 0.0598265, 0.0735093, 0.0405864, 0.055832, 0.0377398, 0.0632261, 0.0612446, 0.0585807, 0.0356189, 0.0670443, 0.0340004, 0.0646149, 0.053317, 0.0686856];
GivenLatency = [21.1061, 47.0039, 31.8588, 19.6197, 33.6125, 25.3204, 35.4118, 31.457, 25.7233, 31.0705, 40.4647, 22.1931, 48.6301, 25.4726, 30.5968, 22.8362];
HighestPossibleCritFunctionValue = 1.1;
