NumDevices = 64;
NumSlotes = 512;


GivenBandwidthOld = [0.0113949, 0.00919108, 0.00943957, 0.0157776, 0.00854541, 0.00766009, 0.0081386, 0.0104694, 0.014177, 0.00763715, 0.0125794, 0.0170898, 0.0129117, 0.0125001, 0.0134635, 0.0154594, 0.0112932, 0.00962449, 0.0138108, 0.0124706, 0.00892748, 0.00914097, 0.017284, 0.00786895, 0.00852325, 0.0152525, 0.0134889, 0.0134997, 0.0138946, 0.0112423, 0.0143449, 0.0101852, 0.00788369, 0.0161137, 0.0171109, 0.00765475, 0.00846962, 0.0138847, 0.0148751, 0.0100672, 0.0138379, 0.00819385, 0.00910082, 0.0125681, 0.00754584, 0.00788967, 0.0167758, 0.015619, 0.0128604, 0.00977441, 0.0134709, 0.0104129, 0.0141573, 0.00751706, 0.014222, 0.014353, 0.0156086, 0.00937007, 0.00769414, 0.0104956, 0.014892, 0.0143711, 0.00946046, 0.0169261];
GivenLatency = [94.3448, 110.45, 126.621, 72.6684, 114.788, 126.002, 139.361, 97.534, 67.7002, 159.071, 77.9693, 54.2439, 86.6643, 85.4235, 76.7847, 66.006, 83.4119, 95.3059, 77.3963, 87.504, 103.105, 115.817, 60.6052, 155.95, 107.977, 67.7236, 79.7049, 76.5512, 86.0482, 107.049, 77.1599, 109.929, 120.597, 60.9202, 71.5421, 137.764, 113.794, 84.2043, 74.8738, 96.3956, 70.5948, 129.492, 109.665, 79.8239, 123.723, 135.299, 55.3943, 59.5569, 83.6933, 100.833, 67.8447, 92.4276, 81.3417, 149.312, 66.2752, 76.8188, 67.1063, 115.692, 143.862, 99.0567, 71.3916, 76.7188, 104.518, 54.8498];
HighestPossibleCritFunctionValue = 1.1;
