NumDevices = 64;
NumSlotes = 512;


GivenBandwidthOld = [0.0118057, 0.0107327, 0.0144607, 0.0091487, 0.0172006, 0.00792146, 0.0160309, 0.0111449, 0.0172149, 0.0106488, 0.017467, 0.0112126, 0.0177874, 0.0195539, 0.00984471, 0.0149775, 0.0197115, 0.00950369, 0.00859211, 0.012639, 0.0164783, 0.0188035, 0.0111281, 0.00931033, 0.00865393, 0.0140774, 0.0164708, 0.0166367, 0.0177332, 0.00928757, 0.0137522, 0.0139607, 0.0178947, 0.0116021, 0.0133953, 0.0156461, 0.0195489, 0.0131609, 0.0119805, 0.0107887, 0.0180253, 0.0186008, 0.0168362, 0.00900431, 0.0154056, 0.0142947, 0.0185934, 0.0175263, 0.0193348, 0.0146606, 0.0188906, 0.0109972, 0.00976423, 0.0123493, 0.00890188, 0.0189109, 0.0147518, 0.014104, 0.0128889, 0.016601, 0.0186576, 0.00820815, 0.00932563, 0.0159257];
GivenLatency = [200.802, 301.482, 219.955, 251.017, 143.685, 391.507, 144.593, 244.768, 184.608, 213.377, 140.814, 224.762, 125.699, 139.414, 255.22, 180.545, 133.576, 239.842, 318.579, 192.284, 175.755, 166.53, 283.481, 279.878, 284.207, 180.122, 165.659, 143.433, 170.413, 302.84, 176.637, 165.34, 153.839, 266.677, 234.034, 212.768, 121.183, 218.69, 262.693, 281.987, 127.196, 172.148, 154.815, 316.915, 211.249, 225.525, 121.858, 178.408, 169.844, 218.795, 127.196, 219.584, 243.436, 212.51, 356.285, 173.942, 221.4, 193.248, 211.26, 155.88, 148.236, 309.817, 289.083, 188.827];
HighestPossibleCritFunctionValue = 1.1;
