NumDevices = 128;
NumSlotes = 1024;


GivenBandwidthOld = [0.00833278, 0.00777611, 0.00809184, 0.00824277, 0.00756445, 0.00693104, 0.00498283, 0.00516514, 0.00669384, 0.00582356, 0.00407891, 0.00671609, 0.00479145, 0.00743086, 0.00555187, 0.00646078, 0.00763408, 0.00853713, 0.00479765, 0.00532925, 0.00865325, 0.0063627, 0.00906682, 0.00737329, 0.00668132, 0.00788491, 0.00552198, 0.00412571, 0.00585111, 0.00468484, 0.00937921, 0.0076641, 0.00684523, 0.00656723, 0.00915077, 0.00577509, 0.00823183, 0.00486322, 0.00739797, 0.00887729, 0.00938159, 0.00389673, 0.00726563, 0.00969926, 0.00544629, 0.00709066, 0.00639552, 0.0044881, 0.00906994, 0.00967139, 0.00582091, 0.00960689, 0.00918197, 0.00505648, 0.00545342, 0.00812974, 0.00783384, 0.00954122, 0.00559195, 0.00510275, 0.00817749, 0.00406389, 0.00422993, 0.00746294, 0.00718926, 0.00746183, 0.0071732, 0.00615342, 0.00423164, 0.00486709, 0.00994977, 0.00953011, 0.00636901, 0.00896201, 0.0081971, 0.00858612, 0.00941569, 0.00825918, 0.00820878, 0.00500255, 0.00540027, 0.00862897, 0.00465713, 0.00616808, 0.00685975, 0.00685095, 0.0089902, 0.00699126, 0.00454595, 0.0063642, 0.00932589, 0.0052913, 0.00841083, 0.0071535, 0.00640298, 0.00484614, 0.00786563, 0.00638658, 0.00432742, 0.00847562, 0.00843456, 0.0059482, 0.00517648, 0.00988499, 0.00823345, 0.00707032, 0.00839356, 0.00424404, 0.00703458, 0.00762291, 0.00829603, 0.00891278, 0.00581897, 0.00815988, 0.00811066, 0.00589141, 0.00693227, 0.00691528, 0.0088952, 0.0040436, 0.00707781, 0.00932845, 0.00444683, 0.00908455, 0.00526071, 0.00668996, 0.0093259, 0.00544294];
GivenLatency = [477.572, 440.248, 551.731, 440.546, 543.579, 638.354, 779.978, 751.88, 650.231, 777.647, 1013.5, 500.631, 721.939, 594.849, 640.182, 585.814, 548.102, 530.46, 709.374, 923.187, 496.739, 620.432, 537.79, 551.323, 500.845, 488.236, 609.333, 916.385, 768.714, 739.332, 364.457, 530.873, 613.372, 655.146, 451.9, 706.641, 509.267, 962.234, 484.529, 437.572, 455.936, 1023.47, 462.466, 451.693, 699.806, 619.703, 777.487, 938.126, 398.569, 431.519, 617.512, 379.499, 418.702, 675.058, 868.801, 550.001, 619.387, 504.301, 638.615, 679.382, 608.59, 1170.26, 794.889, 599.39, 545.258, 456.596, 634.425, 643.104, 1179.31, 816.546, 444.927, 436.481, 707.428, 474.036, 474.35, 445.854, 408.764, 549.947, 466.712, 794.453, 820.666, 470.012, 966.129, 551.225, 620.108, 542.193, 434.631, 693.572, 1011.39, 554.493, 395.925, 792.833, 538.127, 552.45, 666.544, 883.739, 472.213, 524.333, 856.681, 409.977, 565.956, 733.036, 959.54, 491.345, 569.212, 475.579, 437.12, 1071.74, 566.846, 441.364, 528.905, 397.564, 595.796, 548.468, 420.371, 607.188, 517.758, 699.751, 441.377, 1229.62, 548.876, 358.418, 784.002, 462.74, 726.717, 645.589, 440.943, 850.167];
HighestPossibleCritFunctionValue = 1.1;
