NumDevices = 32;
NumSlotes = 256;


GivenBandwidthOld = [0.0215375, 0.0313792, 0.0202176, 0.0272273, 0.0197677, 0.0257279, 0.0191885, 0.0309093, 0.0229288, 0.0336324, 0.029273, 0.020596, 0.0275224, 0.0196392, 0.0262791, 0.0226684, 0.0175393, 0.0328155, 0.0199372, 0.0337858, 0.0279671, 0.0328127, 0.0334734, 0.0176144, 0.0151782, 0.0295365, 0.030283, 0.0163378, 0.0197597, 0.0319081, 0.0297949, 0.0328593];
GivenLatency = [52.5095, 28.4656, 54.69, 36.1641, 49.4788, 45.0775, 50.824, 33.4383, 51.1538, 28.8271, 32.8018, 56.2617, 34.3708, 44.799, 36.8602, 37.0664, 53.0583, 26.4742, 43.6312, 25.7576, 40.4669, 32.7292, 34.4812, 56.5283, 58.0656, 29.451, 27.6657, 54.2364, 53.291, 32.1153, 30.535, 28.8405];
HighestPossibleCritFunctionValue = 1.1;
