NumDevices = 128;
NumSlotes = 1024;


GivenBandwidthOld = [0.00279, 0.00278124, 0.00244952, 0.00227412, 0.00419608, 0.00358254, 0.00423631, 0.00147222, 0.00167652, 0.00417, 0.00262099, 0.0028061, 0.00148982, 0.00386272, 0.00391383, 0.00346008, 0.00239104, 0.00378772, 0.00263109, 0.00379239, 0.00308252, 0.00346663, 0.00294589, 0.00403348, 0.00186584, 0.00161899, 0.00290144, 0.00392247, 0.00184463, 0.00137582, 0.00337285, 0.00190009, 0.00231485, 0.00136029, 0.00183382, 0.00415731, 0.00188451, 0.00300913, 0.00131683, 0.00260835, 0.00291502, 0.00399031, 0.00135713, 0.00172339, 0.0013123, 0.00149388, 0.00320443, 0.0025599, 0.00422224, 0.00264226, 0.00400358, 0.0024964, 0.00264781, 0.00366078, 0.00361572, 0.00258161, 0.00351137, 0.00188139, 0.00360124, 0.00291859, 0.00147671, 0.00225107, 0.00129242, 0.00172923, 0.00256501, 0.00254117, 0.00197458, 0.00429584, 0.00208705, 0.00395437, 0.00351808, 0.00209216, 0.00229763, 0.00247572, 0.00184472, 0.00300353, 0.0041054, 0.00127824, 0.00400932, 0.00216639, 0.00305485, 0.00403338, 0.00339546, 0.00367693, 0.00324278, 0.00327636, 0.00203318, 0.00160493, 0.00409985, 0.00182401, 0.00174032, 0.00150937, 0.00425877, 0.00400304, 0.00282047, 0.00246744, 0.0033296, 0.00300425, 0.00371042, 0.00348911, 0.00264989, 0.00426716, 0.00435105, 0.00189763, 0.00153134, 0.00161306, 0.00324589, 0.0023576, 0.00412299, 0.00315943, 0.00247892, 0.00252432, 0.00318418, 0.00276809, 0.00328878, 0.00138859, 0.00248432, 0.00277232, 0.00258165, 0.0040873, 0.00329337, 0.00358289, 0.00383517, 0.0033608, 0.0024102, 0.00381312, 0.00143658, 0.00278927];
GivenLatency = [145.505, 116.091, 221.684, 150.032, 75.6879, 107.531, 90.3939, 275.851, 225.585, 80.7911, 154.819, 119.29, 385.047, 152.613, 136.206, 168.615, 272.28, 133.115, 194.174, 104.966, 162.364, 123.503, 160.646, 139.246, 178.942, 278.977, 164.475, 122.324, 185.468, 319.136, 136.873, 170.078, 164.805, 230.401, 197.381, 109.12, 213.79, 121.249, 378.115, 128.996, 124.76, 154.987, 232.459, 368.814, 443.795, 313.804, 151.748, 224.653, 100.641, 141.724, 132.997, 222.681, 118.503, 166.931, 117.556, 228.944, 93.4358, 166.266, 142.682, 166.002, 294.612, 163.716, 391.423, 289.631, 163.807, 147.525, 198.994, 129.476, 309.073, 88.9506, 136.187, 280.121, 138.488, 214.76, 211.775, 130.288, 96.7798, 268.948, 145.269, 239.248, 152.341, 102.62, 99.5038, 85.3651, 191.319, 100.908, 237.326, 253.889, 119.946, 288.679, 358.906, 335.949, 74.588, 94.9359, 191.389, 177.605, 145.734, 116.924, 96.5282, 100.218, 121.995, 135.346, 87.446, 321, 370.658, 200.778, 142.679, 205.654, 126.373, 155.136, 179.704, 226.463, 117.477, 122.702, 97.9107, 240.831, 132.681, 213.426, 161.605, 93.8876, 136.522, 163.753, 171.21, 121.462, 258.393, 116.384, 308.125, 161.852];
HighestPossibleCritFunctionValue = 1.1;
