NumDevices = 16;
NumSlotes = 128;


GivenBandwidthOld = [0.0587031, 0.0432679, 0.0634081, 0.0398191, 0.0594537, 0.0590527, 0.038538, 0.0482582, 0.0557289, 0.0557509, 0.0657804, 0.0313578, 0.0500943, 0.0349476, 0.0646897, 0.0599858];
GivenLatency = [16.7151, 19.7354, 15.3879, 22.213, 15.3016, 15.001, 25.5659, 19.6695, 14.6003, 17.3656, 15.389, 29.5832, 20.283, 26.3206, 15.6479, 13.5814];
HighestPossibleCritFunctionValue = 1.1;
