NumDevices = 16;
NumSlotes = 128;


GivenBandwidthOld = [0.0349452, 0.0437922, 0.0361201, 0.0407417, 0.0649791, 0.0740132, 0.0599342, 0.0335751, 0.0674219, 0.0301978, 0.0541533, 0.0744452, 0.0710963, 0.0362728, 0.0577771, 0.0792989];
GivenLatency = [48.7567, 37.8794, 44.2599, 41.8288, 30.1791, 23.8559, 26.3189, 47.5583, 25.4493, 47.7035, 28.711, 24.6165, 19.6302, 49.4321, 24.5807, 17.5642];
HighestPossibleCritFunctionValue = 1.1;
