NumDevices = 16;
NumSlotes = 128;


GivenBandwidthOld = [0.0408734, 0.0792362, 0.0436098, 0.0700437, 0.0443218, 0.0360637, 0.0434356, 0.0416409, 0.0791331, 0.0603711, 0.0773286, 0.031821, 0.0357378, 0.0651641, 0.0336939, 0.0625638];
GivenLatency = [32.6727, 22.0875, 43.8797, 19.1952, 41.6959, 52.9212, 31.8508, 43.1845, 21.4402, 27.0858, 17.5159, 44.4416, 43.2842, 26.417, 51.6793, 25.3737];
HighestPossibleCritFunctionValue = 1.1;
