NumDevices = 64;
NumSlotes = 512;


GivenBandwidthOld = [0.0076027, 0.0136154, 0.00978183, 0.00826071, 0.0128219, 0.0123426, 0.00755405, 0.0159414, 0.0125976, 0.0121348, 0.0147189, 0.016233, 0.0124359, 0.0149821, 0.00934625, 0.0174015, 0.0119683, 0.0163835, 0.0120146, 0.0147094, 0.0158691, 0.0168493, 0.0108093, 0.0164131, 0.0101535, 0.0144486, 0.0127883, 0.00819304, 0.0154945, 0.0114927, 0.0125811, 0.0154623, 0.0102782, 0.0106943, 0.0148542, 0.00988684, 0.0130834, 0.00811942, 0.00812559, 0.0117659, 0.0143485, 0.0100474, 0.0114869, 0.0149899, 0.0110669, 0.0170449, 0.00911482, 0.00780429, 0.0117441, 0.0088302, 0.0141665, 0.0112141, 0.0106592, 0.0136882, 0.0120134, 0.0141746, 0.0170206, 0.0096049, 0.0145931, 0.0117356, 0.0150404, 0.00878459, 0.00754419, 0.0102834];
GivenLatency = [159.777, 87.7226, 125.881, 145.391, 89.211, 99.2054, 120.388, 76.5942, 78.4025, 87.7564, 61.8261, 65.7462, 91.5678, 68.8847, 113.66, 60.8702, 80.7122, 70.8139, 77.6964, 81.3442, 77.7132, 70.1488, 109.678, 56.0773, 101.217, 73.9288, 86.2594, 112.182, 59.176, 83.155, 94.1015, 71.2084, 112.741, 98.6624, 70.8544, 96.2906, 74.4497, 118.191, 126.197, 90.3883, 70.6222, 117.542, 85.2271, 64.0093, 90.7726, 61.4029, 104.377, 158.642, 98.8684, 117.667, 71.965, 90.9404, 114.4, 76.3934, 102.473, 64.8101, 63.1685, 122.875, 68.9105, 87.7279, 74.8451, 105.607, 157.521, 111.624];
HighestPossibleCritFunctionValue = 1.1;
