NumDevices = 64;
NumSlotes = 512;


GivenBandwidthOld = [0.0138451, 0.0116021, 0.0146861, 0.00951584, 0.0127567, 0.0185339, 0.0161171, 0.0101325, 0.0143586, 0.0178643, 0.012296, 0.0132302, 0.0144857, 0.0165399, 0.0155532, 0.0193316, 0.0114949, 0.012965, 0.00820272, 0.0181205, 0.0195904, 0.0113053, 0.0127762, 0.00990044, 0.0142247, 0.0163429, 0.0169633, 0.00782968, 0.0109672, 0.018293, 0.0180196, 0.00978445, 0.0148158, 0.0137659, 0.0187596, 0.00937241, 0.014523, 0.0184002, 0.0188669, 0.0140478, 0.0180627, 0.0101552, 0.00926892, 0.0126725, 0.0170379, 0.0102799, 0.0173675, 0.0135364, 0.0115056, 0.0168827, 0.0146352, 0.0169406, 0.0129251, 0.0115239, 0.011365, 0.0159911, 0.0181589, 0.0140646, 0.0144208, 0.0133854, 0.011222, 0.0131998, 0.0167168, 0.0145405];
GivenLatency = [202.502, 232.133, 157.478, 276.803, 224.798, 147.05, 141.667, 294.168, 207.541, 152.105, 228.29, 224.598, 181.504, 135.888, 192.054, 117.292, 236.789, 238.373, 271.274, 129.933, 157.318, 291.992, 189.427, 302.969, 168.136, 161.116, 171.198, 355.071, 278.37, 163.294, 133.655, 289.921, 166.404, 189.75, 136.157, 250.867, 175.351, 121.802, 126.521, 217.759, 163.257, 262.618, 354.701, 197.444, 138.885, 226.188, 190.182, 174.415, 260.489, 170.462, 213.272, 155.152, 182.092, 220.521, 263.542, 173.2, 129.376, 223.168, 177.755, 198.12, 267.652, 225.477, 139.276, 156.012];
HighestPossibleCritFunctionValue = 1.1;
