NumDevices = 128;
NumSlotes = 1024;


GivenBandwidthOld = [0.0031722, 0.00143288, 0.00307357, 0.00314386, 0.00328619, 0.00155768, 0.00363555, 0.00141208, 0.00347156, 0.00158484, 0.00397253, 0.00258563, 0.00225236, 0.00418011, 0.00380739, 0.00203061, 0.00222731, 0.00188034, 0.00167952, 0.00144757, 0.00309435, 0.0024053, 0.00277114, 0.00148348, 0.00353545, 0.00347095, 0.0038077, 0.00407314, 0.00292932, 0.00369819, 0.00421209, 0.00392036, 0.00381186, 0.00214226, 0.00367562, 0.00304505, 0.0018414, 0.00348172, 0.00357959, 0.00149528, 0.00179656, 0.0029122, 0.00347694, 0.00435759, 0.0023327, 0.00133789, 0.00335012, 0.00416719, 0.00229789, 0.00381903, 0.00400353, 0.00169464, 0.00242353, 0.00286806, 0.00215127, 0.00203293, 0.00376123, 0.00432948, 0.0019039, 0.00387241, 0.00428136, 0.00236012, 0.00283146, 0.00264806, 0.00149336, 0.0038558, 0.0031254, 0.00236113, 0.00408099, 0.00354229, 0.00282361, 0.00201336, 0.00297558, 0.00299976, 0.00319107, 0.00286914, 0.00167044, 0.00192496, 0.00159863, 0.00125728, 0.00171089, 0.0036038, 0.00222003, 0.00138307, 0.0033, 0.0025378, 0.00148817, 0.00423764, 0.00207313, 0.00436284, 0.00320188, 0.00329453, 0.00437289, 0.00321161, 0.00434865, 0.00221144, 0.00399017, 0.0022251, 0.00224451, 0.00355745, 0.00127896, 0.00354276, 0.00434255, 0.00276799, 0.00154372, 0.00341134, 0.00187387, 0.00231744, 0.00422178, 0.00422197, 0.00429209, 0.0014691, 0.00234188, 0.00250824, 0.00160791, 0.00419573, 0.0039103, 0.00355596, 0.00131365, 0.00218841, 0.00128655, 0.00302045, 0.003998, 0.00243712, 0.00314963, 0.00325355, 0.0031146, 0.00214912];
GivenLatency = [116.324, 220.612, 154.843, 152.953, 157.992, 278.899, 101.522, 265.411, 91.1273, 202.493, 148.242, 148.52, 141.829, 100.618, 122.683, 282.296, 150.494, 244.429, 295.933, 247.19, 107.614, 151.684, 119.899, 345.637, 111.084, 186.015, 119.466, 147.275, 115.992, 85.1101, 82.1042, 100.737, 112.747, 220.035, 145.266, 206.983, 244.645, 93.8328, 114.453, 313.407, 272.342, 152.498, 140.291, 125.174, 173.186, 474.91, 95.405, 146.281, 236.586, 108.216, 109.17, 373.239, 186.64, 126.076, 171.586, 169.918, 171.517, 122.181, 179.018, 89.4688, 147.705, 172.36, 138.728, 180.11, 330.911, 153.596, 105.201, 185.03, 84.1628, 107.958, 121.586, 163.537, 144.254, 156.152, 98.0335, 211.868, 336.921, 284.043, 281.971, 372.653, 185.169, 160.131, 188.442, 374.939, 114.737, 179.964, 312.212, 110.986, 185.265, 80.6225, 152.442, 108.693, 137.228, 196.367, 76.9942, 156.277, 144.303, 245.706, 237.229, 171.473, 276.048, 98.6317, 81.5392, 114.588, 221.025, 171.663, 279.848, 265.7, 75.4013, 77.5744, 130.962, 284.53, 134.902, 129.619, 230.934, 84.829, 101.126, 177.448, 407.55, 149.172, 245.599, 104.382, 88.7915, 189.94, 155.236, 105.295, 111.411, 278.014];
HighestPossibleCritFunctionValue = 1.1;
