NumDevices = 128;
NumSlotes = 1024;


GivenBandwidthOld = [0.0053871, 0.00601555, 0.00582384, 0.00883098, 0.00606683, 0.00514802, 0.00655784, 0.00765883, 0.00574173, 0.00378699, 0.0067074, 0.00883407, 0.007922, 0.00382092, 0.00824111, 0.00458792, 0.00537665, 0.00541785, 0.00397106, 0.00653862, 0.00961815, 0.00479156, 0.00920593, 0.00789433, 0.00747039, 0.00735057, 0.00597637, 0.0098596, 0.00659223, 0.00441394, 0.00628314, 0.00950745, 0.00679136, 0.00731085, 0.00726895, 0.00919272, 0.00455868, 0.00766559, 0.00680983, 0.00537596, 0.00623004, 0.00458247, 0.00749552, 0.00474426, 0.0081088, 0.00579406, 0.00830253, 0.00563803, 0.0045893, 0.00978923, 0.00515086, 0.00417489, 0.00740312, 0.00797543, 0.00806995, 0.00914388, 0.00871004, 0.00464389, 0.00855258, 0.00819669, 0.00807991, 0.00777585, 0.00376972, 0.00399927, 0.00577527, 0.00489568, 0.00927597, 0.00995449, 0.00755453, 0.00903367, 0.00638879, 0.0038143, 0.00951916, 0.00973939, 0.00493948, 0.00776274, 0.00844613, 0.00660536, 0.00630029, 0.00400591, 0.00486012, 0.00523703, 0.00868743, 0.00589289, 0.0068303, 0.0055807, 0.00985669, 0.00770829, 0.00574019, 0.00918791, 0.00498439, 0.00640832, 0.00716659, 0.00769981, 0.00698502, 0.0059974, 0.00701107, 0.00626184, 0.00774885, 0.00618642, 0.00898543, 0.00811582, 0.00504106, 0.0088037, 0.00998996, 0.00383079, 0.00526261, 0.00745925, 0.00754686, 0.00515964, 0.00799177, 0.00765812, 0.00619088, 0.00893925, 0.00702242, 0.00957718, 0.00999901, 0.00593979, 0.00761718, 0.0056685, 0.00425336, 0.007414, 0.00955969, 0.00969432, 0.00995234, 0.00902007, 0.00906683, 0.00752914];
GivenLatency = [728.411, 822.892, 675.261, 460.966, 560.621, 955.142, 551.765, 455.798, 717.666, 1153.93, 547.179, 407.245, 440.775, 1043.99, 549.438, 1036.79, 766.184, 713.82, 998.554, 741.624, 446.364, 1036.2, 388.788, 631.532, 505.85, 461.547, 615.811, 438.865, 529.962, 909.421, 603.893, 365.719, 512.097, 656.512, 671.422, 388.102, 833.377, 522.789, 717.797, 699.309, 543.099, 729.861, 487.015, 992.972, 464.618, 672.357, 451.296, 638.293, 771.109, 353.926, 702.159, 1031.06, 489.466, 535.904, 561.891, 487.185, 522.583, 855.31, 555.962, 467.14, 425.67, 535.323, 1164.81, 844.643, 589.54, 867.473, 363.33, 355.789, 488.402, 395.719, 680.138, 886.312, 504.843, 467.335, 718.729, 473.913, 510.972, 596.937, 755.851, 1036.88, 965.34, 915.49, 532.527, 733.215, 650.446, 803.189, 351.052, 618.103, 750.224, 408.482, 760.219, 582.873, 498.49, 464.776, 675.146, 567.852, 551.692, 543.673, 504.356, 597.798, 549.194, 487.211, 970.405, 561.565, 356.851, 1094.2, 745.425, 533.895, 511.675, 950.271, 475.161, 526.726, 738.54, 375.643, 660.121, 348.805, 368.059, 723.093, 557.503, 695.267, 1055.36, 487.827, 363.639, 387.732, 357.364, 414.604, 458.278, 475.307];
HighestPossibleCritFunctionValue = 1.1;
