NumDevices = 32;
NumSlotes = 256;


GivenBandwidthOld = [0.0298168, 0.0165774, 0.0270616, 0.0349108, 0.031546, 0.0287259, 0.0313467, 0.0298319, 0.0196456, 0.019191, 0.0285758, 0.032623, 0.030497, 0.0227984, 0.0327867, 0.0308966, 0.0392451, 0.0271412, 0.0219369, 0.0276981, 0.0323287, 0.0332165, 0.0302408, 0.0171491, 0.0355989, 0.0202899, 0.0223754, 0.0228026, 0.0278836, 0.0240961, 0.0183133, 0.0270478];
GivenLatency = [67.9473, 106.728, 63.7697, 51.1119, 67.7348, 80.4761, 70.013, 72.2111, 86.5704, 123.103, 65.2712, 55.6297, 77.6696, 90.1004, 51.5382, 59.3647, 52.5908, 61.5292, 107.917, 77.096, 76.2469, 53.2857, 72.4641, 137.279, 53.8076, 107.26, 84.2735, 87.5763, 75.7092, 87.8238, 128.875, 84.4908];
HighestPossibleCritFunctionValue = 1.1;
