NumDevices = 16;
NumSlotes = 128;


GivenBandwidthOld = [0.0638658, 0.0619665, 0.0411071, 0.0577523, 0.0636315, 0.0741871, 0.0329594, 0.0691496, 0.0666977, 0.0577991, 0.0496044, 0.0709836, 0.0419475, 0.0319606, 0.0324738, 0.0577851];
GivenLatency = [23.371, 25.0672, 47.4092, 33.1706, 24.5587, 23.1963, 51.6064, 22.9235, 28.7911, 31.9087, 28.0351, 24.2488, 41.978, 44.247, 58.6592, 29.697];
HighestPossibleCritFunctionValue = 1.1;
