NumDevices = 16;
NumSlotes = 128;


GivenBandwidthOld = [0.0528916, 0.0483813, 0.0452592, 0.0509462, 0.0335948, 0.0475483, 0.0451008, 0.0689304, 0.0532549, 0.0357678, 0.0493991, 0.030847, 0.0655806, 0.0328674, 0.0620189, 0.0512849];
GivenLatency = [17.9765, 17.1468, 17.0173, 20.0174, 27.5571, 19.1062, 22.5471, 12.1682, 20.4975, 29.6046, 15.8953, 32.0051, 12.2469, 26.4105, 17.0501, 15.863];
HighestPossibleCritFunctionValue = 1.1;
