NumDevices = 128;
NumSlotes = 1024;


GivenBandwidthOld = [0.00563999, 0.00389318, 0.00523368, 0.00491861, 0.00464206, 0.00655361, 0.00395297, 0.00505207, 0.0076391, 0.00790045, 0.0053706, 0.00622665, 0.00380249, 0.00587268, 0.00462746, 0.00613917, 0.0085458, 0.00683398, 0.00616533, 0.00818537, 0.00396042, 0.00531906, 0.00490705, 0.00534223, 0.00430614, 0.00576453, 0.00698865, 0.0057091, 0.00535812, 0.00637985, 0.00871194, 0.00404578, 0.00495672, 0.00508356, 0.00686422, 0.00441879, 0.00407353, 0.00630791, 0.00462707, 0.00465076, 0.00780023, 0.00601964, 0.00456671, 0.00517103, 0.00694179, 0.00821521, 0.00550786, 0.00805345, 0.00683422, 0.0052847, 0.00744247, 0.00804373, 0.00852275, 0.00427863, 0.00841515, 0.00600466, 0.00781393, 0.00625538, 0.00664141, 0.00475909, 0.00859021, 0.00816704, 0.0059033, 0.00422102, 0.00513182, 0.00798678, 0.00632061, 0.00798423, 0.00838542, 0.0062823, 0.00403405, 0.00771132, 0.00661646, 0.00527869, 0.00649846, 0.00720222, 0.00519142, 0.00468934, 0.00621688, 0.00465175, 0.0044119, 0.00826342, 0.0057532, 0.00654229, 0.00872238, 0.00456217, 0.00388189, 0.00538662, 0.00543802, 0.00432366, 0.00518949, 0.00727886, 0.008244, 0.00444753, 0.00707208, 0.00790752, 0.00416037, 0.00584807, 0.00594553, 0.00407928, 0.00800815, 0.00541834, 0.00855218, 0.00394199, 0.0055111, 0.00749043, 0.00410036, 0.00732968, 0.00742032, 0.00584877, 0.00775478, 0.0071055, 0.00465683, 0.00489565, 0.00870054, 0.00755304, 0.00636773, 0.00485603, 0.00784361, 0.00511383, 0.00562256, 0.00580966, 0.00552036, 0.00813594, 0.00818526, 0.00716588, 0.00436193, 0.0083847];
GivenLatency = [223.595, 248.707, 235.018, 243.768, 249.407, 169.36, 282.828, 190.002, 161.562, 164.291, 186.05, 156.043, 279.319, 170.105, 238.91, 202.904, 115.703, 170.186, 165.786, 143.835, 286.553, 222.263, 226.295, 181.485, 234.222, 202.976, 161.849, 202.742, 224.513, 194.867, 128.89, 238.332, 194.339, 207.198, 172.135, 241.638, 303.821, 205.006, 269.895, 207.696, 123.781, 195.418, 237.314, 220.829, 182.918, 125.258, 226.262, 142.009, 161.228, 209.517, 154.65, 160.463, 116.832, 294.16, 127.901, 207.308, 130.185, 168.11, 143.889, 213.347, 149.724, 131.563, 166.405, 231.466, 220.408, 125.367, 201.378, 143.773, 138.237, 192.414, 282.36, 124.21, 151.606, 197.116, 163.167, 170.607, 228.893, 204.29, 194.545, 253.092, 277.536, 136.901, 190.043, 165.42, 146.386, 234.018, 293.318, 191.235, 233.865, 221.863, 249.311, 171.419, 118.942, 219.314, 161.097, 153.209, 249.467, 210.479, 204.363, 309.155, 120.631, 206.456, 143.251, 270.596, 226.207, 136.354, 301.52, 161.638, 159.056, 178.334, 159.491, 155.574, 211.505, 234.198, 129.09, 128.147, 164.384, 202.231, 140.654, 190.205, 227.48, 198.806, 187.304, 126.802, 147.214, 144.818, 275.188, 114.765];
HighestPossibleCritFunctionValue = 1.1;
