NumDevices = 16;
NumSlotes = 128;


GivenBandwidthOld = [0.0637148, 0.0354013, 0.0502271, 0.0674705, 0.0363839, 0.0446887, 0.0624433, 0.0652227, 0.058003, 0.0365643, 0.0366063, 0.0616638, 0.0442609, 0.0333879, 0.0496285, 0.0461628];
GivenLatency = [15.8978, 26.2124, 21.5908, 11.7242, 28.4527, 23.0707, 14.7944, 11.8847, 14.1385, 26.3531, 23.1184, 12.6662, 19.1595, 32.4306, 20.474, 21.4287];
HighestPossibleCritFunctionValue = 1.1;
