NumDevices = 128;
NumSlotes = 1024;


GivenBandwidthOld = [0.00462226, 0.007546, 0.0093677, 0.00798818, 0.00977161, 0.00896357, 0.00953439, 0.00955078, 0.00994594, 0.00768312, 0.00776612, 0.00895638, 0.00744276, 0.00542418, 0.00417205, 0.0097015, 0.00555092, 0.00932624, 0.00482293, 0.0053076, 0.00739021, 0.00970481, 0.00498319, 0.00497754, 0.00375876, 0.0071512, 0.00520422, 0.00737778, 0.00706417, 0.00502864, 0.00639736, 0.00419795, 0.00743494, 0.00529013, 0.00746216, 0.00647341, 0.00739221, 0.00591347, 0.00895783, 0.00682557, 0.00729258, 0.00644069, 0.00735469, 0.0064801, 0.00732877, 0.00835461, 0.00586848, 0.00911458, 0.00996296, 0.00622117, 0.00545296, 0.0065769, 0.00923117, 0.00700753, 0.00927698, 0.00824685, 0.00723722, 0.00712555, 0.00535012, 0.00944193, 0.00546384, 0.00828746, 0.0085466, 0.00764688, 0.00480352, 0.00395109, 0.00841764, 0.00903887, 0.00632547, 0.00845455, 0.00440405, 0.00892887, 0.0075638, 0.00847735, 0.00633877, 0.00690126, 0.00445232, 0.00770767, 0.00778871, 0.00740929, 0.00546953, 0.00392246, 0.00855837, 0.0054969, 0.00772244, 0.00607578, 0.00560391, 0.00609311, 0.00938391, 0.00532411, 0.00978163, 0.00862119, 0.00512121, 0.00598364, 0.00701842, 0.00477858, 0.00981355, 0.00758197, 0.00769871, 0.00725256, 0.00878959, 0.00406737, 0.00655967, 0.00711975, 0.00788296, 0.00393395, 0.00790789, 0.00412265, 0.00436163, 0.00836509, 0.00710462, 0.00991243, 0.00700948, 0.00455436, 0.00379681, 0.00927443, 0.00916024, 0.00866815, 0.00681771, 0.00655087, 0.00914365, 0.00484587, 0.00950521, 0.00661981, 0.00542718, 0.00466603, 0.00566459, 0.00732853];
GivenLatency = [1037.63, 584.673, 461.338, 419.094, 478.624, 555.504, 385.913, 508.279, 365.027, 528.223, 457.1, 526.478, 600.095, 840.148, 860.299, 423.973, 744.812, 399.256, 710.478, 685.735, 659.208, 433.74, 760.612, 819.306, 1058.85, 679.863, 847.076, 615.881, 549.119, 840.825, 575.447, 935.549, 575.95, 642.115, 462.998, 530.219, 485.636, 778.104, 419.811, 629.571, 505.095, 632.065, 570.166, 574.197, 498.077, 412.343, 798.145, 445.297, 347.37, 645.466, 659.913, 523.944, 438.293, 644.303, 525.636, 468.867, 589.816, 603.102, 773.616, 517.706, 819.305, 480.322, 415.833, 437.129, 971.331, 958.568, 523.372, 432.46, 730.127, 491.653, 908.553, 421.042, 588.688, 468.897, 589.88, 656.249, 1026.65, 624.679, 452.725, 458.395, 911.761, 1131.09, 541.448, 701.62, 575.476, 582.261, 737.945, 819.304, 494.612, 898.872, 446.416, 529.338, 658.08, 571.772, 482.186, 860.269, 434.719, 572.297, 520.247, 530.045, 433.838, 1136.31, 594.824, 571.771, 622.721, 864.426, 503.733, 837.843, 856.319, 510.974, 536.658, 501.696, 624.094, 792.338, 886.265, 384.745, 365.854, 446.03, 729.193, 695.613, 394.674, 741.782, 415.94, 577.727, 808.3, 782.61, 731.251, 507.748];
HighestPossibleCritFunctionValue = 1.1;
