NumDevices = 128;
NumSlotes = 1024;


GivenBandwidthOld = [0.00430017, 0.00291726, 0.00416021, 0.00382507, 0.00237145, 0.00256056, 0.00280089, 0.00136932, 0.00347868, 0.00237393, 0.00360063, 0.00202123, 0.00401922, 0.00290303, 0.00241146, 0.00308115, 0.00241547, 0.00188725, 0.00206917, 0.00341017, 0.00407698, 0.00174322, 0.00329798, 0.00285772, 0.00344718, 0.00428404, 0.00378784, 0.00158851, 0.00312043, 0.00312989, 0.00273376, 0.00127848, 0.00178322, 0.00378411, 0.00141999, 0.00194043, 0.00213067, 0.00273334, 0.00358519, 0.00194909, 0.00390744, 0.00228647, 0.00236955, 0.00187853, 0.00247626, 0.00165196, 0.00389136, 0.00395213, 0.00342896, 0.00421582, 0.00403826, 0.00410679, 0.00281954, 0.002408, 0.00127527, 0.00403331, 0.00216354, 0.00193197, 0.00374253, 0.00262903, 0.00364021, 0.00168551, 0.00210823, 0.00364967, 0.00436544, 0.00313072, 0.00425988, 0.00399472, 0.00368146, 0.00435116, 0.0037591, 0.00300819, 0.00435268, 0.00424648, 0.00375512, 0.00163121, 0.00194939, 0.00270537, 0.00230165, 0.00134356, 0.00191378, 0.0042247, 0.0032744, 0.00347777, 0.00283015, 0.00261732, 0.00362096, 0.00303291, 0.00404725, 0.00205248, 0.00422018, 0.00227867, 0.00256707, 0.00284924, 0.00156491, 0.00324275, 0.00274559, 0.00317981, 0.00427149, 0.00214622, 0.00146593, 0.00220201, 0.00162731, 0.00200225, 0.00371992, 0.00374164, 0.00321092, 0.00216051, 0.00422319, 0.0028231, 0.00278784, 0.00404491, 0.00337987, 0.00414469, 0.00225246, 0.00274934, 0.00386113, 0.002179, 0.0024479, 0.00308296, 0.00155363, 0.00432788, 0.00308039, 0.00209256, 0.00271171, 0.00254415, 0.00206777, 0.00179102];
GivenLatency = [84.5565, 162.451, 104.924, 127.609, 222.305, 209.116, 195.531, 256.278, 115.066, 151.216, 135.359, 258.799, 93.2936, 122.99, 244.894, 201.213, 206.486, 202.95, 288.817, 94.9087, 92.0521, 237.346, 178.764, 139.012, 107.285, 117.763, 113.378, 242.179, 136.337, 188.437, 234.854, 303.03, 260.134, 161.207, 351.751, 180.708, 297.79, 124.804, 87.6042, 280.961, 135.236, 160.378, 198.741, 273.874, 137.182, 209.263, 164.547, 100.519, 129.508, 93.1291, 104.67, 81.4372, 167.122, 160.98, 335.296, 130.502, 265.856, 215.466, 128.286, 141.117, 88.0719, 335.691, 163.79, 116.063, 136.74, 203.021, 108.854, 161.907, 121.386, 96.6309, 138.209, 152.168, 86.3228, 124.717, 114.915, 336.6, 318.955, 146.746, 141.245, 300.223, 279.305, 96.6658, 118.323, 184.631, 114.01, 163.582, 87.1909, 203.231, 138.857, 318.689, 134.19, 203.026, 198.38, 166.201, 230.639, 129.71, 217.362, 188.976, 140.838, 224.967, 260.458, 196.245, 299.043, 203.815, 134.874, 118.592, 150.204, 178.468, 121.769, 152.833, 175.185, 88.8588, 131.093, 95.1313, 219.395, 133.848, 129.479, 177.093, 132.359, 132.635, 350.251, 114.094, 114.692, 238.633, 118.959, 174.622, 266.962, 219.274];
HighestPossibleCritFunctionValue = 1.1;
