NumDevices = 128;
NumSlotes = 1024;


GivenBandwidthOld = [0.00651627, 0.00645249, 0.00444722, 0.00690761, 0.00375188, 0.00532036, 0.00679901, 0.00850091, 0.00729141, 0.0042068, 0.00616897, 0.00443989, 0.00379382, 0.0051602, 0.00501483, 0.00668777, 0.00388538, 0.00415659, 0.00728519, 0.00469922, 0.00722638, 0.00633721, 0.00703996, 0.00805572, 0.0049756, 0.00746064, 0.00842189, 0.0042359, 0.00535208, 0.00483044, 0.00776482, 0.00586476, 0.00648647, 0.00567564, 0.00792345, 0.00688047, 0.00750139, 0.00844623, 0.0082413, 0.00397973, 0.0047419, 0.00467388, 0.0064067, 0.00495245, 0.00832021, 0.00532349, 0.00430929, 0.00379437, 0.00441817, 0.00869518, 0.0073355, 0.00529944, 0.00517707, 0.00848588, 0.00471663, 0.00487726, 0.00464161, 0.00396042, 0.00533322, 0.00799045, 0.00798786, 0.00446288, 0.00507323, 0.00830477, 0.00585986, 0.00410325, 0.00590635, 0.00550608, 0.00818454, 0.00510035, 0.00413083, 0.00443974, 0.00618435, 0.00783088, 0.0060883, 0.00856079, 0.00863309, 0.00378468, 0.00666925, 0.00762532, 0.00621875, 0.00603185, 0.00477728, 0.00424894, 0.0045099, 0.00542754, 0.00824353, 0.00659744, 0.00572444, 0.0081012, 0.00431855, 0.00432592, 0.00831287, 0.00691788, 0.00633119, 0.00574439, 0.00853676, 0.0048532, 0.00530742, 0.00431932, 0.00723634, 0.00870588, 0.0072354, 0.00788206, 0.00624307, 0.00470532, 0.00488734, 0.00393869, 0.00506687, 0.00631095, 0.00565042, 0.00407985, 0.00747183, 0.00656945, 0.0052858, 0.00597476, 0.00531841, 0.00403333, 0.00568551, 0.00393964, 0.00603074, 0.006172, 0.00538439, 0.00797969, 0.00710818, 0.00466456, 0.00477695, 0.00867532];
GivenLatency = [153.894, 178.753, 246.532, 180.106, 313.184, 198.291, 162.546, 124.619, 150.749, 232.578, 188.309, 223.847, 267.071, 204.8, 257.494, 175.113, 300.991, 251.626, 169.486, 242.486, 142.377, 179.022, 152.372, 158.594, 209, 142.128, 131.243, 254.214, 220.236, 221.152, 155.772, 166.073, 173.423, 171.93, 137.397, 158.022, 163.893, 135.718, 134.479, 314.567, 248.527, 235.048, 192.21, 196.581, 115.3, 222.406, 238.639, 319.474, 278.297, 113.853, 145.457, 194.058, 230.523, 119.524, 242.861, 253.317, 227.266, 314.455, 229.745, 141.661, 141.186, 285.59, 207.377, 120.661, 220.13, 286.826, 181.338, 221.793, 122.685, 226.351, 275.703, 216.983, 183.148, 128.655, 161.994, 136.111, 114.757, 269.37, 147.721, 167.732, 169.231, 169.15, 262.75, 246.129, 230.28, 221.598, 120.754, 145.517, 166.492, 149.011, 252.135, 258.688, 136.642, 140.786, 165.394, 187.099, 117.378, 264.208, 187.587, 228.143, 138.944, 117.403, 164.9, 159.551, 154.373, 224.411, 224.485, 274.738, 237.716, 163.564, 181.031, 316.726, 138.028, 158.566, 221.831, 183.615, 206.409, 249.781, 175.78, 247.315, 159.665, 165.662, 187.632, 134.744, 140.86, 239.082, 230.731, 124.107];
HighestPossibleCritFunctionValue = 1.1;
