NumDevices = 32;
NumSlotes = 256;


GivenBandwidthOld = [0.0108854, 0.00848134, 0.0159128, 0.0168532, 0.00854895, 0.0146305, 0.0154467, 0.00691031, 0.0115473, 0.00819517, 0.00626994, 0.0113087, 0.0109046, 0.00577974, 0.0100759, 0.0157419, 0.00726357, 0.0113515, 0.00535776, 0.00536704, 0.0113533, 0.0104224, 0.0137033, 0.00641828, 0.0169716, 0.0124075, 0.0146846, 0.0115126, 0.0122741, 0.0103628, 0.0125377, 0.0163296];
GivenLatency = [41.1547, 47.0713, 26.5512, 37.7588, 37.7629, 30.1007, 22.2791, 53.7586, 49.8875, 39.2137, 51.2898, 53.821, 29.1194, 70.244, 36.0761, 33.1732, 67.158, 27.569, 90.274, 80.3495, 33.901, 46.245, 44.5342, 72.4098, 18.6615, 24.5742, 30.552, 34.1021, 35.7289, 43.2214, 24.3469, 24.9067];
HighestPossibleCritFunctionValue = 1.1;
