NumDevices = 128;
NumSlotes = 1024;


GivenBandwidthOld = [0.00461021, 0.00509661, 0.00497913, 0.00550576, 0.00661907, 0.00542309, 0.00463613, 0.00948639, 0.00899588, 0.0087255, 0.00831108, 0.00561671, 0.00874665, 0.00748708, 0.00664577, 0.00426082, 0.0078298, 0.00426868, 0.0087213, 0.00637014, 0.00912697, 0.00576192, 0.00566893, 0.00527078, 0.00718773, 0.00674428, 0.00985713, 0.00886962, 0.00541501, 0.00631536, 0.00732651, 0.00783318, 0.00467357, 0.00748122, 0.00815737, 0.00971571, 0.00697437, 0.00824478, 0.00382144, 0.00440153, 0.00394372, 0.00961353, 0.00832102, 0.003797, 0.00618174, 0.00522031, 0.00902272, 0.00988062, 0.00984382, 0.0038849, 0.00852614, 0.00751071, 0.00377673, 0.0093169, 0.00409475, 0.00421814, 0.00932975, 0.00756874, 0.00409207, 0.00920185, 0.00791457, 0.00395614, 0.00586451, 0.00489816, 0.00704471, 0.00920425, 0.00462118, 0.00813383, 0.00784387, 0.00944229, 0.00532609, 0.00558366, 0.00963563, 0.00480022, 0.00477655, 0.00697012, 0.00563082, 0.00840403, 0.00533162, 0.00483079, 0.00608591, 0.0071264, 0.00716851, 0.00864745, 0.00887333, 0.00532037, 0.00953724, 0.00734676, 0.00447291, 0.0099435, 0.00418772, 0.00428383, 0.00702313, 0.0089536, 0.0044483, 0.00882116, 0.00970925, 0.00454168, 0.00958162, 0.00953105, 0.00953173, 0.00849897, 0.00723827, 0.00612888, 0.00441874, 0.00580479, 0.0074231, 0.0062388, 0.00806486, 0.0049043, 0.00402726, 0.00741809, 0.00953279, 0.00765145, 0.00667387, 0.00774567, 0.00902957, 0.00630181, 0.00448236, 0.00624019, 0.00640437, 0.00946343, 0.00438391, 0.00789213, 0.00800943, 0.00452595, 0.00761417, 0.00514689];
GivenLatency = [900.941, 822.742, 772.62, 638.928, 681.845, 645.105, 1023.84, 352.416, 379.973, 502.02, 420.356, 652.218, 526.776, 596.951, 614.502, 810.862, 540.516, 831.636, 411.49, 558.98, 465.315, 675.229, 628.799, 766.378, 542.09, 541.089, 340.94, 443.444, 794.292, 770.666, 590.648, 473.919, 720.251, 532.722, 527.277, 468.091, 699.99, 481.574, 885.621, 1130.29, 907.287, 517.204, 539.361, 1055.79, 773.749, 867.422, 510.096, 414.194, 353.765, 980.562, 395.75, 653.728, 1103.62, 512.977, 849.907, 850.862, 441.474, 598.459, 825.648, 476.356, 452.477, 935.728, 725.265, 697.731, 494.28, 447.191, 794.593, 545.484, 566.886, 410.458, 768.247, 778.661, 414.142, 910.172, 817.385, 547.765, 705.356, 466.048, 813.551, 770.325, 637.358, 621.544, 569.987, 455.918, 555.85, 675.43, 513.292, 582.518, 1012.01, 336.489, 805.474, 909.554, 704.615, 517.46, 838.32, 392.661, 355.195, 850.407, 382.89, 374.268, 372.951, 422.689, 546.108, 676.542, 910.468, 577.191, 666.383, 589.287, 531.26, 960.246, 910.216, 508.77, 421.592, 540.061, 539.49, 463.551, 461.392, 618.869, 752.081, 728.126, 745.925, 371.665, 822.158, 445.621, 552.312, 1082.81, 482.842, 816.758];
HighestPossibleCritFunctionValue = 1.1;
