NumDevices = 32;
NumSlotes = 256;


GivenBandwidthOld = [0.0182398, 0.0258075, 0.0173517, 0.0208174, 0.0285409, 0.0169528, 0.0160891, 0.0200589, 0.0199835, 0.0321854, 0.0295921, 0.0251987, 0.0243113, 0.0305179, 0.0249283, 0.0202619, 0.0310348, 0.0322614, 0.0279261, 0.0239623, 0.0245895, 0.0262129, 0.0299767, 0.0287081, 0.0271636, 0.0291703, 0.015521, 0.0318742, 0.01905, 0.0239057, 0.0339023, 0.0259195];
GivenLatency = [60.1818, 33.203, 48.1557, 43.9944, 39.7113, 63.2147, 57.0666, 45.276, 47.3458, 26.2134, 30.35, 43.4312, 39.4725, 36.7113, 39.7505, 49.667, 34.3419, 28.9162, 40.51, 44.9547, 36.0898, 41.4549, 29.6694, 39.8764, 42.9071, 30.9273, 55.2632, 33.8353, 44.5792, 48.9156, 33.4694, 32.4266];
HighestPossibleCritFunctionValue = 1.1;
