NumDevices = 128;
NumSlotes = 1024;


GivenBandwidthOld = [0.00793336, 0.0071866, 0.00644367, 0.00757802, 0.00995206, 0.00432982, 0.00511462, 0.00770461, 0.00638659, 0.0043801, 0.00638935, 0.00710289, 0.0057369, 0.00386595, 0.00875401, 0.00615252, 0.00792845, 0.00590749, 0.00839559, 0.00723294, 0.00394437, 0.00798152, 0.0041263, 0.0094326, 0.00495431, 0.00703495, 0.00770983, 0.00654887, 0.00684709, 0.00659766, 0.00813242, 0.00912684, 0.0098291, 0.00645771, 0.00597388, 0.00554938, 0.00838197, 0.00952157, 0.00658213, 0.00955257, 0.00880217, 0.009386, 0.00920688, 0.00495105, 0.00855266, 0.00952967, 0.00518156, 0.00777982, 0.00798688, 0.00674919, 0.00488018, 0.00497591, 0.00766597, 0.00686921, 0.0095302, 0.00787813, 0.00398601, 0.00779335, 0.00404781, 0.00900824, 0.00406428, 0.0045869, 0.00709158, 0.00947973, 0.00953663, 0.00969522, 0.00638002, 0.00650262, 0.00446817, 0.00522997, 0.00893104, 0.00642594, 0.00951695, 0.00394875, 0.00664575, 0.00389386, 0.00910176, 0.00707414, 0.00376324, 0.00749629, 0.00517812, 0.00620748, 0.00664952, 0.00476055, 0.00677458, 0.00654062, 0.00572199, 0.00948195, 0.00941518, 0.00588295, 0.00850869, 0.00806643, 0.00622487, 0.0050799, 0.00534196, 0.00984208, 0.00591882, 0.00510244, 0.00923029, 0.00475145, 0.00382066, 0.00385971, 0.00394567, 0.00487716, 0.00410774, 0.00380237, 0.00896214, 0.00411588, 0.00935144, 0.00959554, 0.00594386, 0.00716986, 0.00633007, 0.00455148, 0.00552783, 0.00868239, 0.0087532, 0.0050792, 0.00612036, 0.00487467, 0.00610523, 0.0069333, 0.00540902, 0.00570959, 0.00730493, 0.00768036, 0.00497305, 0.00948507];
GivenLatency = [547.115, 514.43, 733.709, 540.827, 368.843, 1009.05, 695.629, 462.27, 660.619, 905.134, 545.725, 590.602, 680.725, 884.6, 398.194, 611.911, 493.812, 574.475, 569.479, 475.465, 954.104, 443.344, 866.316, 371.488, 722.511, 481.434, 636.675, 604.506, 593.102, 726.192, 574.228, 469.24, 486.705, 594.784, 664.977, 736.229, 585.324, 362.055, 593.158, 502.848, 538.157, 401.954, 436.081, 936.401, 401.461, 475.67, 886.336, 461.555, 495.15, 540.539, 889.854, 917.176, 454.469, 642.332, 492.128, 571.765, 1204.03, 639.102, 844.087, 405.814, 1174.44, 788.347, 538.57, 465.374, 486.839, 490.175, 593.39, 645.695, 754.763, 687.814, 395.05, 739.694, 499.463, 1187.89, 570.441, 912.858, 503.692, 540.995, 1301.16, 445.443, 667.001, 736.143, 719.599, 868.596, 532.145, 573.432, 708.414, 413.959, 372.937, 597.204, 408.385, 421.824, 668.517, 763.822, 762.504, 369.935, 763.733, 829.893, 384.312, 832.875, 1180.97, 1295.34, 1034.06, 707.054, 1020.67, 970.488, 442.932, 1138.19, 398.984, 348.523, 771.876, 643.899, 772.652, 875.772, 743.951, 420.284, 505.621, 969.217, 578.222, 734.017, 549.855, 558.502, 717.213, 703.476, 600.048, 587.971, 1001.36, 496.438];
HighestPossibleCritFunctionValue = 1.1;
