NumDevices = 16;
NumSlotes = 128;


GivenBandwidthOld = [0.0215662, 0.0288966, 0.029874, 0.0321454, 0.0331549, 0.0243435, 0.0306374, 0.0120478, 0.0265733, 0.0320997, 0.0150805, 0.0228915, 0.0282409, 0.0341559, 0.0228307, 0.0308249];
GivenLatency = [21.9077, 12.4311, 20.7625, 14.3615, 14.0747, 14.3117, 15.793, 35.8107, 12.5378, 17.4139, 27.5538, 21.2052, 20.7328, 12.1566, 19.3635, 10.94];
HighestPossibleCritFunctionValue = 1.1;
