NumDevices = 16;
NumSlotes = 128;


GivenBandwidthOld = [0.0606121, 0.0472004, 0.0367856, 0.0360072, 0.0327474, 0.045563, 0.0369691, 0.0397401, 0.0510481, 0.0651973, 0.0314174, 0.0515762, 0.0617937, 0.0658432, 0.0466651, 0.040186];
GivenLatency = [13.0558, 23.5058, 24.064, 25.2844, 33.455, 19.2935, 29.0078, 24.5205, 16.647, 14.7016, 26.662, 18.4827, 14.9812, 16.5683, 20.6248, 20.4742];
HighestPossibleCritFunctionValue = 1.1;
