NumDevices = 64;
NumSlotes = 512;


GivenBandwidthOld = [0.0106891, 0.0174908, 0.0130191, 0.00755336, 0.0142918, 0.0172845, 0.0160567, 0.00941107, 0.0168724, 0.00949745, 0.00860043, 0.0124265, 0.00790845, 0.0122458, 0.00970611, 0.0155506, 0.0144821, 0.0149369, 0.0086709, 0.0167745, 0.0138434, 0.0113263, 0.0164183, 0.0174493, 0.0161452, 0.0174444, 0.01387, 0.00855433, 0.00758413, 0.0115235, 0.0100348, 0.00993965, 0.0106842, 0.0138717, 0.01646, 0.00872154, 0.00786029, 0.0129452, 0.0148014, 0.0115589, 0.0161553, 0.0164945, 0.00798619, 0.00885006, 0.00795269, 0.0158176, 0.011597, 0.0164726, 0.00930041, 0.0169955, 0.00909393, 0.0166054, 0.0126619, 0.0142791, 0.0144631, 0.0160836, 0.0121133, 0.0134595, 0.00927024, 0.0099113, 0.0142936, 0.00791506, 0.0133904, 0.0172969];
GivenLatency = [95.7178, 59.9915, 81.3523, 134.012, 76.0974, 55.8765, 63.7955, 118.824, 56.9849, 106.237, 111.434, 83.9573, 129.934, 96.8472, 99.7224, 64.0754, 77.2709, 61.1092, 105.014, 64.2118, 75.5144, 84.5215, 63.497, 69.1704, 65.0703, 55.0969, 87.9427, 110.884, 161.427, 95.9726, 115.809, 117.413, 88.3649, 77.0614, 55.8553, 125.332, 121.18, 71.7395, 84.1198, 82.3714, 63.6828, 60.3259, 125.109, 116.011, 126.248, 60.5469, 86.751, 63.53, 124.652, 56.5318, 131.698, 55.7861, 80.5533, 79.5243, 68.1363, 72.0535, 102.595, 92.2236, 108.973, 94.0324, 80.3787, 120.511, 86.6408, 54.2324];
HighestPossibleCritFunctionValue = 1.1;
