NumDevices = 32;
NumSlotes = 256;


GivenBandwidthOld = [0.0231795, 0.0278112, 0.032508, 0.0316677, 0.0297348, 0.0228736, 0.0264109, 0.0187297, 0.0205422, 0.0226199, 0.0232987, 0.0312589, 0.0178661, 0.0254957, 0.0168445, 0.0150896, 0.0209872, 0.0223144, 0.0277781, 0.0165593, 0.0227949, 0.023879, 0.0239844, 0.0152159, 0.022862, 0.0311751, 0.0302205, 0.0257352, 0.022294, 0.0250709, 0.0172927, 0.0275745];
GivenLatency = [36.3997, 40.9252, 33.0738, 36.0286, 28.6786, 39.7032, 37.4853, 45.0222, 56.3132, 48.4548, 48.467, 26.9024, 49.2261, 37.0938, 60.6851, 59.7017, 43.2948, 45.5416, 30.0077, 56.7954, 47.1528, 43.6745, 39.9522, 68.776, 37.3927, 35.5335, 30.1323, 34.5252, 47.5063, 43.7029, 48.8755, 31.6587];
HighestPossibleCritFunctionValue = 1.1;
