NumDevices = 16;
NumSlotes = 128;


GivenBandwidthOld = [0.0579861, 0.0325614, 0.0386116, 0.0459562, 0.0466197, 0.0371873, 0.0674334, 0.0530114, 0.0630325, 0.046961, 0.053793, 0.0383683, 0.0360647, 0.0397523, 0.0568832, 0.055333];
GivenLatency = [16.8229, 30.1754, 20.4426, 18.7205, 19.5927, 27.4361, 12.5993, 18.8198, 16.8227, 20.4148, 14.7453, 20.4934, 26.4218, 20.3448, 14.5642, 14.1008];
HighestPossibleCritFunctionValue = 1.1;
