NumDevices = 128;
NumSlotes = 1024;


GivenBandwidthOld = [0.00858188, 0.00823633, 0.00548935, 0.00697942, 0.00554961, 0.00476987, 0.00463417, 0.00394353, 0.00635529, 0.00591674, 0.00521729, 0.00450207, 0.00872787, 0.00677907, 0.00825122, 0.00577922, 0.0038517, 0.00810316, 0.00734332, 0.0066998, 0.00597883, 0.00870656, 0.00858755, 0.00844376, 0.00676291, 0.00672168, 0.0037652, 0.00423846, 0.00828268, 0.00458277, 0.00508708, 0.00612541, 0.00723523, 0.00501714, 0.00552034, 0.00782108, 0.00642004, 0.00416376, 0.00786712, 0.00515874, 0.00543216, 0.00583753, 0.00379034, 0.00679897, 0.00772864, 0.00780016, 0.00485163, 0.00386721, 0.00863274, 0.0079961, 0.0080327, 0.00803889, 0.00711493, 0.00806388, 0.00708909, 0.00387468, 0.00419369, 0.00582338, 0.00601037, 0.00387338, 0.00739025, 0.00535708, 0.0039213, 0.0077641, 0.00380738, 0.00805468, 0.00756021, 0.0069437, 0.00534684, 0.00678935, 0.00604004, 0.00746984, 0.00814393, 0.00751949, 0.00753828, 0.00834973, 0.00643058, 0.00618101, 0.00679392, 0.00789444, 0.00434176, 0.00451551, 0.00470947, 0.00451596, 0.00723233, 0.00626868, 0.00518013, 0.00494849, 0.00670408, 0.00789757, 0.00693007, 0.00624072, 0.00522129, 0.00674615, 0.00508822, 0.00515131, 0.00559821, 0.00655539, 0.00399104, 0.00497523, 0.00620201, 0.00462578, 0.00799382, 0.00472133, 0.00386219, 0.0043879, 0.00499084, 0.00855537, 0.00752934, 0.00803496, 0.00602163, 0.0080199, 0.00792342, 0.00644309, 0.0065121, 0.0064428, 0.00657867, 0.00528266, 0.00820778, 0.0055855, 0.008052, 0.00747281, 0.00800772, 0.00830988, 0.00672534, 0.005296, 0.00735577, 0.0059917];
GivenLatency = [138.349, 119.678, 217.393, 156.944, 225.993, 200.483, 268.554, 323.427, 157.063, 201.827, 219.782, 264.341, 129.395, 173.52, 145.997, 195.27, 299.709, 120.287, 155.58, 188.173, 189.5, 142.101, 146.6, 113.053, 186.78, 149.311, 343.415, 235.262, 140.194, 222.538, 247.759, 170.228, 137.732, 256.939, 206.584, 153.577, 182.945, 230.908, 129.294, 222.209, 233.744, 199.911, 264.805, 165.988, 138.406, 161.149, 201.406, 273.605, 128.071, 141.121, 135.973, 145.948, 150.943, 129.675, 170.477, 260.534, 248.962, 215.609, 181.393, 281.491, 160.068, 191.407, 245.779, 160.333, 269.476, 120.456, 165.47, 148.939, 204.129, 155.184, 211.224, 138.463, 139.353, 129.939, 166.236, 121.73, 173.759, 168.082, 184.348, 159.759, 224.918, 233.342, 272.236, 282.212, 168.036, 198.305, 193.037, 222.548, 148.607, 152.544, 163.776, 201.917, 203.47, 167.061, 202.457, 229.876, 192.938, 150.067, 291.979, 249.308, 161.307, 273.436, 125.145, 235.979, 275.3, 254.624, 207.787, 140.516, 152.511, 143.667, 201.428, 134.393, 125.32, 188.676, 182.299, 190.959, 175.157, 221.051, 127.505, 172.08, 131.577, 157.424, 151.716, 115.309, 147.995, 228.876, 173.633, 168.767];
HighestPossibleCritFunctionValue = 1.1;
