NumDevices = 32;
NumSlotes = 256;


GivenBandwidthOld = [0.0142232, 0.00619474, 0.0100079, 0.0102501, 0.00613755, 0.0113036, 0.0113193, 0.0134362, 0.01687, 0.0161934, 0.00713821, 0.0169044, 0.00726839, 0.0173469, 0.00735992, 0.00568164, 0.011268, 0.0135411, 0.00553358, 0.0104157, 0.0133839, 0.0138851, 0.0115157, 0.0138939, 0.00928672, 0.0143909, 0.013106, 0.00529553, 0.00954986, 0.0120105, 0.0171814, 0.013031];
GivenLatency = [39.8126, 60.1385, 35.9989, 30.2652, 53.12, 27.9591, 40.6921, 23.993, 24.9736, 19.2247, 57.3595, 20.6407, 54.0665, 19.3995, 67.8276, 69.5959, 43.8843, 34.9837, 66.0194, 29.4353, 38.6482, 38.6949, 39.5511, 25.3938, 65.9888, 26.7368, 36.3944, 81.9208, 62.1314, 26.2975, 33.6876, 26.0784];
HighestPossibleCritFunctionValue = 1.1;
