NumDevices = 64;
NumSlotes = 512;


GivenBandwidthOld = [0.0140702, 0.0129443, 0.0101596, 0.00803413, 0.0146064, 0.0146547, 0.0163831, 0.0156251, 0.0159438, 0.012128, 0.0102951, 0.014309, 0.0159438, 0.0124584, 0.0125051, 0.00840962, 0.0155659, 0.0105634, 0.0147724, 0.0141629, 0.0104456, 0.0136647, 0.0081595, 0.0117856, 0.0150106, 0.00871199, 0.0174483, 0.00840118, 0.0136558, 0.00792749, 0.0123887, 0.0123758, 0.0150666, 0.0100105, 0.0110649, 0.0130799, 0.00879108, 0.0167149, 0.0127286, 0.0149179, 0.0107105, 0.0160478, 0.00998361, 0.00956019, 0.0130897, 0.0141886, 0.0134607, 0.00957654, 0.00785642, 0.00786259, 0.0115473, 0.0112646, 0.00880171, 0.015374, 0.0149949, 0.0147601, 0.00795151, 0.015973, 0.013066, 0.0160615, 0.0114394, 0.0170607, 0.0139915, 0.00980612];
GivenLatency = [66.4278, 78.7835, 121.626, 123.674, 67.2537, 79.5728, 75.2232, 68.3285, 68.8787, 80.8562, 98.2367, 68.7072, 78.2043, 88.7261, 79.062, 142.247, 58.5588, 89.4313, 61.5454, 71.9495, 102.251, 78.9254, 141.368, 84.8099, 62.6111, 128.952, 57.9919, 147.685, 68.181, 132.062, 77.7295, 73.5074, 62.3218, 108.994, 108.98, 77.9856, 107.903, 72.0773, 76.4026, 62.3552, 88.9599, 61.0535, 112.954, 130.399, 75.1939, 84.0511, 83.3138, 100.539, 153.32, 153.874, 94.5978, 106.234, 108.56, 60.1069, 73.9397, 82.4197, 139.345, 59.2862, 82.5331, 62.5517, 82.0425, 57.1558, 82.3232, 121.113];
HighestPossibleCritFunctionValue = 1.1;
