NumDevices = 32;
NumSlotes = 256;


GivenBandwidthOld = [0.0162952, 0.0335254, 0.0221689, 0.0270414, 0.020245, 0.0185215, 0.0255117, 0.0353575, 0.0384939, 0.0276411, 0.0246145, 0.0310623, 0.0247329, 0.0202419, 0.0155225, 0.0213411, 0.0394564, 0.0285981, 0.0328245, 0.0158486, 0.026978, 0.0296999, 0.026876, 0.0154351, 0.0277976, 0.0296972, 0.030919, 0.0156778, 0.0316753, 0.0267238, 0.0317434, 0.0209137];
GivenLatency = [114.218, 55.4908, 90.5047, 66.8704, 96.1754, 103.355, 68.5597, 59.8184, 55.5389, 88.6095, 89.1763, 73.4684, 80.2085, 84.1279, 110.323, 79.26, 43.4035, 78.7213, 56.3753, 134.599, 63.2504, 60.7032, 73.6774, 124.903, 88.0615, 69.8271, 58.2006, 106.801, 54.0353, 67.5095, 57.6169, 118.24];
HighestPossibleCritFunctionValue = 1.1;
