NumDevices = 32;
NumSlotes = 256;


GivenBandwidthOld = [0.00968446, 0.0116822, 0.0124246, 0.015044, 0.0150812, 0.0143932, 0.0140032, 0.00862639, 0.0162112, 0.00688894, 0.0148441, 0.016669, 0.0132646, 0.00832953, 0.0144139, 0.0122735, 0.0125836, 0.0133068, 0.0167995, 0.00630201, 0.0128769, 0.0173683, 0.0166843, 0.00775509, 0.00976567, 0.0141311, 0.00909724, 0.0173153, 0.0138916, 0.00925175, 0.0140916, 0.00831597];
GivenLatency = [33.9933, 36.2351, 39.5533, 36.9781, 24.7834, 41.8938, 26.8577, 69.2335, 22.5012, 60.7543, 27.3177, 24.6709, 28.7439, 38.8774, 35.6577, 37.1675, 48.8097, 27.6533, 32.1449, 78.7521, 37.1119, 20.076, 30.9741, 42.8704, 38.3833, 44.6927, 44.3669, 26.8683, 22.9169, 50.9087, 44.8881, 56.3147];
HighestPossibleCritFunctionValue = 1.1;
