NumDevices = 128;
NumSlotes = 1024;


GivenBandwidthOld = [0.00393876, 0.00755696, 0.0061379, 0.00600823, 0.00776656, 0.00385656, 0.00717623, 0.00706405, 0.00918773, 0.00818304, 0.00979106, 0.00456907, 0.00736306, 0.00977854, 0.00666613, 0.00894729, 0.00463745, 0.00656702, 0.00570179, 0.00746608, 0.0099114, 0.00848321, 0.00478603, 0.00380087, 0.00865728, 0.00545181, 0.00608078, 0.00847368, 0.00712452, 0.00678819, 0.00410455, 0.00649115, 0.00544564, 0.00866744, 0.00742672, 0.00461245, 0.00519737, 0.00476793, 0.00585305, 0.00598006, 0.00943954, 0.00905845, 0.00417039, 0.00667708, 0.00539969, 0.00515119, 0.00976336, 0.00778285, 0.00892828, 0.00381321, 0.00991955, 0.00788553, 0.00964612, 0.00614656, 0.00779088, 0.00638409, 0.00608117, 0.00877655, 0.0099982, 0.00470686, 0.00451032, 0.00750965, 0.00461687, 0.00449251, 0.00812544, 0.00425625, 0.00603365, 0.00386675, 0.00969233, 0.00768376, 0.00601946, 0.00898307, 0.00596039, 0.00997231, 0.00719667, 0.00688652, 0.00676554, 0.00471141, 0.00584335, 0.00541297, 0.0094509, 0.00630733, 0.00973168, 0.00662525, 0.00937704, 0.00859559, 0.00606858, 0.0095894, 0.00912561, 0.00792747, 0.00815769, 0.00882007, 0.00398002, 0.00715343, 0.00519263, 0.00627721, 0.00975255, 0.00739368, 0.00562416, 0.00893745, 0.00798467, 0.00701974, 0.00823732, 0.00962863, 0.00588716, 0.00432838, 0.00585278, 0.00766714, 0.00794272, 0.00823801, 0.00879378, 0.00588828, 0.00433858, 0.00850785, 0.00640471, 0.00899144, 0.00919445, 0.00866137, 0.00543558, 0.00825815, 0.00970746, 0.00576093, 0.00764629, 0.00745912, 0.00539427, 0.00776312, 0.00847043, 0.00880589];
GivenLatency = [874.65, 632.131, 730.212, 780.392, 584.486, 1117.62, 490.178, 602.218, 390.313, 562.796, 455.269, 898.938, 499.05, 494.24, 521.21, 537.771, 961.319, 687.976, 716.52, 489.238, 377.343, 475.513, 784.104, 922.234, 454.207, 612.666, 735.51, 432.205, 669.995, 538.425, 993.201, 616.541, 632.777, 517.493, 458.045, 832.802, 665.984, 717.374, 638.052, 805.665, 467.023, 488.488, 1012.56, 747.17, 682.16, 831.579, 409.726, 550.453, 524.398, 1161.33, 350.646, 546.485, 421.12, 696.717, 508.364, 651.146, 569.622, 464.89, 438.876, 870.69, 888.681, 623.719, 884.956, 768.55, 479.912, 974.595, 771.653, 1086.79, 464.557, 437.384, 636.069, 468.25, 673.213, 405.691, 647.815, 654.059, 686.976, 866.944, 572.845, 876.412, 354.408, 778.146, 350.116, 576.605, 415.374, 484.753, 786.801, 393.045, 371.105, 492.511, 457.17, 434.778, 872.828, 642.006, 854.121, 745.584, 342.317, 552.921, 633.494, 422.678, 501.797, 589.217, 501.406, 415.05, 609.269, 1127.07, 822.19, 508.979, 565.146, 575.307, 478.26, 738.681, 854.939, 493.555, 673.812, 371.779, 386.404, 423.162, 901.489, 545.688, 500.023, 737.12, 522.567, 486.404, 638.504, 620.146, 416.381, 486.86];
HighestPossibleCritFunctionValue = 1.1;
