NumDevices = 32;
NumSlotes = 256;


GivenBandwidthOld = [0.0243669, 0.0252021, 0.0220141, 0.0202146, 0.0171841, 0.0234735, 0.0292888, 0.0276879, 0.0212952, 0.0184787, 0.0218883, 0.0260777, 0.0171038, 0.0329011, 0.0183254, 0.0245011, 0.0206716, 0.0172416, 0.0294979, 0.0215549, 0.0238171, 0.0243788, 0.024127, 0.0321751, 0.0171462, 0.0268362, 0.0268663, 0.0318571, 0.0329299, 0.0223087, 0.0318429, 0.0342445];
GivenLatency = [45.392, 43.897, 53.2727, 46.9423, 50.1176, 39.4042, 39.6491, 41.3841, 53.2312, 48.3797, 38.6711, 37.5927, 57.3929, 30.4609, 48.5199, 35.2415, 45.3406, 60.4955, 32.4524, 54.0333, 48.9161, 40.8289, 35.0203, 26.6621, 51.3821, 34.8971, 35.0141, 35.037, 26.7925, 43.867, 32.3314, 26.2381];
HighestPossibleCritFunctionValue = 1.1;
