NumDevices = 64;
NumSlotes = 512;


GivenBandwidthOld = [0.00621123, 0.00836401, 0.00270643, 0.00318355, 0.00346909, 0.00254932, 0.00640642, 0.00771782, 0.00463432, 0.00527228, 0.0086488, 0.00784238, 0.00439251, 0.00364296, 0.00593497, 0.00274488, 0.00578111, 0.00429846, 0.00423745, 0.00387018, 0.00619084, 0.00312651, 0.00731639, 0.007798, 0.00840275, 0.00381007, 0.00827678, 0.00526153, 0.00294825, 0.00502961, 0.00520754, 0.00819171, 0.00675991, 0.005135, 0.0076328, 0.00698882, 0.00854882, 0.00252917, 0.00521496, 0.00782581, 0.0070602, 0.00835789, 0.00600211, 0.00613809, 0.00407668, 0.00804389, 0.00370171, 0.00591351, 0.00461694, 0.00694482, 0.0065393, 0.00348486, 0.00501355, 0.00390168, 0.00424993, 0.00729532, 0.00366442, 0.00419518, 0.00581979, 0.00452021, 0.00623829, 0.0068604, 0.00656959, 0.00637144];
GivenLatency = [57.0619, 60.8723, 118.357, 121.691, 139.168, 143.838, 76.2135, 59.0164, 88.5321, 86.9011, 63.8888, 40.8869, 104.817, 159.104, 106.916, 182.803, 54.7156, 80.5064, 150.065, 139.806, 56.8375, 122.265, 48.7091, 49.2531, 41.1252, 113.234, 53.0044, 85.8668, 122.6, 73.1612, 96.8232, 46.2481, 52.4135, 99.6204, 63.2814, 83.985, 49.634, 133.285, 67.2549, 39.9567, 44.8917, 38.4626, 89.7861, 79.9223, 81.2352, 80.3174, 118.597, 62.2512, 109.529, 71.5817, 77.6849, 150.072, 128.186, 115.547, 96.685, 80.1442, 159.087, 77.1961, 64.724, 123.199, 51.1952, 46.3118, 47.841, 54.5981];
HighestPossibleCritFunctionValue = 1.1;
