NumDevices = 64;
NumSlotes = 512;


GivenBandwidthOld = [0.00583706, 0.0071876, 0.00572848, 0.00726651, 0.0070173, 0.00593863, 0.00803842, 0.00547617, 0.00425514, 0.00739797, 0.00397789, 0.00388544, 0.00625864, 0.00513976, 0.00650614, 0.00864293, 0.00304039, 0.00360287, 0.00724428, 0.00837875, 0.00661122, 0.00601911, 0.0043777, 0.00481323, 0.00598897, 0.00408728, 0.00491614, 0.0042844, 0.00537014, 0.00351536, 0.00511309, 0.00828224, 0.00337241, 0.00257803, 0.00763061, 0.00770004, 0.00580554, 0.00873406, 0.00330515, 0.00341024, 0.00715347, 0.00705282, 0.00303528, 0.005216, 0.00662453, 0.00473778, 0.00661411, 0.00462697, 0.00680597, 0.00418072, 0.00662863, 0.00485601, 0.0062751, 0.0068547, 0.00437496, 0.00864592, 0.00322571, 0.00579445, 0.00358699, 0.00281906, 0.00869645, 0.00872057, 0.00783443, 0.00824463];
GivenLatency = [110.162, 46.2618, 70.6759, 42.961, 69.5588, 85.7696, 46.5648, 73.715, 74.1777, 75.2063, 121.644, 133.307, 78.9862, 61.8596, 51.4618, 39.9467, 102.925, 87.7792, 51.4459, 58.8052, 81.6322, 61.7409, 125.829, 75.5437, 63.6733, 93.9548, 82.9825, 128.946, 88.9145, 152.879, 64.0397, 38.05, 116.625, 154.135, 41.405, 52.4548, 99.7738, 38.9925, 114.258, 129.056, 65.772, 54.7068, 166.187, 89.92, 55.7789, 87.1019, 80.8947, 83.8801, 82.3791, 131.718, 81.5248, 77.5974, 53.8222, 70.1943, 71.216, 56.3896, 176.363, 92.6768, 177.67, 116.901, 43.1234, 55.4462, 49.1142, 48.4061];
HighestPossibleCritFunctionValue = 1.1;
