NumDevices = 128;
NumSlotes = 1024;


GivenBandwidthOld = [0.00811644, 0.00926357, 0.00784012, 0.00894413, 0.00768888, 0.00443279, 0.00436497, 0.00824185, 0.00453018, 0.00375802, 0.007314, 0.00396766, 0.00573307, 0.00819559, 0.00823436, 0.009847, 0.00732912, 0.0080527, 0.00665958, 0.00513198, 0.00567979, 0.0064014, 0.00955306, 0.00452925, 0.00690889, 0.00777157, 0.00671973, 0.00972263, 0.00442634, 0.00848213, 0.0053702, 0.0093687, 0.0059214, 0.00476404, 0.00921623, 0.0059378, 0.00532179, 0.00840096, 0.00997136, 0.00996855, 0.00637669, 0.00682988, 0.00481832, 0.00907063, 0.00881214, 0.00808855, 0.00932299, 0.00642194, 0.00472622, 0.00487318, 0.00611578, 0.00924209, 0.00928285, 0.00693805, 0.00400526, 0.00635389, 0.00489556, 0.00717283, 0.00621237, 0.00751433, 0.00827697, 0.00726291, 0.00775696, 0.00495467, 0.00681835, 0.00476282, 0.00741428, 0.00810036, 0.00769078, 0.00513766, 0.00736551, 0.00713224, 0.00530257, 0.00406919, 0.0059478, 0.00470955, 0.00590042, 0.00843821, 0.00471116, 0.00799184, 0.00889087, 0.00628674, 0.00747257, 0.00640133, 0.00832667, 0.00505785, 0.00980491, 0.00604589, 0.00959363, 0.00506813, 0.00753498, 0.00538099, 0.0096234, 0.0054919, 0.00489586, 0.00596854, 0.0094465, 0.00723808, 0.00913358, 0.00438067, 0.00961288, 0.00991277, 0.00639422, 0.00765126, 0.00976613, 0.0042866, 0.0099222, 0.00868983, 0.00872124, 0.00543249, 0.00632784, 0.00452179, 0.00651657, 0.00767594, 0.00575872, 0.00800523, 0.00887115, 0.0061646, 0.00461425, 0.00411959, 0.00924878, 0.00924118, 0.00646866, 0.00869321, 0.00926359, 0.00807482, 0.00968355, 0.00390347];
GivenLatency = [454.205, 466.185, 558.233, 393.003, 592.737, 795.907, 851.237, 514.062, 768.854, 989.494, 479.312, 1210.8, 796.484, 462.136, 563.012, 345.767, 639.588, 612.883, 664.377, 806.741, 611.807, 655.296, 484.646, 937.222, 640.356, 578.533, 672.928, 497.651, 1032.33, 555.045, 893.2, 359.102, 646.557, 876.336, 481.71, 696.597, 786.97, 483.19, 471.369, 469.962, 683.178, 508.776, 954.486, 402.42, 566.122, 435.177, 385.742, 616.161, 793.318, 711.88, 675.766, 368.448, 439.839, 532.96, 976.366, 747.742, 950.206, 643.459, 556.295, 500.339, 419.198, 551.816, 461.043, 778.704, 573.249, 711.402, 564.514, 467.432, 600.554, 697.607, 512.406, 676.661, 872.614, 825.879, 563.88, 826.858, 595.229, 481.152, 725.115, 436.67, 465.197, 564.356, 458.822, 667.54, 438.68, 986.343, 387.729, 588.875, 518.367, 838.019, 649.863, 895.866, 403.137, 899.231, 765.297, 789.439, 516.536, 573.854, 406.749, 1137.09, 384.975, 397.791, 603.791, 477.333, 357.884, 863.126, 355.989, 508.386, 390.502, 831.164, 647.865, 776.982, 615.693, 481.999, 611.249, 606.921, 422.414, 808.407, 956.887, 1067.35, 437.557, 372.91, 564.417, 419.241, 448.362, 556.982, 430.356, 861.003];
HighestPossibleCritFunctionValue = 1.1;
