NumDevices = 32;
NumSlotes = 256;


GivenBandwidthOld = [0.0120523, 0.00774275, 0.0149421, 0.0146523, 0.00631523, 0.0100938, 0.0158253, 0.00805923, 0.00897834, 0.00640605, 0.0114442, 0.013351, 0.010824, 0.0144963, 0.00928871, 0.0103035, 0.0166638, 0.0138722, 0.00839245, 0.00937918, 0.00595066, 0.00767069, 0.0162036, 0.0158599, 0.0147972, 0.0160399, 0.0153075, 0.00507518, 0.0059915, 0.00662339, 0.0143418, 0.0131259];
GivenLatency = [29.2221, 70.5577, 22.7486, 26.9948, 50.306, 59.7533, 24.0793, 59.0869, 49.0861, 60.7819, 53.339, 40.082, 44.3566, 23.3995, 47.963, 39.0758, 29.0398, 41.4558, 39.1563, 39.119, 57.9685, 46.5431, 30.8463, 25.5132, 32.7271, 30.1526, 30.2654, 105.672, 70.7227, 49.2857, 38.0707, 24.7431];
HighestPossibleCritFunctionValue = 1.1;
