NumDevices = 64;
NumSlotes = 512;


GivenBandwidthOld = [0.00410123, 0.008158, 0.00282463, 0.00855002, 0.0039552, 0.00387801, 0.00653869, 0.00578436, 0.00273737, 0.004455, 0.00385049, 0.00636644, 0.00445892, 0.00734463, 0.00749106, 0.00604967, 0.00550236, 0.00692771, 0.00649106, 0.00518758, 0.00390104, 0.00608718, 0.00481853, 0.0075284, 0.00852232, 0.00707595, 0.00428777, 0.0058151, 0.00683433, 0.00590507, 0.00658634, 0.00668715, 0.00720121, 0.0032409, 0.0048526, 0.00515346, 0.00544971, 0.00330781, 0.00430479, 0.00427371, 0.00691262, 0.00288157, 0.00307592, 0.00693304, 0.0086204, 0.0055334, 0.00356202, 0.00809425, 0.006344, 0.00864604, 0.00530224, 0.00605809, 0.0033191, 0.00666531, 0.00266372, 0.00406668, 0.00869723, 0.00302564, 0.00562461, 0.00528752, 0.00860767, 0.00401404, 0.00525068, 0.00815137];
GivenLatency = [127.508, 55.904, 139.085, 36.9756, 152.248, 88.0683, 68.9622, 58.9426, 216.334, 82.8438, 112.612, 88.8037, 78.9062, 58.8184, 71.7352, 63.719, 106.081, 58.6015, 75.705, 75.8319, 94.831, 76.4438, 121.539, 63.3961, 52.4669, 67.927, 76.6255, 59.3261, 69.3469, 108.48, 69.6622, 63.3595, 47.6381, 196.522, 90.8871, 107.524, 76.9638, 192.656, 85.8229, 77.7356, 52.6482, 189.137, 113.488, 61.8007, 38.1034, 64.9037, 153.654, 59.1578, 61.2263, 37.9458, 114.972, 69.6741, 137.425, 55.9339, 209.027, 142.889, 43.7386, 180.616, 111.008, 60.2636, 51.3525, 138.284, 66.6809, 64.1497];
HighestPossibleCritFunctionValue = 1.1;
