NumDevices = 64;
NumSlotes = 512;


GivenBandwidthOld = [0.00583109, 0.00691303, 0.00347167, 0.00838642, 0.00431704, 0.00398601, 0.00285951, 0.00728538, 0.00545674, 0.00262783, 0.00721794, 0.0031178, 0.00468315, 0.00723923, 0.00479722, 0.00554009, 0.0035333, 0.00673432, 0.00625327, 0.00869502, 0.00337724, 0.00871996, 0.00392786, 0.00672429, 0.00644392, 0.00666933, 0.00764619, 0.00706806, 0.00280759, 0.00335564, 0.00824083, 0.00742368, 0.00470874, 0.006092, 0.00454518, 0.00716198, 0.00635667, 0.00284686, 0.00709495, 0.00476182, 0.00446866, 0.00853496, 0.00699819, 0.00359711, 0.00407438, 0.00690061, 0.00725742, 0.00421477, 0.00394181, 0.00375255, 0.00413486, 0.00466395, 0.00330915, 0.00820063, 0.00672425, 0.00577506, 0.00262111, 0.00672635, 0.00343116, 0.00868756, 0.00305618, 0.00644032, 0.00869781, 0.00658966];
GivenLatency = [67.7066, 69.422, 147.04, 36.8621, 111.474, 91.8511, 179.296, 87.365, 67.1032, 124.361, 75.4132, 129.708, 74.7699, 81.2196, 88.1134, 64.3303, 88.452, 53.2763, 60.1374, 40.7508, 100.228, 36.3711, 132.075, 76.533, 58.8051, 47.1361, 47.457, 64.2614, 151.895, 120.702, 77.6514, 53.531, 68.1494, 64.6306, 85.4186, 60.5099, 54.4371, 175.973, 57.6192, 78.6629, 100.453, 66.8438, 88.4407, 120.927, 156.195, 47.2976, 44.2658, 112.237, 137.225, 148.917, 94.6191, 83.4477, 176.233, 52.8368, 51.8679, 84.3127, 181.868, 64.2517, 106.254, 41.0117, 191.047, 73.044, 39.3087, 87.8128];
HighestPossibleCritFunctionValue = 1.1;
