NumDevices = 16;
NumSlotes = 128;


GivenBandwidthOld = [0.0468561, 0.0509255, 0.0451564, 0.0431594, 0.0401029, 0.069715, 0.0404567, 0.0563166, 0.0522771, 0.0404781, 0.0559526, 0.0556718, 0.0553468, 0.0334307, 0.0505226, 0.0328435];
GivenLatency = [17.769, 17.3202, 23.9157, 23.5201, 25.0666, 12.9671, 19.7519, 15.9154, 20.9932, 23.8293, 17.751, 15.3603, 15.2716, 28.6282, 15.7537, 28.1646];
HighestPossibleCritFunctionValue = 1.1;
