NumDevices = 128;
NumSlotes = 1024;


GivenBandwidthOld = [0.00756732, 0.006458, 0.00707899, 0.0040951, 0.00378261, 0.00677754, 0.00756977, 0.00768121, 0.00554745, 0.00856027, 0.00493048, 0.00402578, 0.00377518, 0.00702462, 0.00536144, 0.00717502, 0.00804583, 0.00383838, 0.00407847, 0.00431497, 0.00427345, 0.00636836, 0.00549817, 0.00529717, 0.00711884, 0.00389894, 0.00704375, 0.00684274, 0.00846417, 0.00484996, 0.0058326, 0.00606797, 0.00683963, 0.00615464, 0.00850077, 0.00498236, 0.00595547, 0.00615274, 0.00659822, 0.00381193, 0.00453666, 0.00520648, 0.00783603, 0.00767029, 0.00703803, 0.00574976, 0.00868988, 0.00836549, 0.00635458, 0.00398646, 0.00795918, 0.00741707, 0.00622627, 0.00738537, 0.00843636, 0.0073776, 0.00784325, 0.004041, 0.00453354, 0.00763793, 0.00824374, 0.0050619, 0.00789942, 0.00813115, 0.0076792, 0.00673507, 0.00388109, 0.00692292, 0.00598108, 0.00648788, 0.00436754, 0.00780034, 0.00775576, 0.00859425, 0.00609965, 0.00430056, 0.00697148, 0.00722416, 0.00396066, 0.00439437, 0.00860641, 0.00536757, 0.00530958, 0.00565656, 0.00732136, 0.00754643, 0.00539916, 0.00620782, 0.00732325, 0.00433006, 0.0078529, 0.00620376, 0.00408075, 0.00769408, 0.0069097, 0.00385944, 0.0081881, 0.00493134, 0.00855594, 0.00722883, 0.00741963, 0.00414361, 0.00418115, 0.0050076, 0.00522628, 0.00555154, 0.00724668, 0.0073898, 0.00790285, 0.00575498, 0.00647498, 0.00748922, 0.00389941, 0.00488319, 0.00429899, 0.00564726, 0.00592761, 0.0077913, 0.00591614, 0.00502035, 0.00457558, 0.00433161, 0.00381543, 0.00848143, 0.00495015, 0.00465646, 0.00865788, 0.00545264];
GivenLatency = [157.327, 153.281, 134.806, 242.352, 323.041, 156.218, 131.141, 140.145, 224.944, 116.225, 224.041, 301.781, 257.18, 145.161, 238.58, 178.927, 148.443, 294.006, 266.693, 287.688, 239.611, 156.008, 193.064, 223.292, 161.611, 298.924, 140.312, 143.193, 136.755, 230.432, 203.176, 170.069, 143.581, 175.928, 144.74, 213.393, 178.466, 187.516, 176.55, 252.424, 251.754, 225.992, 142.169, 168.696, 140.829, 217.759, 123.377, 129.414, 186.642, 253.689, 125.834, 133.389, 167.595, 173.626, 131.507, 147.017, 122.427, 244.375, 250.153, 161.333, 138.917, 226.552, 128.211, 135.42, 142.314, 155.946, 268.666, 150.815, 189.244, 148.141, 237.094, 127.831, 125.681, 127.687, 174.504, 272.433, 158.311, 142.391, 283.745, 265.289, 111.069, 187.314, 232.849, 185.894, 135.646, 158.482, 232.209, 169.057, 131.446, 267.758, 130.184, 187.418, 276.607, 151.093, 182.392, 298.074, 143.026, 223.957, 141.87, 152.655, 131.295, 235.564, 271.694, 192.916, 214.905, 171.939, 153.102, 141.732, 124.792, 172.414, 182.776, 168.994, 272.953, 227.514, 230.098, 182.11, 161.944, 141.584, 184.432, 206.823, 272.336, 272.775, 289.278, 150.109, 197.682, 265.935, 115.113, 210.775];
HighestPossibleCritFunctionValue = 1.1;
