NumDevices = 16;
NumSlotes = 128;


GivenBandwidthOld = [0.0295199, 0.0306039, 0.024025, 0.0283245, 0.0147053, 0.01651, 0.0240459, 0.0295438, 0.0321011, 0.013191, 0.0158262, 0.0301968, 0.0321304, 0.0312061, 0.0204062, 0.0324237];
GivenLatency = [19.349, 13.7966, 21.2873, 18.51, 21.0624, 25.8189, 21.3595, 20.712, 10.7348, 26.5211, 20.7946, 10.3285, 12.8893, 20.0719, 19.9179, 14.8852];
HighestPossibleCritFunctionValue = 1.1;
