NumDevices = 128;
NumSlotes = 1024;


GivenBandwidthOld = [0.00433939, 0.0046906, 0.00743992, 0.00527568, 0.00581028, 0.00587891, 0.00431774, 0.00583142, 0.00625473, 0.00577517, 0.00572097, 0.00482679, 0.00644412, 0.00387937, 0.00800233, 0.007681, 0.00703091, 0.0060013, 0.00634711, 0.0083485, 0.00580007, 0.00428302, 0.00727448, 0.00468044, 0.00658476, 0.00762637, 0.00392501, 0.00515068, 0.00492413, 0.00742766, 0.00411631, 0.00540631, 0.00627759, 0.00494992, 0.00572356, 0.00828858, 0.00866613, 0.00413485, 0.00684744, 0.00734216, 0.00713239, 0.00651629, 0.00683606, 0.00611422, 0.00412445, 0.00719484, 0.00624267, 0.00798873, 0.00415755, 0.00845118, 0.00652365, 0.0054678, 0.00487671, 0.00539021, 0.00577181, 0.00439396, 0.00684251, 0.00449186, 0.0071879, 0.0045733, 0.00590026, 0.00816444, 0.00732482, 0.00577059, 0.00380099, 0.00566821, 0.00809994, 0.00820128, 0.0064352, 0.00392042, 0.00795892, 0.00811586, 0.00568866, 0.0068124, 0.00849686, 0.00415926, 0.00725363, 0.00426082, 0.00406244, 0.00491921, 0.00472199, 0.00499016, 0.00704966, 0.00619623, 0.00753869, 0.00528969, 0.00624883, 0.00664442, 0.0052119, 0.00391454, 0.00421065, 0.00585849, 0.0062085, 0.00381087, 0.00681088, 0.00790087, 0.0074539, 0.0051595, 0.00817736, 0.00446783, 0.00827951, 0.00624555, 0.00651093, 0.0067403, 0.00677391, 0.0066643, 0.00443316, 0.00570368, 0.00424838, 0.00500372, 0.00502624, 0.00857301, 0.00409445, 0.00799102, 0.00760991, 0.00728113, 0.00648055, 0.00612297, 0.00621222, 0.00628529, 0.00443931, 0.00394359, 0.00735773, 0.00393434, 0.00692498, 0.00570421, 0.00821947, 0.00716645];
GivenLatency = [294.761, 209.562, 145.185, 185.543, 168.802, 188.129, 272.534, 181.462, 176.004, 204.867, 195.92, 208.5, 149.313, 292.699, 131.467, 156.391, 179.36, 185.002, 151.902, 128.161, 207.418, 277.372, 167.017, 236.078, 166.264, 143.697, 272.041, 226.158, 244.394, 128.703, 304.653, 187.275, 168.566, 197.449, 199.888, 120.027, 137.462, 259.834, 154.571, 134.855, 166.667, 165.21, 183.315, 157.205, 247.489, 175.445, 161.35, 133.055, 279.336, 142.395, 190.27, 227.426, 198.146, 231.256, 173.44, 218.445, 170.613, 251.545, 144.448, 210.798, 181.69, 147.062, 154.155, 178.55, 316.107, 200.134, 153.479, 137.611, 159.438, 252.217, 127.122, 135.188, 167.557, 157.928, 118.85, 280.213, 171.62, 245.981, 299.94, 215.886, 262.524, 245.992, 156.742, 201.149, 133.397, 221.993, 178.716, 155.458, 217.165, 264.151, 278.502, 213.478, 185.64, 325.978, 144.782, 139.248, 128.674, 245.048, 127.356, 237.207, 122.2, 188.938, 165.353, 146.3, 169.085, 171.219, 238.007, 178.058, 249.761, 223.696, 228.497, 133.747, 272.888, 133.272, 161.415, 130.878, 194.49, 181.653, 172.252, 178.504, 269.53, 251.897, 135.267, 266.904, 163.495, 224.543, 131.844, 161.693];
HighestPossibleCritFunctionValue = 1.1;
