NumDevices = 128;
NumSlotes = 1024;


GivenBandwidthOld = [0.00719292, 0.00637813, 0.00605709, 0.00405108, 0.00771095, 0.00667739, 0.0044391, 0.00414319, 0.00589783, 0.00860795, 0.00758589, 0.0047608, 0.00472939, 0.00811152, 0.00787641, 0.00624845, 0.00777307, 0.0069428, 0.00881681, 0.00537138, 0.00421011, 0.0055219, 0.00912687, 0.00403068, 0.00868809, 0.00440097, 0.00716199, 0.00530157, 0.00596662, 0.00855648, 0.00504673, 0.00420479, 0.00991609, 0.00602675, 0.00652572, 0.00525313, 0.00434045, 0.0086679, 0.00898098, 0.00830634, 0.00718453, 0.00921323, 0.00552302, 0.00910669, 0.00865471, 0.0059825, 0.00656388, 0.00906559, 0.00533381, 0.004172, 0.00888237, 0.00722717, 0.0070342, 0.0076035, 0.00705662, 0.00932437, 0.00464766, 0.00955476, 0.00811746, 0.00771353, 0.00636501, 0.00428818, 0.00521724, 0.00741065, 0.00960026, 0.00415088, 0.00377554, 0.00797353, 0.00729958, 0.00533647, 0.00509761, 0.00929321, 0.00589559, 0.00839821, 0.00738339, 0.0076094, 0.00616531, 0.0040613, 0.00444742, 0.00646818, 0.00690069, 0.00731616, 0.00887813, 0.00470829, 0.00980092, 0.00788826, 0.00554279, 0.00391868, 0.00755716, 0.00951836, 0.00878948, 0.00856788, 0.00918135, 0.00724504, 0.0073791, 0.00422762, 0.00606877, 0.00663675, 0.00888998, 0.00389477, 0.0056914, 0.00781679, 0.00422221, 0.0088883, 0.00688366, 0.00859419, 0.00755327, 0.00661271, 0.00473441, 0.00502483, 0.00489698, 0.00607485, 0.00880002, 0.00450351, 0.00547924, 0.00463474, 0.00482297, 0.00597676, 0.00387109, 0.00770986, 0.00706947, 0.00657634, 0.00601919, 0.00446589, 0.00438752, 0.00597048, 0.00455677, 0.00695627];
GivenLatency = [681.649, 585.544, 650.992, 948.835, 448.338, 542.739, 778.423, 976.273, 758.609, 430.23, 503.621, 798.366, 717.245, 410.955, 429.173, 568.233, 436.046, 527.688, 497.148, 720.383, 1109.07, 644.644, 499.954, 1169.5, 540.749, 1025.79, 619.623, 643.432, 802.279, 486.42, 773.372, 874.264, 376.956, 692.054, 610.167, 681.055, 906.929, 458.071, 441.833, 501.355, 562.331, 420.228, 775.16, 439.01, 517.507, 810.641, 743.031, 424.249, 865.495, 1070.16, 524.048, 476.854, 664.319, 517.057, 633.588, 481.143, 852.928, 375.147, 441.74, 443.234, 774.07, 1032.58, 854.916, 586.259, 486.33, 869.615, 1249.9, 589.295, 674.85, 891.874, 699.441, 507.35, 673.605, 551.284, 481.094, 509.21, 704.779, 931.475, 812.981, 543.544, 717.609, 475.491, 534.896, 828.842, 501.324, 589.946, 660.572, 1246.53, 633.383, 379.755, 382.739, 520.914, 445.68, 587.729, 540.739, 1149.98, 663.973, 529.358, 490.562, 986.845, 594.12, 474.855, 975.906, 381.819, 515.203, 434.224, 603.119, 560.841, 1024.38, 693.772, 783.959, 738.536, 490.24, 1057.94, 663.477, 1017.43, 715.422, 696.106, 862.942, 538.658, 504.982, 746.961, 713.397, 1118.49, 969.448, 630.113, 775.613, 691.771];
HighestPossibleCritFunctionValue = 1.1;
