NumDevices = 64;
NumSlotes = 512;


GivenBandwidthOld = [0.0118713, 0.0128609, 0.00812197, 0.011018, 0.0102715, 0.0130948, 0.0143886, 0.00999535, 0.00940542, 0.0193213, 0.01352, 0.0114635, 0.00939396, 0.0142973, 0.0128544, 0.0114007, 0.0163387, 0.00991734, 0.0107462, 0.0170686, 0.0141226, 0.0134116, 0.0138218, 0.00856358, 0.00801954, 0.0144764, 0.0106461, 0.00941846, 0.0135836, 0.0173178, 0.0148842, 0.0144593, 0.009646, 0.0128377, 0.0182238, 0.017431, 0.0176376, 0.0150313, 0.0114524, 0.0112973, 0.0160164, 0.0179524, 0.0185435, 0.0150597, 0.014059, 0.0192801, 0.019985, 0.0173481, 0.0115367, 0.0150932, 0.0133769, 0.0172864, 0.0119401, 0.0192307, 0.0158662, 0.0175235, 0.010413, 0.0157029, 0.0117572, 0.0199391, 0.00837429, 0.0141465, 0.015525, 0.00830018];
GivenLatency = [194.484, 181.284, 377.247, 213.846, 239.547, 254.239, 172.153, 227.838, 350.907, 161.226, 172.918, 273.676, 283.268, 165.205, 211.992, 233, 161.7, 295.971, 221.057, 131.02, 213.129, 192.057, 163.845, 306.713, 391.241, 208.747, 302.824, 349.912, 192.724, 154.328, 221.049, 214.606, 270.006, 184.477, 130.748, 144.705, 147.273, 165.299, 249.523, 254.838, 143.216, 147.144, 154.694, 205.071, 169.161, 147.318, 120.076, 142.64, 270.196, 151.587, 174.443, 152.241, 201.054, 145.812, 159.847, 147.575, 248.628, 154.735, 211.467, 135.934, 311.446, 200.502, 207.099, 392.365];
HighestPossibleCritFunctionValue = 1.1;
