NumDevices = 64;
NumSlotes = 512;


GivenBandwidthOld = [0.00601106, 0.00659793, 0.00770295, 0.00479416, 0.00422572, 0.00662156, 0.00487882, 0.0082983, 0.0045262, 0.00682616, 0.00598929, 0.00327524, 0.00690978, 0.00525239, 0.00569806, 0.00851109, 0.00592974, 0.0085577, 0.00804931, 0.00720321, 0.00562203, 0.00578103, 0.00303626, 0.00298067, 0.00612185, 0.00614081, 0.0060903, 0.00717361, 0.00817752, 0.00574554, 0.00653221, 0.00317998, 0.00596398, 0.00282285, 0.00359342, 0.00459042, 0.00491651, 0.00436123, 0.00301808, 0.00360782, 0.00287974, 0.00356696, 0.00372864, 0.00844577, 0.00811773, 0.00716452, 0.00529262, 0.0068135, 0.00575033, 0.00579604, 0.00524762, 0.00668859, 0.00642157, 0.00612809, 0.00483826, 0.00794985, 0.00437892, 0.00653873, 0.00636664, 0.00789881, 0.00274097, 0.0086703, 0.0067489, 0.00752238];
GivenLatency = [57.5595, 97.9674, 41.9993, 126.429, 76.3577, 52.9751, 105.083, 42.2835, 68.8675, 47.1423, 91.5587, 119.046, 46.8281, 59.5104, 86.7999, 73.3894, 60.9099, 46.5786, 54.2737, 67.0333, 58.9637, 66.3478, 139.702, 146.112, 64.303, 68.4168, 67.5371, 50.3229, 55.9492, 78.8605, 58.2978, 154.722, 58.0095, 195.236, 105.485, 71.2098, 83.164, 103.585, 169.145, 126.422, 131.614, 110.997, 105.456, 74.1879, 53.9232, 61.9769, 61.1095, 62.8277, 55.6427, 70.1035, 85.3718, 48.1818, 60.9449, 65.97, 65.6805, 40.714, 80.8318, 83.869, 53.9363, 57.65, 120.699, 47.0826, 71.0881, 49.4645];
HighestPossibleCritFunctionValue = 1.1;
