NumDevices = 32;
NumSlotes = 256;


GivenBandwidthOld = [0.029643, 0.0206927, 0.0320723, 0.0286907, 0.0347558, 0.0301142, 0.0201458, 0.0206833, 0.0334579, 0.0170613, 0.0185966, 0.0238316, 0.027686, 0.0293001, 0.0162163, 0.0166585, 0.0293003, 0.0207052, 0.0214723, 0.0342889, 0.0240748, 0.015449, 0.0205198, 0.0269849, 0.025096, 0.0177664, 0.0294423, 0.0265475, 0.0342207, 0.0179262, 0.0157272, 0.0176761];
GivenLatency = [29.0576, 51.3869, 26.7444, 34.2089, 31.7563, 31.6917, 44.6139, 42.3629, 27.9843, 65.5952, 60.8633, 35.0483, 39.0755, 38.1827, 55.6764, 60.782, 33.9854, 49.4331, 44.22, 25.8331, 41.0276, 65.6298, 54.2744, 36.9849, 37.9453, 51.1082, 39.7734, 43.833, 28.9375, 59.26, 61.7696, 55.6283];
HighestPossibleCritFunctionValue = 1.1;
