NumDevices = 32;
NumSlotes = 256;


GivenBandwidthOld = [0.039585, 0.0152115, 0.020066, 0.0345386, 0.0255448, 0.0161577, 0.0220949, 0.034664, 0.0329107, 0.0156629, 0.0319449, 0.0321726, 0.0348583, 0.0226517, 0.017297, 0.0213588, 0.037699, 0.016706, 0.0370795, 0.0298858, 0.026201, 0.019997, 0.024884, 0.0347467, 0.0226534, 0.02076, 0.0229867, 0.0231347, 0.0355057, 0.0299685, 0.0156547, 0.0180612];
GivenLatency = [62.9045, 164.176, 102.339, 68.2742, 70.691, 123.272, 87.0553, 48.222, 70.8193, 129.273, 52.2954, 69.0866, 53.6, 74.711, 124.578, 98.398, 44.6856, 136.705, 56.7929, 67.9583, 80.5652, 111.057, 70.5602, 50.1749, 90.9151, 83.5622, 101.795, 95.1266, 67.7456, 64.8664, 159.055, 108.172];
HighestPossibleCritFunctionValue = 1.1;
