NumDevices = 128;
NumSlotes = 1024;


GivenBandwidthOld = [0.0017467, 0.00235683, 0.00369294, 0.00356042, 0.00435605, 0.00153325, 0.00239666, 0.00130937, 0.00216527, 0.00300405, 0.00340104, 0.00370528, 0.00150565, 0.0041813, 0.00193299, 0.00219193, 0.00419964, 0.00405014, 0.0037484, 0.00429345, 0.00252228, 0.00314314, 0.00358268, 0.00340096, 0.00242425, 0.00248606, 0.00388265, 0.00138109, 0.00130955, 0.00218633, 0.00372855, 0.00194796, 0.00370862, 0.0014457, 0.00291872, 0.00361162, 0.0024544, 0.00299298, 0.00181881, 0.00189288, 0.00306096, 0.00376081, 0.00360834, 0.00353256, 0.0016968, 0.0012676, 0.00326258, 0.00166021, 0.00195728, 0.00409342, 0.00318971, 0.00192066, 0.00434815, 0.00318298, 0.00130938, 0.00233046, 0.00427349, 0.00139587, 0.00283963, 0.00247415, 0.00371362, 0.00424342, 0.00235536, 0.00409941, 0.00378707, 0.00428912, 0.00160025, 0.00358461, 0.00158075, 0.00383231, 0.00213566, 0.00224594, 0.00246591, 0.00259923, 0.00279506, 0.0034979, 0.00363289, 0.00356682, 0.00247323, 0.00374356, 0.00418621, 0.00332769, 0.00226372, 0.00139083, 0.00249697, 0.00277784, 0.00153526, 0.00183446, 0.00243371, 0.00203662, 0.00320119, 0.00432457, 0.00375642, 0.0015954, 0.00321453, 0.00352176, 0.0014204, 0.00271579, 0.00243726, 0.00233707, 0.00293439, 0.00149965, 0.00330529, 0.00390822, 0.0030291, 0.00254503, 0.00435022, 0.00349026, 0.00337092, 0.00384183, 0.00281701, 0.00359459, 0.00357212, 0.00407375, 0.00374545, 0.00166508, 0.00241866, 0.00224792, 0.00145995, 0.00178098, 0.00359464, 0.00135757, 0.00290407, 0.00425709, 0.00388323, 0.00177234, 0.00216877, 0.00234396];
GivenLatency = [228.309, 220.952, 88.7116, 99.3711, 82.2726, 307.29, 235.794, 333.873, 146.675, 116.584, 102.007, 86.9323, 415.473, 143.248, 289.315, 209.244, 79.1576, 114.559, 138.053, 115.46, 144.317, 200.698, 109.676, 104.954, 130.463, 128.333, 128.089, 280.867, 433.693, 219.815, 147.771, 163.183, 90.9379, 357.532, 158.999, 172.947, 252.934, 134.512, 313.703, 239.251, 198.403, 94.9922, 164.538, 92.7231, 352.335, 347.865, 157.204, 344.291, 177.7, 135.113, 102.585, 261.891, 98.8478, 116.034, 264.428, 155.25, 102.294, 293.955, 113.166, 183.019, 88.746, 75.5427, 254.054, 139.418, 91.3393, 137.578, 305.2, 135.136, 212.167, 89.9957, 217.194, 235.653, 144.031, 218.597, 114.483, 187.04, 98.3578, 146.063, 216.989, 162.744, 108.4, 119.653, 253.603, 241.419, 227.838, 137.408, 305.436, 170.474, 164.527, 204.315, 118.434, 83.8446, 126.494, 216.403, 147.97, 162.969, 314.972, 117.43, 131.838, 275.167, 184.294, 235.912, 157.281, 100.793, 200.653, 184.332, 93.7238, 114.291, 104.349, 96.4448, 134.554, 176.491, 92.7648, 123.241, 146.177, 318.31, 252.879, 222.701, 301.866, 192.606, 89.1291, 239.934, 224.647, 116.365, 92.3559, 249.491, 279.158, 150.37];
HighestPossibleCritFunctionValue = 1.1;
