NumDevices = 16;
NumSlotes = 128;


GivenBandwidthOld = [0.0290803, 0.0174761, 0.0100978, 0.0289484, 0.0262439, 0.0219404, 0.0168358, 0.0251365, 0.0344862, 0.0242474, 0.01594, 0.018287, 0.0145246, 0.0301319, 0.0174938, 0.0333643];
GivenLatency = [15.9648, 36.0647, 29.9162, 17.2935, 11.9118, 16.9295, 31.8465, 12.6037, 18.2217, 15.2034, 26.1191, 18.0743, 33.2449, 17.0803, 23.1163, 15.5993];
HighestPossibleCritFunctionValue = 1.1;
