NumDevices = 16;
NumSlotes = 128;


GivenBandwidthOld = [0.0608928, 0.045782, 0.037344, 0.0602738, 0.0415231, 0.0590687, 0.0683549, 0.060858, 0.0612295, 0.064163, 0.0480864, 0.0481317, 0.0501744, 0.060453, 0.0528276, 0.0540628];
GivenLatency = [17.2114, 21.4843, 22.755, 15.5422, 18.8084, 18.0335, 15.0012, 13.749, 16.8689, 15.1685, 20.2699, 22.4958, 21.301, 15.9662, 17.018, 17.7759];
HighestPossibleCritFunctionValue = 1.1;
