NumDevices = 16;
NumSlotes = 128;


GivenBandwidthOld = [0.0655206, 0.0742403, 0.0764338, 0.0426965, 0.0692704, 0.0470923, 0.0496002, 0.0505612, 0.051776, 0.069711, 0.0527218, 0.0649061, 0.047339, 0.0465949, 0.0400153, 0.0574123];
GivenLatency = [25.9044, 21.3506, 24.4258, 40.0738, 23.8925, 40.3306, 27.152, 26.9234, 26.7264, 22.23, 37.2439, 22.6571, 38.4592, 29.9133, 41.4281, 27.1562];
HighestPossibleCritFunctionValue = 1.1;
