NumDevices = 128;
NumSlotes = 1024;


GivenBandwidthOld = [0.00797521, 0.00693136, 0.00791753, 0.00740618, 0.00814112, 0.00523836, 0.00856028, 0.00514097, 0.00673459, 0.00578032, 0.00741992, 0.00413629, 0.00608234, 0.00831079, 0.00690494, 0.0037553, 0.00788041, 0.00856182, 0.00607168, 0.00431116, 0.00511409, 0.00496952, 0.00518564, 0.00760644, 0.00388546, 0.0054281, 0.00757194, 0.00411789, 0.00682007, 0.00736644, 0.00524416, 0.00615929, 0.00673183, 0.00435121, 0.00830323, 0.00490092, 0.00733296, 0.0076154, 0.00452276, 0.0065093, 0.00422838, 0.00396032, 0.00860927, 0.00850417, 0.00702551, 0.00530507, 0.00477001, 0.00707001, 0.00810702, 0.00717775, 0.00389055, 0.00602843, 0.00726442, 0.005659, 0.00823922, 0.00406809, 0.00492269, 0.00812079, 0.00865772, 0.00784282, 0.00675062, 0.00511081, 0.00494623, 0.0037661, 0.00438874, 0.00413297, 0.00536547, 0.00501246, 0.00694359, 0.00842812, 0.0039852, 0.00683925, 0.0048035, 0.00492801, 0.00748537, 0.00408017, 0.00787574, 0.00512372, 0.00687064, 0.0074246, 0.00777666, 0.00487751, 0.00381689, 0.00805502, 0.00821656, 0.00824933, 0.00398135, 0.00699919, 0.00790554, 0.00584258, 0.00869941, 0.00841631, 0.00542967, 0.00394641, 0.00488704, 0.0039756, 0.00537851, 0.00419588, 0.00766926, 0.00473624, 0.00450382, 0.00822608, 0.0082256, 0.005159, 0.00481845, 0.00619089, 0.00779317, 0.0072654, 0.00712685, 0.00847614, 0.00600679, 0.00859777, 0.00530339, 0.00662963, 0.00677203, 0.00494462, 0.00664315, 0.00400322, 0.00466245, 0.00434803, 0.00486599, 0.00527184, 0.00631184, 0.0056054, 0.00740463, 0.00712372, 0.00588079, 0.00589758];
GivenLatency = [124.11, 168.516, 157.905, 152.35, 127.627, 242.49, 135.903, 212.301, 177.668, 220.566, 164.495, 250.682, 156.866, 130.715, 138.321, 280.501, 131.096, 140.701, 199.649, 232.784, 220.752, 198.837, 231.767, 166.988, 270.268, 224.253, 169.319, 270.888, 164.647, 132.576, 224.823, 205.447, 185.948, 227.729, 146.584, 199.622, 173.6, 161.915, 285.593, 163.945, 242.239, 242.147, 132.282, 141.819, 149.487, 214.342, 216.233, 163.092, 119.591, 161.251, 248.923, 196.099, 178.208, 212.475, 156.193, 262.475, 198.682, 118.877, 128.422, 125.91, 167.101, 195.145, 250.977, 261.296, 251.032, 234.649, 237.157, 247.873, 163.452, 118.234, 321.073, 181.746, 200.324, 248.334, 165.227, 244.266, 127.2, 240.858, 144.415, 164.901, 128.785, 212.125, 336.098, 156.772, 119.58, 122.881, 278.199, 178.13, 144.292, 183.963, 131.619, 151.455, 192.481, 321, 198.915, 297.767, 179.916, 253.63, 138.721, 242.834, 220.014, 127.965, 126.976, 186.211, 215.769, 188.091, 137.144, 143.618, 147.581, 143.396, 164.014, 118.399, 210.272, 171.6, 174.719, 199.544, 149.352, 279.602, 226.903, 288.565, 237.602, 193.385, 198.258, 230.124, 168.174, 162.834, 210.312, 200.302];
HighestPossibleCritFunctionValue = 1.1;
