NumDevices = 32;
NumSlotes = 256;


GivenBandwidthOld = [0.0226941, 0.0304841, 0.0318603, 0.0355203, 0.0238914, 0.0275902, 0.018017, 0.022131, 0.0399877, 0.0330391, 0.0231535, 0.0250796, 0.0229789, 0.0165355, 0.0223288, 0.0398166, 0.0324839, 0.0168792, 0.0243251, 0.0168878, 0.0174862, 0.0258391, 0.0383806, 0.0228498, 0.0216024, 0.03213, 0.0187789, 0.0273607, 0.0355289, 0.0200171, 0.0380557, 0.0372075];
GivenLatency = [83.6939, 58.2134, 56.812, 69.2324, 88.2816, 67.4121, 124.199, 101.875, 43.4592, 68.8981, 76.0108, 78.0723, 94.2564, 102.047, 81.9775, 54.2912, 58.3708, 111.601, 77.7372, 129.337, 101.208, 80.3148, 49.4384, 78.2252, 95.7114, 56.3805, 102.456, 61.9311, 56.4551, 111.537, 43.9304, 62.3014];
HighestPossibleCritFunctionValue = 1.1;
