NumDevices = 32;
NumSlotes = 256;


GivenBandwidthOld = [0.0330277, 0.0259714, 0.0319576, 0.0215907, 0.0241978, 0.0222132, 0.0276301, 0.0287663, 0.0251569, 0.0221758, 0.0188694, 0.0286045, 0.0256345, 0.0284762, 0.0303025, 0.0234635, 0.020444, 0.0324926, 0.032971, 0.0339166, 0.0267511, 0.0156253, 0.0240807, 0.0341177, 0.0263533, 0.029515, 0.0282121, 0.0315372, 0.0160753, 0.028374, 0.0310565, 0.0171598];
GivenLatency = [25.3427, 33.1813, 28.466, 46.7026, 36.4301, 42.2994, 35.2657, 29.2932, 40.3419, 50.8478, 54.2474, 41.116, 34.2098, 30.1645, 37.4121, 38.521, 55.5528, 30.2977, 30.0865, 32.8797, 33.2373, 61.4726, 42.2069, 28.3927, 32.4236, 30.4832, 33.1462, 32.0478, 57.1454, 36.317, 29.3449, 49.4287];
HighestPossibleCritFunctionValue = 1.1;
