NumDevices = 32;
NumSlotes = 256;


GivenBandwidthOld = [0.0243674, 0.0286037, 0.0271719, 0.03875, 0.0308075, 0.016439, 0.0258806, 0.0348482, 0.0291744, 0.0197739, 0.0250386, 0.0336403, 0.0279821, 0.0300453, 0.0313132, 0.0152991, 0.0161806, 0.0327497, 0.0334623, 0.0363389, 0.0336249, 0.0184849, 0.0361998, 0.0206563, 0.0310711, 0.0227624, 0.0272744, 0.0357075, 0.0216663, 0.0305383, 0.0164401, 0.0191045];
GivenLatency = [87.1283, 72.7649, 79.2173, 44.8839, 57.4876, 132.133, 70.4987, 47.8414, 76.4085, 89.8502, 74.7826, 55.4222, 60.8913, 75.1262, 54.2179, 137.736, 137.766, 64.6928, 72.4174, 53.9133, 58.8791, 126.389, 57.3815, 83.8159, 56.7132, 106.79, 88.6317, 47.9708, 93.5076, 81.2285, 138.906, 91.0425];
HighestPossibleCritFunctionValue = 1.1;
