NumDevices = 16;
NumSlotes = 128;


GivenBandwidthOld = [0.0562667, 0.0441102, 0.0308032, 0.0301829, 0.0543039, 0.0555197, 0.0390103, 0.0665288, 0.0698516, 0.0652867, 0.0427036, 0.0394028, 0.0626789, 0.0646143, 0.0424912, 0.0690401];
GivenLatency = [24.0929, 31.6037, 62.0428, 58.4431, 30.1538, 35.3675, 45.4111, 22.0059, 19.3851, 24.0862, 44.2053, 45.1006, 26.5567, 27.2183, 44.7361, 22.4576];
HighestPossibleCritFunctionValue = 1.1;
