NumDevices = 128;
NumSlotes = 1024;


GivenBandwidthOld = [0.00153669, 0.0040029, 0.00361977, 0.00186947, 0.00326304, 0.00313442, 0.00401623, 0.0026549, 0.00400413, 0.00238073, 0.00230785, 0.00246994, 0.00159524, 0.0036704, 0.00275622, 0.0038228, 0.00170486, 0.00237573, 0.00267507, 0.00241206, 0.00393086, 0.00226168, 0.00148789, 0.00266746, 0.00258769, 0.00256246, 0.00351304, 0.00186443, 0.00290152, 0.00213925, 0.00317629, 0.00143578, 0.00169641, 0.00401315, 0.00399885, 0.00436572, 0.00144662, 0.00278049, 0.00226469, 0.00204343, 0.00200747, 0.00392341, 0.00196229, 0.0040285, 0.00264465, 0.00359061, 0.00236821, 0.00133585, 0.00351329, 0.00292093, 0.00336145, 0.00400657, 0.00277537, 0.00377124, 0.00379342, 0.00171652, 0.00143482, 0.00432135, 0.00263135, 0.00194827, 0.00269141, 0.00196902, 0.00147094, 0.00201467, 0.00312403, 0.0042827, 0.00316526, 0.00345694, 0.00263131, 0.00131878, 0.00419268, 0.00268845, 0.00229251, 0.00400481, 0.00133797, 0.00167542, 0.0043525, 0.0042979, 0.00223832, 0.00264231, 0.00188461, 0.00148196, 0.00286445, 0.00401868, 0.0031393, 0.00154152, 0.00392776, 0.00319784, 0.00415861, 0.00184853, 0.00139689, 0.00435435, 0.00419413, 0.00200796, 0.00284905, 0.0015654, 0.00215822, 0.00322457, 0.00339761, 0.00235623, 0.00310581, 0.004307, 0.00218896, 0.00427188, 0.00255995, 0.00202959, 0.00374232, 0.00222385, 0.00312665, 0.00145987, 0.0034831, 0.00170264, 0.00258746, 0.00181852, 0.00321853, 0.00198467, 0.00189209, 0.00219534, 0.00201178, 0.00132676, 0.00392008, 0.00220773, 0.00398666, 0.00256215, 0.00146127, 0.0020334, 0.00227489, 0.00157621];
GivenLatency = [288.236, 153.612, 121.905, 168.584, 120.755, 168.06, 148.142, 198.74, 156.566, 172.088, 216.707, 136.244, 287.399, 119.482, 128.753, 104.393, 319.198, 211.243, 117.862, 154.35, 90.9172, 187.032, 243.301, 233.809, 189.355, 150.168, 187.157, 257.568, 166.26, 179.292, 117.573, 288.426, 228.887, 97.3274, 94.4349, 93.0364, 398.738, 193.796, 183.409, 156.277, 254.016, 116.021, 237.771, 118.023, 126.602, 162.411, 141.173, 249.482, 99.9248, 170.68, 137.697, 120.549, 124.728, 114.97, 160.689, 210.207, 303.954, 81.5267, 119.244, 308.982, 163.93, 228.475, 295.428, 252.714, 100.467, 153.122, 182.901, 158.134, 210.875, 414.124, 93.6152, 231.242, 154.247, 80.5433, 316.047, 196.412, 77.9937, 78.9521, 142.338, 208.47, 289.707, 230.564, 151.578, 84.3479, 147.816, 257.039, 165.392, 116.563, 95.039, 173.95, 250.254, 89.6795, 83.2778, 303.993, 224.183, 229.875, 154.36, 144.288, 113.965, 204.622, 158.395, 87.8514, 208.782, 77.1083, 138.832, 219.896, 105.041, 245.802, 158.656, 224.05, 108.637, 335.275, 154.948, 226.965, 183.384, 230.762, 221.811, 142.816, 168.59, 438.304, 81.0185, 272.263, 126.22, 127.202, 258.996, 237.313, 193.049, 243.614];
HighestPossibleCritFunctionValue = 1.1;
