NumDevices = 32;
NumSlotes = 256;


GivenBandwidthOld = [0.0109448, 0.00640036, 0.0158385, 0.0174617, 0.0120489, 0.0132822, 0.0171316, 0.0127272, 0.0141888, 0.0168207, 0.0128932, 0.0161663, 0.0145974, 0.00768196, 0.00568026, 0.0131435, 0.0104827, 0.0154332, 0.00510399, 0.0151871, 0.00791422, 0.0093762, 0.00580075, 0.0131876, 0.0139749, 0.00931143, 0.0172337, 0.0166288, 0.0122276, 0.0172566, 0.014491, 0.00730112];
GivenLatency = [28.892, 55.0505, 28.3455, 20.4074, 32.2109, 24.2263, 23.3602, 41.1588, 39.2281, 33.7046, 43.7659, 34.0192, 21.1761, 47.7735, 87.6976, 38.6165, 38.9119, 20.0659, 119.925, 28.9692, 54.5552, 58.2816, 55.3, 48.2948, 22.6096, 60.3512, 19.3885, 22.4783, 36.7741, 27.3984, 26.323, 58.4666];
HighestPossibleCritFunctionValue = 1.1;
