NumDevices = 64;
NumSlotes = 512;


GivenBandwidthOld = [0.0100561, 0.017167, 0.0106938, 0.0160903, 0.0151871, 0.0137997, 0.0162882, 0.0107008, 0.0134586, 0.0142577, 0.0141261, 0.0121646, 0.015232, 0.00927559, 0.00978565, 0.0124299, 0.0143006, 0.0159398, 0.0158507, 0.00779769, 0.0108622, 0.0156476, 0.014419, 0.0153941, 0.012959, 0.0168657, 0.0161225, 0.0153708, 0.0121597, 0.0136754, 0.0168698, 0.0156244, 0.0140677, 0.0101114, 0.0169989, 0.0156663, 0.00829939, 0.0128411, 0.0146522, 0.015145, 0.0172348, 0.0108285, 0.00954488, 0.0157891, 0.0120811, 0.0122156, 0.0128014, 0.00822719, 0.00937777, 0.0170993, 0.0133691, 0.00864786, 0.00956385, 0.0146751, 0.00978203, 0.0115169, 0.00911864, 0.0119369, 0.00894144, 0.0137506, 0.010567, 0.0150474, 0.0163844, 0.00750261];
GivenLatency = [108.389, 64.3204, 98.3471, 69.7511, 62.9591, 85.4644, 62.1146, 87.5566, 88.8794, 64.7669, 79.481, 89.4919, 70.3496, 131.407, 113.324, 76.4138, 69.831, 64.0447, 60.548, 137.181, 103.007, 73.8579, 63.3094, 66.3776, 86.1396, 57.8671, 70.9459, 71.7876, 97.5622, 80.3961, 66.2893, 61.5084, 78.2525, 113.397, 61.3232, 68.0345, 126.014, 87.6342, 63.6639, 70.1777, 67.1758, 93.2615, 110.933, 71.822, 88.4956, 88.1202, 89.5403, 111.126, 104.222, 57.3656, 72.2716, 126.922, 101.937, 72.8488, 110.904, 95.8234, 129.9, 76.2025, 103.341, 70.0301, 116.608, 72.6579, 70.226, 142.786];
HighestPossibleCritFunctionValue = 1.1;
