NumDevices = 32;
NumSlotes = 256;


GivenBandwidthOld = [0.0079453, 0.00660194, 0.0163002, 0.0144937, 0.0158371, 0.00658066, 0.00869526, 0.0112723, 0.0113287, 0.00892465, 0.0165937, 0.00970587, 0.00902318, 0.0101363, 0.00543805, 0.017313, 0.0122541, 0.0124461, 0.0146668, 0.012635, 0.0140189, 0.010681, 0.00977537, 0.014705, 0.0162872, 0.00927606, 0.0101661, 0.00631531, 0.0114666, 0.0141975, 0.0131778, 0.0119446];
GivenLatency = [54.5225, 81.7851, 20.3566, 21.3204, 29.7702, 49.2063, 65.8161, 28.4952, 33.0363, 49.0254, 23.603, 47.3214, 47.3797, 31.3104, 85.6948, 19.8957, 34.6099, 38.5088, 38.7785, 25.5406, 31.9799, 52.0461, 54.051, 36.088, 20.0182, 41.2882, 57.0695, 52.4524, 52.4437, 25.6703, 26.6099, 34.0352];
HighestPossibleCritFunctionValue = 1.1;
