NumDevices = 16;
NumSlotes = 128;


GivenBandwidthOld = [0.0185191, 0.015433, 0.0223175, 0.0299731, 0.0221953, 0.0265832, 0.0243535, 0.0249589, 0.0242098, 0.0338176, 0.0130414, 0.0260701, 0.025148, 0.0267515, 0.0275891, 0.0307469];
GivenLatency = [20.272, 25.6301, 24.0766, 11.4461, 20.7557, 12.8591, 19.2029, 13.3482, 18.4009, 18.2603, 35.1728, 19.9542, 16.6595, 22.95, 15.7896, 10.6109];
HighestPossibleCritFunctionValue = 1.1;
