NumDevices = 64;
NumSlotes = 512;


GivenBandwidthOld = [0.0141253, 0.0091629, 0.0182795, 0.016711, 0.0167276, 0.00853332, 0.0120206, 0.00974787, 0.0124597, 0.0147558, 0.0184317, 0.0111101, 0.0198811, 0.00967094, 0.0194354, 0.0177889, 0.0199065, 0.0117114, 0.0134132, 0.0152158, 0.011533, 0.0147433, 0.00838073, 0.00985635, 0.0105894, 0.0186115, 0.00864637, 0.0120569, 0.00783254, 0.00893346, 0.012089, 0.00941823, 0.00971299, 0.0136604, 0.00832708, 0.00830341, 0.0104491, 0.0113351, 0.0142208, 0.0138995, 0.0131089, 0.013476, 0.00820625, 0.0149378, 0.0142174, 0.019883, 0.0159236, 0.00770787, 0.0137417, 0.0120458, 0.00948219, 0.00968398, 0.0136295, 0.0130636, 0.0151159, 0.00828744, 0.0170273, 0.00751716, 0.00847987, 0.0137267, 0.010231, 0.00812957, 0.0137114, 0.0153711];
GivenLatency = [222.915, 280.025, 142.339, 161.067, 156.746, 315.206, 199.38, 310.17, 204.537, 188.218, 137.39, 249.627, 124.771, 296.731, 154.235, 139.451, 122.428, 258.136, 238.889, 213.476, 194.114, 175.121, 319.792, 318.492, 292.19, 127.147, 362.796, 239.308, 337.065, 270.601, 185.283, 284.898, 334.58, 211.552, 396.569, 348.861, 281.416, 200.537, 201.918, 232.951, 180.015, 198.197, 282.346, 177.343, 230.477, 113.624, 208.058, 429.073, 219.351, 244.229, 236.525, 232.565, 166.321, 251.576, 206.668, 308.506, 175.881, 439.504, 345.834, 164.372, 245.266, 396.22, 213.953, 197.212];
HighestPossibleCritFunctionValue = 1.1;
