NumDevices = 128;
NumSlotes = 1024;


GivenBandwidthOld = [0.00434732, 0.0017214, 0.00211883, 0.00368986, 0.00176174, 0.00209656, 0.0012509, 0.00384822, 0.00383794, 0.00302105, 0.00159372, 0.00312616, 0.00255506, 0.00409936, 0.00287209, 0.00128852, 0.00175429, 0.00183435, 0.003596, 0.00232569, 0.00217899, 0.00222118, 0.00197266, 0.00323695, 0.00218187, 0.00385448, 0.00286863, 0.00238798, 0.00230689, 0.00182502, 0.00303119, 0.00333755, 0.00237963, 0.00253161, 0.00384762, 0.00323427, 0.00401905, 0.00321039, 0.00259139, 0.00224756, 0.00164329, 0.00194239, 0.00390661, 0.00396624, 0.00317519, 0.00167531, 0.00257995, 0.00366916, 0.00381418, 0.00367884, 0.00405482, 0.00127249, 0.00424395, 0.00176757, 0.00311738, 0.00195516, 0.00294943, 0.00413044, 0.00349155, 0.00305569, 0.00254689, 0.00428713, 0.00247035, 0.00223907, 0.00269503, 0.00346801, 0.00435823, 0.00368604, 0.00314076, 0.00427825, 0.00327646, 0.00379714, 0.00170316, 0.00184441, 0.00395562, 0.00269105, 0.00217298, 0.00127721, 0.00224941, 0.00148915, 0.00181252, 0.00240409, 0.00421181, 0.00228736, 0.00186067, 0.00223416, 0.00144448, 0.00428286, 0.00259757, 0.00300133, 0.00139287, 0.00249095, 0.0017173, 0.00209608, 0.00253989, 0.00229395, 0.00318418, 0.002796, 0.00355321, 0.00184382, 0.0034837, 0.00242051, 0.00205799, 0.00308075, 0.00199538, 0.00382413, 0.00222453, 0.00203539, 0.0013292, 0.00422393, 0.00283277, 0.00278841, 0.0042169, 0.00350073, 0.00429697, 0.00224089, 0.0019889, 0.00434957, 0.00205409, 0.00307277, 0.00217862, 0.00230774, 0.00371211, 0.00376686, 0.00204501, 0.00362573, 0.00209466, 0.00372361];
GivenLatency = [86.5347, 210.921, 212.483, 118.204, 198.214, 230.654, 359.907, 84.3643, 94.9025, 165.676, 279.309, 106.012, 176.64, 83.5285, 169.328, 300.532, 335.581, 305.758, 104.113, 135.946, 174.065, 287.514, 161.865, 108.782, 168.252, 143.146, 186.496, 185.613, 229.163, 220.535, 104.191, 158.647, 176.481, 174.397, 88.64, 105.671, 104.059, 135.034, 148.375, 201.567, 323.282, 290.965, 83.5288, 89.8465, 144.108, 279.047, 174.461, 150.733, 127.911, 143.526, 94.2964, 398.032, 96.7097, 247.209, 123.077, 290.545, 128.892, 96.0112, 123.131, 122.019, 231.09, 111.984, 144.518, 165.218, 143.047, 105.801, 147.584, 136, 204.955, 74.631, 161.155, 133.969, 207.742, 211.632, 124.249, 128.689, 172.477, 339.301, 141.621, 280.522, 319.268, 167.894, 142.265, 157.207, 198.887, 201.018, 313.627, 95.1112, 122.791, 119.626, 268.711, 144.805, 187.253, 151.03, 188.943, 219.518, 140.608, 184.363, 144.273, 175.806, 94.6728, 159.861, 156.956, 109.425, 173.588, 127.683, 215.498, 203.354, 254.788, 85.1382, 143.314, 113.472, 81.3162, 110.656, 127.251, 164.303, 247.606, 130.598, 267.388, 161.706, 199.839, 135.984, 95.5499, 86.1315, 229.52, 103.158, 258.965, 119.573];
HighestPossibleCritFunctionValue = 1.1;
