NumDevices = 16;
NumSlotes = 128;


GivenBandwidthOld = [0.0406801, 0.0501435, 0.0612601, 0.058023, 0.0530422, 0.0596859, 0.0403841, 0.0359987, 0.0499832, 0.0468928, 0.0678206, 0.0408776, 0.0494529, 0.0543375, 0.0698734, 0.0615754];
GivenLatency = [19.5939, 17.8082, 17.7696, 17.5819, 16.7705, 17.2255, 22.1028, 27.9357, 16.7826, 16.8401, 13.1166, 21.8524, 15.6486, 15.4958, 15.0196, 16.3821];
HighestPossibleCritFunctionValue = 1.1;
