NumDevices = 32;
NumSlotes = 256;


GivenBandwidthOld = [0.0369561, 0.0318863, 0.0222772, 0.0236774, 0.0309697, 0.0170154, 0.0373477, 0.0380221, 0.0216588, 0.0287417, 0.0214269, 0.0311585, 0.016359, 0.0314905, 0.0215028, 0.0326339, 0.0375287, 0.0306168, 0.0369644, 0.0211187, 0.0275474, 0.0245902, 0.0220803, 0.0394032, 0.0345903, 0.0199773, 0.0187732, 0.0306784, 0.0216169, 0.0252299, 0.024516, 0.0254168];
GivenLatency = [67.1119, 65.9108, 99.0212, 94.9331, 54.5107, 117.272, 46.069, 56.5497, 90.4337, 60.4455, 80.2913, 64.6652, 129.643, 63.8392, 90.2782, 62.1933, 52.954, 78.0675, 54.6218, 85.5784, 77.3404, 90.5284, 82.8038, 49.9754, 49.7983, 101.484, 126.334, 65.7636, 90.0759, 73.9092, 77.159, 73.8002];
HighestPossibleCritFunctionValue = 1.1;
