NumDevices = 32;
NumSlotes = 256;


GivenBandwidthOld = [0.0218075, 0.0287381, 0.0306764, 0.0280164, 0.0212787, 0.0207445, 0.0230312, 0.015121, 0.0290452, 0.0326024, 0.0180593, 0.0331464, 0.0220414, 0.0192736, 0.0213935, 0.0310011, 0.0254099, 0.0337606, 0.0243321, 0.0202015, 0.0169794, 0.0220665, 0.0214862, 0.0283271, 0.0237839, 0.0258828, 0.0223349, 0.031899, 0.0168121, 0.0305607, 0.0241626, 0.0304084];
GivenLatency = [45.7989, 32.6383, 35.4099, 38.6551, 42.079, 46.0779, 44.8982, 68.4946, 34.6406, 27.0432, 52.3174, 27.672, 47.2515, 58.3714, 46.5847, 34.2143, 34.2817, 33.3335, 36.0438, 48.7674, 55.4592, 38.149, 45.9163, 30.4066, 35.7647, 35.7131, 41.292, 32.8922, 50.0602, 28.0325, 37.3376, 37.1868];
HighestPossibleCritFunctionValue = 1.1;
