NumDevices = 128;
NumSlotes = 1024;


GivenBandwidthOld = [0.0046297, 0.00381555, 0.00540406, 0.00852318, 0.00665991, 0.00564929, 0.00505218, 0.00451285, 0.00502, 0.00861882, 0.00394798, 0.00627063, 0.00798627, 0.00781425, 0.00653536, 0.00729481, 0.00633366, 0.00731521, 0.00425609, 0.00452876, 0.0074009, 0.00442441, 0.00851401, 0.00753593, 0.00382578, 0.00744667, 0.0087434, 0.00776269, 0.00506878, 0.00855489, 0.00449917, 0.00500281, 0.00473684, 0.00463854, 0.00742715, 0.00555955, 0.00685408, 0.0040887, 0.00629443, 0.00798371, 0.00473619, 0.00861111, 0.00436828, 0.00510452, 0.0042317, 0.00472351, 0.0056113, 0.00664902, 0.00756147, 0.00818232, 0.00773097, 0.00684232, 0.0063693, 0.00624119, 0.00816185, 0.00867062, 0.00469206, 0.00698866, 0.00590961, 0.00535625, 0.00498821, 0.00432832, 0.0085424, 0.00469107, 0.00536663, 0.00437826, 0.00799271, 0.00590552, 0.00663114, 0.00707452, 0.00398293, 0.00853771, 0.00570673, 0.00548566, 0.00501825, 0.00416932, 0.00632418, 0.00800598, 0.00404412, 0.00695111, 0.00486629, 0.00522546, 0.00683947, 0.00843803, 0.00541913, 0.00681897, 0.00390818, 0.00731696, 0.00867505, 0.00415519, 0.00380479, 0.00463105, 0.00658492, 0.00526417, 0.00742113, 0.00436847, 0.0083646, 0.00629735, 0.00712048, 0.00632375, 0.00584176, 0.00501054, 0.0046172, 0.00382878, 0.00776017, 0.0076951, 0.00403157, 0.00605163, 0.00728555, 0.0057047, 0.00643274, 0.00752515, 0.00763219, 0.00666768, 0.00611764, 0.00667644, 0.00847373, 0.00553996, 0.00759885, 0.00631458, 0.00672376, 0.00381344, 0.00504977, 0.00392667, 0.0080698, 0.00664884, 0.0046276, 0.00861168];
GivenLatency = [276.22, 264.901, 184.448, 139.573, 152.81, 179.048, 209.785, 212.024, 203.433, 123.762, 282.537, 199.404, 128.658, 143.008, 164.631, 131.898, 166.163, 177.458, 224.802, 237.707, 168.626, 255.302, 115.721, 150.98, 308.302, 164.608, 130.541, 130.054, 206.33, 124.455, 281.238, 207.486, 224.083, 210.671, 132.111, 198.024, 139.148, 245.231, 175.035, 144.03, 249.687, 146.769, 243.085, 199.82, 255.526, 266.096, 181.028, 195.269, 145.57, 155.697, 141.362, 166.407, 165.363, 187.316, 128.784, 112.646, 268.195, 147.679, 201.705, 219.232, 254.536, 247.839, 138.404, 260.232, 201.343, 218.854, 148.063, 212.583, 153.616, 140.64, 262.66, 130.162, 167.834, 190.139, 198.635, 256.991, 178.981, 130.948, 292.569, 151.57, 251.515, 248.132, 147.14, 134.681, 179.431, 141.808, 290.831, 138.076, 112.824, 233.354, 271.397, 255.924, 171.111, 219.535, 157.795, 245.325, 145.247, 161.041, 165.344, 160.217, 193.19, 222.906, 255.588, 254.456, 129.201, 137.909, 247.969, 178.514, 135.984, 212.405, 185.359, 135.491, 146.733, 169.177, 175.079, 143.42, 117.845, 186.733, 151.096, 198.169, 153.017, 285.675, 215.634, 321.698, 122.807, 146.041, 280.158, 115.386];
HighestPossibleCritFunctionValue = 1.1;
