NumDevices = 128;
NumSlotes = 1024;


GivenBandwidthOld = [0.00135884, 0.00236891, 0.0036253, 0.0040938, 0.0032044, 0.00195135, 0.00133711, 0.00273092, 0.00358926, 0.0015139, 0.00220258, 0.00189784, 0.00201608, 0.00179045, 0.00342188, 0.00407297, 0.00323196, 0.0026694, 0.00390404, 0.00152481, 0.00129176, 0.00316994, 0.00398291, 0.00207798, 0.00144785, 0.00152704, 0.00434134, 0.00421428, 0.00314039, 0.00420288, 0.00216687, 0.00163068, 0.00243341, 0.00332854, 0.00402924, 0.00251916, 0.003973, 0.0041808, 0.00301725, 0.00344134, 0.00300791, 0.00269929, 0.00322493, 0.00330065, 0.00404316, 0.00216258, 0.00154916, 0.00421122, 0.00174068, 0.00436819, 0.00247708, 0.00295599, 0.00193681, 0.00381308, 0.00399023, 0.00324468, 0.00395487, 0.0025408, 0.00192489, 0.00354461, 0.00425055, 0.00338036, 0.00314471, 0.00187561, 0.00336589, 0.00367559, 0.00243965, 0.00198244, 0.00192379, 0.0036836, 0.00278457, 0.00211925, 0.00136412, 0.00366963, 0.00240779, 0.00404129, 0.00187875, 0.00299556, 0.0014009, 0.00303711, 0.0027695, 0.00191326, 0.00181744, 0.00381977, 0.0038443, 0.00357032, 0.00193817, 0.00162076, 0.00139561, 0.00160842, 0.00334416, 0.00406876, 0.00421343, 0.00140622, 0.00192281, 0.00283466, 0.00331981, 0.00410016, 0.0039269, 0.00130253, 0.00280826, 0.00350549, 0.00294314, 0.0016357, 0.002536, 0.0024782, 0.00301434, 0.00146033, 0.00188465, 0.00217055, 0.00425953, 0.0042307, 0.0040595, 0.00173392, 0.00328992, 0.00176399, 0.00239643, 0.00369324, 0.00226715, 0.00279495, 0.00159399, 0.00147459, 0.00402959, 0.00222894, 0.00437367, 0.00388366, 0.00259271, 0.00256763];
GivenLatency = [303.817, 209.285, 127.186, 96.346, 105.337, 310.305, 322.111, 146.491, 104.061, 274.222, 164.73, 276.922, 289.866, 229.162, 91.6457, 95.8119, 119.216, 194.553, 80.8516, 245.991, 246.486, 118.02, 100.72, 156.682, 240.998, 234.688, 80.4746, 83.8419, 148.886, 126.775, 181.674, 235.63, 233.296, 107.137, 147.356, 191.538, 156.111, 105.478, 115.847, 113.575, 133.084, 118.232, 121.475, 106.597, 100.405, 251.425, 213.289, 74.4942, 273.522, 79.706, 228.966, 147.775, 176.934, 87.4551, 103.925, 143.613, 88.2179, 127.148, 180.999, 89.7324, 85.2848, 102.374, 152.845, 259.997, 118.613, 101.048, 198.688, 237.326, 270.91, 154.746, 208.258, 151.517, 343.868, 87.4416, 246.846, 92.6951, 242.529, 149.623, 417.366, 105.358, 186.098, 266.756, 275.22, 139.887, 131.067, 99.5033, 167.07, 213.269, 436.29, 210.461, 165.189, 108.261, 131.284, 348.118, 177.712, 122.038, 105.592, 107.977, 98.721, 282.683, 113.782, 101.176, 140.747, 288.216, 198.865, 164.95, 107.382, 258.132, 177.543, 146.934, 82.3674, 143.841, 147.36, 289.487, 148.431, 278.904, 272.077, 152.06, 175.683, 120.752, 197.906, 272.182, 100.662, 281.496, 136.921, 124.168, 168.375, 198.098];
HighestPossibleCritFunctionValue = 1.1;
