NumDevices = 32;
NumSlotes = 256;


GivenBandwidthOld = [0.00854678, 0.015793, 0.015429, 0.00973456, 0.0161842, 0.0148906, 0.0119788, 0.00991982, 0.0174816, 0.00804105, 0.016011, 0.0174775, 0.0140262, 0.00791074, 0.013345, 0.0100003, 0.00821943, 0.0140002, 0.00881341, 0.00942991, 0.00846943, 0.0156838, 0.0172351, 0.0150464, 0.00552042, 0.0142214, 0.0144832, 0.0142905, 0.0136653, 0.0174527, 0.00922827, 0.00710429];
GivenLatency = [41.1422, 28.9757, 23.6093, 41.555, 29.2633, 23.7881, 36.254, 30.8135, 22.2723, 71.6742, 19.3846, 32.7129, 35.0997, 51.3301, 27.4976, 31.2511, 66.6881, 38.2952, 64.7082, 45.862, 38.6602, 26.7278, 20.2097, 39.7979, 77.0478, 42.6537, 35.9713, 29.7861, 27.5434, 21.2959, 52.9466, 72.9787];
HighestPossibleCritFunctionValue = 1.1;
