NumDevices = 128;
NumSlotes = 1024;


GivenBandwidthOld = [0.00720635, 0.00470461, 0.0078006, 0.00724019, 0.00843148, 0.00539321, 0.00623965, 0.00727085, 0.00864833, 0.00505531, 0.00708848, 0.00865399, 0.00505002, 0.00816496, 0.00604359, 0.00715503, 0.00702004, 0.00838143, 0.0041216, 0.00420883, 0.00531378, 0.00618663, 0.00613743, 0.00436926, 0.00659054, 0.00463629, 0.00466656, 0.00835469, 0.00485161, 0.0085187, 0.00625504, 0.00589111, 0.00434232, 0.00391381, 0.00686236, 0.00816712, 0.00724325, 0.00480573, 0.00731903, 0.00847587, 0.00639933, 0.00598652, 0.00789416, 0.00471047, 0.00637169, 0.00648203, 0.00600714, 0.00455575, 0.00607537, 0.00629326, 0.00835796, 0.00465944, 0.00870293, 0.00765821, 0.00400546, 0.0073229, 0.00852689, 0.00389837, 0.0074134, 0.00459443, 0.00611521, 0.00586263, 0.00574697, 0.00678919, 0.00843938, 0.00812053, 0.00427339, 0.0053739, 0.00664912, 0.00430691, 0.00873983, 0.00782992, 0.00499474, 0.00411858, 0.00851892, 0.00505216, 0.00407978, 0.00637649, 0.00719831, 0.00454293, 0.00559555, 0.0068797, 0.00460041, 0.00655625, 0.00842819, 0.00510226, 0.00622775, 0.00735114, 0.00806133, 0.00435316, 0.00612483, 0.00755382, 0.00448476, 0.00784665, 0.00614164, 0.00502818, 0.0061763, 0.00750075, 0.00753235, 0.00379573, 0.00735792, 0.00713294, 0.00576131, 0.00782137, 0.00623514, 0.00647254, 0.00648555, 0.0050659, 0.00514731, 0.00828732, 0.00752002, 0.00652737, 0.00804937, 0.00825746, 0.00566979, 0.00459596, 0.00675228, 0.00814139, 0.00476904, 0.00578584, 0.00506199, 0.00429596, 0.00473406, 0.00789289, 0.00826461, 0.00586693, 0.00800013, 0.0056224];
GivenLatency = [136.844, 210.658, 158.965, 165.903, 116.039, 178.435, 155.978, 147.369, 121.986, 254.919, 139.499, 134.91, 199.817, 132.493, 160.763, 174.363, 173.817, 138.177, 264.522, 241.914, 229.706, 209.492, 174.711, 244.295, 189.314, 274.685, 207.661, 146, 244.617, 126.416, 177.144, 167.186, 270.977, 288.774, 159.833, 130.55, 171.601, 261.287, 139.748, 125.392, 155.936, 215.504, 143.711, 220.051, 171.523, 155.038, 197.862, 215.717, 205.025, 188.189, 119.976, 205.282, 124.883, 154.286, 286.76, 142.703, 117.031, 303.831, 153.892, 245.604, 158.553, 171.454, 174.78, 166.599, 116.319, 142.195, 229.942, 190.589, 143.914, 283.427, 122.461, 126.721, 200.724, 295.363, 148.589, 215.732, 317.457, 170.391, 164.151, 274.082, 206.014, 172.049, 229.371, 161.975, 137.677, 191.994, 170.837, 129.661, 123.559, 244.735, 177.103, 155.959, 274.465, 141.928, 171.326, 209.192, 177.669, 157.436, 161.905, 278.162, 132.702, 137.111, 176.178, 129.794, 196.124, 166.223, 187.424, 194.066, 214.074, 128.669, 144.533, 182.876, 127.743, 124.204, 225.404, 280.625, 181.476, 132.52, 254.727, 220.656, 231.241, 248.943, 209.883, 141.813, 140.726, 169.91, 135.103, 204.219];
HighestPossibleCritFunctionValue = 1.1;
