NumDevices = 32;
NumSlotes = 256;


GivenBandwidthOld = [0.015317, 0.0146246, 0.015927, 0.00561739, 0.00649561, 0.0167833, 0.00887696, 0.0149803, 0.00700509, 0.0169691, 0.00693531, 0.00679546, 0.00631509, 0.00772785, 0.0144519, 0.0135703, 0.00904346, 0.0133702, 0.00758221, 0.0167636, 0.0150201, 0.0131928, 0.0141263, 0.0151255, 0.00959455, 0.0130481, 0.00724344, 0.0104269, 0.0150822, 0.00671188, 0.0140419, 0.00930867];
GivenLatency = [32.22, 30.3618, 20.0537, 93.9313, 68.3194, 25.9143, 46.491, 26.2565, 65.1155, 22.3093, 75.0443, 67.3181, 50.2355, 41.779, 24.4717, 23.584, 49.3508, 24.6785, 83.2333, 18.8663, 20.8047, 33.2452, 31.4446, 23.6556, 58.0464, 26.4319, 85.9532, 49.3192, 41.5282, 61.406, 41.8321, 40.8987];
HighestPossibleCritFunctionValue = 1.1;
