NumDevices = 16;
NumSlotes = 128;


GivenBandwidthOld = [0.0615938, 0.0673897, 0.039448, 0.0629804, 0.0516812, 0.0653498, 0.0343805, 0.0528388, 0.041047, 0.0570532, 0.033417, 0.0590896, 0.0594333, 0.0355737, 0.0670146, 0.0552409];
GivenLatency = [14.2504, 13.8818, 26.3002, 15.0547, 18.8372, 15.0219, 23.5158, 20.8178, 22.5941, 13.6319, 29.2106, 16.7731, 15.9248, 25.2323, 11.6471, 16.5593];
HighestPossibleCritFunctionValue = 1.1;
