NumDevices = 64;
NumSlotes = 512;


GivenBandwidthOld = [0.00672839, 0.00646882, 0.00649219, 0.00553045, 0.00398422, 0.00402348, 0.00761443, 0.00442222, 0.00302382, 0.00631347, 0.00795071, 0.00635756, 0.00523046, 0.0057951, 0.00829318, 0.00589079, 0.00405952, 0.00715681, 0.00701988, 0.00557807, 0.004358, 0.00485495, 0.00720309, 0.00354198, 0.00257539, 0.00703176, 0.00524186, 0.00365932, 0.00601306, 0.00280743, 0.00690349, 0.00567525, 0.00649112, 0.00626757, 0.0052937, 0.00614912, 0.00817017, 0.00732736, 0.00477154, 0.00518896, 0.00837579, 0.0069735, 0.00736214, 0.00804488, 0.00779934, 0.00596138, 0.00293639, 0.0056124, 0.00641865, 0.00707378, 0.0052513, 0.00602126, 0.0031158, 0.00847889, 0.0085046, 0.00297718, 0.00374696, 0.00392539, 0.0027484, 0.00861354, 0.00279182, 0.0071555, 0.00376359, 0.00848115];
GivenLatency = [94.5391, 77.4022, 90.0718, 69.78, 145.38, 123.533, 45.8594, 120.442, 113.211, 54.0613, 45.9285, 52.3595, 66.5672, 60.1082, 74.1581, 86.6251, 153.175, 80.2642, 55.7049, 90.8662, 117.972, 78.3191, 49.1523, 91.9924, 136.846, 45.0297, 109.476, 90.9561, 75.5743, 153.882, 62.2518, 62.4689, 80.5271, 59.9126, 100.898, 65.1333, 55.5532, 87.3197, 76.0339, 84.8661, 55.5238, 60.5044, 56.4082, 60.3799, 42.3374, 76.8044, 131.881, 75.0264, 54.5524, 57.7587, 83.3095, 77.1645, 189.399, 38.5629, 52.9837, 167.391, 148.577, 106.78, 135.739, 50.6756, 155.559, 63.5236, 144.118, 70.0766];
HighestPossibleCritFunctionValue = 1.1;
