NumDevices = 32;
NumSlotes = 256;


GivenBandwidthOld = [0.0250222, 0.0330038, 0.0301984, 0.0289832, 0.0302495, 0.037603, 0.0285453, 0.0207634, 0.0309422, 0.0301866, 0.0312574, 0.0279929, 0.0369628, 0.0186799, 0.0376391, 0.0351108, 0.0176503, 0.0341072, 0.024631, 0.0339051, 0.0280191, 0.0264443, 0.0350584, 0.0361214, 0.0266863, 0.0274616, 0.0323083, 0.0156577, 0.0192729, 0.0294276, 0.0245884, 0.0165426];
GivenLatency = [95.8701, 51.7525, 56.6813, 58.0546, 70.2424, 48.7213, 59.9936, 95.7562, 70.6182, 65.0646, 54.2355, 70.9002, 57.6185, 92.8235, 65.8161, 54.8826, 100.336, 57.0053, 84.2671, 62.3457, 65.0401, 84.445, 53.2002, 62.015, 74.1252, 90.8685, 76.0137, 107.854, 94.5683, 80.415, 83.8608, 142.484];
HighestPossibleCritFunctionValue = 1.1;
