NumDevices = 32;
NumSlotes = 256;


GivenBandwidthOld = [0.0201128, 0.0261664, 0.028108, 0.0216431, 0.0251626, 0.0170749, 0.0282118, 0.0262751, 0.0153281, 0.0295795, 0.0330538, 0.0257801, 0.0153003, 0.0218193, 0.0277623, 0.0313674, 0.0211356, 0.0157875, 0.0302812, 0.0263811, 0.0178296, 0.0316406, 0.0330309, 0.0210154, 0.0156369, 0.0196064, 0.0347866, 0.0287814, 0.0182418, 0.0201384, 0.0157517, 0.0288996];
GivenLatency = [48.6201, 33.0998, 30.2216, 45.7881, 41.7705, 55.5924, 40.8092, 40.5419, 76.1374, 30.4524, 33.8069, 33.3301, 56.3428, 41.6526, 41.122, 34.1848, 41.1848, 53.9738, 35.4331, 34.0242, 56.9815, 27.9666, 32.1611, 49.477, 54.2312, 45.814, 26.4572, 35.1817, 52.6565, 54.0577, 66.7796, 39.7487];
HighestPossibleCritFunctionValue = 1.1;
