NumDevices = 128;
NumSlotes = 1024;


GivenBandwidthOld = [0.00224857, 0.00299029, 0.00339315, 0.00238439, 0.00125124, 0.00326737, 0.00404006, 0.00316751, 0.00385819, 0.00264906, 0.00281291, 0.00347718, 0.00226202, 0.00400409, 0.00178304, 0.0038064, 0.00408599, 0.00318298, 0.00127744, 0.00299186, 0.00170927, 0.00140502, 0.00348334, 0.00259697, 0.00233778, 0.0023768, 0.00185191, 0.00188403, 0.00424422, 0.00317105, 0.00397293, 0.00311219, 0.00214045, 0.0013684, 0.00363224, 0.00207771, 0.00327578, 0.00167435, 0.00205543, 0.00373177, 0.00299696, 0.00309787, 0.0021796, 0.00321548, 0.0038545, 0.00327093, 0.00134135, 0.00215671, 0.00287508, 0.00143209, 0.00227398, 0.00186992, 0.00142451, 0.00305568, 0.00249504, 0.00159928, 0.00283509, 0.00430695, 0.00436208, 0.0028634, 0.00206264, 0.00308229, 0.00280207, 0.00256281, 0.0032002, 0.00328868, 0.00280774, 0.00405418, 0.00289729, 0.00280227, 0.00268331, 0.00340172, 0.00274573, 0.00240932, 0.00159294, 0.00253487, 0.00224155, 0.00377059, 0.00225502, 0.00195601, 0.00155208, 0.00331973, 0.00285183, 0.00136364, 0.00176737, 0.00292894, 0.00359122, 0.00326867, 0.0041224, 0.0027422, 0.00257867, 0.00407653, 0.00355553, 0.00335013, 0.00435108, 0.00239986, 0.00193284, 0.00272335, 0.00130982, 0.00353016, 0.00201952, 0.00335066, 0.00400067, 0.00362337, 0.00292986, 0.00344047, 0.00396128, 0.00411791, 0.00229148, 0.00225569, 0.00381124, 0.00425168, 0.00355042, 0.0018341, 0.00260188, 0.00359356, 0.00202785, 0.00267362, 0.00304102, 0.0029052, 0.0013873, 0.00261818, 0.00255403, 0.00245819, 0.00411973, 0.00149569, 0.00245746, 0.00135363];
GivenLatency = [210.483, 164.739, 99.8577, 246.873, 513.206, 189.286, 109.445, 194.985, 97.3724, 222.058, 159.443, 119.773, 146.687, 147.298, 194.24, 134.928, 97.703, 145.175, 317.173, 211.976, 365.868, 227.523, 112.814, 155.249, 273.162, 168.352, 241.135, 231.733, 75.602, 111.274, 97.4833, 130.566, 192.058, 350.818, 150.789, 224.633, 124.516, 275.597, 182.927, 175.319, 120.962, 201.773, 180.509, 169.193, 112.586, 109.007, 286.157, 223.412, 173.649, 238.038, 164.833, 189.092, 400.908, 197.655, 157.782, 352.444, 168.357, 111.042, 74.4174, 177.934, 289.085, 159.643, 144.146, 212.247, 144.001, 116.793, 128.323, 138.743, 173.916, 129.718, 226.036, 97.8554, 179.077, 134.291, 245.735, 128.749, 212.662, 139.255, 185.474, 165.376, 254.891, 127.107, 168.812, 436.53, 195.105, 178.98, 116.192, 98.7095, 76.2234, 168.093, 196.604, 90.8673, 169.682, 101.432, 120.764, 148.107, 178.728, 183.493, 346.798, 124.153, 185.732, 193.23, 116.603, 134.287, 171.957, 106.154, 86.1263, 87.0651, 230.679, 179.885, 90.8521, 81.3346, 124.378, 252.846, 207.799, 88.3921, 183.223, 184.272, 136.55, 150.53, 251.055, 165.04, 134.877, 131.995, 125.108, 244.699, 135.118, 375.965];
HighestPossibleCritFunctionValue = 1.1;
