NumDevices = 128;
NumSlotes = 1024;


GivenBandwidthOld = [0.00441117, 0.00596005, 0.00808873, 0.00475158, 0.00736899, 0.00815427, 0.00628261, 0.00436815, 0.00794852, 0.00820182, 0.00556936, 0.00667296, 0.00493046, 0.00868482, 0.00833144, 0.00407876, 0.00426844, 0.00717032, 0.00408888, 0.00433967, 0.00433708, 0.00576705, 0.00437744, 0.00410035, 0.00712392, 0.00429187, 0.00598485, 0.00484281, 0.00565483, 0.00821982, 0.00809269, 0.00634714, 0.00385053, 0.00829149, 0.00758642, 0.00738719, 0.00403488, 0.00672177, 0.00530328, 0.00470227, 0.00861863, 0.00579994, 0.00716842, 0.0070795, 0.00767843, 0.00390562, 0.0042465, 0.00834246, 0.00416582, 0.00746628, 0.00833176, 0.00444276, 0.00697999, 0.00516802, 0.00642305, 0.00468501, 0.00848941, 0.00397089, 0.00628276, 0.0068745, 0.00726748, 0.00702823, 0.00598085, 0.0077169, 0.00551508, 0.00448794, 0.0063627, 0.00535625, 0.0049949, 0.00679313, 0.00458496, 0.00683694, 0.00588261, 0.00658837, 0.00821585, 0.00633486, 0.00742957, 0.00623695, 0.0068772, 0.0076387, 0.0061821, 0.00504482, 0.00572794, 0.00706299, 0.0051569, 0.00458793, 0.0068645, 0.00410123, 0.0068168, 0.00741613, 0.0054145, 0.00396123, 0.00389182, 0.00734307, 0.00753816, 0.00641767, 0.00435451, 0.00867315, 0.0071291, 0.00631038, 0.00598223, 0.00584633, 0.00677114, 0.00500873, 0.00427057, 0.00802832, 0.00445744, 0.00868832, 0.00706001, 0.00509103, 0.00749185, 0.00794802, 0.00480855, 0.00484153, 0.00407925, 0.00747623, 0.00545257, 0.00383645, 0.00678577, 0.00598581, 0.00592933, 0.00671302, 0.0082892, 0.0040401, 0.0044461, 0.00803608, 0.00497177, 0.00809708];
GivenLatency = [266.289, 197.367, 133.965, 225.041, 145.553, 156.435, 165.432, 252.53, 157.08, 138.475, 200.15, 145.023, 250.618, 147.202, 144.993, 277.727, 245.748, 171.014, 255.341, 231.092, 271.536, 170.441, 269.018, 253.369, 175.057, 244.523, 164.521, 219.288, 228.081, 139.814, 126.046, 159.853, 303.951, 116.94, 146.68, 151.062, 307.266, 163.347, 234.177, 218.683, 127.752, 167.848, 180.962, 134.956, 153.466, 275.858, 243.566, 155.218, 251.339, 156.018, 114.919, 232.368, 163.122, 218.861, 165.235, 203.852, 118.011, 282.483, 163.189, 151.035, 166.572, 168.851, 205.155, 132.202, 188.58, 280.246, 166.234, 217.462, 190.871, 144.89, 210.746, 152.402, 201.53, 167.442, 145.278, 179.212, 162.304, 203.227, 183.973, 166.55, 158.822, 252.929, 169.253, 137.89, 209.839, 235.48, 159.121, 291.49, 172.819, 146.356, 227.601, 258.344, 284.62, 170.544, 126.888, 177.226, 247.281, 135.113, 181.636, 169.508, 168.142, 171.587, 145.601, 230.883, 299.555, 119.977, 270.269, 146.254, 158.838, 208.708, 137.793, 144.408, 223.458, 237.854, 235.077, 171.903, 227.612, 305.106, 180.588, 177.556, 203.649, 151.595, 117.592, 290.202, 267.049, 136.334, 216.311, 134.487];
HighestPossibleCritFunctionValue = 1.1;
