NumDevices = 32;
NumSlotes = 256;


GivenBandwidthOld = [0.013866, 0.0156488, 0.0171365, 0.00755644, 0.00851854, 0.0161723, 0.0157566, 0.0161415, 0.010047, 0.0167581, 0.0101119, 0.00871109, 0.0148506, 0.013656, 0.0111518, 0.0114844, 0.0129345, 0.00954124, 0.0171208, 0.0064653, 0.00725611, 0.0108715, 0.0116447, 0.00718135, 0.0170213, 0.00996453, 0.00630589, 0.0156746, 0.0124519, 0.0116239, 0.00766764, 0.014998];
GivenLatency = [23.3871, 20.926, 34.8789, 41.924, 58.2581, 33.2422, 26.6954, 34.4095, 43.1776, 22.7142, 46.9578, 57.8943, 20.89, 36.8648, 37.0389, 42.1976, 24.0746, 42.5237, 28.3798, 80.7494, 63.5695, 37.8627, 36.5596, 79.697, 22.909, 44.6695, 67.624, 35.3304, 38.6384, 41.7634, 77.4244, 36.328];
HighestPossibleCritFunctionValue = 1.1;
