NumDevices = 128;
NumSlotes = 1024;


GivenBandwidthOld = [0.00644703, 0.00765334, 0.00715573, 0.00382694, 0.00694631, 0.00408869, 0.0060911, 0.00563198, 0.00410992, 0.00788068, 0.00807545, 0.00654486, 0.00701257, 0.00781817, 0.00749068, 0.00832758, 0.0041775, 0.00874497, 0.00425127, 0.00865889, 0.00743602, 0.00463017, 0.00670085, 0.00867175, 0.00855346, 0.00542733, 0.004624, 0.00800118, 0.00837503, 0.00658819, 0.00512659, 0.00508143, 0.00611876, 0.00556362, 0.00532941, 0.00397388, 0.00649596, 0.00516945, 0.00545415, 0.00540964, 0.00729937, 0.00796047, 0.00406825, 0.0076249, 0.0041729, 0.00650732, 0.00597387, 0.00529468, 0.00514908, 0.00804087, 0.0053869, 0.00505879, 0.00554915, 0.00712777, 0.00390325, 0.00434864, 0.00514073, 0.00768394, 0.006425, 0.00755134, 0.00788076, 0.0044071, 0.00769952, 0.00825814, 0.00713812, 0.00783612, 0.00423314, 0.00381895, 0.00757655, 0.00653473, 0.00665513, 0.0053145, 0.00832587, 0.00545449, 0.00611635, 0.00505066, 0.00391523, 0.0056917, 0.00784757, 0.006548, 0.0047949, 0.00536514, 0.00445844, 0.00549455, 0.0043332, 0.00562583, 0.00590539, 0.00432213, 0.00448089, 0.00774472, 0.00798928, 0.00838867, 0.00595692, 0.00544512, 0.00871191, 0.00850557, 0.00556089, 0.00442619, 0.00853886, 0.00516023, 0.00541569, 0.00405328, 0.00598999, 0.00621635, 0.00562309, 0.00478874, 0.00685163, 0.00778801, 0.00560186, 0.00802585, 0.00795201, 0.00696721, 0.00546692, 0.00501941, 0.00865702, 0.00607435, 0.00403627, 0.00516586, 0.00503611, 0.00433504, 0.00655506, 0.00837879, 0.00488504, 0.00540349, 0.00390943, 0.00827171, 0.00518361, 0.00840313];
GivenLatency = [199.358, 156.23, 166.888, 308.873, 149.883, 292.592, 177.33, 200.014, 270.155, 121.534, 137.245, 169.125, 141.09, 141.841, 166.622, 135.321, 265.262, 127.933, 274.213, 145.621, 131.386, 236.651, 169.498, 111.164, 141.897, 202.67, 262.055, 119.995, 114.935, 155.822, 220.133, 235.288, 167.536, 210.834, 185.044, 306.692, 157.279, 244.797, 180.484, 179.687, 171.531, 134.514, 279.094, 144.669, 278.359, 158.377, 207.787, 198.201, 212.609, 151.823, 183.415, 210.18, 187.821, 147.727, 281.009, 234.198, 205.232, 159.907, 166.866, 165.271, 156.616, 260.558, 149.777, 149.031, 180.127, 164.92, 249.543, 267.403, 135.24, 168.114, 158.746, 185.828, 134.087, 184.938, 178.719, 196.659, 320.68, 222.526, 149.193, 192.249, 249.858, 219.964, 255.334, 188.797, 264.818, 184.017, 164.884, 231.977, 279.503, 126.589, 157.461, 139.208, 206.073, 204.935, 127.633, 122.209, 208.909, 231.557, 124.762, 233.086, 227.303, 245.451, 180.046, 207.23, 211.3, 254.999, 166.883, 124.674, 187.856, 154.872, 123.606, 142.552, 203.068, 209.051, 112.207, 185.945, 242.86, 238.713, 208.59, 273.363, 190.321, 135.124, 198.854, 202.986, 283.805, 117.771, 214.441, 132.818];
HighestPossibleCritFunctionValue = 1.1;
