NumDevices = 128;
NumSlotes = 1024;


GivenBandwidthOld = [0.00460058, 0.00570802, 0.00586506, 0.00774856, 0.00754054, 0.00512783, 0.00476145, 0.00946791, 0.00459874, 0.00608397, 0.00573306, 0.00795317, 0.00885137, 0.00497215, 0.00689129, 0.00558752, 0.00564879, 0.00417499, 0.00909518, 0.00894523, 0.00744061, 0.0068024, 0.00548677, 0.00611997, 0.0045986, 0.00999848, 0.00946285, 0.00712996, 0.00441888, 0.00806891, 0.0042331, 0.00438598, 0.00518147, 0.00613629, 0.00380137, 0.00463153, 0.00710248, 0.00510606, 0.00748684, 0.0087498, 0.00418966, 0.0056329, 0.00597786, 0.00985708, 0.00785967, 0.00628556, 0.00642107, 0.00889354, 0.00755098, 0.00560907, 0.00541753, 0.00490857, 0.00701014, 0.00944798, 0.00719857, 0.00763497, 0.00476714, 0.00512893, 0.00447366, 0.00382169, 0.00866367, 0.00652892, 0.00907693, 0.00844973, 0.0046749, 0.00486762, 0.00638024, 0.00401172, 0.00871203, 0.00691129, 0.00432253, 0.00743966, 0.00960114, 0.00631598, 0.00510507, 0.00969879, 0.00378334, 0.00791573, 0.00468945, 0.0055391, 0.00434496, 0.00949906, 0.00952363, 0.00994909, 0.00430964, 0.00962037, 0.0046342, 0.00821406, 0.00618358, 0.00497672, 0.00878756, 0.00760103, 0.00920335, 0.00821649, 0.00954354, 0.00703317, 0.00902621, 0.00607634, 0.00872623, 0.00795497, 0.0078699, 0.0094399, 0.00894741, 0.00658929, 0.00501927, 0.00519661, 0.00444242, 0.00998062, 0.00928578, 0.00616928, 0.00841835, 0.0084353, 0.00576823, 0.00535202, 0.00392052, 0.00718831, 0.00385648, 0.0058522, 0.00415874, 0.00465735, 0.00979697, 0.00389367, 0.00589872, 0.00484012, 0.00659006, 0.00544668, 0.00727662, 0.00692349];
GivenLatency = [752.55, 638.852, 609.655, 447.136, 468.199, 781.859, 797.453, 424.12, 728.087, 574.192, 795.74, 593.052, 464.72, 999.934, 573.463, 603.48, 705.768, 1033.45, 475.765, 419.112, 450.043, 650.802, 704.413, 617.563, 986.058, 356.369, 358.31, 489.711, 1011.61, 586.362, 794.301, 798.094, 887.592, 607.547, 1195.63, 756.302, 660.736, 667.696, 506.413, 395.141, 932.051, 607.695, 562.347, 399.851, 492.261, 762.614, 660.341, 498.591, 485.854, 804.713, 711.872, 688.285, 697.301, 360.693, 482.956, 556.365, 1029.51, 789.762, 988.253, 1116.87, 526.053, 670.374, 535.959, 436.754, 766.811, 817.935, 562.421, 1116.66, 398.745, 719.036, 909.266, 571.21, 406.805, 529.197, 840.711, 354.114, 1263.12, 434.881, 842.307, 635.364, 1115.26, 521.38, 413.814, 416.181, 930.277, 413.194, 736.326, 494.482, 738.075, 775.084, 557.99, 546.722, 396.007, 417.566, 375.606, 551.964, 537.226, 560.448, 384.713, 580.351, 635.222, 379.134, 499.135, 599.237, 665.545, 945.104, 793.885, 401.793, 481.416, 573.004, 526.319, 437.528, 865.382, 680.992, 932.262, 632.682, 1073.97, 726.401, 1097.73, 787.854, 454.289, 863.579, 615.265, 830.069, 715.871, 635.754, 517.617, 634.713];
HighestPossibleCritFunctionValue = 1.1;
