NumDevices = 64;
NumSlotes = 512;


GivenBandwidthOld = [0.0164347, 0.0104275, 0.0107483, 0.0144999, 0.0175882, 0.00970109, 0.0137225, 0.0144147, 0.0108189, 0.0131239, 0.0165511, 0.0170754, 0.0167024, 0.00984646, 0.019485, 0.0142015, 0.0149148, 0.0149851, 0.00997546, 0.0125876, 0.0143559, 0.00931264, 0.0100756, 0.00872851, 0.0175788, 0.0150403, 0.0116199, 0.0136651, 0.0111854, 0.0100274, 0.0108154, 0.0170775, 0.014252, 0.0136769, 0.00985991, 0.00795232, 0.00971079, 0.0143052, 0.0195847, 0.0153356, 0.0128798, 0.0129778, 0.0107795, 0.0130092, 0.0127849, 0.01778, 0.00920631, 0.0105109, 0.011587, 0.0105845, 0.0119657, 0.013354, 0.00844003, 0.0190919, 0.00785728, 0.0122503, 0.00851325, 0.0121427, 0.0126515, 0.0135164, 0.0118995, 0.012436, 0.0165867, 0.0157101];
GivenLatency = [136.044, 315.15, 232.7, 193.708, 188.395, 233.396, 210.909, 221.865, 281.267, 232.644, 199.829, 145.586, 135.585, 251.876, 139.888, 206.464, 165.723, 186.769, 285.114, 205.941, 159.932, 291.937, 294.317, 340.784, 147.692, 215.436, 272.109, 188.559, 288.835, 254.725, 207.538, 173.375, 213.923, 180.336, 263.014, 359.892, 328.395, 178.51, 127.193, 147.493, 202.634, 193.503, 212.795, 235.522, 223.05, 136.52, 308.646, 274.49, 203.787, 250.548, 190.597, 198.95, 279.802, 140.667, 385.681, 254.67, 273.45, 254.791, 183.494, 198.687, 225.059, 238.197, 170.902, 158.262];
HighestPossibleCritFunctionValue = 1.1;
