NumDevices = 16;
NumSlotes = 128;


GivenBandwidthOld = [0.0660275, 0.0635275, 0.0462801, 0.049491, 0.0560418, 0.0351215, 0.066516, 0.0339711, 0.0524537, 0.0495096, 0.0479993, 0.0650493, 0.0635376, 0.0564996, 0.0479835, 0.0388848];
GivenLatency = [15.6148, 16.2464, 21.0981, 18.6411, 17.1424, 31.0863, 11.6096, 31.2155, 16.9468, 21.9165, 19.9725, 15.4107, 13.0448, 19.13, 20.853, 22.3394];
HighestPossibleCritFunctionValue = 1.1;
