NumDevices = 32;
NumSlotes = 256;


GivenBandwidthOld = [0.0172182, 0.0158198, 0.0335047, 0.0227027, 0.0347678, 0.0329343, 0.016664, 0.0223837, 0.0332807, 0.0187081, 0.017152, 0.023179, 0.0196691, 0.0284855, 0.0252269, 0.0176566, 0.0238058, 0.034411, 0.0163337, 0.0304226, 0.0233971, 0.0248913, 0.0187076, 0.0282376, 0.0190076, 0.030095, 0.0168122, 0.0326881, 0.0187641, 0.0190471, 0.0339212, 0.0241415];
GivenLatency = [66.2535, 59.7712, 32.2852, 38.0612, 25.8894, 29.5543, 53.1215, 44.1581, 29.6691, 56.3124, 57.4674, 39.3702, 58.2696, 37.2067, 41.444, 62.4597, 37.6741, 30.9618, 67.3676, 35.4632, 36.0747, 35.7367, 55.1062, 34.4367, 50.4521, 32.8106, 49.5698, 26.2188, 46.748, 57.3506, 25.6869, 47.6261];
HighestPossibleCritFunctionValue = 1.1;
