NumDevices = 16;
NumSlotes = 128;


GivenBandwidthOld = [0.0302134, 0.0566801, 0.0422262, 0.0353514, 0.0512601, 0.0680568, 0.04997, 0.0663448, 0.0371662, 0.0322255, 0.0336972, 0.0496551, 0.0537275, 0.0586451, 0.0679792, 0.0672314];
GivenLatency = [27.9171, 17.123, 22.3057, 27.7646, 15.0601, 14.6564, 19.051, 15.4475, 25.9087, 29.5792, 26.9667, 20.9248, 15.5308, 18.7512, 12.9739, 13.8399];
HighestPossibleCritFunctionValue = 1.1;
