NumDevices = 128;
NumSlotes = 1024;


GivenBandwidthOld = [0.00371934, 0.00337724, 0.00369074, 0.00404864, 0.00360792, 0.00270899, 0.00369966, 0.00385733, 0.00391522, 0.00184645, 0.00390768, 0.00333123, 0.00239779, 0.00158786, 0.00160014, 0.00171157, 0.0025496, 0.00296358, 0.00131784, 0.00397684, 0.00318364, 0.00302146, 0.0022467, 0.00276058, 0.00200557, 0.00318212, 0.00252498, 0.0017121, 0.00209086, 0.00237188, 0.00363995, 0.00356448, 0.00387855, 0.00432722, 0.00139176, 0.00262863, 0.00305432, 0.00145157, 0.00148709, 0.0016835, 0.00277672, 0.00147292, 0.00405888, 0.00385068, 0.00148139, 0.00268303, 0.00189141, 0.00327436, 0.00286465, 0.00432762, 0.00177412, 0.00393296, 0.00321455, 0.00377274, 0.00404785, 0.00278397, 0.00139867, 0.00314142, 0.0028068, 0.00391168, 0.00177318, 0.00371984, 0.0024619, 0.00410228, 0.002009, 0.00151021, 0.00268029, 0.00266464, 0.00214008, 0.0015164, 0.00356833, 0.0028594, 0.00354246, 0.00241842, 0.00136108, 0.00249264, 0.00189529, 0.00292045, 0.00154188, 0.00368166, 0.00139279, 0.00421146, 0.00268911, 0.00399848, 0.00428215, 0.0032584, 0.0033397, 0.00409559, 0.00203686, 0.00410819, 0.00137669, 0.00245081, 0.00204367, 0.00303086, 0.00406407, 0.00354959, 0.00358921, 0.00383374, 0.00421657, 0.00413905, 0.00132548, 0.00419601, 0.00231134, 0.00171107, 0.00352776, 0.00230384, 0.00382646, 0.00380015, 0.00220931, 0.00251319, 0.00351901, 0.0020452, 0.00376015, 0.00181181, 0.00299137, 0.00288103, 0.00153632, 0.00402861, 0.00140292, 0.00256799, 0.0027464, 0.00126541, 0.00395959, 0.00384364, 0.00189125, 0.00382197, 0.00334363, 0.00134115];
GivenLatency = [139.695, 152.792, 168.44, 145.675, 165.044, 199.3, 132.87, 169.467, 87.0046, 283.918, 86.5751, 102.244, 130.855, 346.474, 196.853, 232.391, 175.941, 140.161, 442.455, 80.2787, 128.28, 108.581, 203.333, 123.737, 297.298, 179.486, 152.796, 316.282, 222.038, 156.939, 163.921, 125.07, 145.08, 95.9201, 400.152, 214.711, 179.067, 367.288, 377.704, 208.183, 204.677, 309.184, 112.606, 169.284, 234.438, 134.766, 240.207, 149.943, 198.37, 95.1128, 236.049, 106.12, 152.267, 113.43, 159.63, 183.588, 332.817, 113.872, 197.178, 166.674, 341.702, 86.3307, 251.065, 148.373, 168.599, 332.123, 202.334, 125.627, 146.257, 243.032, 106.922, 135.166, 155.95, 170.418, 394.165, 223.113, 283.201, 191.669, 218.569, 167.096, 290.24, 92.8776, 121.248, 95.7644, 124.305, 175.496, 132.829, 106.9, 177.549, 84.8434, 274.601, 138.053, 160.479, 165.221, 103.785, 172.718, 111.298, 133.894, 153.199, 95.0496, 281.63, 111.679, 198.195, 310.754, 136.177, 220.522, 163.443, 86.2485, 161.025, 145.706, 115.081, 309.221, 112.404, 257.91, 117.365, 112.534, 311.549, 79.2783, 377.288, 193.142, 118.087, 292.353, 83.712, 127.449, 175.847, 83.7849, 100.097, 259.674];
HighestPossibleCritFunctionValue = 1.1;
