NumDevices = 32;
NumSlotes = 256;


GivenBandwidthOld = [0.0252982, 0.0170329, 0.0225477, 0.0294994, 0.0267887, 0.0279537, 0.0270586, 0.0238823, 0.020302, 0.0253548, 0.0280878, 0.0224864, 0.0193288, 0.029765, 0.0297069, 0.0341098, 0.0327135, 0.0254905, 0.0290846, 0.0345176, 0.0264915, 0.0332711, 0.0169488, 0.0283777, 0.0345772, 0.0294174, 0.028839, 0.0272842, 0.0160063, 0.0284052, 0.016647, 0.0162139];
GivenLatency = [44.0259, 56.2116, 49.4918, 33.049, 42.6575, 31.8744, 40.1321, 39.5996, 47.0033, 35.4642, 31.91, 38.6866, 54.7776, 30.2806, 32.0295, 25.6207, 35.0856, 37.7323, 35.0839, 24.8007, 41.7, 25.3736, 52.2377, 34.9159, 30.4987, 31.9722, 31.1178, 32.457, 64.1949, 32.7648, 68.0714, 68.6458];
HighestPossibleCritFunctionValue = 1.1;
