NumDevices = 64;
NumSlotes = 512;


GivenBandwidthOld = [0.019043, 0.0102004, 0.0182448, 0.0198688, 0.015467, 0.00946094, 0.0150582, 0.0138092, 0.00799106, 0.0108142, 0.00985995, 0.00873702, 0.0105183, 0.0106838, 0.0174936, 0.0194107, 0.0162752, 0.0172887, 0.0129531, 0.00846507, 0.0149313, 0.0186571, 0.0121903, 0.0126739, 0.0153733, 0.00828173, 0.00853138, 0.0169691, 0.0177794, 0.0113036, 0.00962712, 0.00793783, 0.0160623, 0.0144134, 0.0130405, 0.0148242, 0.0180961, 0.00806584, 0.0176367, 0.0123456, 0.0103937, 0.0164005, 0.0106992, 0.0138625, 0.0165603, 0.00821478, 0.00837722, 0.0134814, 0.0119917, 0.0111796, 0.0124646, 0.00975797, 0.0197465, 0.00933935, 0.00891244, 0.00880207, 0.016383, 0.016551, 0.0147485, 0.0197295, 0.011994, 0.0138345, 0.00918265, 0.0128747];
GivenLatency = [134.878, 240.116, 137.23, 114.001, 199.125, 297.544, 160.608, 195.131, 281.393, 213.993, 266.83, 349.093, 278.292, 264.881, 155.878, 115.858, 195.456, 136.435, 243.861, 297.305, 215.953, 125.363, 205.121, 180.705, 170.264, 307.271, 285.837, 161.551, 157.635, 213.906, 301.096, 357.822, 170.696, 191.792, 212.888, 210.729, 135.092, 305.366, 160.223, 248.317, 277.908, 146.835, 222.374, 167.551, 157.865, 338.26, 269.389, 241.502, 217.858, 280.599, 258.248, 289.551, 133.948, 262.402, 372.871, 290.274, 152.816, 161.238, 187.371, 152.59, 255.575, 211.986, 263.693, 206.986];
HighestPossibleCritFunctionValue = 1.1;
