NumDevices = 128;
NumSlotes = 1024;


GivenBandwidthOld = [0.00420782, 0.00839869, 0.0042228, 0.0051326, 0.00613238, 0.00442415, 0.00424168, 0.00737276, 0.00643645, 0.00492616, 0.00643617, 0.00513247, 0.00388324, 0.0080946, 0.00838418, 0.00549785, 0.00478776, 0.00543519, 0.00675436, 0.00799013, 0.00768213, 0.00605016, 0.00755716, 0.00562084, 0.0069666, 0.00510207, 0.00794968, 0.00774857, 0.00777213, 0.00874541, 0.00656744, 0.00649862, 0.00484726, 0.00535999, 0.00784205, 0.00390872, 0.00633114, 0.0049533, 0.00769714, 0.00826724, 0.00495209, 0.00720696, 0.00484179, 0.00843607, 0.00758982, 0.00460136, 0.00748514, 0.00531533, 0.00728045, 0.00496151, 0.00551793, 0.00740888, 0.00855488, 0.0043001, 0.00433917, 0.00591547, 0.00387243, 0.00649246, 0.00633265, 0.00527427, 0.00716463, 0.00839035, 0.0040699, 0.00536085, 0.00725568, 0.0037647, 0.00576289, 0.00443501, 0.0067991, 0.00492672, 0.00584565, 0.0053844, 0.00805001, 0.00397521, 0.00377838, 0.00574838, 0.00558895, 0.00590699, 0.00623717, 0.00556507, 0.00455985, 0.00496597, 0.00557348, 0.00597789, 0.00782118, 0.00805051, 0.00743117, 0.00812389, 0.00574072, 0.00683073, 0.00660481, 0.00459524, 0.00468543, 0.00554887, 0.00737118, 0.00483943, 0.00388, 0.0086433, 0.00540389, 0.00569513, 0.00548017, 0.00766611, 0.00682701, 0.00407161, 0.00411802, 0.00404675, 0.00618254, 0.00751438, 0.00670833, 0.00433855, 0.00542931, 0.00796699, 0.00870152, 0.00395339, 0.00709122, 0.00469883, 0.00566131, 0.00717901, 0.00507149, 0.00397906, 0.00850617, 0.00573678, 0.00551603, 0.00535681, 0.004355, 0.00704161, 0.00588214, 0.00863521];
GivenLatency = [292.362, 139.821, 246.351, 191.475, 187.238, 253.859, 303.816, 172.545, 175.515, 210.12, 194.844, 197.649, 313.127, 134.617, 137.585, 210.746, 212.913, 193.525, 191.44, 123.504, 164.767, 160.817, 159.782, 228.903, 149.851, 210.99, 121.206, 133.213, 136.04, 120.247, 146.007, 150.186, 229.981, 192.83, 147.486, 256.972, 155.349, 228.796, 131.433, 155.105, 218.831, 165.438, 241.796, 135.163, 127.927, 281.521, 144.191, 242.658, 144.12, 211.133, 175.628, 144.702, 142.573, 230.385, 264.056, 186.158, 253.915, 190.646, 174.289, 218.06, 155.624, 139.151, 243.385, 221.942, 145.523, 272.537, 185.728, 252.64, 164.436, 210.556, 182.126, 236.262, 140.228, 242.757, 308.58, 216.661, 215.598, 184.386, 163.989, 227.977, 232.535, 210.816, 205.8, 167.793, 147.446, 136.513, 144.892, 153.495, 222.761, 142.336, 178.357, 266.74, 243.643, 181.376, 164.165, 218.805, 294.006, 111.808, 204.667, 171.58, 222.651, 125.38, 169.384, 290.66, 240.487, 250.756, 175.493, 133.063, 163.024, 255.754, 184.44, 125.829, 136.92, 294.286, 178.635, 265.925, 191.583, 174.745, 207.291, 302.864, 136.255, 181.645, 232.63, 202.572, 276.858, 159.47, 171.488, 140.061];
HighestPossibleCritFunctionValue = 1.1;
