NumDevices = 64;
NumSlotes = 512;


GivenBandwidthOld = [0.0155466, 0.016952, 0.0171857, 0.0154802, 0.0103517, 0.0157524, 0.0154183, 0.010536, 0.0128739, 0.0167286, 0.011751, 0.0146893, 0.00880545, 0.00816624, 0.0150306, 0.014713, 0.0159305, 0.00808918, 0.00984102, 0.013015, 0.00846984, 0.0076051, 0.0139934, 0.0121692, 0.0123511, 0.0097555, 0.0157292, 0.0161673, 0.0094663, 0.0150221, 0.0117377, 0.0110015, 0.00782119, 0.015771, 0.00801508, 0.0144703, 0.00773825, 0.0117998, 0.0137088, 0.00865088, 0.0104031, 0.00967774, 0.00883842, 0.0123223, 0.0164885, 0.0167258, 0.0155935, 0.0142762, 0.0152967, 0.0172832, 0.0136945, 0.00911976, 0.0108974, 0.00764851, 0.0134283, 0.0147226, 0.00826743, 0.0156676, 0.00967164, 0.0162329, 0.0116661, 0.0169253, 0.00800676, 0.0145745];
GivenLatency = [76.1679, 68.4549, 57.2611, 70.0428, 109.373, 71.4344, 75.2982, 88.4094, 72.7948, 60.1949, 84.755, 62.9487, 124.492, 121.971, 76.5135, 75.4525, 58.9011, 142.601, 104.937, 81.7737, 118.274, 153.405, 75.3211, 87.0586, 75.3472, 113.49, 67.2832, 60.0094, 99.5913, 80.3908, 104.148, 95.1223, 123.244, 76.9655, 119.178, 64.5815, 138.593, 96.7149, 80.2404, 115.845, 97.6282, 117.201, 104.272, 86.9558, 66.381, 61.273, 62.3503, 78.4739, 72.7644, 68.7048, 81.7694, 121.408, 86.6734, 129.128, 92.1262, 74.9889, 125.718, 58.4012, 100.917, 65.9154, 86.1814, 56.6717, 124.627, 84.7645];
HighestPossibleCritFunctionValue = 1.1;
