NumDevices = 128;
NumSlotes = 1024;


GivenBandwidthOld = [0.00999326, 0.00925356, 0.00836413, 0.0096061, 0.00852202, 0.00715994, 0.00829922, 0.00616604, 0.00388372, 0.0074064, 0.00690784, 0.00881715, 0.00476228, 0.00464302, 0.00653041, 0.00907602, 0.00559684, 0.00614013, 0.00585214, 0.00939958, 0.00618168, 0.0042132, 0.00757572, 0.00889325, 0.00892153, 0.00923083, 0.00758434, 0.00375069, 0.00911639, 0.00910627, 0.00789453, 0.00469143, 0.00768172, 0.0091593, 0.00530967, 0.00469182, 0.00793157, 0.00836446, 0.00900229, 0.00399295, 0.00570203, 0.0053372, 0.00485009, 0.00538321, 0.00936268, 0.00487911, 0.00572233, 0.00892656, 0.00627616, 0.00473298, 0.00594437, 0.00949776, 0.00628432, 0.00437474, 0.00378867, 0.00989378, 0.0059954, 0.00465469, 0.00882166, 0.00571788, 0.00913651, 0.00979778, 0.00498822, 0.00825306, 0.00545237, 0.0092189, 0.00712745, 0.00598876, 0.00555394, 0.00379419, 0.00898311, 0.00656502, 0.00958856, 0.00743034, 0.00922578, 0.00386443, 0.00817704, 0.00908398, 0.00820525, 0.00809386, 0.00467537, 0.00641406, 0.00978635, 0.00664356, 0.0045072, 0.00506402, 0.00723997, 0.00961022, 0.00891046, 0.00441306, 0.00405069, 0.00738083, 0.00838779, 0.00731939, 0.00706165, 0.00643339, 0.00968506, 0.00423675, 0.00951428, 0.00903498, 0.0096256, 0.00496098, 0.00669093, 0.00702126, 0.00875872, 0.00402888, 0.00956258, 0.00822608, 0.00817562, 0.0038758, 0.00558396, 0.00838649, 0.0041584, 0.0051873, 0.00418817, 0.00557634, 0.00535012, 0.00941527, 0.00741325, 0.00950683, 0.00876958, 0.00540847, 0.00897379, 0.00620536, 0.0085347, 0.00768549, 0.0037778, 0.0084006];
GivenLatency = [494.716, 366.016, 431.867, 397.363, 430.206, 512.012, 413.092, 607.025, 1161.32, 656.822, 485.131, 557.235, 783.097, 1016.62, 622.629, 489.417, 613.827, 613.363, 620.797, 500.176, 630.153, 865.445, 561.41, 512.801, 425.335, 455.839, 483.598, 1067.43, 434.905, 375.534, 546.833, 968.505, 453.488, 443.539, 919.846, 764.339, 504.339, 491.445, 492.903, 835.15, 807.095, 781.034, 764.404, 797.51, 472.374, 750.22, 661.205, 493.832, 641.624, 875.894, 580.49, 376.537, 777.028, 834.489, 1286.87, 481.806, 583.829, 1052.58, 392.004, 734.459, 370.211, 342.789, 951.165, 527.735, 706.816, 487.324, 570.651, 684.693, 875.95, 890.315, 381.909, 598.17, 404.544, 601.751, 467.696, 1059.13, 476.07, 538.833, 438.263, 540.833, 794.252, 725.559, 367.774, 519.052, 1004.62, 754.64, 467.476, 402.202, 482.422, 834.453, 1063.96, 561.451, 440.615, 639.596, 633.969, 543.08, 390.388, 1150.27, 514.419, 397.443, 404.995, 826.337, 653.336, 603.514, 513.506, 1038.29, 355.707, 408.842, 453.674, 1115.85, 634.812, 462.156, 1063.64, 656.016, 958.523, 825.281, 701.439, 432.189, 620.253, 500.358, 466.997, 897.979, 396.63, 679.58, 395.9, 591.604, 959.156, 498.271];
HighestPossibleCritFunctionValue = 1.1;
