NumDevices = 128;
NumSlotes = 1024;


GivenBandwidthOld = [0.00390272, 0.00794214, 0.0047436, 0.00938221, 0.00809175, 0.00677558, 0.00458973, 0.00454579, 0.00991591, 0.0092071, 0.00868888, 0.00517816, 0.00690902, 0.00986801, 0.00408262, 0.00652578, 0.00621386, 0.00767605, 0.00769374, 0.00490124, 0.00881453, 0.00454315, 0.0092339, 0.00915992, 0.00948611, 0.00429952, 0.0082594, 0.0056699, 0.00900536, 0.00552646, 0.00442184, 0.00789173, 0.00750875, 0.00828467, 0.00552098, 0.00610904, 0.00833702, 0.00404044, 0.00386878, 0.00626242, 0.00498789, 0.00891577, 0.0060533, 0.00910686, 0.0051817, 0.00387817, 0.00797232, 0.00584865, 0.00696883, 0.00886529, 0.00773832, 0.00415033, 0.0071314, 0.0037603, 0.00818126, 0.00498859, 0.0081766, 0.00785388, 0.00889212, 0.00858463, 0.00944522, 0.0045471, 0.00692552, 0.00595758, 0.00656115, 0.00702854, 0.00616284, 0.00635277, 0.00471651, 0.00408998, 0.00528997, 0.004839, 0.00661738, 0.00835088, 0.00572207, 0.00452883, 0.00604878, 0.00815737, 0.00970211, 0.00967746, 0.00788054, 0.00691683, 0.00996845, 0.00475213, 0.00912351, 0.00379357, 0.00476949, 0.00715283, 0.00763545, 0.00653678, 0.00982833, 0.00602478, 0.00474531, 0.00692205, 0.00388866, 0.00915114, 0.0056322, 0.00670636, 0.00383626, 0.00981216, 0.00922182, 0.00620866, 0.00773687, 0.00487582, 0.00666714, 0.00718032, 0.00709927, 0.00747605, 0.00877181, 0.00530208, 0.00837176, 0.00662428, 0.00550002, 0.00376912, 0.00637415, 0.00787241, 0.00787276, 0.00750061, 0.00899006, 0.0046997, 0.00903159, 0.00887586, 0.00406727, 0.00479419, 0.00966108, 0.00748987, 0.00981388, 0.00685851];
GivenLatency = [1183.13, 594.893, 852.039, 395.995, 584.233, 530.698, 768.914, 739.378, 486.548, 477.447, 496.542, 716.285, 557.221, 452.016, 928.348, 589.479, 580.628, 558.073, 447.859, 783.299, 532.076, 787.187, 457.05, 412.103, 361.648, 794.23, 404.327, 881.013, 379.866, 769.678, 902.399, 423.349, 444.361, 442.693, 894.134, 678.761, 534.586, 1015.63, 918.729, 600.664, 873.205, 455.79, 625.455, 404.075, 938.999, 1067.02, 549.127, 751.302, 480.21, 429.379, 493.104, 847.055, 575.194, 1162.68, 408.032, 890.795, 563.95, 563.454, 485.291, 418.206, 475.491, 796.481, 548.177, 614.931, 532.503, 523.398, 787.593, 650.044, 1033.79, 899.956, 841.226, 691.271, 680.478, 560.267, 786.455, 836.104, 596.035, 466.163, 354.22, 372.726, 432.323, 538.962, 452.509, 883.966, 397.889, 1080.12, 816.935, 673.267, 440.896, 727.537, 425.13, 731.863, 1045.07, 520.127, 960.313, 395.635, 665.871, 526.6, 967.2, 388.864, 491.289, 580.343, 575.782, 907.539, 508.451, 576.859, 521.691, 473.769, 435.911, 763.877, 507.468, 538.973, 773.408, 902.321, 650.504, 447.163, 466.547, 641.145, 501.539, 868.216, 531.612, 537.729, 1191.8, 838.755, 413.704, 463.082, 466.026, 591.001];
HighestPossibleCritFunctionValue = 1.1;
