NumDevices = 64;
NumSlotes = 512;


GivenBandwidthOld = [0.0124993, 0.0177115, 0.00791501, 0.00763744, 0.0173751, 0.0160137, 0.00951797, 0.0111015, 0.0132478, 0.0104378, 0.00846983, 0.0199656, 0.0161746, 0.0147263, 0.00961924, 0.0130157, 0.00918694, 0.00986183, 0.0153084, 0.0181672, 0.0161634, 0.0131595, 0.0141273, 0.0171589, 0.0190943, 0.0112494, 0.0106838, 0.0177063, 0.0189501, 0.0123498, 0.018606, 0.0159028, 0.00868096, 0.0183688, 0.0168058, 0.00957015, 0.0129534, 0.0120422, 0.0109216, 0.0150147, 0.0189662, 0.00809936, 0.0184064, 0.0106116, 0.017136, 0.0103826, 0.0183512, 0.00822189, 0.0153727, 0.0110363, 0.0176776, 0.0122219, 0.0191352, 0.00953958, 0.0116483, 0.0154817, 0.0187169, 0.0170288, 0.00844651, 0.0155373, 0.0158296, 0.0150169, 0.0184447, 0.0169177];
GivenLatency = [203.805, 150.863, 351.916, 401.232, 176.939, 150.057, 277.985, 201.431, 167.884, 252.113, 275.207, 166.448, 188.345, 153.189, 299.928, 198.197, 280.103, 306.348, 184.931, 150.065, 138.461, 196.117, 185.23, 172.695, 172.968, 219.796, 212.723, 156.57, 122.59, 200.387, 172.293, 164.397, 257.754, 139.336, 133.324, 341.145, 201.829, 249.622, 262.54, 183.154, 151.873, 282.788, 166, 211.194, 134.549, 219.304, 171.89, 272.951, 157.042, 265.039, 137.018, 250.141, 118.881, 307.362, 211.034, 148.019, 130.6, 148.799, 307.941, 152.277, 169.018, 216.811, 164.81, 181.605];
HighestPossibleCritFunctionValue = 1.1;
