NumDevices = 128;
NumSlotes = 1024;


GivenBandwidthOld = [0.00819071, 0.00382033, 0.00576811, 0.00720082, 0.00668218, 0.00490442, 0.00616981, 0.00845297, 0.0065458, 0.00771157, 0.00578278, 0.00376252, 0.00421371, 0.0073067, 0.00616642, 0.00651738, 0.0051831, 0.00488945, 0.00445706, 0.00735311, 0.00616664, 0.00525088, 0.00396956, 0.00385235, 0.003916, 0.00863604, 0.00845689, 0.00741459, 0.00459409, 0.00540979, 0.00481508, 0.00446709, 0.00584302, 0.0061233, 0.0068737, 0.00874817, 0.0079953, 0.00456927, 0.00818577, 0.00572534, 0.00829468, 0.00625743, 0.00605001, 0.00498698, 0.00861121, 0.00617879, 0.00439874, 0.00718891, 0.00655178, 0.00832017, 0.00457239, 0.00562777, 0.0083516, 0.00776501, 0.0040234, 0.00382239, 0.00542762, 0.00453019, 0.00640981, 0.00723941, 0.00518289, 0.00625238, 0.00621616, 0.00744778, 0.00727733, 0.00766031, 0.00425649, 0.0062783, 0.00690477, 0.00601032, 0.00797429, 0.00632914, 0.00641766, 0.00419414, 0.00846387, 0.00477605, 0.00856917, 0.00458154, 0.0043726, 0.00782695, 0.00507068, 0.00548722, 0.00617088, 0.00649987, 0.00584685, 0.00558007, 0.00670849, 0.00706294, 0.00439105, 0.00795767, 0.00710569, 0.00789257, 0.00787878, 0.00616495, 0.00686358, 0.00865436, 0.00634203, 0.00796974, 0.00494237, 0.00392859, 0.00524056, 0.00561927, 0.0056408, 0.00749796, 0.00565925, 0.00754032, 0.00763263, 0.00416158, 0.00618054, 0.00388455, 0.00514805, 0.00582513, 0.00539894, 0.0074755, 0.00826746, 0.00870796, 0.00719149, 0.00483591, 0.00463438, 0.00758705, 0.00811487, 0.00419647, 0.00749296, 0.00662561, 0.00408227, 0.00816492, 0.00532584, 0.00382448];
GivenLatency = [141.057, 300.057, 220.529, 134.324, 168.581, 208.018, 162.017, 113.068, 174.706, 165.867, 183.43, 267.437, 250.983, 166.097, 191.209, 184.005, 211.457, 264.417, 281.678, 170.522, 168.404, 234.946, 292.996, 334.983, 263.599, 137.132, 127.254, 130.035, 245.261, 215.747, 225.541, 241.028, 203.665, 209.315, 184.576, 143.207, 142.582, 223.976, 120.729, 176.851, 117.375, 153.141, 177.327, 192.803, 149.239, 201.092, 261.641, 134.275, 149.728, 139.909, 217.209, 169.976, 115.841, 165.071, 291.407, 339.222, 199.159, 266.986, 156.654, 161.669, 230.558, 159.865, 166.531, 141.528, 140.355, 147.859, 277.08, 157.764, 139.189, 192.604, 148.736, 174.662, 186.396, 283.341, 152.297, 260.52, 130.147, 224.161, 239.987, 128.393, 220.801, 228.132, 185.642, 149.563, 167.739, 219.211, 171.964, 149.925, 272.333, 120.017, 168.922, 127.576, 160.509, 158.122, 166.857, 124.4, 201.663, 128.643, 248.797, 269.055, 206.443, 169.868, 185.022, 166.277, 192.018, 132.036, 152.524, 248.302, 168.673, 307.532, 202.666, 190.548, 181.938, 164.003, 126.155, 111.298, 144.361, 216.299, 206.892, 165.905, 130.726, 303.481, 130.7, 151.924, 241.207, 153.081, 182.07, 262.865];
HighestPossibleCritFunctionValue = 1.1;
