NumDevices = 128;
NumSlotes = 1024;


GivenBandwidthOld = [0.00565257, 0.00528263, 0.00648765, 0.00911057, 0.0050903, 0.00510938, 0.00717977, 0.00418156, 0.00700524, 0.00839246, 0.00452068, 0.00648944, 0.0080704, 0.00427464, 0.00887559, 0.00580556, 0.00779777, 0.00958297, 0.00715507, 0.00782069, 0.00736158, 0.00974057, 0.00594064, 0.00931813, 0.00598509, 0.00636048, 0.00932837, 0.00946197, 0.00488791, 0.00990846, 0.00904883, 0.00489522, 0.00778882, 0.00919713, 0.00988301, 0.00626325, 0.00644788, 0.0095127, 0.00746157, 0.00908029, 0.00876267, 0.00786582, 0.00954232, 0.00532993, 0.00770913, 0.00726744, 0.00893771, 0.00612589, 0.00415633, 0.007966, 0.00586796, 0.00659469, 0.00822235, 0.00795485, 0.00593107, 0.00466922, 0.00939643, 0.0096188, 0.00942559, 0.00591368, 0.00627084, 0.00897573, 0.00758805, 0.00977981, 0.00921931, 0.00776817, 0.00593433, 0.00950987, 0.00980284, 0.00889729, 0.00793063, 0.00502091, 0.00762031, 0.00824629, 0.00422466, 0.00633117, 0.00422877, 0.00664423, 0.00960857, 0.00622194, 0.00594928, 0.00451156, 0.00951161, 0.00781691, 0.00631204, 0.00776618, 0.00989481, 0.00464567, 0.00722484, 0.00543943, 0.00432306, 0.00387586, 0.00651975, 0.00494539, 0.00719227, 0.00791026, 0.00650079, 0.00500255, 0.00541607, 0.00542088, 0.00503538, 0.00706803, 0.00738361, 0.00512481, 0.00396152, 0.0086994, 0.00712557, 0.00577548, 0.00852071, 0.0038631, 0.00467213, 0.00819595, 0.00807865, 0.00542841, 0.00649845, 0.0094273, 0.00959777, 0.00591338, 0.00748437, 0.00487061, 0.00667308, 0.00695366, 0.00393286, 0.00830779, 0.00654768, 0.00559294, 0.00933328, 0.00440143];
GivenLatency = [640.75, 938.98, 732.826, 538.945, 801.141, 828.514, 488.459, 845.923, 487.484, 580.855, 951.01, 682.963, 489.606, 1069.45, 420.058, 584.303, 440.67, 513.726, 537.915, 443.68, 482.097, 498.081, 753.797, 522.209, 638.791, 667.099, 438.872, 491.305, 977.382, 397.894, 527.793, 918.853, 498.43, 404.233, 487.559, 577.928, 534.244, 449.378, 546.063, 467.811, 410.619, 500.935, 421.58, 679.623, 623.51, 517.102, 518.032, 790.802, 831.214, 561.953, 615.959, 538.245, 478.157, 445.542, 595.94, 863.764, 410.856, 360.677, 490.55, 672.034, 693.931, 500.841, 658.382, 495.6, 368.841, 490.007, 587.486, 477.09, 368.07, 385.525, 586.4, 963.59, 455.619, 427.552, 872.652, 580.098, 794.26, 587.701, 394.72, 761.074, 657.708, 755.449, 392.06, 483.969, 782.855, 513.866, 387.4, 963.12, 655.908, 726.072, 886.502, 1261.13, 603.694, 832.495, 610.016, 511.121, 603.004, 995.825, 687.454, 908.315, 729.992, 553.501, 465.561, 705.213, 1159.32, 500.309, 541.573, 696.23, 495.283, 1033.51, 760.476, 573.512, 415.617, 841.971, 669.092, 525.675, 415.894, 722.644, 527.757, 985.352, 517.613, 576.934, 894.773, 482.333, 537.164, 729.052, 439.861, 976.281];
HighestPossibleCritFunctionValue = 1.1;
