NumDevices = 128;
NumSlotes = 1024;


GivenBandwidthOld = [0.00654781, 0.00661274, 0.00775817, 0.00411246, 0.00564416, 0.00383831, 0.00791547, 0.00779966, 0.00632257, 0.00595875, 0.00628669, 0.00796209, 0.00628887, 0.00460202, 0.00859784, 0.00647841, 0.00505546, 0.00457707, 0.00438217, 0.00865234, 0.00744066, 0.00770591, 0.0057023, 0.00603188, 0.00538977, 0.00839624, 0.00818242, 0.00438687, 0.00760753, 0.00734336, 0.0074361, 0.00605394, 0.00605527, 0.00839196, 0.00618545, 0.00644316, 0.00767917, 0.00635776, 0.00744432, 0.00419033, 0.00445822, 0.00677937, 0.00834517, 0.00477939, 0.00468776, 0.00471453, 0.00455514, 0.0056654, 0.00590819, 0.00638482, 0.00723922, 0.00700894, 0.00676009, 0.00425577, 0.00418003, 0.00618804, 0.00485709, 0.0055476, 0.0060867, 0.00664387, 0.00597984, 0.00562427, 0.00461653, 0.00757638, 0.00864758, 0.00736509, 0.00751114, 0.00729221, 0.00762061, 0.00707252, 0.00529174, 0.00572117, 0.00824758, 0.00463825, 0.00763162, 0.00709524, 0.00724896, 0.00580687, 0.00849738, 0.00793188, 0.00861805, 0.00604449, 0.00728856, 0.00637947, 0.00716874, 0.00753569, 0.00490512, 0.00793401, 0.00447922, 0.00468585, 0.00765737, 0.0048557, 0.00726345, 0.00432857, 0.00780586, 0.00555885, 0.00514392, 0.00633088, 0.00560912, 0.00501707, 0.00442105, 0.00702336, 0.00409649, 0.00716623, 0.00538095, 0.00515143, 0.00754537, 0.00749939, 0.00481718, 0.0048348, 0.00602684, 0.00557654, 0.00745912, 0.00786856, 0.00441148, 0.00630695, 0.00839021, 0.00675165, 0.00755262, 0.0044032, 0.00700912, 0.0047795, 0.00653443, 0.00671333, 0.00840893, 0.00645728, 0.00500169, 0.00589963];
GivenLatency = [154.501, 145.707, 151.994, 295.026, 171.828, 308.55, 147.591, 127.123, 180.738, 175.734, 166.765, 131.542, 153.848, 270.657, 125.489, 185.987, 243.689, 211.628, 272.951, 111.245, 161.422, 143.311, 203.668, 210.485, 190.595, 128.634, 152.134, 266.118, 149.524, 147.928, 134.523, 198.221, 168.373, 143.142, 167.564, 182.473, 152.585, 175.434, 129.351, 278.833, 266.545, 165.39, 147.131, 210.118, 236.88, 275.319, 275.87, 185.689, 189.171, 153.472, 157.818, 137.624, 162.117, 238.109, 239.983, 194.313, 258.624, 215.786, 163.382, 166.905, 210.98, 219.622, 225.246, 164.458, 150.137, 146.345, 138.01, 147.998, 166.202, 142.504, 211.78, 179.941, 147.971, 251.186, 145.878, 147.659, 175.143, 200.074, 141.005, 129.012, 129.514, 206.505, 158.101, 154.353, 180.73, 146.479, 252.294, 135.999, 218.59, 243.836, 145.983, 204.542, 134.288, 289.361, 162.771, 202.316, 245.781, 177.783, 200.671, 222.722, 237.328, 139.213, 235.687, 161.701, 201.209, 185.484, 135.002, 154.609, 261.683, 201.416, 191.644, 218.591, 144.048, 149.767, 272.312, 172.051, 130.449, 178.101, 142.239, 247.162, 158.233, 234.454, 190.102, 192.767, 150.694, 149.631, 195.24, 198.228];
HighestPossibleCritFunctionValue = 1.1;
