NumDevices = 128;
NumSlotes = 1024;


GivenBandwidthOld = [0.00393883, 0.00861631, 0.00434964, 0.00691112, 0.00767848, 0.00473194, 0.00717059, 0.00609688, 0.00402006, 0.00519717, 0.00756635, 0.00772215, 0.00736538, 0.00488167, 0.00496737, 0.00781373, 0.00911924, 0.00708084, 0.00394941, 0.00517076, 0.00742602, 0.00531914, 0.00751498, 0.00672058, 0.00530207, 0.00817898, 0.00418413, 0.00649642, 0.00664306, 0.00865114, 0.00838395, 0.00535506, 0.00496405, 0.00832046, 0.0070453, 0.00664604, 0.00875134, 0.00510208, 0.00948989, 0.00533418, 0.00406199, 0.00981561, 0.00474256, 0.00452895, 0.00807043, 0.00476227, 0.0045019, 0.00973967, 0.00956755, 0.00431165, 0.00593088, 0.00774431, 0.00487634, 0.00915225, 0.00564989, 0.00389444, 0.00637142, 0.00569508, 0.00713693, 0.00920597, 0.00852058, 0.00795978, 0.00744394, 0.00658661, 0.00997798, 0.00868262, 0.00636532, 0.0094392, 0.00970673, 0.00599852, 0.00716772, 0.00781777, 0.00825101, 0.00847575, 0.0043488, 0.00525718, 0.00991074, 0.00972928, 0.00377357, 0.00612782, 0.00520008, 0.00655277, 0.0099688, 0.00441779, 0.0086049, 0.00627142, 0.00620484, 0.00592882, 0.00442343, 0.009548, 0.00696039, 0.00445434, 0.00405437, 0.0067611, 0.00499619, 0.00469506, 0.0061441, 0.00385148, 0.00934865, 0.00646348, 0.0092421, 0.00947098, 0.00627763, 0.00436819, 0.00615644, 0.00503803, 0.00790427, 0.00579733, 0.00697496, 0.00561432, 0.0061934, 0.00743815, 0.00917571, 0.00614786, 0.00453992, 0.00499834, 0.00951875, 0.0091941, 0.00893281, 0.00496922, 0.00760252, 0.00937168, 0.00611827, 0.00722385, 0.00757679, 0.00813706, 0.0057387, 0.00906722];
GivenLatency = [957.678, 421.104, 1052.24, 537.992, 458.914, 993.801, 505.692, 557.94, 902.527, 932.722, 558.684, 606.438, 576.89, 998.626, 928.953, 504.804, 397.096, 532.552, 1201.15, 908.599, 501.622, 676.116, 548.889, 629.963, 632.783, 500.458, 1005.22, 565.784, 691.449, 393.002, 449.202, 838.594, 980.813, 438.883, 701.553, 504.869, 426.131, 801.646, 474.521, 686.691, 1220.04, 341.747, 837.552, 1024.85, 562.81, 827.106, 994.373, 435.453, 457.779, 852.219, 573.773, 624.187, 999.578, 366.711, 592.029, 944.544, 726.844, 816.883, 480.968, 457.95, 582.119, 596.836, 643.067, 749.923, 488.686, 538.712, 756.439, 394.862, 499.998, 608.334, 492.32, 433, 408.973, 431.951, 811.294, 672.084, 346.129, 429.07, 978.419, 763.567, 916.999, 724.61, 393.414, 880.781, 494.274, 688.129, 719.53, 733.992, 863.223, 379.285, 677.649, 761.299, 1043.87, 500.805, 688.528, 919.199, 561.41, 1276.93, 375.492, 601.384, 410.844, 485.481, 537.9, 783.13, 555.798, 848.848, 482.107, 630.24, 502.802, 617.148, 555.412, 635.376, 407.284, 768.645, 897.698, 859.662, 431.98, 367.886, 385.117, 963.578, 492.201, 375.807, 583.199, 523.75, 448.937, 479.725, 638.484, 399.37];
HighestPossibleCritFunctionValue = 1.1;
