NumDevices = 32;
NumSlotes = 256;


GivenBandwidthOld = [0.0161179, 0.0229794, 0.0244936, 0.0345556, 0.0257544, 0.0239908, 0.0232531, 0.0246893, 0.0235001, 0.0158906, 0.0232, 0.0318315, 0.0211848, 0.0223491, 0.0317777, 0.0179109, 0.0190223, 0.018225, 0.0182011, 0.0158409, 0.0276607, 0.0233382, 0.0347899, 0.02359, 0.0278952, 0.0246581, 0.0193176, 0.0204845, 0.0335622, 0.0296167, 0.0176189, 0.0311644];
GivenLatency = [55.8378, 44.4628, 36.4298, 32.785, 36.8445, 40.001, 38.4173, 39.0091, 42.4362, 67.4035, 47.743, 29.4441, 54.063, 44.3828, 33.0159, 54.9219, 49.547, 50.5188, 51.8095, 69.7296, 33.7486, 46.0087, 29.3644, 43.4546, 35.7649, 43.878, 45.6013, 40.8746, 32.3133, 35.4335, 55.7681, 30.0823];
HighestPossibleCritFunctionValue = 1.1;
