NumDevices = 128;
NumSlotes = 1024;


GivenBandwidthOld = [0.00707722, 0.00436186, 0.00725629, 0.00404193, 0.00526708, 0.00634188, 0.00551308, 0.00588836, 0.00819597, 0.0072574, 0.00764729, 0.00544701, 0.00542815, 0.00841895, 0.00479501, 0.00720606, 0.00477697, 0.00397843, 0.00801723, 0.00813542, 0.00448519, 0.00515675, 0.00703959, 0.0068453, 0.00645227, 0.00574734, 0.00807596, 0.00511384, 0.00576374, 0.00375136, 0.00664037, 0.00718432, 0.00430622, 0.0071896, 0.0080468, 0.00510419, 0.00866739, 0.00530228, 0.00789538, 0.00516473, 0.00603869, 0.00476961, 0.00542018, 0.00439457, 0.00700364, 0.00763296, 0.00468981, 0.00421258, 0.00825994, 0.00725524, 0.00629094, 0.00440979, 0.00791061, 0.00614887, 0.00651719, 0.00686546, 0.00536337, 0.00458296, 0.00826893, 0.00847087, 0.007357, 0.00652152, 0.00470454, 0.00677308, 0.00764399, 0.00500873, 0.00421739, 0.00422905, 0.00511928, 0.00716067, 0.00690663, 0.00726336, 0.00782368, 0.00506226, 0.00398947, 0.0086033, 0.00818263, 0.00804198, 0.00404304, 0.00391896, 0.00851396, 0.00667299, 0.00546926, 0.00440385, 0.00797985, 0.00484709, 0.0076289, 0.0064155, 0.00787549, 0.0057811, 0.00549814, 0.00469948, 0.00657796, 0.00832049, 0.00493318, 0.00440882, 0.00655111, 0.00705262, 0.00593418, 0.00820145, 0.00434317, 0.00810098, 0.00567244, 0.00415887, 0.00568339, 0.00828767, 0.00839446, 0.00813346, 0.00662618, 0.00375323, 0.00809435, 0.00426642, 0.00820599, 0.00560354, 0.00625478, 0.00660007, 0.00480384, 0.00562775, 0.00816803, 0.00754619, 0.00630057, 0.00618355, 0.00437207, 0.00384247, 0.00797834, 0.00446747, 0.00728569, 0.0080305];
GivenLatency = [155.994, 281.626, 144.887, 263.422, 221.39, 164.085, 214.564, 196.294, 145.638, 132.683, 163.475, 205.665, 234.7, 129.427, 222.671, 160.216, 215.63, 296.119, 125.091, 156.096, 272.774, 244.815, 168.978, 150.791, 163.686, 169.513, 139.474, 213.577, 178.84, 343.099, 144.722, 160.899, 245.9, 132.869, 148.202, 193.05, 137.81, 185.833, 163.557, 236.983, 168.923, 216.42, 176.559, 278.312, 158.637, 124.871, 255.284, 295.271, 147.348, 160.985, 169.358, 291.514, 121.107, 183.919, 176.766, 139.743, 193.405, 269.705, 117.98, 146.273, 131.857, 165.234, 250.896, 180.869, 154.701, 233.82, 286.651, 266.269, 196.838, 136.166, 179.583, 144.123, 145.498, 220.957, 281.894, 115.184, 116.772, 121.951, 302.507, 249.64, 134.801, 177.081, 179.097, 270.732, 152.702, 220.022, 138.991, 165.26, 122.452, 196.033, 218.94, 252.034, 180.655, 135.45, 235.875, 236.36, 170.185, 155.247, 207.75, 127.469, 255.562, 122.125, 175.868, 282.463, 182.365, 122.445, 133.001, 118.37, 148.706, 330.387, 149.904, 300.967, 143.54, 196.1, 160.212, 163.759, 254.626, 191.613, 140.645, 147.514, 178.649, 195.98, 265.031, 337.038, 120.984, 247.353, 132.358, 127.22];
HighestPossibleCritFunctionValue = 1.1;
