NumDevices = 32;
NumSlotes = 256;


GivenBandwidthOld = [0.0301752, 0.0394376, 0.0374398, 0.0349889, 0.0176703, 0.0189913, 0.0213555, 0.0311576, 0.025244, 0.0353194, 0.023474, 0.0376135, 0.0298294, 0.0272302, 0.0185713, 0.0377518, 0.0303006, 0.0218155, 0.0375401, 0.0221369, 0.0396203, 0.0334088, 0.037257, 0.0382528, 0.0246989, 0.0240872, 0.0179349, 0.0172366, 0.0304663, 0.0329544, 0.0245848, 0.0320853];
GivenLatency = [78.2275, 61.2232, 55.6053, 55.0061, 108.927, 96.8973, 108.81, 62.5778, 67.3322, 65.3154, 79.9729, 63.0614, 66.8978, 64.3141, 101.055, 55.7046, 66.4546, 93.2883, 59.0349, 78.0878, 43.8444, 52.7186, 48.3108, 55.7383, 85.8937, 82.0875, 98.3776, 129.257, 64.5335, 50.6039, 94.1504, 65.4584];
HighestPossibleCritFunctionValue = 1.1;
