NumDevices = 16;
NumSlotes = 128;


GivenBandwidthOld = [0.0325371, 0.0714219, 0.0584378, 0.033365, 0.0348156, 0.0662267, 0.0419819, 0.0595036, 0.047781, 0.0747338, 0.0711537, 0.0506572, 0.0662997, 0.0683329, 0.0403323, 0.034841];
GivenLatency = [54.6418, 23.2912, 27.2446, 45.8715, 45.8002, 21.4452, 38.2656, 26.9647, 30.1578, 20.1538, 18.8782, 29.693, 23.1707, 26.742, 35.4166, 52.9865];
HighestPossibleCritFunctionValue = 1.1;
