NumDevices = 16;
NumSlotes = 128;


GivenBandwidthOld = [0.0411123, 0.0343991, 0.0455839, 0.0689378, 0.0581945, 0.0544947, 0.0323142, 0.044861, 0.0391373, 0.0398012, 0.0385086, 0.0333158, 0.0386531, 0.0631574, 0.0663235, 0.0394676];
GivenLatency = [26.3455, 30.1305, 18.9765, 15.9872, 16.1071, 17.0436, 29.7189, 17.7728, 21.8002, 25.1652, 23.4842, 31.0441, 20.3976, 13.249, 16.4564, 24.2512];
HighestPossibleCritFunctionValue = 1.1;
