NumDevices = 16;
NumSlotes = 128;


GivenBandwidthOld = [0.062979, 0.0579572, 0.056168, 0.0355234, 0.0612804, 0.0590479, 0.0382613, 0.0775423, 0.073262, 0.0350313, 0.0403452, 0.0510022, 0.0635864, 0.0669851, 0.0388028, 0.0786667];
GivenLatency = [22.5915, 23.9138, 24.3169, 47.0506, 24.5937, 31.7242, 43.0854, 22.737, 18.4387, 38.4656, 33.6144, 28.8625, 23.9538, 20.4228, 43.9417, 20.5662];
HighestPossibleCritFunctionValue = 1.1;
