NumDevices = 16;
NumSlotes = 128;


GivenBandwidthOld = [0.0272254, 0.0176096, 0.029191, 0.0284779, 0.017743, 0.0216524, 0.0273785, 0.0155324, 0.017812, 0.0309522, 0.0279379, 0.0173353, 0.0193635, 0.0316352, 0.0329148, 0.0140191];
GivenLatency = [11.1041, 27.4142, 20.4316, 11.9123, 18.305, 16.1956, 20.2345, 36.4867, 25.4812, 15.8715, 13.4475, 21.3514, 31.5614, 11.029, 9.80577, 24.0664];
HighestPossibleCritFunctionValue = 1.1;
