NumDevices = 16;
NumSlotes = 128;


GivenBandwidthOld = [0.0548898, 0.0524669, 0.0311069, 0.033925, 0.0477069, 0.0305164, 0.0592854, 0.0799875, 0.0690868, 0.0615704, 0.0343919, 0.0446623, 0.0590806, 0.0379397, 0.0722854, 0.0708019];
GivenLatency = [33.9912, 33.3174, 48.2189, 48.2363, 33.9897, 57.2565, 30.7454, 18.7993, 25.9189, 23.0059, 51.7115, 38.8723, 22.6284, 41.2366, 19.9047, 23.4652];
HighestPossibleCritFunctionValue = 1.1;
