NumDevices = 32;
NumSlotes = 256;


GivenBandwidthOld = [0.0120319, 0.015112, 0.00797077, 0.00980686, 0.00645663, 0.0115475, 0.01137, 0.0162179, 0.00705275, 0.00556372, 0.0169692, 0.00860683, 0.0124786, 0.00972178, 0.0139298, 0.0127147, 0.0152786, 0.00659736, 0.0144021, 0.0133121, 0.0062988, 0.00897632, 0.0100445, 0.0125501, 0.011364, 0.0151633, 0.00626691, 0.0104731, 0.017067, 0.0155798, 0.00754276, 0.0161089];
GivenLatency = [33.3196, 26.8474, 41.7446, 41.5219, 74.6062, 31.0363, 42.7485, 30.5415, 80.7693, 102.821, 23.6047, 48.6346, 37.2849, 39.1451, 41.294, 23.9845, 20.6117, 75.4844, 43.0112, 23.8964, 54.5361, 52.3969, 49.7537, 40.1007, 33.3102, 33.2048, 51.7772, 38.1188, 20.5727, 29.6634, 82.3876, 22.5045];
HighestPossibleCritFunctionValue = 1.1;
