NumDevices = 32;
NumSlotes = 256;


GivenBandwidthOld = [0.0254961, 0.023604, 0.0223042, 0.0259699, 0.0365536, 0.0158495, 0.0183242, 0.0345243, 0.034152, 0.0271006, 0.0154497, 0.0228538, 0.0383044, 0.0175254, 0.0351485, 0.0263063, 0.0391824, 0.0239484, 0.0363824, 0.0395015, 0.037272, 0.0159506, 0.0168024, 0.0337302, 0.0383945, 0.0307982, 0.0346745, 0.0345227, 0.0335631, 0.029437, 0.0321784, 0.0318487];
GivenLatency = [96.3882, 71.5214, 103.311, 77.3841, 53.7372, 130.524, 118.477, 67.4024, 53.2376, 71.1331, 147.167, 73.6933, 65.0752, 100.456, 56.051, 64.3743, 47.7161, 87.6558, 53.7914, 52.7877, 48.0799, 118.944, 109.178, 73.9572, 44.8817, 62.2637, 51.2445, 55.6522, 63.1203, 83.1724, 70.5658, 62.4963];
HighestPossibleCritFunctionValue = 1.1;
