NumDevices = 16;
NumSlotes = 128;


GivenBandwidthOld = [0.0279883, 0.0148988, 0.019226, 0.021157, 0.0252703, 0.033166, 0.0114976, 0.0299381, 0.0349089, 0.0283068, 0.016559, 0.0213169, 0.0137364, 0.0319031, 0.0109152, 0.0160919];
GivenLatency = [15.0242, 40.8241, 24.6462, 27.6429, 17.1693, 16.3541, 31.919, 14.3132, 9.42832, 10.9044, 21.1286, 17.2457, 41.5299, 12.9116, 32.1791, 21.6654];
HighestPossibleCritFunctionValue = 1.1;
