NumDevices = 128;
NumSlotes = 1024;


GivenBandwidthOld = [0.0053187, 0.00637351, 0.0095729, 0.00677312, 0.00716158, 0.00465615, 0.00834838, 0.00748736, 0.005098, 0.00963027, 0.00842498, 0.00736763, 0.00526692, 0.00490477, 0.00566448, 0.00541253, 0.00843637, 0.00503815, 0.00992655, 0.00683967, 0.00691768, 0.00544185, 0.00741775, 0.0038734, 0.00896051, 0.00804779, 0.00548559, 0.00505082, 0.00405869, 0.00438829, 0.00643471, 0.0069365, 0.00925488, 0.00559101, 0.00817443, 0.00888706, 0.0047846, 0.00475347, 0.00650521, 0.00434377, 0.00820231, 0.00870042, 0.00539162, 0.00691235, 0.0096397, 0.00436337, 0.00636991, 0.00539037, 0.0046892, 0.00760292, 0.00974842, 0.00662982, 0.00491776, 0.00524318, 0.00589636, 0.00883725, 0.00512586, 0.00905338, 0.00647904, 0.00815614, 0.0077092, 0.00856799, 0.00472966, 0.00634031, 0.007842, 0.00931168, 0.00391075, 0.00548379, 0.00606667, 0.00878509, 0.00977305, 0.00812695, 0.00466206, 0.00778519, 0.00444606, 0.00865089, 0.00420047, 0.00597463, 0.00558414, 0.00512557, 0.00422813, 0.00849998, 0.0053898, 0.00770349, 0.00633736, 0.00818032, 0.00782024, 0.00603663, 0.00385387, 0.00568942, 0.00582169, 0.00389518, 0.00623801, 0.00727045, 0.00952413, 0.00587911, 0.0065218, 0.00822558, 0.00602411, 0.00595445, 0.00396565, 0.00945299, 0.00393863, 0.00523777, 0.00863072, 0.00903859, 0.00789966, 0.00952514, 0.00397684, 0.00377412, 0.0091076, 0.00517997, 0.00607684, 0.00466907, 0.00681026, 0.00627882, 0.00561941, 0.00409415, 0.00666703, 0.0052811, 0.00573865, 0.00817702, 0.00871761, 0.00684254, 0.00506971, 0.00911607, 0.00999775, 0.00975944];
GivenLatency = [895.828, 647.162, 458.132, 545.086, 556.96, 895.977, 550.566, 635.084, 910.957, 453.923, 445.849, 472.849, 717.52, 885.968, 837.498, 616.951, 491.734, 668.133, 419.095, 527.057, 534.137, 623.264, 610.163, 1282.86, 462.469, 436.792, 811.211, 711.105, 990.086, 879.507, 561.626, 564.121, 446.087, 623.336, 473.206, 492.556, 952.316, 970.386, 642.861, 951.874, 497.86, 497.744, 912.749, 633.672, 384.469, 815.066, 776.4, 683.005, 782.565, 508.094, 378.166, 610.348, 752.288, 736.283, 769.504, 536.923, 971.311, 519.861, 711.548, 476.322, 458.535, 502.77, 728.82, 664.934, 450.457, 458.462, 1065.52, 637.921, 691.197, 387.693, 419.921, 473.73, 778.316, 477.477, 874.271, 496.166, 1012.29, 715.15, 781.825, 705.028, 958.738, 543.655, 744.172, 455.836, 666.047, 433.121, 557.251, 727.433, 898.304, 614.739, 764.46, 940.99, 769.925, 631.625, 523.562, 774.238, 595.335, 512.232, 698.478, 712.667, 1212.97, 463.106, 1262.07, 838.977, 424.552, 492.926, 590.309, 422.661, 1156.23, 974.798, 427.707, 654.455, 727.787, 993.706, 601.13, 707.972, 855.773, 968.694, 511.375, 683.881, 672.166, 463.782, 537.878, 606.486, 724.016, 395.534, 467.57, 410.635];
HighestPossibleCritFunctionValue = 1.1;
