NumDevices = 128;
NumSlotes = 1024;


GivenBandwidthOld = [0.00749878, 0.00954768, 0.0078886, 0.00497473, 0.00660287, 0.00827108, 0.00826413, 0.00405384, 0.00418716, 0.00732272, 0.00677949, 0.00781973, 0.00377007, 0.00982703, 0.00917287, 0.00848126, 0.00949702, 0.00633844, 0.00765715, 0.00867505, 0.00402149, 0.0041461, 0.00480863, 0.00862073, 0.00985188, 0.00802713, 0.00817001, 0.00955949, 0.00636738, 0.00656071, 0.00592014, 0.00851232, 0.00650631, 0.00399591, 0.00550357, 0.00724449, 0.00444681, 0.00876768, 0.00462451, 0.00786947, 0.00847869, 0.00377941, 0.00434542, 0.00478772, 0.00721406, 0.00544814, 0.00682124, 0.00958566, 0.00871095, 0.00738403, 0.0058711, 0.009273, 0.00388211, 0.00542788, 0.00388778, 0.00684834, 0.00880971, 0.00479996, 0.00672674, 0.00885932, 0.0073168, 0.00727155, 0.00926139, 0.00865382, 0.00977376, 0.00760095, 0.00797314, 0.00712042, 0.00658196, 0.00671556, 0.00842608, 0.00717923, 0.00765062, 0.00515728, 0.00596611, 0.00615032, 0.0084646, 0.00457831, 0.00640393, 0.00839299, 0.00719166, 0.00398148, 0.00674197, 0.00861064, 0.00902075, 0.00792109, 0.00719162, 0.0095163, 0.00540447, 0.00420179, 0.00949838, 0.00423497, 0.00467747, 0.00427046, 0.00739806, 0.0042471, 0.00859318, 0.00933575, 0.00851012, 0.00711843, 0.00440539, 0.00635607, 0.00392739, 0.0038661, 0.00504024, 0.00761699, 0.00877817, 0.00596586, 0.00827847, 0.00744426, 0.00559031, 0.00882883, 0.00736781, 0.00834919, 0.00859629, 0.00540303, 0.0049173, 0.00382344, 0.0067582, 0.00631656, 0.0087297, 0.00382031, 0.00421342, 0.00502031, 0.00377248, 0.00658148, 0.0048753, 0.00409815];
GivenLatency = [604.397, 479.232, 579.383, 773.151, 620.756, 413.416, 416.757, 852.646, 988.2, 509.593, 584.494, 527.457, 1065, 489.268, 373.987, 510.608, 364.214, 545.372, 438.312, 536.908, 1087.89, 926.106, 900.095, 527.625, 398.611, 437.4, 456.696, 446.423, 775.485, 645.834, 842.854, 445.809, 557.828, 860.99, 769.01, 602.203, 824.899, 449.903, 833.421, 531.718, 492.326, 1155.16, 815.707, 721.777, 679.406, 894.821, 682.882, 470.584, 572.027, 575.924, 737.728, 377.419, 1001.52, 723.853, 883.762, 629.798, 439.67, 960.309, 712.206, 430.206, 548.744, 460.487, 479.384, 439.431, 350.113, 496.533, 567.084, 502.415, 510.768, 647.425, 555.748, 669.931, 477.217, 674.71, 666.885, 695.123, 473.392, 947.704, 565.371, 475.804, 503.792, 1011.98, 701.702, 494.932, 445.255, 503.429, 686.944, 403.729, 781.313, 896.054, 384.285, 960.342, 1037.21, 898.56, 554.872, 800.217, 437.549, 486.183, 405.269, 534.545, 944.39, 621.933, 1004.18, 1124.92, 854.576, 630.829, 563.954, 765.564, 407.486, 495.872, 832.158, 474.958, 572.683, 490.865, 480.686, 902.605, 937.744, 1057.32, 560.546, 576.594, 456.258, 906.352, 970.502, 766.083, 1166.98, 519.104, 1014.84, 909.194];
HighestPossibleCritFunctionValue = 1.1;
