NumDevices = 64;
NumSlotes = 512;


GivenBandwidthOld = [0.0178997, 0.0195041, 0.00964692, 0.0158623, 0.0148688, 0.0175382, 0.00750553, 0.0129426, 0.0193684, 0.0176741, 0.0165404, 0.0122854, 0.0112392, 0.0143682, 0.01636, 0.0179147, 0.0105877, 0.0151839, 0.0130827, 0.0112902, 0.00869148, 0.00765659, 0.0143735, 0.0173468, 0.0153877, 0.0138167, 0.0100048, 0.0185011, 0.0158536, 0.0187955, 0.0133759, 0.0133708, 0.0147179, 0.0184576, 0.0086807, 0.0140622, 0.0114936, 0.0157965, 0.00998514, 0.0127102, 0.0133924, 0.0156265, 0.01517, 0.0167608, 0.0169567, 0.00879971, 0.0142846, 0.0113139, 0.0196152, 0.0152889, 0.01622, 0.0151984, 0.0191544, 0.00796742, 0.0133584, 0.00766356, 0.0188787, 0.0112218, 0.0094052, 0.0156202, 0.00930004, 0.0107066, 0.0137466, 0.0186708];
GivenLatency = [134.729, 135.631, 238.535, 204.841, 151.574, 179.736, 299.107, 215.344, 133.74, 149.415, 166.286, 205.968, 294.533, 167.349, 150.304, 151.518, 241.667, 183.524, 175.825, 263.466, 367.285, 337.65, 168.733, 152.82, 150.766, 235.815, 302.187, 132.744, 190.624, 164.598, 180.095, 168.44, 182.846, 126.225, 271.34, 180.1, 220.736, 201.484, 278.51, 195.15, 176.713, 152.517, 146.833, 159.562, 194.222, 255.541, 185.067, 287.529, 143.623, 185.447, 158.869, 149.515, 170.347, 313.556, 204.548, 401.496, 136.808, 231.175, 299.626, 171.011, 262.997, 265.419, 167.321, 178.054];
HighestPossibleCritFunctionValue = 1.1;
