NumDevices = 32;
NumSlotes = 256;


GivenBandwidthOld = [0.00686773, 0.00850722, 0.0133577, 0.0107085, 0.0109611, 0.00642396, 0.0125692, 0.00768207, 0.00757414, 0.00614402, 0.00752562, 0.015532, 0.0156158, 0.0130733, 0.0171233, 0.0111519, 0.0120398, 0.00968476, 0.0166839, 0.0140808, 0.0129604, 0.00764737, 0.011775, 0.0105822, 0.0117526, 0.00766596, 0.0117307, 0.0153902, 0.00805294, 0.0157753, 0.00539516, 0.00901761];
GivenLatency = [46.4666, 45.6995, 30.5208, 37.8056, 27.8709, 92.3316, 27.1795, 51.478, 44.2117, 55.1799, 47.923, 24.5881, 20.9026, 29.0081, 32.453, 37.0844, 42.1613, 45.3713, 29.7888, 26.0954, 27.9884, 54.1971, 32.2359, 39.4325, 33.986, 53.0745, 26.8007, 32.4412, 41.9553, 19.9628, 109.079, 44.1083];
HighestPossibleCritFunctionValue = 1.1;
