NumDevices = 128;
NumSlotes = 1024;


GivenBandwidthOld = [0.00518872, 0.00431299, 0.00590576, 0.0056663, 0.00598502, 0.00775297, 0.00666597, 0.00750283, 0.00755774, 0.0055167, 0.00663437, 0.00636158, 0.00664274, 0.00696274, 0.00524131, 0.00813426, 0.00508707, 0.00585657, 0.00391221, 0.00497432, 0.00588831, 0.00726648, 0.00517199, 0.0081812, 0.00386409, 0.0063272, 0.00873119, 0.00754116, 0.00683796, 0.00813933, 0.00517665, 0.006393, 0.00464999, 0.00488586, 0.00420005, 0.0076685, 0.00700184, 0.00739567, 0.00647226, 0.0067162, 0.0065955, 0.00804199, 0.00419018, 0.00682938, 0.00389402, 0.00429547, 0.00649333, 0.00583655, 0.00741864, 0.00750377, 0.00840133, 0.00864195, 0.00771454, 0.0058089, 0.00764664, 0.00465515, 0.0066567, 0.00668412, 0.0075416, 0.00413472, 0.00476535, 0.00868669, 0.0046705, 0.00452845, 0.00710405, 0.00530708, 0.00860998, 0.00541989, 0.00462334, 0.00696416, 0.00418237, 0.00551664, 0.0056578, 0.00807638, 0.00721063, 0.00659928, 0.00654542, 0.00640699, 0.00485986, 0.0071172, 0.00630669, 0.00399476, 0.00749908, 0.00449157, 0.0073161, 0.00427324, 0.00792127, 0.00533707, 0.00771104, 0.00696149, 0.00423306, 0.00756493, 0.00627675, 0.00589395, 0.00714449, 0.00502005, 0.00449545, 0.00749563, 0.00662277, 0.00638755, 0.00807251, 0.00715382, 0.00676227, 0.0059706, 0.00530563, 0.00420736, 0.00559646, 0.00722873, 0.00585283, 0.00593611, 0.00577367, 0.00554444, 0.00788918, 0.00601723, 0.00414973, 0.00706781, 0.00615889, 0.00491068, 0.00627658, 0.00792862, 0.00379194, 0.00871952, 0.00654696, 0.00731705, 0.00517666, 0.00665291, 0.00801993, 0.00853861];
GivenLatency = [215.487, 260.915, 162.246, 213.697, 180.068, 142.618, 150.95, 168.25, 168.674, 177.965, 158.016, 190.225, 150.713, 174.377, 188.488, 139.494, 192.535, 166.152, 295.697, 228.316, 173.864, 154.971, 216.313, 137.813, 325.665, 194.998, 125.435, 153.35, 151.237, 140.706, 187.47, 179.209, 269.14, 238.152, 283.15, 162.663, 149.321, 164.5, 170.808, 150.827, 167.563, 119.825, 275.95, 145.296, 286.906, 300.915, 189.276, 214.158, 133.942, 148.916, 125.235, 133.629, 131.33, 174.87, 168.293, 228.843, 172.243, 165.997, 143.66, 254.797, 217.506, 125.312, 264.391, 244.098, 169.131, 202.231, 120.028, 210.709, 273.482, 143.592, 234.816, 189.094, 212.649, 128.751, 175.118, 170.993, 191.228, 160.577, 225.794, 139.517, 159.516, 270.016, 130.153, 266.347, 141.832, 279.992, 123.355, 184.636, 159.765, 176.499, 263.717, 134.618, 157.463, 161.664, 142.505, 238.815, 285.948, 127.997, 167.418, 193.165, 147.378, 175.955, 141.485, 185.967, 228.198, 306.764, 183.785, 143.302, 219.905, 162.896, 211.495, 220.657, 155.334, 178.747, 240.128, 154.287, 166.148, 206.294, 155.784, 159.845, 314.278, 113.755, 177.389, 134.375, 217.797, 147.97, 150.888, 120.84];
HighestPossibleCritFunctionValue = 1.1;
