NumDevices = 128;
NumSlotes = 1024;


GivenBandwidthOld = [0.00407057, 0.00411552, 0.00951423, 0.00822025, 0.00404185, 0.00894694, 0.0049622, 0.00845184, 0.00885742, 0.00668433, 0.00849555, 0.00597023, 0.00664515, 0.00630953, 0.00933963, 0.00489395, 0.00520169, 0.00858109, 0.00614804, 0.00767546, 0.00396893, 0.00834602, 0.00538633, 0.00546689, 0.00948023, 0.00543995, 0.00678469, 0.00773206, 0.00524895, 0.00914036, 0.00581382, 0.00911755, 0.00995115, 0.00780471, 0.00748661, 0.00501702, 0.00474161, 0.00717448, 0.00904744, 0.00652319, 0.00652575, 0.00585586, 0.00939436, 0.00597278, 0.00577426, 0.00679321, 0.00727887, 0.00723674, 0.00534203, 0.00467115, 0.00419136, 0.00918624, 0.00811723, 0.00378431, 0.00531848, 0.00888617, 0.00866851, 0.00661911, 0.00614077, 0.00415131, 0.00474443, 0.00471298, 0.00723118, 0.00561847, 0.00710801, 0.00439119, 0.0052175, 0.00548433, 0.00890132, 0.00706112, 0.00379092, 0.00398383, 0.00880207, 0.0076347, 0.00641044, 0.00534261, 0.00823595, 0.00537091, 0.00895814, 0.00566486, 0.00552777, 0.00769158, 0.00606922, 0.00794541, 0.00976366, 0.00654242, 0.00462225, 0.00733488, 0.00488587, 0.00678461, 0.0064343, 0.00631734, 0.00936034, 0.00927226, 0.0038202, 0.00866258, 0.00692525, 0.00773784, 0.00868612, 0.00888397, 0.00908937, 0.00507389, 0.00438821, 0.0050716, 0.00966436, 0.00642042, 0.00432085, 0.00427065, 0.00428927, 0.0048326, 0.00523431, 0.00679933, 0.00380045, 0.00787485, 0.00510016, 0.00844599, 0.00428108, 0.00454355, 0.00964282, 0.00687063, 0.0083569, 0.00691458, 0.00952396, 0.0092381, 0.00478498, 0.00484209, 0.00853194, 0.00506675];
GivenLatency = [850.138, 998.07, 503.182, 437.189, 941.914, 410.483, 775.655, 497.305, 414.943, 661.716, 394.111, 732.471, 630.598, 743.442, 367.577, 748.184, 646.966, 420.927, 565.048, 580.789, 1121.48, 519.278, 835.386, 681.31, 384.489, 848.479, 524.727, 587.277, 679.525, 393.996, 648.412, 381.979, 422.564, 605.963, 520.912, 843.245, 849.125, 482.305, 533.361, 707.059, 569.159, 611.089, 470.481, 829.868, 791.787, 520.181, 679.029, 533.188, 648.319, 926.636, 1117.83, 458.241, 551.541, 905.475, 692.855, 542.986, 431.757, 690.779, 549.567, 1176.89, 722.275, 724.025, 461.136, 691.467, 585.437, 791.685, 786.194, 888.195, 535.847, 534.629, 912.625, 986.379, 439.577, 643.841, 594.796, 839.243, 538.372, 674.614, 379.834, 717.284, 646.461, 517.381, 756.283, 585.8, 375.859, 586.117, 822.621, 541.047, 727.522, 538.845, 544.774, 732.1, 526.913, 373.994, 1122.56, 447.139, 699.423, 457.749, 421.027, 492.483, 490.797, 936.513, 760.476, 719.411, 385.906, 586.99, 784.536, 1065.28, 1055.15, 767.44, 787.512, 697.732, 1243.31, 547.547, 739.265, 478.306, 804.013, 855.138, 456.399, 644.34, 457.646, 549.159, 410.61, 400.025, 1026.3, 805.383, 425.885, 938.272];
HighestPossibleCritFunctionValue = 1.1;
