NumDevices = 64;
NumSlotes = 512;


GivenBandwidthOld = [0.00957785, 0.00995253, 0.0171845, 0.0144974, 0.0135955, 0.0152154, 0.0106551, 0.0155894, 0.0167266, 0.00870114, 0.0150792, 0.0106464, 0.00911064, 0.00759143, 0.0141546, 0.0116911, 0.017065, 0.0158418, 0.00773168, 0.0113818, 0.00940166, 0.00874296, 0.00794935, 0.00974708, 0.0141061, 0.0157067, 0.00757377, 0.0173489, 0.00760572, 0.0143911, 0.0153822, 0.0142458, 0.0148018, 0.00831482, 0.0122047, 0.0101207, 0.0139531, 0.0141847, 0.00790151, 0.0156712, 0.0111979, 0.008716, 0.014902, 0.0136589, 0.00969462, 0.0125115, 0.0159992, 0.0134317, 0.012264, 0.0156549, 0.0173416, 0.0155176, 0.00882651, 0.0121542, 0.0102344, 0.0143327, 0.0147814, 0.0154801, 0.00887211, 0.00853354, 0.00823215, 0.0127285, 0.0132277, 0.0124944];
GivenLatency = [128.266, 97.1319, 71.8777, 68.347, 74.006, 77.6466, 100.596, 68.0991, 62.11, 118.384, 82.3437, 99.6176, 128.687, 126.136, 65.7911, 82.5449, 67.6789, 57.9419, 140.057, 103.473, 101.468, 142.323, 129.783, 98.1137, 76.1568, 70.5118, 145.896, 69.1132, 119.761, 65.9205, 74.0893, 79.4736, 69.5328, 117.174, 82.879, 94.7495, 66.7096, 74.5487, 120.957, 60.4553, 92.1085, 111.162, 65.3187, 73.4204, 128.501, 92.8326, 57.5895, 73.6491, 91.2261, 78.243, 55.3593, 62.8634, 120.34, 80.5326, 97.2748, 81.1153, 78.0927, 78.1173, 108.118, 117.195, 118.77, 80.0079, 81.9842, 86.5072];
HighestPossibleCritFunctionValue = 1.1;
