NumDevices = 128;
NumSlotes = 1024;


GivenBandwidthOld = [0.00366821, 0.00344888, 0.00158833, 0.00320838, 0.00323014, 0.00335221, 0.00191151, 0.00354185, 0.00161261, 0.00185965, 0.00386559, 0.00216259, 0.00160915, 0.00315558, 0.00330273, 0.00145811, 0.00209594, 0.00329, 0.00318819, 0.00148543, 0.00184675, 0.00262491, 0.00311298, 0.00294192, 0.00304362, 0.00293644, 0.0015674, 0.00136341, 0.00417421, 0.00151202, 0.00186149, 0.00356311, 0.00273058, 0.00402451, 0.00429786, 0.00168586, 0.00168264, 0.00385766, 0.00320749, 0.00386718, 0.00380286, 0.00410544, 0.00193186, 0.00196991, 0.00389213, 0.00125727, 0.00154719, 0.00240875, 0.00138746, 0.0021789, 0.00389025, 0.00411956, 0.00189562, 0.0022328, 0.00353924, 0.00155174, 0.00389124, 0.00187648, 0.00233832, 0.00198931, 0.00179014, 0.00132584, 0.00398134, 0.00371272, 0.00161654, 0.00238527, 0.00367387, 0.00176224, 0.00427796, 0.00148218, 0.00343435, 0.00424163, 0.00337071, 0.00331864, 0.00333523, 0.00400744, 0.00186297, 0.00337072, 0.00359849, 0.00350827, 0.00287025, 0.00147175, 0.00312925, 0.00150789, 0.00127233, 0.00152678, 0.00306386, 0.00236712, 0.00160405, 0.00177898, 0.00435644, 0.00173288, 0.0014547, 0.00419659, 0.00268915, 0.00148971, 0.00186375, 0.00398246, 0.00380446, 0.00285594, 0.00171079, 0.00203366, 0.00348734, 0.00417657, 0.00367557, 0.00215069, 0.00161066, 0.00355853, 0.00383576, 0.00389422, 0.00211054, 0.00188868, 0.00433642, 0.00276081, 0.00280202, 0.00163798, 0.0032942, 0.00185226, 0.00156996, 0.00386569, 0.00376394, 0.00297377, 0.0039633, 0.00366957, 0.00125458, 0.0031982, 0.00405952, 0.00214862];
GivenLatency = [177.874, 155.055, 327.798, 144.056, 96.8746, 163.255, 168.781, 149.188, 255.094, 170.324, 136.469, 172.465, 240.335, 103.536, 173.579, 337.496, 155.923, 106.118, 163.71, 213.692, 247.908, 192.852, 177.892, 194.621, 157.097, 136.111, 203.246, 384.375, 110.903, 425.445, 232.585, 128.592, 128.679, 92.9419, 98.2941, 219.219, 299.79, 83.04, 133.663, 105.986, 85.7, 130.105, 262.313, 238.658, 157.036, 305.952, 336.716, 142.073, 239.093, 297.238, 110.914, 137.205, 306.856, 218.529, 94.323, 305.93, 129.697, 259.082, 182.479, 214.868, 222.91, 392.461, 84.3362, 132.142, 401.037, 225.036, 134.575, 314.036, 150.469, 316.994, 142.024, 134.738, 126.406, 141.426, 99.96, 152.165, 218.481, 121.248, 153.271, 158.155, 224.612, 306.884, 119.619, 378.619, 299.006, 305.394, 143.4, 151.226, 227.388, 203.857, 105.159, 300.629, 376.453, 79.5899, 136.783, 283.819, 173.159, 90.1671, 97.0305, 173.436, 188.567, 172.679, 100.278, 115.462, 153.286, 293.552, 240.672, 124.14, 159.839, 84.0904, 161.325, 168.695, 73.0068, 138.102, 142.904, 214.218, 97.5859, 170.498, 222.38, 119.523, 90.0804, 138.974, 97.8107, 102.615, 339.478, 192.919, 158.921, 190.154];
HighestPossibleCritFunctionValue = 1.1;
