NumDevices = 64;
NumSlotes = 512;


GivenBandwidthOld = [0.0118759, 0.015963, 0.0197481, 0.0109901, 0.0154655, 0.00882547, 0.00974473, 0.00968617, 0.0130177, 0.0184089, 0.0160712, 0.0129205, 0.00966656, 0.00832406, 0.00754559, 0.0112684, 0.0174631, 0.0195233, 0.00864081, 0.0185429, 0.0187056, 0.0145708, 0.00908893, 0.0126245, 0.00945321, 0.0100352, 0.0173427, 0.00925104, 0.01228, 0.00799957, 0.0162429, 0.012139, 0.0131533, 0.01062, 0.00821867, 0.0111859, 0.0193621, 0.0117238, 0.00893543, 0.00773062, 0.00848012, 0.0179554, 0.0192422, 0.00863022, 0.0156108, 0.013669, 0.015351, 0.00877216, 0.0136203, 0.0083, 0.0155378, 0.011948, 0.0144292, 0.0160255, 0.0199429, 0.0109948, 0.0190434, 0.0179491, 0.0130204, 0.0133082, 0.0134964, 0.0139835, 0.0135746, 0.0165076];
GivenLatency = [255.39, 159.63, 136.436, 219.427, 201.94, 280.198, 322.997, 282.641, 239.811, 127.461, 190.391, 178.092, 237.751, 350.245, 305.221, 204.158, 137.182, 133.53, 385.137, 122.761, 167.506, 155.131, 274.471, 181.673, 301.004, 276.24, 131.758, 268.126, 182.926, 295.978, 199.252, 220.134, 225.64, 234.758, 380.13, 233.839, 169.857, 254.153, 334.838, 314.965, 318.002, 145.036, 123.782, 356.636, 193.948, 211.231, 182.151, 371.426, 235.325, 284.836, 183.069, 205.496, 191.106, 169.136, 140.752, 212.661, 119.943, 137.716, 198.456, 229.256, 179.343, 159.801, 231.023, 162.829];
HighestPossibleCritFunctionValue = 1.1;
