NumDevices = 16;
NumSlotes = 128;


GivenBandwidthOld = [0.0565784, 0.0329112, 0.0586625, 0.0606643, 0.0540406, 0.0799176, 0.0450281, 0.0570502, 0.0620724, 0.070692, 0.0409413, 0.0697292, 0.0588643, 0.0522574, 0.0596062, 0.0720753];
GivenLatency = [32.286, 55.1889, 33.2035, 23.2936, 34.024, 22.352, 30.6518, 31.3997, 31.0537, 19.2129, 34.253, 27.166, 28.7735, 33.4515, 32.5194, 18.7582];
HighestPossibleCritFunctionValue = 1.1;
