NumDevices = 32;
NumSlotes = 256;


GivenBandwidthOld = [0.0158681, 0.0157994, 0.00969024, 0.00879862, 0.0108954, 0.0145365, 0.00973695, 0.00644634, 0.0136764, 0.0168884, 0.0136247, 0.0110769, 0.0146532, 0.0085108, 0.0110986, 0.0159388, 0.0154119, 0.01102, 0.00857022, 0.00962011, 0.0051299, 0.0131853, 0.012347, 0.0111396, 0.00592538, 0.00779422, 0.0174242, 0.00580457, 0.0149322, 0.0106491, 0.0125549, 0.00577099];
GivenLatency = [23.6486, 20.8622, 57.6943, 45.6669, 39.1936, 22.3199, 51.0299, 72.0164, 25.7971, 24.4124, 38.424, 35.8446, 21.9135, 46.5046, 27.6678, 20.2413, 30.0964, 30.073, 46.7623, 37.2059, 62.9565, 31.4021, 31.6498, 35.7536, 63.5432, 43.4776, 20.9387, 71.035, 22.241, 50.2808, 28.867, 106.861];
HighestPossibleCritFunctionValue = 1.1;
