NumDevices = 128;
NumSlotes = 1024;


GivenBandwidthOld = [0.00408702, 0.00556837, 0.00876137, 0.00489001, 0.00768088, 0.00759565, 0.00640916, 0.00873557, 0.00871044, 0.0051974, 0.00517392, 0.00437581, 0.00925615, 0.00816513, 0.00885889, 0.00642818, 0.00961654, 0.00900688, 0.00615224, 0.00945734, 0.00820312, 0.00990258, 0.00389054, 0.00959778, 0.00620785, 0.00659365, 0.00952086, 0.00713429, 0.00857097, 0.00477224, 0.00961148, 0.00508265, 0.00787021, 0.00840349, 0.00866709, 0.00779721, 0.00642122, 0.00517161, 0.00922289, 0.00529574, 0.00800983, 0.00496564, 0.00993281, 0.0057411, 0.00573083, 0.00811087, 0.00934802, 0.00849063, 0.0044509, 0.00870909, 0.0073536, 0.00688945, 0.00592126, 0.00853484, 0.00383339, 0.00531186, 0.00392625, 0.00980933, 0.00542512, 0.00741025, 0.00900601, 0.00396092, 0.00497621, 0.00645003, 0.00819087, 0.00404104, 0.00774267, 0.00861249, 0.00894748, 0.00777704, 0.00502285, 0.00899932, 0.00408306, 0.00781849, 0.0078293, 0.00827785, 0.00962494, 0.00640609, 0.00709885, 0.00658606, 0.00684769, 0.00406665, 0.0068564, 0.00682359, 0.00528433, 0.00996575, 0.00934295, 0.00451137, 0.00629379, 0.00730532, 0.00793382, 0.00876444, 0.00639515, 0.00457621, 0.00858089, 0.00896109, 0.0053558, 0.00489169, 0.00464059, 0.00940402, 0.00579021, 0.00608702, 0.00699954, 0.00626806, 0.00609681, 0.00906162, 0.00744057, 0.00613207, 0.00802521, 0.00727412, 0.00871481, 0.0097346, 0.00560854, 0.00900858, 0.00965588, 0.00758175, 0.00403656, 0.00743304, 0.0046692, 0.00895439, 0.0052001, 0.00689249, 0.00703092, 0.00866131, 0.00438719, 0.00669932, 0.00415202, 0.00420919];
GivenLatency = [866.663, 679.936, 386.144, 806.82, 543.513, 519.12, 677.582, 468.723, 533.752, 895.44, 819.079, 1013.05, 514.93, 519.952, 553.092, 612.053, 458.805, 391.608, 743.886, 522.488, 408.639, 418.356, 1190.18, 376.375, 690.321, 715.484, 379.53, 612.51, 464.888, 823.065, 495.422, 667.005, 439.131, 460.425, 526.686, 527.283, 583.587, 773.94, 511.046, 739.391, 424.355, 738.541, 488.219, 581.431, 649.892, 499.171, 358.28, 578.758, 1045.64, 392.403, 525.346, 561.366, 568.106, 408.67, 1255, 862.411, 1041.58, 353.806, 663.987, 539.34, 393.124, 1260.25, 769.464, 559.146, 428.708, 891.381, 454.817, 412.278, 405.922, 628.146, 800.027, 377.525, 1152.83, 436.586, 475.569, 553.774, 518.552, 644.708, 587.022, 540.475, 728.651, 1109.63, 550.051, 544.21, 725.962, 428.879, 366.586, 839.098, 605.252, 521.983, 565.216, 460.594, 526.992, 855.055, 435.533, 463.344, 705.844, 747.519, 1048.17, 511.297, 670.842, 574.599, 702.586, 795.707, 557.27, 405.309, 597.681, 721.158, 615.179, 591.071, 479.495, 392.858, 641.184, 417.423, 363.506, 495.388, 1135.45, 655.845, 890.32, 394.068, 844.309, 597.515, 496.976, 424.453, 786.325, 623.463, 1100.1, 854.26];
HighestPossibleCritFunctionValue = 1.1;
