NumDevices = 32;
NumSlotes = 256;


GivenBandwidthOld = [0.0168879, 0.0191669, 0.0235791, 0.0296235, 0.0179656, 0.0333667, 0.0286153, 0.0216103, 0.0385586, 0.0394321, 0.0203165, 0.0201268, 0.0318734, 0.0306197, 0.0347998, 0.0399452, 0.0189471, 0.0285953, 0.035393, 0.034372, 0.024813, 0.0170417, 0.0293529, 0.0187603, 0.0150772, 0.0370522, 0.0220338, 0.0327493, 0.0269222, 0.0167863, 0.0370374, 0.0225022];
GivenLatency = [115.188, 113.593, 99.578, 65.4592, 119.481, 53.834, 75.1144, 88.6523, 58.6769, 49.5931, 104.884, 93.971, 63.1631, 63.9057, 51.8389, 61.5622, 92.457, 59.5881, 66.962, 71.1697, 74.7482, 114.587, 58.4147, 114.884, 120.565, 56.7957, 79.3735, 71.7358, 80.4132, 148.687, 59.9347, 86.0275];
HighestPossibleCritFunctionValue = 1.1;
