NumDevices = 128;
NumSlotes = 1024;


GivenBandwidthOld = [0.00952772, 0.00983336, 0.00931287, 0.0052215, 0.0039308, 0.00501865, 0.00726949, 0.00582516, 0.00603733, 0.00934846, 0.00954909, 0.00647591, 0.00559908, 0.00631304, 0.00575492, 0.00673343, 0.00872358, 0.00717762, 0.00552804, 0.00601981, 0.00863684, 0.00566876, 0.00862458, 0.00580712, 0.00902227, 0.00850925, 0.00502362, 0.00944961, 0.00966111, 0.00794512, 0.00495259, 0.0094756, 0.00889056, 0.00738254, 0.00579585, 0.00709879, 0.0056826, 0.00995427, 0.00387726, 0.0051818, 0.00550562, 0.00418326, 0.00425286, 0.0053972, 0.00698252, 0.00768262, 0.00553425, 0.00405637, 0.00920229, 0.00922714, 0.00809871, 0.00506482, 0.00815407, 0.00419643, 0.00684751, 0.0072898, 0.00961684, 0.00771523, 0.00984581, 0.00598668, 0.00812764, 0.00375605, 0.00536455, 0.00817036, 0.00920632, 0.00808597, 0.00961326, 0.0099786, 0.00656714, 0.00767374, 0.00630603, 0.0066174, 0.00861707, 0.00465109, 0.00455485, 0.0058864, 0.00390303, 0.00705144, 0.00978247, 0.00401672, 0.00523584, 0.00746057, 0.00486655, 0.00702286, 0.0045024, 0.0056534, 0.00676669, 0.00531328, 0.0090052, 0.00916289, 0.0094496, 0.00946691, 0.00666376, 0.00649554, 0.0042192, 0.00835348, 0.00570773, 0.00725131, 0.00651801, 0.00689053, 0.00538679, 0.00698197, 0.00466307, 0.00592797, 0.00886276, 0.00898605, 0.00596115, 0.00408843, 0.00417137, 0.00453341, 0.00803335, 0.00658155, 0.00617922, 0.00661576, 0.00610929, 0.0063881, 0.00477613, 0.00621865, 0.00692554, 0.0063828, 0.0094236, 0.0037602, 0.00644782, 0.00851274, 0.0072928, 0.00383278, 0.00760862, 0.00561185];
GivenLatency = [382.479, 403.598, 412.667, 707.65, 876.289, 814.232, 521.832, 762.977, 641.698, 421.315, 509.715, 652.679, 600.348, 531.386, 709.947, 653.311, 517.868, 480.971, 726.469, 627.72, 443.768, 602.785, 412.663, 727.189, 380.86, 526.321, 845.648, 423.803, 440.113, 507.232, 799.04, 392.443, 405.128, 513.921, 701.897, 626.882, 661.098, 490.3, 1032.25, 907.035, 906.191, 1115.92, 1003.95, 703.759, 590.624, 483.78, 790.605, 1007.23, 500.511, 422.326, 486.806, 852.358, 443.811, 874.674, 628.507, 577.047, 451.118, 478.151, 458.487, 640.926, 555.219, 1096.62, 854.589, 462.326, 376.145, 522.053, 378.902, 380.342, 511.401, 624.895, 782.491, 536.76, 451.047, 946.191, 830.327, 746.06, 930.618, 507.228, 430.24, 847.818, 840.2, 640.87, 720.962, 598.928, 789.965, 609.668, 563.239, 851.12, 493.749, 376.116, 515.935, 481.215, 526.653, 708.139, 1175.55, 406.323, 651.004, 497.177, 515.26, 539.51, 792.344, 604.928, 978.22, 742.1, 520.172, 455.721, 678.876, 904.704, 830.435, 975.601, 444.607, 681.553, 748.047, 647.268, 591.2, 646.598, 778.825, 554.052, 662.751, 693.922, 475.14, 1142.29, 644.496, 514.271, 458.057, 1001.94, 479.057, 796.122];
HighestPossibleCritFunctionValue = 1.1;
