NumDevices = 128;
NumSlotes = 1024;


GivenBandwidthOld = [0.0087289, 0.00916002, 0.00500189, 0.00669086, 0.00573768, 0.00448935, 0.0050335, 0.00682438, 0.00606935, 0.00375057, 0.00701471, 0.00502749, 0.00578033, 0.00868163, 0.0084497, 0.0041568, 0.00956605, 0.00405791, 0.00387299, 0.00827092, 0.00556316, 0.00871893, 0.0040954, 0.00892907, 0.00464626, 0.00476754, 0.00558496, 0.00637743, 0.00674201, 0.00927921, 0.0081363, 0.00550573, 0.00612914, 0.00865755, 0.00999296, 0.00423813, 0.00776682, 0.00813044, 0.00706811, 0.00868543, 0.00979165, 0.0082118, 0.00566572, 0.00754593, 0.00814914, 0.00880456, 0.00577295, 0.00963803, 0.00767553, 0.00510547, 0.0038492, 0.00844671, 0.00381573, 0.00852249, 0.00866929, 0.00729505, 0.00411766, 0.00807389, 0.00657434, 0.00375614, 0.00686383, 0.00670001, 0.00957338, 0.00861843, 0.00866697, 0.00571623, 0.00634546, 0.00693897, 0.00701937, 0.00831711, 0.00688068, 0.00859621, 0.0040475, 0.00382239, 0.00798163, 0.00605535, 0.00603104, 0.00999863, 0.00569278, 0.00609446, 0.00713281, 0.0087129, 0.00902166, 0.00445965, 0.0059002, 0.00465054, 0.00785437, 0.0046011, 0.00817639, 0.0044226, 0.00818735, 0.00732125, 0.00701113, 0.00732104, 0.00974425, 0.00542172, 0.00654766, 0.00525181, 0.00717994, 0.00695444, 0.00459358, 0.00685811, 0.00426242, 0.00967166, 0.00406012, 0.00968216, 0.00564478, 0.00552215, 0.0069908, 0.00936902, 0.0051257, 0.00634282, 0.00626033, 0.00744786, 0.00996914, 0.0037949, 0.00845246, 0.00677554, 0.00403313, 0.00599272, 0.0097099, 0.00933303, 0.00644891, 0.00807453, 0.00490472, 0.00485792, 0.00587135, 0.00733538];
GivenLatency = [453.876, 498.659, 962.877, 536.046, 705.504, 834.766, 692.568, 646.112, 811.203, 1070.74, 663.49, 789.158, 601.608, 404.535, 459.7, 877.955, 490.112, 885.912, 982.987, 477.95, 819.6, 382.951, 951.439, 486.235, 926.783, 736.161, 695.548, 589.003, 669.735, 380.566, 469.09, 627.155, 690.658, 484.831, 498.292, 794.083, 593.45, 421.325, 556.508, 506.582, 369.469, 478.141, 806.873, 508.018, 432.842, 465.081, 713.792, 355.044, 506.785, 828.868, 1110.94, 483.138, 1155.33, 422.293, 513.623, 619.276, 1214.02, 541.677, 562.081, 907.435, 516.311, 584.923, 512.409, 442.911, 432.9, 678.682, 609.866, 639.172, 550.268, 421.958, 598.07, 578.227, 1197.55, 1041.05, 572.503, 592.036, 623.224, 489.209, 801.746, 585.811, 504.918, 404.569, 394.282, 923.343, 653.367, 724.195, 495.243, 826.208, 420.937, 815.25, 478.239, 631.06, 545.658, 663.912, 400.899, 709.454, 564.559, 660.142, 477.774, 585.879, 834.223, 524.88, 1052.62, 421.994, 917.323, 458.751, 861.597, 798.599, 632.649, 432.726, 752.921, 532.841, 785.617, 467.261, 378.687, 992.728, 425.276, 520.417, 1024.98, 619.671, 513.403, 428.747, 584.009, 466.017, 845.299, 889.086, 816.777, 483.165];
HighestPossibleCritFunctionValue = 1.1;
