NumDevices = 128;
NumSlotes = 1024;


GivenBandwidthOld = [0.00712224, 0.00601279, 0.00950842, 0.00421509, 0.00794327, 0.00511513, 0.00997254, 0.00468254, 0.00812758, 0.00899356, 0.00723532, 0.00645433, 0.00546206, 0.00965442, 0.00813702, 0.00512541, 0.0076873, 0.00919684, 0.00500444, 0.00593301, 0.00612029, 0.00995297, 0.00700413, 0.0083715, 0.00850115, 0.00629456, 0.00762775, 0.00826325, 0.00793912, 0.00407192, 0.00793921, 0.0056008, 0.00384613, 0.00685049, 0.0073994, 0.00793032, 0.00607645, 0.00434609, 0.00979889, 0.00489897, 0.00830611, 0.00952981, 0.00754439, 0.00736017, 0.00495618, 0.00734058, 0.00688895, 0.00387276, 0.00447963, 0.00412014, 0.00586073, 0.00375525, 0.00441009, 0.00409243, 0.00892933, 0.00904449, 0.00696603, 0.0056359, 0.00628532, 0.00861026, 0.00886794, 0.00853449, 0.004255, 0.00997681, 0.00769775, 0.00982296, 0.00950382, 0.0082672, 0.00554225, 0.00742046, 0.00570158, 0.00396676, 0.00939999, 0.00692606, 0.00871236, 0.00607963, 0.00789959, 0.00842182, 0.00418716, 0.00731382, 0.00715525, 0.00456868, 0.00705555, 0.0038043, 0.0038568, 0.00496801, 0.0060384, 0.00863878, 0.00694398, 0.00994143, 0.00693536, 0.00892302, 0.00923285, 0.00405812, 0.00731791, 0.0070947, 0.00566332, 0.00467419, 0.00533433, 0.00667042, 0.00596618, 0.00730139, 0.00438479, 0.00398107, 0.00612209, 0.00888443, 0.00436399, 0.00431841, 0.00702021, 0.00987953, 0.00397842, 0.00523913, 0.00660454, 0.00499458, 0.00884763, 0.00457176, 0.00890431, 0.00728064, 0.00563821, 0.0076273, 0.00697015, 0.0059968, 0.00943985, 0.0080755, 0.00870758, 0.00711385, 0.00870535, 0.00709238];
GivenLatency = [685.103, 718.274, 400.875, 1036.67, 441.918, 815.125, 377.047, 1031.69, 534.422, 538.873, 568.674, 547.932, 625.917, 400.921, 480.04, 734.505, 530.78, 369.118, 891.686, 638.578, 816.018, 384.336, 541.464, 457.999, 543.597, 672.12, 566.509, 502.352, 517.204, 1055.36, 603.391, 740.997, 1236.2, 666.652, 474.275, 611.447, 820.066, 1102.67, 371.11, 682.146, 589.736, 500.285, 563.01, 536.555, 772.298, 559.254, 648.674, 985.542, 842.524, 1037.76, 803.809, 950.454, 1062.83, 962.037, 527.459, 400.766, 525.024, 796.868, 732.851, 423.58, 408.878, 462.217, 901.318, 482.585, 438.89, 410.381, 382.289, 509.231, 733.681, 452.452, 710.469, 960.255, 480.743, 702.923, 563.092, 809.066, 466.031, 540.757, 867.508, 495.973, 511.666, 731.509, 503.33, 966.804, 891.01, 962.698, 712.275, 393.735, 676.567, 441.371, 603.052, 508.349, 446.448, 826.932, 529.072, 488.29, 772.907, 844.931, 846.866, 606.189, 800.27, 627.803, 804.175, 846.037, 813.878, 514.252, 1041.97, 936.192, 689.338, 449.371, 1123.96, 874.224, 717.38, 982.122, 551.683, 757.663, 549.917, 529.423, 821.484, 450.716, 545.133, 559.398, 444.355, 447.112, 480.445, 589.405, 549.619, 667.275];
HighestPossibleCritFunctionValue = 1.1;
