NumDevices = 128;
NumSlotes = 1024;


GivenBandwidthOld = [0.00736007, 0.00948135, 0.0055563, 0.00592101, 0.00436681, 0.00799009, 0.00450246, 0.00656537, 0.00920746, 0.00847345, 0.00946182, 0.00861523, 0.00491879, 0.00384082, 0.00512489, 0.00525923, 0.0068089, 0.00843306, 0.00570048, 0.00423827, 0.00378319, 0.00525755, 0.00995182, 0.00641395, 0.00794422, 0.00843667, 0.00390449, 0.00653922, 0.00715146, 0.00959173, 0.00453392, 0.00413033, 0.00840916, 0.00404045, 0.0040863, 0.00594082, 0.00609331, 0.00652287, 0.00740271, 0.00730374, 0.006478, 0.0095744, 0.0069168, 0.00946932, 0.0096797, 0.00789408, 0.00963141, 0.00878893, 0.00553072, 0.00736505, 0.00568946, 0.00645005, 0.00848534, 0.00940032, 0.00614292, 0.00907371, 0.00431479, 0.00861643, 0.00632653, 0.00753429, 0.00636033, 0.0068887, 0.00584496, 0.00756885, 0.00594609, 0.00718175, 0.00609287, 0.00530583, 0.00884326, 0.0062109, 0.00787026, 0.00926277, 0.00694412, 0.00603905, 0.00708914, 0.00593448, 0.00582305, 0.00800057, 0.00561284, 0.00621539, 0.00837095, 0.00562232, 0.00940213, 0.00541234, 0.00514968, 0.00949402, 0.0059715, 0.00921677, 0.00881633, 0.00978155, 0.00728117, 0.00838555, 0.00718488, 0.00876614, 0.00378815, 0.00739537, 0.00891159, 0.00458047, 0.00522107, 0.00934031, 0.00382104, 0.00398771, 0.00527189, 0.00723941, 0.00654963, 0.00705291, 0.00951404, 0.00503781, 0.00416664, 0.00621027, 0.00973574, 0.00614413, 0.00445979, 0.00812323, 0.00463715, 0.0078236, 0.00630451, 0.00613039, 0.00466098, 0.00841656, 0.00960117, 0.00690961, 0.0072463, 0.00986248, 0.00489585, 0.00581069, 0.00649373, 0.00512324];
GivenLatency = [485.695, 368.644, 763.656, 777.198, 839.864, 493.766, 819.983, 603.308, 383.648, 520.995, 473.682, 422.316, 982.168, 1120.11, 750.311, 810.548, 560.24, 483.294, 673.712, 855.275, 1008.99, 767.385, 405.074, 739.652, 562.332, 502.036, 1196.73, 732.866, 598.519, 499.134, 866.777, 812.63, 573.645, 1066.69, 1084, 610.599, 598.204, 707.861, 619.297, 513.927, 556.639, 396.957, 549.171, 448.417, 468.074, 436.517, 366.404, 446.624, 690.174, 641.284, 638.356, 761.553, 414.796, 449.966, 645.096, 498.771, 836.569, 421.837, 755.184, 647.48, 612.845, 698.49, 671.139, 518.741, 684.365, 466.877, 684.014, 702.805, 452.166, 538.202, 527.971, 453.046, 598.109, 753.615, 591.823, 692.184, 736.859, 578.455, 843.164, 600.899, 430.584, 845.689, 365.169, 635.389, 732.052, 369.032, 614.05, 409.924, 473.981, 348.494, 539.042, 401.307, 494.656, 406.363, 1317.52, 472.051, 385.508, 790.686, 872.283, 362.212, 1197.14, 1242.85, 780.242, 528.774, 658.906, 489.197, 466.741, 789.624, 1097.45, 724.216, 511.541, 669.82, 844.596, 444.353, 985.363, 484.999, 578.541, 747.253, 736.036, 444.198, 491.796, 617.269, 461.575, 417.205, 824.675, 725.768, 655.485, 934.508];
HighestPossibleCritFunctionValue = 1.1;
