NumDevices = 128;
NumSlotes = 1024;


GivenBandwidthOld = [0.00760894, 0.0046674, 0.00993948, 0.00531858, 0.00430383, 0.00565483, 0.00569567, 0.00463419, 0.00811021, 0.00459156, 0.0040386, 0.00432363, 0.00719575, 0.00388865, 0.00899324, 0.00810733, 0.00611899, 0.00681985, 0.00498315, 0.00422024, 0.00708353, 0.00539121, 0.00632083, 0.00548797, 0.0075259, 0.00912397, 0.0052502, 0.00502948, 0.0079636, 0.00917036, 0.00993545, 0.00643911, 0.00585837, 0.00783201, 0.00384288, 0.00848329, 0.00614684, 0.00618378, 0.00828268, 0.0094935, 0.00973419, 0.0050022, 0.00575716, 0.00689084, 0.00426712, 0.00746843, 0.00561937, 0.00968913, 0.00402627, 0.00958817, 0.00708917, 0.00638905, 0.00820221, 0.00700219, 0.00708581, 0.0062525, 0.00704419, 0.00678244, 0.00746347, 0.00979671, 0.00578145, 0.00877406, 0.00557366, 0.00397278, 0.00430772, 0.00865014, 0.00418052, 0.00833071, 0.00430516, 0.00927641, 0.00481886, 0.00550262, 0.00377919, 0.00683011, 0.00863573, 0.00577102, 0.0085031, 0.00792353, 0.00445262, 0.00650206, 0.00757584, 0.00462465, 0.00392894, 0.00488574, 0.00471493, 0.00876623, 0.00523989, 0.00683295, 0.00647632, 0.00631338, 0.00521382, 0.00615088, 0.00530332, 0.00414979, 0.00425958, 0.00567978, 0.00628811, 0.00554358, 0.00464221, 0.00544823, 0.00846581, 0.00603551, 0.00375181, 0.00910956, 0.00691665, 0.00694053, 0.00817612, 0.00611942, 0.00779065, 0.00878493, 0.00708063, 0.0066615, 0.00601363, 0.00479012, 0.003777, 0.0075853, 0.0074704, 0.00753331, 0.00863372, 0.00949388, 0.00982281, 0.00702893, 0.00648014, 0.00799924, 0.00828249, 0.00638193, 0.00734807, 0.00771623];
GivenLatency = [492.419, 1013.96, 379.516, 628.237, 985.906, 694.227, 744.041, 829.966, 509.508, 1059.99, 986.001, 850.689, 619.016, 1145.08, 392.907, 465.662, 622.398, 514.554, 857.866, 839.771, 596.802, 695.384, 754.864, 671.546, 446.508, 502.338, 645.061, 778.021, 563.273, 514.231, 373.881, 544.538, 795.369, 437.447, 874.206, 421.358, 743.229, 576.984, 460.232, 464.742, 401.723, 718.554, 706.083, 643.575, 1042.24, 467.05, 731.163, 481.308, 899.503, 502.176, 490.712, 626.046, 547.825, 481.661, 523.78, 583.45, 562.277, 594.704, 655.461, 510.047, 646.162, 441.839, 674.043, 996.452, 1156.5, 525.564, 1030.91, 424.781, 935.637, 393.668, 795.985, 632.064, 988.629, 488.552, 436.497, 802.189, 464.881, 449.947, 1007.4, 715.865, 545.854, 788.212, 1152.05, 756.018, 795.055, 538.086, 678.363, 690.191, 531.224, 716.434, 641.469, 618.15, 678.105, 1039.6, 1045.63, 784.481, 654.722, 658.756, 1032.97, 877.2, 576.727, 748.481, 1057.73, 495.248, 530.792, 600.752, 597.16, 723.474, 474.748, 450.703, 592.611, 661.683, 781.103, 861.265, 987.928, 440.898, 453.301, 478.411, 566.417, 499.633, 344.677, 663.883, 719.444, 548.362, 499.486, 740.52, 609.653, 511.808];
HighestPossibleCritFunctionValue = 1.1;
