NumDevices = 16;
NumSlotes = 128;


GivenBandwidthOld = [0.0548731, 0.0722598, 0.0402549, 0.0343547, 0.0699662, 0.0417537, 0.0744853, 0.0439454, 0.059572, 0.0463171, 0.0713732, 0.038957, 0.0706823, 0.0772011, 0.0387408, 0.0365555];
GivenLatency = [28.5512, 20.2662, 42.9926, 52.5203, 23.043, 35.4826, 22.2567, 34.5541, 23.9136, 35.8874, 25.9991, 50.9244, 23.2525, 20.9492, 35.0692, 36.6689];
HighestPossibleCritFunctionValue = 1.1;
