NumDevices = 128;
NumSlotes = 1024;


GivenBandwidthOld = [0.0046612, 0.00834515, 0.00440004, 0.00405117, 0.00552456, 0.00378324, 0.0074374, 0.00795642, 0.00613228, 0.00766639, 0.00651215, 0.00719542, 0.00591007, 0.00806847, 0.00429771, 0.00414689, 0.00426215, 0.00651833, 0.00603322, 0.00784875, 0.00646768, 0.00477328, 0.00703119, 0.00577421, 0.00466721, 0.00425424, 0.00858302, 0.00738276, 0.00453426, 0.00483963, 0.00723235, 0.00653947, 0.0063876, 0.00389263, 0.00599864, 0.00664398, 0.00791792, 0.00398444, 0.0039405, 0.00540179, 0.00546242, 0.00432319, 0.00740468, 0.00795637, 0.00518607, 0.0047478, 0.0038287, 0.00639447, 0.00435107, 0.00590284, 0.00660361, 0.00440262, 0.00732669, 0.00714721, 0.00563205, 0.00540937, 0.00775733, 0.00500512, 0.00851952, 0.00502084, 0.00770667, 0.00854353, 0.00863085, 0.00615624, 0.00547995, 0.00401871, 0.00495622, 0.00676726, 0.00481054, 0.00820342, 0.00744335, 0.00784144, 0.00859568, 0.00504157, 0.00615209, 0.0056588, 0.00489548, 0.00586349, 0.00510483, 0.00443843, 0.00418321, 0.00472005, 0.00740878, 0.00694918, 0.0073498, 0.00557324, 0.00696116, 0.00868217, 0.008731, 0.00442396, 0.00599463, 0.00431752, 0.00712235, 0.00786617, 0.00430087, 0.00725045, 0.00577764, 0.00730654, 0.00849485, 0.00543571, 0.00552834, 0.00737367, 0.00669674, 0.00454006, 0.00725167, 0.00638545, 0.00774494, 0.00675885, 0.00856433, 0.00826035, 0.00428117, 0.00605181, 0.00519766, 0.00460029, 0.00461707, 0.00665273, 0.00499356, 0.00419132, 0.00594889, 0.00544894, 0.00787338, 0.00541961, 0.00488686, 0.00595247, 0.0056194, 0.00775005, 0.00758955, 0.00507161];
GivenLatency = [238.78, 133.182, 275.014, 295.043, 198.058, 338.941, 157.607, 139.174, 163.734, 132.473, 170.694, 161.472, 181.073, 124.693, 240.36, 276.926, 226.303, 160.671, 193.382, 140.161, 178.676, 226.269, 184.509, 200.117, 254.941, 233.91, 116.667, 143.398, 210.759, 241.824, 158.197, 148.702, 189.842, 285.076, 210.313, 163.729, 147.284, 244.104, 264.929, 195.79, 192.566, 246.789, 130.706, 141.067, 197.103, 220.555, 335.697, 169.512, 253.686, 168.141, 156.408, 278.639, 164.427, 163.188, 219.531, 204.594, 141.039, 202.639, 133.535, 255.321, 125.782, 115.786, 122.988, 185.738, 196.261, 320.851, 251.664, 155.58, 210.897, 140.925, 142.219, 128.12, 131.381, 211.052, 175.368, 205.458, 203.691, 188.784, 227.63, 224.207, 252.44, 256.891, 156.956, 159.295, 161.693, 198.446, 154.574, 140.216, 127.581, 260.325, 166.811, 248.457, 150.256, 126.936, 237.549, 142.535, 193.747, 163.356, 136.306, 203.013, 183.576, 158.083, 160.641, 214.874, 141.383, 159.872, 141.857, 149.189, 114.504, 116.23, 276.808, 197.49, 195.392, 215.373, 252.264, 157.61, 253.303, 237.444, 207.513, 188.671, 137.264, 184.931, 217.203, 206.646, 200.249, 159.325, 132.065, 237.086];
HighestPossibleCritFunctionValue = 1.1;
