NumDevices = 128;
NumSlotes = 1024;


GivenBandwidthOld = [0.00308024, 0.00267682, 0.00373801, 0.00159637, 0.00391057, 0.00181698, 0.00242551, 0.00177606, 0.00211446, 0.0021465, 0.00308601, 0.00274085, 0.00166162, 0.00371067, 0.00154116, 0.00420281, 0.0041927, 0.00297044, 0.00426344, 0.00128408, 0.00207554, 0.00419494, 0.00310068, 0.00249922, 0.00320765, 0.00354094, 0.00191301, 0.00391619, 0.0024606, 0.0041138, 0.00194065, 0.00283106, 0.00218785, 0.00429908, 0.00340888, 0.0042937, 0.00355626, 0.00314587, 0.00259842, 0.00169763, 0.00263901, 0.00251617, 0.00368574, 0.00433454, 0.00241522, 0.00383306, 0.00225441, 0.00430443, 0.00263708, 0.00140631, 0.00339071, 0.00210499, 0.00230678, 0.00323225, 0.00129197, 0.00352566, 0.00146708, 0.00282249, 0.00197746, 0.00267608, 0.00382096, 0.00201331, 0.00210531, 0.00140877, 0.0041155, 0.00240775, 0.00336854, 0.00434769, 0.00163432, 0.00424722, 0.00357336, 0.00304969, 0.00173746, 0.00328067, 0.00255028, 0.00197714, 0.00359642, 0.00323146, 0.00360896, 0.00147359, 0.00295469, 0.0018966, 0.00311217, 0.00185716, 0.00261152, 0.00308084, 0.00350122, 0.00314168, 0.00416105, 0.00231234, 0.00282547, 0.00208987, 0.00138595, 0.00185284, 0.00196599, 0.00363074, 0.00186856, 0.00369723, 0.00366503, 0.00311472, 0.00403181, 0.00195059, 0.0042648, 0.00223688, 0.00340466, 0.00213112, 0.00395578, 0.00236292, 0.00300685, 0.00364543, 0.00179046, 0.00356092, 0.00342399, 0.00203276, 0.00400065, 0.003222, 0.00397161, 0.00269377, 0.00425092, 0.00335812, 0.00435646, 0.00210195, 0.00428353, 0.00133506, 0.00278443, 0.00291975, 0.00215788, 0.00368014];
GivenLatency = [107.911, 222.05, 101.555, 310.238, 94.3215, 295.575, 178.596, 360.738, 235.356, 215.351, 101.633, 145.453, 195.806, 164.949, 298.788, 135.431, 84.0999, 118.762, 152.724, 250.883, 174.414, 121.062, 114.589, 198.855, 138.335, 153.56, 271.573, 151.415, 130.178, 84.6994, 267.527, 112.602, 246.481, 125.339, 110.095, 134.188, 170.008, 122.723, 179.394, 281.145, 165.981, 132.208, 163.584, 111.82, 243.861, 126.688, 226.518, 136.449, 130.165, 297.543, 188.053, 251.109, 260.492, 146.765, 308.097, 126.464, 377.226, 134.73, 215.938, 212.661, 101.539, 278.485, 180.36, 334.96, 129.831, 139.279, 104.857, 78.3989, 194.153, 76.1768, 104.52, 143.03, 219.438, 176.297, 134.339, 303.782, 177.381, 115.954, 102.794, 261.111, 109.097, 167.607, 121.204, 283.478, 193.244, 179.902, 114.902, 167.917, 113.826, 152.193, 111.629, 249.497, 398.588, 284.234, 169.026, 143.357, 272.505, 94.1475, 135.816, 121.776, 147.414, 161.491, 95.4641, 160.099, 114.906, 169.647, 88.9838, 175.882, 135.871, 169.258, 247.423, 129.448, 100.049, 269.44, 135.287, 119.917, 144.089, 180.228, 77.3794, 117.264, 87.9601, 152.098, 79.0197, 303.05, 180.58, 211.508, 203.009, 100.993];
HighestPossibleCritFunctionValue = 1.1;
