NumDevices = 32;
NumSlotes = 256;


GivenBandwidthOld = [0.019278, 0.0152718, 0.0229983, 0.0227456, 0.0150649, 0.0259124, 0.0204743, 0.0221613, 0.0341797, 0.0285965, 0.0314692, 0.0330047, 0.0198336, 0.0326739, 0.0208679, 0.0164699, 0.0202877, 0.0261575, 0.0186688, 0.0170242, 0.0153469, 0.0246879, 0.0200952, 0.0295044, 0.0303718, 0.0294389, 0.0301059, 0.0205232, 0.023912, 0.0193978, 0.0295347, 0.0204259];
GivenLatency = [48.4815, 58.1345, 39.5991, 36.7711, 75.451, 37.9301, 50.0076, 45.5166, 27.5348, 32.7539, 27.1112, 31.108, 44.4889, 31.3478, 42.4653, 53.4763, 46.027, 41.4498, 46.5016, 60.9746, 72.5575, 45.5182, 42.8425, 38.9118, 29.401, 38.8595, 36.7821, 48.9143, 41.6743, 44.9828, 29.3587, 42.5278];
HighestPossibleCritFunctionValue = 1.1;
