NumDevices = 16;
NumSlotes = 128;


GivenBandwidthOld = [0.0327069, 0.0198075, 0.0189349, 0.0284793, 0.0172646, 0.0308502, 0.014974, 0.0331257, 0.0341202, 0.0238748, 0.0281294, 0.0112662, 0.0158622, 0.0114168, 0.021624, 0.0243961];
GivenLatency = [15.6062, 27.7932, 25.2219, 21.0215, 21.075, 12.9624, 21.8808, 14.2438, 17.7592, 23.5913, 11.3858, 39.3087, 26.9489, 31.9203, 17.0755, 22.2428];
HighestPossibleCritFunctionValue = 1.1;
