NumDevices = 32;
NumSlotes = 256;


GivenBandwidthOld = [0.0252075, 0.0217988, 0.0322432, 0.0218888, 0.0194789, 0.0176578, 0.0349902, 0.015896, 0.0238198, 0.0245997, 0.0327553, 0.0286169, 0.0240747, 0.0342532, 0.0285189, 0.0268257, 0.0202356, 0.033924, 0.020763, 0.0238358, 0.018875, 0.0166248, 0.0236731, 0.0343112, 0.0287387, 0.0211276, 0.0259479, 0.0165138, 0.0329577, 0.0297447, 0.0288393, 0.0364848];
GivenLatency = [70.8731, 110.5, 72.6727, 98.3829, 88.5025, 139.084, 61.6935, 151.2, 70.1524, 73.8605, 58.5254, 75.8723, 72.2603, 52.9599, 66.5393, 82.5995, 99.362, 71.3025, 97.0237, 70.0274, 100.548, 122.49, 102.92, 49.9928, 84.672, 93.1533, 77.2561, 127.7, 64.6885, 70.5342, 69.8686, 52.9318];
HighestPossibleCritFunctionValue = 1.1;
