NumDevices = 64;
NumSlotes = 512;


GivenBandwidthOld = [0.0135943, 0.0140837, 0.00941949, 0.00832714, 0.00926488, 0.00986642, 0.00994894, 0.0168895, 0.0168546, 0.00974492, 0.00790708, 0.00923672, 0.0165012, 0.0112397, 0.0106132, 0.0112249, 0.0118006, 0.0084255, 0.0123077, 0.0106509, 0.0153858, 0.0143517, 0.0131763, 0.0091848, 0.0139394, 0.014555, 0.0107977, 0.0126033, 0.00782923, 0.0109314, 0.0085164, 0.0101559, 0.0158921, 0.0127301, 0.010392, 0.0130571, 0.015811, 0.010298, 0.0136412, 0.0133453, 0.00970996, 0.0102277, 0.0114479, 0.00976342, 0.00877461, 0.00989679, 0.0103696, 0.00756427, 0.00764986, 0.0161542, 0.00889033, 0.0147778, 0.0155746, 0.00786495, 0.0111598, 0.00794087, 0.0171355, 0.0117382, 0.00841804, 0.0169754, 0.0100425, 0.0086396, 0.0106875, 0.010032];
GivenLatency = [73.1998, 72.5767, 101.946, 137.01, 107.722, 126.416, 95.9079, 56.6965, 58.5858, 111.282, 118.978, 133.667, 67.1139, 94.858, 101.997, 100.18, 90.4478, 108.305, 94.4703, 95.0918, 64.1473, 64.09, 76.3479, 115.078, 84.7761, 77.0875, 93.6876, 83.9082, 126.337, 86.6361, 109.869, 111.268, 73.1827, 77.0292, 102.691, 76.0264, 67.1542, 111.169, 75.365, 69.8945, 95.1004, 96.5708, 87.6601, 94.1669, 115.359, 103.929, 89.8078, 164.227, 144.539, 57.0696, 108.971, 66.6867, 59.9552, 127.775, 82.483, 131.117, 54.7418, 82.4019, 118.241, 71.9322, 99.4017, 119.423, 90.9459, 110.264];
HighestPossibleCritFunctionValue = 1.1;
