NumDevices = 32;
NumSlotes = 256;


GivenBandwidthOld = [0.0192544, 0.0183587, 0.0251187, 0.0197273, 0.0270084, 0.0207098, 0.0203732, 0.0219771, 0.0186821, 0.0200619, 0.0308024, 0.0265051, 0.0216308, 0.0181003, 0.021814, 0.0182025, 0.0197348, 0.0325279, 0.0263868, 0.0336426, 0.0219659, 0.0302911, 0.0318714, 0.0332982, 0.0324116, 0.0309735, 0.0214593, 0.0158028, 0.0283661, 0.018575, 0.020728, 0.0251589];
GivenLatency = [59.9446, 49.5774, 33.689, 54.3276, 33.0524, 50.7292, 47.5059, 47.9652, 44.662, 44.8903, 27.9305, 43.9475, 41.1961, 56.8688, 50.8062, 61.2989, 47.6849, 34.8744, 42.2873, 30.8666, 42.4436, 32.2527, 35.8923, 26.8854, 30.4158, 31.4217, 47.001, 67.5627, 29.9946, 63.2277, 40.5306, 36.9597];
HighestPossibleCritFunctionValue = 1.1;
