NumDevices = 128;
NumSlotes = 1024;


GivenBandwidthOld = [0.00735985, 0.00456987, 0.00833191, 0.00697158, 0.0038124, 0.0075817, 0.00816043, 0.00477093, 0.0074869, 0.00479206, 0.00765575, 0.00773267, 0.00556255, 0.007302, 0.00720192, 0.00508471, 0.00628258, 0.00874415, 0.00544067, 0.00378949, 0.00739434, 0.00414112, 0.00731453, 0.00781757, 0.00744757, 0.00377633, 0.00620385, 0.00554968, 0.00602154, 0.00647262, 0.00790271, 0.00827089, 0.00638102, 0.00835996, 0.00834754, 0.00456204, 0.00665325, 0.00868607, 0.00426647, 0.00411209, 0.00439097, 0.00646096, 0.00681909, 0.00593075, 0.00562755, 0.00475847, 0.00810878, 0.00684196, 0.00525357, 0.00432509, 0.00427295, 0.00799129, 0.00705357, 0.00680648, 0.00407039, 0.00849487, 0.00579428, 0.00693211, 0.0054315, 0.00475253, 0.00827104, 0.0038668, 0.00673454, 0.00493195, 0.00872369, 0.00651936, 0.00840803, 0.00634225, 0.00672914, 0.00411891, 0.0039451, 0.00783143, 0.00536177, 0.00768596, 0.00537936, 0.008326, 0.00756886, 0.0073652, 0.0043845, 0.00783487, 0.00808856, 0.00686134, 0.00612152, 0.00688681, 0.00408214, 0.00609121, 0.0074158, 0.00486028, 0.00422374, 0.00590677, 0.00751745, 0.00828512, 0.00546232, 0.00773127, 0.00696088, 0.00405581, 0.00845598, 0.00722788, 0.0064354, 0.00728431, 0.00487333, 0.00861742, 0.00539511, 0.00816255, 0.00543953, 0.00464098, 0.00849191, 0.00604549, 0.00408951, 0.00486465, 0.00766995, 0.0063604, 0.00666135, 0.0048089, 0.00562729, 0.0053622, 0.00504474, 0.00444235, 0.00500822, 0.00564865, 0.00442401, 0.00685424, 0.00677048, 0.00403291, 0.00870341, 0.00579039, 0.00663268, 0.00792306];
GivenLatency = [157.421, 278.803, 122.962, 146.543, 268.101, 149.301, 130.504, 263.393, 149.012, 202.109, 134.912, 144.131, 215.778, 176.531, 139.827, 227.35, 201.688, 111.245, 194.498, 295.305, 138.947, 250.15, 155.321, 127.172, 145.835, 288.135, 202.457, 177.057, 206.568, 149.559, 146.564, 129.786, 155.127, 116.895, 116.575, 265.823, 194.999, 139.127, 287.063, 236.215, 282.602, 195.135, 140.668, 205.659, 220.09, 205.722, 147.377, 141.979, 221.165, 243.695, 272.955, 121.946, 135.989, 160.589, 297.915, 124.124, 221.27, 164.397, 184.737, 239.812, 135.738, 252.437, 142.612, 243.169, 111.584, 157.112, 136.541, 186.248, 168.307, 296.164, 253.457, 127.417, 194.156, 138.594, 215.332, 140.194, 127.246, 136.078, 234.397, 158.306, 118.574, 146.664, 183.632, 145.816, 288.386, 161.056, 145.478, 225.657, 264.383, 182.251, 146.171, 155.237, 182.438, 139.1, 179.131, 250.527, 136.486, 136.119, 189.189, 165.254, 230.375, 114.064, 180.488, 122.481, 211.717, 269.663, 144.92, 162.031, 263.794, 199.14, 150.136, 164.383, 176.3, 260.04, 204.456, 229.87, 235.255, 216.663, 201.405, 211.023, 250.573, 157.325, 141.789, 309.519, 122.494, 212.25, 150.066, 133.28];
HighestPossibleCritFunctionValue = 1.1;
