NumDevices = 32;
NumSlotes = 256;


GivenBandwidthOld = [0.0222786, 0.0270232, 0.0285879, 0.0262453, 0.0346385, 0.0190444, 0.029248, 0.0211853, 0.031117, 0.0335618, 0.0225534, 0.0247651, 0.0173611, 0.0181775, 0.0199244, 0.019803, 0.0191016, 0.0312412, 0.0209675, 0.0300568, 0.0151354, 0.030453, 0.0335543, 0.0166888, 0.0182717, 0.0218969, 0.0317179, 0.0332803, 0.0318934, 0.0219383, 0.0274008, 0.0346532];
GivenLatency = [42.5271, 33.9549, 29.5693, 34.7175, 28.7253, 54.1482, 36.5901, 44.6891, 28.8299, 34.7761, 50.0479, 37.5597, 49.0879, 46.7345, 56.3279, 57.5666, 58.7943, 27.2912, 52.2181, 30.754, 76.9338, 34.2022, 35.0256, 68.3624, 60.8119, 52.3454, 27.6946, 27.8961, 27.1791, 53.4601, 31.2765, 26.0966];
HighestPossibleCritFunctionValue = 1.1;
