NumDevices = 8;
NumSlotes = 64;


GivenBandwidthOld = [0.123547, 0.0883721, 0.109016, 0.0739512, 0.138292, 0.117669, 0.105786, 0.0899911];
GivenLatency = [10.3746, 14.816, 13.8908, 16.6745, 8.40837, 13.1256, 13.462, 13.4655];
HighestPossibleCritFunctionValue = 1.1;
