NumDevices = 16;
NumSlotes = 128;


GivenBandwidthOld = [0.0450662, 0.0475473, 0.0676167, 0.0535117, 0.0309652, 0.0513731, 0.0473907, 0.0360247, 0.047908, 0.0490899, 0.0338482, 0.0673554, 0.061533, 0.0443668, 0.0532554, 0.0439623];
GivenLatency = [19.3416, 17.5493, 13.3701, 15.3837, 31.9603, 15.1036, 20.3508, 30.487, 18.8578, 16.9654, 25.0932, 11.9701, 16.8023, 23.5536, 17.2429, 24.0224];
HighestPossibleCritFunctionValue = 1.1;
