NumDevices = 64;
NumSlotes = 512;


GivenBandwidthOld = [0.0127449, 0.00897555, 0.0170608, 0.0162922, 0.0079697, 0.0117938, 0.0128988, 0.015394, 0.0118129, 0.014472, 0.0152791, 0.0106455, 0.0137255, 0.00929212, 0.0076562, 0.0126752, 0.00790199, 0.0136837, 0.0169547, 0.0123328, 0.0117341, 0.0101012, 0.0157304, 0.0158487, 0.014119, 0.0135061, 0.012157, 0.0174118, 0.015435, 0.0112196, 0.0130618, 0.0151069, 0.0166983, 0.0136491, 0.0160304, 0.00875502, 0.010618, 0.0123245, 0.0123996, 0.0152359, 0.0155022, 0.0112335, 0.0171103, 0.0171305, 0.0169751, 0.0162958, 0.00886966, 0.0173077, 0.0150408, 0.0163575, 0.0161388, 0.00910527, 0.0173148, 0.014976, 0.0171919, 0.00989874, 0.0130519, 0.00884453, 0.0150269, 0.0124131, 0.0122524, 0.0108232, 0.0101284, 0.0126134];
GivenLatency = [94.1695, 124.35, 64.4867, 63.6951, 129.118, 77.4134, 84.1212, 64.7578, 78.4041, 63.6124, 62.4386, 94.0769, 88.3083, 117.601, 120.069, 85.0824, 122.55, 82.1716, 54.9656, 97.1284, 81.7051, 93.4225, 71.6244, 64.4989, 71.0558, 71.5335, 98.5776, 59.8251, 61.5827, 97.002, 70.181, 81.3413, 59.6003, 77.6102, 58.6709, 116.789, 99.603, 98.7856, 95.8282, 63.1131, 65.0933, 82.8227, 71.4834, 56.8492, 57.3202, 71.3494, 127.005, 71.8447, 68.6855, 66.6574, 69.3805, 102.296, 71.0024, 75.9357, 53.4422, 107.687, 79.7225, 124.128, 82.1131, 83.5139, 98.5075, 95.9939, 92.0536, 85.3881];
HighestPossibleCritFunctionValue = 1.1;
