NumDevices = 16;
NumSlotes = 128;


GivenBandwidthOld = [0.0301265, 0.0253733, 0.0145405, 0.0219115, 0.0322511, 0.0347734, 0.0264222, 0.0184278, 0.0318587, 0.0137691, 0.0315508, 0.0143725, 0.0228808, 0.0234283, 0.0238773, 0.0205421];
GivenLatency = [16.7053, 18.9223, 24.152, 20.7913, 9.74409, 8.72936, 18.2643, 33.6539, 12.2748, 26.7928, 14.1721, 27.573, 18.6707, 14.2607, 22.4553, 18.6005];
HighestPossibleCritFunctionValue = 1.1;
