NumDevices = 128;
NumSlotes = 1024;


GivenBandwidthOld = [0.00604578, 0.00390296, 0.00455049, 0.00761126, 0.00495103, 0.00449538, 0.00627726, 0.0044776, 0.00752902, 0.00771322, 0.00861414, 0.00529094, 0.00729997, 0.00804083, 0.00473938, 0.00727989, 0.00554282, 0.0057091, 0.00540586, 0.00376036, 0.0079044, 0.00681159, 0.00483687, 0.0057346, 0.00383638, 0.00549356, 0.0077816, 0.00793458, 0.00398974, 0.00809063, 0.00668884, 0.00690951, 0.00568268, 0.00634221, 0.00595304, 0.00517414, 0.00434333, 0.0057911, 0.00849867, 0.00459824, 0.00519999, 0.00870635, 0.00514078, 0.00854417, 0.00440099, 0.00491033, 0.00541001, 0.008518, 0.00459848, 0.00416714, 0.00455347, 0.00770057, 0.00600279, 0.0064498, 0.00422708, 0.00709075, 0.00664866, 0.00655012, 0.00532262, 0.00483904, 0.00726249, 0.00818191, 0.00587976, 0.00866258, 0.00447025, 0.0039157, 0.00872222, 0.00679891, 0.00683503, 0.00381551, 0.00483594, 0.00519514, 0.00726957, 0.00723621, 0.00647842, 0.00526552, 0.00505131, 0.00482902, 0.00382188, 0.00691331, 0.00457047, 0.0083798, 0.00676089, 0.0077053, 0.00555357, 0.00637818, 0.0055223, 0.00571742, 0.00525881, 0.00734639, 0.00820713, 0.00470474, 0.00501128, 0.00706152, 0.00548881, 0.00800273, 0.00433736, 0.00557741, 0.00710585, 0.00557756, 0.00454776, 0.00668284, 0.00596434, 0.0051105, 0.00467008, 0.00756623, 0.00806079, 0.00514654, 0.00533237, 0.008677, 0.00681557, 0.00677925, 0.00631321, 0.00862345, 0.00687796, 0.00538078, 0.00719729, 0.00729186, 0.00671448, 0.00773838, 0.00651337, 0.00769237, 0.00811571, 0.00818309, 0.00564721, 0.00523098, 0.00461278, 0.00448641];
GivenLatency = [189.676, 254.695, 265.609, 143.284, 203.392, 251.779, 161.25, 219.876, 137.883, 146.772, 131.402, 223.626, 170.126, 142.294, 226.291, 161.791, 189.947, 225.291, 180.417, 290.361, 136.537, 163.06, 236.938, 171.421, 250.485, 192.927, 128.568, 163.554, 277.351, 133.78, 147.031, 142.204, 224.959, 196.039, 174.154, 218.012, 284.927, 186.928, 148.206, 241.713, 213.284, 124.19, 207.733, 118.031, 289.531, 203.312, 212.974, 143.305, 248.072, 262.372, 249.489, 129.888, 165.316, 152.928, 304.442, 139.579, 171.468, 161.464, 222.56, 208.698, 154.378, 135.573, 201.647, 124.384, 260.599, 251.943, 109.613, 147.493, 153.692, 266.796, 221.365, 231.997, 154.546, 167.712, 196.515, 230.06, 218.267, 220.655, 315.542, 173.817, 211.167, 136.23, 169.169, 150.171, 197.03, 193.967, 207.993, 219.74, 232.395, 164.087, 133.743, 263.148, 220.458, 135.435, 190.6, 128.887, 232.07, 176.655, 156.312, 180.942, 225.543, 146.779, 172.406, 205.113, 207.723, 170.188, 134.64, 192.228, 213.939, 138.842, 190.529, 147.288, 152.573, 138.125, 155.507, 224.831, 140.025, 174.214, 157.313, 127.532, 153.455, 159.89, 146.384, 137.995, 176.626, 200.131, 227.804, 259.691];
HighestPossibleCritFunctionValue = 1.1;
