NumDevices = 8;
NumSlotes = 64;


GivenBandwidthOld = [0.038096, 0.0589533, 0.0580908, 0.062425, 0.0576205, 0.0575389, 0.0363484, 0.0382897];
GivenLatency = [13.9981, 8.97798, 9.18695, 6.2516, 6.83229, 5.93467, 14.1967, 10.2428];
HighestPossibleCritFunctionValue = 1.1;
