NumDevices = 16;
NumSlotes = 128;


GivenBandwidthOld = [0.0206447, 0.015168, 0.0193413, 0.0345577, 0.0258713, 0.0347039, 0.0331118, 0.0251245, 0.0327582, 0.0318544, 0.0176281, 0.0162104, 0.0125542, 0.0140467, 0.0225169, 0.0317695];
GivenLatency = [25.4126, 23.0142, 17.0669, 16.0168, 15.4249, 14.8715, 14.2581, 25.1423, 11.7742, 11.2893, 24.5792, 28.2365, 43.4629, 23.0491, 17.1324, 14.3486];
HighestPossibleCritFunctionValue = 1.1;
