NumDevices = 32;
NumSlotes = 256;


GivenBandwidthOld = [0.03933, 0.0285823, 0.0175878, 0.0337662, 0.0181582, 0.0193978, 0.0286042, 0.0362405, 0.0298735, 0.0195844, 0.0158131, 0.0315977, 0.0233314, 0.0159474, 0.037293, 0.0177664, 0.0356662, 0.0264268, 0.015781, 0.0166338, 0.0248678, 0.0385137, 0.0346062, 0.0360324, 0.0314198, 0.0319248, 0.0202566, 0.0376356, 0.0263675, 0.0180316, 0.0177897, 0.0270046];
GivenLatency = [51.8851, 63.673, 134.637, 66.9489, 104.025, 91.5597, 69.3859, 50.0479, 59.615, 102.844, 120.224, 54.464, 74.7046, 110.602, 46.2917, 105.183, 48.2576, 75.0377, 126.495, 137.916, 87.7711, 45.0689, 54.508, 47.8895, 57.1533, 56.096, 97.5733, 65.9545, 74.5071, 115.059, 112.461, 69.5401];
HighestPossibleCritFunctionValue = 1.1;
