NumDevices = 16;
NumSlotes = 128;


GivenBandwidthOld = [0.0201989, 0.0228509, 0.0204557, 0.0137694, 0.0116638, 0.0230095, 0.0348378, 0.0345595, 0.0307135, 0.0165785, 0.0250955, 0.0195438, 0.0125536, 0.0287059, 0.0249259, 0.0193474];
GivenLatency = [29.1127, 18.424, 18.3741, 24.7955, 27.9802, 15.4254, 9.35681, 11.5363, 10.3076, 27.7632, 19.8142, 16.7585, 24.5031, 10.7696, 14.1198, 21.8386];
HighestPossibleCritFunctionValue = 1.1;
