NumDevices = 32;
NumSlotes = 256;


GivenBandwidthOld = [0.0233702, 0.0186855, 0.0328032, 0.0339804, 0.0188952, 0.0309876, 0.0178968, 0.0267093, 0.0385016, 0.0310542, 0.0387579, 0.0392876, 0.0164349, 0.0318815, 0.018112, 0.0176428, 0.0320146, 0.0292009, 0.0151878, 0.0220605, 0.0309568, 0.0263576, 0.0274225, 0.0255775, 0.0161448, 0.0310038, 0.0158338, 0.0288215, 0.0373979, 0.0322212, 0.0267146, 0.0274256];
GivenLatency = [86.89, 107.917, 71.964, 65.6151, 124.696, 75.0547, 123.746, 92.2946, 51.2458, 62.7543, 47.5534, 60.8164, 103.997, 53.0794, 102.787, 104.868, 66.6686, 74.0612, 144.369, 87.4576, 55.7285, 64.7626, 60.8403, 70.4361, 142.185, 59.9637, 107.11, 79.8058, 65.0291, 61.8232, 65.8525, 82.1028];
HighestPossibleCritFunctionValue = 1.1;
