NumDevices = 32;
NumSlotes = 256;


GivenBandwidthOld = [0.0173986, 0.0277513, 0.0262047, 0.0329404, 0.0392567, 0.0216603, 0.0298731, 0.0379477, 0.0217688, 0.0282845, 0.0380195, 0.02933, 0.034903, 0.0239319, 0.0333863, 0.0330747, 0.0212053, 0.0318721, 0.0347843, 0.0299002, 0.0174564, 0.0255659, 0.0206558, 0.0222471, 0.0171947, 0.0261638, 0.0191501, 0.0399253, 0.0345296, 0.0248115, 0.0161078, 0.0341612];
GivenLatency = [106.937, 65.2158, 70.2564, 71.6987, 59.6771, 86.3223, 81.6443, 63.4405, 87.2098, 88.0414, 60.78, 62.3409, 58.4094, 77.7403, 57.2201, 51.0302, 98.2857, 61.7934, 58.4121, 70.5431, 133.5, 68.6715, 96.1114, 90.9952, 118.455, 76.0932, 90.5443, 59.6015, 54.4546, 84.1613, 125.876, 54.5195];
HighestPossibleCritFunctionValue = 1.1;
