NumDevices = 128;
NumSlotes = 1024;


GivenBandwidthOld = [0.00621168, 0.00725859, 0.0077006, 0.00643313, 0.00405508, 0.00618572, 0.00596825, 0.00585521, 0.00602098, 0.00707085, 0.0072155, 0.00837537, 0.00727079, 0.00774149, 0.0037718, 0.0050998, 0.0048632, 0.00831022, 0.00736404, 0.00498391, 0.00710028, 0.0069455, 0.00551557, 0.00773588, 0.0044338, 0.00635913, 0.00531618, 0.00653778, 0.00800785, 0.0055114, 0.00764746, 0.00829511, 0.00834463, 0.00575175, 0.00716452, 0.00653143, 0.00621446, 0.00398472, 0.00867635, 0.00589047, 0.00857696, 0.00539777, 0.00785155, 0.0084444, 0.00758901, 0.00597095, 0.00627331, 0.0080862, 0.00721069, 0.00754083, 0.00619902, 0.00450528, 0.00776398, 0.0066797, 0.0081916, 0.00869732, 0.00831884, 0.00724567, 0.00554495, 0.00649068, 0.00630791, 0.00462304, 0.0069088, 0.00866349, 0.00481482, 0.00519158, 0.00740705, 0.00771382, 0.00859988, 0.00567021, 0.00668661, 0.00433065, 0.00778527, 0.00449531, 0.0052391, 0.00599, 0.00648303, 0.00777322, 0.00704009, 0.00535487, 0.00683163, 0.00663614, 0.00607115, 0.00526724, 0.00399224, 0.00512735, 0.0078527, 0.0077699, 0.00621851, 0.00708094, 0.00687107, 0.00457019, 0.0037503, 0.00387075, 0.00826709, 0.00753429, 0.00623807, 0.0056896, 0.00765082, 0.00480717, 0.00653992, 0.00399186, 0.00863835, 0.00724179, 0.00528516, 0.00522113, 0.00410906, 0.0084305, 0.003938, 0.00843625, 0.00563475, 0.00569321, 0.0082918, 0.00773566, 0.00570183, 0.00822254, 0.00869632, 0.00651563, 0.00561453, 0.0059182, 0.00465744, 0.00504919, 0.00424999, 0.00711779, 0.00611638, 0.00543149, 0.004544, 0.00844667];
GivenLatency = [182.375, 153.742, 161.61, 190.697, 244.436, 191.719, 181.45, 181.137, 188.833, 179.163, 147.665, 150.276, 134.94, 139.649, 304.449, 200.653, 225.891, 116.955, 174.19, 255.385, 135.37, 175.604, 205.3, 164.122, 256.747, 149.806, 215.911, 170.707, 144.725, 235.627, 153.368, 136.505, 144.304, 192.12, 143.234, 196.713, 179.181, 263.821, 137.823, 204.544, 113.577, 192.017, 123.27, 112.938, 159.701, 193.315, 193.794, 138.823, 149.084, 127.954, 181.622, 236.371, 133.771, 190.369, 127.433, 120.825, 115.455, 151.461, 199.198, 167.639, 185.574, 239.354, 172.845, 123.464, 258.092, 244.732, 163.506, 150.629, 117.479, 185.663, 182.486, 298.688, 146.505, 239.174, 202.889, 180.475, 153.965, 151.245, 183.4, 229.712, 162.776, 194.412, 183.804, 227.405, 268.561, 190.601, 147.643, 140.36, 208.682, 183.106, 171.425, 255.99, 294.102, 255.748, 118.157, 136.959, 163.69, 182.18, 153.848, 241.503, 176.166, 266.133, 149.187, 144.866, 230.22, 246.712, 241.862, 121.819, 244.105, 137.82, 178.503, 199.561, 152.388, 167.311, 191.232, 130.79, 111.025, 181.787, 229.033, 175.269, 233.606, 222.682, 265.647, 158.936, 189.633, 213.859, 250.362, 140.335];
HighestPossibleCritFunctionValue = 1.1;
