NumDevices = 16;
NumSlotes = 128;


GivenBandwidthOld = [0.0623201, 0.0330976, 0.041454, 0.0378054, 0.0649645, 0.0776798, 0.0343599, 0.0571801, 0.0462497, 0.0379537, 0.0575555, 0.0545588, 0.0399059, 0.0677584, 0.0358159, 0.0781104];
GivenLatency = [22.7676, 58.9584, 38.6467, 42.9794, 21.3284, 21.342, 45.5031, 24.2345, 35.8858, 52.0258, 23.9868, 26.7385, 35.6154, 23.0785, 49.4449, 21.8751];
HighestPossibleCritFunctionValue = 1.1;
