NumDevices = 64;
NumSlotes = 512;


GivenBandwidthOld = [0.0110871, 0.00774283, 0.0137406, 0.0190733, 0.0194613, 0.015677, 0.0137334, 0.00972003, 0.0195034, 0.0119427, 0.0136057, 0.0127596, 0.01803, 0.00976221, 0.0159815, 0.0189217, 0.00938466, 0.00790408, 0.0113204, 0.016643, 0.0113169, 0.00796763, 0.0169327, 0.0184714, 0.0163293, 0.014237, 0.0117025, 0.0142806, 0.0195763, 0.0107228, 0.0109151, 0.0179163, 0.012454, 0.0189588, 0.00808769, 0.0097299, 0.0104045, 0.0105144, 0.00854395, 0.0156611, 0.00809847, 0.0159062, 0.0161426, 0.0145305, 0.0183067, 0.0100044, 0.0108084, 0.0115732, 0.0154342, 0.019695, 0.0181339, 0.0192597, 0.0146282, 0.0105789, 0.0166425, 0.0159789, 0.012017, 0.0126476, 0.0110974, 0.0191006, 0.0168489, 0.00960744, 0.0147525, 0.012717];
GivenLatency = [231.475, 348.551, 178.835, 153.05, 168.435, 154.397, 228.053, 284.021, 138.379, 253.162, 211.235, 209.909, 173.63, 276.283, 142.814, 124.965, 323.839, 396.061, 196.794, 183.557, 257.654, 292.959, 164.32, 171.96, 167.532, 181.014, 197.781, 156.03, 133.022, 263.053, 258.902, 166.158, 240.888, 127.797, 358.201, 265.468, 217.203, 228.815, 320.665, 152.906, 282.997, 179.612, 204.087, 206.64, 123.704, 281.316, 293.899, 202.594, 201.115, 162.972, 149.077, 150.99, 201.675, 286.882, 155.14, 166.422, 188.821, 243.552, 224.992, 138.89, 137.161, 254.307, 155.443, 256.558];
HighestPossibleCritFunctionValue = 1.1;
