NumDevices = 16;
NumSlotes = 128;


GivenBandwidthOld = [0.0585597, 0.032103, 0.0748846, 0.0549376, 0.0569535, 0.0371182, 0.065083, 0.0703376, 0.033831, 0.0681746, 0.0307684, 0.0452902, 0.0618599, 0.0496129, 0.0635112, 0.052915];
GivenLatency = [25.9515, 51.1674, 24.6157, 25.3644, 29.8429, 37.4815, 28.6908, 26.5122, 39.6085, 25.9572, 63.5514, 42.5554, 29.6696, 33.5999, 30.9165, 35.3937];
HighestPossibleCritFunctionValue = 1.1;
