NumDevices = 128;
NumSlotes = 1024;


GivenBandwidthOld = [0.00674509, 0.00720856, 0.00681279, 0.00501544, 0.00698301, 0.00592649, 0.0039557, 0.00589448, 0.00602551, 0.00818283, 0.00641284, 0.00802608, 0.00690926, 0.00641903, 0.00718598, 0.00728561, 0.00675528, 0.00840773, 0.00620557, 0.00453265, 0.00767779, 0.00810402, 0.0067105, 0.005879, 0.005893, 0.00609973, 0.00571596, 0.00558047, 0.00844668, 0.00583702, 0.00534925, 0.00737525, 0.00838642, 0.00799363, 0.00641156, 0.00653159, 0.00389715, 0.00685005, 0.00629066, 0.00468944, 0.00786676, 0.00413287, 0.00856987, 0.00629773, 0.00841452, 0.00532836, 0.00619793, 0.00603313, 0.0063572, 0.00799601, 0.00651098, 0.00748905, 0.00599411, 0.00542548, 0.00849129, 0.00554528, 0.00707373, 0.00576215, 0.00701371, 0.00686016, 0.00616381, 0.00763478, 0.00517423, 0.00573579, 0.00399437, 0.00579759, 0.00762972, 0.00514687, 0.00592478, 0.00531889, 0.0071546, 0.00481751, 0.00547038, 0.00809964, 0.00807892, 0.00495286, 0.00523704, 0.00644758, 0.00695897, 0.00690121, 0.00611109, 0.00653967, 0.00466164, 0.00575324, 0.0071511, 0.00604692, 0.00810018, 0.00727565, 0.00435002, 0.00827313, 0.00392435, 0.00407582, 0.00474627, 0.00800438, 0.00707413, 0.00747166, 0.00870179, 0.00852485, 0.00462866, 0.00632357, 0.00778987, 0.00685005, 0.00632181, 0.00820983, 0.00517594, 0.00456039, 0.00398347, 0.00775529, 0.00565209, 0.00720993, 0.00479762, 0.00611086, 0.00769547, 0.00527317, 0.00375305, 0.00508605, 0.00377141, 0.00863225, 0.00466583, 0.00618406, 0.00806802, 0.00679426, 0.00860788, 0.00521555, 0.00529085, 0.00577202, 0.00791845, 0.00791233];
GivenLatency = [176.323, 134.667, 143.175, 224.132, 182.637, 217.285, 270.033, 161.776, 196.573, 150.794, 174.25, 143.851, 177.437, 179.53, 163.77, 140.448, 152.804, 142.583, 162.525, 261.893, 144.845, 128.25, 143.952, 214.009, 202.026, 199.892, 204.635, 175.772, 144.595, 194.822, 181.295, 159.883, 122.726, 153.314, 183.863, 190.857, 259.876, 157.029, 156.337, 267.468, 157.296, 275.606, 129.542, 174.206, 114.922, 208.214, 163.858, 163.489, 174.577, 162.211, 197.976, 165.352, 204.075, 234.321, 146.258, 212.722, 155.623, 183.959, 178.902, 164.765, 187.339, 130.58, 218.972, 215.755, 246.581, 175.445, 152.495, 185.389, 181.196, 211.501, 148.574, 206.633, 192.484, 124.261, 152.962, 202.805, 192.958, 181.735, 151.129, 146.707, 184.077, 165.995, 258.549, 221.799, 135.764, 191.933, 140.152, 171.296, 242.912, 135.214, 281.906, 292.941, 265.58, 150.702, 162.283, 132.744, 143.621, 113.485, 225.406, 196.013, 148.246, 158.509, 155.861, 120.541, 235.434, 246.723, 310.902, 127.676, 225.528, 173.898, 224.865, 191.173, 128.254, 239.176, 272.112, 207.17, 262.177, 110.685, 213.418, 169.563, 141.298, 173.562, 117.24, 226.95, 195.026, 171.204, 129.878, 156.041];
HighestPossibleCritFunctionValue = 1.1;
