NumDevices = 128;
NumSlotes = 1024;


GivenBandwidthOld = [0.00271741, 0.00156123, 0.00393483, 0.00328961, 0.00293084, 0.0042112, 0.00137027, 0.00393131, 0.00359394, 0.00215521, 0.0026874, 0.00338534, 0.00245676, 0.0019755, 0.00412966, 0.00277858, 0.00149063, 0.00179163, 0.00434378, 0.00152219, 0.00415576, 0.00403365, 0.00162395, 0.00183487, 0.00297081, 0.00408966, 0.0024704, 0.00314382, 0.00262439, 0.00380452, 0.00387176, 0.00261858, 0.00300695, 0.0021579, 0.00403419, 0.00133446, 0.00199784, 0.00150801, 0.0032364, 0.00238182, 0.00194199, 0.00348428, 0.00287207, 0.00408029, 0.0042469, 0.00145149, 0.00325835, 0.00247066, 0.00430738, 0.00227463, 0.00343589, 0.00194467, 0.00158591, 0.00318009, 0.00271841, 0.0026916, 0.00216624, 0.00365384, 0.00251515, 0.00205518, 0.00273029, 0.00241211, 0.00158048, 0.00246426, 0.00314966, 0.00381426, 0.00197501, 0.00217293, 0.00350393, 0.00187478, 0.00188829, 0.00399363, 0.00404441, 0.0012962, 0.00274154, 0.00391279, 0.00161418, 0.00331735, 0.00345691, 0.00220847, 0.00395373, 0.00212889, 0.00393179, 0.00225261, 0.00217552, 0.00335557, 0.00201264, 0.00324137, 0.00146828, 0.00421514, 0.00204964, 0.00326002, 0.00236565, 0.00193255, 0.00406042, 0.00157148, 0.00437295, 0.00432405, 0.00433707, 0.00129919, 0.00305658, 0.0019682, 0.00336511, 0.0030086, 0.0017841, 0.00290844, 0.00279996, 0.00149297, 0.00358648, 0.00171999, 0.00347527, 0.00138766, 0.00238832, 0.00181489, 0.00164209, 0.00353433, 0.0033393, 0.00360058, 0.00428548, 0.00295386, 0.00361018, 0.00324663, 0.00242442, 0.00226046, 0.00286155, 0.00217903, 0.00291733, 0.00225891];
GivenLatency = [200.872, 312.43, 106.169, 96.4009, 150.79, 97.597, 274.644, 96.2349, 105.096, 295.747, 242.734, 97.8696, 190.52, 255.963, 127.764, 147.215, 225.979, 204.067, 94.6941, 371.23, 101.936, 100.715, 274.512, 177.166, 146.513, 77.6399, 142.768, 126.953, 176.632, 146.518, 100.326, 148.353, 205.096, 210.954, 117.973, 409.174, 217.36, 299.099, 115.565, 155.549, 298.476, 90.5011, 144, 79.7007, 91.3136, 226.129, 141.581, 153.701, 112.606, 216.855, 156.574, 178.075, 252.871, 112.685, 191.36, 198.673, 163.492, 164.922, 179.331, 181.902, 224.484, 234.169, 376.329, 158.98, 133.792, 163.05, 185.262, 239.42, 118.91, 248.745, 305.49, 122.451, 151.94, 304.186, 149.439, 123.449, 200.766, 104.214, 135.479, 172.4, 131.045, 209.443, 99.9384, 171.536, 260.414, 167.786, 207.473, 106.104, 383.874, 141.388, 314.633, 107.25, 149.874, 265.446, 107.5, 411.305, 101.97, 138.452, 129.037, 306.951, 210.963, 280.303, 153.757, 112.566, 243.009, 143.688, 174.295, 376.047, 94.6541, 312.738, 189.141, 336.746, 161.449, 226.226, 200.048, 153.621, 137.054, 91.8202, 82.3185, 183.028, 179.651, 126.047, 229.88, 138.974, 174.595, 196.45, 214.049, 201.221];
HighestPossibleCritFunctionValue = 1.1;
