NumDevices = 32;
NumSlotes = 256;


GivenBandwidthOld = [0.0369108, 0.0198151, 0.0168857, 0.0333433, 0.0356615, 0.0223823, 0.0387168, 0.0228909, 0.0367317, 0.0342885, 0.0210901, 0.0209937, 0.025524, 0.0160675, 0.0323135, 0.0279409, 0.0378783, 0.0300031, 0.0222521, 0.0265195, 0.0234852, 0.0259138, 0.0178392, 0.0334908, 0.0396166, 0.020973, 0.0281099, 0.0273443, 0.0359402, 0.0318548, 0.0186561, 0.0379302];
GivenLatency = [54.333, 88.8938, 134.178, 66.5587, 50.8595, 77.7268, 56.9317, 80.2191, 52.0044, 56.2392, 90.4173, 87.7819, 87.0859, 134.974, 75.2216, 65.8787, 51.4033, 60.1743, 109.255, 64.5433, 79.6592, 64.7023, 98.9871, 50.3717, 47.219, 85.8697, 68.0396, 62.2951, 63.9892, 65.4404, 108.694, 58.3459];
HighestPossibleCritFunctionValue = 1.1;
