NumDevices = 128;
NumSlotes = 1024;


GivenBandwidthOld = [0.00462149, 0.00594016, 0.00378634, 0.00457327, 0.0054821, 0.00510042, 0.00533246, 0.00509404, 0.00804749, 0.00667888, 0.0045061, 0.00645946, 0.00662824, 0.00827899, 0.00744292, 0.0056991, 0.00721022, 0.00462453, 0.0070417, 0.00727793, 0.00774204, 0.00794673, 0.00816422, 0.00853846, 0.00844637, 0.00572413, 0.00802764, 0.00797432, 0.00684173, 0.0064851, 0.00756472, 0.00775426, 0.00836626, 0.00430108, 0.00576867, 0.00661723, 0.00834505, 0.0077819, 0.00795578, 0.00534617, 0.00557522, 0.00514723, 0.00704986, 0.00442265, 0.00399185, 0.00858376, 0.00476572, 0.00493804, 0.00613646, 0.00805758, 0.00619018, 0.0058018, 0.00835485, 0.00754232, 0.00621026, 0.00836481, 0.00480646, 0.00471854, 0.00708207, 0.00580141, 0.00685678, 0.00434758, 0.00722335, 0.00533327, 0.00382458, 0.00728532, 0.00687812, 0.00800429, 0.00563694, 0.00752993, 0.00811845, 0.00430787, 0.00491701, 0.00775339, 0.00375177, 0.00852777, 0.00872633, 0.00587989, 0.00577194, 0.00653491, 0.00466214, 0.00410577, 0.00822474, 0.00571493, 0.00828048, 0.00745443, 0.00416244, 0.00569889, 0.00871614, 0.00457902, 0.0070456, 0.00792654, 0.0038089, 0.00861799, 0.00509531, 0.00438562, 0.00656599, 0.00708074, 0.00852514, 0.00453501, 0.00736296, 0.00676635, 0.00461775, 0.00810295, 0.00872374, 0.00744585, 0.0048514, 0.00490029, 0.00673175, 0.00810447, 0.00433358, 0.0069731, 0.00436695, 0.00779448, 0.00432438, 0.00730193, 0.00607899, 0.00704287, 0.00703095, 0.00662322, 0.00399744, 0.00752543, 0.0074328, 0.00563154, 0.00686622, 0.00808086, 0.00756949, 0.00791526];
GivenLatency = [270.281, 198.515, 307.321, 258.778, 198.752, 186.874, 240.859, 196.544, 127.089, 162.897, 259.274, 188.602, 165.882, 140.323, 168.148, 182.507, 174.027, 273.775, 142.509, 168.242, 141.043, 135.095, 126.982, 146.472, 115.584, 171.269, 123.516, 124.311, 187.353, 160.279, 127.737, 149.18, 137.294, 263.07, 189.658, 167.739, 116.877, 123.216, 131.622, 201.632, 182.689, 195.907, 176.025, 216.313, 242.711, 121.604, 218.06, 201.842, 184.719, 154.105, 192.344, 175.689, 133.799, 138.78, 172.443, 115.359, 233.561, 246.232, 143.036, 214.114, 155.768, 267.866, 153.858, 194.442, 297.132, 142.216, 141.13, 161.863, 189.301, 142.588, 131.254, 234.708, 236.795, 149.606, 290.577, 126.879, 112.569, 191.955, 185.943, 147.034, 258.379, 263.039, 134.748, 169.538, 124.504, 145.944, 285.64, 223.986, 112.242, 209.912, 160.273, 125.273, 328.635, 141.764, 229.807, 284.707, 195.555, 147.434, 112.97, 249.836, 162.311, 177.012, 226.988, 121.274, 146.36, 141.979, 231.721, 213.455, 161.019, 135.152, 263.748, 163.737, 254.318, 142.235, 268.615, 148.657, 165.144, 170.459, 136.018, 168.749, 265.891, 144.667, 153.152, 193.267, 145.499, 148.046, 139.553, 123.851];
HighestPossibleCritFunctionValue = 1.1;
