NumDevices = 128;
NumSlotes = 1024;


GivenBandwidthOld = [0.0066378, 0.00394202, 0.00606149, 0.00788538, 0.00704465, 0.00690021, 0.00427629, 0.00415355, 0.00616742, 0.00826671, 0.00617657, 0.00717356, 0.00848414, 0.0055094, 0.00400569, 0.00613971, 0.0075331, 0.00627992, 0.00420299, 0.00718461, 0.004226, 0.00381629, 0.00788641, 0.00445687, 0.00414433, 0.00633119, 0.0058468, 0.00470872, 0.00694885, 0.0067444, 0.00557862, 0.0073173, 0.00428468, 0.00518022, 0.00647553, 0.00669961, 0.00783001, 0.00645056, 0.00712024, 0.00744293, 0.00585645, 0.00677745, 0.00606954, 0.0082026, 0.00856324, 0.00491648, 0.00377874, 0.00673935, 0.0057927, 0.00544705, 0.0060334, 0.0058938, 0.0045326, 0.00691401, 0.00633127, 0.00718711, 0.00621263, 0.0081383, 0.00787274, 0.00463186, 0.00517275, 0.00591043, 0.00415731, 0.00438151, 0.0075315, 0.00447829, 0.00410136, 0.00409059, 0.00808972, 0.00642875, 0.00558406, 0.00375731, 0.00655548, 0.00541051, 0.00698387, 0.00533929, 0.00500021, 0.00598767, 0.00734895, 0.00634424, 0.0050816, 0.00397997, 0.0038059, 0.00830113, 0.00458236, 0.00820645, 0.00836358, 0.00426017, 0.00816716, 0.00787589, 0.00766283, 0.00667525, 0.00845928, 0.00763896, 0.00555234, 0.00574572, 0.00573986, 0.00729666, 0.00738228, 0.00639758, 0.00657819, 0.00715913, 0.00592982, 0.00492922, 0.00797457, 0.00606339, 0.00494109, 0.00740959, 0.00551517, 0.00600563, 0.00417057, 0.00734033, 0.00642848, 0.00601581, 0.00515037, 0.00472891, 0.00632851, 0.00574739, 0.00386223, 0.00505772, 0.00765244, 0.00703687, 0.00610088, 0.00491897, 0.00564359, 0.00433338, 0.00856021, 0.00402598];
GivenLatency = [156.375, 245.285, 186.116, 122.73, 148.568, 160.745, 239.399, 241.628, 171.763, 120.419, 165.982, 157.221, 142.23, 174.656, 271.039, 168.028, 138.113, 166.119, 285.288, 146.389, 268.364, 338.85, 145.064, 235.779, 241.748, 160.502, 172.18, 260.597, 149.277, 192.444, 178.041, 151.169, 242.357, 190.93, 164.928, 181.931, 151.983, 161.286, 149.315, 135.739, 216.551, 143.478, 172.541, 124.867, 122.162, 245.099, 256.3, 151.908, 186.021, 226.995, 159.109, 165.49, 229.753, 148.216, 152.475, 145.579, 194.397, 158.992, 132.889, 207.166, 228.78, 202.859, 239.199, 274.066, 153.81, 213.798, 268.373, 275.485, 136.143, 164.483, 212.349, 264.537, 172.681, 228.959, 154.567, 204.607, 198.384, 211.213, 144.717, 165.498, 198.23, 294.204, 261.902, 115.725, 222.343, 122.792, 151.785, 258.602, 146.368, 132.688, 132.939, 154.195, 132.217, 153.494, 207.995, 171.973, 222.137, 136.677, 130.055, 182.978, 177.669, 158.212, 193.655, 260.979, 154.424, 174.288, 203.389, 165.659, 206.586, 160.442, 302.595, 156.345, 174.15, 184.17, 229.03, 263.601, 158.879, 194.575, 317.53, 196.593, 168.599, 141.374, 172.241, 214.867, 178.381, 249.457, 126.761, 295.196];
HighestPossibleCritFunctionValue = 1.1;
