NumDevices = 128;
NumSlotes = 1024;


GivenBandwidthOld = [0.00610693, 0.00424147, 0.0076874, 0.00466761, 0.0073035, 0.0086807, 0.00520148, 0.0050695, 0.00553673, 0.00826246, 0.00713787, 0.00609619, 0.00488641, 0.00963565, 0.00511758, 0.00738386, 0.00926594, 0.00389367, 0.00586551, 0.00912663, 0.00623998, 0.00905018, 0.00884566, 0.00896544, 0.00965669, 0.00870722, 0.00721516, 0.00518632, 0.00646606, 0.00881575, 0.00630103, 0.00384917, 0.00803846, 0.00497586, 0.00675987, 0.00933179, 0.00432403, 0.00765911, 0.00410909, 0.00779355, 0.00745737, 0.00719565, 0.00852289, 0.00926688, 0.00713856, 0.00529925, 0.00452369, 0.00710913, 0.00435922, 0.00546273, 0.00839823, 0.00772247, 0.00648407, 0.00526589, 0.00632826, 0.00533798, 0.00537492, 0.00760868, 0.00663001, 0.00814491, 0.00652801, 0.00627843, 0.00535258, 0.00711641, 0.00800537, 0.0050325, 0.00877923, 0.00508655, 0.0045918, 0.00816442, 0.00943498, 0.00745894, 0.00865538, 0.00473183, 0.00529789, 0.00657051, 0.00808406, 0.00882029, 0.00760583, 0.00864434, 0.0067208, 0.00903364, 0.00582426, 0.00957922, 0.00676276, 0.00798206, 0.00702268, 0.00771294, 0.00880916, 0.00799475, 0.00780142, 0.00843896, 0.00487589, 0.00783484, 0.00761831, 0.00591334, 0.00682574, 0.00389363, 0.00526268, 0.0086785, 0.00574004, 0.00652377, 0.0099492, 0.00613411, 0.00479512, 0.0066524, 0.0094095, 0.00421601, 0.00471854, 0.00701969, 0.00744524, 0.00968236, 0.00890603, 0.00481847, 0.00522856, 0.00387899, 0.00923353, 0.00913576, 0.00975191, 0.00912538, 0.00403145, 0.00907464, 0.00751815, 0.00382778, 0.00479285, 0.00594118, 0.00592323, 0.00415359];
GivenLatency = [710.849, 800.46, 572.291, 798.539, 461.898, 552.79, 692.85, 876.217, 665.177, 554.262, 474.333, 595.749, 860.702, 506.933, 664.304, 491.081, 446.958, 1237.99, 582.458, 380.491, 561.705, 516.323, 438.607, 422.253, 470.01, 541.131, 575.705, 704.938, 591.907, 469.417, 593.904, 1271.68, 461.916, 964.62, 500.701, 495.195, 918.767, 525.421, 1068.78, 466.507, 640.005, 553.384, 405.692, 376.775, 544.384, 668.405, 741.315, 666.302, 885.589, 905.268, 535.972, 464.852, 557.802, 650.198, 582.198, 648.589, 633.616, 528.481, 583.113, 531.36, 677.429, 660.098, 697.287, 594.4, 424.715, 866.13, 413.726, 876.289, 774.657, 482.504, 476.115, 596.807, 473.55, 986.938, 874.711, 517.925, 533.495, 378.406, 471.607, 413.804, 610.414, 370.626, 665.055, 467.247, 636.915, 449.397, 508.581, 563.319, 431.693, 447.035, 495.165, 434.198, 850.78, 555.645, 482.923, 574.978, 529.226, 1064.01, 740.557, 456.81, 675.219, 706.78, 352.892, 596.98, 860.744, 537.766, 408.917, 934.385, 997.382, 560.401, 617.901, 399.606, 408.578, 916.85, 707.711, 1021.68, 396.667, 409.411, 495.1, 477.043, 1040.92, 370.434, 494.748, 1270.44, 974.844, 621.062, 708.96, 1168.71];
HighestPossibleCritFunctionValue = 1.1;
