NumDevices = 32;
NumSlotes = 256;


GivenBandwidthOld = [0.0281645, 0.0309372, 0.0317297, 0.0308189, 0.0240814, 0.0260553, 0.0209415, 0.0343129, 0.0272584, 0.0214044, 0.0345223, 0.0255271, 0.0234092, 0.0279676, 0.021773, 0.0284563, 0.0150357, 0.0345412, 0.0240913, 0.0322762, 0.016778, 0.0183968, 0.0247772, 0.0209976, 0.0167178, 0.0263721, 0.0260076, 0.0190267, 0.0316188, 0.0280092, 0.0212071, 0.0185218];
GivenLatency = [33.7038, 33.546, 35.8168, 35.7571, 41.7087, 37.4634, 42.3064, 33.841, 36.9254, 44.3869, 30.0307, 34.5568, 45.3931, 36.6274, 52.0812, 39.6222, 60.5009, 30.8427, 38.9262, 26.2508, 53.7451, 49.1451, 35.1336, 41.8801, 57.2186, 42.0135, 32.1406, 58.9833, 28.573, 39.6794, 52.8472, 48.9636];
HighestPossibleCritFunctionValue = 1.1;
