NumDevices = 16;
NumSlotes = 128;


GivenBandwidthOld = [0.0371885, 0.0471661, 0.040552, 0.0782874, 0.0461251, 0.0451563, 0.0623544, 0.060126, 0.0581516, 0.0737042, 0.0658785, 0.0401351, 0.0714689, 0.0479278, 0.0432435, 0.0628355];
GivenLatency = [46.2, 41.0271, 38.0116, 20.5989, 37.9322, 41.1488, 25.8489, 30.9017, 33.5587, 20.9139, 21.8469, 35.676, 23.0254, 39.3729, 32.9851, 24.7859];
HighestPossibleCritFunctionValue = 1.1;
