NumDevices = 16;
NumSlotes = 128;


GivenBandwidthOld = [0.0608016, 0.0319031, 0.0556602, 0.0612484, 0.0626236, 0.0553932, 0.0527277, 0.0542704, 0.0629357, 0.0597699, 0.0533687, 0.0682075, 0.0633723, 0.0388585, 0.0346692, 0.0651952];
GivenLatency = [13.9717, 28.05, 17.7767, 14.862, 15.1776, 19.5888, 20.7922, 19.6238, 14.4111, 15.1139, 15.0353, 16.0581, 14.7095, 20.4532, 30.4504, 15.5971];
HighestPossibleCritFunctionValue = 1.1;
