NumDevices = 16;
NumSlotes = 128;


GivenBandwidthOld = [0.0306788, 0.033595, 0.0212949, 0.0185553, 0.0247542, 0.0336596, 0.031772, 0.0323512, 0.0165752, 0.0199092, 0.0288498, 0.0188551, 0.0125644, 0.0349855, 0.0169629, 0.0348537];
GivenLatency = [17.4337, 14.7867, 15.0579, 19.1516, 15.3145, 9.13892, 19.3289, 18.474, 29.4134, 16.6032, 14.3633, 20.0912, 31.7635, 11.5356, 27.4508, 14.9948];
HighestPossibleCritFunctionValue = 1.1;
