NumDevices = 32;
NumSlotes = 256;


GivenBandwidthOld = [0.0230449, 0.0259784, 0.0291664, 0.0299212, 0.0152877, 0.0307999, 0.024365, 0.032195, 0.0319156, 0.0152167, 0.0169447, 0.0202711, 0.0264372, 0.0207826, 0.023661, 0.0202308, 0.0293751, 0.016746, 0.0201079, 0.0230311, 0.033215, 0.0343323, 0.0324822, 0.0184062, 0.0230134, 0.0167211, 0.0220278, 0.0306804, 0.0151544, 0.030302, 0.0156646, 0.0256689];
GivenLatency = [41.0042, 43.2496, 35.2429, 36.8168, 74.492, 29.6661, 37.5807, 31.058, 35.1506, 69.8563, 52.0735, 47.5929, 31.5562, 56.1369, 37.8579, 49.396, 32.2701, 61.085, 47.1699, 50.0729, 29.9873, 29.0542, 29.6015, 49.8186, 50.1594, 58.261, 48.4453, 29.6782, 75.3785, 34.0995, 67.4742, 42.1018];
HighestPossibleCritFunctionValue = 1.1;
