NumDevices = 64;
NumSlotes = 512;


GivenBandwidthOld = [0.00794922, 0.00634345, 0.00569522, 0.00451217, 0.00852372, 0.00562432, 0.00676163, 0.00263878, 0.00378377, 0.00385736, 0.00318413, 0.00688065, 0.00305456, 0.0042316, 0.00557255, 0.00537932, 0.00765081, 0.00338946, 0.00784955, 0.00606431, 0.00783934, 0.00320585, 0.0032635, 0.00336381, 0.00813676, 0.00820765, 0.0058876, 0.00671611, 0.00644116, 0.00414455, 0.00495468, 0.00836965, 0.00363882, 0.00508017, 0.00498381, 0.0041475, 0.00451893, 0.00346562, 0.00672668, 0.00276596, 0.00365896, 0.00606903, 0.00594133, 0.00348884, 0.00312803, 0.00785046, 0.00262504, 0.00396428, 0.00639766, 0.00426658, 0.00591036, 0.00799297, 0.00409035, 0.00643321, 0.00802485, 0.00865349, 0.00550874, 0.00795336, 0.00712625, 0.00580864, 0.00457681, 0.00747203, 0.00493757, 0.00823062];
GivenLatency = [60.3388, 53.3786, 73.8638, 90.2523, 36.7483, 68.6795, 81.2926, 239.909, 103.059, 85.0778, 145.825, 47.6249, 101.836, 90.528, 63.1563, 117.224, 72.9652, 100.403, 41.1007, 105.358, 53.2781, 116.669, 113.881, 130.681, 60.8464, 42.1809, 74.0723, 58.8122, 62.6765, 78.5345, 64.3227, 61.6934, 106.333, 123.911, 96.0275, 91.5763, 81.0995, 125.483, 53.7112, 142.733, 170.118, 54.1344, 62.3483, 96.0184, 151.233, 44.4387, 124.849, 139.642, 98.5856, 80.8753, 88.0364, 59.4139, 140.246, 100.008, 55.9817, 41.7815, 109.024, 66.9618, 59.2739, 83.8427, 129.74, 55.6797, 120.793, 73.6364];
HighestPossibleCritFunctionValue = 1.1;
