NumDevices = 64;
NumSlotes = 512;


GivenBandwidthOld = [0.0176194, 0.00865117, 0.0177851, 0.0194635, 0.0147714, 0.0173348, 0.0126954, 0.014324, 0.0116722, 0.0174951, 0.00779998, 0.0117015, 0.00941421, 0.017157, 0.0133481, 0.00847176, 0.0148953, 0.0127305, 0.0162196, 0.00773838, 0.013979, 0.0119194, 0.00878581, 0.0180924, 0.00971925, 0.0188817, 0.0115429, 0.0187774, 0.00921529, 0.0113201, 0.0125534, 0.0153899, 0.0133516, 0.0175394, 0.0151111, 0.0144435, 0.0191609, 0.0169305, 0.018935, 0.0199871, 0.016506, 0.0088826, 0.0198618, 0.00972977, 0.00824968, 0.0198729, 0.00900862, 0.0128135, 0.0114588, 0.0184683, 0.0135837, 0.0186023, 0.0160237, 0.0156828, 0.0105989, 0.0157605, 0.0174003, 0.0136286, 0.0113092, 0.0170539, 0.017924, 0.0160758, 0.0152285, 0.0126398];
GivenLatency = [134.399, 301.484, 150.646, 160.521, 217.402, 188.953, 177.316, 211.717, 204.286, 186.225, 286.2, 270.048, 315.554, 168.876, 228.161, 288.486, 150.541, 208.834, 150.548, 339.239, 167.273, 198.397, 291.518, 153.289, 241.057, 164.196, 221.607, 135.353, 280.768, 239.547, 205.675, 167.966, 225.195, 152.721, 162.801, 184.307, 137.62, 152.261, 164.413, 148.272, 173.107, 352.317, 136.754, 267.499, 372.256, 137.455, 317.011, 226.092, 237.128, 122.934, 200.393, 170.221, 141.508, 161.891, 218.204, 142.923, 180.446, 167.111, 250.533, 141.27, 134.96, 143.055, 210.463, 203.601];
HighestPossibleCritFunctionValue = 1.1;
