NumDevices = 32;
NumSlotes = 256;


GivenBandwidthOld = [0.013711, 0.010075, 0.0127287, 0.0138484, 0.00687202, 0.00553251, 0.0174682, 0.00842817, 0.00976022, 0.0100331, 0.00956504, 0.0170806, 0.00667701, 0.0155373, 0.00527767, 0.00930089, 0.0150464, 0.016557, 0.00579926, 0.013233, 0.014949, 0.00535148, 0.0123218, 0.0124731, 0.00538804, 0.0143217, 0.0123696, 0.0162287, 0.0132699, 0.00944262, 0.00957795, 0.00908335];
GivenLatency = [34.8525, 31.9264, 24.1375, 27.0151, 60.044, 58.7773, 25.2157, 46.7946, 41.2552, 33.3353, 46.5149, 17.8528, 49.5746, 22.7098, 69.9705, 50.6335, 26.5701, 25.8878, 58.3136, 40.0281, 21.0906, 96.3668, 38.9364, 29.773, 106.247, 26.1971, 26.9423, 20.2684, 31.6394, 56.2354, 53.6024, 50.6556];
HighestPossibleCritFunctionValue = 1.1;
