NumDevices = 32;
NumSlotes = 256;


GivenBandwidthOld = [0.0312882, 0.0302327, 0.0308547, 0.0246144, 0.0236151, 0.0285242, 0.0162357, 0.0229195, 0.0176898, 0.0220136, 0.0329818, 0.0152218, 0.023259, 0.0231829, 0.0255178, 0.0279736, 0.0217262, 0.0222715, 0.0275112, 0.031317, 0.0156211, 0.034491, 0.0195669, 0.0305099, 0.030137, 0.0217672, 0.0321401, 0.0294614, 0.026971, 0.0312048, 0.028337, 0.0292764];
GivenLatency = [35.2893, 27.6951, 35.7287, 38.6907, 36.8829, 33.5753, 60.8395, 41.9989, 65.1875, 46.5319, 33.5376, 60.9956, 38.1821, 36.1076, 44.246, 30.9062, 39.3684, 45.716, 37.8801, 28.272, 57.8973, 26.3232, 49.6892, 27.7133, 29.9809, 53.8464, 28.947, 35.2119, 39.531, 27.3145, 31.0283, 29.1515];
HighestPossibleCritFunctionValue = 1.1;
