NumDevices = 16;
NumSlotes = 128;


GivenBandwidthOld = [0.025796, 0.0184562, 0.0338121, 0.0199234, 0.0177552, 0.0269146, 0.0189481, 0.0263176, 0.0348219, 0.0172878, 0.0205177, 0.0314848, 0.0292928, 0.0134711, 0.0234966, 0.0230055];
GivenLatency = [18.133, 23.6658, 9.07334, 23.5242, 19.6371, 20.6365, 28.8702, 12.8081, 14.7257, 24.5168, 26.7579, 15.612, 15.5923, 30.2854, 20.0054, 20.2937];
HighestPossibleCritFunctionValue = 1.1;
