NumDevices = 32;
NumSlotes = 256;


GivenBandwidthOld = [0.0383035, 0.0270247, 0.0396938, 0.0182952, 0.0231974, 0.0384772, 0.021292, 0.0391108, 0.0197854, 0.0184716, 0.0374201, 0.0291031, 0.0203134, 0.0166078, 0.0370167, 0.0247449, 0.0226027, 0.0177456, 0.0353432, 0.0233962, 0.0297996, 0.0267599, 0.0393827, 0.0397852, 0.0293758, 0.028434, 0.0256138, 0.0253533, 0.0232018, 0.0369161, 0.0344155, 0.0305417];
GivenLatency = [54.6044, 73.2294, 55.8165, 116.922, 72.4697, 45.4905, 95.9696, 52.3286, 98.5378, 109.421, 62.3142, 64.1198, 88.1524, 128.038, 55.8107, 77.5616, 100.219, 131.633, 59.4117, 85.6128, 73.1917, 93.2602, 46.1515, 44.6332, 56.9676, 82.1278, 68.8401, 95.3523, 100.296, 60.8546, 51.4285, 76.0134];
HighestPossibleCritFunctionValue = 1.1;
