NumDevices = 128;
NumSlotes = 1024;


GivenBandwidthOld = [0.00226371, 0.00426105, 0.00178091, 0.00233834, 0.00229018, 0.00234599, 0.00275294, 0.00183735, 0.00403321, 0.00360376, 0.00158174, 0.00177933, 0.00396345, 0.00300297, 0.00411517, 0.0029975, 0.00279065, 0.00432728, 0.00233438, 0.00137204, 0.00238158, 0.00406011, 0.00268115, 0.00138975, 0.0032347, 0.00186371, 0.00331756, 0.00384725, 0.00321129, 0.00214052, 0.00262705, 0.00153596, 0.00431739, 0.00174997, 0.00417541, 0.00298232, 0.00391016, 0.0042936, 0.00194454, 0.00249368, 0.00373865, 0.00299437, 0.00317595, 0.00191799, 0.0030821, 0.00275336, 0.00255944, 0.00281072, 0.00411877, 0.00424348, 0.00330788, 0.00369534, 0.00317731, 0.00300174, 0.00207784, 0.00228608, 0.00220457, 0.00403626, 0.00175386, 0.0039632, 0.00206562, 0.00319307, 0.00209622, 0.00176483, 0.00399801, 0.00264097, 0.00429795, 0.00316093, 0.00264226, 0.00407076, 0.0035411, 0.00154725, 0.00338551, 0.00208948, 0.00408438, 0.004235, 0.00138569, 0.00368632, 0.00167292, 0.00297736, 0.00174099, 0.00336056, 0.00163419, 0.00212473, 0.00281127, 0.00399758, 0.00162996, 0.00284578, 0.0027532, 0.00299924, 0.00385666, 0.002044, 0.0021915, 0.00315862, 0.00135776, 0.00294151, 0.00226383, 0.0032288, 0.0026994, 0.00196522, 0.00327718, 0.00326537, 0.00175512, 0.00329571, 0.00221205, 0.00158988, 0.0042912, 0.00216141, 0.00365316, 0.00366476, 0.00171448, 0.00159665, 0.00234203, 0.00195024, 0.00143031, 0.00364388, 0.00391201, 0.00413004, 0.00293327, 0.0012785, 0.00217078, 0.00174596, 0.00242603, 0.00434665, 0.00284831, 0.00156855, 0.00192578, 0.00285628];
GivenLatency = [139.422, 101.222, 270.21, 143.192, 146.507, 136.188, 113.616, 231.618, 90.2564, 89.802, 268.53, 334.185, 79.4712, 105.675, 78.7513, 133.085, 136.936, 74.9045, 260.716, 322.331, 156.656, 132.044, 197.644, 292.799, 106.255, 196.028, 98.5032, 157.454, 125.788, 284.425, 134.383, 238.635, 93.4204, 250.94, 145.007, 117.177, 139.416, 120.448, 272.088, 237.781, 107.626, 161.379, 131.172, 176.815, 163.102, 142.594, 147.536, 223.299, 125.196, 98.5692, 154.222, 172.042, 128.392, 182.543, 245.268, 277.459, 157.504, 136.948, 283.414, 158.932, 231.241, 101.465, 230.837, 267.265, 111.662, 213.987, 152.282, 104.347, 138.672, 140.74, 124.342, 263.429, 149.093, 207.816, 87.5212, 85.3251, 436.379, 170.501, 236.93, 145.945, 242.226, 146.993, 214.697, 243.582, 135.715, 90.0253, 383.487, 139.287, 147.181, 108.237, 159.916, 186.371, 217.659, 108.913, 349.568, 137.007, 197.128, 167.549, 193.011, 333.68, 122.755, 115.147, 204.978, 128.506, 238.324, 317.224, 102.151, 153.097, 129.088, 95.5899, 266.288, 298.541, 176.207, 234.123, 453.478, 113.573, 118.794, 79.6041, 109.826, 400.309, 155.82, 199.691, 169.708, 112.297, 182.119, 279.651, 204.021, 212.075];
HighestPossibleCritFunctionValue = 1.1;
