NumDevices = 32;
NumSlotes = 256;


GivenBandwidthOld = [0.0247277, 0.03401, 0.0157305, 0.0174505, 0.0249716, 0.0325804, 0.0381396, 0.0223865, 0.0356695, 0.0319884, 0.0387119, 0.0166076, 0.0332831, 0.0246431, 0.0360837, 0.0187002, 0.0287326, 0.0189164, 0.0371654, 0.0243468, 0.0310323, 0.0195392, 0.0297097, 0.0158537, 0.0385954, 0.032728, 0.0193288, 0.0184389, 0.0376018, 0.033122, 0.0163284, 0.0160736];
GivenLatency = [72.4896, 62.8132, 149.795, 126.368, 69.2752, 59.2964, 48.7248, 93.3668, 68.5611, 61.0458, 62.9994, 144.164, 65.5382, 70.2715, 60.4361, 96.3523, 73.3627, 98.9469, 58.0625, 78.6548, 58.4856, 91.6807, 77.1273, 121.065, 50.6403, 73.5824, 112.718, 120.827, 44.721, 59.1696, 147.65, 120.151];
HighestPossibleCritFunctionValue = 1.1;
