NumDevices = 128;
NumSlotes = 1024;


GivenBandwidthOld = [0.0030754, 0.0025778, 0.0020331, 0.00347754, 0.00205136, 0.00406859, 0.00143625, 0.0033471, 0.00349922, 0.00396034, 0.00399061, 0.00330789, 0.00389484, 0.00303275, 0.00135365, 0.00273136, 0.00160594, 0.00236108, 0.00323293, 0.00331478, 0.00402815, 0.00297172, 0.00390071, 0.00171918, 0.00234086, 0.00401271, 0.00291146, 0.00356194, 0.0018032, 0.00199884, 0.00257533, 0.00426651, 0.00290067, 0.00340118, 0.00297221, 0.00274215, 0.00168289, 0.00187956, 0.00417887, 0.00172597, 0.00393597, 0.00365249, 0.00175748, 0.0024136, 0.00159057, 0.00333639, 0.00155986, 0.00290053, 0.00419827, 0.00287924, 0.0026616, 0.00406772, 0.00234459, 0.00426239, 0.0023489, 0.00174384, 0.00430718, 0.00194742, 0.00399254, 0.00131205, 0.00351272, 0.00267666, 0.00419632, 0.00131139, 0.00181463, 0.00350922, 0.00322875, 0.0017888, 0.00379357, 0.00422294, 0.00182252, 0.00178705, 0.00239438, 0.00357095, 0.00318008, 0.00252938, 0.00376796, 0.00193644, 0.00394487, 0.00327146, 0.00413159, 0.0039558, 0.00258275, 0.00382448, 0.00170991, 0.00287604, 0.0020357, 0.00344014, 0.00152342, 0.00286338, 0.0017098, 0.00403332, 0.00243337, 0.00273327, 0.00247228, 0.00352561, 0.00370562, 0.00411271, 0.00224339, 0.00338224, 0.00335684, 0.00146422, 0.00169245, 0.00312233, 0.00380854, 0.00258271, 0.00326604, 0.00357767, 0.00370004, 0.00404051, 0.00133285, 0.00310123, 0.002333, 0.00321579, 0.00286197, 0.00292433, 0.0042866, 0.00299096, 0.0021764, 0.0025025, 0.00195798, 0.00335428, 0.00227634, 0.00406719, 0.00293437, 0.00416492, 0.0016934, 0.00355435];
GivenLatency = [157.671, 121.954, 261.17, 129.28, 301.199, 146.358, 421.248, 184.005, 144.366, 130.383, 80.5683, 160.775, 101.601, 120.476, 346.476, 215.623, 303.434, 173.229, 157.717, 95.8696, 110.888, 119.735, 100.49, 217.651, 143.025, 92.5297, 132.989, 120.941, 203.221, 318.682, 124.075, 113.388, 194.421, 176.343, 136.438, 164.671, 210.468, 225.587, 133.542, 237.802, 157.382, 96.531, 180.756, 180.944, 208.445, 98.3318, 295.889, 110.021, 147.991, 145.623, 126.136, 102.281, 209.434, 119.224, 138.089, 229.413, 103.341, 220.306, 84.4311, 374.032, 154.521, 141.938, 80.4356, 284.387, 222.552, 110.031, 105.878, 324.33, 122.998, 135.105, 287.983, 241.436, 163.205, 112.93, 134.616, 235.382, 85.3893, 272.056, 123.054, 131.845, 98.1851, 149.082, 173.979, 103.598, 281.466, 197.651, 194.565, 103.155, 218.363, 213.186, 287.008, 138.342, 131.554, 118.123, 171.027, 95.4995, 106.849, 107.624, 187.192, 149.288, 108.124, 243.7, 205.234, 164.832, 156.245, 159.907, 164.777, 89.6162, 115.792, 140.724, 414.686, 119.123, 152.963, 144.568, 140.549, 164.368, 86.1704, 144.345, 150.438, 143.841, 163.444, 106.083, 190.371, 115.231, 135.479, 103.406, 259.541, 95.8281];
HighestPossibleCritFunctionValue = 1.1;
