NumDevices = 128;
NumSlotes = 1024;


GivenBandwidthOld = [0.00154993, 0.00150242, 0.00305723, 0.00351414, 0.00160574, 0.00203646, 0.00361147, 0.00297642, 0.00163281, 0.00394745, 0.00290885, 0.00342249, 0.00186318, 0.00388503, 0.00386708, 0.00220562, 0.00304815, 0.00406694, 0.00176939, 0.00254846, 0.00260858, 0.00360109, 0.0036023, 0.00198004, 0.00221341, 0.00273346, 0.00247891, 0.00235231, 0.00285523, 0.00222987, 0.00426885, 0.00153865, 0.00267196, 0.00319487, 0.00428304, 0.00255098, 0.00424607, 0.00305129, 0.00366222, 0.00280055, 0.00195503, 0.00382662, 0.00336952, 0.00218421, 0.00256295, 0.00242661, 0.00153107, 0.00331553, 0.00405303, 0.00239887, 0.00403055, 0.00271624, 0.00368445, 0.00147806, 0.00296899, 0.00171868, 0.00331068, 0.00380803, 0.00335316, 0.0021362, 0.00184879, 0.00253718, 0.00371572, 0.00201093, 0.00265502, 0.00287375, 0.00414421, 0.00353302, 0.0031309, 0.00419539, 0.00434678, 0.00189271, 0.00323525, 0.00176229, 0.00199801, 0.00427485, 0.00241901, 0.00198962, 0.00391317, 0.00168679, 0.00172767, 0.00130025, 0.00201739, 0.00183616, 0.0028603, 0.00311604, 0.00135349, 0.00314538, 0.0037743, 0.00213627, 0.00300207, 0.00148843, 0.00236875, 0.00403271, 0.00152714, 0.0029376, 0.00223445, 0.0031134, 0.00382471, 0.00245635, 0.00134823, 0.00213966, 0.0037693, 0.00253689, 0.00194613, 0.00431428, 0.00257278, 0.00201453, 0.00380383, 0.00151713, 0.00344994, 0.00369791, 0.00262237, 0.0041265, 0.00285943, 0.00413638, 0.00324232, 0.00173496, 0.00205452, 0.00414402, 0.0035607, 0.00289019, 0.00227786, 0.00149879, 0.0013436, 0.00257802, 0.00245841, 0.00166486];
GivenLatency = [350.218, 215.81, 184.575, 125.637, 210.366, 161.401, 110.921, 144.066, 342.883, 99.5936, 150.411, 179.284, 191.303, 135.65, 96.3629, 255.248, 125.188, 99.1978, 264.993, 224.122, 122.008, 94.9029, 105.871, 249.121, 274.069, 221.591, 230.11, 140.556, 156.079, 172.533, 151.597, 262.551, 117.378, 118.579, 89.4062, 124.617, 81.3016, 146.563, 167.061, 173.602, 194.484, 161.114, 126.653, 157.184, 126.304, 210.189, 221.728, 112.536, 156.825, 134.494, 113.034, 160.607, 86.6126, 222.168, 181.394, 246.652, 178.99, 147.356, 176.733, 283.931, 204.321, 166.795, 109.209, 243.683, 212.746, 226.291, 103.348, 98.3174, 134.362, 75.7053, 88.4748, 175.155, 128.533, 229.192, 240.224, 73.5578, 161.704, 307.399, 85.7452, 308.838, 236.783, 275.447, 194.81, 318.826, 134.137, 136.156, 324.325, 118.005, 101.644, 285.669, 115.12, 406.661, 166.246, 141.648, 353.201, 112.819, 179.734, 100.524, 91.3668, 135.161, 331.211, 303.798, 157.456, 132.044, 233.243, 140.803, 181.663, 216.198, 121.747, 417.432, 116.914, 102.817, 121.113, 98.9258, 135.694, 150.888, 116.609, 191.587, 174.171, 77.8289, 89.1645, 108.939, 175.42, 335.51, 365.159, 216.683, 159.942, 271.734];
HighestPossibleCritFunctionValue = 1.1;
