NumDevices = 128;
NumSlotes = 1024;


GivenBandwidthOld = [0.00894254, 0.00595874, 0.00734328, 0.00842008, 0.00619784, 0.00713732, 0.00942153, 0.00642581, 0.00740657, 0.00978418, 0.00767062, 0.00388579, 0.00466619, 0.00847954, 0.00568248, 0.00787539, 0.00790229, 0.00376809, 0.00781433, 0.00663582, 0.005719, 0.00917102, 0.0085421, 0.00707482, 0.00898376, 0.00506704, 0.00797846, 0.00905708, 0.00613185, 0.00431801, 0.00654022, 0.00514128, 0.00576679, 0.00625757, 0.0046475, 0.00675326, 0.00459409, 0.00906592, 0.00468373, 0.00942575, 0.008658, 0.00499625, 0.00573196, 0.0082568, 0.00586161, 0.006008, 0.00396285, 0.0060973, 0.00479457, 0.00986681, 0.00890076, 0.00378149, 0.00801952, 0.00533086, 0.00456862, 0.00609745, 0.0073627, 0.00984776, 0.00759217, 0.00408915, 0.00392889, 0.00405087, 0.00417138, 0.00456848, 0.00998707, 0.0051379, 0.00525512, 0.00657894, 0.00607015, 0.00470679, 0.00943865, 0.00656567, 0.00801808, 0.00620148, 0.00580822, 0.00877366, 0.00512409, 0.00433769, 0.00601179, 0.00517096, 0.00460612, 0.00504324, 0.00793756, 0.00910715, 0.00386305, 0.00376637, 0.00391331, 0.00468021, 0.00652533, 0.0049301, 0.00650697, 0.00881553, 0.00880112, 0.00416221, 0.0066934, 0.00474827, 0.00674765, 0.00402465, 0.00723423, 0.00686583, 0.00897744, 0.00512612, 0.00723071, 0.00408368, 0.00561437, 0.00697227, 0.0041644, 0.00607287, 0.00668567, 0.00611943, 0.00804286, 0.00384015, 0.00646214, 0.005412, 0.00568785, 0.0044999, 0.00728976, 0.00900081, 0.00404708, 0.00926188, 0.00448817, 0.00393647, 0.00643109, 0.00861519, 0.00428133, 0.00883797, 0.0048214, 0.00445598];
GivenLatency = [453.323, 738.266, 611.59, 562.027, 668.226, 603.036, 483.946, 650.576, 533.513, 463.282, 563.705, 1075.26, 1008.29, 451.511, 717.503, 427.13, 611.85, 1310.88, 509.801, 519.264, 821.686, 434.795, 558.001, 524.149, 521.89, 978.901, 568.262, 374.244, 612.785, 1099.91, 658.512, 861.478, 633.079, 784.536, 1019.23, 633.225, 927.484, 477.767, 798.889, 500.777, 461.945, 789.173, 591.672, 576.125, 693.118, 760.455, 1062.39, 583.519, 779.711, 342.036, 461.653, 1136.38, 494.748, 877.797, 765.527, 628.911, 655.514, 418.939, 594.007, 901.655, 1055.38, 1134.51, 825.844, 738.654, 404.458, 884.038, 707.536, 715.126, 718.16, 1036.32, 394.237, 687.092, 421.366, 710.181, 685.629, 467.881, 801.621, 1129.53, 749.879, 734.261, 767.355, 678.35, 456.875, 472.217, 1246.76, 1226.39, 1136.81, 830.672, 759.701, 796.815, 607.427, 477.755, 401.482, 849.87, 674.488, 711.392, 499.299, 887.209, 631.104, 542.426, 522.964, 757.481, 630.258, 818.954, 596.527, 620.184, 1044.96, 739.023, 525.442, 729.9, 517.404, 943.676, 571.648, 809.247, 779.153, 908.909, 466.504, 528.56, 943.889, 439.822, 863.899, 877.112, 608.925, 520.303, 886.608, 526.47, 887.009, 825.96];
HighestPossibleCritFunctionValue = 1.1;
