NumDevices = 32;
NumSlotes = 256;


GivenBandwidthOld = [0.0196403, 0.0247618, 0.0223089, 0.0150682, 0.020967, 0.023045, 0.0278002, 0.0285327, 0.0197281, 0.0198654, 0.0283574, 0.0336844, 0.0232408, 0.0180444, 0.021834, 0.0347571, 0.0318847, 0.0161803, 0.0328959, 0.0313569, 0.0250302, 0.0329861, 0.0268996, 0.0320917, 0.0345263, 0.032751, 0.0167174, 0.0194342, 0.0203891, 0.0300207, 0.0274499, 0.0205086];
GivenLatency = [56.125, 33.9458, 42.5462, 72.3958, 42.7688, 38.1878, 31.7857, 31.1073, 50.8041, 50.8748, 29.5707, 28.4445, 48.3713, 58.1362, 44.0086, 26.1726, 29.8108, 64.603, 35.1116, 28.6474, 46.4853, 27.7588, 37.081, 26.1496, 30.5335, 27.3599, 51.4637, 56.2808, 53.8769, 38.8074, 41.4905, 55.7503];
HighestPossibleCritFunctionValue = 1.1;
