NumDevices = 64;
NumSlotes = 512;


GivenBandwidthOld = [0.00413707, 0.00429871, 0.00834478, 0.00447351, 0.00258646, 0.00558231, 0.00689238, 0.00644747, 0.00396137, 0.00750638, 0.00727616, 0.00668515, 0.00473541, 0.00423803, 0.00726472, 0.00810139, 0.00751012, 0.00760708, 0.00602425, 0.00329505, 0.00872868, 0.00675318, 0.00446364, 0.00543758, 0.00568348, 0.00724555, 0.00467479, 0.00415387, 0.00532613, 0.0075523, 0.00401418, 0.00761992, 0.00292829, 0.00698978, 0.0060107, 0.0069083, 0.00538709, 0.00702501, 0.00442435, 0.00749591, 0.00627833, 0.00496294, 0.00337095, 0.00305136, 0.00668324, 0.00396108, 0.00258961, 0.00862709, 0.00555908, 0.00388972, 0.00321051, 0.00651139, 0.00320334, 0.00473046, 0.00862693, 0.00273787, 0.00655554, 0.00763199, 0.00585509, 0.00393343, 0.00666777, 0.0064689, 0.00772905, 0.00593364];
GivenLatency = [103.068, 86.7793, 55.22, 72.431, 145.801, 81.7323, 58.1805, 78.135, 94.2042, 56.156, 49.8259, 53.6927, 125.945, 84.1177, 61.6978, 68.8428, 62.5951, 53.1279, 80.783, 98.7719, 37.8318, 52.8495, 86.6671, 106.85, 54.6978, 85.4631, 80.1383, 82.366, 120.442, 53.7781, 84.2532, 46.0209, 145.603, 59.7319, 83.777, 91.3945, 89.6985, 53.1556, 101.563, 50.3168, 99.1805, 65.2909, 136.93, 143.961, 83.9572, 110.647, 208.337, 43.4827, 66.4935, 84.5836, 148.846, 70.7659, 124.104, 86.6545, 66.5766, 210.451, 75.4911, 71.3427, 86.1516, 121.704, 46.8424, 73.2282, 61.4569, 81.3442];
HighestPossibleCritFunctionValue = 1.1;
