NumDevices = 128;
NumSlotes = 1024;


GivenBandwidthOld = [0.00667661, 0.00377314, 0.00512698, 0.00912204, 0.00405696, 0.00657096, 0.0093011, 0.00737973, 0.00869867, 0.00725208, 0.00703243, 0.00900632, 0.00925453, 0.00591978, 0.00872236, 0.00554042, 0.00781104, 0.00763082, 0.00995882, 0.00531325, 0.00862914, 0.00752217, 0.00886387, 0.00882807, 0.007198, 0.00425663, 0.00622539, 0.00765384, 0.00926543, 0.00775766, 0.00424318, 0.00518385, 0.00875191, 0.00829206, 0.0045815, 0.00383368, 0.00388486, 0.0078382, 0.00783913, 0.00481891, 0.0064703, 0.00510458, 0.00770567, 0.00535798, 0.00411013, 0.006438, 0.00594629, 0.00433196, 0.00975704, 0.00776059, 0.00975964, 0.00776699, 0.00480726, 0.00434032, 0.00646327, 0.00560817, 0.00900961, 0.00830893, 0.00701225, 0.00733872, 0.00693233, 0.00795687, 0.00868057, 0.00941692, 0.00392725, 0.00773816, 0.00767754, 0.00763491, 0.00991871, 0.00630037, 0.00526669, 0.00727568, 0.0097819, 0.00685712, 0.00636504, 0.00478672, 0.00917435, 0.00821968, 0.00686367, 0.0039239, 0.00772571, 0.00471558, 0.00723205, 0.00776752, 0.00753508, 0.00712554, 0.00521849, 0.00964075, 0.00962683, 0.00686555, 0.00431762, 0.00627706, 0.00732188, 0.00504513, 0.00850121, 0.00742273, 0.00629991, 0.00377044, 0.00985564, 0.00871919, 0.00840592, 0.00583222, 0.00594506, 0.00867739, 0.00588035, 0.00850479, 0.00494648, 0.00675074, 0.00586862, 0.00514367, 0.00833898, 0.00571353, 0.00473794, 0.00797623, 0.00901472, 0.0066938, 0.00517544, 0.00485583, 0.00815034, 0.0040774, 0.00639402, 0.00424425, 0.0043285, 0.00789972, 0.00430352, 0.0067922, 0.00906346, 0.00698493];
GivenLatency = [704.104, 956.714, 881.343, 372.689, 840.618, 666.732, 383.603, 506.276, 467.239, 637.726, 529.457, 502.03, 394.44, 820.894, 411.04, 787.884, 585.483, 466.644, 485.239, 677.734, 459.628, 500.209, 393.516, 522.508, 670.021, 787.2, 559.161, 618.097, 402.388, 507.489, 877.151, 664.211, 441.516, 552.034, 859.075, 1142.08, 1021.65, 448.66, 590.406, 751.185, 608.719, 764.899, 556.234, 801.061, 1086.86, 596.975, 707.437, 887.95, 405.86, 624.422, 498.287, 576.689, 736.106, 914.111, 655.857, 661.477, 390.111, 474.172, 503.664, 572.396, 589.556, 608.892, 515.683, 409.947, 1013.75, 580.639, 530.631, 448.997, 355.118, 566.675, 633, 506.615, 450.338, 490.331, 713.943, 708.289, 418.432, 484.591, 498.279, 853.687, 539.398, 901.75, 507.122, 522.981, 539.254, 514.633, 729.953, 407.269, 443.539, 516.098, 1023.86, 640.068, 468.39, 872.614, 476.865, 528.958, 775.8, 895.516, 403.133, 432.004, 447.811, 603.765, 646.845, 519.846, 666.706, 400.674, 855.25, 629.905, 741.151, 659.717, 596.876, 855.341, 982, 508.94, 455.425, 602.547, 826.66, 1019.43, 522.571, 1160.52, 673.315, 791.648, 889.484, 623.828, 880.347, 692.508, 392.672, 584.597];
HighestPossibleCritFunctionValue = 1.1;
