NumDevices = 64;
NumSlotes = 512;


GivenBandwidthOld = [0.00442131, 0.00640924, 0.00504412, 0.00524978, 0.00551826, 0.00532936, 0.00547599, 0.00743471, 0.00265735, 0.00334239, 0.00433899, 0.00418201, 0.00334548, 0.00627111, 0.00853579, 0.00857357, 0.0060543, 0.00843862, 0.00659693, 0.00332534, 0.00523192, 0.00537587, 0.00599551, 0.00775154, 0.00269449, 0.0025173, 0.00582133, 0.0052945, 0.00720331, 0.00728279, 0.00559968, 0.00498563, 0.00353866, 0.00307963, 0.00678015, 0.00770786, 0.00601653, 0.00487483, 0.00382806, 0.00442306, 0.00458414, 0.00556042, 0.0077747, 0.00440238, 0.00697144, 0.00406582, 0.00666635, 0.00756917, 0.00628062, 0.00590352, 0.00548653, 0.00332225, 0.00331995, 0.00848189, 0.00270112, 0.00774244, 0.0059173, 0.00581385, 0.00469018, 0.00657785, 0.00761261, 0.00519683, 0.0030979, 0.00766417];
GivenLatency = [134.893, 59.1679, 97.1091, 91.4049, 60.9745, 78.3545, 74.5746, 58.5367, 134.421, 166.221, 77.8625, 130.216, 113.664, 50.1116, 40.1365, 58.2394, 59.7782, 38.6254, 60.866, 96.2813, 63.8408, 103.606, 88.5364, 46.7624, 178.681, 165.676, 97.438, 74.5038, 79.6963, 64.7473, 101.985, 77.3634, 181.888, 193.699, 65.2951, 53.0935, 95.508, 68.2907, 125.129, 87.0263, 121.031, 57.1325, 49.8172, 90.0336, 47.289, 96.9929, 51.6826, 41.0649, 54.3241, 77.928, 61.4811, 98.8768, 157.218, 73.9574, 192.969, 60.7193, 61.6322, 67.0879, 112.338, 49.6434, 48.5608, 77.0339, 133.317, 44.8548];
HighestPossibleCritFunctionValue = 1.1;
