NumDevices = 32;
NumSlotes = 256;


GivenBandwidthOld = [0.00858747, 0.0121727, 0.00637516, 0.0173058, 0.0162206, 0.0144274, 0.0136449, 0.0128755, 0.005267, 0.0174453, 0.00993037, 0.00717411, 0.00775662, 0.0105279, 0.0128568, 0.0165264, 0.0174208, 0.0121262, 0.0126794, 0.00953096, 0.0067761, 0.00592371, 0.0173309, 0.0128398, 0.00632357, 0.0127102, 0.0157886, 0.0170932, 0.0171214, 0.0173533, 0.015127, 0.0089957];
GivenLatency = [49.6488, 50.5988, 79.2821, 28.4286, 38.1725, 23.2436, 39.3189, 26.8127, 101.743, 18.2515, 38.2546, 44.0065, 50.4597, 51.2717, 47.6585, 20.5763, 20.1547, 30.6208, 32.846, 47.9628, 79.113, 85.8627, 35.7139, 30.6082, 94.5519, 36.1848, 23.3729, 22.6738, 18.9748, 30.9637, 20.5427, 46.7701];
HighestPossibleCritFunctionValue = 1.1;
