NumDevices = 64;
NumSlotes = 512;


GivenBandwidthOld = [0.00712657, 0.00503553, 0.00472095, 0.0050765, 0.00579989, 0.00749336, 0.00714179, 0.00451836, 0.00635665, 0.00874095, 0.00666403, 0.0061098, 0.00360391, 0.00594483, 0.00607919, 0.00799318, 0.00770138, 0.00339655, 0.00834798, 0.0082078, 0.00848229, 0.00310344, 0.00696814, 0.0047461, 0.00269286, 0.00643239, 0.00664924, 0.00744834, 0.00672036, 0.00280166, 0.00369206, 0.00622473, 0.00395658, 0.00825097, 0.00286165, 0.00573625, 0.00668557, 0.00567813, 0.004898, 0.00564101, 0.006022, 0.00308007, 0.00806029, 0.00429072, 0.00542728, 0.00759926, 0.00582553, 0.00725418, 0.00606163, 0.00649776, 0.00531158, 0.0066722, 0.0059953, 0.0042782, 0.00747411, 0.00862531, 0.00689278, 0.00694454, 0.00811642, 0.00388211, 0.00668833, 0.00824072, 0.00558145, 0.00485764];
GivenLatency = [44.0699, 75.2762, 79.2575, 107.085, 86.9049, 63.404, 51.2688, 71.649, 65.3413, 49.2586, 69.8034, 87.2903, 143.443, 90.0856, 71.562, 60.9467, 84.3003, 98.6752, 37.1776, 39.7833, 38.9674, 127.854, 77.2731, 71.4917, 218.359, 78.9095, 57.8927, 45.0078, 84.7165, 211.023, 150.935, 50.2277, 163.418, 59.6641, 139.925, 79.4557, 76.0687, 58.7844, 126.995, 58.0098, 101.332, 160.057, 75.8617, 115.771, 78.8998, 49.8839, 54.6479, 46.1829, 106.264, 73.5714, 69.2413, 73.691, 80.6162, 120.641, 85.0526, 66.7781, 66.8997, 51.4179, 57.9645, 145.965, 47.1734, 47.5682, 67.3427, 71.9441];
HighestPossibleCritFunctionValue = 1.1;
