NumDevices = 128;
NumSlotes = 1024;


GivenBandwidthOld = [0.00912409, 0.00740333, 0.00521922, 0.0094328, 0.00830478, 0.00586206, 0.00734826, 0.00467035, 0.00950143, 0.00552533, 0.00418262, 0.00611213, 0.00412044, 0.00473646, 0.00821326, 0.00519826, 0.00714664, 0.00984209, 0.00600809, 0.00545534, 0.0091035, 0.00497951, 0.00569696, 0.00761293, 0.00929832, 0.00442783, 0.00858237, 0.00889322, 0.00828271, 0.00995887, 0.00629992, 0.00393367, 0.00949063, 0.00531269, 0.00537774, 0.00485892, 0.00386259, 0.00860167, 0.0082026, 0.00733045, 0.00538519, 0.00516594, 0.00769633, 0.00471467, 0.00438356, 0.00822275, 0.00854759, 0.00563557, 0.00707002, 0.00955646, 0.00550386, 0.00579768, 0.00665373, 0.00667151, 0.00556016, 0.00836246, 0.00658682, 0.00719247, 0.00510088, 0.00797879, 0.00826979, 0.00536376, 0.00738784, 0.00734917, 0.0075134, 0.00529186, 0.00531163, 0.00623406, 0.00965333, 0.00855179, 0.00747223, 0.00706873, 0.00660027, 0.008309, 0.00804924, 0.00484565, 0.00588752, 0.00409935, 0.00658953, 0.00900911, 0.0060889, 0.00731314, 0.00820131, 0.00444362, 0.00519398, 0.00396967, 0.00817505, 0.00683032, 0.00594854, 0.00463274, 0.00865843, 0.00604639, 0.00549807, 0.00856615, 0.00500528, 0.00755829, 0.00963089, 0.00630113, 0.00559504, 0.00708055, 0.00538311, 0.00763805, 0.00638327, 0.00489452, 0.00838687, 0.00435581, 0.00433928, 0.00782513, 0.00692159, 0.00858009, 0.00811146, 0.00681212, 0.00625349, 0.00489432, 0.00500798, 0.00913211, 0.00465902, 0.00673036, 0.00715622, 0.00830688, 0.0099805, 0.00719932, 0.00776708, 0.00626198, 0.00392669, 0.00460253, 0.00720144, 0.00586987];
GivenLatency = [425.526, 513.816, 952.816, 380.755, 493.53, 796.891, 579.188, 728.846, 374.19, 702.19, 822.915, 550.932, 1031.8, 1043.06, 496.5, 641.672, 660.774, 393.242, 709.101, 638.428, 426.264, 792.501, 680.948, 534.62, 419.648, 903.873, 482.975, 380.185, 565.569, 434.649, 603.911, 973.52, 490.915, 740.281, 721.751, 820.616, 1149.24, 433.71, 510.058, 530.724, 692.52, 692.97, 435.272, 991.438, 1033.01, 418.506, 462.223, 644.663, 567.997, 383.032, 755.704, 729.021, 596.171, 580.258, 720.191, 470.604, 694.158, 587.795, 780.843, 422.78, 591.727, 656.074, 552.778, 464.111, 560.03, 890.71, 917.729, 641.302, 428.509, 460.8, 626.415, 492.745, 668.057, 454.633, 439.822, 930.118, 641.232, 900.757, 649.309, 521.094, 590.028, 682.747, 411.304, 859.995, 876.951, 1256.48, 531.356, 615.122, 654.576, 774.422, 509.094, 589.949, 832.75, 494.113, 997.061, 530.555, 364.724, 617.837, 692.827, 610.256, 727.318, 586.283, 535.962, 960.919, 399.666, 773.058, 919.091, 449.473, 607.99, 534.982, 610.131, 724.89, 572.909, 727.751, 892.771, 477.936, 752.208, 574.705, 521.146, 425.958, 477.508, 654.585, 590.615, 598.045, 1186.56, 882.734, 475.393, 606.306];
HighestPossibleCritFunctionValue = 1.1;
