NumDevices = 64;
NumSlotes = 512;


GivenBandwidthOld = [0.00852198, 0.0139224, 0.00908575, 0.0091985, 0.0142385, 0.0120858, 0.0107889, 0.0143177, 0.0131957, 0.0148962, 0.0157454, 0.0172577, 0.015895, 0.0126207, 0.0116993, 0.0151924, 0.013634, 0.010951, 0.00838714, 0.0077194, 0.0150433, 0.01744, 0.00955779, 0.0127868, 0.0119333, 0.00806935, 0.0165112, 0.00837995, 0.0168783, 0.0087099, 0.012364, 0.0168584, 0.0134493, 0.0173566, 0.0174338, 0.0155666, 0.0120497, 0.0148918, 0.0107579, 0.0137252, 0.014173, 0.0114197, 0.0163461, 0.0140237, 0.0112891, 0.0101301, 0.0113902, 0.0099001, 0.0159081, 0.011801, 0.0148099, 0.0142584, 0.0156925, 0.00923093, 0.00922557, 0.00913255, 0.0158305, 0.00783219, 0.0105981, 0.0165276, 0.014423, 0.0117347, 0.0109125, 0.0107156];
GivenLatency = [127.611, 85.534, 114.624, 123.451, 69.7974, 87.4661, 91.82, 84.2055, 83.6217, 68.9645, 70.4847, 58.9503, 71.5983, 81.6816, 93.2968, 61.3493, 78.9984, 101.913, 126.771, 158.556, 67.6758, 60.0829, 109.179, 81.0079, 77.906, 131.88, 61.408, 120.608, 54.3098, 130.922, 79.0995, 59.2647, 70.3705, 60.5908, 66.847, 66.761, 90.0675, 61.1488, 114.606, 70.528, 85.1172, 81.1028, 65.5497, 85.3492, 82.0095, 117.631, 82.8312, 96.0022, 66.1861, 94.5541, 63.5207, 82.0267, 74.97, 125.025, 117.495, 122.984, 66.0317, 155.452, 110.824, 70.3957, 81.4264, 84.3334, 92.9304, 91.3894];
HighestPossibleCritFunctionValue = 1.1;
