NumDevices = 128;
NumSlotes = 1024;


GivenBandwidthOld = [0.00384383, 0.00576947, 0.00500263, 0.00676642, 0.00578643, 0.00498316, 0.00448848, 0.0053768, 0.00531912, 0.00598079, 0.00666907, 0.00457832, 0.00526938, 0.00498978, 0.00581467, 0.00464424, 0.00822468, 0.00478234, 0.00423764, 0.00452424, 0.00641272, 0.00615488, 0.00753949, 0.00874255, 0.00852594, 0.00796682, 0.00580342, 0.00551044, 0.00644042, 0.00655497, 0.0069533, 0.00659231, 0.0044501, 0.0053744, 0.00504709, 0.00395741, 0.00469673, 0.00547423, 0.00788734, 0.00498908, 0.00403868, 0.00565362, 0.00789862, 0.00456809, 0.00835003, 0.00648974, 0.00549571, 0.00396432, 0.00580597, 0.00840321, 0.00520753, 0.0055255, 0.00464056, 0.00641147, 0.00512394, 0.00551057, 0.0086768, 0.00847794, 0.00617412, 0.00586751, 0.00768819, 0.00796189, 0.00804617, 0.00455026, 0.0086447, 0.00396925, 0.00860598, 0.0082174, 0.00738634, 0.0046342, 0.00456083, 0.00639833, 0.00428653, 0.00624645, 0.00651792, 0.00413369, 0.00742317, 0.00870576, 0.00528323, 0.00775387, 0.00682952, 0.00630967, 0.00409147, 0.00785405, 0.00549302, 0.0086903, 0.00535143, 0.00395735, 0.00863113, 0.00594669, 0.00844469, 0.00748037, 0.00511547, 0.00826561, 0.0075389, 0.00874256, 0.0087479, 0.00837849, 0.00477035, 0.00782818, 0.00571927, 0.0062375, 0.00613861, 0.00419568, 0.00429617, 0.00826493, 0.00616601, 0.00460572, 0.00587395, 0.00593928, 0.00405931, 0.00728657, 0.00783522, 0.00397418, 0.00656647, 0.00521394, 0.00825227, 0.00836386, 0.00387331, 0.00614331, 0.00809898, 0.00710334, 0.00833184, 0.00566727, 0.00738232, 0.00717673, 0.00682269, 0.00644698];
GivenLatency = [275.81, 212.408, 216.91, 180.881, 215.536, 242.731, 286.912, 213.511, 228.884, 211.825, 146.678, 212.105, 234.472, 223.59, 173.296, 230.344, 118.376, 208.907, 294.479, 224.178, 177.297, 192.601, 168.719, 137.102, 144.819, 161.931, 216.185, 209.634, 168.503, 160.63, 147.667, 161.897, 271.105, 219.671, 217.023, 288.047, 203.213, 220.566, 128.696, 198.694, 263.378, 221.789, 122.826, 269.375, 126.462, 165.567, 183.751, 261.939, 189.916, 114.084, 212.013, 227.62, 267.922, 188.308, 189.543, 216.456, 117.867, 151.728, 193.162, 173.898, 128.718, 151.48, 124.301, 215.861, 140.43, 259.375, 128.325, 133.658, 157.775, 222.565, 228.092, 201.937, 254.914, 171.163, 154.936, 254.192, 147.443, 123.124, 188.85, 134.407, 148.012, 183.651, 312.176, 122.026, 210.276, 140.369, 197.495, 289.078, 149.628, 197.638, 147.067, 140.726, 194.824, 138.957, 133.03, 148.35, 139.144, 149.427, 261.986, 127.847, 208.75, 191.647, 206.362, 241.519, 238.099, 152.569, 208.117, 239.465, 214.243, 198.016, 295.306, 167.946, 124.402, 266.434, 176.414, 227.743, 125.694, 134.347, 262.115, 209.802, 142.909, 134.138, 141.986, 206.329, 134.988, 173.433, 145.994, 183.179];
HighestPossibleCritFunctionValue = 1.1;
