NumDevices = 64;
NumSlotes = 512;


GivenBandwidthOld = [0.0159199, 0.00817871, 0.0146269, 0.0142789, 0.015831, 0.0138692, 0.0170174, 0.0158131, 0.0124869, 0.00923732, 0.0190929, 0.0119829, 0.0146179, 0.0128443, 0.0158511, 0.0142535, 0.0137529, 0.0118658, 0.00823984, 0.0169329, 0.00801262, 0.0105287, 0.0105501, 0.00839005, 0.0166357, 0.014369, 0.0180468, 0.0173191, 0.0119102, 0.0170449, 0.0160944, 0.0158702, 0.0108792, 0.0147431, 0.0164771, 0.0109756, 0.0098098, 0.0158817, 0.0155007, 0.0119337, 0.0125912, 0.0122147, 0.00997503, 0.0177767, 0.0149753, 0.00754598, 0.017788, 0.0183733, 0.0170919, 0.0189001, 0.00863048, 0.0199188, 0.0170003, 0.0163555, 0.0170041, 0.0186865, 0.0191471, 0.0106588, 0.00954556, 0.0121446, 0.0185464, 0.0138677, 0.0172441, 0.0135311];
GivenLatency = [188.733, 310.556, 162.046, 183.609, 167.888, 219.074, 184.919, 192.25, 201.268, 350.212, 137.709, 265.73, 227.505, 185.9, 152.571, 175.36, 175.06, 260.526, 353.631, 195.066, 348.634, 280.115, 234.731, 392.934, 191.467, 198.737, 141.156, 154.902, 219.404, 193.325, 141.329, 141.756, 287.999, 153.164, 146.272, 220.78, 310.044, 157.961, 178.233, 211.332, 241.028, 230.557, 248.15, 132.985, 175.821, 400.309, 139.42, 126.38, 175.25, 129.892, 277.704, 112.039, 152.453, 198.103, 158.784, 123.932, 147.507, 209.843, 289.225, 202.209, 149.113, 171.599, 141.97, 165.835];
HighestPossibleCritFunctionValue = 1.1;
