NumDevices = 64;
NumSlotes = 512;


GivenBandwidthOld = [0.00871778, 0.00467537, 0.00773751, 0.00426849, 0.00674951, 0.00518869, 0.00383454, 0.00717193, 0.00487394, 0.00755583, 0.00710983, 0.00489351, 0.00529783, 0.00686044, 0.00717917, 0.00777091, 0.00317083, 0.00842137, 0.00422372, 0.00426176, 0.00614086, 0.00694, 0.00681685, 0.00580284, 0.00706705, 0.00465522, 0.00655514, 0.00728915, 0.00631658, 0.00395508, 0.00802976, 0.00375769, 0.00299748, 0.007387, 0.00705864, 0.00714263, 0.00620483, 0.00707833, 0.00672823, 0.00382566, 0.00789269, 0.00622301, 0.00636842, 0.00645822, 0.00337322, 0.00377921, 0.00843731, 0.00343481, 0.00754243, 0.00686844, 0.0040862, 0.00552359, 0.00742715, 0.0068101, 0.00481173, 0.00573107, 0.00714994, 0.00402742, 0.00506333, 0.00315423, 0.00438881, 0.00390527, 0.00841021, 0.00406866];
GivenLatency = [55.2554, 75.045, 58.3486, 135.93, 81.0359, 86.0466, 108.706, 51.3027, 77.3449, 49.618, 61.3552, 84.6168, 59.3029, 52.2839, 58.2929, 46.485, 116.196, 62.6097, 98.224, 137.751, 72.4952, 60.968, 57.5864, 68.4045, 58.643, 109.17, 69.5224, 54.4092, 93.0703, 85.4858, 42.534, 93.1443, 164.837, 87.0221, 64.1748, 45.3433, 55.4754, 55.024, 52.6436, 156.633, 50.2968, 82.9414, 78.755, 50.7574, 110.402, 82.1007, 57.4655, 128.641, 49.6252, 64.0586, 75.9715, 56.1704, 48.9399, 89.2255, 104.211, 94.3044, 65.2511, 84.2586, 65.5064, 197.341, 81.0674, 127.924, 53.5418, 125.522];
HighestPossibleCritFunctionValue = 1.1;
