NumDevices = 64;
NumSlotes = 512;


GivenBandwidthOld = [0.0127152, 0.00911935, 0.0114848, 0.0168971, 0.00752749, 0.0194936, 0.00910498, 0.0199662, 0.0150144, 0.0139717, 0.0156156, 0.0194249, 0.0172968, 0.0125639, 0.0163409, 0.00874128, 0.019717, 0.0138801, 0.0125811, 0.0185331, 0.0151714, 0.0157125, 0.00941509, 0.0194376, 0.0181821, 0.0163481, 0.0168351, 0.0144563, 0.00932792, 0.0169364, 0.0174258, 0.0181378, 0.0097381, 0.0107347, 0.0100014, 0.0113731, 0.0156344, 0.00941653, 0.0186367, 0.0188788, 0.0135592, 0.0198098, 0.0115948, 0.0158951, 0.0158017, 0.00864456, 0.0191335, 0.0184887, 0.0193645, 0.0139311, 0.00833624, 0.012168, 0.0121238, 0.0075132, 0.016885, 0.0162548, 0.0112093, 0.0119577, 0.0148095, 0.00844363, 0.0170621, 0.0171447, 0.0184371, 0.0140582];
GivenLatency = [183.459, 260.391, 226.896, 181.47, 431.733, 148.971, 260.528, 161.195, 156.593, 209.765, 146.256, 126.813, 138.234, 197.756, 144.859, 303.349, 143.175, 165.375, 245.63, 140.587, 155.387, 203.883, 303.11, 161.447, 138.026, 187.867, 168.331, 186.755, 338.844, 137.108, 128.922, 134.984, 252.511, 271.341, 252.207, 278.25, 167.556, 353.043, 122.064, 157.98, 204.027, 114.054, 231.243, 160.898, 185.269, 258.35, 145.18, 134.556, 165.967, 191.589, 269.534, 241.464, 228.003, 300.071, 172.049, 153.968, 200.294, 265.324, 191.64, 314.874, 142.357, 150.336, 140.082, 196.891];
HighestPossibleCritFunctionValue = 1.1;
