NumDevices = 16;
NumSlotes = 128;


GivenBandwidthOld = [0.0756842, 0.0450994, 0.0548063, 0.0498614, 0.0403666, 0.061646, 0.0537867, 0.0635951, 0.0620719, 0.062627, 0.0412506, 0.0684447, 0.0699034, 0.0356192, 0.0721647, 0.0425983];
GivenLatency = [18.9571, 30.5489, 35.8996, 28.12, 49.4458, 31.7534, 31.4192, 26.3321, 21.8138, 24.9857, 44.223, 20.0479, 20.86, 38.6933, 20.6978, 43.6754];
HighestPossibleCritFunctionValue = 1.1;
