NumDevices = 32;
NumSlotes = 256;


GivenBandwidthOld = [0.00936131, 0.00555954, 0.00915151, 0.0168975, 0.0158952, 0.00764836, 0.0159722, 0.0148763, 0.00792719, 0.0147899, 0.00649336, 0.0163663, 0.0128894, 0.0147055, 0.0128122, 0.0170765, 0.0114434, 0.0112149, 0.00950642, 0.00698326, 0.012677, 0.00729286, 0.0160895, 0.0107355, 0.0134854, 0.00717063, 0.011766, 0.00793557, 0.00564616, 0.0150661, 0.0114933, 0.0124362];
GivenLatency = [46.1739, 65.5265, 49.7863, 34.8191, 24.0502, 57.7899, 37.9633, 27.0158, 75.8195, 34.6732, 83.7192, 27.7406, 44.3257, 28.4607, 28.4188, 28.0368, 49.4165, 50.8761, 53.6485, 85.3556, 24.9401, 48.2233, 31.6569, 28.6573, 36.494, 50.9617, 37.9453, 39.5759, 93.318, 36.896, 27.9327, 29.3067];
HighestPossibleCritFunctionValue = 1.1;
