NumDevices = 128;
NumSlotes = 1024;


GivenBandwidthOld = [0.00213782, 0.00403087, 0.00177291, 0.0022567, 0.00216677, 0.00319094, 0.003919, 0.00296197, 0.00241005, 0.00132443, 0.00218918, 0.00161688, 0.00174583, 0.0033618, 0.00368886, 0.00364956, 0.00253539, 0.0017353, 0.00137289, 0.00413606, 0.00417738, 0.00172593, 0.00325769, 0.00384787, 0.00424998, 0.00321326, 0.00398496, 0.00210166, 0.0025338, 0.00304055, 0.0013007, 0.00338523, 0.00371436, 0.0041482, 0.00183852, 0.00179882, 0.00343789, 0.00432052, 0.00435134, 0.0035293, 0.00316053, 0.00213776, 0.00307982, 0.00184031, 0.00391746, 0.00195105, 0.00260721, 0.00252238, 0.00178401, 0.00136824, 0.00407431, 0.00385183, 0.0020488, 0.00166756, 0.00361665, 0.0025292, 0.0039335, 0.00278002, 0.00387608, 0.00339892, 0.00257045, 0.00346723, 0.00372717, 0.00374615, 0.00401745, 0.00127019, 0.00307043, 0.00350857, 0.00164309, 0.0016189, 0.00131871, 0.00287115, 0.00421081, 0.00423633, 0.00181347, 0.00276014, 0.00404831, 0.00432502, 0.00187255, 0.0019196, 0.00203, 0.00141194, 0.00415618, 0.00167222, 0.00380174, 0.00393308, 0.00210325, 0.00428457, 0.00331098, 0.00265463, 0.00261896, 0.00315581, 0.00411454, 0.00180688, 0.0013656, 0.00353105, 0.001348, 0.00143664, 0.00367079, 0.00305621, 0.00194192, 0.00224407, 0.00240427, 0.00411065, 0.00209209, 0.00428323, 0.00262904, 0.00376614, 0.00258573, 0.00402012, 0.00236695, 0.00192327, 0.00132088, 0.00186216, 0.00235231, 0.00273519, 0.00351904, 0.00267222, 0.00136726, 0.00322945, 0.00428335, 0.00148624, 0.00296338, 0.00428744, 0.001574, 0.00294911, 0.00187694, 0.00389903];
GivenLatency = [265.335, 123.749, 233.94, 199.258, 183.315, 156.665, 100.985, 112.863, 155.146, 409.624, 151.76, 216.976, 188.234, 162.268, 99.5766, 88.6726, 183.431, 199.066, 328.368, 147.29, 104.709, 343.54, 155.547, 113.388, 145.635, 101.815, 96.1742, 272.383, 157.613, 181.52, 279.044, 93.1877, 120.82, 132.75, 187.131, 181.983, 140.279, 76.5132, 102.312, 159.005, 112.233, 148.279, 103.078, 203.073, 84.1875, 197.528, 180.969, 140.872, 337.022, 289.166, 125.147, 84.7562, 213.993, 203.251, 145.94, 147.752, 98.2257, 170.167, 166.716, 171.908, 197.341, 100.352, 87.9197, 88.3766, 138.065, 258.044, 196.715, 94.5311, 213.478, 212.525, 258.009, 210.048, 137.757, 136.434, 217.904, 179.259, 155.176, 83.8294, 226.52, 166.591, 228.669, 402.185, 157.924, 246.799, 130.965, 102.1, 220.973, 137.732, 138.571, 158.293, 203.687, 144.59, 128.12, 257.646, 375.657, 171.424, 453.529, 285.771, 120.138, 109.883, 220.532, 144.391, 186.585, 101.911, 220.385, 94.3459, 250.136, 122.55, 216.541, 80.5263, 135.54, 288.601, 379.277, 173.387, 191.98, 145.22, 159.104, 141.914, 372.28, 174.967, 91.1864, 410.405, 219.168, 139.491, 305.212, 190.24, 278.436, 116.32];
HighestPossibleCritFunctionValue = 1.1;
