NumDevices = 32;
NumSlotes = 256;


GivenBandwidthOld = [0.0158578, 0.00505298, 0.00797167, 0.0124302, 0.0101458, 0.0149369, 0.0146856, 0.0156487, 0.0155734, 0.0128159, 0.0171906, 0.00550785, 0.0154797, 0.012255, 0.014649, 0.0139883, 0.00862848, 0.0138561, 0.0121919, 0.0172138, 0.00698515, 0.00700175, 0.0109777, 0.00929138, 0.00519941, 0.00654128, 0.00935795, 0.0116411, 0.00947701, 0.012586, 0.0160235, 0.0151661];
GivenLatency = [28.7514, 96.2553, 40.7314, 29.9561, 42.8641, 29.8312, 41.4888, 38.0837, 23.6974, 24.6443, 21.9276, 116.198, 30.1451, 28.3996, 27.3282, 21.8811, 61.7182, 29.6122, 36.3362, 22.0795, 81.2732, 50.948, 33.2008, 36.7454, 117.326, 59.1167, 45.196, 50.0072, 32.5231, 37.6526, 19.9393, 30.8668];
HighestPossibleCritFunctionValue = 1.1;
