NumDevices = 128;
NumSlotes = 1024;


GivenBandwidthOld = [0.00929281, 0.00553774, 0.00647156, 0.00758733, 0.00393645, 0.00620696, 0.00420178, 0.00938392, 0.00549482, 0.00394963, 0.00901228, 0.00942722, 0.008219, 0.00806567, 0.00593927, 0.00505019, 0.00598482, 0.0081875, 0.00989163, 0.0073092, 0.00449898, 0.00441383, 0.00450166, 0.00571843, 0.00587989, 0.00707457, 0.00487653, 0.00610793, 0.00852791, 0.00608441, 0.00696546, 0.00840552, 0.00531965, 0.00993077, 0.00900861, 0.00401761, 0.00765412, 0.00778755, 0.00667398, 0.00958839, 0.00460179, 0.00732492, 0.00615592, 0.00878624, 0.00409479, 0.00486832, 0.0055815, 0.00448088, 0.00645178, 0.00634009, 0.00419898, 0.00593763, 0.00880087, 0.00619707, 0.00665704, 0.00613934, 0.00513629, 0.00932996, 0.00492195, 0.00701762, 0.00391965, 0.00506875, 0.00541245, 0.00705541, 0.00769543, 0.00836745, 0.0092739, 0.00638864, 0.00759342, 0.00639522, 0.00569411, 0.0096097, 0.0064863, 0.00529402, 0.00403196, 0.00522337, 0.00413938, 0.00437921, 0.00383739, 0.00994606, 0.00974606, 0.00448285, 0.00832425, 0.00813441, 0.00495837, 0.00657658, 0.00382427, 0.00830448, 0.00711761, 0.00943664, 0.00416145, 0.00655318, 0.00428298, 0.00525937, 0.00929627, 0.00735847, 0.00748947, 0.00934988, 0.00845062, 0.00709245, 0.00536293, 0.00609968, 0.0073288, 0.00886449, 0.00680538, 0.00555132, 0.00976906, 0.00975669, 0.00814394, 0.00903365, 0.00601747, 0.00691837, 0.00451915, 0.00590719, 0.00971386, 0.00701785, 0.00772312, 0.00496745, 0.00918144, 0.00866983, 0.00383343, 0.00592652, 0.00957529, 0.00941232, 0.00790985, 0.00586715, 0.0055131, 0.00497747];
GivenLatency = [382.923, 730.9, 749.572, 617.709, 967.771, 599.245, 1050.87, 436.165, 753.179, 1011.52, 397.891, 399.981, 469.359, 434.536, 575.451, 790.321, 695.971, 511.695, 350.704, 510.218, 841.079, 770.695, 923.083, 838.288, 635.676, 671.14, 720.512, 753.154, 518.698, 647.433, 579.503, 474.364, 717.851, 474, 372.022, 1166.78, 464.625, 444.779, 555.515, 417.875, 790.291, 599.738, 699.829, 433.869, 882.32, 911.043, 828.161, 1069.03, 729.788, 622.202, 1060.22, 570.833, 379.221, 649.666, 521.488, 703.875, 920.531, 359.974, 798.931, 495.703, 953.914, 824.996, 652.207, 601.276, 592.135, 414.482, 377.927, 639.681, 603.526, 541.301, 638.446, 381.972, 572.481, 675.953, 995.174, 753.065, 970.597, 861.93, 886.174, 365.25, 399.542, 817.293, 581.77, 568.62, 831.607, 527.721, 940.424, 513.045, 508.326, 356.173, 871.857, 646.452, 892.457, 927.415, 455.93, 511.554, 450.171, 412.159, 512.753, 539.199, 732.92, 703.919, 530.981, 440.363, 678.061, 733.904, 347.088, 396.805, 575.971, 420.192, 783.69, 574.637, 754, 699.651, 392.421, 544.052, 498.449, 870.3, 424.498, 464.251, 932.393, 727.01, 394.528, 378.63, 496.655, 652.413, 692.049, 934.063];
HighestPossibleCritFunctionValue = 1.1;
