NumDevices = 128;
NumSlotes = 1024;


GivenBandwidthOld = [0.00636604, 0.00903447, 0.00728142, 0.00624371, 0.0092641, 0.00419483, 0.00497552, 0.00732787, 0.00582548, 0.00513758, 0.00604677, 0.00551494, 0.00455578, 0.00902196, 0.0096683, 0.00383665, 0.00388259, 0.00723342, 0.00576678, 0.00598888, 0.00754081, 0.00962805, 0.00856175, 0.0060007, 0.00629116, 0.00682527, 0.00863369, 0.00890152, 0.00405647, 0.00465111, 0.00489828, 0.00917896, 0.00455908, 0.00819254, 0.00702481, 0.00596951, 0.0071124, 0.00939293, 0.00699195, 0.0037655, 0.00805294, 0.00454308, 0.00806479, 0.0098807, 0.00496857, 0.0093195, 0.00407351, 0.00977295, 0.00642178, 0.00836647, 0.00527562, 0.00729857, 0.00698904, 0.00471774, 0.00612887, 0.00418395, 0.00967115, 0.00801343, 0.00923485, 0.00629774, 0.00487871, 0.00518877, 0.00397658, 0.00564062, 0.00436457, 0.00786155, 0.00650451, 0.00506919, 0.00663849, 0.00688331, 0.00898439, 0.00942285, 0.00976784, 0.00816439, 0.008875, 0.0084302, 0.00759458, 0.00706489, 0.00455205, 0.00879073, 0.00454177, 0.0047998, 0.00394799, 0.00636764, 0.00464716, 0.00729221, 0.00650375, 0.00469472, 0.00658277, 0.00793323, 0.00503425, 0.00690771, 0.00666935, 0.00668266, 0.00542995, 0.00735139, 0.00734709, 0.00385364, 0.00812729, 0.00415931, 0.0079878, 0.00974188, 0.0092587, 0.00724146, 0.00978461, 0.00875403, 0.0064375, 0.00379816, 0.00688628, 0.00899352, 0.00661997, 0.00804574, 0.00849361, 0.0045378, 0.00681298, 0.00820938, 0.00880435, 0.00845847, 0.00782453, 0.00945407, 0.00951945, 0.00834071, 0.00985379, 0.00888931, 0.00508009, 0.00861686, 0.00725742, 0.00924336];
GivenLatency = [682.564, 508.636, 509.271, 594.201, 401.395, 915.129, 716.668, 469.788, 699.536, 696.444, 613.438, 821.907, 758.751, 448.125, 350.798, 1053.51, 1128.22, 578.942, 596.095, 702.842, 462.637, 494.883, 451.215, 661.761, 780.034, 516.189, 425.044, 456.908, 966.815, 800.437, 752.148, 400.215, 947.662, 420.917, 494.551, 627.822, 676.544, 460.661, 564.871, 1203.48, 507.09, 818.87, 446.614, 473.67, 682.001, 517.425, 865.551, 476.799, 606.851, 513.494, 863.292, 488.14, 540.013, 808.176, 574.547, 1093.73, 369.964, 505.961, 381.512, 582.558, 770.104, 684.041, 979.246, 649.098, 1013.09, 557.507, 760.353, 685.214, 578.984, 589.384, 536.826, 476.149, 370.525, 600.529, 483.641, 577.57, 606.602, 596.36, 1035.19, 394.015, 876.524, 899.398, 920.219, 553.408, 925.491, 483.437, 761.814, 784.85, 593.255, 458.593, 679.547, 528.252, 721.953, 527.288, 820.123, 614.246, 621.746, 968.304, 421.75, 1133.69, 417.58, 404.055, 364.263, 465.024, 483.496, 441.202, 607.805, 1036.76, 568.532, 372.441, 547.337, 570.068, 455.902, 820.666, 625.908, 524.84, 391.406, 500.738, 511.466, 395.529, 478.671, 527.611, 490.146, 438.557, 691.779, 443.449, 589.84, 509.345];
HighestPossibleCritFunctionValue = 1.1;
