NumDevices = 64;
NumSlotes = 512;


GivenBandwidthOld = [0.0199875, 0.00961477, 0.0129385, 0.0119159, 0.0138468, 0.0158904, 0.0119738, 0.0110328, 0.00871284, 0.0167281, 0.0161321, 0.0128475, 0.00834532, 0.014839, 0.0167858, 0.0113797, 0.0129041, 0.00910636, 0.0180338, 0.0111354, 0.0195434, 0.00924759, 0.0167401, 0.0178396, 0.00995378, 0.0106932, 0.012959, 0.00774217, 0.0151971, 0.00938887, 0.0161813, 0.0134421, 0.0142039, 0.0168862, 0.0110216, 0.00791235, 0.0129298, 0.0159815, 0.017836, 0.011805, 0.0115558, 0.0100808, 0.00850798, 0.0112038, 0.0192032, 0.0164249, 0.0080775, 0.0135573, 0.0129113, 0.0181663, 0.013613, 0.0110602, 0.0192575, 0.0157558, 0.012718, 0.0195231, 0.0171227, 0.0103983, 0.0189881, 0.01286, 0.0172297, 0.00874122, 0.0186592, 0.00990379];
GivenLatency = [163.01, 277.488, 183.918, 272.739, 195.733, 175.48, 212.303, 210.282, 260.359, 189.122, 141.625, 177.302, 294.409, 203.949, 194.615, 290.266, 222.047, 287.688, 155.659, 287.836, 149.189, 343.21, 138.177, 162.202, 230.063, 219.072, 208.86, 406.619, 166.702, 318.172, 201.473, 217.456, 166.824, 181.371, 228.333, 287.126, 193.578, 181.897, 180.982, 276.78, 234.723, 324.36, 270.702, 211.072, 172.825, 185.636, 403.581, 170.095, 210.725, 149.143, 163.438, 220.95, 166.578, 160.943, 246.905, 117.053, 146.824, 227.007, 126.552, 227.655, 179.854, 271.32, 127.583, 265.598];
HighestPossibleCritFunctionValue = 1.1;
