NumDevices = 32;
NumSlotes = 256;


GivenBandwidthOld = [0.0323985, 0.0310128, 0.0177159, 0.0353302, 0.0293029, 0.0280739, 0.0224691, 0.0229271, 0.0205492, 0.0311739, 0.0246866, 0.0170136, 0.0319442, 0.0215996, 0.0338834, 0.0376417, 0.0289013, 0.0294594, 0.0347862, 0.0367817, 0.0247902, 0.0344064, 0.0278332, 0.0278654, 0.0193361, 0.0171124, 0.0174607, 0.0217641, 0.0245106, 0.0338743, 0.0356411, 0.0295951];
GivenLatency = [76.9581, 79.9973, 129.219, 49.1007, 68.0479, 60.2932, 85.8653, 74.903, 114.418, 72.3146, 91.733, 115.142, 67.024, 82.2434, 52.9155, 51.8544, 78.6642, 59.4247, 69.8347, 54.1343, 91.5432, 48.855, 77.5552, 84.2928, 128.965, 138.661, 108.965, 88.1781, 87.4388, 57.416, 61.5525, 61.9471];
HighestPossibleCritFunctionValue = 1.1;
