NumDevices = 64;
NumSlotes = 512;


GivenBandwidthOld = [0.00338599, 0.00589626, 0.00837511, 0.00801164, 0.00530507, 0.00363293, 0.00608145, 0.00835281, 0.00810253, 0.00788987, 0.00256209, 0.00850062, 0.0049797, 0.00378811, 0.00809985, 0.00664891, 0.0082505, 0.00741025, 0.00413194, 0.00556836, 0.00361035, 0.00795397, 0.00483168, 0.00361805, 0.00599935, 0.00364437, 0.00467577, 0.00815411, 0.00605065, 0.00330802, 0.00785419, 0.00287696, 0.00684383, 0.00306609, 0.00425747, 0.00277953, 0.00673594, 0.00841121, 0.00846887, 0.00259805, 0.00672681, 0.00495983, 0.00741731, 0.00390844, 0.005423, 0.00438487, 0.00649345, 0.00783847, 0.00738389, 0.00473364, 0.00584189, 0.00708956, 0.00805851, 0.00566009, 0.00780115, 0.00523192, 0.00542092, 0.0069099, 0.00720468, 0.00529931, 0.00675871, 0.00370514, 0.00734507, 0.00866834];
GivenLatency = [133.316, 79.5576, 46.5449, 50.478, 84.1474, 113.101, 98.9723, 53.2542, 51.3271, 61.6978, 171.416, 38.4216, 62.1676, 122.512, 43.8082, 56.9558, 48.3003, 42.3615, 100.495, 59.6781, 102.74, 62.6597, 84.3739, 159.166, 61.9708, 97.6534, 75.0587, 41.0732, 88.6852, 195.329, 57.4445, 170.271, 46.2056, 206.213, 106.087, 115.834, 54.5876, 61.0999, 72.2447, 144.812, 55.537, 86.2323, 61.3194, 91.8979, 103.4, 144.196, 94.0463, 39.4961, 83.4756, 85.206, 64.599, 59.0513, 73.7175, 91.9238, 56.1804, 70.6911, 61.8826, 80.2585, 46.8721, 62.1239, 66.8812, 165.385, 48.7591, 37.2944];
HighestPossibleCritFunctionValue = 1.1;
