NumDevices = 32;
NumSlotes = 256;


GivenBandwidthOld = [0.0221945, 0.032696, 0.0317292, 0.0325411, 0.0285359, 0.0386401, 0.0335767, 0.0343974, 0.0274114, 0.0380195, 0.0294942, 0.0189081, 0.0227535, 0.0285728, 0.0328675, 0.0388742, 0.0186329, 0.0239717, 0.0281423, 0.0226399, 0.0195219, 0.0154142, 0.0267452, 0.0173447, 0.0225215, 0.0296116, 0.0172836, 0.0209991, 0.0169547, 0.0181238, 0.0159295, 0.0372421];
GivenLatency = [77.3072, 65.017, 76.8302, 68.979, 61.856, 48.1387, 70.8982, 49.5663, 65.921, 49.6666, 57.807, 116.22, 97.2246, 87.2421, 55.3955, 63.4399, 132.902, 69.9932, 67.3974, 88.1555, 118.573, 125.527, 89.2795, 118.227, 90.5063, 78.4301, 99.589, 84.7856, 118.742, 120.845, 144.156, 59.4773];
HighestPossibleCritFunctionValue = 1.1;
