NumDevices = 128;
NumSlotes = 1024;


GivenBandwidthOld = [0.00508228, 0.00542376, 0.0046751, 0.0069593, 0.00739176, 0.00578867, 0.00767543, 0.00836844, 0.00594481, 0.00687347, 0.0049622, 0.00724798, 0.00427268, 0.0084777, 0.00723808, 0.00788309, 0.00865955, 0.00863755, 0.00874713, 0.00559627, 0.00396631, 0.00432584, 0.00685756, 0.00746618, 0.00652152, 0.00475236, 0.00546897, 0.00439251, 0.00736104, 0.00442521, 0.00706968, 0.00756188, 0.00502409, 0.00740767, 0.00823696, 0.00602137, 0.0086963, 0.00618774, 0.0048389, 0.00483322, 0.00451016, 0.00476578, 0.00595488, 0.00618359, 0.00507906, 0.00630857, 0.00558512, 0.00662714, 0.00481408, 0.0077086, 0.00595033, 0.00478097, 0.00622596, 0.00725421, 0.00397401, 0.00863824, 0.00535051, 0.00852097, 0.004417, 0.00401143, 0.00756374, 0.00635583, 0.00486952, 0.00458159, 0.00532026, 0.00508003, 0.00754112, 0.00613844, 0.00629182, 0.00417295, 0.00724421, 0.00591431, 0.00431379, 0.00435225, 0.00574011, 0.00648908, 0.00454463, 0.00405657, 0.00628086, 0.00491286, 0.00798675, 0.00578924, 0.0072261, 0.00656207, 0.00623159, 0.00680246, 0.00647736, 0.00752224, 0.00375874, 0.00566899, 0.00622805, 0.00731787, 0.00391476, 0.00782471, 0.0073783, 0.00463419, 0.00426879, 0.00806577, 0.00387393, 0.00671677, 0.00630845, 0.00867165, 0.00695331, 0.00686885, 0.00733785, 0.00468846, 0.0064495, 0.00428774, 0.00661958, 0.00779574, 0.00557211, 0.00792758, 0.00641216, 0.00669953, 0.00647612, 0.00672859, 0.00495556, 0.00555661, 0.00745205, 0.00402781, 0.00782138, 0.00639523, 0.007078, 0.00739241, 0.00675435, 0.00790115, 0.00709748, 0.00481765];
GivenLatency = [198.451, 182.33, 219.511, 168.759, 169.438, 218.034, 151.923, 116.434, 190.076, 141.021, 214.685, 140.776, 275.851, 117.41, 178.74, 145.981, 116.499, 125.664, 124.889, 205.301, 285.332, 235.637, 158.688, 171.321, 157.127, 243.954, 221.467, 278.189, 169.333, 220.288, 181.936, 156.918, 205.261, 135.315, 117.279, 161.198, 117.796, 175.518, 237.048, 220.688, 215.016, 212.96, 189.587, 169.097, 211.252, 151.186, 216.011, 181.072, 264.284, 137.161, 172.878, 264.29, 183.957, 175.258, 315.621, 113.516, 189.405, 142.957, 222.935, 302.286, 129.941, 157.337, 224.89, 229.439, 212.458, 206.236, 137.563, 210.939, 204.057, 301.884, 169.056, 174.315, 249.038, 258.091, 215.662, 180.734, 216.154, 239.079, 188.587, 210.707, 158.681, 180.364, 152.455, 149.734, 157.034, 140.543, 147.882, 132.526, 270.701, 186.129, 161.265, 135.628, 249.523, 159.14, 136.849, 256.179, 245.568, 149.259, 252.086, 175.692, 157.873, 117.265, 175.422, 139.108, 161.581, 224.83, 164.841, 234.57, 191.619, 130.506, 179.367, 137.658, 187.327, 152.481, 163.912, 165.875, 221.32, 178.111, 136.009, 256.533, 152.555, 188.302, 149.56, 133.572, 164.988, 138.575, 134.665, 202.887];
HighestPossibleCritFunctionValue = 1.1;
