NumDevices = 128;
NumSlotes = 1024;


GivenBandwidthOld = [0.00811337, 0.00764622, 0.00627176, 0.00571759, 0.00424067, 0.00676229, 0.00635639, 0.00929647, 0.00457721, 0.0066814, 0.00932374, 0.00667222, 0.00494166, 0.00706131, 0.00686164, 0.00740712, 0.00652277, 0.00563052, 0.00971584, 0.00909786, 0.00398515, 0.00593548, 0.00389857, 0.00701441, 0.00621476, 0.00395151, 0.0092663, 0.00377905, 0.0045203, 0.0064739, 0.00927777, 0.00901636, 0.00916279, 0.00775426, 0.00966567, 0.00963337, 0.00427727, 0.00934619, 0.00893824, 0.00871177, 0.00867492, 0.0081797, 0.00988378, 0.00664614, 0.00415672, 0.0082385, 0.0044606, 0.00932021, 0.00974229, 0.00992051, 0.00526695, 0.00540238, 0.00650147, 0.00399342, 0.00748507, 0.00404506, 0.00662532, 0.00424518, 0.00748496, 0.00845645, 0.00511044, 0.00616486, 0.00910272, 0.0043632, 0.00987359, 0.0042084, 0.00805911, 0.00815506, 0.00839501, 0.00998284, 0.0091679, 0.00612113, 0.00529195, 0.00675823, 0.00684998, 0.00510207, 0.00929555, 0.00783648, 0.00393733, 0.00845952, 0.0067161, 0.00499866, 0.00864381, 0.00395277, 0.00547303, 0.00639669, 0.00548159, 0.00655386, 0.00952263, 0.00552559, 0.00860711, 0.00603433, 0.00892174, 0.00648885, 0.00443154, 0.00841876, 0.00918833, 0.00578106, 0.00849432, 0.00405857, 0.00856234, 0.00978641, 0.00762479, 0.00855739, 0.00783129, 0.00425026, 0.00530261, 0.00466845, 0.00888182, 0.00421456, 0.00541771, 0.00800962, 0.00764236, 0.0038893, 0.00746366, 0.00666341, 0.00698924, 0.00817602, 0.00438901, 0.0060357, 0.00694819, 0.00578646, 0.0055753, 0.00663753, 0.00947547, 0.0067881, 0.00889997, 0.00937111];
GivenLatency = [434.628, 449.765, 592.966, 593.146, 1040.73, 535.253, 749.414, 449.291, 806.459, 504.838, 404.612, 625.136, 817.518, 559.852, 486.944, 495.56, 697.711, 764.709, 466.418, 523.026, 985.997, 562.831, 1175.7, 666.062, 615.788, 1141.97, 444.685, 929.004, 759.929, 729.153, 418.739, 415.928, 385.226, 541.896, 399.102, 393.195, 945.753, 419.039, 516.101, 419.019, 443.139, 498.364, 431.71, 736.936, 939.422, 463.652, 812.661, 397.369, 386.33, 480.08, 840.573, 724.383, 630.986, 1065.28, 476.536, 1061.32, 551.107, 883.249, 656.123, 420.247, 948.658, 658.859, 447.605, 1134.79, 386.389, 966.37, 471.018, 445.297, 553.867, 437.794, 510.543, 593.785, 842.209, 516.098, 604.357, 859.9, 426.692, 594.779, 1267.39, 502.604, 665.802, 923.625, 490.253, 1201.26, 661.354, 707.628, 763.063, 678.326, 430.895, 811.75, 467.918, 698.24, 483.445, 573.232, 832.862, 423.156, 491.349, 690.897, 485.9, 921.449, 493.074, 427.692, 490.86, 569.604, 481.961, 1044.82, 816.94, 1005, 521.608, 1134.97, 832.094, 562.937, 623.168, 1036.16, 548.907, 699.345, 610.531, 412.715, 789.727, 683.198, 614.01, 801.893, 889.854, 533.259, 371.218, 587.286, 522.275, 377.669];
HighestPossibleCritFunctionValue = 1.1;
