NumDevices = 16;
NumSlotes = 128;


GivenBandwidthOld = [0.0459347, 0.0441326, 0.0558918, 0.0431019, 0.0338767, 0.0364048, 0.0748224, 0.0592326, 0.0418894, 0.0554235, 0.0720738, 0.0648069, 0.0791202, 0.0435161, 0.0454103, 0.0306523];
GivenLatency = [38.4562, 32.9926, 27.9953, 42.7363, 40.3065, 36.7133, 26.7081, 26.5209, 34.2179, 33.0332, 24.8019, 23.2263, 24.6617, 31.1831, 30.5027, 56.8759];
HighestPossibleCritFunctionValue = 1.1;
