NumDevices = 16;
NumSlotes = 128;


GivenBandwidthOld = [0.0145383, 0.0348069, 0.014886, 0.028831, 0.027613, 0.0322745, 0.0268303, 0.0264197, 0.0258997, 0.0120948, 0.0172285, 0.0246664, 0.0338427, 0.0346103, 0.010336, 0.0319491];
GivenLatency = [21.7019, 14.1915, 40.5347, 14.9573, 16.0617, 13.6558, 13.5637, 13.4588, 17.9113, 39.3591, 30.3577, 14.6515, 11.0718, 9.21449, 59.4673, 14.319];
HighestPossibleCritFunctionValue = 1.1;
