NumDevices = 64;
NumSlotes = 512;


GivenBandwidthOld = [0.00335798, 0.00379823, 0.0031714, 0.0054916, 0.00734739, 0.00386734, 0.00837187, 0.00345729, 0.00421538, 0.00784163, 0.00432155, 0.00478709, 0.00405379, 0.00457017, 0.0083954, 0.00521091, 0.00845475, 0.00264743, 0.00532577, 0.0076879, 0.00804508, 0.00498942, 0.00464616, 0.00425576, 0.00527789, 0.00300786, 0.00683413, 0.00871235, 0.00725756, 0.00660098, 0.0027413, 0.00809276, 0.00619352, 0.00456485, 0.00634657, 0.00806008, 0.00708352, 0.00650359, 0.00339325, 0.00286288, 0.00773665, 0.00857806, 0.0063766, 0.00655871, 0.00472613, 0.00459218, 0.00327925, 0.00553445, 0.00257074, 0.00384511, 0.00343553, 0.00717726, 0.00703106, 0.0061108, 0.0079197, 0.00385855, 0.00439699, 0.0040332, 0.00846748, 0.00422279, 0.0074544, 0.00868137, 0.00523547, 0.00260149];
GivenLatency = [96.5432, 92.8816, 108.435, 65.6544, 55.2038, 105.555, 53.9264, 120.37, 88.3879, 56.5836, 112.051, 82.5374, 91.4294, 118.027, 54.2859, 80.1313, 40.8347, 130.123, 74.6136, 63.8855, 63.05, 87.4677, 75.4937, 148.642, 76.3372, 187.304, 80.843, 62.915, 66.7078, 55.5001, 122.471, 52.6662, 55.0158, 99.5215, 54.2084, 53.9886, 64.2252, 83.013, 175.06, 199.834, 45.415, 46.4571, 73.5377, 74.6972, 77.3602, 89.7079, 108.491, 58.2923, 158.892, 106.249, 127.553, 47.2824, 53.3922, 74.6, 74.0363, 165.487, 78.1249, 133.82, 47.6929, 140.574, 53.3807, 65.3613, 99.4547, 118.93];
HighestPossibleCritFunctionValue = 1.1;
