NumDevices = 64;
NumSlotes = 512;


GivenBandwidthOld = [0.00592154, 0.00838336, 0.00280852, 0.00661501, 0.00726948, 0.00694058, 0.00408064, 0.00577044, 0.00623675, 0.0061273, 0.00407218, 0.00732206, 0.00307754, 0.00288261, 0.00801087, 0.00488002, 0.00351425, 0.00528197, 0.00287619, 0.00632912, 0.00851763, 0.00330452, 0.00539233, 0.00769787, 0.00683779, 0.00775643, 0.00349585, 0.00850553, 0.00618402, 0.00732821, 0.00644157, 0.00468128, 0.00709189, 0.00346985, 0.00283384, 0.00709969, 0.00317922, 0.00572451, 0.00304397, 0.00758515, 0.00610505, 0.00513623, 0.0033087, 0.00680598, 0.00432913, 0.00716394, 0.00802194, 0.00342823, 0.00320344, 0.00638853, 0.00697945, 0.00744791, 0.00570255, 0.00270103, 0.00622721, 0.0081294, 0.00340094, 0.00715807, 0.00326089, 0.00324565, 0.0033151, 0.00814581, 0.0041344, 0.00311615];
GivenLatency = [54.9646, 56.5891, 148.298, 49.1845, 60.9504, 92.3679, 124.574, 86.3851, 95.0617, 82.113, 89.3245, 57.8545, 167.317, 128.691, 50.078, 126.538, 166.01, 109.473, 143.503, 94.8295, 65.9127, 118.713, 67.487, 83.6465, 47.7424, 57.218, 135.01, 40.7528, 50.5327, 85.9393, 91.1792, 86.4391, 73.087, 104.324, 154.159, 57.8149, 114.332, 62.0768, 107.865, 57.697, 84.3034, 62.8621, 188.041, 86.854, 88.2113, 45.2703, 70.2708, 167.354, 105.577, 56.0526, 62.3443, 51.917, 58.5575, 150.7, 90.9556, 42.635, 150.436, 55.3924, 198.622, 169.998, 166.503, 38.9717, 91.9004, 194.112];
HighestPossibleCritFunctionValue = 1.1;
