NumDevices = 128;
NumSlotes = 1024;


GivenBandwidthOld = [0.00343891, 0.00275446, 0.00238482, 0.00224371, 0.00251441, 0.00210769, 0.00388303, 0.00145489, 0.0042366, 0.00323173, 0.00189327, 0.00328538, 0.00359317, 0.00158366, 0.00284575, 0.00234875, 0.00224798, 0.00246537, 0.00299015, 0.00415461, 0.00338342, 0.0014302, 0.00173581, 0.00374926, 0.00317749, 0.0027811, 0.00325102, 0.00429615, 0.00414352, 0.00145806, 0.0012579, 0.00284528, 0.00376205, 0.00258927, 0.0041299, 0.00376079, 0.00316368, 0.00200591, 0.00275817, 0.0021487, 0.00250901, 0.00198219, 0.00408801, 0.00272025, 0.00228985, 0.0030096, 0.00293793, 0.00159216, 0.00199388, 0.00371939, 0.00431728, 0.00302332, 0.0023179, 0.00259689, 0.00408879, 0.00343492, 0.0013788, 0.00342852, 0.003211, 0.00345815, 0.00422452, 0.00329678, 0.001538, 0.00414277, 0.00437221, 0.00428907, 0.00389397, 0.00409123, 0.00386419, 0.00364689, 0.00143056, 0.00160911, 0.00246759, 0.00280904, 0.00402776, 0.00263278, 0.00409504, 0.00218222, 0.00346963, 0.00352023, 0.00385023, 0.00339059, 0.00321242, 0.00247317, 0.00276399, 0.00308781, 0.00175155, 0.00271659, 0.00328647, 0.00326781, 0.00205606, 0.00188013, 0.00127307, 0.00143412, 0.00195784, 0.00424952, 0.00174944, 0.00162463, 0.0039535, 0.00148908, 0.00391197, 0.00352117, 0.0040794, 0.0019207, 0.00187379, 0.00411978, 0.00246058, 0.00379752, 0.00179479, 0.00130597, 0.00136439, 0.0019681, 0.00159576, 0.00310315, 0.00331089, 0.00420487, 0.00432177, 0.00341992, 0.00234987, 0.00237912, 0.00341532, 0.00319121, 0.00215616, 0.00288358, 0.00365146, 0.00326944, 0.00137516, 0.00162937];
GivenLatency = [139.019, 141.019, 135.783, 291.897, 141.312, 210.284, 102.591, 240.06, 104.789, 168.648, 320.023, 163.679, 121.151, 397.89, 190.722, 255.142, 157.397, 134.092, 135.599, 123.83, 134.508, 401.591, 206.193, 142.213, 139.07, 116.493, 112.809, 74.7497, 145.498, 245.065, 332.518, 172.509, 112.581, 212.006, 134.784, 85.6542, 165.907, 181.946, 133.346, 217.97, 258.196, 202.102, 119.912, 118.801, 253.017, 104.877, 116.112, 311.392, 312.753, 117.906, 129.013, 217.043, 185.773, 150.079, 105.427, 120.847, 398.059, 127.802, 156.864, 128.647, 76.0528, 125.11, 258.62, 146.116, 89.0111, 82.5885, 87.4637, 105.621, 83.301, 85.76, 269.328, 200.15, 197.728, 128.337, 127.154, 160.283, 81.6747, 145.752, 189.022, 106.587, 105.845, 180.707, 125.206, 200.3, 124.19, 158.243, 194.754, 122.935, 116.629, 103.043, 318.508, 289.346, 366.562, 277.68, 212.333, 89.0083, 211.126, 300.712, 157.006, 269.173, 89.4329, 120.158, 85.783, 202.486, 180.618, 129.471, 181.647, 115.048, 192.235, 349.529, 259.548, 311.261, 263.278, 114.357, 195.316, 74.8695, 99.7937, 99.4724, 184.293, 166.263, 106.251, 162.73, 247.674, 183.608, 163.877, 182.03, 295.592, 395.437];
HighestPossibleCritFunctionValue = 1.1;
