NumDevices = 128;
NumSlotes = 1024;


GivenBandwidthOld = [0.0058813, 0.00456939, 0.00519887, 0.00487521, 0.00509566, 0.00524436, 0.00443882, 0.00566888, 0.0044274, 0.00376126, 0.00802025, 0.00389561, 0.00595616, 0.00759939, 0.00547872, 0.00826604, 0.00475336, 0.00724874, 0.00706797, 0.00394985, 0.00760131, 0.00769053, 0.00715216, 0.00391648, 0.00675496, 0.00812755, 0.00726373, 0.00406795, 0.00748653, 0.00869579, 0.00761106, 0.006523, 0.00462879, 0.00859009, 0.00613332, 0.00515136, 0.00640002, 0.00760179, 0.0057563, 0.00868125, 0.00820548, 0.00699442, 0.00771476, 0.00441157, 0.00777897, 0.00867509, 0.00477868, 0.00776268, 0.00492904, 0.00494768, 0.00816614, 0.0058047, 0.00717782, 0.00512227, 0.00744552, 0.00443003, 0.00801676, 0.00514704, 0.00386484, 0.00380439, 0.00784993, 0.00632607, 0.00481078, 0.00730757, 0.00585945, 0.0072724, 0.00472486, 0.00818087, 0.0083494, 0.00585554, 0.00655301, 0.00389871, 0.00805946, 0.00792786, 0.00612872, 0.00794755, 0.00702355, 0.0072306, 0.00713118, 0.00631025, 0.00389001, 0.00684943, 0.00580036, 0.00406897, 0.004605, 0.00866904, 0.00802019, 0.00778356, 0.00575184, 0.00863916, 0.00588147, 0.00736927, 0.00784258, 0.00767922, 0.00718036, 0.00772354, 0.00708772, 0.00588033, 0.00827986, 0.00705045, 0.00440378, 0.00676383, 0.00716326, 0.00545196, 0.00865126, 0.00416597, 0.00499753, 0.00594089, 0.00609409, 0.00589891, 0.00541178, 0.00829789, 0.00509001, 0.00531046, 0.00541095, 0.00433263, 0.00603391, 0.00450762, 0.0069953, 0.0074657, 0.00854622, 0.00380011, 0.00597749, 0.00614857, 0.0065631, 0.00844557, 0.00719442, 0.00404945];
GivenLatency = [182.823, 225.818, 189.612, 241.681, 232.392, 210.577, 254.152, 218.067, 222.181, 314.766, 160.131, 270.625, 208.978, 164.191, 207.382, 155.128, 244.458, 149.516, 158.225, 270.057, 152.533, 128.978, 169.408, 285.506, 147.88, 139.432, 165.058, 237.436, 160.256, 125.382, 130.038, 147.849, 252.4, 123.285, 195.233, 248.638, 194.863, 155.798, 177.092, 115.502, 148.282, 141.541, 158.903, 218.935, 150.396, 130.785, 257.909, 163.375, 210.901, 211.02, 129.436, 209.34, 141.427, 195.446, 165.66, 219.261, 140.558, 186.45, 271.935, 264.054, 121.576, 184.44, 220.585, 141.57, 208.712, 156.62, 245.618, 124.818, 147.437, 183.826, 169.523, 298.787, 132.879, 121.036, 173.579, 127.07, 151.835, 174.33, 159.443, 173.199, 331.452, 174.31, 221.498, 281.447, 260.474, 144.494, 148.653, 124.424, 204.873, 122.975, 206.569, 136.002, 127.317, 144.747, 176.698, 124.722, 144.489, 207.21, 127.671, 145.249, 293.068, 147.058, 177.572, 209.065, 113.261, 281.872, 215.395, 216.637, 169.846, 170.411, 184.295, 132.638, 221.788, 187.946, 225.069, 225.487, 164.121, 263.072, 160.301, 135.494, 148.521, 259.781, 203.933, 168.355, 147.948, 131.441, 144.932, 270.558];
HighestPossibleCritFunctionValue = 1.1;
