NumDevices = 32;
NumSlotes = 256;


GivenBandwidthOld = [0.0276508, 0.0377219, 0.0272206, 0.0313514, 0.0329788, 0.0343256, 0.0200035, 0.0345418, 0.0284461, 0.0293944, 0.0168197, 0.0228995, 0.0314561, 0.017913, 0.0241476, 0.0333682, 0.0290015, 0.0374452, 0.0266521, 0.0263988, 0.0190854, 0.0275656, 0.0293189, 0.0221302, 0.026569, 0.0299244, 0.0250483, 0.0214959, 0.016912, 0.0250626, 0.036982, 0.0173163];
GivenLatency = [82.4467, 44.6747, 90.3281, 64.7808, 53.4962, 60.4645, 102.889, 59.9306, 70.3917, 62.3491, 108.533, 94.1107, 56.8078, 94.4742, 75.9545, 55.6497, 61.25, 44.6862, 71.4343, 63.9237, 113.771, 68.8384, 65.3094, 105.001, 80.9091, 55.9713, 69.4736, 89.6728, 109.897, 70.7648, 56.2029, 108.703];
HighestPossibleCritFunctionValue = 1.1;
