NumDevices = 128;
NumSlotes = 1024;


GivenBandwidthOld = [0.00529961, 0.00808938, 0.00566992, 0.0067911, 0.0054711, 0.00532216, 0.00695804, 0.00634059, 0.00873457, 0.00436992, 0.00770985, 0.0069488, 0.00592807, 0.00552962, 0.00390416, 0.00478267, 0.00489352, 0.0079376, 0.00471091, 0.00384572, 0.00743895, 0.00397773, 0.00625874, 0.00813176, 0.00793702, 0.00502555, 0.00688675, 0.00818458, 0.00567997, 0.00581942, 0.0045699, 0.00381312, 0.00457248, 0.00720564, 0.00768506, 0.00535402, 0.0074765, 0.00502513, 0.00478918, 0.00419527, 0.00732538, 0.00518779, 0.00861764, 0.00410622, 0.00575093, 0.00837121, 0.00736054, 0.00606055, 0.00711247, 0.00670562, 0.00393609, 0.00643967, 0.00403779, 0.00567645, 0.0066642, 0.00777511, 0.00376557, 0.00548285, 0.00768002, 0.00562316, 0.00597459, 0.00745729, 0.00710643, 0.00526985, 0.00791766, 0.00464792, 0.00516746, 0.00704882, 0.00701082, 0.00832461, 0.00430913, 0.00600497, 0.0080351, 0.00840229, 0.00484198, 0.00672835, 0.00593347, 0.00631422, 0.00554289, 0.00684526, 0.00574656, 0.00498499, 0.00514406, 0.00863144, 0.00614195, 0.00520153, 0.00462733, 0.0039528, 0.00714931, 0.00593117, 0.00766448, 0.00432992, 0.00552213, 0.00793507, 0.00725975, 0.00709829, 0.00849873, 0.00562416, 0.00783095, 0.00723001, 0.00729332, 0.00633749, 0.00666593, 0.00675385, 0.00439142, 0.00408736, 0.00381675, 0.00553696, 0.0072486, 0.00479297, 0.0078879, 0.00446823, 0.00497693, 0.00470776, 0.0057654, 0.0065907, 0.00733733, 0.005988, 0.00786349, 0.00418514, 0.00714767, 0.00844942, 0.00692906, 0.00413341, 0.00768939, 0.00807461, 0.0074041, 0.00822158];
GivenLatency = [191.821, 159.433, 222.492, 159.074, 180.706, 228.369, 181.758, 188.198, 143.553, 272.323, 134.858, 140.286, 195.471, 189.765, 246.138, 262.657, 210.249, 161.808, 219.771, 253.538, 143.953, 244.429, 176.399, 134.629, 131.685, 195.947, 139.319, 154.503, 194.298, 180.204, 261.7, 316.106, 238.168, 175.863, 131.995, 220.602, 142.319, 199.379, 210.303, 306.962, 142.647, 190.732, 147.248, 279.476, 225.678, 113.841, 138.979, 191.466, 179.623, 155.104, 301.775, 156.578, 309.724, 181.228, 186.779, 126.044, 311.075, 176.79, 165.364, 194.652, 213.922, 168.539, 165.14, 200.493, 124.368, 244, 207.879, 178.05, 143.262, 121.992, 253.815, 200.374, 125.294, 136.723, 212.788, 153.961, 186.228, 192.228, 217.496, 179.382, 200.173, 226.876, 218.253, 135.947, 175.024, 203.308, 263.06, 316.928, 164.163, 192.473, 126.926, 234.79, 217.662, 161.795, 152.486, 159.591, 117.48, 229.967, 144.589, 139.648, 145.441, 195.969, 146.526, 151.888, 262.783, 240.283, 311.544, 182.299, 136.832, 216.102, 127.465, 257.493, 250.494, 259.958, 223.701, 156.351, 164.243, 168.749, 127.172, 230.136, 164.171, 122.013, 166.254, 254.964, 141.389, 123.751, 145.327, 150.432];
HighestPossibleCritFunctionValue = 1.1;
