NumDevices = 16;
NumSlotes = 128;


GivenBandwidthOld = [0.0283806, 0.0330966, 0.0196466, 0.0151438, 0.0123108, 0.0231755, 0.0254069, 0.0285691, 0.0260545, 0.0138196, 0.0313521, 0.0241771, 0.0338544, 0.0303228, 0.0244965, 0.0281201];
GivenLatency = [11.3782, 12.7348, 16.2691, 32.6631, 49.5876, 23.1955, 13.0225, 13.9496, 14.3511, 32.4933, 9.60916, 18.691, 13.2406, 19.8761, 24.7014, 14.7265];
HighestPossibleCritFunctionValue = 1.1;
