NumDevices = 128;
NumSlotes = 1024;


GivenBandwidthOld = [0.00675347, 0.00812485, 0.0067804, 0.00563526, 0.00437633, 0.00552161, 0.00417247, 0.0042637, 0.00748943, 0.00734477, 0.00610598, 0.00565195, 0.00490158, 0.0083847, 0.0040991, 0.00613231, 0.00824034, 0.00783584, 0.00451172, 0.0060175, 0.00855383, 0.00666964, 0.00416382, 0.00380617, 0.00772025, 0.00673675, 0.0069736, 0.00786732, 0.00861694, 0.00737692, 0.00638322, 0.00523089, 0.00799432, 0.00812951, 0.00516951, 0.00640975, 0.00617357, 0.00670921, 0.00414157, 0.00494794, 0.00754155, 0.00832054, 0.00588925, 0.00806502, 0.00629727, 0.00575274, 0.0037799, 0.00625566, 0.00631348, 0.00821479, 0.00852137, 0.00624304, 0.00429718, 0.00519168, 0.00412114, 0.00646249, 0.00749952, 0.00692885, 0.00570311, 0.00467685, 0.00626189, 0.00605128, 0.00634142, 0.00775461, 0.00419053, 0.00774995, 0.00591537, 0.00716566, 0.00573163, 0.00392398, 0.0078535, 0.00628549, 0.00777099, 0.00458, 0.00854339, 0.0062955, 0.00593795, 0.00662983, 0.00511259, 0.00487642, 0.00544085, 0.00693228, 0.00836623, 0.00379233, 0.00515476, 0.00849326, 0.00379323, 0.00524764, 0.00451388, 0.00721089, 0.0059743, 0.00748437, 0.00733816, 0.0048701, 0.00433059, 0.00668144, 0.00740567, 0.00466445, 0.0079754, 0.00499186, 0.00576958, 0.00686742, 0.0082752, 0.00386655, 0.00755009, 0.00693814, 0.00678212, 0.00463983, 0.00407688, 0.00762369, 0.00385463, 0.00730938, 0.00632876, 0.00492769, 0.00714101, 0.00652847, 0.0064474, 0.00400138, 0.00377107, 0.00785983, 0.00765481, 0.00692263, 0.00607672, 0.00399063, 0.00807042, 0.00698842, 0.00683027, 0.00391494];
GivenLatency = [167.075, 128.378, 184.49, 190.957, 285.316, 219.676, 233.52, 262.955, 172.236, 145.769, 196.073, 170.629, 244.527, 143.379, 258.925, 174.959, 116.604, 127.838, 221.987, 192.569, 118.812, 193.854, 300.512, 270.391, 148.661, 181.081, 145.796, 144.174, 120.846, 129.649, 181.293, 232.19, 119.937, 149.037, 200.595, 179.38, 193.503, 168.221, 238.978, 216.912, 127.57, 116.965, 163.103, 124.628, 179.519, 184.785, 327.717, 186.151, 164.323, 123.673, 128.842, 160.397, 231.545, 189.826, 232.185, 169.623, 140.603, 146.47, 205.084, 275.759, 191.86, 206.744, 160.164, 124.75, 273.717, 165.267, 183.316, 135.576, 202.245, 279.952, 156.078, 178.167, 132.732, 267.842, 140.591, 154.258, 163.378, 149.429, 196.251, 242.729, 197.033, 147.847, 140.937, 282.919, 236.237, 121.814, 289.993, 211.453, 245.073, 148.458, 162.034, 139.994, 173.732, 197.141, 245.662, 156.321, 152.299, 244.834, 147.68, 244.461, 170.818, 140.369, 146.443, 262.66, 149.822, 181.237, 176.505, 216.986, 251.565, 141.524, 288.143, 132.703, 172.91, 202.45, 147.5, 167.997, 154.328, 271.865, 327.779, 132.839, 126.286, 141.757, 160.934, 319.248, 158.261, 137.428, 157.435, 324.081];
HighestPossibleCritFunctionValue = 1.1;
