NumDevices = 128;
NumSlotes = 1024;


GivenBandwidthOld = [0.00178007, 0.00382928, 0.00433563, 0.0020531, 0.00211391, 0.00230504, 0.00213141, 0.0026071, 0.00372486, 0.00243741, 0.00178211, 0.00372769, 0.00311986, 0.00290893, 0.0015546, 0.0019954, 0.00423991, 0.00266952, 0.00294313, 0.00149246, 0.00435842, 0.00378954, 0.00203365, 0.00327999, 0.00362229, 0.00360706, 0.00391376, 0.00223367, 0.00250859, 0.00432246, 0.00259713, 0.00187639, 0.00399377, 0.00330325, 0.0039733, 0.00303888, 0.00131813, 0.00252001, 0.00248276, 0.00155597, 0.00303687, 0.00189554, 0.00394724, 0.00256926, 0.00223502, 0.00330465, 0.00244632, 0.00155047, 0.00432932, 0.00227864, 0.00213549, 0.00248734, 0.00340392, 0.00217954, 0.00208724, 0.00394918, 0.00380493, 0.00137499, 0.00188975, 0.00348063, 0.00388462, 0.00318568, 0.00304961, 0.00355582, 0.00201088, 0.00188048, 0.00390434, 0.00331624, 0.00356105, 0.00248827, 0.00351266, 0.00167193, 0.00199671, 0.00436689, 0.00242066, 0.00160022, 0.00303395, 0.00291418, 0.00241409, 0.00367404, 0.00145109, 0.0028844, 0.00194444, 0.00392287, 0.00237735, 0.00172491, 0.00185033, 0.00353692, 0.00316616, 0.00296413, 0.00430046, 0.00163918, 0.00161463, 0.0014824, 0.00401729, 0.0016822, 0.00278223, 0.0034099, 0.00263314, 0.00389595, 0.00292601, 0.00125196, 0.00287816, 0.00326004, 0.00281701, 0.00358842, 0.00311111, 0.00278456, 0.00193347, 0.00398588, 0.0018633, 0.00270029, 0.00435399, 0.00433506, 0.00189898, 0.00247468, 0.00323867, 0.00299688, 0.0016577, 0.00342131, 0.00377986, 0.00193882, 0.00327475, 0.00317983, 0.00146226, 0.00303491, 0.00340441, 0.00417655];
GivenLatency = [211.198, 137.861, 126.165, 190.181, 303.378, 254.14, 223.147, 143.33, 161.341, 210.589, 182.569, 89.194, 132.932, 115.227, 375.456, 248.138, 96.8532, 157.714, 158.084, 227.219, 101.074, 116.194, 169.069, 170.142, 144.89, 143.539, 85, 267.85, 125.264, 133.206, 136.237, 336.135, 137.565, 105.257, 84.6023, 126.719, 259.474, 128.048, 129.183, 307.44, 111.097, 223.098, 122.673, 229.88, 279.045, 133.743, 135.168, 267.818, 150.205, 143.484, 258.176, 250.763, 96.5079, 229.967, 240.669, 157.781, 82.1982, 302.409, 279.061, 169.311, 88.6733, 130.616, 172.751, 139.814, 200.084, 250.966, 86.8327, 139.954, 100.266, 164.528, 128.292, 301.223, 323.402, 120.342, 196.557, 228.626, 144.535, 148.859, 217.987, 137.074, 308.238, 176.995, 214.138, 123.943, 201.844, 359.365, 196.668, 172.932, 111.794, 156.643, 74.2306, 258.563, 222.283, 241.282, 99.6231, 224.581, 167.493, 110.378, 126.776, 100.987, 192.274, 276.526, 113.778, 145.33, 189.873, 122.646, 107.708, 128.467, 174.088, 120.566, 250.757, 228.736, 83.165, 76.2607, 186.627, 129.57, 100.579, 132.925, 189.317, 145.31, 95.4993, 161.933, 152.816, 126.57, 264.927, 198.96, 116.919, 128.728];
HighestPossibleCritFunctionValue = 1.1;
