NumDevices = 32;
NumSlotes = 256;


GivenBandwidthOld = [0.00621431, 0.0138326, 0.0171305, 0.00735944, 0.0101301, 0.01348, 0.0156758, 0.00774411, 0.012801, 0.016147, 0.01556, 0.0124666, 0.00823396, 0.0081027, 0.0145411, 0.0130278, 0.0164216, 0.00512685, 0.0120169, 0.012365, 0.0138234, 0.0117954, 0.0147344, 0.0107119, 0.00545599, 0.00635656, 0.0172126, 0.0121359, 0.0133635, 0.00725952, 0.00582679, 0.0134319];
GivenLatency = [86.0529, 38.5193, 22.5859, 45.3611, 53.9386, 24.6269, 30.4997, 59.6704, 30.7517, 35.02, 21.6833, 39.7503, 38.0952, 65.5242, 35.8678, 29.226, 33.4491, 63.4836, 46.5123, 25.5764, 37.0506, 40.1568, 40.6924, 32.3331, 90.3019, 62.0665, 18.2064, 33.4385, 28.2989, 68.5011, 94.5217, 33.9605];
HighestPossibleCritFunctionValue = 1.1;
