NumDevices = 64;
NumSlotes = 512;


GivenBandwidthOld = [0.0132638, 0.00914169, 0.00942313, 0.00955525, 0.0101582, 0.0145396, 0.0121125, 0.0101456, 0.0124466, 0.0143614, 0.0170352, 0.0156015, 0.00878098, 0.0168775, 0.015911, 0.0107268, 0.0101387, 0.0153696, 0.0111272, 0.0103389, 0.010683, 0.0138464, 0.0107215, 0.0113836, 0.00976774, 0.0114148, 0.0139313, 0.00849944, 0.0150042, 0.0107809, 0.00927334, 0.0120844, 0.0172815, 0.0147865, 0.0119378, 0.014187, 0.0154157, 0.0170665, 0.0117449, 0.0109799, 0.0134288, 0.0129163, 0.00912397, 0.0115475, 0.0142543, 0.0162368, 0.016607, 0.00934532, 0.0118448, 0.0103607, 0.0170164, 0.00938789, 0.0172886, 0.0141257, 0.0148543, 0.0110456, 0.00856834, 0.0130434, 0.0158641, 0.0132831, 0.0134456, 0.0154733, 0.0141969, 0.0116158];
GivenLatency = [81.4259, 132.452, 106.968, 117.457, 110.643, 68.3813, 89.5132, 106.815, 90.418, 73.9747, 70.2805, 58.8345, 127.578, 60.4842, 61.28, 90.4073, 105.101, 63.2799, 83.3227, 99.7706, 87.3518, 80.2174, 110.592, 80.1273, 127.635, 92.6841, 68.337, 109.653, 79.6681, 90.1507, 125.363, 99.186, 54.0781, 76.6837, 83.9934, 66.5423, 59.4383, 68.3692, 80.0696, 86.0112, 77.3235, 72.8633, 117.541, 92.8214, 66.5447, 60.4184, 60.3235, 118.774, 84.3984, 99.82, 55.4773, 106.912, 67.8275, 69.8574, 81.0458, 110.766, 120.037, 84.9284, 57.6942, 91.8614, 77.0316, 65.4445, 77.9139, 97.3694];
HighestPossibleCritFunctionValue = 1.1;
