NumDevices = 8;
NumSlotes = 64;


GivenBandwidthOld = [0.12547, 0.116108, 0.072324, 0.0897821, 0.107863, 0.0853971, 0.108827, 0.0955985];
GivenLatency = [13.0282, 11.944, 17.3084, 12.973, 12.9288, 15.6024, 10.4928, 15.1811];
HighestPossibleCritFunctionValue = 1.1;
