NumDevices = 128;
NumSlotes = 1024;


GivenBandwidthOld = [0.00589156, 0.00938505, 0.00585809, 0.00935317, 0.00749495, 0.00758002, 0.00613744, 0.00447955, 0.00903682, 0.0092543, 0.00819354, 0.00512699, 0.00928394, 0.00649495, 0.00690606, 0.00387571, 0.00400196, 0.00716683, 0.00548758, 0.00729626, 0.00570072, 0.00821382, 0.00836901, 0.00414856, 0.00863602, 0.00427158, 0.0073684, 0.00563157, 0.00846614, 0.00538537, 0.00818344, 0.00416266, 0.00806917, 0.00855848, 0.00746093, 0.00463038, 0.00648138, 0.00385451, 0.00403134, 0.00719172, 0.00492055, 0.00838233, 0.00930424, 0.00380345, 0.00832998, 0.00455699, 0.00428218, 0.00443469, 0.00502929, 0.00471223, 0.00719049, 0.00939941, 0.00972493, 0.00561917, 0.00647504, 0.00974513, 0.00762248, 0.00719624, 0.00595382, 0.00588836, 0.00570443, 0.00806821, 0.00495103, 0.00828915, 0.00581677, 0.00864487, 0.00935319, 0.00787996, 0.00966708, 0.00844676, 0.00469948, 0.0053551, 0.00567777, 0.00999463, 0.00727815, 0.00767151, 0.0062936, 0.00406138, 0.00591486, 0.00730345, 0.0078986, 0.00421589, 0.00898514, 0.00955573, 0.00566646, 0.00752268, 0.00486888, 0.00883667, 0.00794669, 0.00633812, 0.00854188, 0.00958861, 0.00823792, 0.00728129, 0.00413861, 0.00388753, 0.00900329, 0.00830629, 0.00626019, 0.00502834, 0.00756193, 0.00840955, 0.00426418, 0.0080341, 0.00655067, 0.00589962, 0.00743268, 0.00484916, 0.00864013, 0.00465728, 0.00858329, 0.00567117, 0.00540338, 0.00467091, 0.00646072, 0.00660086, 0.00558276, 0.00697752, 0.00491214, 0.00463852, 0.00589461, 0.0045454, 0.00950195, 0.00806894, 0.00464716, 0.00730708, 0.00642554, 0.00909483];
GivenLatency = [588.766, 405.056, 616.467, 380.917, 469.475, 443.398, 674.556, 1033.09, 446.543, 410.859, 552.178, 841.505, 397.919, 515.261, 651.772, 1218.79, 1093.28, 513.667, 824.977, 666.422, 745.027, 587.096, 451.66, 911.454, 454.034, 903.934, 511.742, 724.472, 469.298, 731.325, 587.169, 895.868, 457.923, 568.127, 458.166, 1029.56, 677.96, 901.284, 1099.31, 541.531, 875.405, 533.105, 384.781, 969.337, 454.697, 874.693, 944.115, 772.444, 740.717, 1021.11, 613.305, 439.134, 409.493, 749.404, 544.576, 357.133, 486.896, 578.411, 735.371, 729.343, 614.569, 608.177, 732.482, 497.243, 656.028, 390.965, 498.5, 474.645, 444.151, 405.588, 846.159, 675.274, 702.788, 338.268, 653.044, 601.098, 715.604, 829.713, 639.672, 674.341, 462.187, 900.126, 515.839, 354.873, 712.651, 456.972, 693.365, 555.468, 468.172, 774.811, 524.77, 416.267, 429.245, 474.346, 908.688, 1250.09, 535.321, 428.923, 766.062, 975.703, 460.252, 466.634, 997.463, 467.474, 660.873, 615.396, 525.57, 893.263, 555.714, 1043.12, 407.708, 807.742, 674.682, 820.614, 771.513, 651.418, 635.063, 704.42, 783.911, 770.23, 690.433, 884.663, 414.714, 418.895, 953, 483.757, 610.231, 466.074];
HighestPossibleCritFunctionValue = 1.1;
