NumDevices = 64;
NumSlotes = 512;


GivenBandwidthOld = [0.0107234, 0.00835764, 0.00937818, 0.0115102, 0.0198533, 0.0164265, 0.0102432, 0.0127969, 0.0192649, 0.0157067, 0.0128324, 0.0168439, 0.0134726, 0.0141313, 0.00950751, 0.0102995, 0.00950872, 0.0180966, 0.0162527, 0.0143842, 0.010238, 0.0120973, 0.0117288, 0.018193, 0.0129713, 0.0139831, 0.0197113, 0.0180647, 0.0181233, 0.0164804, 0.0153669, 0.014553, 0.00896958, 0.019255, 0.0110419, 0.0116963, 0.0105362, 0.0125411, 0.00797313, 0.00942888, 0.013609, 0.0192198, 0.0197874, 0.00961706, 0.0138982, 0.0175491, 0.0153507, 0.0174699, 0.00927434, 0.0163443, 0.0168375, 0.0178048, 0.0135825, 0.0105748, 0.0104919, 0.0168184, 0.00936726, 0.0155523, 0.0175614, 0.00956893, 0.0175008, 0.0159847, 0.00947822, 0.017858];
GivenLatency = [310.793, 286.564, 275.114, 210.263, 165.712, 160.433, 234.682, 225.255, 137.232, 167.516, 175.252, 148.445, 203.875, 171.1, 304.12, 269.717, 345.874, 122.85, 143.833, 165.639, 262.809, 240.616, 234.914, 146.964, 202.066, 191.799, 113.129, 133.385, 124.346, 149.783, 213.434, 194.998, 277.276, 165.821, 231.226, 258.194, 253.315, 259.979, 303.019, 256.792, 226.486, 152.273, 115.945, 237.489, 198.618, 180.427, 152.388, 172.378, 329.418, 143.244, 135.642, 128.673, 235.286, 211.721, 275.513, 142.076, 285.822, 169.11, 156.314, 338.499, 173.93, 140.422, 298.556, 147.378];
HighestPossibleCritFunctionValue = 1.1;
