NumDevices = 64;
NumSlotes = 512;


GivenBandwidthOld = [0.00995161, 0.0117784, 0.0149922, 0.0096309, 0.0116037, 0.00900362, 0.00881034, 0.0103405, 0.0170833, 0.0136902, 0.0163746, 0.0129411, 0.0168513, 0.0154901, 0.017183, 0.00890561, 0.0116052, 0.0135921, 0.00765624, 0.0133615, 0.0111353, 0.0151584, 0.0113982, 0.0153641, 0.0100756, 0.0149731, 0.00858878, 0.0165576, 0.00799214, 0.00896826, 0.0145845, 0.0164534, 0.0167177, 0.00873578, 0.0171748, 0.0114849, 0.0116753, 0.0115334, 0.0167578, 0.0139253, 0.0168495, 0.0137965, 0.0130715, 0.0171489, 0.0166175, 0.0147152, 0.0127249, 0.0119541, 0.0173665, 0.0132262, 0.00839378, 0.00918616, 0.0167294, 0.0160172, 0.0157157, 0.00885491, 0.00938622, 0.009134, 0.0100866, 0.0102682, 0.013061, 0.0117085, 0.00926653, 0.00756175];
GivenLatency = [97.0396, 89.2138, 73.0986, 104.913, 88.8658, 102.476, 136.003, 106.799, 53.8647, 90.6381, 67.6945, 82.3408, 60.8765, 60.4898, 55.0787, 112.514, 84.3089, 84.6149, 149.774, 84.0284, 82.4721, 62.4798, 93.646, 78.0505, 106.422, 81.4839, 124.516, 74.1751, 155.98, 113.48, 75.1211, 74.6957, 54.7296, 126.354, 69.5705, 96.2727, 80.3569, 88.2571, 68.1155, 78.4606, 66.1969, 81.7776, 79.252, 71.6415, 60.7033, 70.0139, 73.6833, 89.244, 68.3163, 91.6189, 112.646, 129.369, 55.4726, 60.6564, 67.186, 102.853, 104.118, 113.715, 103.101, 110.274, 73.4874, 80.6583, 102.286, 134.738];
HighestPossibleCritFunctionValue = 1.1;
