NumDevices = 128;
NumSlotes = 1024;


GivenBandwidthOld = [0.00509454, 0.0064799, 0.00509565, 0.00512642, 0.00716435, 0.00869668, 0.00756991, 0.00495899, 0.00830531, 0.00493324, 0.00546487, 0.00560256, 0.00465677, 0.00388973, 0.00714863, 0.00460097, 0.00606627, 0.00828301, 0.00501939, 0.00846931, 0.0061405, 0.00584262, 0.00444244, 0.00661392, 0.00759896, 0.00818994, 0.00580856, 0.00696075, 0.00679438, 0.0056121, 0.00507003, 0.00447978, 0.00419106, 0.00661644, 0.00507556, 0.00743517, 0.00546608, 0.00592725, 0.00671569, 0.0081312, 0.00860873, 0.00447817, 0.0071252, 0.00579909, 0.00774587, 0.00727044, 0.00685661, 0.00656276, 0.00778988, 0.0070695, 0.00464139, 0.00538307, 0.00572564, 0.00835373, 0.00859906, 0.00688633, 0.00601875, 0.00468115, 0.00858642, 0.00450911, 0.00713054, 0.00554148, 0.00815503, 0.0041503, 0.00656483, 0.00766098, 0.00552298, 0.00715891, 0.00732436, 0.00810098, 0.00571474, 0.00512062, 0.00473016, 0.00729163, 0.00800138, 0.00660787, 0.00590233, 0.00801703, 0.00469143, 0.00628152, 0.00603472, 0.00804903, 0.00762248, 0.00846232, 0.00376398, 0.0086573, 0.00573045, 0.00415489, 0.00866216, 0.00746584, 0.00588376, 0.00584899, 0.0063971, 0.00847672, 0.00581773, 0.00608055, 0.00824516, 0.00396876, 0.00546167, 0.00670662, 0.00559793, 0.00684067, 0.0086544, 0.00699506, 0.00848278, 0.00765045, 0.00869559, 0.00433885, 0.00557378, 0.00604358, 0.00696993, 0.00615135, 0.00831556, 0.00704598, 0.00426367, 0.00692902, 0.00858145, 0.00598688, 0.00400926, 0.00610355, 0.00481216, 0.00546936, 0.00602426, 0.0072212, 0.00415103, 0.00384546, 0.00820817, 0.00728022];
GivenLatency = [217.257, 171.77, 239.636, 231.167, 160.722, 117.36, 141.859, 247.766, 134.239, 204.383, 200.152, 174.992, 220.454, 305.578, 142.396, 209.344, 163.932, 138.033, 200.347, 144.465, 198.857, 163.041, 270.625, 166.533, 130.699, 140.236, 190.003, 150.076, 148.474, 182.622, 204.791, 230.286, 274.551, 169.559, 206.853, 159.029, 184.673, 190.143, 159.282, 142.388, 126.892, 246.565, 167.007, 179.936, 143.445, 143.892, 168.491, 150.772, 130.528, 183.472, 227.228, 232.587, 169.689, 131.417, 144.547, 159.295, 187.456, 224.644, 113.163, 264.041, 138.864, 203.9, 127.687, 264.205, 157.875, 149.759, 219.187, 133.704, 158.077, 149.268, 199.76, 211.322, 230.001, 144.277, 120.276, 166.566, 163.971, 147.94, 240.646, 174.162, 212.822, 133.751, 134.972, 136.084, 304.726, 119.1, 203.561, 278.617, 118.474, 132.786, 167.179, 214.854, 168.312, 132.667, 208.601, 171.075, 141.254, 296.72, 199.794, 159.645, 203.632, 139.274, 139.944, 142.481, 117.497, 155.37, 139.977, 266.159, 210.28, 203.932, 158.883, 195.822, 118.709, 166.834, 244.722, 163.196, 145.922, 175.979, 249.462, 193.029, 217.539, 209.79, 159.615, 169.052, 229.729, 267.934, 121.097, 137.462];
HighestPossibleCritFunctionValue = 1.1;
