NumDevices = 128;
NumSlotes = 1024;


GivenBandwidthOld = [0.00653578, 0.00433126, 0.00801285, 0.00439224, 0.00783019, 0.0045689, 0.00703655, 0.00582751, 0.00541501, 0.00755552, 0.00816774, 0.00765948, 0.00542103, 0.00377642, 0.0078162, 0.00430711, 0.00705199, 0.00527955, 0.00594512, 0.00714766, 0.00827763, 0.00467461, 0.00859659, 0.00531899, 0.00383374, 0.00624996, 0.00559225, 0.00648544, 0.00828971, 0.00764629, 0.00865945, 0.00687258, 0.00500284, 0.00526203, 0.00648181, 0.00732229, 0.00827665, 0.00819955, 0.0073449, 0.0082234, 0.00820054, 0.0039215, 0.00617789, 0.00427519, 0.00554017, 0.00616125, 0.00468499, 0.00815432, 0.00718049, 0.00504089, 0.0047691, 0.00683821, 0.00729067, 0.00676561, 0.00712405, 0.00643947, 0.0056116, 0.00672125, 0.00654428, 0.00721361, 0.00658821, 0.00562505, 0.00772316, 0.00562173, 0.00699053, 0.00727477, 0.00448446, 0.00776757, 0.00706327, 0.00484224, 0.00600018, 0.00754668, 0.0045892, 0.00825115, 0.00452262, 0.00414444, 0.00811263, 0.00647814, 0.00559216, 0.00489187, 0.00522298, 0.00506861, 0.00561284, 0.00747154, 0.00662812, 0.0062725, 0.00444249, 0.00738462, 0.00578265, 0.00642404, 0.0063803, 0.00621445, 0.00380025, 0.00833068, 0.00627302, 0.00819335, 0.00807399, 0.00698352, 0.0046028, 0.00674763, 0.00495467, 0.00556176, 0.00394223, 0.0045668, 0.00668762, 0.00633438, 0.00441454, 0.00773042, 0.00768872, 0.00674535, 0.00659043, 0.0078473, 0.00710126, 0.00831212, 0.0043112, 0.00591973, 0.00546943, 0.00719751, 0.00605102, 0.00694488, 0.00508674, 0.00534473, 0.00645184, 0.00859208, 0.00465315, 0.00794802, 0.00488063, 0.00630456];
GivenLatency = [150.086, 247.709, 129.276, 263.137, 151.364, 213.227, 147.124, 201.14, 214.928, 132.296, 123.962, 141.766, 189.821, 284.241, 138.564, 257.821, 142.76, 195.32, 179.918, 176.241, 129.519, 246.32, 118.704, 179.178, 258.539, 178.059, 202.029, 162.602, 155.676, 149.63, 145.061, 155.487, 217.411, 214.196, 164.335, 165.815, 122.46, 128.427, 167.128, 133.191, 157.359, 299.143, 201.69, 278.924, 216.878, 183.988, 225.317, 123.264, 160.815, 222.633, 261.732, 143.833, 134.509, 166.032, 147.072, 175.985, 181.09, 161.139, 160.424, 135.79, 156.549, 185.824, 164.815, 213.831, 172.121, 136.77, 272.884, 153.092, 137.866, 221.532, 201.801, 137.746, 237.403, 146.779, 244.083, 263.999, 121.612, 171.345, 195.102, 264.27, 189.684, 220.135, 208.125, 147.19, 190.96, 156.574, 266.735, 161.888, 174.607, 163.964, 158.489, 175.866, 257.195, 138.058, 154.282, 152.327, 159.902, 181.095, 257.413, 164.91, 217.451, 185.209, 284.549, 238.529, 182.3, 167.061, 219.792, 151.363, 132.399, 151.487, 189.467, 163.351, 134.817, 127.277, 291.448, 174.949, 209.4, 148.772, 173.8, 146.963, 201.187, 227.378, 149.977, 145.903, 250.301, 148.428, 207.059, 188.253];
HighestPossibleCritFunctionValue = 1.1;
