NumDevices = 8;
NumSlotes = 64;


GivenBandwidthOld = [0.0311291, 0.0663966, 0.0583357, 0.0283377, 0.0513259, 0.0644183, 0.0584074, 0.0333];
GivenLatency = [11.7021, 5.14589, 8.59264, 11.3605, 6.19205, 7.43783, 6.53894, 12.2599];
HighestPossibleCritFunctionValue = 1.1;
