NumDevices = 128;
NumSlotes = 1024;


GivenBandwidthOld = [0.00749786, 0.00399724, 0.00417563, 0.00728641, 0.00521956, 0.00773001, 0.00571174, 0.00475335, 0.00711385, 0.0050142, 0.00609212, 0.00776628, 0.00544719, 0.00839059, 0.00810252, 0.00652157, 0.005454, 0.00783167, 0.00440964, 0.00534536, 0.00700805, 0.00676073, 0.00511172, 0.00524596, 0.00633045, 0.00845508, 0.00698262, 0.00437405, 0.00723102, 0.0042286, 0.00766881, 0.00713249, 0.00830806, 0.00609727, 0.00439668, 0.00748566, 0.00392618, 0.00475878, 0.00838317, 0.00844583, 0.00657033, 0.00511525, 0.00443342, 0.00506093, 0.00659655, 0.0057108, 0.00390069, 0.00640477, 0.00743185, 0.00461065, 0.00375238, 0.00376212, 0.00740344, 0.00706959, 0.00608321, 0.00793209, 0.00711612, 0.00817428, 0.00764337, 0.00464243, 0.00781318, 0.00853361, 0.00696679, 0.00830787, 0.00780077, 0.00502262, 0.00774592, 0.00819736, 0.00553455, 0.00667909, 0.00801826, 0.00535727, 0.00707263, 0.00711219, 0.00706838, 0.00582355, 0.00395219, 0.00695488, 0.00809678, 0.00506192, 0.00813433, 0.00623786, 0.00717294, 0.00811878, 0.00488972, 0.0039829, 0.00802523, 0.00761236, 0.00844916, 0.00760761, 0.00857062, 0.00387666, 0.00752451, 0.00698246, 0.00662246, 0.00617546, 0.00850943, 0.00545543, 0.00682716, 0.00663733, 0.00615111, 0.00413952, 0.00545529, 0.00459782, 0.00809838, 0.00697508, 0.00764944, 0.00670772, 0.0040736, 0.00743945, 0.00736048, 0.00506824, 0.00443631, 0.00850682, 0.00668587, 0.00688164, 0.00720256, 0.00588956, 0.00840675, 0.00478381, 0.0040533, 0.00625444, 0.00587821, 0.00752693, 0.0075767, 0.00405658, 0.00641892, 0.00523945];
GivenLatency = [141.221, 272.773, 280.608, 175.027, 212.515, 136.08, 219.15, 242.294, 133.981, 195.959, 202.756, 133.916, 193.087, 127.164, 133.948, 177.455, 184.762, 132.852, 220.968, 203.856, 160.698, 159.389, 190.507, 201.509, 193.227, 142.52, 174.23, 223.212, 168.235, 235.01, 152.762, 164.695, 135.21, 174.835, 250.394, 161.079, 269.844, 248.002, 139.974, 130.394, 174.771, 223.892, 270.95, 242.148, 196.294, 221.219, 258.622, 153.913, 128.677, 254.04, 284.254, 325.968, 144.5, 154.627, 167.929, 125.183, 176.293, 130.208, 157.401, 222.534, 130.295, 133.443, 141.07, 150.667, 130.883, 209.384, 154.642, 132.215, 176.774, 193.935, 157.583, 178.247, 147.044, 137.751, 135.608, 169.458, 259.109, 174.35, 133.015, 213.876, 127.468, 166.761, 173.309, 118.614, 253.04, 253.163, 139.028, 145.202, 124.53, 145.687, 117.54, 283.884, 170.9, 151.89, 193.903, 204.662, 141.867, 226.523, 169.829, 147.867, 170.591, 292.533, 206.425, 225.781, 129.268, 144.415, 147.472, 148.595, 278.631, 135.31, 171.269, 241.38, 221.902, 134.362, 172.172, 155.125, 151.245, 203.325, 144.986, 232.489, 303.1, 203.493, 164.006, 144.276, 133.257, 285.123, 173.011, 182.768];
HighestPossibleCritFunctionValue = 1.1;
