NumDevices = 16;
NumSlotes = 128;


GivenBandwidthOld = [0.0291839, 0.0345137, 0.0124597, 0.0246228, 0.025447, 0.0270976, 0.0201221, 0.0327917, 0.020724, 0.0232656, 0.0151007, 0.012069, 0.0333074, 0.012598, 0.0240517, 0.0274873];
GivenLatency = [15.8665, 11.4125, 40.4106, 16.6107, 12.4046, 14.684, 16.0277, 12.9019, 20.9531, 14.544, 29.5984, 33.2951, 18.4554, 44.6178, 14.1231, 17.9457];
HighestPossibleCritFunctionValue = 1.1;
