NumDevices = 128;
NumSlotes = 1024;


GivenBandwidthOld = [0.00480359, 0.0064797, 0.00682493, 0.00416937, 0.00714415, 0.00422005, 0.00381372, 0.00472544, 0.00788975, 0.00557941, 0.00570391, 0.00809441, 0.00530357, 0.00459368, 0.00842084, 0.00657026, 0.00391437, 0.00627521, 0.00498029, 0.00632031, 0.00790589, 0.00680314, 0.00787886, 0.00742969, 0.00837014, 0.00447443, 0.00420335, 0.00815531, 0.00874688, 0.00633857, 0.00477881, 0.00491846, 0.00701279, 0.00643368, 0.00834498, 0.00654025, 0.00448569, 0.0085618, 0.00573179, 0.00662502, 0.00417494, 0.00579429, 0.00710452, 0.00820897, 0.00573778, 0.00733345, 0.00572904, 0.00540542, 0.00632484, 0.0041134, 0.00641918, 0.00469253, 0.00489302, 0.00447181, 0.00528548, 0.0055687, 0.00559125, 0.00465702, 0.00810689, 0.0049704, 0.00497279, 0.00510335, 0.00458122, 0.00398736, 0.00799031, 0.00560453, 0.00791794, 0.00436249, 0.00787335, 0.00491688, 0.00555704, 0.0046446, 0.00422818, 0.00544655, 0.00774622, 0.00816069, 0.00416903, 0.00646232, 0.00475892, 0.00568389, 0.00660941, 0.0068669, 0.00449453, 0.00701821, 0.00749294, 0.00630238, 0.00657162, 0.00666511, 0.00807539, 0.00553757, 0.00744155, 0.00763518, 0.00692545, 0.00852029, 0.00803542, 0.00386764, 0.00596789, 0.00481497, 0.00778684, 0.00599528, 0.00521668, 0.00427688, 0.00394997, 0.00464759, 0.00456061, 0.0077197, 0.00757997, 0.00407685, 0.00719641, 0.00754909, 0.00503682, 0.0063248, 0.00850036, 0.00806424, 0.00812764, 0.00382819, 0.00781411, 0.00421242, 0.00556391, 0.00511798, 0.00536956, 0.00861235, 0.00525267, 0.00408836, 0.00558779, 0.0065478, 0.00633748, 0.00657416];
GivenLatency = [256.85, 184.721, 159.398, 250.158, 137.033, 270.375, 310.003, 208.349, 148.962, 173.8, 215.156, 124.662, 207.421, 250.801, 139.026, 145.832, 327.634, 171.434, 243.515, 167.122, 135.063, 154.965, 121.158, 149.31, 142.403, 279.523, 255.216, 132.201, 135.468, 193.621, 208.521, 215.359, 138.065, 148.574, 130.009, 188.462, 276.347, 134.584, 169.118, 158.074, 309.649, 217.598, 159.019, 119.571, 193.637, 154.522, 205.397, 177.134, 196.234, 290.695, 166.289, 242.285, 230.417, 289.391, 229.344, 206.683, 215.869, 240.67, 157.618, 231.096, 246.159, 191.637, 227.124, 312.062, 131.54, 192.581, 158.779, 247.53, 143.071, 202.123, 219.028, 205.906, 265.965, 185.344, 139.36, 128.387, 276.782, 177.998, 224.557, 172.733, 147.538, 183.186, 243.986, 183.538, 159.755, 169.267, 197.59, 161.664, 120.233, 231.584, 169.919, 146.452, 160.212, 123.485, 120.449, 314.515, 165.054, 247.37, 152.451, 170.762, 215.192, 224.53, 327.126, 220.24, 231.825, 133.582, 129.201, 302.473, 159.692, 157.629, 195.285, 164.394, 136.791, 159.801, 123.934, 309.289, 126.581, 284.846, 219.085, 244.518, 205.066, 117.045, 209.619, 279.153, 212.319, 181.951, 171.559, 157.209];
HighestPossibleCritFunctionValue = 1.1;
