NumDevices = 32;
NumSlotes = 256;


GivenBandwidthOld = [0.0156866, 0.0148202, 0.0154521, 0.0114399, 0.0153885, 0.0050634, 0.00803934, 0.0121363, 0.00781768, 0.0118054, 0.0083809, 0.0152397, 0.0167413, 0.0162243, 0.014528, 0.0166625, 0.016776, 0.011111, 0.011928, 0.00580007, 0.0142697, 0.0134958, 0.00670688, 0.00505623, 0.0125061, 0.0101707, 0.00886602, 0.00625553, 0.00677465, 0.00647003, 0.0117234, 0.00512049];
GivenLatency = [40.7921, 40.8817, 29.0784, 33.6998, 25.2829, 71.4497, 71.4981, 37.4161, 73.7469, 41.5915, 48.2956, 21.1413, 34.0723, 18.9464, 21.8725, 26.0156, 32.5242, 43.7208, 33.6214, 94.3909, 23.7108, 28.5522, 48.7619, 117.13, 26.351, 37.2514, 47.0869, 56.1101, 55.7942, 48.1082, 30.7163, 115.94];
HighestPossibleCritFunctionValue = 1.1;
