NumDevices = 128;
NumSlotes = 1024;


GivenBandwidthOld = [0.00209597, 0.003831, 0.0019878, 0.00145333, 0.00291211, 0.0020352, 0.00429173, 0.00177602, 0.00144218, 0.0030505, 0.00283883, 0.00156951, 0.00258093, 0.00136657, 0.00415863, 0.00222363, 0.00263144, 0.00347568, 0.00205998, 0.00216771, 0.00340231, 0.00320065, 0.00137123, 0.00125262, 0.00147556, 0.00164174, 0.00400862, 0.00279298, 0.0029154, 0.00408781, 0.00259703, 0.00333616, 0.00395195, 0.00361709, 0.00362476, 0.00140484, 0.0035865, 0.0021238, 0.00291408, 0.00388602, 0.00167685, 0.00343945, 0.00237685, 0.00276451, 0.00251224, 0.00317232, 0.003393, 0.00296261, 0.00387181, 0.00346173, 0.00186229, 0.00133876, 0.00248621, 0.0032649, 0.00324469, 0.00405832, 0.00380593, 0.00258275, 0.00382604, 0.00301747, 0.00399711, 0.00314073, 0.00374359, 0.00156526, 0.0028973, 0.00310774, 0.0023926, 0.00187195, 0.00130869, 0.00323056, 0.00409368, 0.00437004, 0.00230503, 0.00193343, 0.00323711, 0.00177147, 0.00314735, 0.0025609, 0.00224452, 0.00366308, 0.00162804, 0.00185334, 0.00406105, 0.00283579, 0.00368349, 0.00399164, 0.0019261, 0.00194612, 0.00402996, 0.00217657, 0.00228993, 0.0012795, 0.00333234, 0.00219825, 0.00403021, 0.00324007, 0.00156176, 0.00346907, 0.00347497, 0.00256942, 0.001822, 0.00236457, 0.00260806, 0.00429587, 0.00254147, 0.00386719, 0.0039771, 0.00434044, 0.00172035, 0.00329347, 0.00212275, 0.00396115, 0.00200296, 0.00313451, 0.0023487, 0.0014045, 0.00410525, 0.00200155, 0.00126164, 0.00314441, 0.00310389, 0.0033773, 0.0016044, 0.00138235, 0.00375424, 0.00256462, 0.00232165, 0.00310335];
GivenLatency = [172.284, 138.428, 268.565, 369.427, 111.191, 184.25, 95.4453, 265.814, 238.665, 110.811, 161.475, 222.574, 162.486, 386.223, 140.593, 213.86, 125.208, 131.727, 217.542, 165.024, 100.615, 98.1781, 326.327, 262.893, 322.479, 395.89, 82.3177, 199.384, 145.047, 102.517, 122.218, 138.956, 85.1433, 139.606, 156.246, 251.826, 180.26, 149.164, 113.426, 111.267, 210.71, 106.047, 164.828, 167.836, 229.223, 183.124, 109.322, 176.347, 126.274, 98.9458, 175.315, 312.302, 181.123, 104.72, 166.758, 77.3669, 151.145, 137.267, 144.096, 126.508, 82.0697, 153.51, 122.423, 272.506, 123.224, 186.426, 236.89, 244.31, 319.504, 120.853, 94.7356, 82.5751, 275.262, 162.11, 165.6, 186.566, 108.406, 124.484, 205.156, 128.433, 320.933, 198.728, 158.885, 178.824, 109.273, 110.447, 179.588, 226.862, 138.697, 145.74, 236.257, 421.732, 137.952, 148.289, 100.498, 117.229, 393.474, 117.289, 188.396, 131.827, 183.727, 243.026, 138.599, 85.9065, 241.762, 97.613, 97.8936, 108.319, 315.666, 117.958, 291.836, 103.076, 176.209, 100.229, 266.927, 448.862, 96.8554, 318.37, 492.975, 121.94, 108.459, 104.561, 298.009, 336.857, 92.2313, 134.1, 156.314, 145.132];
HighestPossibleCritFunctionValue = 1.1;
