NumDevices = 128;
NumSlotes = 1024;


GivenBandwidthOld = [0.00730863, 0.00872122, 0.00504708, 0.00874946, 0.0047377, 0.00404082, 0.00655333, 0.00436359, 0.0062931, 0.00567817, 0.00546309, 0.00566258, 0.00855979, 0.00683954, 0.00460271, 0.00521507, 0.00722499, 0.00792756, 0.0060734, 0.00808637, 0.00509975, 0.00405763, 0.00412569, 0.00790823, 0.00612583, 0.00436854, 0.00447645, 0.00821323, 0.00719057, 0.00445475, 0.00841935, 0.00644734, 0.00801061, 0.00674478, 0.00700407, 0.00484136, 0.00625421, 0.00693853, 0.00837744, 0.00719158, 0.00645992, 0.00438311, 0.00446944, 0.0053105, 0.00606206, 0.00761892, 0.00861869, 0.00690534, 0.00556561, 0.00377521, 0.00742306, 0.00695023, 0.00504197, 0.00792405, 0.00701843, 0.00629064, 0.00435639, 0.00527619, 0.00434838, 0.00571351, 0.00438794, 0.00560635, 0.00834471, 0.0071099, 0.00857458, 0.00550102, 0.00806511, 0.00774726, 0.00575875, 0.00477794, 0.0053656, 0.00709956, 0.00478324, 0.00447742, 0.00450914, 0.00754229, 0.00574451, 0.00555103, 0.00873374, 0.00544919, 0.00710377, 0.00554023, 0.00723167, 0.00510828, 0.00729424, 0.00675904, 0.00661595, 0.00681702, 0.00613037, 0.00561799, 0.00413504, 0.00507143, 0.0080186, 0.00618881, 0.00785164, 0.00497184, 0.00416143, 0.00868366, 0.00872631, 0.00560409, 0.00538029, 0.00400335, 0.00683149, 0.00438833, 0.00710301, 0.00786265, 0.00508785, 0.00404909, 0.00558479, 0.00608568, 0.00448318, 0.00636022, 0.00872443, 0.00393852, 0.00717408, 0.0073137, 0.00381123, 0.00781808, 0.00604554, 0.004875, 0.00665476, 0.00399811, 0.00378089, 0.00784513, 0.00564763, 0.0072602, 0.00461951, 0.00762851];
GivenLatency = [164.036, 134.758, 209.693, 143.114, 225.913, 253.285, 156.668, 219.882, 154.058, 173.324, 197.573, 192.376, 123.013, 173.241, 246.521, 190.115, 154.645, 133.888, 198.838, 124.19, 189.977, 264.487, 308.533, 141.373, 165.355, 280.15, 213.604, 156.839, 160.262, 231.145, 116.71, 168.49, 140.221, 170.491, 137.663, 229.053, 172.729, 141.13, 126.848, 166.737, 199.194, 277.796, 281.684, 194.698, 206.021, 146.669, 127.735, 143.021, 177.756, 274.187, 142.153, 172.457, 226.972, 138.602, 176.915, 206.403, 252.848, 204.672, 277.668, 176.301, 295.581, 231.174, 120.553, 140.066, 125.27, 182.131, 138.031, 149.857, 178.741, 217.601, 192.961, 170.076, 239.468, 246.878, 237.054, 158.176, 187.725, 192.309, 127.053, 200.343, 155.278, 184.576, 146.233, 208.093, 148.561, 150.704, 156.581, 153.838, 181.686, 182.638, 279.01, 232.69, 145.821, 170.176, 145.395, 196.542, 247.503, 137.066, 109.303, 198.539, 200.603, 278.198, 160.601, 217.29, 162.487, 131.126, 252.863, 283.797, 200.391, 177.482, 262.625, 154.684, 118.954, 315.002, 135.242, 136.062, 305.995, 137.821, 175.01, 213.327, 146.721, 243.732, 296.125, 122.484, 179.727, 138.075, 208.492, 141.396];
HighestPossibleCritFunctionValue = 1.1;
