NumDevices = 128;
NumSlotes = 1024;


GivenBandwidthOld = [0.00394366, 0.00176293, 0.00335303, 0.00319056, 0.00377454, 0.00312033, 0.00154035, 0.00303399, 0.00346254, 0.00306643, 0.00188319, 0.00268424, 0.00342887, 0.00283168, 0.00325831, 0.00183303, 0.00330215, 0.00419227, 0.00197467, 0.0026489, 0.00319545, 0.001617, 0.00371206, 0.00288974, 0.00410846, 0.00277052, 0.00343941, 0.00175038, 0.00170063, 0.00304246, 0.00216254, 0.00391554, 0.00408899, 0.00372229, 0.00308759, 0.0013078, 0.00396836, 0.00434335, 0.0037325, 0.0026905, 0.00229391, 0.00249412, 0.00173758, 0.00229019, 0.00242672, 0.00339744, 0.0026285, 0.00404597, 0.0025558, 0.0040326, 0.00269895, 0.00375229, 0.00411996, 0.00230657, 0.00281112, 0.00152016, 0.00125418, 0.0027173, 0.00286222, 0.00407014, 0.00238548, 0.00396775, 0.00343683, 0.00212916, 0.00224246, 0.00343232, 0.00138443, 0.00437026, 0.00275585, 0.00385172, 0.00333629, 0.00302519, 0.00241833, 0.00301964, 0.00288564, 0.00395931, 0.00228526, 0.00407066, 0.00188837, 0.00217984, 0.00405659, 0.00289787, 0.00321302, 0.00302883, 0.00423886, 0.00380474, 0.00125442, 0.00358006, 0.00318978, 0.00310819, 0.00377723, 0.00135929, 0.00367549, 0.00393425, 0.00290878, 0.00218131, 0.00370315, 0.00321473, 0.00375601, 0.00406646, 0.00317394, 0.00260685, 0.00268965, 0.0037569, 0.00345303, 0.00251694, 0.00403522, 0.00304144, 0.0037758, 0.00234434, 0.00324418, 0.00185203, 0.00387007, 0.00235218, 0.00371662, 0.00155204, 0.00258327, 0.00327097, 0.00202782, 0.00216496, 0.0039069, 0.00265679, 0.00137029, 0.00420255, 0.00282541, 0.00422716, 0.00403103, 0.00147491];
GivenLatency = [97.4845, 181.36, 123.626, 104.164, 91.3673, 170.914, 316.141, 140.381, 138.712, 115.197, 225.84, 194.761, 94.949, 111.043, 115.937, 227.045, 108.986, 96.3798, 234.682, 168.509, 168.252, 338.986, 91.2654, 150.942, 107.497, 148.649, 131.441, 181.789, 232.156, 110.669, 178.572, 85.7815, 99.9758, 101.606, 167.16, 475.787, 109.823, 89.1942, 120.772, 150.701, 236.177, 176.598, 192.81, 151.144, 245.175, 159.119, 167.14, 136.109, 212.63, 96.7749, 139.995, 89.5674, 94.996, 140.009, 117.953, 217.185, 265.896, 122.887, 175.596, 88.9708, 249.424, 102.603, 107.583, 191.171, 139.812, 123.169, 246.053, 129.885, 214.834, 142.484, 121.607, 116.201, 150.79, 111.261, 120.121, 145.134, 204.028, 80.0619, 278.965, 193.848, 77.2984, 110.848, 114.135, 197.41, 120.025, 153.43, 473.694, 98.9905, 110.535, 120.884, 103.873, 303.414, 113.356, 129.978, 181.569, 162.082, 86.6023, 149.279, 124.678, 85.9345, 203.652, 129.366, 138.632, 94.0576, 100.347, 147.093, 102.323, 109.649, 167.942, 226.23, 122.329, 306.113, 83.8289, 189.472, 85.3415, 292.664, 181.001, 122.469, 313.229, 294.035, 122.26, 129.557, 364.271, 82.8793, 193.389, 84.8116, 118.766, 398.645];
HighestPossibleCritFunctionValue = 1.1;
