NumDevices = 16;
NumSlotes = 128;


GivenBandwidthOld = [0.0554054, 0.058626, 0.0672315, 0.0593215, 0.0358626, 0.0430254, 0.06779, 0.0463082, 0.041912, 0.0347169, 0.0676156, 0.0360072, 0.0335482, 0.0645095, 0.0305057, 0.0488215];
GivenLatency = [17.3894, 13.2123, 14.1627, 18.1234, 25.9625, 18.8012, 13.8384, 17.021, 21.5451, 26.7822, 14.3361, 25.5346, 24.1786, 15.2822, 26.3641, 20.0968];
HighestPossibleCritFunctionValue = 1.1;
