NumDevices = 128;
NumSlotes = 1024;


GivenBandwidthOld = [0.00911945, 0.00430678, 0.00524168, 0.00560701, 0.00828242, 0.00514825, 0.0041321, 0.00695479, 0.00408736, 0.00494083, 0.00550837, 0.00675348, 0.00818566, 0.00382901, 0.00668862, 0.00558786, 0.00512304, 0.00548535, 0.00730037, 0.00601828, 0.00797785, 0.00491978, 0.0079631, 0.00701679, 0.00873544, 0.0064744, 0.00527921, 0.00526084, 0.00891656, 0.00682663, 0.0064071, 0.00541801, 0.00678566, 0.00538779, 0.00515468, 0.00596181, 0.00895348, 0.00871021, 0.00743453, 0.00456727, 0.00844192, 0.00463414, 0.00717374, 0.00902309, 0.00988927, 0.00521878, 0.00826599, 0.00405351, 0.00481088, 0.00895105, 0.00530843, 0.00872302, 0.00406269, 0.00905497, 0.00813633, 0.00612211, 0.00930206, 0.00479921, 0.00655742, 0.00673787, 0.00842123, 0.006938, 0.00940747, 0.00752299, 0.00394903, 0.00514729, 0.00670137, 0.00751047, 0.00591892, 0.00674246, 0.0042238, 0.00434671, 0.00770581, 0.00773431, 0.00559316, 0.00682648, 0.00395916, 0.00661421, 0.00510848, 0.00447622, 0.0093022, 0.00713381, 0.00677962, 0.00380548, 0.00500559, 0.00640492, 0.00618275, 0.00968201, 0.00929407, 0.00801515, 0.00684223, 0.00618018, 0.00407271, 0.0087052, 0.00458437, 0.00820245, 0.00477348, 0.00534558, 0.00821211, 0.0047151, 0.00549861, 0.0051804, 0.00690858, 0.00870878, 0.00850858, 0.00621725, 0.00838397, 0.0056824, 0.00653204, 0.00526306, 0.00883707, 0.00838574, 0.00421931, 0.00399316, 0.00925667, 0.00440635, 0.00384236, 0.00604, 0.00433233, 0.00965455, 0.00404896, 0.00954516, 0.00921249, 0.00556266, 0.00654419, 0.00942124, 0.00785746, 0.00659519];
GivenLatency = [531.482, 1011.27, 685.021, 693.438, 459.637, 708.84, 942.542, 524.641, 1148.22, 796.655, 817.641, 530.858, 464.682, 985.825, 504.771, 708.03, 684.408, 765.356, 572.365, 586.09, 425.385, 726.057, 491.878, 646.782, 477.055, 540.765, 768.797, 806.962, 415.814, 517.342, 524.455, 804.801, 600.685, 712.585, 729.603, 790.104, 502.282, 488.898, 478.651, 1067.43, 511.49, 860.545, 643.026, 401.514, 487.316, 932.31, 581.535, 858.828, 863.377, 422.02, 904.074, 491.947, 928.366, 485.298, 449.192, 690.542, 401.428, 886.017, 586.587, 633.31, 422.107, 560.763, 468.428, 529.682, 895.568, 723.429, 652.672, 518.649, 574.335, 607.945, 1036.3, 902.243, 531.875, 531.194, 680.639, 587.063, 1238, 745.786, 975.997, 959.746, 502.131, 651.482, 693.544, 997.717, 880.008, 565.271, 631.464, 386.295, 493.004, 536.502, 533.101, 575.755, 952.901, 535.958, 1070.81, 531.738, 866.502, 714.091, 542.763, 934.571, 720.409, 767.115, 511.822, 445.617, 513.274, 684.443, 557.783, 632.521, 754.714, 766.156, 435.241, 589.615, 1053.17, 1080.86, 375.284, 757.23, 1127.28, 680.211, 1094.03, 479.242, 882.856, 461.777, 407.447, 682.097, 555.681, 381.893, 568.014, 659.633];
HighestPossibleCritFunctionValue = 1.1;
