NumDevices = 128;
NumSlotes = 1024;


GivenBandwidthOld = [0.00396876, 0.00551386, 0.00514924, 0.00829092, 0.00421374, 0.00404591, 0.00842913, 0.00846157, 0.00982954, 0.0075035, 0.0075721, 0.00430326, 0.00865151, 0.00847008, 0.00920412, 0.00858783, 0.00698414, 0.00999112, 0.0045163, 0.00798457, 0.00549105, 0.00936885, 0.00851907, 0.00755015, 0.00406773, 0.00639971, 0.00617748, 0.00869189, 0.00591754, 0.00865388, 0.004595, 0.00558571, 0.00645162, 0.00985722, 0.00409758, 0.00800419, 0.00390793, 0.00803736, 0.00509616, 0.00999742, 0.00406297, 0.00751625, 0.00934635, 0.00538594, 0.00521523, 0.00485695, 0.00826361, 0.00767072, 0.00550917, 0.0076419, 0.0086635, 0.00993609, 0.00461961, 0.00676151, 0.00574761, 0.00882822, 0.0096928, 0.00939294, 0.00708944, 0.00473308, 0.00756174, 0.00510379, 0.00684669, 0.00604107, 0.00971807, 0.00917813, 0.00930937, 0.00879133, 0.00841953, 0.00959666, 0.00598771, 0.00668742, 0.00417053, 0.00904578, 0.00988339, 0.00632448, 0.00434235, 0.00936705, 0.00954452, 0.00466034, 0.00381902, 0.00743836, 0.00654291, 0.0066972, 0.00615224, 0.00948962, 0.0070465, 0.00802453, 0.00832234, 0.00726264, 0.00941449, 0.00690269, 0.00983782, 0.00923197, 0.00792916, 0.00546831, 0.00845401, 0.0078147, 0.00673017, 0.00393273, 0.00618039, 0.00753842, 0.00692624, 0.00551117, 0.00994712, 0.00867539, 0.00969727, 0.00949429, 0.00423335, 0.00867953, 0.00431204, 0.00621604, 0.00676374, 0.00573797, 0.0093621, 0.00753251, 0.00767051, 0.00825804, 0.00796237, 0.00737262, 0.00779957, 0.00869595, 0.00536951, 0.00408855, 0.00619713, 0.00769565, 0.00577594, 0.00993508];
GivenLatency = [1045.06, 745.035, 723.769, 412.288, 932.296, 893.389, 414.359, 466.958, 405.862, 480.947, 529.992, 840.184, 453.737, 417.783, 453.994, 465.343, 570.837, 396.421, 892.557, 446.755, 884.581, 398.931, 517.085, 499.823, 884.757, 590.491, 777.739, 565.207, 767.006, 431.772, 855.881, 647.37, 671.813, 352.185, 1055.4, 449.068, 1032.86, 549.539, 949.06, 351.386, 848.585, 543.93, 372.262, 673.191, 811.655, 1017.58, 565.032, 527.268, 611.827, 498.012, 560.866, 338.145, 944.135, 571.824, 712.217, 484.345, 447.101, 433.954, 685.571, 1024.15, 595.367, 874.312, 610.06, 803.69, 357.32, 387.689, 380.906, 521.945, 419.839, 407.049, 731.807, 509.204, 1170.31, 382.677, 394.172, 553.377, 943.163, 462.258, 450.39, 918.885, 1058.2, 589.629, 556.294, 524.402, 643.433, 436.342, 554.509, 440.71, 477.131, 460.596, 525.317, 525.389, 381.255, 511.542, 437.68, 875.369, 542.599, 528.471, 603.194, 962.809, 544.661, 549.595, 588.201, 864.26, 340.234, 389.777, 436.655, 352.624, 990.476, 529.453, 918.548, 739.751, 641.858, 653.945, 358.898, 602.187, 498.218, 560.307, 519.457, 481.944, 576.537, 395.101, 730.4, 1032.16, 642.899, 457.004, 658.026, 388.963];
HighestPossibleCritFunctionValue = 1.1;
