NumDevices = 64;
NumSlotes = 512;


GivenBandwidthOld = [0.0142638, 0.0109189, 0.0189369, 0.0152385, 0.0192649, 0.0157547, 0.0185014, 0.0199265, 0.0102047, 0.0148306, 0.0131325, 0.0109478, 0.0175551, 0.016287, 0.0162467, 0.0133344, 0.0166633, 0.01426, 0.010983, 0.00814556, 0.019885, 0.0122731, 0.0168627, 0.0164855, 0.015032, 0.011082, 0.0093498, 0.00953489, 0.00789311, 0.0145272, 0.0134807, 0.0124813, 0.0157899, 0.0105371, 0.0152655, 0.010144, 0.019572, 0.0142444, 0.0105076, 0.0181186, 0.0118329, 0.0174603, 0.010865, 0.0125739, 0.0094737, 0.0169575, 0.009958, 0.0190998, 0.015387, 0.0136261, 0.0181929, 0.010581, 0.0156984, 0.0109008, 0.0155813, 0.0168494, 0.0186079, 0.00985308, 0.0182826, 0.018356, 0.0148609, 0.00971369, 0.0129436, 0.0108325];
GivenLatency = [172.919, 217.303, 117.761, 190.558, 121.515, 141.599, 179.006, 161.076, 226.348, 207.943, 207.82, 221.733, 168.278, 147.833, 156.476, 210.57, 194.574, 197.219, 205.015, 310.559, 113.89, 256.68, 163.458, 159.089, 192.71, 280.873, 284.199, 333.065, 396.082, 162.599, 245.852, 215.981, 162.669, 309.804, 192.939, 273.945, 126.443, 212.979, 282.483, 127.565, 190.439, 160.13, 288.152, 179.859, 274.595, 181.146, 329.813, 167.108, 189.827, 171.185, 143.055, 216.012, 197.209, 268.129, 148.053, 177.081, 128.433, 299.891, 140.025, 132.505, 160.997, 299.302, 214.363, 242.811];
HighestPossibleCritFunctionValue = 1.1;
