NumDevices = 128;
NumSlotes = 1024;


GivenBandwidthOld = [0.00646997, 0.0083619, 0.00593403, 0.00581977, 0.00542117, 0.00606736, 0.00655754, 0.00509702, 0.00811861, 0.00690529, 0.00467814, 0.00804772, 0.00555755, 0.00831852, 0.00690109, 0.00404712, 0.00739418, 0.00642608, 0.00554045, 0.00577525, 0.0071303, 0.00649399, 0.00707252, 0.00530187, 0.00606261, 0.00675648, 0.00859017, 0.00756519, 0.00564739, 0.00817174, 0.00493667, 0.00818622, 0.00835918, 0.00525324, 0.00868869, 0.00838869, 0.00615035, 0.00640156, 0.00849744, 0.00404358, 0.00790317, 0.00600248, 0.00624655, 0.0083017, 0.00422636, 0.0049882, 0.00424383, 0.00859198, 0.00793162, 0.00423845, 0.00815594, 0.00432829, 0.00805889, 0.00828652, 0.00406982, 0.00397311, 0.00863278, 0.00860699, 0.00521475, 0.00681231, 0.00705097, 0.00821059, 0.00794838, 0.0059422, 0.00797916, 0.00830434, 0.00846437, 0.00812804, 0.00543517, 0.00635717, 0.00744739, 0.00571203, 0.00455597, 0.00461986, 0.00844213, 0.00445232, 0.00771769, 0.00865708, 0.0070841, 0.0050417, 0.00836452, 0.00507613, 0.00696401, 0.00666928, 0.00807518, 0.00701081, 0.00822577, 0.00798686, 0.00770975, 0.00528393, 0.00455208, 0.00438746, 0.00755485, 0.00687209, 0.00680061, 0.00537161, 0.00821402, 0.00551778, 0.00489266, 0.0084983, 0.00841099, 0.00602851, 0.00858481, 0.00739923, 0.00641313, 0.00793185, 0.00808331, 0.00872512, 0.00555492, 0.0041092, 0.00584724, 0.00714929, 0.00558172, 0.00450223, 0.00655229, 0.00679374, 0.00487792, 0.00573208, 0.00655618, 0.00718912, 0.00503964, 0.00379314, 0.00386225, 0.00535231, 0.00873478, 0.00802119, 0.00469184, 0.00827779];
GivenLatency = [159.839, 141.494, 187.749, 172.936, 234.543, 159.207, 163.443, 219.138, 119.826, 140.579, 248.539, 149.364, 193.367, 145.998, 140.936, 294.052, 161.83, 157.545, 178.293, 181.55, 158.883, 147.238, 137.204, 221.667, 158.703, 144.542, 141, 150.118, 219.77, 116.887, 207.001, 127.803, 115.437, 207.203, 143.455, 144.937, 188.667, 199.362, 116.529, 247.964, 142.086, 176.088, 166.47, 123.068, 270.744, 251.622, 303.26, 120.384, 154.59, 240.027, 138.845, 275.837, 154.366, 126.501, 240.513, 311.027, 118.954, 132.528, 202.65, 183.613, 140.167, 131.971, 130.204, 172.155, 139.833, 130.256, 123.607, 154.394, 199.077, 153.139, 133.474, 218.133, 239.361, 252.894, 135.953, 235.8, 159.27, 123.699, 168.049, 206.308, 152.316, 225.35, 157.33, 161.276, 118.984, 143.857, 121.491, 141.484, 135.064, 196.071, 233.328, 240.417, 164.16, 183.126, 146.017, 201.836, 118.308, 203.499, 206, 149.111, 131.931, 191.633, 117.237, 142.411, 154.088, 144.829, 135.648, 111.126, 190.672, 267.836, 178.177, 137.258, 171.632, 260.67, 147.858, 170.278, 222.561, 222.164, 192.667, 155.742, 230.543, 255.543, 312.323, 197.636, 127.543, 155.916, 245.827, 139.114];
HighestPossibleCritFunctionValue = 1.1;
