NumDevices = 128;
NumSlotes = 1024;


GivenBandwidthOld = [0.00466378, 0.0067226, 0.00430238, 0.0076593, 0.00741449, 0.00787742, 0.00825365, 0.00656568, 0.0068539, 0.00601333, 0.00852058, 0.00787235, 0.00816685, 0.00772517, 0.00435601, 0.00392258, 0.00434121, 0.00520084, 0.00803784, 0.00450767, 0.00789807, 0.00534956, 0.00762013, 0.00409283, 0.00567832, 0.00809072, 0.00815958, 0.00549066, 0.00403483, 0.005875, 0.00857229, 0.00698444, 0.00496761, 0.00804869, 0.00687925, 0.00708725, 0.00791039, 0.00743099, 0.00514862, 0.00533518, 0.00591145, 0.00617066, 0.00780226, 0.00516116, 0.00606757, 0.00516041, 0.00851779, 0.00602868, 0.00649352, 0.00407589, 0.00590915, 0.00754663, 0.00869093, 0.00600151, 0.00492176, 0.00757555, 0.00475296, 0.00543753, 0.00604633, 0.00819399, 0.003978, 0.00569148, 0.00416189, 0.00645743, 0.00758052, 0.00825852, 0.00838333, 0.00604493, 0.00461209, 0.00786472, 0.00484899, 0.00439664, 0.00684753, 0.00399262, 0.00647884, 0.00734466, 0.00426913, 0.00873308, 0.00433246, 0.00819873, 0.00862848, 0.00641128, 0.00686891, 0.00828679, 0.00864527, 0.00859482, 0.00561624, 0.00464712, 0.00659709, 0.00473182, 0.0052745, 0.00610137, 0.00821316, 0.00610302, 0.00596371, 0.00450377, 0.00742501, 0.00467529, 0.00517625, 0.0046842, 0.0048003, 0.00622565, 0.00701371, 0.00692876, 0.00409252, 0.00551542, 0.00524263, 0.00544063, 0.00817163, 0.00814365, 0.00787896, 0.00417987, 0.00850802, 0.0067146, 0.0048391, 0.00822877, 0.00849492, 0.00669087, 0.00590112, 0.00757721, 0.00771164, 0.00708576, 0.00783118, 0.00616577, 0.00567391, 0.00391994, 0.00493752, 0.00740603];
GivenLatency = [244.161, 155.164, 282.351, 125.955, 157.561, 131.526, 148.288, 187.877, 165.184, 201.163, 149.195, 129.259, 117.306, 154.438, 243.693, 273.92, 277.125, 215.018, 153.367, 287.688, 130.935, 210.753, 127.073, 241.61, 199.062, 142.059, 127.858, 213.912, 256.507, 213.588, 114.529, 177.414, 214.882, 124.354, 167.339, 162.888, 148.406, 140.585, 232.281, 184.577, 201.432, 156.184, 125.807, 229.651, 179.178, 202.449, 136.906, 204.174, 147.757, 256.164, 171.846, 144.146, 146.112, 210.362, 215.666, 144.745, 204.262, 225.307, 203.9, 123.561, 294.407, 175.244, 269.144, 180.845, 163.67, 134.016, 115.786, 186.474, 279.69, 144.105, 240.776, 269.101, 168.664, 274.913, 192.11, 166.38, 224.333, 120.371, 226.588, 130.575, 113.798, 189.637, 145.45, 115.297, 110.995, 144.138, 213.82, 223.356, 171.531, 210.832, 187.458, 158.488, 137.113, 160.763, 175.637, 233.911, 146.975, 249.023, 220.307, 242.678, 209.104, 163.752, 149.33, 157.62, 233.354, 186.234, 212.152, 191.755, 144.434, 154.183, 164.707, 306.361, 142.194, 151.411, 201.984, 142.389, 130.424, 153.708, 168.127, 143.291, 149.287, 137.788, 124.494, 165.255, 177.767, 243.902, 261.792, 129.258];
HighestPossibleCritFunctionValue = 1.1;
