NumDevices = 64;
NumSlotes = 512;


GivenBandwidthOld = [0.00765756, 0.0181343, 0.0134092, 0.0115656, 0.0136958, 0.015494, 0.0125026, 0.0104527, 0.00851773, 0.0125183, 0.0123006, 0.0169843, 0.0098538, 0.0178803, 0.0195363, 0.0137328, 0.0113882, 0.0195604, 0.0197317, 0.0110899, 0.0187434, 0.0132791, 0.0119253, 0.00872757, 0.0142048, 0.00773301, 0.0112351, 0.00756873, 0.0127169, 0.0130838, 0.0163965, 0.0177439, 0.0143345, 0.0119434, 0.0121837, 0.0137103, 0.00847341, 0.0175577, 0.0096869, 0.012676, 0.0123628, 0.0114392, 0.0134004, 0.0135699, 0.01142, 0.0163569, 0.015106, 0.0169296, 0.0149372, 0.0166182, 0.0193769, 0.0108708, 0.00984451, 0.011739, 0.0143748, 0.0150214, 0.0191675, 0.0160562, 0.011167, 0.0142414, 0.00940822, 0.0164576, 0.00773359, 0.00841774];
GivenLatency = [294.312, 149.8, 212.148, 245.385, 211.181, 154.35, 178.287, 233.072, 287.096, 242.512, 265.67, 132.158, 309.112, 135.367, 142.675, 195.566, 242.545, 118.439, 139.671, 263.336, 170.707, 196.248, 208.477, 329.515, 229.451, 357.331, 199.898, 422.185, 178.264, 173.454, 181.882, 145.716, 198.79, 195.364, 202.724, 200.853, 280.864, 131.689, 241.559, 260.721, 238.226, 222.597, 228.061, 240.618, 206.884, 147.011, 211.764, 156.95, 160.029, 199.649, 152.519, 289.776, 283.72, 213.107, 158.404, 179.174, 123.61, 140.49, 204.976, 172.019, 286.691, 198.324, 319.514, 275.811];
HighestPossibleCritFunctionValue = 1.1;
