NumDevices = 32;
NumSlotes = 256;


GivenBandwidthOld = [0.0230667, 0.0324827, 0.0274932, 0.0289085, 0.0349486, 0.0315229, 0.0160644, 0.0242865, 0.032865, 0.0319101, 0.0231398, 0.0201287, 0.0338797, 0.0259812, 0.0155452, 0.0175922, 0.0222028, 0.0331357, 0.0217032, 0.0155748, 0.0164295, 0.0203743, 0.0202739, 0.0329847, 0.0244084, 0.0214268, 0.0310634, 0.0331749, 0.0208859, 0.0189037, 0.0245119, 0.0221746];
GivenLatency = [47.1001, 33.6173, 40.5636, 33.1657, 33.6352, 30.3424, 53.2935, 37.2816, 35.4913, 29.1238, 38.118, 42.5902, 25.8286, 33.3473, 59.7384, 50.2177, 41.5227, 26.3551, 49.4405, 66.1889, 59.1092, 49.9883, 41.871, 32.7337, 35.9487, 40.7013, 32.383, 33.8959, 43.8769, 55.0432, 47.9666, 38.9953];
HighestPossibleCritFunctionValue = 1.1;
