NumDevices = 128;
NumSlotes = 1024;


GivenBandwidthOld = [0.00148593, 0.00398656, 0.00406169, 0.00417084, 0.00426678, 0.00431733, 0.00394069, 0.00185195, 0.00259699, 0.00255066, 0.00207964, 0.00431667, 0.00216762, 0.00176307, 0.00261092, 0.0023365, 0.00260749, 0.00400269, 0.00314017, 0.00363875, 0.00207803, 0.0024082, 0.00141076, 0.0030869, 0.00220203, 0.00201021, 0.00311354, 0.0029603, 0.00257434, 0.00322301, 0.0022387, 0.00275603, 0.00377937, 0.0029895, 0.00264484, 0.00371901, 0.00409069, 0.00410702, 0.00356485, 0.00384663, 0.00213596, 0.00405651, 0.00159172, 0.00391434, 0.00270935, 0.00358169, 0.00244751, 0.00276896, 0.00227466, 0.00390789, 0.00365646, 0.00292064, 0.00158289, 0.00232752, 0.00173328, 0.00189764, 0.00181062, 0.00170682, 0.00404956, 0.0033759, 0.00308887, 0.00408115, 0.00311164, 0.00238745, 0.00282686, 0.0035749, 0.00394573, 0.0020622, 0.00183835, 0.00208148, 0.00407668, 0.00298263, 0.00283967, 0.00328785, 0.00140803, 0.00420927, 0.00326127, 0.00149312, 0.00307497, 0.00170906, 0.00419129, 0.00418281, 0.00230777, 0.00418893, 0.0020816, 0.00292427, 0.00313502, 0.0015636, 0.00318704, 0.00393543, 0.00400369, 0.00431276, 0.00197711, 0.00298846, 0.00396165, 0.00411803, 0.00420803, 0.00130472, 0.00224831, 0.00175258, 0.00429737, 0.00276759, 0.00434332, 0.00320546, 0.00422863, 0.00373426, 0.00420758, 0.00298384, 0.00431673, 0.00316286, 0.00384811, 0.00213397, 0.00186718, 0.00228621, 0.00433446, 0.00434819, 0.00376976, 0.00398004, 0.00383949, 0.00406713, 0.00186949, 0.00367962, 0.00151925, 0.00159577, 0.00324145, 0.00283024, 0.00404267, 0.00327957];
GivenLatency = [286.568, 101.509, 112.437, 90.4607, 147.293, 73.2169, 133.465, 330.394, 138.073, 160.931, 211.749, 81.1293, 145.897, 246.177, 202.765, 152.723, 186.17, 124.558, 138.646, 170.548, 245.685, 140.068, 361.127, 150.752, 190.227, 222.717, 102.918, 220.426, 237.823, 98.2425, 156.398, 146.675, 97.9785, 170.999, 157.076, 119.693, 78.9885, 153.383, 111.457, 127.405, 277.735, 100.384, 337.804, 106.772, 174.474, 170.305, 176.771, 125.92, 210.127, 125.199, 178.034, 134.342, 215.914, 175.095, 242.922, 206.545, 193.487, 191.419, 80.2493, 162.385, 105.971, 96.7927, 200.455, 168.817, 185.667, 116.285, 161.763, 204.946, 257.787, 157.178, 137.813, 154.248, 124.417, 105.17, 313.96, 136.471, 184.881, 236.041, 174.497, 327.36, 77.1534, 88.2278, 215.33, 99.7302, 180.362, 196.078, 168.383, 369.723, 100.269, 102.865, 111.472, 92.8584, 233.701, 162.919, 126.179, 80.7227, 84.5921, 250.992, 273.413, 340.965, 131.39, 133.017, 80.6843, 155.456, 77.8312, 119.229, 124.227, 165.343, 99.1988, 174.353, 153.488, 194.329, 168.476, 143.784, 112.992, 103.321, 94.7596, 132.617, 116.99, 94.2014, 246.931, 94.5631, 219.999, 335.32, 111.718, 130.91, 80.7699, 102.425];
HighestPossibleCritFunctionValue = 1.1;
