NumDevices = 128;
NumSlotes = 1024;


GivenBandwidthOld = [0.00148055, 0.0042385, 0.0039265, 0.00387785, 0.00197265, 0.00304523, 0.00179212, 0.00326035, 0.00174868, 0.00125556, 0.00411607, 0.00250393, 0.00421708, 0.00332341, 0.00219959, 0.00167916, 0.00164468, 0.00343006, 0.00398538, 0.0029424, 0.00159197, 0.00180999, 0.00368679, 0.00320712, 0.00398067, 0.00186451, 0.0012649, 0.00171311, 0.00354344, 0.00334961, 0.00195578, 0.00395141, 0.00383374, 0.00433825, 0.0022656, 0.00175197, 0.00352228, 0.00392699, 0.00271717, 0.00367453, 0.00340374, 0.00226277, 0.00410376, 0.00196817, 0.0028146, 0.00368337, 0.00203349, 0.00367151, 0.0026195, 0.00289195, 0.00381377, 0.00307651, 0.00259152, 0.00138018, 0.0016125, 0.00324265, 0.00414529, 0.00296047, 0.00218948, 0.00353292, 0.00146834, 0.00208363, 0.00266368, 0.00152187, 0.00182505, 0.00361364, 0.00200138, 0.00156947, 0.0017594, 0.00338437, 0.00171247, 0.0020426, 0.00372049, 0.00397859, 0.00134543, 0.00196197, 0.00163271, 0.00215572, 0.00188753, 0.00376531, 0.00420689, 0.00390052, 0.00158261, 0.00395081, 0.00320349, 0.00226883, 0.00281044, 0.00261504, 0.00284607, 0.00144394, 0.00135778, 0.00339903, 0.00125572, 0.00356868, 0.00259946, 0.00345494, 0.00349436, 0.00346423, 0.00338718, 0.00203903, 0.00314956, 0.00213164, 0.00342267, 0.00175119, 0.00284213, 0.00399853, 0.00203172, 0.00219517, 0.00237319, 0.00368955, 0.00273574, 0.00336302, 0.00221554, 0.00408647, 0.00191923, 0.00204107, 0.00297278, 0.00295599, 0.00199487, 0.00153405, 0.00338722, 0.00273035, 0.00329681, 0.00194426, 0.00406214, 0.00237223, 0.00315576, 0.00325829];
GivenLatency = [425.437, 117.086, 117.191, 87.4556, 250.75, 118.651, 232.428, 190.372, 209.527, 254.009, 137.337, 220.63, 93.7367, 108.272, 298.637, 254.612, 283.256, 92.2939, 153.425, 116.031, 314.733, 277.466, 89.778, 139.756, 94.4392, 255.099, 256.403, 199.925, 129.452, 158.555, 229.979, 98.513, 90.4874, 73.0367, 206.516, 247.435, 133.888, 124.622, 120.573, 97.1635, 158.236, 226.111, 80.9058, 326.38, 154.999, 128.239, 266.079, 131.236, 171.129, 125.634, 107.621, 107.669, 186.033, 296.728, 236.628, 132.324, 135.81, 111.761, 269.928, 159.408, 275.232, 243.856, 131.719, 340.066, 341.609, 178.889, 223.918, 344.786, 300.513, 180.437, 346.992, 182.083, 152.087, 79.547, 244.11, 312.809, 253.608, 219.025, 182.12, 171.615, 94.157, 88.0409, 202.748, 90.8743, 156.22, 276.997, 184.296, 170.207, 113.48, 422.781, 346.405, 117, 306.626, 161.216, 190.14, 140.565, 119.686, 168.66, 95.902, 275.15, 183.668, 166.177, 112.8, 353.853, 191.24, 97.6177, 165.049, 289.325, 202.126, 121.657, 147.279, 183.036, 291.228, 101.888, 294.111, 160.12, 123.776, 221.062, 252.045, 238.953, 152.646, 172.378, 112.736, 225.372, 89.7556, 188.466, 183.622, 189.627];
HighestPossibleCritFunctionValue = 1.1;
