NumDevices = 16;
NumSlotes = 128;


GivenBandwidthOld = [0.0531089, 0.0614694, 0.0566638, 0.0483533, 0.0546082, 0.0608573, 0.0488003, 0.0463709, 0.0561621, 0.0566842, 0.0318693, 0.04699, 0.0603317, 0.0554287, 0.0498875, 0.0390435];
GivenLatency = [15.1499, 17.5557, 17.1264, 20.1746, 16.4587, 13.4797, 22.2782, 20.3445, 14.3829, 15.9124, 25.9748, 19.4538, 14.2508, 16.7013, 17.5929, 24.7188];
HighestPossibleCritFunctionValue = 1.1;
