NumDevices = 128;
NumSlotes = 1024;


GivenBandwidthOld = [0.00747406, 0.00410765, 0.00484441, 0.007452, 0.00834491, 0.00549167, 0.00605284, 0.00756074, 0.00578711, 0.00647055, 0.00802316, 0.00775661, 0.00780976, 0.00607652, 0.00558358, 0.0057251, 0.00432351, 0.00766834, 0.00435347, 0.00632354, 0.00718728, 0.00409805, 0.00849003, 0.00444293, 0.0047625, 0.00579784, 0.00678325, 0.00856641, 0.00822532, 0.00553041, 0.00705516, 0.00864729, 0.00751865, 0.00839353, 0.00747446, 0.00581967, 0.00862459, 0.0059104, 0.00857781, 0.00466599, 0.00873542, 0.00872927, 0.00535127, 0.00625764, 0.00467111, 0.00489079, 0.00708169, 0.00442183, 0.00514415, 0.00522524, 0.00815481, 0.00544737, 0.00643344, 0.00433686, 0.00709281, 0.00633204, 0.00506974, 0.00464649, 0.00605692, 0.00621564, 0.00380684, 0.0040362, 0.00393618, 0.00781883, 0.00862682, 0.00844633, 0.00499045, 0.00701769, 0.00375339, 0.00568511, 0.00722043, 0.0062358, 0.00755671, 0.00819338, 0.00865952, 0.00798314, 0.00521498, 0.00565725, 0.00393553, 0.00699328, 0.00858519, 0.00383059, 0.00824822, 0.00538339, 0.00612247, 0.0078663, 0.00636108, 0.0082578, 0.00632266, 0.00736727, 0.00414243, 0.00425192, 0.00455312, 0.00672173, 0.00468261, 0.00809798, 0.00533855, 0.00755123, 0.00606265, 0.00752123, 0.00680514, 0.00653925, 0.00764503, 0.00752234, 0.00553357, 0.0051509, 0.00862499, 0.00770154, 0.00720502, 0.00729419, 0.00592114, 0.00418035, 0.00671122, 0.00804725, 0.00755756, 0.00736455, 0.00847482, 0.00376202, 0.0057156, 0.0046302, 0.00723942, 0.00544464, 0.0055337, 0.00743616, 0.00700144, 0.00567759, 0.00575029, 0.00766368];
GivenLatency = [150.182, 272.163, 219.227, 168.738, 117.513, 180.112, 190.849, 143.243, 197.812, 182.038, 130.56, 130.001, 124.5, 164.274, 219.043, 215.189, 276.299, 146.472, 219.196, 161.604, 142.933, 249.147, 147.32, 225.979, 256.712, 197.192, 141.415, 137.847, 131.991, 216.14, 157.03, 135.969, 134.332, 121.877, 140.422, 204.317, 112.016, 192.465, 112.409, 216.761, 112.372, 120.579, 227.563, 183.327, 205.93, 205.528, 150.68, 290.853, 197.896, 248.266, 129.187, 181.118, 152.837, 289.202, 140.144, 189.554, 211.14, 221.792, 207.4, 173.813, 255.127, 240.04, 265.06, 150.382, 128.601, 118.423, 236.536, 166.688, 278.64, 188.204, 176.405, 182.64, 137.09, 119.523, 117.441, 141.213, 224.126, 213.014, 326.625, 148.006, 132.941, 331.462, 121.816, 227.881, 211.792, 133.502, 169.956, 131.962, 162.557, 135.489, 294.792, 305.233, 271.264, 175.503, 206.932, 148.069, 181.555, 140.52, 179.121, 163.415, 144.824, 151.57, 152.642, 127.044, 212.03, 204.507, 137.231, 124.655, 159.754, 147.229, 190.697, 259.599, 168.326, 133.438, 134.771, 155.909, 142.274, 308.281, 212.82, 244.728, 175.259, 218.542, 179.523, 136.034, 169.537, 203.72, 168.865, 124.512];
HighestPossibleCritFunctionValue = 1.1;
