NumDevices = 16;
NumSlotes = 128;


GivenBandwidthOld = [0.0576061, 0.0562016, 0.050552, 0.0476643, 0.0630864, 0.0638606, 0.0746309, 0.0411986, 0.0446212, 0.0680118, 0.0446698, 0.0345553, 0.0412205, 0.0634924, 0.0373119, 0.0713746];
GivenLatency = [25.9528, 30.4835, 29.302, 39.1761, 22.4236, 24.0759, 21.9468, 32.9323, 40.1476, 23.4449, 35.0862, 49.1033, 32.902, 25.4564, 50.9593, 24.0427];
HighestPossibleCritFunctionValue = 1.1;
