NumDevices = 16;
NumSlotes = 128;


GivenBandwidthOld = [0.0669355, 0.0545158, 0.0662195, 0.0710257, 0.0495648, 0.0553067, 0.0598774, 0.0301379, 0.0473805, 0.0441083, 0.0480769, 0.0483449, 0.0528689, 0.0370605, 0.0461687, 0.0777432];
GivenLatency = [24.8093, 28.5433, 29.9576, 19.5109, 26.9787, 30.3669, 23.9699, 53.5039, 29.1047, 36.0942, 37.8376, 33.6257, 37.6692, 36.5385, 34.8165, 22.9337];
HighestPossibleCritFunctionValue = 1.1;
