NumDevices = 16;
NumSlotes = 128;


GivenBandwidthOld = [0.0793646, 0.0509833, 0.0466885, 0.0638285, 0.0359215, 0.0532424, 0.0657206, 0.0369412, 0.0405239, 0.0544665, 0.0379705, 0.0399821, 0.0495275, 0.0791455, 0.0686766, 0.0673672];
GivenLatency = [19.4242, 33.0063, 31.0324, 22.6151, 48.4095, 33.7693, 26.3433, 53.9081, 37.2415, 31.5274, 50.7444, 45.1982, 29.2453, 18.2097, 21.7909, 20.9917];
HighestPossibleCritFunctionValue = 1.1;
