NumDevices = 16;
NumSlotes = 128;


GivenBandwidthOld = [0.061942, 0.03859, 0.0424615, 0.0698339, 0.0386706, 0.0370942, 0.0626019, 0.0498986, 0.0654063, 0.0634818, 0.0383148, 0.0566759, 0.0517835, 0.0658124, 0.0495487, 0.0649874];
GivenLatency = [12.6736, 22.3089, 20.7386, 13.8008, 22.9578, 27.2487, 17.123, 20.9606, 13.147, 13.6608, 23.9034, 18.4341, 18.8995, 16.4143, 16.8972, 15.7077];
HighestPossibleCritFunctionValue = 1.1;
