NumDevices = 128;
NumSlotes = 1024;


GivenBandwidthOld = [0.00831468, 0.00738445, 0.00794825, 0.00869869, 0.00635681, 0.00648268, 0.00681755, 0.00507176, 0.00859481, 0.00554749, 0.00408765, 0.00860433, 0.00549042, 0.00491432, 0.00754492, 0.00492621, 0.00727648, 0.00834478, 0.00822668, 0.00835926, 0.00660247, 0.00514568, 0.00596821, 0.00513984, 0.00780945, 0.00596637, 0.00430019, 0.00578603, 0.00830637, 0.00762835, 0.00714235, 0.00401183, 0.00425905, 0.00430283, 0.00511055, 0.00559645, 0.00703652, 0.00528475, 0.0082694, 0.00632643, 0.00578109, 0.00525157, 0.00560146, 0.00623229, 0.00854808, 0.00510136, 0.00609966, 0.00441048, 0.00441972, 0.00470091, 0.00570177, 0.00711022, 0.00388818, 0.00610921, 0.00496453, 0.00637458, 0.00508308, 0.00383311, 0.00560211, 0.00711611, 0.00788854, 0.00519873, 0.00749212, 0.00749686, 0.00720178, 0.0077669, 0.00570893, 0.00744996, 0.00391085, 0.00710829, 0.00653651, 0.00664281, 0.00813431, 0.0057905, 0.00847297, 0.00771857, 0.00844818, 0.00600761, 0.00731814, 0.0085421, 0.00454195, 0.00402505, 0.00652469, 0.00789791, 0.00768469, 0.00400327, 0.00548062, 0.0053084, 0.00584638, 0.00755663, 0.00679884, 0.00559874, 0.00544881, 0.00564122, 0.00452705, 0.00869292, 0.00434834, 0.00507562, 0.00840052, 0.00499456, 0.00606571, 0.00391621, 0.0073061, 0.00612957, 0.00719636, 0.00669371, 0.00861426, 0.00744112, 0.00533419, 0.00426902, 0.00698338, 0.00708686, 0.00629488, 0.00551174, 0.00830385, 0.00525842, 0.00575717, 0.00825485, 0.00669385, 0.00599896, 0.00700516, 0.00827586, 0.00496422, 0.00616061, 0.00395093, 0.00578944, 0.00559097, 0.00491871];
GivenLatency = [132.704, 174.724, 155.766, 121.941, 185.777, 164.303, 146.127, 248.273, 123.686, 205.033, 247.943, 111.775, 223.317, 209.231, 132.666, 220.027, 144.076, 127.2, 136.749, 119.15, 159.511, 209.623, 171.539, 203.812, 142.871, 159.929, 270.784, 173.27, 145.75, 145.174, 161.133, 239.03, 262.031, 250.31, 248.202, 210.584, 175.809, 223.725, 154.504, 187.395, 177.859, 216.461, 199.327, 186.223, 117.785, 249.317, 179.344, 254.249, 252.164, 250.844, 222.846, 149.727, 252.505, 176.847, 239.063, 176.794, 232.929, 274.568, 207.615, 166.287, 131.093, 208.499, 130.558, 150.011, 146.301, 133.52, 172.136, 144.065, 277.827, 135.956, 149.345, 165.075, 157.7, 179.751, 152.668, 127.418, 119.03, 204.181, 159.952, 116.222, 269.446, 278.774, 185.679, 128.184, 147.242, 274.852, 183.69, 227.055, 185.69, 126.162, 171.699, 190.115, 188.249, 173.917, 227.145, 112.766, 258.939, 254.819, 120.041, 244.813, 176.202, 306.594, 132.105, 171.412, 171.283, 190.714, 117.31, 129.51, 179.951, 232.558, 170.547, 144.284, 170.757, 206.541, 143.081, 191.781, 221.146, 128.807, 180.123, 178.734, 142.996, 147.205, 235.597, 169.646, 242.278, 214.896, 204.786, 225.181];
HighestPossibleCritFunctionValue = 1.1;
