NumDevices = 128;
NumSlotes = 1024;


GivenBandwidthOld = [0.00934725, 0.00802062, 0.00506205, 0.00540154, 0.00500528, 0.00753422, 0.00515219, 0.00781476, 0.00774588, 0.0063213, 0.00708361, 0.00672585, 0.00637427, 0.00980807, 0.00920621, 0.00633692, 0.00713394, 0.00885669, 0.00686235, 0.00668556, 0.00428337, 0.00552776, 0.00758157, 0.00714119, 0.0057181, 0.00661274, 0.00533293, 0.00812718, 0.008564, 0.00634369, 0.0084245, 0.00565728, 0.00946627, 0.00831396, 0.00401561, 0.00536598, 0.00719247, 0.00507691, 0.00514431, 0.00672849, 0.00699773, 0.00703817, 0.00553666, 0.00718927, 0.00751867, 0.00621638, 0.00623707, 0.00392822, 0.00533915, 0.00639086, 0.00744164, 0.00537402, 0.00485215, 0.00890425, 0.00626996, 0.00667709, 0.005645, 0.00928873, 0.00576768, 0.00859793, 0.00785138, 0.00431521, 0.00947424, 0.0048015, 0.00759284, 0.00917702, 0.00943413, 0.005591, 0.00790124, 0.00489614, 0.00443632, 0.0074973, 0.00959883, 0.00504967, 0.00980117, 0.00582889, 0.00620145, 0.00528845, 0.0042703, 0.00473563, 0.0067358, 0.00485764, 0.007294, 0.00525554, 0.00744023, 0.00666501, 0.0088152, 0.00953133, 0.00802656, 0.00492726, 0.00865992, 0.00600449, 0.00746601, 0.00879849, 0.00380973, 0.00770921, 0.00875211, 0.00540612, 0.00695551, 0.00383636, 0.00516094, 0.00492561, 0.00595839, 0.00760914, 0.00798304, 0.00467343, 0.00501332, 0.00518222, 0.00624496, 0.00525496, 0.00383585, 0.00914751, 0.00726389, 0.00543397, 0.00622876, 0.00794177, 0.00485753, 0.00546786, 0.00712901, 0.00735589, 0.00800642, 0.00381973, 0.00701068, 0.00604746, 0.00457429, 0.00758042, 0.00669271, 0.0056969];
GivenLatency = [439.115, 483.196, 669.004, 634.641, 673.22, 532.417, 741.537, 589.892, 466.6, 673.327, 605.419, 616.347, 725.598, 452.416, 453.14, 760.901, 564.272, 449.882, 629.434, 585.503, 1096.05, 807.977, 492.529, 689.067, 758.221, 673.604, 748.777, 539.119, 413.695, 559.196, 421.262, 861.779, 409.533, 516.691, 912.38, 711.999, 494.95, 685.905, 820.171, 614.617, 612.546, 510.262, 871.61, 597.654, 622.628, 738.479, 725.439, 944.233, 849.195, 524.515, 493.914, 675.111, 1003.89, 560.081, 545.626, 694.282, 609.211, 385.144, 628.648, 482.898, 616.435, 1048.87, 385.815, 753.744, 494.564, 492.367, 467.822, 602.72, 554.724, 722.684, 958.448, 551.124, 376.109, 943.041, 381.601, 599.197, 541.414, 818.153, 1035.75, 929.527, 655.336, 746.449, 517.568, 880.011, 455.05, 597.927, 429.765, 398.738, 599.553, 737.003, 481.542, 691.517, 585.639, 387.893, 930.974, 454.634, 516.163, 872.595, 717.122, 1195.84, 879.301, 679.687, 812.685, 472.237, 423.007, 777.833, 720.658, 771.038, 560.094, 696.684, 978.66, 365.096, 550.494, 637.136, 623.022, 458.623, 949.653, 808.539, 570.518, 463.783, 567.116, 1200.46, 486.321, 672.832, 779.718, 514.093, 583.943, 616.153];
HighestPossibleCritFunctionValue = 1.1;
