NumDevices = 128;
NumSlotes = 1024;


GivenBandwidthOld = [0.00668365, 0.00963553, 0.00929863, 0.00954745, 0.00402648, 0.00686473, 0.00926651, 0.00714723, 0.00720165, 0.00941937, 0.00759517, 0.00455657, 0.00973562, 0.00399291, 0.00508238, 0.00958283, 0.0047987, 0.00425901, 0.00876666, 0.00628553, 0.00596484, 0.00981261, 0.00423323, 0.00667294, 0.00466738, 0.0097065, 0.00835305, 0.00462789, 0.00846371, 0.00838097, 0.00524291, 0.00765079, 0.00813752, 0.00723372, 0.00468448, 0.00956828, 0.00401252, 0.00969359, 0.00393881, 0.00838294, 0.00705722, 0.00695492, 0.00630486, 0.00577888, 0.00933135, 0.00953523, 0.00487279, 0.00567747, 0.00494256, 0.00966957, 0.00651843, 0.00778376, 0.00532025, 0.0074046, 0.0078716, 0.00674514, 0.00564912, 0.00969532, 0.00802405, 0.00640924, 0.00381116, 0.00667331, 0.00459885, 0.00779002, 0.00432665, 0.00796834, 0.007597, 0.00407031, 0.00600692, 0.00447579, 0.00842126, 0.00730026, 0.00421283, 0.00760434, 0.00871701, 0.00936079, 0.00427471, 0.00383814, 0.0038695, 0.00592484, 0.00632122, 0.00569912, 0.00644113, 0.00854277, 0.00584973, 0.00643192, 0.00995686, 0.00994133, 0.00518827, 0.00807815, 0.00951227, 0.00651586, 0.00827154, 0.00981184, 0.00383484, 0.00460486, 0.00889854, 0.00400689, 0.00881804, 0.00733538, 0.00695187, 0.00515562, 0.00931447, 0.00699815, 0.00784804, 0.00459268, 0.00416522, 0.00735329, 0.00806248, 0.00860809, 0.00986233, 0.00874281, 0.00545495, 0.00885208, 0.00446679, 0.00713328, 0.00408178, 0.00497441, 0.00741326, 0.00957565, 0.00923001, 0.00626278, 0.00472839, 0.00997726, 0.00900704, 0.00888408, 0.0047944, 0.00696337];
GivenLatency = [700.584, 408.604, 415.665, 375.678, 1047.67, 494.087, 489.406, 469.688, 677.84, 421.044, 648.257, 900.145, 345.768, 891.677, 761.579, 371.619, 906.208, 1145.43, 404.996, 652.539, 782.567, 397.477, 854.692, 608.165, 886.124, 504.088, 469.108, 824.673, 423.213, 515.675, 812.346, 469.391, 529.946, 615.851, 1057.24, 422.246, 900.064, 481.444, 1246.62, 441.539, 642.982, 503.253, 553.435, 601.283, 521.49, 472.883, 703.152, 629.402, 813.962, 387.62, 726.373, 486.065, 645.561, 624.655, 433.52, 643.674, 614.2, 411.522, 488.168, 540.719, 964.165, 606.109, 837.731, 597.046, 989.423, 486.333, 448.652, 1024.72, 659.652, 926.734, 458.019, 599.372, 800.014, 513.209, 385.713, 516.84, 1001.26, 895.061, 1061.1, 669.318, 542.88, 778.467, 559.824, 421.316, 716.895, 672.011, 446.233, 421.797, 826.58, 468.025, 378.084, 639.509, 585.307, 454.2, 1218.09, 1011.85, 379.249, 1225.3, 444.753, 494.695, 491.49, 736.956, 502.777, 537.321, 511.519, 852.703, 892.623, 491.61, 608.749, 399.324, 434.761, 439.335, 703.338, 523.225, 932.181, 469.188, 1029, 966.95, 494.239, 398.17, 488.048, 777.048, 937.393, 346.479, 424.782, 551.592, 911.088, 568.82];
HighestPossibleCritFunctionValue = 1.1;
