NumDevices = 16;
NumSlotes = 128;


GivenBandwidthOld = [0.0335755, 0.0734525, 0.0366404, 0.0358343, 0.0373044, 0.0448911, 0.0552739, 0.0580061, 0.0785065, 0.0792294, 0.0781783, 0.0626295, 0.0336445, 0.0323355, 0.0328126, 0.0516538];
GivenLatency = [43.8845, 22.5553, 45.233, 46.6799, 46.8556, 32.491, 34.7064, 27.1967, 18.0123, 18.0772, 18.4455, 29.6176, 41.9753, 42.5714, 49.5329, 33.3366];
HighestPossibleCritFunctionValue = 1.1;
