NumDevices = 64;
NumSlotes = 512;


GivenBandwidthOld = [0.0184293, 0.00926567, 0.00804524, 0.0089304, 0.0106915, 0.0103117, 0.013996, 0.0107809, 0.012666, 0.019298, 0.00845749, 0.0124807, 0.0178732, 0.0120296, 0.0109718, 0.00828463, 0.0196982, 0.0100414, 0.0077995, 0.0161521, 0.0102991, 0.0145832, 0.0166874, 0.0198681, 0.0153722, 0.0148427, 0.0163583, 0.013885, 0.0198355, 0.0175327, 0.0140471, 0.00773397, 0.0148036, 0.00859002, 0.014894, 0.0166359, 0.0166308, 0.0183233, 0.0153121, 0.0185652, 0.0176169, 0.0175622, 0.0111763, 0.0192966, 0.0104131, 0.0185404, 0.0132822, 0.0146486, 0.0169796, 0.0189084, 0.011678, 0.0143258, 0.0159973, 0.00965461, 0.00760704, 0.0190464, 0.018274, 0.0115172, 0.0127609, 0.0141084, 0.0130544, 0.00946059, 0.00912262, 0.0164064];
GivenLatency = [164.61, 278.264, 318.441, 341.147, 214.759, 259.047, 167.211, 265.308, 212.196, 154.668, 346.363, 215.079, 127.883, 231.613, 222.681, 343.617, 127.613, 261.03, 289.161, 187.888, 227.724, 155.978, 148.712, 124.957, 149.589, 192.946, 162.091, 213.488, 113.857, 172.555, 237.243, 334.989, 153.422, 281.516, 205.691, 142.329, 159.482, 127.037, 175.567, 162.855, 158.679, 129.302, 212.227, 163.732, 228.122, 155.557, 168.364, 167.629, 180.686, 152.981, 272.929, 182.092, 155.764, 342.622, 328.795, 119.457, 164.895, 275.32, 197.47, 233.273, 234.014, 262.686, 329.227, 167.449];
HighestPossibleCritFunctionValue = 1.1;
