NumDevices = 64;
NumSlotes = 512;


GivenBandwidthOld = [0.013792, 0.0169153, 0.0110784, 0.0103527, 0.01329, 0.00924012, 0.0136101, 0.00984902, 0.00753716, 0.0120645, 0.0136767, 0.00922895, 0.0159313, 0.0129126, 0.00767327, 0.00971947, 0.0101657, 0.0100635, 0.0114507, 0.0165541, 0.00927943, 0.01432, 0.0114619, 0.0144422, 0.0148516, 0.0166263, 0.012698, 0.00947678, 0.0111754, 0.00955041, 0.00868769, 0.00904948, 0.0096098, 0.0169348, 0.00869691, 0.0139715, 0.0143416, 0.013615, 0.0130203, 0.00750403, 0.0151598, 0.0161477, 0.00862696, 0.00834199, 0.00887182, 0.0137513, 0.0133821, 0.00765245, 0.00965106, 0.0104016, 0.0151451, 0.00917233, 0.0143233, 0.0171984, 0.00921574, 0.0139384, 0.00775178, 0.0091666, 0.0079765, 0.015996, 0.00967264, 0.0131434, 0.0153649, 0.0133449];
GivenLatency = [74.3342, 58.1108, 90.4552, 114.881, 93.3562, 98.8708, 80.6135, 103.94, 139.659, 84.7293, 68.6006, 130.592, 78.4334, 90.5046, 128.225, 115.619, 93.667, 103.602, 82.4095, 65.5273, 98.6524, 68.2219, 102.82, 85.1335, 65.3827, 64.1067, 92.6423, 115.987, 90.9347, 95.5165, 120.157, 123.897, 105.24, 57.8817, 124.772, 74.6956, 72.2674, 75.1252, 93.1472, 140.854, 60.6469, 70.1046, 109.745, 122.86, 114.334, 68.2161, 72.035, 156.733, 117.842, 110.609, 70.6391, 113.878, 73.0097, 68.6923, 115.819, 80.5322, 152.015, 106.549, 120.467, 73.1805, 120.377, 88.1701, 75.9142, 75.2617];
HighestPossibleCritFunctionValue = 1.1;
