NumDevices = 128;
NumSlotes = 1024;


GivenBandwidthOld = [0.0062022, 0.00795461, 0.00561895, 0.00511104, 0.00381606, 0.00394083, 0.00599636, 0.0082772, 0.00745368, 0.00657173, 0.00862452, 0.00487603, 0.00388603, 0.00508858, 0.00624074, 0.00554734, 0.00661041, 0.00860594, 0.00751581, 0.00568132, 0.0083951, 0.00386976, 0.00647934, 0.00569027, 0.00393183, 0.00469037, 0.00860739, 0.00687851, 0.00466203, 0.00720256, 0.00586542, 0.00761268, 0.00874139, 0.00411764, 0.00766751, 0.00538912, 0.00739429, 0.00827905, 0.00842717, 0.00789133, 0.00713554, 0.00446512, 0.00784947, 0.00858521, 0.00407297, 0.00697352, 0.00648022, 0.00551706, 0.00766764, 0.00752709, 0.00522956, 0.00576294, 0.00517695, 0.00658141, 0.00631126, 0.00587816, 0.0067185, 0.00538087, 0.00380482, 0.00515354, 0.00804766, 0.00447548, 0.00690393, 0.00690924, 0.00607988, 0.00699593, 0.00812897, 0.00615181, 0.0059395, 0.00760923, 0.0058542, 0.00407528, 0.00579427, 0.00679385, 0.00681647, 0.00698451, 0.00621646, 0.00753355, 0.00382051, 0.0038888, 0.00657846, 0.00674835, 0.00705803, 0.00677805, 0.00623893, 0.00511607, 0.00822877, 0.00843165, 0.00820785, 0.00683209, 0.0043909, 0.00528853, 0.00680074, 0.00747546, 0.00754454, 0.00856247, 0.00692788, 0.00432322, 0.00792466, 0.00732701, 0.00760367, 0.00746257, 0.00588395, 0.00404281, 0.00499537, 0.00467463, 0.00405682, 0.00539863, 0.00720472, 0.00717097, 0.00496965, 0.00738039, 0.00474837, 0.00828596, 0.00468459, 0.00648833, 0.00684251, 0.00454179, 0.00639899, 0.00533525, 0.0070881, 0.00721942, 0.00428443, 0.00591524, 0.00495788, 0.00457928, 0.00644062, 0.00494454];
GivenLatency = [188.037, 145.024, 171.516, 246.026, 308.349, 241.729, 169.096, 140.536, 128.066, 152.473, 132.112, 208.197, 288.883, 189.332, 206.52, 179.512, 185.767, 144.441, 160.052, 216.898, 117.94, 251.273, 161.793, 183.94, 296.013, 253.055, 117.146, 165.151, 209.141, 152.406, 180.701, 155.953, 139.065, 241.816, 152.748, 199.976, 149.024, 130.296, 113.086, 141.959, 145.692, 235.186, 163.291, 132.622, 267.166, 150.879, 188.008, 179.53, 130.244, 133.207, 226.612, 203.481, 231.975, 144.938, 203.131, 179.371, 168.213, 190.287, 250.462, 207.764, 150.051, 250.182, 155.001, 143.337, 179.405, 174.854, 149.326, 189.273, 198.763, 141.65, 193.513, 313.439, 193.783, 173.572, 141.907, 150.587, 166.15, 134.487, 265.386, 317.278, 191.476, 182.384, 175.895, 150.841, 153.281, 227.092, 139.45, 114.024, 144.5, 156.705, 279.463, 224.325, 179.774, 170.574, 133.225, 120.563, 162.387, 251.692, 131.202, 133.64, 166.217, 161.331, 176.911, 292.193, 243.068, 206.898, 291.831, 198.67, 141.614, 162.152, 221.003, 130.803, 225.584, 136.431, 231.203, 158.271, 163.855, 263.521, 154.169, 191, 150.031, 176.548, 234.108, 218.296, 194.168, 276.775, 177.449, 211.529];
HighestPossibleCritFunctionValue = 1.1;
