NumDevices = 128;
NumSlotes = 1024;


GivenBandwidthOld = [0.00466125, 0.00407222, 0.00426056, 0.0047856, 0.00412182, 0.0078596, 0.00874581, 0.00840127, 0.00766447, 0.00430249, 0.00448218, 0.00453842, 0.00469104, 0.00474913, 0.00604678, 0.00573278, 0.00841011, 0.00629611, 0.00619472, 0.00716271, 0.00611154, 0.00422031, 0.00821617, 0.00670433, 0.00721757, 0.00815837, 0.00526646, 0.00592111, 0.00860586, 0.00617989, 0.00783857, 0.00534462, 0.00458549, 0.00577575, 0.00545196, 0.00865106, 0.00587753, 0.00610739, 0.00447464, 0.00777491, 0.00542493, 0.00423567, 0.00632627, 0.0081076, 0.00694314, 0.0058234, 0.00634722, 0.00525978, 0.00864331, 0.00565876, 0.0042232, 0.00676748, 0.00860766, 0.0063921, 0.00447752, 0.00612595, 0.00627625, 0.00747, 0.00578854, 0.00545348, 0.0041327, 0.00581581, 0.00380777, 0.00467967, 0.00864018, 0.00807092, 0.00539026, 0.00659198, 0.00389647, 0.00550224, 0.00873243, 0.00853055, 0.00540123, 0.00594082, 0.00479245, 0.00419167, 0.00691262, 0.0079012, 0.00790692, 0.00411339, 0.0061856, 0.00394725, 0.00385218, 0.00605863, 0.00484728, 0.00573178, 0.00654468, 0.00393955, 0.00450566, 0.00406092, 0.00435328, 0.00812173, 0.00442046, 0.00718272, 0.00742781, 0.00670226, 0.00746457, 0.00461012, 0.00483325, 0.0050103, 0.00568813, 0.007913, 0.00622027, 0.00656937, 0.00389537, 0.00697132, 0.00447687, 0.00525089, 0.00425812, 0.0086506, 0.00808422, 0.00406641, 0.00658493, 0.00543979, 0.00412909, 0.0051519, 0.00547356, 0.00659416, 0.00556462, 0.00700494, 0.00456601, 0.00842188, 0.00412579, 0.0046154, 0.00846356, 0.00455747, 0.00482973, 0.00573072];
GivenLatency = [269.367, 314.141, 233.878, 239.259, 272.225, 163.371, 147.102, 137.098, 127.653, 265.435, 245.882, 234.679, 243.779, 220.568, 173.208, 213.418, 124.673, 191.724, 167.848, 137.655, 157.38, 259.073, 116.011, 149.021, 145.305, 133.195, 230.198, 169.715, 116.488, 197.687, 129.694, 184.917, 232.414, 189.318, 187.899, 144.866, 191.102, 182.743, 240.239, 128.257, 220.105, 245.181, 186.811, 142.894, 169.278, 165.449, 181.948, 213.991, 126.997, 194.709, 283.757, 190.269, 111.287, 171.379, 245.438, 163.185, 156.628, 144.272, 196.17, 222.542, 241.48, 208.064, 267.493, 229.383, 134.13, 145.967, 177.772, 158.719, 333.061, 202.096, 111.506, 123.327, 177.394, 167.092, 228.982, 308.78, 139.305, 132.87, 141.964, 287.656, 209.237, 267.472, 275.788, 208.59, 216.588, 169.318, 157.338, 259.057, 282.487, 236.824, 236.422, 156.481, 281.49, 175.758, 151.705, 171.237, 128.064, 211.884, 220.208, 235.572, 171.37, 121.208, 189.006, 149.978, 266.867, 166.916, 276.493, 230.683, 272.13, 119.391, 137.219, 307.511, 147.535, 231.122, 253.983, 224.098, 201.787, 151.444, 173.582, 148.352, 220.023, 134.813, 258.845, 265.251, 143.068, 217.356, 207.386, 176.251];
HighestPossibleCritFunctionValue = 1.1;
