NumDevices = 128;
NumSlotes = 1024;


GivenBandwidthOld = [0.0042886, 0.00603446, 0.00869777, 0.00590071, 0.00579332, 0.00575688, 0.00839248, 0.00489683, 0.00852439, 0.0068512, 0.00564661, 0.00500094, 0.00828145, 0.00387963, 0.00751842, 0.00458858, 0.007748, 0.00818017, 0.00668995, 0.00546259, 0.00719019, 0.00798492, 0.00507602, 0.00519565, 0.00570605, 0.00405263, 0.0050135, 0.00446848, 0.00415871, 0.00797872, 0.00580116, 0.00752919, 0.00552762, 0.00526044, 0.00474283, 0.00518066, 0.00380324, 0.00855758, 0.0047591, 0.00868933, 0.00409312, 0.0056447, 0.00802494, 0.00762888, 0.00610488, 0.00714067, 0.00580586, 0.0066744, 0.00416782, 0.00608786, 0.00611967, 0.00579256, 0.00813447, 0.00859007, 0.00585517, 0.00529837, 0.00718687, 0.0071761, 0.00620869, 0.00687176, 0.00623982, 0.00514238, 0.00552049, 0.00542605, 0.00811514, 0.00861723, 0.00727028, 0.00406988, 0.00490253, 0.00440281, 0.00551703, 0.00721117, 0.00558559, 0.00454915, 0.00499399, 0.00652783, 0.00578687, 0.00743402, 0.00609355, 0.00675563, 0.00441772, 0.00604615, 0.00519364, 0.00699385, 0.00805713, 0.00375407, 0.00714546, 0.00629205, 0.00799922, 0.00541114, 0.0075783, 0.00607004, 0.00659078, 0.00379151, 0.00636673, 0.00811038, 0.0086729, 0.00796422, 0.00716104, 0.00805397, 0.00559213, 0.00435808, 0.00868814, 0.00400761, 0.00838059, 0.00508211, 0.00751681, 0.00759445, 0.00747447, 0.00597326, 0.00505368, 0.00466485, 0.00458664, 0.00522302, 0.00580945, 0.00697986, 0.00807134, 0.00744961, 0.00801919, 0.00611906, 0.00562799, 0.00711674, 0.00862182, 0.00440983, 0.00852111, 0.00675403, 0.00751034, 0.00386901];
GivenLatency = [300.169, 204.163, 114.16, 165.252, 194.188, 179.914, 143.922, 263.351, 122.535, 155.087, 218.217, 193.091, 118.954, 260.668, 155.802, 238.867, 166.803, 130.19, 155.982, 188.936, 134.749, 138.721, 198.034, 192.356, 168.763, 244.18, 236.734, 272.56, 274.799, 129.247, 196.11, 154.748, 191.757, 232.809, 230.008, 192.108, 278.712, 121.634, 233.67, 137.64, 238.954, 187.026, 134.046, 158.36, 171.215, 162.676, 191.066, 182.935, 234.408, 168.618, 163.389, 186.522, 126.057, 134.709, 192.146, 181.328, 158.559, 156.387, 196.87, 146.281, 160.579, 189.974, 234.904, 217.004, 132.154, 148.229, 144.235, 316.78, 217.534, 241.462, 212.508, 144.585, 184.625, 240.262, 257.151, 165.019, 217.274, 147.49, 164.118, 143.617, 229.96, 183.688, 186.08, 152.862, 132.487, 328.877, 146.22, 187.932, 122.117, 182.598, 133.726, 198.059, 194.135, 291.045, 154.91, 145.265, 143.938, 123.037, 167.872, 131.957, 174.967, 259.21, 134.861, 322.742, 128.177, 199.248, 132.791, 125.803, 156.526, 197.98, 232.509, 213.979, 256.621, 190.138, 210.377, 137.703, 160.625, 133.291, 160.211, 179.01, 196.379, 169.927, 118.762, 223.312, 145.28, 170.996, 156.35, 264.486];
HighestPossibleCritFunctionValue = 1.1;
