NumDevices = 32;
NumSlotes = 256;


GivenBandwidthOld = [0.0240438, 0.0341079, 0.0212231, 0.0274154, 0.0203981, 0.0206737, 0.0335797, 0.0247098, 0.0272901, 0.0347256, 0.0239728, 0.0203875, 0.02221, 0.0331812, 0.0272204, 0.0233699, 0.027343, 0.023922, 0.0276493, 0.031535, 0.0187545, 0.0172774, 0.0315171, 0.0181407, 0.0208505, 0.0239616, 0.0322865, 0.0288099, 0.0184102, 0.0307007, 0.0170664, 0.0253294];
GivenLatency = [43.246, 33.4331, 45.8907, 34.5978, 45.0326, 48.5309, 31.2053, 38.9788, 31.3946, 30.6496, 37.4874, 54.1374, 48.6969, 25.7335, 40.0284, 40.0674, 39.9266, 36.1687, 31.7004, 30.7304, 62.3612, 58.8774, 28.9507, 63.4566, 41.4202, 41.3102, 25.9188, 33.9802, 48.859, 28.3246, 54.7108, 34.1525];
HighestPossibleCritFunctionValue = 1.1;
