NumDevices = 32;
NumSlotes = 256;


GivenBandwidthOld = [0.00524974, 0.01493, 0.011778, 0.011069, 0.00643742, 0.0137037, 0.0131673, 0.0110832, 0.00865705, 0.00662586, 0.00583978, 0.0067284, 0.0167876, 0.0065263, 0.00758522, 0.0173041, 0.0123831, 0.0170721, 0.0130494, 0.0169337, 0.0128061, 0.0142424, 0.0163972, 0.00730929, 0.0172637, 0.00766524, 0.0121332, 0.0174984, 0.0155712, 0.013067, 0.0120975, 0.00559233];
GivenLatency = [83.1642, 22.0827, 37.6289, 42.1113, 63.6149, 28.8406, 32.5113, 39.8136, 38.9579, 57.7777, 104.754, 54.9551, 35.1521, 47.1637, 66.76, 18.8864, 24.9384, 23.0629, 43.7522, 31.3101, 34.489, 28.3917, 24.1662, 42.6367, 30.8398, 42.5739, 40.7972, 18.9842, 23.7664, 25.7187, 31.3035, 69.4279];
HighestPossibleCritFunctionValue = 1.1;
