NumDevices = 128;
NumSlotes = 1024;


GivenBandwidthOld = [0.00148809, 0.00281985, 0.0013057, 0.0029862, 0.00336391, 0.00167968, 0.00417279, 0.00266035, 0.00188729, 0.00279692, 0.00353024, 0.00342687, 0.00359736, 0.00336647, 0.00395006, 0.00300843, 0.0020919, 0.00423738, 0.00384417, 0.00151986, 0.00235978, 0.00337388, 0.00355261, 0.00429701, 0.00303084, 0.00367334, 0.00215052, 0.0018685, 0.0026009, 0.00268724, 0.00385168, 0.00262301, 0.00250002, 0.00406328, 0.00279324, 0.00406154, 0.00169147, 0.00225655, 0.00278753, 0.00188718, 0.00410604, 0.00263601, 0.00208826, 0.00235878, 0.0022131, 0.0037541, 0.00325337, 0.00312742, 0.00198661, 0.00339591, 0.00189877, 0.00202423, 0.00436122, 0.0039417, 0.00315321, 0.00412379, 0.00420984, 0.00350292, 0.00355031, 0.00311462, 0.00243366, 0.00130926, 0.00340801, 0.00212994, 0.00295978, 0.00316527, 0.00369515, 0.00318774, 0.00318078, 0.00185607, 0.00316624, 0.00436275, 0.00155032, 0.00178279, 0.00275977, 0.00406752, 0.00214238, 0.00259915, 0.00140004, 0.00417322, 0.00372047, 0.00373908, 0.00400305, 0.00307784, 0.00300539, 0.00406336, 0.00417718, 0.00155304, 0.0038251, 0.0028077, 0.00330908, 0.0019638, 0.00431433, 0.00338247, 0.00417082, 0.00402194, 0.00173984, 0.00280044, 0.00326923, 0.00405694, 0.00254937, 0.00219322, 0.00395829, 0.00392912, 0.00423001, 0.00186311, 0.00271993, 0.00325099, 0.00368582, 0.00250133, 0.00417426, 0.00246402, 0.00220025, 0.00336676, 0.00259428, 0.00391425, 0.00425514, 0.00234738, 0.00421109, 0.00264703, 0.00296053, 0.00329957, 0.00156, 0.00199949, 0.00418, 0.00195161, 0.00257971, 0.00278782];
GivenLatency = [242.167, 122.033, 255.702, 108.122, 128.459, 203.799, 105.515, 176.807, 235.37, 122.684, 109.093, 92.3822, 150.846, 128.157, 92.0923, 216.994, 213.144, 83.6055, 100.592, 227.13, 263.146, 147.155, 99.645, 143.15, 142.973, 114.261, 288.542, 343.559, 122.382, 189.556, 116.556, 124.765, 245.396, 101.969, 188.218, 108.918, 280.43, 191.617, 177.255, 187.47, 82.548, 190.141, 192.01, 148.821, 185.171, 91.972, 137.823, 100.603, 212.839, 105.82, 166.828, 195.701, 97.1459, 104.699, 105.735, 92.2546, 146.575, 135.016, 135.791, 103.995, 158.9, 286.631, 184.983, 181.548, 195.749, 106.884, 158.703, 205.687, 135.709, 204.509, 153.975, 137.064, 228.462, 180.239, 167.652, 84.8394, 291.886, 129.005, 244.561, 80.4843, 99.6542, 116.443, 129.562, 115.782, 108.416, 142.3, 108.936, 234.022, 103.159, 119.815, 169.003, 226.314, 94.0492, 173.63, 77.9618, 148.268, 343.924, 144.767, 150.063, 88.6138, 156.37, 282.499, 127.296, 155.426, 99.1999, 177.583, 135.913, 111.041, 101.178, 133.078, 78.6148, 186.029, 168.947, 125.333, 212.76, 109.913, 77.2698, 175.127, 101.782, 175.978, 181.042, 106.645, 205.257, 272.605, 97.3233, 243.114, 130.108, 125.72];
HighestPossibleCritFunctionValue = 1.1;
