NumDevices = 64;
NumSlotes = 512;


GivenBandwidthOld = [0.0102834, 0.00780043, 0.0167595, 0.0111139, 0.0164947, 0.0115737, 0.0144568, 0.00987633, 0.0164516, 0.016771, 0.015174, 0.014082, 0.0117931, 0.0117734, 0.010482, 0.0161792, 0.00954993, 0.0106681, 0.0135933, 0.0083922, 0.0127311, 0.0174364, 0.00868288, 0.00819377, 0.00772831, 0.0147862, 0.0170405, 0.014416, 0.0153854, 0.0167465, 0.0126461, 0.017269, 0.0152602, 0.0133197, 0.00939802, 0.0174679, 0.00782926, 0.011442, 0.0100417, 0.0158472, 0.00822666, 0.0104647, 0.0152893, 0.0122479, 0.0149451, 0.00759553, 0.0130058, 0.0130209, 0.0164341, 0.0124069, 0.0169324, 0.00760049, 0.0164152, 0.0156826, 0.0125993, 0.0116013, 0.00843743, 0.0129392, 0.0139421, 0.00961399, 0.0172515, 0.0117929, 0.00799326, 0.00773034];
GivenLatency = [115.869, 139.181, 59.801, 84.55, 57.7233, 95.2424, 63.2762, 108.242, 56.5063, 69.0429, 79.3314, 84.9093, 89.4098, 96.4364, 103.381, 61.3375, 130.843, 105.467, 91.6336, 145.255, 84.689, 52.8549, 119.966, 124.756, 119.904, 65.2782, 61.2399, 78.6507, 59.4337, 61.3233, 82.4578, 71.9908, 63.063, 87.903, 130.662, 63.962, 119.225, 107.883, 94.66, 70.1663, 113.198, 119.14, 76.1387, 75.9634, 76.3521, 133.492, 79.9787, 84.0694, 67.7926, 80.1212, 55.2184, 131.88, 66.6044, 66.3566, 81.7982, 100.983, 117.342, 77.3926, 76.2783, 104.645, 66.9521, 98.4783, 133.58, 143.63];
HighestPossibleCritFunctionValue = 1.1;
