NumDevices = 128;
NumSlotes = 1024;


GivenBandwidthOld = [0.00215071, 0.00200066, 0.00200094, 0.00346847, 0.00275361, 0.00369294, 0.00352364, 0.00175345, 0.00331323, 0.00299104, 0.00355335, 0.0043071, 0.00376935, 0.00336187, 0.00163717, 0.00219904, 0.00172153, 0.00130104, 0.00290481, 0.00421072, 0.00278045, 0.00165749, 0.00301635, 0.0038408, 0.00421458, 0.00192416, 0.00371688, 0.0027175, 0.00304584, 0.00270613, 0.0025217, 0.0028693, 0.00432634, 0.00218442, 0.00300098, 0.00186283, 0.0041878, 0.00183793, 0.00133255, 0.00437119, 0.00278313, 0.00286795, 0.00349161, 0.00418168, 0.0021351, 0.00214159, 0.0018248, 0.00246046, 0.00163871, 0.00311515, 0.00202291, 0.00408363, 0.00416025, 0.0013162, 0.00143382, 0.00321455, 0.00378252, 0.00284508, 0.00354062, 0.00283634, 0.00347546, 0.00150578, 0.00334245, 0.00347908, 0.00284035, 0.00207802, 0.00222988, 0.00127946, 0.00271689, 0.00214543, 0.00386669, 0.00176533, 0.00295313, 0.00381606, 0.00400396, 0.00272025, 0.00240089, 0.00357697, 0.00433844, 0.00244091, 0.00125407, 0.00395285, 0.00301277, 0.00316649, 0.00233566, 0.00417735, 0.00127452, 0.0039047, 0.00319964, 0.00329534, 0.00232294, 0.00295464, 0.0042814, 0.0031398, 0.00374754, 0.00246701, 0.00245447, 0.00412693, 0.00375009, 0.001534, 0.00260695, 0.00132392, 0.00305745, 0.00408439, 0.00133347, 0.0040756, 0.00357954, 0.00381747, 0.00264689, 0.00371001, 0.00288137, 0.00409331, 0.00128492, 0.00371436, 0.00418033, 0.00134056, 0.00137818, 0.00239499, 0.00137099, 0.00345249, 0.00295625, 0.00324877, 0.00399863, 0.00366252, 0.00159572, 0.00239593, 0.00160251, 0.00394394];
GivenLatency = [177.354, 270.056, 162.301, 185.738, 139.867, 162.634, 104.602, 313.905, 146.13, 146.648, 133.195, 122.352, 110.1, 112.286, 293.816, 254.904, 185.384, 346.973, 115.48, 76.1786, 116.405, 269.95, 150.652, 83.7659, 85.7697, 340.981, 108.98, 189.456, 202.772, 128.647, 239.841, 128.594, 126.567, 164.198, 152.872, 249.768, 117.08, 221.694, 372.566, 96.8935, 225.129, 153.202, 104.071, 76.3981, 229.63, 198.114, 181.509, 128.352, 348.481, 166.821, 208.358, 82.5951, 119.567, 335.19, 261.904, 156.869, 89.9594, 223.28, 174.961, 190.407, 95.2549, 244.919, 143.749, 159.519, 119.755, 293.423, 144.089, 471.064, 178.094, 219.998, 124.486, 290.091, 215.069, 146.215, 117.241, 211.024, 191.475, 109.817, 81.5453, 157.631, 321.642, 90.2174, 118.488, 159.286, 211.207, 107.37, 386.578, 113.133, 157.973, 197.511, 236.12, 212.944, 131.43, 152.402, 116.941, 148.63, 204.933, 93.8749, 109.745, 221.805, 221.882, 249.657, 207.458, 84.2317, 298.95, 108.739, 120.436, 114.486, 229.174, 85.7136, 148.201, 108.283, 360.807, 102.125, 80.0776, 454.439, 326.196, 239.119, 323.794, 106.035, 197.166, 159.437, 96.8184, 93.7609, 322.693, 131.361, 392.135, 90.4411];
HighestPossibleCritFunctionValue = 1.1;
