NumDevices = 128;
NumSlotes = 1024;


GivenBandwidthOld = [0.00638944, 0.00479157, 0.00442081, 0.0080143, 0.00386451, 0.00833994, 0.00685087, 0.00513406, 0.00570217, 0.00389474, 0.00636596, 0.00525091, 0.00459089, 0.00663735, 0.00642252, 0.00587002, 0.00484787, 0.0055844, 0.00446617, 0.00547966, 0.00415673, 0.0047361, 0.00707295, 0.00758908, 0.00721253, 0.00842803, 0.00731451, 0.00746762, 0.00573537, 0.00688434, 0.0076632, 0.00786266, 0.00526152, 0.00787261, 0.00746689, 0.00853211, 0.00658818, 0.00506457, 0.00764446, 0.00794659, 0.00576133, 0.00814906, 0.00872233, 0.00866738, 0.00516657, 0.00703013, 0.00796844, 0.0080454, 0.00658572, 0.00866788, 0.00864092, 0.00548945, 0.00863328, 0.007115, 0.00428655, 0.00658004, 0.00831614, 0.00681055, 0.00738504, 0.00790926, 0.00841855, 0.00803064, 0.00843808, 0.00631897, 0.00537616, 0.0046301, 0.00561588, 0.00858818, 0.00398764, 0.00775954, 0.00710187, 0.00868918, 0.00657988, 0.00557249, 0.00426585, 0.00860527, 0.00622576, 0.00387196, 0.00860348, 0.0062422, 0.0051095, 0.00783165, 0.00401504, 0.00821008, 0.0043877, 0.00662108, 0.00798761, 0.00532378, 0.00434091, 0.00509605, 0.00685784, 0.00715824, 0.00605627, 0.00525513, 0.00539606, 0.00400668, 0.00777242, 0.00861353, 0.00504473, 0.00434311, 0.00710907, 0.00457317, 0.00874034, 0.00636567, 0.005368, 0.00750718, 0.0056988, 0.00731197, 0.00472676, 0.00511672, 0.00421312, 0.007375, 0.00405558, 0.00458549, 0.00587244, 0.00560134, 0.00415482, 0.00749991, 0.00844661, 0.00471539, 0.00401114, 0.0077985, 0.00694276, 0.004457, 0.00627577, 0.00433241, 0.00740025, 0.00848565];
GivenLatency = [177.129, 206.023, 228.09, 155.443, 333.203, 148.244, 180.618, 238.978, 174.636, 272.602, 166.357, 212.633, 233.199, 147.005, 179.521, 178.762, 220.655, 205.02, 255.032, 193.811, 270.464, 264.958, 150.713, 165.892, 139.113, 149.626, 134.834, 168.385, 176.294, 177.372, 133.821, 142.471, 188.967, 135.482, 130.835, 133.18, 168.336, 204.718, 126.714, 124.712, 175.525, 131.2, 136.639, 138.304, 210.906, 143.567, 158.131, 140.405, 175.054, 145.939, 141.805, 181.577, 113.489, 150.349, 237.502, 156.056, 120.597, 175.13, 157.865, 153.679, 138.82, 127.164, 146.373, 167.496, 188.991, 220.864, 175.459, 115.398, 276.473, 140.85, 182.37, 110.647, 150.281, 188.155, 250.304, 119.018, 182.25, 255.228, 126.94, 175.221, 250.727, 143.765, 253.353, 135.566, 295.187, 182.57, 121.213, 182.132, 244.555, 223.086, 146.82, 169.982, 157.428, 241.95, 195.045, 241.059, 153.082, 122.313, 196.9, 277.945, 154.083, 217.666, 113.475, 183.213, 235.401, 138.495, 203.574, 137.098, 219.361, 213.01, 305.491, 143.263, 277.179, 272.227, 195.424, 178.401, 245.995, 129.025, 125.811, 242.665, 292.221, 142.429, 146.477, 280.142, 157.944, 253.017, 152.965, 129.78];
HighestPossibleCritFunctionValue = 1.1;
