NumDevices = 128;
NumSlotes = 1024;


GivenBandwidthOld = [0.00879528, 0.00595619, 0.00819611, 0.00457737, 0.00939383, 0.00953267, 0.00558676, 0.00536114, 0.00711661, 0.00514165, 0.00564499, 0.00906201, 0.00778238, 0.00715625, 0.00883037, 0.0082143, 0.00400031, 0.00447778, 0.00423058, 0.00580926, 0.0075493, 0.00851519, 0.00480821, 0.00786877, 0.00917549, 0.00878056, 0.00859636, 0.00644095, 0.00554434, 0.00500676, 0.00736538, 0.00499163, 0.00932329, 0.00531851, 0.00940359, 0.00496053, 0.00532597, 0.00989762, 0.00797529, 0.00568364, 0.00870016, 0.00742477, 0.0093521, 0.0082421, 0.00867229, 0.0076324, 0.00518078, 0.00704998, 0.00404347, 0.00484495, 0.00659749, 0.00524841, 0.00620191, 0.00676787, 0.0063841, 0.0062469, 0.00658922, 0.0099409, 0.00412341, 0.00460658, 0.00647042, 0.00703662, 0.00445289, 0.00472683, 0.00887832, 0.00794014, 0.00875843, 0.00538353, 0.0084982, 0.00681958, 0.00663466, 0.00504859, 0.00423141, 0.00727307, 0.0097709, 0.00953105, 0.00962359, 0.00867376, 0.00740574, 0.00828481, 0.00777419, 0.00708824, 0.00960928, 0.00566342, 0.00630643, 0.00711216, 0.0053829, 0.00406775, 0.00673854, 0.0071916, 0.00917981, 0.00635169, 0.00539547, 0.00915927, 0.00482356, 0.00955095, 0.00664599, 0.00795814, 0.00499726, 0.00389049, 0.00864331, 0.00810248, 0.00580208, 0.00552071, 0.0078399, 0.0051297, 0.00488727, 0.00531635, 0.00439036, 0.00997972, 0.00667825, 0.00634417, 0.00387972, 0.00888626, 0.00394108, 0.00897368, 0.00443367, 0.00666791, 0.00753068, 0.00810418, 0.00946723, 0.00575623, 0.00997817, 0.00555226, 0.00689979, 0.00469316, 0.00551588, 0.00784915];
GivenLatency = [539.653, 833.077, 456.073, 973.992, 531.035, 367.673, 638.428, 766.479, 482.996, 970.923, 606.414, 471.038, 433.779, 633.214, 408.215, 505.892, 927.21, 889.046, 924.756, 590.841, 540.596, 498.136, 1020.32, 475.482, 536.366, 424.509, 557.28, 625.829, 884.105, 789.912, 507.937, 740.529, 358.007, 755.036, 410.678, 773.836, 676.783, 414.083, 547.284, 800.313, 552.997, 571.297, 377.217, 604.463, 539.687, 446.075, 868.77, 588.294, 965.007, 1012.93, 514.482, 756.506, 731.612, 696.666, 704.502, 579.536, 667.135, 418.565, 927.442, 767.059, 609.436, 549.176, 894.818, 787.325, 500.029, 496.599, 521.362, 740.374, 405.678, 517.253, 651.112, 676.067, 995.763, 522.722, 488.08, 445.363, 409.816, 543.083, 587.531, 405.327, 456.968, 552.634, 403.108, 615.619, 556.843, 641.904, 753.802, 930.94, 547.161, 519.28, 490.73, 781.818, 905.313, 490.041, 899.837, 503.229, 581.698, 552.712, 899.846, 924.565, 392.67, 564.97, 758.957, 843.947, 455.48, 811.914, 954.533, 778.694, 910.014, 481.288, 532.512, 637.431, 975.223, 405.36, 1049.01, 497.438, 971.551, 560.112, 553.85, 562.37, 468.792, 755.135, 352.608, 843.078, 518.378, 931.906, 753.12, 479.048];
HighestPossibleCritFunctionValue = 1.1;
