NumDevices = 16;
NumSlotes = 128;


GivenBandwidthOld = [0.0604416, 0.0618371, 0.065596, 0.0422835, 0.0787905, 0.0526486, 0.0350799, 0.0571555, 0.0329915, 0.058665, 0.053046, 0.0640478, 0.0716386, 0.050155, 0.0748326, 0.0308062];
GivenLatency = [22.2005, 24.3, 20.382, 37.9707, 19.2473, 25.4754, 44.8334, 27.7476, 51.2738, 30.5341, 28.298, 21.3331, 26.957, 35.498, 26.0566, 43.3717];
HighestPossibleCritFunctionValue = 1.1;
