NumDevices = 64;
NumSlotes = 512;


GivenBandwidthOld = [0.0082263, 0.00686285, 0.00385951, 0.0079749, 0.00664983, 0.004871, 0.00815506, 0.0032594, 0.00326182, 0.00641668, 0.00511097, 0.00376764, 0.00774293, 0.00793439, 0.00707369, 0.00378708, 0.00319532, 0.00755508, 0.00702234, 0.00316407, 0.00720041, 0.00853733, 0.00307267, 0.00863207, 0.00800637, 0.0043469, 0.00584499, 0.0030344, 0.00297142, 0.00686434, 0.00389596, 0.00821495, 0.00363046, 0.0084099, 0.00513795, 0.00720948, 0.00465103, 0.00491013, 0.00332203, 0.00590809, 0.00734504, 0.00816593, 0.00482884, 0.00578651, 0.00754756, 0.00560231, 0.00551263, 0.00456553, 0.00532448, 0.00476962, 0.00423639, 0.00470426, 0.00567466, 0.00281308, 0.00815064, 0.00410729, 0.00375739, 0.00420074, 0.00563854, 0.00816169, 0.00858819, 0.00791138, 0.00773402, 0.00809552];
GivenLatency = [76.9146, 82.3105, 101.831, 68.2032, 69.4106, 117.59, 61.7762, 179.554, 102.019, 59.2923, 85.1172, 95.5893, 75.3197, 74.4129, 55.1566, 129.481, 117.41, 63.4495, 46.5221, 199.824, 51.8518, 36.4472, 128.283, 48.3249, 64.6568, 71.3734, 63.9873, 108.265, 111.481, 70.0189, 106.175, 63.9349, 141.297, 44.5392, 123.665, 51.5011, 75.0282, 109.419, 131.489, 88.4864, 43.1699, 70.7304, 67.4782, 93.6352, 51.7898, 88.8379, 92.6356, 76.0811, 87.1255, 83.619, 101.519, 75.597, 56.9787, 158.122, 65.9291, 78.8964, 88.1517, 101.674, 76.4519, 65.2134, 44.4599, 68.8332, 49.9321, 42.5682];
HighestPossibleCritFunctionValue = 1.1;
