NumDevices = 64;
NumSlotes = 512;


GivenBandwidthOld = [0.00283558, 0.00516844, 0.00721428, 0.00410225, 0.00648568, 0.00857158, 0.00381092, 0.00382526, 0.0073678, 0.0030367, 0.00412126, 0.00722152, 0.00716416, 0.00550957, 0.00301529, 0.00669265, 0.00585872, 0.00871307, 0.00676282, 0.00399111, 0.00727529, 0.00446262, 0.00699735, 0.00825871, 0.00793561, 0.00259252, 0.00755526, 0.00367132, 0.00765502, 0.00535682, 0.00452932, 0.002967, 0.00760168, 0.00267028, 0.00807384, 0.00697492, 0.00621672, 0.0069347, 0.00518125, 0.00384723, 0.00790684, 0.00648835, 0.00348276, 0.00725918, 0.00871387, 0.00785077, 0.00786044, 0.00784555, 0.00760541, 0.00290577, 0.00347404, 0.00437217, 0.00554233, 0.00374266, 0.00660993, 0.0031244, 0.00307659, 0.0057891, 0.00745099, 0.0076059, 0.00490344, 0.00335574, 0.00362336, 0.00788417];
GivenLatency = [130.724, 122.543, 60.8644, 101.364, 55.4042, 64.0586, 133.224, 93.585, 49.815, 139.069, 130.466, 88.0025, 57.0253, 78.8564, 152.676, 79.3821, 61.4496, 69.8904, 49.3688, 114.13, 71.5014, 116.034, 59.9725, 42.4509, 59.1358, 201.245, 75.3412, 141.543, 80.6677, 57.9198, 102.569, 117.426, 63.2807, 211.208, 49.7477, 76.4759, 86.4058, 47.526, 106.091, 99.2851, 53.2405, 86.2628, 111.625, 60.207, 45.3475, 68.0616, 68.8607, 39.8565, 47.0065, 216.002, 131.672, 80.278, 87.9708, 152.217, 53.8842, 132.437, 139.282, 84.2817, 55.6735, 44.2772, 73.8859, 148.965, 147.622, 78.3646];
HighestPossibleCritFunctionValue = 1.1;
