NumDevices = 128;
NumSlotes = 1024;


GivenBandwidthOld = [0.00455099, 0.00592721, 0.00608551, 0.0067085, 0.00726819, 0.00396955, 0.00870725, 0.0052054, 0.00471337, 0.00508344, 0.00491001, 0.00509078, 0.0082026, 0.00866322, 0.00531172, 0.00663673, 0.00599479, 0.00689416, 0.00765065, 0.00702837, 0.00839055, 0.00754419, 0.00761576, 0.00557031, 0.00773126, 0.00679492, 0.00479701, 0.00584513, 0.00655183, 0.00410613, 0.00425476, 0.00729225, 0.00829109, 0.00591483, 0.00799969, 0.00827797, 0.00541681, 0.00787175, 0.00794389, 0.00543554, 0.00757205, 0.00594726, 0.00812036, 0.00633248, 0.00741925, 0.0078372, 0.00734684, 0.00579503, 0.00453648, 0.00703931, 0.00712393, 0.0043085, 0.00550265, 0.00550412, 0.00528636, 0.0053502, 0.00838096, 0.00631695, 0.00643805, 0.00679635, 0.00380882, 0.00732911, 0.00779467, 0.00752313, 0.00376901, 0.00830825, 0.00423154, 0.00699239, 0.00852706, 0.00683776, 0.00471819, 0.00606332, 0.00863851, 0.00491782, 0.00634337, 0.00557093, 0.00805542, 0.00486815, 0.00655778, 0.00416665, 0.00645306, 0.00411678, 0.00816024, 0.0066835, 0.00714485, 0.00604851, 0.00476521, 0.00638519, 0.00835314, 0.00867135, 0.00685976, 0.00444558, 0.00428206, 0.0060096, 0.00587605, 0.0062701, 0.00404246, 0.00406071, 0.00588526, 0.00609705, 0.00559009, 0.00513626, 0.00760957, 0.00650762, 0.00605424, 0.00607678, 0.0050099, 0.00389426, 0.00824755, 0.00413021, 0.0038561, 0.00697575, 0.00397565, 0.00622165, 0.0047618, 0.00403062, 0.00511495, 0.00451831, 0.00669922, 0.0063421, 0.00425495, 0.00542025, 0.00565657, 0.00747198, 0.00399117, 0.00702359, 0.00792961, 0.00542873];
GivenLatency = [215.598, 165.294, 183.913, 155.301, 154.922, 258.43, 136.472, 226.942, 248.082, 201.594, 222.998, 187.685, 125.874, 114.417, 205.159, 182.493, 170.29, 151.454, 125.217, 146.147, 128.99, 144.866, 136.644, 216.503, 161.563, 142.646, 263.106, 181.465, 167.767, 258.678, 248.518, 166.529, 130.917, 184.878, 154.756, 151.77, 238.251, 139.538, 163.061, 177.83, 139.715, 206.752, 155.064, 157.387, 154.252, 160.682, 156.446, 201.678, 212.425, 166.671, 177.405, 252.423, 181.221, 194.617, 233.446, 222.508, 138.655, 161.94, 195.688, 170.985, 322.113, 176.893, 140.966, 155.705, 324.011, 151.616, 263.087, 142.939, 120.389, 173.441, 243.177, 169.816, 134.595, 244.433, 195.735, 176.654, 122.243, 233.596, 152.291, 284.746, 175.812, 295.684, 152.448, 151.952, 168.48, 203.732, 224.959, 182.255, 136.952, 149.111, 186.415, 228.134, 302.229, 210.643, 193.158, 203.257, 243.348, 242.315, 184.921, 210.191, 187.155, 232.869, 135.358, 163.073, 193.39, 162.862, 198.073, 244.656, 136.842, 247.495, 257.83, 141.856, 286.537, 175.332, 244.877, 256.256, 207.702, 212.289, 144.933, 176.916, 230.101, 230.754, 224.439, 166.858, 279.995, 176.824, 141.769, 196.392];
HighestPossibleCritFunctionValue = 1.1;
