NumDevices = 128;
NumSlotes = 1024;


GivenBandwidthOld = [0.00501492, 0.00704789, 0.00640454, 0.00608952, 0.00537683, 0.00840297, 0.00619979, 0.00857611, 0.00987816, 0.00595529, 0.00559508, 0.00784304, 0.00795212, 0.00998656, 0.00912237, 0.00974262, 0.0092356, 0.00642754, 0.00523432, 0.00702747, 0.00687697, 0.00876999, 0.00600151, 0.00736096, 0.00569136, 0.00714411, 0.00479932, 0.00836086, 0.00465482, 0.00475013, 0.00676121, 0.00687794, 0.006312, 0.00699875, 0.00554258, 0.00657129, 0.00871284, 0.00803201, 0.00900634, 0.00960721, 0.00834136, 0.0081872, 0.00471199, 0.00938467, 0.00572916, 0.00490683, 0.00915456, 0.00692343, 0.00837079, 0.00917624, 0.00877834, 0.00882391, 0.00591236, 0.00909032, 0.0085188, 0.00918455, 0.00465718, 0.00691095, 0.00476218, 0.00921363, 0.00598741, 0.00784147, 0.00662822, 0.00928036, 0.00881624, 0.00825702, 0.00954215, 0.00869132, 0.00875574, 0.00403809, 0.00815715, 0.00589816, 0.00780765, 0.00688622, 0.00788678, 0.0055325, 0.00600811, 0.00588183, 0.00834084, 0.00574704, 0.00551259, 0.00884758, 0.00995548, 0.00556539, 0.00871653, 0.00755173, 0.00570371, 0.00842521, 0.00499584, 0.0051015, 0.00595458, 0.00613766, 0.00822765, 0.00955567, 0.00461563, 0.00860828, 0.00693678, 0.00770677, 0.00520569, 0.00696187, 0.00442006, 0.00927166, 0.00620863, 0.00723452, 0.00554404, 0.00625053, 0.00507497, 0.00385222, 0.00928328, 0.00784551, 0.00567307, 0.00603371, 0.00477402, 0.00821042, 0.00748074, 0.006286, 0.00752507, 0.00755406, 0.00736945, 0.00458897, 0.00432237, 0.0047895, 0.00593974, 0.00668628, 0.00382071, 0.00472281, 0.00384737, 0.00897659];
GivenLatency = [678.521, 528.189, 659.154, 759.982, 754.753, 561.25, 803.6, 477.62, 402.567, 668.524, 773.936, 601.498, 532.755, 378.788, 495.18, 402.658, 385.584, 759.171, 806.12, 507.051, 685.671, 508.215, 583.835, 514.959, 649.798, 695.17, 794.31, 583.145, 793.13, 926.615, 636.96, 489.112, 767.917, 588.027, 660.653, 679.826, 387.551, 425.608, 374.026, 347.082, 476.133, 408.244, 805.722, 506.83, 754.141, 729.574, 479.794, 544.192, 503.925, 438.988, 411.487, 411.123, 681.46, 409.497, 513.379, 470.941, 781.401, 655.53, 743.639, 448.619, 703.379, 579.443, 542.713, 489.426, 541.937, 410.43, 375.2, 539.254, 543.697, 1069.99, 493.094, 778.568, 478.764, 622.62, 623.181, 856.506, 781.586, 808.577, 543.922, 788.905, 630.43, 507.211, 452.381, 743.401, 383.73, 601.989, 708.388, 396.912, 908.782, 708.098, 712.84, 631.298, 526.184, 355.336, 946.285, 526.334, 525.789, 453.607, 941.754, 536.85, 815.693, 538.751, 557.056, 565.617, 847.283, 625.968, 710.952, 940.888, 449.264, 554.605, 696.769, 823.152, 794.358, 413.677, 464.425, 530.934, 475.954, 629.862, 529.46, 814.782, 957.266, 804.984, 651.097, 548.887, 1071.6, 728.009, 1066.96, 390.864];
HighestPossibleCritFunctionValue = 1.1;
