NumDevices = 16;
NumSlotes = 128;


GivenBandwidthOld = [0.0589665, 0.0698786, 0.0699805, 0.0617117, 0.0480619, 0.0366889, 0.0497603, 0.0610419, 0.0316282, 0.0358286, 0.0318858, 0.0440704, 0.030522, 0.0431167, 0.042314, 0.0319672];
GivenLatency = [15.0025, 11.4729, 15.4279, 13.2141, 21.1246, 21.2258, 20.9131, 13.695, 31.7356, 28.8963, 28.1525, 18.7069, 31.6105, 25.7048, 20.1159, 26.5242];
HighestPossibleCritFunctionValue = 1.1;
