NumDevices = 32;
NumSlotes = 256;


GivenBandwidthOld = [0.0100401, 0.0144227, 0.0100887, 0.00626919, 0.0112961, 0.0115773, 0.0128807, 0.00671124, 0.0158019, 0.0157905, 0.0100953, 0.01592, 0.0132558, 0.0102186, 0.0143884, 0.00879305, 0.017297, 0.00644563, 0.0142819, 0.005758, 0.00715607, 0.0171064, 0.0150058, 0.00933942, 0.0126908, 0.0148421, 0.00823435, 0.0147568, 0.0121128, 0.0131178, 0.0164969, 0.00799169];
GivenLatency = [40.9151, 30.3128, 60.3884, 80.3458, 30.411, 49.0062, 41.5305, 48.5201, 26.7539, 20.7097, 48.2294, 22.061, 27.7479, 41.7171, 27.0159, 53.552, 19.5166, 77.3653, 26.0434, 68.0065, 61.0543, 23.6984, 35.776, 58.9271, 28.5637, 26.7357, 55.2662, 28.9624, 31.8174, 27.5541, 22.5076, 75.483];
HighestPossibleCritFunctionValue = 1.1;
