NumDevices = 64;
NumSlotes = 512;


GivenBandwidthOld = [0.00925726, 0.0118362, 0.0156341, 0.00787662, 0.017317, 0.0110785, 0.011801, 0.0143576, 0.014005, 0.016817, 0.00842631, 0.0159346, 0.00767077, 0.00759255, 0.0130288, 0.0108517, 0.00997208, 0.0156729, 0.00985677, 0.00773476, 0.013139, 0.0124715, 0.0127476, 0.0138288, 0.0153862, 0.0106179, 0.0102218, 0.0121421, 0.016754, 0.0099713, 0.0126599, 0.00934567, 0.00765344, 0.0163917, 0.00973046, 0.0149293, 0.0118045, 0.0134442, 0.010898, 0.00764982, 0.0155678, 0.0127639, 0.017271, 0.00892025, 0.00761585, 0.014548, 0.0128878, 0.00980229, 0.0120585, 0.0118793, 0.0111647, 0.0101737, 0.0144062, 0.0101993, 0.0141517, 0.0122539, 0.0170571, 0.0134789, 0.0140974, 0.00926258, 0.011151, 0.0101339, 0.0160377, 0.0109685];
GivenLatency = [115.154, 88.116, 74.6363, 122.753, 57.0526, 99.2711, 78.1368, 85.1912, 65.159, 64.9796, 108.869, 72.3008, 152.706, 141.474, 80.8491, 107.425, 118.207, 71.9036, 120.765, 130.402, 84.0454, 84.38, 92.3309, 68.3322, 71.1749, 116.54, 89.9772, 87.6052, 67.1695, 93.3097, 87.7485, 107.791, 148.885, 75.9164, 97.5926, 65.1738, 95.48, 83.7464, 111.277, 129.278, 71.9711, 72.0264, 65.1211, 108.74, 155.786, 65.9375, 91.0546, 123.279, 90.0013, 90.0044, 107.647, 99.1197, 81.2403, 99.9072, 85.1766, 82.8166, 53.4284, 80.6588, 68.1888, 128.732, 95.7838, 108.721, 57.3561, 97.5148];
HighestPossibleCritFunctionValue = 1.1;
