NumDevices = 64;
NumSlotes = 512;


GivenBandwidthOld = [0.015188, 0.00894817, 0.0168848, 0.00769429, 0.0128945, 0.0125394, 0.0149584, 0.0103124, 0.015412, 0.0150198, 0.0133142, 0.00754603, 0.0110479, 0.00753481, 0.0125907, 0.0165346, 0.0126654, 0.012261, 0.0147973, 0.0132252, 0.0107887, 0.0101932, 0.0127813, 0.0108914, 0.0171258, 0.00892363, 0.0144038, 0.010108, 0.00999351, 0.0159865, 0.0104778, 0.0153562, 0.0159591, 0.008982, 0.015541, 0.0131584, 0.0075559, 0.0170613, 0.0149892, 0.0080214, 0.010652, 0.0132714, 0.00765889, 0.00801912, 0.0123313, 0.0169071, 0.0119835, 0.0118592, 0.0121407, 0.0139055, 0.0146065, 0.0158141, 0.012391, 0.0109975, 0.0103743, 0.0162666, 0.0169089, 0.0134984, 0.012963, 0.0134279, 0.00791072, 0.0104074, 0.0119072, 0.00976982];
GivenLatency = [61.9077, 112.42, 67.151, 161.042, 93.205, 88.1782, 61.5814, 94.3728, 61.5755, 77.6852, 90.4317, 156.325, 98.0089, 125.603, 73.9754, 57.0743, 76.0511, 100.045, 75.1505, 70.6638, 92.8151, 119.983, 75.6034, 89.2489, 57.5857, 120.477, 69.0248, 111.05, 120.734, 61.9549, 109.112, 65.7963, 73.5431, 120.497, 75.3047, 74.9589, 129.192, 60.1831, 78.5754, 143.076, 116.193, 93.9212, 161.297, 143.77, 84.5781, 67.8423, 100.552, 100.401, 101.698, 88.6545, 64.3338, 70.8574, 77.4049, 108.759, 101.924, 57.2593, 70.0372, 86.1798, 76.6417, 91.7589, 115.031, 92.4508, 94.6597, 106.438];
HighestPossibleCritFunctionValue = 1.1;
