NumDevices = 16;
NumSlotes = 128;


GivenBandwidthOld = [0.0430686, 0.0734594, 0.0520856, 0.0734397, 0.070291, 0.0512571, 0.0482395, 0.0311718, 0.0742314, 0.076895, 0.0436015, 0.0305989, 0.0460891, 0.0393566, 0.0364401, 0.0679418];
GivenLatency = [33.7427, 22.256, 34.5903, 21.9677, 27.8944, 34.348, 38.9778, 51.8668, 22.8139, 21.2692, 36.044, 50.7337, 29.4538, 41.2753, 37.498, 21.2746];
HighestPossibleCritFunctionValue = 1.1;
