NumDevices = 32;
NumSlotes = 256;


GivenBandwidthOld = [0.00729573, 0.0143335, 0.0099787, 0.00692797, 0.00844572, 0.0171879, 0.0103109, 0.0146858, 0.00735452, 0.0148366, 0.015671, 0.0150384, 0.00796165, 0.00640944, 0.00594369, 0.0155621, 0.00938558, 0.0134071, 0.0155788, 0.0150576, 0.00510371, 0.0106052, 0.0116162, 0.0152403, 0.014081, 0.0171085, 0.0118193, 0.0170409, 0.0133852, 0.010048, 0.0087717, 0.00846535];
GivenLatency = [62.2065, 40.6387, 34.6296, 46.3601, 68.7032, 21.3613, 40.6387, 31.5987, 63.0406, 29.9558, 26.6715, 42.5373, 44.3137, 58.184, 62.5161, 20.6326, 64.5145, 39.2975, 20.2803, 26.6366, 93.0877, 58.6903, 33.2446, 22.6621, 26.7877, 18.1516, 52.0199, 29.9364, 23.4443, 60.0536, 66.9521, 37.623];
HighestPossibleCritFunctionValue = 1.1;
