NumDevices = 16;
NumSlotes = 128;


GivenBandwidthOld = [0.0778646, 0.0404299, 0.0748512, 0.043922, 0.0665705, 0.0697086, 0.0623389, 0.04965, 0.0372173, 0.0307117, 0.0409854, 0.0608547, 0.0546734, 0.0660677, 0.0695664, 0.0717509];
GivenLatency = [23.8607, 34.1782, 18.8213, 41.3897, 21.3812, 27.1908, 26.3608, 35.1764, 37.6829, 44.1286, 46.1928, 24.5081, 34.7928, 24.4713, 20.1947, 21.6261];
HighestPossibleCritFunctionValue = 1.1;
