NumDevices = 128;
NumSlotes = 1024;


GivenBandwidthOld = [0.005494, 0.00507555, 0.007207, 0.00548187, 0.00625408, 0.0047711, 0.0053024, 0.00485366, 0.00789239, 0.00482438, 0.00591237, 0.00677448, 0.00626737, 0.00827228, 0.00476809, 0.00484, 0.00839553, 0.00623226, 0.00802277, 0.00628502, 0.00487043, 0.00481362, 0.00508274, 0.00816032, 0.00806713, 0.00671042, 0.00451342, 0.00452203, 0.00430509, 0.00814769, 0.00568905, 0.00835305, 0.00725716, 0.00863913, 0.00534188, 0.00849647, 0.00763364, 0.00604588, 0.00554317, 0.00658244, 0.00859666, 0.00655243, 0.00418916, 0.00464874, 0.00385304, 0.00560206, 0.00625747, 0.0068778, 0.00773883, 0.00398614, 0.00760324, 0.00518944, 0.00650205, 0.00746084, 0.00684127, 0.00375323, 0.00809537, 0.00636633, 0.00643468, 0.00522806, 0.00551452, 0.00506476, 0.00591964, 0.00388017, 0.00647656, 0.00405627, 0.00615584, 0.00870768, 0.00739756, 0.00833685, 0.00492835, 0.0083285, 0.00453511, 0.00403127, 0.00601896, 0.00822626, 0.00625832, 0.00605191, 0.0068808, 0.00811701, 0.00509766, 0.00395011, 0.00691563, 0.00855393, 0.00836405, 0.00709495, 0.00735842, 0.00547381, 0.00584364, 0.00663744, 0.00802673, 0.00782814, 0.00504878, 0.00739519, 0.00843066, 0.00663888, 0.00712694, 0.00503144, 0.00585374, 0.00626543, 0.00555086, 0.00579889, 0.00443633, 0.00388597, 0.00403401, 0.00718147, 0.0065082, 0.00579838, 0.00588453, 0.00386025, 0.00665451, 0.00476882, 0.00707555, 0.00628507, 0.00570284, 0.00517277, 0.00626481, 0.00518836, 0.0081905, 0.00520948, 0.0081788, 0.00857332, 0.00427081, 0.0070841, 0.00497001, 0.00847839, 0.00873138, 0.0057288];
GivenLatency = [196.733, 202.095, 154.069, 219.73, 182.659, 235.057, 193.494, 220.331, 127.506, 233.171, 175.972, 178.746, 161.491, 121.968, 203.204, 209.419, 148.462, 163.051, 139.092, 179.978, 222.067, 251.582, 226.176, 120.331, 121.819, 150.779, 254.101, 279.803, 229.422, 138.655, 184.724, 143.219, 146.253, 127.926, 187.489, 139.612, 163.438, 198.508, 226.483, 149.692, 119.092, 151.977, 247.154, 243.512, 303.816, 216.272, 203.83, 173.03, 156.663, 281.792, 133.3, 209.117, 189.56, 151.249, 173.444, 305.201, 120.979, 184.693, 179.399, 213.233, 186.495, 233.543, 204.448, 271.291, 177.761, 289.229, 168.664, 139.884, 140.959, 119.052, 229.341, 139.052, 240.864, 283.616, 162.792, 124.749, 200.069, 194.651, 161.622, 121.706, 211.745, 328.263, 170.151, 114.326, 120.108, 151.795, 153.305, 200.576, 177.885, 191.913, 152.098, 155.349, 200.91, 147.904, 135.72, 170.731, 137.273, 194.671, 188.657, 193.079, 196.452, 192.087, 257.719, 325.32, 236.521, 146.351, 178.453, 172.106, 173.723, 274.547, 150.006, 267.759, 160.146, 160.522, 188.638, 189.152, 179.719, 213.146, 122.43, 219.277, 137.992, 118.479, 269.129, 144.728, 236.982, 137.176, 129.636, 169.033];
HighestPossibleCritFunctionValue = 1.1;
