NumDevices = 128;
NumSlotes = 1024;


GivenBandwidthOld = [0.00406709, 0.00125282, 0.00182403, 0.0020424, 0.00345694, 0.00263794, 0.00333985, 0.00347094, 0.00360778, 0.00347977, 0.00193587, 0.00367888, 0.00158897, 0.00150664, 0.00211594, 0.00201665, 0.00189805, 0.00248339, 0.00263521, 0.00126477, 0.00260853, 0.00276893, 0.00181092, 0.00363289, 0.00355486, 0.00146704, 0.00220917, 0.00331148, 0.00169276, 0.00204172, 0.00137577, 0.00260682, 0.00222802, 0.00133268, 0.00329535, 0.00245056, 0.0040927, 0.00349569, 0.00387851, 0.00368331, 0.00412024, 0.00395074, 0.00198972, 0.00240211, 0.00224504, 0.0029627, 0.00230714, 0.00298613, 0.00220087, 0.00434225, 0.00399938, 0.00375918, 0.00434601, 0.00159334, 0.00303125, 0.00426204, 0.00278085, 0.0021603, 0.00376946, 0.00198919, 0.00294794, 0.00410568, 0.00286107, 0.0035105, 0.00286663, 0.0031253, 0.00371556, 0.00237275, 0.00263075, 0.00433095, 0.00154028, 0.00194015, 0.00378743, 0.00402759, 0.00291913, 0.00430322, 0.00427059, 0.0027585, 0.00155332, 0.00229411, 0.00266128, 0.00185816, 0.00391897, 0.00235471, 0.00256086, 0.00156023, 0.00273878, 0.00137395, 0.00319071, 0.00314063, 0.00202619, 0.00286687, 0.00412941, 0.00181942, 0.00265694, 0.0040155, 0.00295572, 0.00360425, 0.00348863, 0.00394769, 0.0038179, 0.00375328, 0.00202897, 0.00285397, 0.00290981, 0.00397472, 0.00190155, 0.00189234, 0.00335618, 0.00290984, 0.00135753, 0.00227373, 0.00387142, 0.00320833, 0.00242906, 0.00213749, 0.00160925, 0.00158428, 0.00393106, 0.00251843, 0.0041801, 0.00361591, 0.00262641, 0.00337085, 0.00259321, 0.00157108, 0.00384923, 0.00211841];
GivenLatency = [101.453, 402.653, 257.198, 243.203, 155.869, 205.969, 155.91, 90.6883, 99.0695, 120.115, 206.337, 167.941, 199.003, 333.886, 162.082, 296.385, 254.632, 237.399, 136.248, 433.149, 252.112, 122.252, 257.189, 121.418, 99.4066, 221.436, 217.538, 123.538, 358.414, 156.864, 390.009, 157.627, 225.245, 396.762, 102.102, 242.88, 77.8846, 123.83, 91.018, 89.4527, 76.5228, 110.418, 177.305, 226.295, 168.166, 207.37, 254.268, 177.162, 256.74, 93.6518, 106.463, 125.002, 104.826, 374.762, 129.774, 141.14, 151.608, 172.725, 100.99, 212.692, 154.118, 124.035, 132.867, 111.192, 111.16, 111.538, 101.134, 141.267, 128.96, 86.0439, 266.239, 304.085, 98.1598, 161.575, 118.078, 89.0467, 107.196, 125.732, 404.34, 256.31, 161.154, 281.332, 86.365, 192.079, 165.698, 379.223, 118.989, 421.639, 111.966, 111.627, 164.295, 117.353, 121.853, 223.093, 147.164, 126.653, 132.921, 113.784, 99.2257, 80.1168, 92.0641, 100.609, 174.232, 209.982, 175.932, 89.9712, 194.579, 188.58, 114.064, 142.972, 272.979, 155.629, 122.5, 148.497, 133.351, 199.242, 273.417, 235.368, 110.329, 221.851, 123.445, 158.247, 221.896, 115.725, 172.891, 309.43, 110.143, 225.831];
HighestPossibleCritFunctionValue = 1.1;
