NumDevices = 32;
NumSlotes = 256;


GivenBandwidthOld = [0.0232942, 0.0157879, 0.017929, 0.022477, 0.0202383, 0.0153765, 0.02252, 0.0235531, 0.026695, 0.0326304, 0.0296485, 0.0319854, 0.0288019, 0.0234288, 0.0184686, 0.0320745, 0.0265041, 0.0248407, 0.0274526, 0.0266042, 0.0269015, 0.023525, 0.0150063, 0.0206308, 0.0315883, 0.0338005, 0.0349275, 0.0171946, 0.0189668, 0.0258352, 0.0227333, 0.0291444];
GivenLatency = [46.3237, 69.9524, 55.8433, 39.0907, 46.484, 54.2534, 45.6809, 37.8164, 43.4221, 26.8351, 30.33, 27.5182, 40.6722, 42.9815, 47.4222, 31.2907, 42.8133, 39.343, 42.5288, 35.5781, 33.3134, 35.4344, 56.1397, 47.0354, 27.1332, 26.486, 30.4606, 63.7361, 55.2904, 35.5966, 39.1311, 33.7689];
HighestPossibleCritFunctionValue = 1.1;
