NumDevices = 32;
NumSlotes = 256;


GivenBandwidthOld = [0.0204233, 0.0238375, 0.0276161, 0.0337634, 0.0321001, 0.0158299, 0.0238392, 0.0348007, 0.025009, 0.0169625, 0.0187172, 0.0295276, 0.020776, 0.0326017, 0.026402, 0.027611, 0.027914, 0.0199021, 0.0245934, 0.0312931, 0.032454, 0.0247648, 0.0323356, 0.015133, 0.0306349, 0.0313803, 0.0186032, 0.0331685, 0.0326785, 0.0174448, 0.0253273, 0.0254507];
GivenLatency = [53.0195, 38.2817, 39.5071, 30.2089, 31.5047, 64.7339, 35.7645, 31.3656, 36.7851, 49.9173, 47.5401, 37.3725, 51.0122, 34.4816, 38.1407, 32.3845, 33.6145, 43.5607, 37.3612, 30.2052, 31.7746, 39.2236, 29.0963, 76.5133, 32.1512, 28.2917, 50.3521, 28.373, 25.9963, 64.7985, 37.314, 37.6257];
HighestPossibleCritFunctionValue = 1.1;
