NumDevices = 64;
NumSlotes = 512;


GivenBandwidthOld = [0.00516185, 0.00268941, 0.00459987, 0.00750253, 0.00505527, 0.00511443, 0.00568552, 0.00397364, 0.00739801, 0.00458262, 0.0051459, 0.00343737, 0.00696214, 0.00401461, 0.00859556, 0.00686908, 0.00863096, 0.00812844, 0.00593045, 0.00808737, 0.00317291, 0.00578129, 0.007407, 0.00565268, 0.00835909, 0.00754011, 0.00536362, 0.00641821, 0.0058315, 0.00748248, 0.00560126, 0.00661138, 0.00874293, 0.00863853, 0.00407802, 0.00556769, 0.00498488, 0.00330545, 0.00853098, 0.00275614, 0.0073926, 0.00745003, 0.00398965, 0.00775165, 0.00448614, 0.00855545, 0.00776971, 0.00802595, 0.00844313, 0.00751452, 0.00653844, 0.00784094, 0.00521837, 0.00265083, 0.00624324, 0.00260084, 0.00350839, 0.00679524, 0.00503286, 0.00353982, 0.00370689, 0.0053677, 0.00620255, 0.0062616];
GivenLatency = [87.8233, 172.587, 79.4798, 44.9343, 127.638, 63.9785, 55.2167, 83.1097, 63.0294, 119.732, 97.7488, 111.523, 53.4445, 151.633, 46.7585, 76.3528, 67.5217, 63.4439, 57.7048, 53.6006, 121.441, 72.5192, 43.9721, 91.0133, 44.8051, 44.6509, 114.611, 65.2627, 68.7404, 84.0127, 115.169, 61.8177, 38.4711, 58.7231, 76.9451, 105.25, 66.1441, 153.523, 73.4058, 179.734, 57.0565, 45.8863, 79.6886, 65.3409, 138.159, 38.444, 54.9385, 39.4951, 40.188, 51.2101, 96.7891, 39.8267, 60.4062, 171.837, 102.832, 195.132, 135.495, 69.6356, 120.191, 105.153, 117.347, 63.1764, 55.1087, 76.6973];
HighestPossibleCritFunctionValue = 1.1;
