NumDevices = 16;
NumSlotes = 128;


GivenBandwidthOld = [0.0373037, 0.0636031, 0.0370067, 0.0308938, 0.0528348, 0.0537152, 0.0511543, 0.0497091, 0.0402747, 0.0363364, 0.0459019, 0.0527724, 0.0463087, 0.0510904, 0.0569734, 0.0513133];
GivenLatency = [26.144, 15.4668, 24.3257, 31.5641, 20.0908, 16.1261, 19.6387, 19.9339, 20.0629, 24.9459, 20.0958, 15.2491, 22.0196, 15.3042, 18.3454, 16.5573];
HighestPossibleCritFunctionValue = 1.1;
