NumDevices = 64;
NumSlotes = 512;


GivenBandwidthOld = [0.0077344, 0.0082697, 0.00504797, 0.00753025, 0.00842039, 0.00642476, 0.00346451, 0.00674201, 0.00425292, 0.00758375, 0.00761636, 0.00563801, 0.00547559, 0.0070638, 0.00622703, 0.00512995, 0.00404364, 0.00266834, 0.00684783, 0.00770191, 0.00595694, 0.00329665, 0.00423166, 0.00651861, 0.00583157, 0.00866666, 0.00809072, 0.00316916, 0.00537445, 0.00715135, 0.00272141, 0.00496216, 0.00270944, 0.00384726, 0.00840797, 0.00401735, 0.00458605, 0.00645044, 0.00371605, 0.00308117, 0.00768602, 0.00765195, 0.0038034, 0.00871026, 0.00334144, 0.00700174, 0.00704215, 0.00493811, 0.00482525, 0.00798991, 0.00261059, 0.00496359, 0.00803438, 0.00634792, 0.00580224, 0.00327098, 0.00403403, 0.00364597, 0.00663013, 0.00505125, 0.00633802, 0.00817831, 0.0065284, 0.00789414];
GivenLatency = [54.4987, 52.2221, 81.2828, 46.865, 55.7562, 54.3286, 93.1892, 49.034, 95.0099, 77.4187, 49.9148, 87.4075, 75.7786, 58.565, 100.644, 63.6026, 97.0187, 146.734, 73.6022, 65.7096, 55.7142, 119.441, 146.069, 68.5456, 107.779, 43.6585, 45.6279, 121.184, 84.0935, 51.9185, 170.734, 73.0912, 146.564, 148.088, 45.2594, 79.4868, 110.235, 47.885, 118.719, 114.998, 41.7998, 54.2328, 114.696, 67.744, 113.723, 90.9806, 54.0265, 104.223, 89.2985, 63.0776, 165.563, 75.2979, 74.5082, 95.4072, 55.8418, 97.258, 84.7839, 89.7317, 47.9061, 103.358, 75.5483, 71.934, 94.8046, 52.943];
HighestPossibleCritFunctionValue = 1.1;
