NumDevices = 32;
NumSlotes = 256;


GivenBandwidthOld = [0.028324, 0.0259854, 0.0217103, 0.0200421, 0.0326195, 0.021492, 0.0265291, 0.0353613, 0.0278895, 0.0238504, 0.0390957, 0.0158141, 0.0218815, 0.021901, 0.0248008, 0.0372031, 0.032266, 0.0301132, 0.0225056, 0.0367434, 0.03062, 0.0398897, 0.0355457, 0.0268684, 0.0367085, 0.0205658, 0.0344788, 0.0202792, 0.0167103, 0.0347704, 0.0212852, 0.0256533];
GivenLatency = [59.246, 95.5454, 111.32, 111.979, 56.934, 107.627, 73.6016, 51.5099, 84.1504, 80.3327, 55.9992, 106.538, 105.861, 90.8947, 94.4249, 51.999, 59.4932, 77.0949, 91.9659, 52.9559, 68.7535, 56.365, 50.6877, 81.321, 51.997, 94.6212, 62.8776, 96.9801, 120.62, 60.2776, 98.5729, 95.6238];
HighestPossibleCritFunctionValue = 1.1;
