NumDevices = 16;
NumSlotes = 128;


GivenBandwidthOld = [0.0639266, 0.0339591, 0.0503499, 0.0513298, 0.039298, 0.0608866, 0.0607483, 0.057089, 0.0341594, 0.0566006, 0.0670144, 0.050974, 0.059527, 0.0508741, 0.0603344, 0.0607703];
GivenLatency = [14.0525, 31.3742, 21.8786, 21.0364, 21.2857, 15.8913, 16.5827, 17.6914, 28.6336, 17.8323, 12.0273, 19.9813, 15.7827, 16.5869, 15.797, 17.5629];
HighestPossibleCritFunctionValue = 1.1;
