NumDevices = 64;
NumSlotes = 512;


GivenBandwidthOld = [0.0147434, 0.0168297, 0.0109843, 0.00834571, 0.0112934, 0.012842, 0.0103108, 0.00937464, 0.0145832, 0.0150799, 0.0135951, 0.00838113, 0.016597, 0.0107979, 0.0150854, 0.0150387, 0.0111593, 0.00940574, 0.0172853, 0.008798, 0.0129302, 0.0123369, 0.0119122, 0.0136629, 0.00798189, 0.0165436, 0.0140048, 0.0142548, 0.0155852, 0.0158642, 0.0147906, 0.0102544, 0.0101704, 0.00938527, 0.0132411, 0.00761558, 0.0100965, 0.0168246, 0.0166071, 0.0110364, 0.0145301, 0.0115587, 0.0121369, 0.00973255, 0.00998956, 0.00952632, 0.0139423, 0.013413, 0.0170093, 0.0101723, 0.0113538, 0.00827505, 0.0137873, 0.0174634, 0.0118146, 0.0135747, 0.0151212, 0.0168163, 0.0171736, 0.0109028, 0.00833852, 0.0104329, 0.0102949, 0.0113336];
GivenLatency = [79.6386, 59.7481, 82.7978, 112.65, 89.3913, 74.6341, 107.979, 100.971, 83.3783, 82.336, 79.5954, 121.047, 65.0007, 92.5121, 72.4653, 82.9947, 82.5082, 104.337, 63.978, 105.537, 76.1553, 96.7497, 77.3223, 69.7457, 117.822, 59.986, 75.5036, 69.5761, 75.712, 73.6106, 65.6639, 101.671, 118.439, 131.032, 90.4842, 153.37, 101.745, 57.6835, 67.1035, 89.7346, 72.0823, 93.8256, 88.9572, 94.8467, 97.7792, 95.6845, 72.1782, 85.4588, 65.1457, 117.418, 86.6729, 117.555, 70.4242, 61.7341, 78.5161, 71.7282, 69.0122, 56.73, 60.0783, 104.504, 111.4, 90.5719, 89.4289, 91.4135];
HighestPossibleCritFunctionValue = 1.1;
