NumDevices = 32;
NumSlotes = 256;


GivenBandwidthOld = [0.0159729, 0.0267864, 0.0286467, 0.0343022, 0.0268242, 0.0250524, 0.025837, 0.0318496, 0.0265468, 0.0227521, 0.0250822, 0.0268002, 0.0209458, 0.0263147, 0.0217555, 0.0348081, 0.0298709, 0.0308345, 0.0260275, 0.0337323, 0.0292817, 0.0274604, 0.016209, 0.0153039, 0.0227727, 0.0303639, 0.0167377, 0.020093, 0.0335859, 0.0282162, 0.0192611, 0.0320175];
GivenLatency = [58.1895, 34.511, 30.4697, 24.5713, 37.0569, 36.2806, 42.3215, 28.5424, 36.2728, 39.0372, 37.8177, 36.0475, 54.2982, 42.9941, 40.0689, 27.4178, 33.4583, 32.894, 40.2064, 27.942, 39.3215, 32.6549, 52.4647, 65.4388, 42.3289, 35.3887, 51.5525, 47.84, 27.1118, 40.9923, 48.6128, 26.6854];
HighestPossibleCritFunctionValue = 1.1;
