NumDevices = 32;
NumSlotes = 256;


GivenBandwidthOld = [0.0283563, 0.0343802, 0.0173941, 0.0321809, 0.0337646, 0.0323999, 0.0159141, 0.0178118, 0.0323399, 0.0260141, 0.0289208, 0.0221018, 0.0152529, 0.0262076, 0.0203413, 0.0264205, 0.0194085, 0.0292094, 0.0323509, 0.0323131, 0.0170605, 0.0263035, 0.0321663, 0.0281823, 0.0291918, 0.0174058, 0.0287062, 0.0344399, 0.0207398, 0.0234358, 0.0347696, 0.0220216];
GivenLatency = [33.0637, 26.1402, 57.8792, 27.5989, 33.8098, 28.5244, 52.5958, 52.1711, 29.5865, 32.6008, 39.6139, 45.2248, 62.5229, 37.3115, 56.0573, 36.7573, 46.5828, 34.4736, 30.9331, 27.7661, 59.6928, 33.3859, 32.8959, 34.043, 32.3826, 62.43, 38.1134, 29.9919, 43.2083, 36.7639, 30.7341, 39.1648];
HighestPossibleCritFunctionValue = 1.1;
