NumDevices = 32;
NumSlotes = 256;


GivenBandwidthOld = [0.0158785, 0.0151913, 0.0152525, 0.00689603, 0.00905816, 0.0104404, 0.0174392, 0.00839966, 0.00560231, 0.0154723, 0.0132315, 0.0142626, 0.00589813, 0.0123192, 0.00554075, 0.00583608, 0.00706121, 0.010175, 0.00677051, 0.0119923, 0.0123072, 0.0163783, 0.0150721, 0.0119439, 0.0117933, 0.0167258, 0.0171902, 0.0113289, 0.0127755, 0.0131181, 0.00835959, 0.00708747];
GivenLatency = [22.3995, 20.8852, 22.301, 51.4342, 38.9686, 55.8665, 25.4481, 48.9113, 62.8815, 32.647, 40.1753, 29.1448, 57.9068, 35.1158, 74.819, 64.8868, 72.0233, 57.399, 63.6022, 43.5255, 27.086, 28.4067, 20.3508, 33.6805, 27.7246, 35.4235, 19.1201, 53.7437, 35.947, 24.2175, 41.9708, 49.9041];
HighestPossibleCritFunctionValue = 1.1;
