NumDevices = 128;
NumSlotes = 1024;


GivenBandwidthOld = [0.00350249, 0.00253572, 0.00414833, 0.004156, 0.00178211, 0.00386886, 0.00385771, 0.00401492, 0.00258136, 0.00240945, 0.00371623, 0.00436179, 0.00421546, 0.00430138, 0.00138153, 0.00245826, 0.00225646, 0.00431742, 0.00221674, 0.00229631, 0.00213099, 0.00184068, 0.00386462, 0.00143226, 0.00201399, 0.00415465, 0.00415657, 0.00196945, 0.00234658, 0.00327417, 0.00267095, 0.00196172, 0.00379605, 0.00201937, 0.00388722, 0.00305752, 0.00209438, 0.00219014, 0.00212618, 0.00225664, 0.00422117, 0.00339364, 0.00433346, 0.00311548, 0.00130677, 0.00220123, 0.00427971, 0.00279152, 0.00324311, 0.00259047, 0.00237655, 0.00386121, 0.00354458, 0.00373665, 0.00378035, 0.00383524, 0.00138632, 0.00178717, 0.00126801, 0.00399754, 0.00415296, 0.00387354, 0.00128632, 0.00232941, 0.00219172, 0.00372708, 0.00232843, 0.00135818, 0.00385234, 0.00128232, 0.00376341, 0.00349573, 0.00150869, 0.0020967, 0.00357504, 0.00313863, 0.00278343, 0.00178585, 0.00410946, 0.00391853, 0.0042919, 0.00146284, 0.00343101, 0.00127763, 0.00311498, 0.00214374, 0.00351759, 0.00332106, 0.00327978, 0.00331484, 0.00192163, 0.00180957, 0.00287706, 0.00349244, 0.00242232, 0.00125458, 0.00315819, 0.00344758, 0.00161641, 0.00329967, 0.0031285, 0.00131646, 0.00255663, 0.00242117, 0.00391868, 0.00369575, 0.00378852, 0.00367821, 0.00285994, 0.00332377, 0.00196232, 0.00139018, 0.00411479, 0.00293532, 0.00136501, 0.00300853, 0.00372845, 0.00336099, 0.00251458, 0.00187901, 0.00419392, 0.00160824, 0.00337589, 0.00290222, 0.0012799, 0.00379971, 0.00420681, 0.00257825];
GivenLatency = [109.487, 136.249, 134.209, 84.1076, 209.454, 166.97, 121.165, 99.773, 135.44, 263.897, 135.756, 102.125, 114.799, 109.784, 472.582, 152, 189.245, 117.484, 153.1, 211.576, 303.582, 198.158, 118.882, 256.932, 231.355, 117.689, 80.0289, 275.716, 209.309, 182.611, 128.158, 195.282, 157.206, 181.182, 85.0304, 131.617, 181.415, 175.292, 304.705, 179.661, 146.725, 144.359, 99.9128, 122.187, 249.587, 146.325, 122.132, 151.466, 159.969, 234.119, 224.988, 95.7256, 90.0136, 96.1262, 99.7001, 86.6762, 369.026, 201.776, 406.077, 99.972, 103.833, 97.0409, 428.162, 240.816, 167.855, 176.113, 141.647, 348.151, 94.8901, 422.127, 119.615, 154.654, 326.301, 192.489, 111.105, 193.412, 135.102, 326.114, 105.171, 86.1091, 91.3309, 270.964, 107.437, 357.454, 161.731, 194.845, 118.261, 121.709, 177.125, 121.435, 224.309, 338.487, 140.677, 134.134, 208.109, 249.251, 184.955, 120.909, 274.778, 109.243, 176.926, 294.064, 245.508, 227.174, 143.101, 89.7917, 108.006, 96.5981, 111.456, 117.355, 240.576, 225.4, 96.6297, 162.5, 397.802, 151.796, 88.505, 116.458, 145.004, 200.595, 95.9794, 205.683, 162.276, 167.991, 445, 108.669, 146.631, 129.926];
HighestPossibleCritFunctionValue = 1.1;
