NumDevices = 64;
NumSlotes = 512;


GivenBandwidthOld = [0.0110336, 0.0167229, 0.016926, 0.00969442, 0.0091612, 0.0173028, 0.0139054, 0.0133155, 0.00865593, 0.0152931, 0.0166583, 0.0104185, 0.00894877, 0.0168995, 0.0147634, 0.0130208, 0.0158347, 0.00924303, 0.0126768, 0.0141734, 0.0171002, 0.00778812, 0.0099226, 0.0141413, 0.00791867, 0.0141572, 0.015353, 0.0127082, 0.0119253, 0.0142607, 0.0139012, 0.0132895, 0.0121888, 0.0120091, 0.0121219, 0.0075278, 0.0147666, 0.00801859, 0.0134411, 0.00918738, 0.0172299, 0.0174148, 0.0158527, 0.011597, 0.0152156, 0.0130163, 0.00922475, 0.0152962, 0.00885944, 0.015627, 0.00844333, 0.0120009, 0.0142879, 0.0110873, 0.00919086, 0.0158067, 0.00856707, 0.011667, 0.0114419, 0.00824234, 0.0139943, 0.017007, 0.0122129, 0.0167737];
GivenLatency = [99.0256, 70.9752, 67.9673, 97.8605, 135.042, 55.6169, 73.6328, 86.7521, 136.108, 63.6994, 63.5689, 115.042, 120.633, 54.0221, 65.6215, 88.5558, 64.0496, 103.635, 76.6497, 67.3294, 63.4914, 124.683, 119.15, 76.4147, 121.158, 71.0322, 65.2221, 73.1219, 97.6837, 70.2545, 69.5914, 90.3623, 86.6994, 86.1804, 80.0658, 130.043, 63.6723, 139.386, 69.6889, 100.433, 53.5414, 60.2328, 63.4237, 86.4402, 80.3572, 82.1929, 123.645, 61.8701, 105.785, 76.6129, 128.228, 103.816, 63.6462, 105.111, 106.28, 74.3775, 111.245, 81.5734, 103.527, 111.78, 79.9355, 53.6821, 75.1146, 70.5805];
HighestPossibleCritFunctionValue = 1.1;
