NumDevices = 16;
NumSlotes = 128;


GivenBandwidthOld = [0.0566715, 0.0484445, 0.0767688, 0.0734197, 0.0346771, 0.038634, 0.0407907, 0.0398221, 0.0598114, 0.0705352, 0.0551989, 0.0483211, 0.0519306, 0.0679811, 0.0777772, 0.0713374];
GivenLatency = [32.763, 30.4615, 17.9526, 20.6504, 47.2367, 35.3332, 47.1926, 43.7508, 22.798, 22.5416, 31.2828, 31.2683, 27.9168, 23.3196, 22.0655, 19.8607];
HighestPossibleCritFunctionValue = 1.1;
