NumDevices = 32;
NumSlotes = 256;


GivenBandwidthOld = [0.0226293, 0.015827, 0.0387318, 0.0248966, 0.0226063, 0.0295309, 0.0354117, 0.0246123, 0.0182661, 0.0327157, 0.0376792, 0.0335079, 0.0268831, 0.0339099, 0.0336808, 0.0325041, 0.030751, 0.017841, 0.038942, 0.0334196, 0.0179409, 0.0169757, 0.01975, 0.0232903, 0.0253998, 0.0294397, 0.0283508, 0.0271836, 0.035023, 0.0163621, 0.0328413, 0.0238153];
GivenLatency = [95.1493, 120.199, 54.1014, 73.9155, 105.108, 66.4802, 51.8091, 83.4722, 130.574, 58.5459, 64.5997, 57.3623, 70.6315, 70.875, 57.8752, 55.541, 56.967, 101.497, 49.8997, 54.1098, 129.967, 145.825, 126.194, 90.8248, 78.3955, 65.717, 60.6215, 77.3539, 65.3825, 136.845, 66.9119, 79.6076];
HighestPossibleCritFunctionValue = 1.1;
