NumDevices = 16;
NumSlotes = 128;


GivenBandwidthOld = [0.0551437, 0.0702643, 0.0523593, 0.0721712, 0.0511461, 0.0327496, 0.043182, 0.0796554, 0.0378422, 0.0346372, 0.0674774, 0.0625383, 0.050933, 0.0508282, 0.0398771, 0.035008];
GivenLatency = [30.3196, 21.0776, 29.1004, 25.0262, 34.3374, 43.2514, 33.6837, 18.4455, 38.6815, 53.3368, 20.5598, 22.8794, 26.366, 28.6961, 37.9784, 46.6533];
HighestPossibleCritFunctionValue = 1.1;
