NumDevices = 64;
NumSlotes = 512;


GivenBandwidthOld = [0.0114472, 0.0113098, 0.0142748, 0.00857798, 0.0126113, 0.012358, 0.0178467, 0.0161855, 0.00930422, 0.0185106, 0.0127648, 0.0179448, 0.0164909, 0.0171166, 0.00837393, 0.0081703, 0.01077, 0.0155762, 0.0183535, 0.00968019, 0.0124629, 0.0195993, 0.0102705, 0.00929551, 0.00964684, 0.0144063, 0.0189075, 0.0091131, 0.0188816, 0.0107577, 0.0097488, 0.0156113, 0.00974565, 0.0126803, 0.0108096, 0.0186005, 0.0104367, 0.0146992, 0.0163787, 0.019315, 0.018983, 0.0148366, 0.0140402, 0.0154675, 0.0167107, 0.0117998, 0.0124092, 0.0170745, 0.0139254, 0.0122282, 0.0123411, 0.00987713, 0.00992693, 0.0093904, 0.0169727, 0.0146461, 0.0112629, 0.0129634, 0.0188142, 0.0144629, 0.00861029, 0.0182127, 0.0176766, 0.00800892];
GivenLatency = [255.637, 285.987, 189.799, 282.691, 225.152, 195.872, 170.945, 205.575, 275.436, 125.339, 185.11, 161.834, 169.374, 175.746, 322.083, 346.179, 305.569, 152.239, 156.198, 274.122, 252.221, 115.63, 220.023, 281.601, 253.153, 161.963, 167.657, 350.662, 136.221, 220.019, 230.548, 170.76, 305.897, 186.028, 231.082, 140.99, 270.214, 159.06, 184.549, 124.352, 119.293, 158.422, 208.669, 178.124, 161.61, 236.119, 225.829, 138.619, 165.18, 195.904, 208.915, 268.315, 241.603, 253.537, 161.989, 196.367, 283.649, 195.225, 146.129, 161.983, 372.388, 122.314, 134.562, 375.718];
HighestPossibleCritFunctionValue = 1.1;
