NumDevices = 16;
NumSlotes = 128;


GivenBandwidthOld = [0.0570092, 0.0734407, 0.0382893, 0.0487085, 0.0637989, 0.0388802, 0.0790473, 0.0673358, 0.0321054, 0.0657883, 0.0740336, 0.0526094, 0.0761677, 0.0697726, 0.038629, 0.0578132];
GivenLatency = [32.8697, 21.6988, 36.2128, 35.0592, 21.2763, 36.5352, 22.8778, 20.6991, 42.4216, 29.3328, 21.2167, 37.5549, 19.0238, 27.092, 48.7732, 27.2867];
HighestPossibleCritFunctionValue = 1.1;
