NumDevices = 16;
NumSlotes = 128;


GivenBandwidthOld = [0.0611615, 0.0410977, 0.0689917, 0.0435608, 0.0657645, 0.0445058, 0.0692701, 0.0429673, 0.0512936, 0.0312201, 0.0556375, 0.0394108, 0.038093, 0.0495707, 0.0349013, 0.0466312];
GivenLatency = [18.0112, 20.4804, 15.3799, 17.9935, 12.1114, 17.3639, 14.8737, 17.9982, 21.4002, 30.838, 14.4179, 21.3401, 21.6187, 15.5213, 23.1078, 20.8667];
HighestPossibleCritFunctionValue = 1.1;
