NumDevices = 128;
NumSlotes = 1024;


GivenBandwidthOld = [0.00599795, 0.00497224, 0.00601064, 0.00832126, 0.007946, 0.00597379, 0.00396427, 0.00504047, 0.00769215, 0.00445097, 0.0049561, 0.00467707, 0.00501346, 0.00869002, 0.00575261, 0.00669535, 0.00616578, 0.00583592, 0.00675215, 0.00596769, 0.00646376, 0.00396365, 0.00457435, 0.00852344, 0.00600965, 0.00672118, 0.00537815, 0.00808317, 0.00639521, 0.00675539, 0.00540478, 0.00570297, 0.00734271, 0.00643195, 0.00431999, 0.00852608, 0.00525372, 0.0068028, 0.00716361, 0.00630221, 0.00380558, 0.00792234, 0.00826439, 0.00711469, 0.00418067, 0.00698475, 0.00518196, 0.00575773, 0.00770319, 0.00503089, 0.00674615, 0.00508368, 0.00385939, 0.00734712, 0.00553832, 0.00498605, 0.0079789, 0.00391613, 0.00588424, 0.00400191, 0.00759945, 0.00643099, 0.00812641, 0.00803094, 0.00850354, 0.00652159, 0.00580884, 0.00675499, 0.00855495, 0.00554234, 0.00767459, 0.00437024, 0.00811462, 0.00497222, 0.0056295, 0.00743098, 0.00496681, 0.00471236, 0.00819981, 0.0067281, 0.00661934, 0.00873926, 0.00822114, 0.00513304, 0.00846228, 0.00811271, 0.00774026, 0.00803356, 0.00758416, 0.0044365, 0.00677715, 0.00606602, 0.00412157, 0.00874668, 0.00800739, 0.00769235, 0.00784714, 0.00446389, 0.00705058, 0.0066517, 0.00770503, 0.00590193, 0.00623611, 0.00772102, 0.00471827, 0.00738742, 0.0078592, 0.00700426, 0.00806594, 0.00679599, 0.00766535, 0.00411155, 0.00528491, 0.00592908, 0.00747066, 0.00691576, 0.00561915, 0.00855559, 0.00622737, 0.00595523, 0.00709242, 0.00479373, 0.00577077, 0.00684822, 0.00556371, 0.00681016, 0.0059234, 0.00702292];
GivenLatency = [177.485, 239.178, 169.886, 118.295, 158.654, 176.375, 272.657, 199.412, 153.894, 274.466, 220.533, 253.009, 205.679, 121.95, 187.5, 149.919, 155.048, 177.388, 157.929, 206.059, 169.814, 278.089, 223.378, 118.781, 187.178, 179.786, 179.296, 148.874, 177.792, 172.325, 234.241, 219.439, 131.811, 164.55, 227.391, 119.006, 193.882, 165.368, 134.273, 174.228, 300.49, 148.664, 115.442, 166.399, 251.94, 157.969, 237.125, 204.779, 132.649, 199.094, 158.539, 201.703, 290.873, 142.316, 215.555, 197.544, 157.433, 323.926, 213.155, 247.892, 152.005, 171.124, 141.322, 148.668, 133.611, 152.238, 211.406, 183.511, 144.122, 204.851, 136.484, 295.905, 136.042, 219.532, 177.638, 172.074, 202.899, 227.044, 143.241, 163.78, 169.574, 117.477, 155.709, 228.374, 129.231, 127.117, 126.301, 154.572, 163.94, 233.086, 178.183, 167.417, 295.824, 130.579, 160.206, 136.718, 129.385, 276.947, 160.113, 161.105, 127.019, 202.633, 157.139, 126.994, 254.462, 140.396, 124.263, 165.869, 123.468, 149.447, 139.551, 294.18, 222.418, 160.735, 148.366, 144.747, 175.843, 138.147, 182.916, 186.528, 150.945, 235.505, 173.817, 148.252, 196.332, 140.873, 166.261, 157.818];
HighestPossibleCritFunctionValue = 1.1;
