NumDevices = 64;
NumSlotes = 512;


GivenBandwidthOld = [0.0073597, 0.00455295, 0.00643694, 0.00807799, 0.00797323, 0.00355199, 0.0082309, 0.00295758, 0.00548828, 0.00771443, 0.00384388, 0.00788206, 0.00260438, 0.00675152, 0.00773403, 0.00834019, 0.0085989, 0.00670798, 0.00724247, 0.00298328, 0.00626496, 0.00523916, 0.0083941, 0.00837411, 0.00372305, 0.00823517, 0.00604362, 0.00385064, 0.00270286, 0.00565946, 0.00351349, 0.00489341, 0.00355245, 0.00353946, 0.00399725, 0.00430836, 0.0081673, 0.00278583, 0.00643624, 0.00269409, 0.00830115, 0.00874054, 0.00605979, 0.00695916, 0.0039078, 0.00714242, 0.00269226, 0.00252479, 0.00661456, 0.00591333, 0.00779695, 0.0033532, 0.0046566, 0.00473748, 0.00790508, 0.00817385, 0.00666116, 0.00787432, 0.00365803, 0.00297308, 0.00358612, 0.00695557, 0.00594421, 0.0080179];
GivenLatency = [66.7234, 87.1917, 93.055, 72.6891, 38.7625, 121.247, 74.1599, 144.626, 57.8506, 61.6828, 117.056, 63.2481, 194.027, 55.403, 57.3588, 37.3018, 49.8945, 79.7961, 45.5053, 113.842, 98.4396, 77.3968, 69.3879, 41.2257, 135.946, 62.3344, 92.8997, 99.0429, 125.89, 87.853, 164.362, 71.248, 109.771, 106.27, 80.0961, 124.431, 48.9092, 131.876, 76.9752, 209.568, 47.6051, 43.244, 92.2766, 75.0683, 109.662, 77.6405, 232.722, 223.043, 48.764, 68.4872, 49.2779, 143.959, 90.4651, 80.2713, 55.7207, 43.2138, 83.8731, 50.5916, 89.2825, 109.549, 105.438, 56.1025, 93.5348, 49.556];
HighestPossibleCritFunctionValue = 1.1;
