NumDevices = 64;
NumSlotes = 512;


GivenBandwidthOld = [0.00704932, 0.00670045, 0.00574942, 0.00291986, 0.00288792, 0.00349728, 0.00745676, 0.00456552, 0.00518585, 0.00615655, 0.00807712, 0.00586379, 0.00653497, 0.00574849, 0.00612288, 0.00471599, 0.0029698, 0.00470282, 0.00660799, 0.0079992, 0.00261449, 0.00805287, 0.0045448, 0.00703085, 0.00866533, 0.00449247, 0.00869301, 0.00715439, 0.00383308, 0.00754518, 0.0031371, 0.00401381, 0.00765534, 0.0045255, 0.00761116, 0.00575689, 0.00350364, 0.00822669, 0.00720348, 0.00390301, 0.00793925, 0.00754248, 0.00774142, 0.00755436, 0.00732474, 0.0044828, 0.00866564, 0.00334047, 0.00326398, 0.0052662, 0.00654589, 0.00796404, 0.00541409, 0.00453876, 0.0053961, 0.00846306, 0.00487991, 0.00796639, 0.0073357, 0.00741608, 0.00829413, 0.00314381, 0.00427394, 0.0046119];
GivenLatency = [78.3621, 82.7795, 92.213, 139.287, 118.56, 123.31, 80.4572, 82.9032, 100.892, 61.8433, 65.3615, 66.1259, 48.5145, 77.6649, 88.0777, 107.861, 129.786, 77.276, 83.9437, 39.4148, 124.76, 63.9536, 92.994, 88.3224, 46.3228, 84.0074, 69.7716, 88.1314, 105.941, 43.6094, 175.138, 158.756, 43.0779, 114.442, 76.1134, 62.1305, 117.287, 48.6059, 65.8768, 105.149, 46.4831, 57.664, 80.9454, 41.0524, 45.1943, 141.355, 39.5431, 128.269, 149.2, 106.812, 49.5843, 44.1389, 80.6748, 80.1024, 59.0304, 60.169, 63.5488, 75.5424, 42.1103, 61.783, 64.915, 192.349, 74.3068, 113.159];
HighestPossibleCritFunctionValue = 1.1;
