NumDevices = 128;
NumSlotes = 1024;


GivenBandwidthOld = [0.00829404, 0.00662708, 0.00882944, 0.00518947, 0.00949475, 0.00575787, 0.00627982, 0.00999898, 0.00529084, 0.00691821, 0.00806969, 0.00480773, 0.00602063, 0.00998766, 0.00881355, 0.0068386, 0.00761122, 0.00550027, 0.00801625, 0.00657122, 0.0075181, 0.00921654, 0.00488138, 0.00629801, 0.00934277, 0.00769891, 0.00430729, 0.00769274, 0.0068872, 0.00569444, 0.00891554, 0.00851788, 0.00631718, 0.00652749, 0.00377562, 0.00927877, 0.0070142, 0.00891408, 0.00897336, 0.00529922, 0.00406389, 0.00426407, 0.00629654, 0.00976748, 0.00832303, 0.00637027, 0.00511287, 0.00946377, 0.00391442, 0.00463034, 0.00587787, 0.00439682, 0.00616593, 0.00828342, 0.00940695, 0.00514207, 0.00657627, 0.00484797, 0.00733589, 0.00930105, 0.00647823, 0.0071897, 0.00846403, 0.00752036, 0.00963016, 0.00664326, 0.00571805, 0.00574279, 0.00908567, 0.00537309, 0.00798527, 0.00468546, 0.00724245, 0.00760416, 0.00566008, 0.00652285, 0.0070584, 0.00796317, 0.00831636, 0.00683516, 0.00598815, 0.00788362, 0.00876061, 0.00458945, 0.00608515, 0.00689334, 0.0088362, 0.00629103, 0.00465776, 0.00424326, 0.00650754, 0.00590244, 0.00476471, 0.00790163, 0.0051725, 0.00547574, 0.00830294, 0.00632728, 0.00756915, 0.00474816, 0.00479033, 0.00724594, 0.00381568, 0.0075844, 0.00472116, 0.00730212, 0.00416623, 0.00551089, 0.00532887, 0.00862082, 0.00519171, 0.00953457, 0.00619614, 0.00985066, 0.00637207, 0.00413243, 0.00619586, 0.00514374, 0.00957995, 0.00642406, 0.00915684, 0.00768777, 0.0046698, 0.00665978, 0.0084374, 0.0098425, 0.00658669, 0.00506971];
GivenLatency = [419.99, 564.638, 422.068, 698.586, 436.974, 582.674, 547.212, 354.574, 793.391, 565.12, 437.536, 879.426, 731.803, 407.6, 551.654, 511.357, 503.45, 871.44, 481.755, 629.602, 515.766, 536.577, 922.104, 643.995, 414.213, 615.406, 1100.39, 446.548, 678.559, 763.598, 499.963, 475.56, 533.378, 584.307, 913.623, 500.187, 632.234, 438.227, 476.519, 708.981, 961.047, 1047.2, 551.808, 383.376, 579.851, 736.556, 928.421, 458.919, 1189.03, 1039.23, 714.216, 1095.7, 632.118, 489.227, 427.34, 697.485, 582.298, 697.536, 480.778, 478.565, 558.289, 630.283, 404.014, 592.527, 409.379, 595.272, 701.551, 865.787, 533.353, 864.279, 423.243, 1011.52, 665.31, 562.804, 612.531, 629.955, 496.241, 501.647, 535.384, 524.371, 688.892, 537.698, 464.502, 806.005, 762.026, 703.277, 468.983, 753.28, 720.727, 808.999, 721.958, 670.892, 1029.36, 436.273, 773.009, 751.715, 507.052, 659.629, 585.983, 718.902, 863.204, 561.919, 1160.16, 515.678, 856.648, 546.339, 851.47, 839.793, 658.805, 417.335, 951.063, 416.501, 608.885, 397.375, 708.415, 977.839, 586.138, 782.639, 446.41, 768.988, 519.442, 593.343, 878.998, 672.501, 482.496, 388.985, 546.534, 973.785];
HighestPossibleCritFunctionValue = 1.1;
