NumDevices = 64;
NumSlotes = 512;


GivenBandwidthOld = [0.00398053, 0.0044456, 0.00842688, 0.00301217, 0.00427554, 0.00652263, 0.00456767, 0.00375426, 0.00791854, 0.00312485, 0.00439552, 0.00430613, 0.00808062, 0.00851505, 0.00367854, 0.00390333, 0.00701573, 0.00469476, 0.00855611, 0.00623445, 0.00496714, 0.00524953, 0.00759934, 0.00718806, 0.00716099, 0.00847569, 0.00461916, 0.00675781, 0.00734805, 0.00866896, 0.0028825, 0.00623276, 0.00781667, 0.00345758, 0.00283856, 0.00523964, 0.00392048, 0.00777485, 0.00698376, 0.00474453, 0.00756374, 0.00256267, 0.00585304, 0.00711275, 0.00393809, 0.00378467, 0.00650491, 0.00674619, 0.00570149, 0.00370239, 0.00483125, 0.00262973, 0.00788177, 0.00386707, 0.00386813, 0.00296499, 0.00516019, 0.00600665, 0.00758499, 0.00335482, 0.00693536, 0.00387595, 0.00303306, 0.00534211];
GivenLatency = [88.3915, 77.5677, 37.018, 123.754, 96.8903, 74.025, 85.172, 112.585, 66.2596, 116.071, 94.696, 81.5103, 39.9833, 46.5932, 87.8443, 79.8464, 82.7316, 131.112, 56.699, 87.86, 70.938, 66.4482, 63.7445, 46.3978, 55.6388, 50.7156, 79.8273, 55.351, 54.2049, 48.0154, 143.788, 90.8447, 53.5189, 122.456, 116.041, 90.0332, 133.08, 41.0261, 54.4023, 87.5641, 44.8059, 240.508, 80.0645, 49.1096, 136.518, 144.255, 73.6065, 85.9194, 79.5508, 119.632, 76.752, 131.967, 39.274, 135.696, 126.33, 132.422, 61.434, 76.7544, 45.1678, 147.323, 86.3048, 156.373, 126.092, 73.6335];
HighestPossibleCritFunctionValue = 1.1;
