NumDevices = 32;
NumSlotes = 256;


GivenBandwidthOld = [0.0263306, 0.0229785, 0.0352556, 0.0264076, 0.0171061, 0.036618, 0.0244479, 0.031474, 0.0182877, 0.0214374, 0.0334031, 0.0158009, 0.0257828, 0.0169055, 0.0155363, 0.0281174, 0.0297447, 0.0290938, 0.0397514, 0.0360311, 0.0344893, 0.0216002, 0.0196931, 0.0176347, 0.0209723, 0.0170217, 0.0178945, 0.0382098, 0.0278141, 0.0323533, 0.022029, 0.0256933];
GivenLatency = [65.5659, 77.7062, 62.4249, 81.9465, 144.07, 51.8934, 82.2402, 54.9086, 92.5793, 80.0045, 61.1151, 117.152, 84.7182, 109.162, 122.837, 66.5357, 83.9289, 58.5988, 53.744, 47.3564, 52.8987, 84.7306, 90.947, 98.4119, 105.903, 137.221, 134.735, 48.8701, 88.2617, 70.0741, 83.4262, 94.1518];
HighestPossibleCritFunctionValue = 1.1;
