NumDevices = 64;
NumSlotes = 512;


GivenBandwidthOld = [0.0161688, 0.017227, 0.0148063, 0.0174779, 0.0183066, 0.00883119, 0.0182939, 0.00883538, 0.0137794, 0.00788607, 0.00865189, 0.0172717, 0.0153071, 0.00904764, 0.0186774, 0.0165175, 0.0140029, 0.0134422, 0.016238, 0.0177015, 0.0147899, 0.0168148, 0.0107944, 0.013711, 0.00781979, 0.0197307, 0.0191828, 0.0109481, 0.0104917, 0.0140116, 0.00998377, 0.0146486, 0.0159247, 0.0142588, 0.0155256, 0.0190211, 0.0181333, 0.00919329, 0.0165808, 0.0165684, 0.00760972, 0.0140985, 0.00897458, 0.0157742, 0.00931276, 0.0120722, 0.0156625, 0.0194416, 0.00992204, 0.0147018, 0.0103905, 0.012855, 0.0094025, 0.00781974, 0.0189189, 0.0129258, 0.0107861, 0.0120068, 0.0152299, 0.0109422, 0.00994575, 0.013182, 0.0167391, 0.014505];
GivenLatency = [157.285, 141.567, 161.671, 133.973, 173.345, 295.278, 156.383, 337.087, 232.73, 339.762, 372.755, 137.214, 165.78, 303.011, 171.334, 145.381, 206.661, 169.113, 199.019, 154.733, 173.916, 155.875, 244.538, 176.307, 375.916, 134.719, 123.251, 297.778, 216.707, 233.101, 238.063, 176.211, 189.335, 169.764, 190.383, 160.565, 125.326, 260.935, 158.244, 147.642, 359.139, 196.293, 312.185, 145.418, 275.815, 210.214, 151.399, 148.377, 237.831, 223.487, 234.834, 173.179, 276.195, 290.717, 149.834, 184.124, 239.77, 273.436, 175.557, 214.9, 246.864, 194.55, 157.46, 191.64];
HighestPossibleCritFunctionValue = 1.1;
