NumDevices = 128;
NumSlotes = 1024;


GivenBandwidthOld = [0.00459693, 0.00690837, 0.00521631, 0.00434273, 0.00956476, 0.00737917, 0.0053825, 0.00986364, 0.00564711, 0.00720007, 0.00786024, 0.00960633, 0.00608797, 0.00419699, 0.00381418, 0.00750411, 0.0053695, 0.00393168, 0.00718659, 0.00628147, 0.00645736, 0.00628176, 0.00505584, 0.00726363, 0.00727547, 0.00638692, 0.00990885, 0.00922134, 0.00434262, 0.00765635, 0.00771164, 0.00574721, 0.00839553, 0.00618606, 0.00912098, 0.00507461, 0.00393803, 0.00765501, 0.00392615, 0.00797948, 0.00731814, 0.00466338, 0.0049886, 0.00840102, 0.00469995, 0.00712473, 0.00412717, 0.00529575, 0.00820177, 0.00592989, 0.00990334, 0.00413559, 0.00934733, 0.00933491, 0.00686724, 0.00764781, 0.00794525, 0.00705236, 0.00649205, 0.00807597, 0.00409637, 0.00641585, 0.00872999, 0.0087091, 0.0076149, 0.00485735, 0.00869395, 0.00921612, 0.00409953, 0.00956169, 0.00587838, 0.00665507, 0.00418387, 0.00821931, 0.00693162, 0.00847504, 0.00508171, 0.00447637, 0.00564122, 0.00815624, 0.00949273, 0.00938569, 0.00398752, 0.00822225, 0.00633582, 0.00737325, 0.00604073, 0.00401696, 0.00922636, 0.00736241, 0.00510273, 0.00787544, 0.00877737, 0.00508703, 0.00643441, 0.0082037, 0.00700573, 0.00404504, 0.00621825, 0.00638597, 0.00656314, 0.00916647, 0.0070545, 0.00505018, 0.00594462, 0.00741212, 0.00921928, 0.00724415, 0.0049073, 0.00451101, 0.00655995, 0.00555095, 0.00974461, 0.00508982, 0.00963461, 0.00635632, 0.00819344, 0.00972019, 0.00730631, 0.00582078, 0.00728969, 0.00788134, 0.00796071, 0.00436561, 0.00656993, 0.00449274, 0.00580648, 0.0044709];
GivenLatency = [840.849, 594.09, 687.167, 1008, 496.985, 483.943, 924.63, 391.415, 656.85, 579.039, 632.153, 409.595, 591.02, 908.68, 925.645, 642.557, 863.872, 1137.26, 644.006, 703.073, 624.727, 646.276, 959.101, 598.678, 557.898, 779.492, 357.224, 397.716, 1063.94, 533.145, 432.933, 841.122, 472.565, 681.056, 409.698, 803.714, 1041.8, 548.223, 971.411, 456.33, 464.856, 1036.72, 676.969, 561.725, 998.383, 495.868, 996.84, 637.108, 438.961, 612.797, 386.367, 904.263, 411.51, 516.895, 498.238, 529.546, 590.207, 498.294, 568.635, 471.795, 953.988, 539.087, 478.067, 453.905, 447.511, 714.38, 505.181, 501.29, 1124.88, 356.407, 689.442, 712.107, 998.94, 463.766, 560.167, 570.435, 662.165, 870.354, 637.545, 556.842, 396.696, 435.236, 1065.1, 444.557, 672.256, 524.037, 556.344, 1185.54, 368.368, 594.568, 804.702, 426.511, 496.196, 700.367, 560.426, 546.124, 544.347, 885.574, 692.273, 744.631, 609.481, 458.085, 476.592, 861.379, 622.028, 569.399, 390.69, 513.314, 985.727, 771.569, 672.486, 758.253, 355.297, 693.26, 476.4, 745.391, 556.939, 469.23, 588.613, 629.899, 585.766, 599.011, 521.671, 822.031, 593.635, 956.066, 760.647, 903.498];
HighestPossibleCritFunctionValue = 1.1;
