NumDevices = 8;
NumSlotes = 64;


GivenBandwidthOld = [0.0739093, 0.0735402, 0.110307, 0.135491, 0.119452, 0.0627602, 0.130191, 0.0877021];
GivenLatency = [10.1218, 10.9347, 7.86402, 7.51997, 8.7172, 12.6599, 6.03315, 9.24731];
HighestPossibleCritFunctionValue = 1.1;
