NumDevices = 16;
NumSlotes = 128;


GivenBandwidthOld = [0.0241868, 0.0224296, 0.0141523, 0.0224232, 0.0316686, 0.0199213, 0.0320861, 0.0118683, 0.034912, 0.0304088, 0.0214991, 0.0248481, 0.0123271, 0.0215944, 0.0269583, 0.0288632];
GivenLatency = [25.7647, 16.0349, 37.7911, 15.0835, 13.8668, 28.2493, 13.7681, 35.1993, 15.5921, 10.6347, 24.9185, 14.9685, 41.3653, 23.283, 11.5905, 11.8889];
HighestPossibleCritFunctionValue = 1.1;
