NumDevices = 32;
NumSlotes = 256;


GivenBandwidthOld = [0.012763, 0.0151272, 0.0130379, 0.0108316, 0.0161659, 0.00760136, 0.0135531, 0.00758275, 0.0132906, 0.00734919, 0.0128165, 0.0144216, 0.0155167, 0.00985705, 0.0123965, 0.00579368, 0.00689261, 0.0140521, 0.00530183, 0.0153781, 0.00512595, 0.0092932, 0.010848, 0.0167408, 0.007025, 0.0142233, 0.00927667, 0.00794465, 0.00818093, 0.0168264, 0.00838206, 0.00970988];
GivenLatency = [27.9739, 33.9596, 26.5888, 31.4201, 27.1372, 60.5867, 23.8846, 62.7972, 37.601, 50.9203, 25.072, 27.5066, 34.5822, 45.0697, 27.9426, 54.8664, 73.3696, 23.1038, 75.4294, 27.1456, 103.057, 37.2381, 31.6091, 23.3273, 59.6872, 26.345, 38.7521, 38.754, 42.7668, 30.148, 37.4433, 40.9615];
HighestPossibleCritFunctionValue = 1.1;
