NumDevices = 64;
NumSlotes = 512;


GivenBandwidthOld = [0.0114331, 0.0107419, 0.0199028, 0.0114088, 0.0150764, 0.0197529, 0.0167825, 0.0182063, 0.010627, 0.0134216, 0.0191547, 0.0130941, 0.0146866, 0.0169299, 0.00764758, 0.0129006, 0.0136202, 0.0196961, 0.0121328, 0.00881727, 0.00932806, 0.0192066, 0.0107497, 0.0128516, 0.0151751, 0.0156911, 0.0120874, 0.00784017, 0.0123171, 0.0188215, 0.0121785, 0.0132439, 0.00826335, 0.0120826, 0.0150997, 0.0112788, 0.0185852, 0.0173021, 0.0146848, 0.0127836, 0.00862653, 0.0161752, 0.0114308, 0.00956765, 0.00849003, 0.00937397, 0.0157502, 0.0179704, 0.00925227, 0.00797109, 0.0126712, 0.0197585, 0.0116584, 0.0106968, 0.0117059, 0.00801084, 0.018267, 0.0177263, 0.0177511, 0.00984657, 0.00875698, 0.00850098, 0.0184048, 0.00910812];
GivenLatency = [263.727, 257.012, 125.566, 241.302, 192.102, 154.062, 182.267, 131.153, 240.827, 184.115, 131.564, 191.275, 162.464, 178.712, 371.292, 234.087, 231.729, 132.719, 237.786, 297.599, 276.191, 120.196, 283.125, 180.595, 194.499, 201.746, 267.219, 338.033, 183.626, 119.438, 183.811, 197.147, 344.829, 236.658, 161.408, 256.244, 135.673, 166.558, 172.69, 179.478, 326.347, 201.966, 271.063, 332.582, 338.089, 299.247, 169.199, 169.853, 291.273, 302.903, 221.199, 116.778, 220.546, 267.154, 212.73, 380.844, 121.768, 178.671, 147.848, 290.365, 305.201, 293.346, 152.668, 258.92];
HighestPossibleCritFunctionValue = 1.1;
