NumDevices = 128;
NumSlotes = 1024;


GivenBandwidthOld = [0.00814718, 0.00723324, 0.0066383, 0.00737693, 0.00657035, 0.0052994, 0.00451758, 0.00445416, 0.00863415, 0.0067239, 0.00601034, 0.00836459, 0.00611864, 0.00845508, 0.00707622, 0.007566, 0.00427067, 0.00468418, 0.00456497, 0.00588436, 0.00596167, 0.00531929, 0.00378169, 0.00641269, 0.00561102, 0.00697859, 0.00672871, 0.00692827, 0.00597149, 0.00532956, 0.00638006, 0.00713124, 0.00724773, 0.00514396, 0.00703294, 0.00520641, 0.0065925, 0.00763113, 0.00390839, 0.0058303, 0.00730353, 0.00794038, 0.00643551, 0.0041716, 0.00455326, 0.00406284, 0.00658118, 0.00731801, 0.00635251, 0.00421496, 0.00832406, 0.00497728, 0.0056079, 0.00447313, 0.00733099, 0.00449878, 0.00855294, 0.00681488, 0.00518041, 0.00468043, 0.00642385, 0.00820945, 0.00867959, 0.00530396, 0.00622973, 0.00562679, 0.00687901, 0.00794773, 0.00494349, 0.00766397, 0.00592084, 0.00408797, 0.00401861, 0.00833225, 0.00767622, 0.00670618, 0.00830105, 0.00824158, 0.00381028, 0.00683781, 0.00561282, 0.00714788, 0.00688289, 0.0082144, 0.00696628, 0.00479552, 0.0057255, 0.00589394, 0.00692993, 0.00391159, 0.00457554, 0.00860227, 0.00580896, 0.00862146, 0.00834436, 0.00607761, 0.0038513, 0.00636485, 0.00659617, 0.00440752, 0.0046815, 0.00443432, 0.0052021, 0.00420531, 0.0062133, 0.00449866, 0.00654912, 0.00853729, 0.00377174, 0.0041939, 0.00436422, 0.00699418, 0.00861127, 0.00717618, 0.00757447, 0.00653117, 0.0069246, 0.0041769, 0.00873109, 0.00599366, 0.00787111, 0.00729897, 0.00628606, 0.00732715, 0.00485008, 0.0077539, 0.00727958, 0.00539018];
GivenLatency = [144.431, 140.831, 155.735, 162.045, 173.641, 197.369, 238.539, 259.292, 123.61, 160.772, 201.051, 130.693, 173.201, 149.235, 138.708, 146.936, 231.175, 229.776, 214.341, 215.19, 196.538, 240.713, 260.55, 194.673, 217.875, 140.475, 148.121, 143.955, 175.301, 191.628, 184.203, 135.935, 164.747, 226.552, 140.024, 217.783, 146.59, 156.592, 324.726, 164.16, 163.894, 129.288, 154.515, 252.123, 280.589, 265.888, 193.393, 158.355, 150.013, 255.907, 122.328, 196.253, 173.068, 256.701, 144.564, 287.214, 120.916, 162.344, 208.543, 205.179, 162.65, 123.019, 135.391, 240.428, 205.484, 208.766, 153.7, 140.389, 210.021, 155.414, 167.077, 243.844, 256.011, 116.376, 132.878, 156.275, 117.75, 124.926, 254.218, 183.119, 230.96, 163.419, 150.306, 130.3, 180.738, 208.836, 199.761, 182.666, 140.98, 313.787, 228.999, 119.142, 209.553, 134.792, 119.558, 199.927, 253.872, 170.392, 158.988, 233.129, 262.448, 273.846, 200.414, 251.38, 165.988, 217.417, 164.426, 140.33, 298.233, 227.096, 254.875, 179.749, 114.391, 140.219, 132.786, 164.815, 155.704, 304.494, 109.128, 176.361, 149.504, 153.592, 168.725, 164.28, 220.709, 126.501, 162.618, 213.441];
HighestPossibleCritFunctionValue = 1.1;
