NumDevices = 64;
NumSlotes = 512;


GivenBandwidthOld = [0.00656028, 0.00610193, 0.00255834, 0.00794318, 0.00469374, 0.00392692, 0.00355443, 0.00562872, 0.0056383, 0.00408518, 0.0071649, 0.00546171, 0.00496311, 0.00629053, 0.00365111, 0.00552615, 0.00677623, 0.00432773, 0.00873306, 0.00525913, 0.00637944, 0.0042391, 0.00660439, 0.00375646, 0.00726171, 0.00755576, 0.00589762, 0.00633435, 0.00272849, 0.00518813, 0.00694368, 0.00622994, 0.00404784, 0.00451254, 0.00845166, 0.00701584, 0.00646283, 0.00583667, 0.0069218, 0.00726507, 0.00777805, 0.00446653, 0.00390492, 0.00868634, 0.00752497, 0.00717802, 0.0071709, 0.0062492, 0.00287771, 0.00690442, 0.00263439, 0.00496159, 0.00574281, 0.00445506, 0.00487784, 0.00441746, 0.00432506, 0.00752414, 0.00568036, 0.00479836, 0.00599033, 0.00815051, 0.00813113, 0.00740566];
GivenLatency = [49.1542, 54.1006, 220.659, 40.5015, 72.686, 160.864, 123.278, 93.2006, 70.5739, 107.601, 80.6781, 57.8076, 126.828, 95.2132, 121.547, 75.1974, 94.7241, 104.951, 47.1314, 86.3223, 85.3537, 98.2497, 68.6054, 103.543, 44.6809, 60.1328, 72.0857, 54.9363, 168.544, 103.322, 92.894, 96.4621, 135.392, 99.8945, 39.1737, 47.1523, 81.1631, 67.4671, 74.9904, 62.2522, 48.0808, 138.866, 113.912, 40.3461, 44.2339, 56.8883, 45.0251, 70.4746, 190.218, 48.5474, 128.816, 97.2051, 61.2092, 106.251, 66.9638, 128.936, 90.3705, 76.2992, 104.9, 82.9543, 72.2631, 45.4916, 41.4316, 56.6125];
HighestPossibleCritFunctionValue = 1.1;
