NumDevices = 128;
NumSlotes = 1024;


GivenBandwidthOld = [0.00810309, 0.00615614, 0.00873271, 0.00820751, 0.00606804, 0.00812531, 0.00452479, 0.00556508, 0.00473278, 0.0062934, 0.00567307, 0.00485255, 0.00431329, 0.00595373, 0.00688196, 0.00763981, 0.00479481, 0.00387027, 0.00508322, 0.00609998, 0.00486475, 0.00441965, 0.008606, 0.00856521, 0.00792564, 0.00873472, 0.00697269, 0.00757436, 0.00483277, 0.00690919, 0.00526593, 0.00706597, 0.00517546, 0.00653809, 0.0081468, 0.00585385, 0.00821412, 0.00714473, 0.00396806, 0.00873268, 0.00760042, 0.00768182, 0.00582046, 0.00703405, 0.00381047, 0.00506869, 0.00704252, 0.00613699, 0.00683035, 0.00518535, 0.00769758, 0.00575398, 0.00465791, 0.0080362, 0.00685124, 0.00623922, 0.00504226, 0.00771645, 0.00786762, 0.00865364, 0.00417817, 0.00496634, 0.00681654, 0.0080138, 0.00540867, 0.0059675, 0.00819261, 0.00577203, 0.00799585, 0.00382105, 0.00795127, 0.00444487, 0.00737513, 0.00639179, 0.00427294, 0.00783914, 0.00495897, 0.00783902, 0.00791182, 0.00649978, 0.0042277, 0.00738477, 0.00830141, 0.0042304, 0.00784114, 0.00858641, 0.00428027, 0.00596562, 0.00664186, 0.00722518, 0.00603628, 0.00419823, 0.0070764, 0.00551865, 0.004532, 0.00690409, 0.00450024, 0.00798002, 0.0076939, 0.00384165, 0.00407343, 0.00456772, 0.00719988, 0.00580737, 0.0069434, 0.0052244, 0.00399163, 0.00480061, 0.006372, 0.00665937, 0.00654244, 0.00636652, 0.00460389, 0.00513999, 0.00533369, 0.00584918, 0.00468476, 0.00421308, 0.00672345, 0.00853471, 0.00544242, 0.00824896, 0.00772882, 0.00580255, 0.00603561, 0.00795893, 0.0082896, 0.00582756];
GivenLatency = [135.61, 186.783, 123.244, 119.89, 157.781, 147.903, 257.952, 215.293, 201.378, 156.824, 168.987, 244.685, 241.57, 192.349, 160.56, 145.074, 236.582, 254.796, 250.084, 166.683, 260.476, 230.866, 116.533, 136.508, 134.271, 134.691, 174.771, 160.263, 240.435, 149.332, 186.356, 163.192, 195.132, 168.253, 143.451, 184.196, 135.587, 160.784, 252.307, 122.368, 146.369, 135.866, 191.828, 168.044, 254.503, 210.827, 164.154, 163.722, 172.821, 191.289, 132.36, 208.89, 233.953, 151.375, 145.998, 169.049, 201.378, 144.096, 137.213, 110.853, 239.739, 203.069, 170.883, 127.306, 178.453, 196.842, 120.356, 195.951, 135.978, 313.03, 139.652, 252.551, 146.957, 196.485, 254.134, 136.34, 230.124, 124.899, 120.663, 190.497, 227.607, 156.699, 139.536, 268.822, 127.483, 113.113, 267.397, 164.666, 176.913, 154.924, 191.006, 290.018, 175.944, 183.203, 242.8, 156.205, 257.153, 139.769, 138.759, 304.615, 287.253, 235.456, 172.437, 190.834, 140.952, 188.013, 316.234, 252.383, 152.851, 179.545, 177.631, 191.219, 222.169, 224.454, 217.937, 207.103, 231.945, 260.035, 153.374, 133.106, 189.302, 129.825, 132.206, 199.844, 205.754, 120.177, 125.498, 169.183];
HighestPossibleCritFunctionValue = 1.1;
