NumDevices = 64;
NumSlotes = 512;


GivenBandwidthOld = [0.00621416, 0.00763081, 0.00479434, 0.00729664, 0.0070833, 0.00273965, 0.00526038, 0.00865077, 0.00355539, 0.00291461, 0.00831142, 0.00633263, 0.00496927, 0.0034726, 0.00525643, 0.00490095, 0.00525565, 0.00414249, 0.0078772, 0.0083063, 0.00765496, 0.00439858, 0.00562138, 0.00729036, 0.00787615, 0.00323165, 0.00550846, 0.00319972, 0.00646795, 0.00433101, 0.00746981, 0.00506162, 0.00561478, 0.00266879, 0.00805998, 0.00530024, 0.00354645, 0.00274806, 0.00281376, 0.00714181, 0.00485896, 0.00571677, 0.00424007, 0.00404446, 0.00397401, 0.007434, 0.00326773, 0.00567309, 0.00762365, 0.00311785, 0.00542759, 0.00644922, 0.00828096, 0.00676733, 0.00468697, 0.00260843, 0.00607836, 0.0064583, 0.00470224, 0.00303986, 0.00716609, 0.00671033, 0.00307893, 0.00762527];
GivenLatency = [69.5063, 67.3828, 104.192, 67.0983, 80.846, 222.342, 114.301, 46.1156, 88.5398, 209.184, 52.9408, 71.9826, 94.3415, 134.39, 85.0957, 92.9609, 62.2386, 145.883, 52.2246, 72.827, 70.0316, 84.8058, 82.8565, 87.9442, 42.3045, 135.702, 62.0805, 146.979, 51.9573, 77.5074, 56.7986, 64.9771, 55.0342, 175.813, 53.3552, 86.6028, 140.379, 184.537, 177.309, 79.741, 67.0315, 105.439, 90.6517, 140.158, 106.841, 47.8781, 118.283, 91.4427, 50.495, 103.84, 78.1833, 49.7975, 38.5039, 57.3961, 138.479, 219.645, 53.0131, 99.0569, 76.0137, 155.756, 60.3803, 56.7741, 144.054, 70.173];
HighestPossibleCritFunctionValue = 1.1;
