NumDevices = 128;
NumSlotes = 1024;


GivenBandwidthOld = [0.00245912, 0.00419716, 0.00296193, 0.00182065, 0.00154582, 0.00427462, 0.0015871, 0.00125316, 0.00430733, 0.00141321, 0.00377202, 0.00139763, 0.00434749, 0.00132112, 0.00283872, 0.00282152, 0.00437189, 0.00209537, 0.00308237, 0.00415934, 0.00159267, 0.00419194, 0.00262953, 0.00255099, 0.00136682, 0.00208784, 0.00154434, 0.00128969, 0.00272129, 0.00414507, 0.00244547, 0.00291132, 0.0043451, 0.00178354, 0.0028713, 0.00361461, 0.0026149, 0.00358814, 0.00147589, 0.00405231, 0.00277511, 0.00257611, 0.00159543, 0.00368994, 0.00299528, 0.00284619, 0.00346974, 0.00221713, 0.00273915, 0.0043508, 0.00391329, 0.00381634, 0.00253482, 0.00150842, 0.00384328, 0.00217646, 0.0035299, 0.00395612, 0.00169295, 0.00219741, 0.00246128, 0.00305155, 0.00182191, 0.00403411, 0.00319002, 0.00406861, 0.00169975, 0.00393501, 0.00316092, 0.00238697, 0.00409753, 0.003515, 0.00345326, 0.00330918, 0.00366452, 0.0039228, 0.00426652, 0.00296105, 0.00267242, 0.00168953, 0.00401457, 0.00294011, 0.00378653, 0.00153248, 0.00209155, 0.0013823, 0.00289236, 0.0013407, 0.00378554, 0.00363257, 0.00133183, 0.00154979, 0.00236858, 0.00128524, 0.00290056, 0.00157798, 0.00417235, 0.00163481, 0.0031431, 0.00292181, 0.00251792, 0.00176359, 0.00190727, 0.00418415, 0.00295554, 0.00383276, 0.00342534, 0.00289048, 0.00402064, 0.00180351, 0.00410261, 0.00131054, 0.003071, 0.00374552, 0.0029026, 0.00142035, 0.00185323, 0.00220378, 0.0033105, 0.00395673, 0.00264049, 0.00251597, 0.00337846, 0.00240149, 0.0043399, 0.00200942, 0.00239255, 0.00406902];
GivenLatency = [193.903, 126.963, 171.751, 276.732, 224.936, 115.687, 216.239, 251.758, 104.001, 225.006, 150.801, 417.233, 103.31, 263.493, 144.684, 158.211, 84.7452, 176.566, 182.218, 110.751, 393.047, 77.2364, 146.374, 155.951, 318.725, 294.437, 264.888, 415.802, 193.197, 126.83, 229.426, 127.949, 110.772, 211.409, 114.878, 175.273, 168.894, 92.5306, 275.685, 148.171, 192.392, 209.978, 336.025, 107.108, 144.989, 126.368, 108.359, 252.003, 232.838, 87.3138, 118.133, 140.364, 186.727, 230.374, 98.7438, 275.949, 97.5316, 141.829, 255.422, 256.795, 156.506, 130.999, 193.76, 160.331, 99.8427, 81.3403, 366.171, 132.989, 116.552, 174.015, 93.044, 179.514, 135.531, 183.189, 109.824, 99.0931, 88.8518, 119.126, 223.28, 243.347, 118.511, 108.975, 95.4077, 236.386, 163.173, 236.404, 217.262, 271.129, 144.355, 92.3946, 260.035, 271.533, 152.171, 266.425, 123.28, 407.353, 122.401, 212.638, 144.153, 133.457, 165.11, 223.913, 196.538, 143.229, 107.214, 163.658, 114.913, 130.509, 107.025, 236.555, 78.3541, 474.16, 104.71, 119.129, 160.82, 362.458, 311.977, 144.586, 116.837, 116.173, 135.342, 165.823, 110.248, 147.349, 97.8226, 233.991, 156.043, 157.321];
HighestPossibleCritFunctionValue = 1.1;
