NumDevices = 128;
NumSlotes = 1024;


GivenBandwidthOld = [0.00322114, 0.00202819, 0.00217209, 0.00192141, 0.00126435, 0.0017842, 0.00140406, 0.00307639, 0.0036038, 0.00212927, 0.00408078, 0.00313953, 0.00237955, 0.00430312, 0.00249533, 0.0033776, 0.00352858, 0.00361137, 0.00127786, 0.00382223, 0.00147987, 0.00212241, 0.001283, 0.00275227, 0.00310817, 0.003384, 0.00178254, 0.00173058, 0.00338168, 0.00343489, 0.00397569, 0.00250521, 0.00388061, 0.00148222, 0.00409027, 0.00334144, 0.00205551, 0.00187454, 0.00422442, 0.001715, 0.00401785, 0.00172335, 0.0037557, 0.0020357, 0.00331467, 0.00218325, 0.00206556, 0.00209987, 0.00373355, 0.00161892, 0.00167427, 0.00379729, 0.00418011, 0.00378513, 0.00297003, 0.00347467, 0.00384403, 0.00224769, 0.00378239, 0.00368623, 0.00313376, 0.00227199, 0.00282556, 0.00357642, 0.00138064, 0.00324999, 0.0026337, 0.00402279, 0.00361326, 0.00188103, 0.00390364, 0.0040986, 0.00268464, 0.00394988, 0.00316015, 0.00193908, 0.00130294, 0.00354249, 0.00304157, 0.0027714, 0.00270515, 0.00172876, 0.00409683, 0.00423284, 0.00258721, 0.00387442, 0.00356498, 0.00281503, 0.00165295, 0.0018126, 0.00377732, 0.00291096, 0.00143621, 0.00275944, 0.00165556, 0.00182071, 0.00259883, 0.00227295, 0.00342193, 0.00182013, 0.00209923, 0.00231249, 0.00222812, 0.00302383, 0.00155609, 0.00195436, 0.0018448, 0.0042962, 0.00191244, 0.0036648, 0.0024283, 0.00179004, 0.00264495, 0.00245883, 0.00250716, 0.00221517, 0.00405004, 0.00208512, 0.00276108, 0.00423744, 0.00183213, 0.00389044, 0.00415913, 0.0012892, 0.00388356, 0.0041618, 0.00244429, 0.00185398];
GivenLatency = [147.224, 237.138, 278.896, 334.51, 285.96, 210.804, 375.191, 144.176, 95.8912, 250.019, 82.9415, 199.632, 165.275, 99.6803, 133.278, 98.3756, 91.5044, 98.0785, 399.058, 165.254, 397.23, 148.804, 386.557, 183.991, 147.507, 163.98, 320.285, 246.95, 129.002, 166.635, 149.843, 137.56, 110.162, 279.897, 87.2594, 157.04, 181.036, 173.505, 86.9041, 346.994, 91.0586, 185.471, 96.9963, 166.098, 106.806, 150.503, 168.226, 246.081, 86.2752, 236.7, 220.247, 113.855, 129.878, 94.7878, 186.016, 106.12, 168.004, 190.151, 96.0498, 95.2016, 105.441, 255.064, 232.557, 141.548, 297.727, 139.842, 143.932, 89.1975, 153.5, 346.389, 99.6928, 109.277, 184.003, 89.7135, 134.91, 291.373, 372.812, 95.2079, 131.245, 126.388, 129.026, 377.442, 100.177, 78.7177, 201.744, 115.832, 117.292, 116.245, 242.908, 213.173, 111.114, 169.934, 294.559, 154.124, 268.652, 212.135, 193.245, 140.16, 155.676, 256.813, 282.214, 208.733, 205.735, 128.229, 228.311, 174.7, 182.362, 86.9494, 179.62, 93.5652, 263.073, 347.226, 195.383, 187.885, 148.686, 222.275, 88.0703, 296.684, 167.183, 132.361, 233.979, 91.1554, 105.571, 259.173, 83.8149, 109.305, 193.647, 257.389];
HighestPossibleCritFunctionValue = 1.1;
