NumDevices = 32;
NumSlotes = 256;


GivenBandwidthOld = [0.0129659, 0.013037, 0.00747495, 0.0140302, 0.0134383, 0.0154534, 0.00702139, 0.0160311, 0.00510451, 0.0114569, 0.0134385, 0.00597492, 0.0154729, 0.0113559, 0.0159542, 0.0120681, 0.0106064, 0.00622512, 0.00816851, 0.00821577, 0.015014, 0.0101326, 0.00678221, 0.00867113, 0.00559609, 0.0109165, 0.00651613, 0.0116311, 0.0163595, 0.0108685, 0.0117129, 0.0168141];
GivenLatency = [26.5286, 28.404, 60.8929, 38.1209, 37.0971, 29.399, 50.7582, 32.2029, 91.1181, 40.3965, 30.5772, 69.3614, 23.1901, 29.2345, 33.3617, 51.7461, 60.2927, 58.9774, 48.4025, 39.4392, 33.9544, 56.245, 81.0641, 48.3668, 71.8156, 36.3736, 74.0552, 53.1664, 33.5223, 39.8023, 29.7235, 25.325];
HighestPossibleCritFunctionValue = 1.1;
