NumDevices = 128;
NumSlotes = 1024;


GivenBandwidthOld = [0.00376278, 0.0059908, 0.00862907, 0.00633599, 0.00391786, 0.00614643, 0.00553738, 0.00672221, 0.00772371, 0.00870419, 0.00633178, 0.00814615, 0.00860114, 0.00565023, 0.00970802, 0.00885679, 0.008496, 0.00730462, 0.00869931, 0.00550967, 0.00983279, 0.00588435, 0.00694368, 0.00488658, 0.00621645, 0.00733555, 0.0098289, 0.00926866, 0.00580344, 0.00965321, 0.00641431, 0.00785807, 0.00431017, 0.00601612, 0.00916687, 0.00755847, 0.00637291, 0.00569754, 0.00475971, 0.00527599, 0.00729797, 0.00948498, 0.00404005, 0.00987578, 0.00965282, 0.00619993, 0.00468351, 0.00570417, 0.0099734, 0.00674795, 0.00899454, 0.00494603, 0.00541302, 0.0041609, 0.00981126, 0.00666952, 0.00954706, 0.00993829, 0.00417678, 0.00792881, 0.00583274, 0.00832099, 0.00969481, 0.00573127, 0.00923081, 0.00726679, 0.00410494, 0.00668044, 0.00562717, 0.00961388, 0.00792245, 0.00509642, 0.00797341, 0.00535801, 0.00452757, 0.00983477, 0.00804516, 0.00508337, 0.00747956, 0.00524619, 0.00650186, 0.00421383, 0.0055293, 0.00852265, 0.00525532, 0.00997891, 0.00562376, 0.00854888, 0.00852221, 0.00397279, 0.00436261, 0.00605888, 0.00911285, 0.00586476, 0.00908541, 0.0072277, 0.00971923, 0.00979145, 0.00484524, 0.00511404, 0.00419405, 0.00442833, 0.00439759, 0.00661045, 0.00435234, 0.00852466, 0.00776089, 0.00860818, 0.00513119, 0.00486694, 0.00733532, 0.00600987, 0.0041886, 0.00651887, 0.00897164, 0.00765143, 0.00636761, 0.0042576, 0.00999881, 0.00874883, 0.0066344, 0.00684353, 0.00923973, 0.00713848, 0.00391643, 0.00719074, 0.00734376, 0.00411404];
GivenLatency = [902.649, 603.149, 431.724, 538.314, 1007.61, 615.258, 681.386, 630.569, 581.357, 545.203, 674.134, 435.307, 578.006, 673.278, 433.137, 550.554, 409.157, 499.616, 404.168, 673.47, 395.982, 645.419, 524.463, 819.947, 563.391, 526.432, 379.431, 458.159, 760.719, 370.618, 567.282, 554.801, 1077.58, 637.483, 473.108, 561.12, 543.363, 620.842, 1037.75, 776.792, 609.254, 374.088, 1015.78, 403.479, 483.461, 711.011, 841.02, 869.974, 468.593, 564.405, 469.585, 936.095, 711.253, 1068.79, 492.76, 744.587, 358.534, 492.446, 957.388, 602.384, 797.185, 418.687, 504.648, 621.81, 376.73, 585.532, 1199.41, 687.021, 644.054, 444.282, 435.068, 907.753, 533.996, 683.98, 1102, 409.287, 420.564, 867.162, 538.093, 713.325, 591.779, 1140.6, 691.364, 457.068, 789.655, 353.064, 627.877, 390.294, 393.424, 930.197, 771.143, 665.781, 434.792, 700.039, 509.917, 626.385, 413.016, 351.803, 865.018, 773.235, 962.866, 779.768, 864.093, 545.409, 1032.48, 494.034, 479.621, 488.193, 836.035, 814.179, 533.887, 745.046, 972.259, 621.265, 481.849, 558.896, 717.716, 879.653, 338.823, 564.54, 554.441, 637.473, 431.631, 610.446, 881.715, 650.067, 471.977, 840.695];
HighestPossibleCritFunctionValue = 1.1;
