NumDevices = 32;
NumSlotes = 256;


GivenBandwidthOld = [0.0155494, 0.00822354, 0.0081179, 0.00749139, 0.0153273, 0.0130114, 0.0146047, 0.00565623, 0.00928202, 0.0103952, 0.00650872, 0.0121408, 0.00724391, 0.00592086, 0.00692324, 0.016433, 0.0100197, 0.00942456, 0.00603867, 0.0119889, 0.0173241, 0.0117762, 0.0170467, 0.0116881, 0.0121475, 0.008031, 0.00948112, 0.00674228, 0.0125251, 0.0174197, 0.0170946, 0.0167106];
GivenLatency = [24.5395, 38.2559, 45.8702, 42.8668, 22.5982, 26.7017, 22.218, 97.6432, 63.3307, 47.3839, 62.4229, 27.6524, 56.432, 103.14, 60.1532, 18.9229, 58.4283, 46.6488, 73.7431, 32.2631, 18.3717, 54.3565, 20.1396, 31.2067, 43.0977, 69.6956, 58.4693, 74.1625, 32.7704, 33.875, 20.115, 22.2712];
HighestPossibleCritFunctionValue = 1.1;
