NumDevices = 64;
NumSlotes = 512;


GivenBandwidthOld = [0.0157998, 0.0140109, 0.0104945, 0.0102667, 0.0196866, 0.0148886, 0.012735, 0.0177066, 0.0123977, 0.0103477, 0.0189255, 0.0113374, 0.0159834, 0.0136655, 0.0177738, 0.0168259, 0.0107658, 0.00772482, 0.0110317, 0.0139939, 0.013194, 0.0182426, 0.00840764, 0.0121523, 0.0112211, 0.010523, 0.0152823, 0.0166448, 0.0161204, 0.0153744, 0.0156151, 0.0108057, 0.0155865, 0.0174775, 0.0117175, 0.0155231, 0.0147281, 0.0155562, 0.00788263, 0.0134101, 0.0137014, 0.0100808, 0.0196718, 0.0169149, 0.0184846, 0.0133811, 0.0138909, 0.0192502, 0.0187192, 0.0189875, 0.0157341, 0.0106156, 0.00836532, 0.0133957, 0.00865932, 0.0171995, 0.014885, 0.0148328, 0.0120095, 0.0110871, 0.00859268, 0.00960022, 0.0183662, 0.0106325];
GivenLatency = [150.526, 183.211, 222.57, 287.568, 140.907, 206.761, 180.308, 187.092, 193.643, 321.098, 150.863, 221.364, 180.795, 223.807, 152.275, 133.681, 226.162, 313.92, 260.73, 197.825, 230.644, 132.097, 324.777, 214.284, 290.631, 251.811, 156.336, 153.418, 145.318, 182.866, 169.304, 237.012, 143.898, 188.702, 203.586, 156.459, 167.691, 203.516, 365.593, 219.325, 165.375, 246.127, 145.034, 188.98, 179.694, 168.51, 193.45, 131.875, 127.52, 123.32, 162.142, 223.537, 285.815, 223.377, 346.977, 135.044, 154.975, 189.597, 226.981, 295.209, 319.244, 240.415, 159.128, 281.115];
HighestPossibleCritFunctionValue = 1.1;
