NumDevices = 32;
NumSlotes = 256;


GivenBandwidthOld = [0.00942825, 0.005628, 0.00980046, 0.011307, 0.00630026, 0.00850964, 0.016549, 0.00855354, 0.0169326, 0.00562237, 0.0151283, 0.00623159, 0.016795, 0.0060232, 0.0143637, 0.00507118, 0.0137922, 0.0136457, 0.0136991, 0.0101975, 0.00994576, 0.015915, 0.0151191, 0.0138754, 0.0117826, 0.0121508, 0.0132277, 0.0136069, 0.0110629, 0.0171112, 0.00743618, 0.0123371];
GivenLatency = [59.993, 56.6926, 34.6701, 35.603, 55.321, 59.5098, 31.2488, 37.2255, 19.0524, 59.9734, 27.6923, 50.4939, 18.9544, 57.4014, 41.8948, 77.0262, 36.7106, 31.3491, 25.2289, 41.5554, 45.3151, 25.979, 33.34, 27.1672, 34.2499, 41.4956, 30.7441, 37.3349, 46.463, 23.6959, 41.377, 35.6932];
HighestPossibleCritFunctionValue = 1.1;
