NumDevices = 128;
NumSlotes = 1024;


GivenBandwidthOld = [0.00861245, 0.00690478, 0.00605775, 0.00509328, 0.0052974, 0.00583746, 0.0077636, 0.00535654, 0.00486642, 0.00748936, 0.00611776, 0.00861155, 0.00684954, 0.0077339, 0.00613722, 0.00567787, 0.00547738, 0.00583003, 0.00774534, 0.0083595, 0.00556179, 0.00445501, 0.00792268, 0.00394833, 0.00709102, 0.00632394, 0.00393631, 0.00505197, 0.0059616, 0.00409094, 0.00392584, 0.00415737, 0.00547282, 0.00416068, 0.00608442, 0.00827576, 0.00815418, 0.00475866, 0.00633004, 0.00648018, 0.00484814, 0.00513289, 0.0059402, 0.00440279, 0.00514715, 0.0057353, 0.00567807, 0.00874391, 0.00641435, 0.00851669, 0.00745831, 0.0042875, 0.00754541, 0.00816937, 0.00510953, 0.00842841, 0.00377138, 0.0081159, 0.00646026, 0.00512293, 0.00862557, 0.00747577, 0.00777557, 0.006447, 0.00719115, 0.00419165, 0.00655464, 0.00636277, 0.00651948, 0.00545635, 0.00741216, 0.00375406, 0.00703143, 0.00478648, 0.00382968, 0.00787872, 0.00515966, 0.00583469, 0.00615072, 0.00773258, 0.0040181, 0.00463489, 0.00604763, 0.00506768, 0.00499594, 0.00433832, 0.0066561, 0.00662626, 0.00504161, 0.00684504, 0.00701456, 0.00619071, 0.00474617, 0.00631603, 0.00608479, 0.00451353, 0.00640208, 0.00731256, 0.00465819, 0.00762374, 0.00469882, 0.0056329, 0.00469684, 0.00722417, 0.00407908, 0.0045611, 0.00591493, 0.00474407, 0.00607788, 0.00850905, 0.0041064, 0.0037696, 0.00815378, 0.00811133, 0.00470968, 0.00809977, 0.00535859, 0.00427979, 0.00795529, 0.00705801, 0.00639988, 0.005333, 0.0042669, 0.0062544, 0.00511874, 0.00809997, 0.00863623, 0.00664778];
GivenLatency = [124.259, 148.291, 176.992, 244.4, 206.591, 186.488, 143.246, 187.168, 211.025, 152.575, 184.527, 129.061, 161.723, 152.527, 189.885, 204.684, 175.141, 191.361, 125.114, 121.335, 197.078, 220.01, 135.914, 296.079, 170.619, 153.822, 265.836, 219.257, 184.447, 251.828, 297.432, 266.46, 233.125, 236.753, 187.789, 151.033, 117.948, 206.983, 189.46, 190.301, 218.522, 195.703, 179.817, 217.912, 215.613, 204.723, 173.394, 135.747, 197.86, 129.787, 153.484, 239.543, 156.784, 136.656, 203.926, 149.486, 316.834, 156.247, 151.36, 195.599, 128.648, 142.288, 144.638, 173.536, 144.99, 241.29, 196.37, 189.297, 162.171, 223.674, 145.438, 340.664, 154.498, 201.114, 314.492, 128.941, 200.761, 173.507, 164.62, 135.651, 263.299, 246.956, 210.98, 193.759, 210.601, 249.529, 176.485, 156.323, 191.61, 144.327, 166.282, 169.069, 261.132, 176.334, 204.676, 233.497, 200.258, 140.124, 204.96, 161.208, 206.375, 214.027, 229.503, 143.628, 245.323, 266.497, 217.984, 204.473, 209.665, 133.241, 283.159, 292.138, 142.907, 155.149, 214.403, 157.908, 210.773, 265.863, 146.605, 149.762, 168.336, 220.834, 261.873, 157.864, 242.534, 126.649, 146.513, 183.18];
HighestPossibleCritFunctionValue = 1.1;
