NumDevices = 16;
NumSlotes = 128;


GivenBandwidthOld = [0.0608128, 0.0615094, 0.0490384, 0.0491471, 0.0359097, 0.034147, 0.0493512, 0.0653696, 0.0468853, 0.0620756, 0.0442815, 0.059638, 0.0360519, 0.0639126, 0.0393621, 0.0588428];
GivenLatency = [18.1348, 12.519, 17.5203, 21.3402, 26.4437, 26.9913, 18.2588, 12.693, 17.8481, 14.6594, 19.0683, 17.7612, 23.5931, 16.141, 26.4296, 18.4775];
HighestPossibleCritFunctionValue = 1.1;
