NumDevices = 32;
NumSlotes = 256;


GivenBandwidthOld = [0.0234737, 0.0326093, 0.0245676, 0.0181872, 0.0326769, 0.0363802, 0.0277968, 0.0164879, 0.0214402, 0.030015, 0.0219826, 0.0221805, 0.0224287, 0.0190105, 0.0192914, 0.0157177, 0.0276313, 0.0343204, 0.0332461, 0.0269873, 0.0356582, 0.0165533, 0.0204819, 0.0251053, 0.0289481, 0.0158387, 0.0366824, 0.0305761, 0.0280094, 0.0391213, 0.0222749, 0.0350462];
GivenLatency = [79.2911, 58.7429, 79.7113, 97.3244, 55.7294, 68.2546, 71.1393, 112.957, 99.056, 63.4376, 104.711, 108.562, 75.5928, 124.888, 110.634, 112.043, 70.5663, 60.3477, 52.1296, 87.0704, 52.0779, 146.504, 85.988, 76.8932, 59.1537, 113.997, 45.9435, 78.3301, 79.5573, 46.9192, 105.708, 63.6089];
HighestPossibleCritFunctionValue = 1.1;
