NumDevices = 128;
NumSlotes = 1024;


GivenBandwidthOld = [0.00618741, 0.00432033, 0.00425036, 0.00830735, 0.00409151, 0.0084566, 0.00758733, 0.00774405, 0.00682509, 0.00670696, 0.00629889, 0.00791169, 0.00423925, 0.00651066, 0.00712153, 0.00409055, 0.00740538, 0.00476456, 0.00545469, 0.00438977, 0.00638824, 0.00461926, 0.00840262, 0.00540845, 0.00732248, 0.00644085, 0.0039273, 0.00857666, 0.00547174, 0.00599462, 0.00412053, 0.00631622, 0.00428022, 0.00507705, 0.00749908, 0.00457492, 0.00819355, 0.00646993, 0.00754518, 0.00430815, 0.00462638, 0.00798665, 0.0041423, 0.00707165, 0.0057561, 0.00519108, 0.00392886, 0.00480099, 0.00768843, 0.00686205, 0.00792983, 0.00412849, 0.00505819, 0.0055305, 0.0086321, 0.00719622, 0.00443502, 0.00680861, 0.00474513, 0.00390612, 0.00764431, 0.0053622, 0.00501062, 0.00593759, 0.00556901, 0.00593408, 0.00655886, 0.00719219, 0.00665596, 0.00418275, 0.00697109, 0.00552937, 0.00456362, 0.00826768, 0.00740381, 0.00828118, 0.00433721, 0.00798618, 0.00625958, 0.00721143, 0.00507558, 0.0077782, 0.00576734, 0.00410852, 0.00435097, 0.00431922, 0.00558987, 0.0064437, 0.00676574, 0.00436055, 0.0053355, 0.0061665, 0.0078762, 0.00777388, 0.00808549, 0.00529297, 0.00640087, 0.00686057, 0.00813714, 0.0084617, 0.00829433, 0.00529659, 0.00726674, 0.00452741, 0.00461799, 0.00700392, 0.00741886, 0.00636264, 0.00442315, 0.00740211, 0.00474859, 0.00702298, 0.00766306, 0.00547362, 0.007694, 0.00556998, 0.00722087, 0.00866905, 0.00820176, 0.00446024, 0.00579531, 0.00432222, 0.00608138, 0.00722239, 0.00427767, 0.00734065, 0.00685697, 0.00759873];
GivenLatency = [201.316, 252.952, 251.94, 152.198, 296.624, 133.577, 132.007, 164.124, 188.307, 178.619, 180.892, 160.441, 274.38, 161.096, 152.12, 241.914, 129.12, 230.919, 197.26, 239.931, 180.609, 220.876, 133.62, 177.107, 155.866, 200.408, 249.938, 140, 175.172, 208.272, 234.297, 198.872, 240.754, 231.987, 129.797, 237.018, 155.616, 168.548, 133.71, 292.108, 243.799, 121.12, 282.292, 170.886, 217.035, 199.089, 253.634, 255.603, 165.952, 157.061, 161.781, 259.438, 192.128, 221.655, 139.446, 152.903, 231.018, 166.409, 208.783, 316.011, 143.414, 180.242, 218.102, 213.59, 207.889, 176.963, 173.992, 156.249, 163.098, 308.847, 143.276, 198.302, 219.741, 142.092, 134.742, 155.179, 262.707, 146.168, 168.685, 177.434, 203.377, 166.724, 200.43, 246.319, 249.858, 282.996, 216.558, 168.66, 188.416, 259.799, 191.873, 156.88, 133.068, 131.206, 121.811, 230.248, 180.983, 148.523, 150.067, 122.506, 155.158, 198.563, 141.067, 255.47, 212.723, 183.045, 130.869, 151.564, 224.088, 159.986, 225.436, 151.495, 126.368, 197.001, 133.163, 174.165, 175.331, 135.639, 129.882, 260.723, 168.037, 283.564, 168.067, 164.29, 302.824, 149.306, 144.147, 144.145];
HighestPossibleCritFunctionValue = 1.1;
