NumDevices = 64;
NumSlotes = 512;


GivenBandwidthOld = [0.0106409, 0.0170163, 0.0174462, 0.0127633, 0.00844522, 0.0137566, 0.011494, 0.0147942, 0.0112741, 0.00952787, 0.00984478, 0.0161381, 0.00860784, 0.0169949, 0.00911343, 0.0143565, 0.0145309, 0.0152849, 0.00837125, 0.0105708, 0.00893693, 0.00801799, 0.0133217, 0.0121427, 0.0171043, 0.0173807, 0.0131424, 0.00955864, 0.0169972, 0.00772599, 0.015765, 0.0167287, 0.0145083, 0.0154521, 0.00856046, 0.0106077, 0.00892837, 0.0140343, 0.00974874, 0.0121289, 0.0159648, 0.0153223, 0.0162517, 0.00799298, 0.0130848, 0.0119237, 0.0168851, 0.0131336, 0.0116572, 0.00823834, 0.0168001, 0.0135424, 0.0120465, 0.0110281, 0.0142925, 0.00854808, 0.0126106, 0.0114787, 0.0169693, 0.0174502, 0.0102822, 0.00809731, 0.0164317, 0.0120471];
GivenLatency = [103.745, 58.9373, 69.9789, 79.5983, 118.431, 90.2215, 107.672, 63.8941, 85.302, 113.764, 101.607, 60.6148, 118.827, 63.0141, 113.08, 85.5009, 66.3771, 65.8101, 147.789, 101.744, 106.244, 124.392, 91.9865, 93.9753, 57.4081, 54.7135, 75.8117, 95.7107, 70.0493, 147.749, 60.0211, 70.1424, 83.5937, 63.3822, 117.577, 109.625, 102.765, 74.6293, 98.7253, 85.4136, 74.0491, 74.4909, 61.6276, 127.006, 88.26, 77.5445, 72.3309, 76.5177, 90.6855, 132.316, 55.8148, 80.9549, 90.0385, 100.757, 63.9358, 129.515, 77.9574, 97.9075, 55.1211, 52.4927, 98.3124, 139.137, 63.1269, 96.4358];
HighestPossibleCritFunctionValue = 1.1;
