NumDevices = 128;
NumSlotes = 1024;


GivenBandwidthOld = [0.00436518, 0.00190135, 0.00158406, 0.00331985, 0.0017726, 0.00326935, 0.00290106, 0.00370686, 0.00311728, 0.00345649, 0.00129105, 0.00373629, 0.00391355, 0.00195769, 0.00172669, 0.00366843, 0.00412402, 0.00183348, 0.0014701, 0.00366826, 0.00431413, 0.00328792, 0.00259928, 0.00361879, 0.00410011, 0.00296805, 0.0014932, 0.00434996, 0.00232292, 0.00250707, 0.00383914, 0.00133544, 0.00281812, 0.00359062, 0.002601, 0.00126294, 0.0030491, 0.00427079, 0.00298197, 0.00417387, 0.00205867, 0.00200366, 0.0023659, 0.00298834, 0.00197473, 0.00371206, 0.00303186, 0.00212748, 0.00221591, 0.00411415, 0.00147043, 0.0028626, 0.00421829, 0.00179651, 0.00201371, 0.0025278, 0.00225533, 0.00411427, 0.00361913, 0.00365128, 0.00329823, 0.00400694, 0.00284384, 0.00146316, 0.0025827, 0.00305084, 0.00232455, 0.00191494, 0.00197016, 0.00189872, 0.00428285, 0.00250307, 0.00218253, 0.00245861, 0.00179061, 0.00292791, 0.0019139, 0.00322615, 0.00187749, 0.00380508, 0.00387928, 0.00401562, 0.00176613, 0.00395215, 0.00371227, 0.00338375, 0.00382592, 0.00411657, 0.00149354, 0.00373055, 0.00429037, 0.00393606, 0.00206843, 0.0034398, 0.00214274, 0.0023767, 0.00333574, 0.00319591, 0.00304442, 0.00379667, 0.00309815, 0.00368006, 0.00265644, 0.00180872, 0.00417374, 0.00302335, 0.00283858, 0.0035593, 0.00434412, 0.00406823, 0.00163416, 0.00162264, 0.0017511, 0.00142989, 0.00279071, 0.0022876, 0.00271215, 0.0036901, 0.00256362, 0.00430676, 0.00434631, 0.00342691, 0.00417431, 0.00329279, 0.0031049, 0.00162284, 0.00202669, 0.00188489];
GivenLatency = [89.8648, 222.063, 201.797, 181.141, 230.695, 199.629, 216.63, 129.884, 141.14, 99.5289, 263.303, 165.109, 100.56, 263.816, 191.632, 91.5016, 106.316, 180.224, 360.555, 109.883, 74.6392, 171.278, 184.155, 114.671, 88.4469, 132.697, 269.515, 98.1652, 149.197, 153.085, 142.991, 339.002, 125.404, 111.128, 147.868, 418.069, 181.997, 93.6325, 169.87, 110.923, 151.869, 170.478, 166.435, 106.586, 249.705, 85.3537, 126.599, 178.206, 153.666, 101.197, 275.814, 114.85, 81.2336, 205.371, 167.256, 133.012, 153.864, 80.6693, 152.605, 130.785, 138.643, 120.854, 143.956, 282.129, 157.2, 139.069, 140.221, 176.764, 190.92, 245.158, 96.121, 126.196, 161.846, 192.385, 303.454, 212.574, 268.457, 127.039, 313.48, 117.607, 141.133, 116.531, 220.004, 92.6775, 87.2096, 92.8742, 118.939, 117.788, 228.45, 127.638, 83.0966, 98.1247, 278.048, 119.158, 229.652, 142.88, 106.547, 123.52, 174.466, 98.4231, 119.824, 148.408, 199.374, 192.832, 147.897, 143.894, 142.134, 102.821, 89.8472, 131.657, 232.357, 238.512, 189.796, 256.541, 115.95, 204.36, 197.277, 111.743, 171.775, 100.233, 88.7655, 126.224, 99.6195, 158.942, 109.798, 375.725, 168.886, 192.866];
HighestPossibleCritFunctionValue = 1.1;
