NumDevices = 16;
NumSlotes = 128;


GivenBandwidthOld = [0.0262077, 0.0130884, 0.0161841, 0.0218766, 0.0204057, 0.0236513, 0.0219875, 0.0347208, 0.0178191, 0.0252047, 0.0303887, 0.033421, 0.0225524, 0.0275426, 0.0242507, 0.0207737];
GivenLatency = [18.8529, 24.2632, 20.6388, 20.4759, 15.2763, 14.3379, 19.862, 14.0929, 21.1776, 13.0202, 19.8317, 18.3882, 14.2798, 11.7548, 12.5533, 16.5932];
HighestPossibleCritFunctionValue = 1.1;
