NumDevices = 128;
NumSlotes = 1024;


GivenBandwidthOld = [0.00450005, 0.00481832, 0.00405824, 0.00440359, 0.00859313, 0.00725915, 0.00706778, 0.00572331, 0.00417508, 0.00806237, 0.00675553, 0.00763135, 0.00754601, 0.00827885, 0.00510123, 0.00393519, 0.00631979, 0.00421181, 0.00542043, 0.00859459, 0.00675764, 0.00822912, 0.00428311, 0.00375053, 0.00770728, 0.00874853, 0.00404125, 0.00382599, 0.00585322, 0.00753875, 0.00631326, 0.00441846, 0.00848648, 0.0047694, 0.00687769, 0.00578783, 0.00858863, 0.0065305, 0.00559131, 0.00562127, 0.00422008, 0.00432412, 0.00796229, 0.00469084, 0.00644777, 0.0051193, 0.00751775, 0.00831822, 0.00675619, 0.00873595, 0.00756747, 0.00400235, 0.00501392, 0.00638534, 0.0059405, 0.00440642, 0.00620125, 0.00688594, 0.00446691, 0.00782181, 0.00859095, 0.00555117, 0.00603774, 0.00385865, 0.00475457, 0.00755257, 0.00857869, 0.00450314, 0.00675881, 0.00774303, 0.00468487, 0.00605865, 0.00530696, 0.00660377, 0.00702328, 0.00775505, 0.00658935, 0.00462873, 0.00751882, 0.00624088, 0.00789486, 0.00636996, 0.00742233, 0.00462288, 0.00421418, 0.00520303, 0.00490239, 0.00695116, 0.0056472, 0.00506596, 0.00613852, 0.00754819, 0.00493408, 0.00456658, 0.00801999, 0.00443841, 0.00387043, 0.00781235, 0.00464208, 0.00699666, 0.00530716, 0.00486936, 0.00682307, 0.00785376, 0.00565014, 0.00442237, 0.00433411, 0.00584221, 0.00759229, 0.00619178, 0.00770663, 0.00778222, 0.00829251, 0.00464853, 0.00528837, 0.00408569, 0.00570137, 0.00550222, 0.0082452, 0.00464555, 0.00519189, 0.00767685, 0.00736808, 0.00788753, 0.00815004, 0.00517825, 0.00830918, 0.00480715];
GivenLatency = [243.991, 209.609, 257.254, 294.45, 125.236, 172.673, 178.684, 212.409, 285.818, 124.449, 192.048, 129.377, 133.851, 120.779, 244.656, 255.633, 164.371, 284.833, 196.175, 119.479, 141.577, 125.622, 242.266, 285.684, 164.115, 114.998, 303.424, 312.906, 177.109, 163.454, 151.432, 262.463, 121.197, 245.157, 187.597, 204.429, 115.162, 193.22, 177.374, 174.421, 257.489, 239.667, 136.1, 248.973, 158.964, 187.018, 142.32, 125.258, 165.115, 128.846, 157.296, 257.907, 225.187, 149.893, 216.374, 256.59, 154.465, 173.479, 289.324, 165.939, 146.949, 228.637, 196.658, 275.118, 216.225, 138.924, 148.426, 216.566, 160.421, 153.822, 238.225, 206.566, 187.953, 164.662, 144.862, 128.377, 191.742, 236.772, 150.032, 189.477, 128.078, 180.562, 139.757, 260.16, 242.242, 192.464, 197.054, 168.465, 219.842, 197.285, 174.48, 130.497, 262.314, 214.95, 128.69, 269.854, 265.08, 160.297, 229.324, 153.693, 199.268, 227.152, 149.459, 159.834, 227.69, 281.407, 258.409, 167.802, 130.699, 192.65, 143.938, 139.897, 118.552, 206.527, 191.913, 291.257, 191.404, 192.774, 130.316, 211.932, 220.533, 163.858, 138.966, 162.089, 154.757, 212.3, 130.527, 245.538];
HighestPossibleCritFunctionValue = 1.1;
