NumDevices = 32;
NumSlotes = 256;


GivenBandwidthOld = [0.0268005, 0.0215907, 0.0342598, 0.0396502, 0.0358023, 0.0385686, 0.0323373, 0.0274274, 0.031698, 0.0336074, 0.0240585, 0.0359174, 0.0245564, 0.0298382, 0.0258444, 0.0264766, 0.0266545, 0.0167907, 0.03561, 0.0316334, 0.0226497, 0.0338424, 0.0249296, 0.0271887, 0.020852, 0.0202464, 0.016948, 0.0292845, 0.0198783, 0.0294676, 0.0214937, 0.029673];
GivenLatency = [79.679, 91.1477, 71.2739, 46.0898, 59.6595, 58.3987, 54.143, 88.2233, 76.9844, 73.9092, 69.8601, 63.6649, 73.8614, 64.454, 74.3785, 72.0682, 67.2462, 107.934, 48.8057, 66.4343, 96.6146, 71.8004, 74.1005, 67.0407, 100.394, 107.305, 124.412, 60.2818, 115.161, 78.8885, 93.4317, 81.7278];
HighestPossibleCritFunctionValue = 1.1;
