NumDevices = 16;
NumSlotes = 128;


GivenBandwidthOld = [0.0199526, 0.033099, 0.0343591, 0.0141884, 0.0298367, 0.0306749, 0.017923, 0.0212724, 0.0148461, 0.034166, 0.0171746, 0.0178696, 0.025096, 0.0278779, 0.0338558, 0.0289234];
GivenLatency = [16.1997, 14.7739, 12.3238, 43.1238, 19.0828, 16.8257, 28.5825, 17.2565, 27.3946, 12.5609, 17.6476, 20.9074, 18.7965, 19.0763, 12.3739, 15.3306];
HighestPossibleCritFunctionValue = 1.1;
