NumDevices = 32;
NumSlotes = 256;


GivenBandwidthOld = [0.0268552, 0.0248459, 0.0348514, 0.0180227, 0.0177676, 0.0304512, 0.0239553, 0.0260355, 0.0291673, 0.025444, 0.0273367, 0.018396, 0.0310366, 0.0227337, 0.0155657, 0.0235085, 0.0172242, 0.0167624, 0.0163271, 0.0188031, 0.0340933, 0.0168983, 0.0196991, 0.032553, 0.0274713, 0.0207194, 0.0217975, 0.020934, 0.0273761, 0.0200879, 0.0280111, 0.0329946];
GivenLatency = [33.5921, 44.5177, 27.6666, 47.2958, 61.7228, 35.8359, 38.5378, 35.8662, 33.1029, 36.7325, 40.752, 46.122, 29.6143, 47.8928, 66.1524, 42.4155, 57.7173, 60.7058, 59.5898, 56.6787, 33.6857, 57.1958, 44.3129, 29.1777, 30.4262, 44.1282, 47.0207, 43.3083, 39.6737, 44.3582, 34.154, 26.7197];
HighestPossibleCritFunctionValue = 1.1;
