NumDevices = 16;
NumSlotes = 128;


GivenBandwidthOld = [0.0716028, 0.0482195, 0.0457011, 0.0687497, 0.0470236, 0.0455492, 0.0658194, 0.0466824, 0.0618705, 0.0773865, 0.0549075, 0.051127, 0.0617558, 0.049724, 0.0307287, 0.0778715];
GivenLatency = [22.1585, 38.4667, 34.7789, 20.5026, 31.1998, 31.0163, 20.6146, 36.0715, 23.0976, 20.3673, 31.9945, 30.4966, 31.7824, 39.8187, 52.8058, 18.0405];
HighestPossibleCritFunctionValue = 1.1;
