NumDevices = 16;
NumSlotes = 128;


GivenBandwidthOld = [0.0718847, 0.0361743, 0.0522695, 0.0633188, 0.0691629, 0.0404191, 0.0443959, 0.0311025, 0.0601947, 0.0630893, 0.0616773, 0.0310551, 0.0630356, 0.0593322, 0.0660022, 0.0696105];
GivenLatency = [20.9117, 45.6995, 29.266, 31.4296, 23.3171, 44.1862, 38.9314, 58.3292, 23.4547, 31.4959, 31.9561, 60.9201, 31.1026, 22.8283, 21.7239, 27.9353];
HighestPossibleCritFunctionValue = 1.1;
