NumDevices = 16;
NumSlotes = 128;


GivenBandwidthOld = [0.0127528, 0.0270047, 0.0331782, 0.0162035, 0.0224595, 0.0160458, 0.0217586, 0.0114632, 0.0263726, 0.0341897, 0.0165227, 0.011759, 0.0233762, 0.0230432, 0.0265928, 0.034891];
GivenLatency = [28.0977, 11.4096, 17.3091, 18.8245, 17.426, 25.8356, 15.685, 54.7261, 13.7439, 14.4495, 23.4682, 28.004, 23.8248, 25.5448, 23.2778, 12.3041];
HighestPossibleCritFunctionValue = 1.1;
