NumDevices = 32;
NumSlotes = 256;


GivenBandwidthOld = [0.0150048, 0.0156806, 0.0343812, 0.0342575, 0.016653, 0.0165524, 0.0258392, 0.0294805, 0.0291705, 0.0193744, 0.0158195, 0.0288865, 0.0248847, 0.0271793, 0.0326644, 0.0213726, 0.0189471, 0.0331936, 0.034216, 0.0179288, 0.019595, 0.0227632, 0.0312726, 0.0291954, 0.0173456, 0.0171642, 0.028921, 0.0245051, 0.0278769, 0.0174899, 0.0226238, 0.0285838];
GivenLatency = [74.7211, 74.0059, 32.148, 25.9718, 61.1368, 52.5513, 32.4658, 35.5056, 33.1084, 43.3887, 57.6905, 30.6391, 39.4079, 37.3533, 32.2437, 46.7536, 54.7229, 25.8752, 30.2557, 48.833, 49.1396, 40.2237, 34.0239, 29.3991, 53.7163, 68.3614, 30.0958, 45.5143, 37.0523, 59.9895, 39.2939, 40.3931];
HighestPossibleCritFunctionValue = 1.1;
