NumDevices = 128;
NumSlotes = 1024;


GivenBandwidthOld = [0.00780118, 0.00693256, 0.00811676, 0.00591435, 0.00502928, 0.00453684, 0.00817866, 0.00628415, 0.00512547, 0.00630538, 0.00709967, 0.00672528, 0.00426417, 0.00541379, 0.00698602, 0.00660681, 0.00808353, 0.00738481, 0.00394004, 0.00771391, 0.00523543, 0.00443717, 0.00808684, 0.00803522, 0.00548254, 0.00758607, 0.00662299, 0.00513853, 0.00584592, 0.00489462, 0.00630425, 0.00798831, 0.00696966, 0.0065158, 0.00848364, 0.00701364, 0.00579053, 0.0038943, 0.00405539, 0.0064607, 0.00743746, 0.00384237, 0.00620989, 0.00718886, 0.00570708, 0.00644669, 0.00708996, 0.00851903, 0.00678366, 0.00550003, 0.00649797, 0.0039535, 0.00396654, 0.00812593, 0.00503059, 0.00663037, 0.00409308, 0.00488449, 0.00610189, 0.00690591, 0.00512431, 0.00679507, 0.0072053, 0.00699561, 0.00764355, 0.00763148, 0.00472522, 0.00431827, 0.00462517, 0.00777118, 0.00769321, 0.00730245, 0.00475859, 0.00508068, 0.00844537, 0.00379253, 0.00851908, 0.00764225, 0.00585308, 0.00517985, 0.00516622, 0.00619632, 0.00404347, 0.00606021, 0.00648413, 0.00630528, 0.00536864, 0.0081973, 0.00447901, 0.00617761, 0.00452845, 0.00721397, 0.00775532, 0.00608673, 0.00716099, 0.00733919, 0.00724593, 0.004924, 0.00517159, 0.00637582, 0.0058381, 0.00849731, 0.00680222, 0.00745371, 0.00697229, 0.00572852, 0.00675642, 0.00759979, 0.00711579, 0.00757189, 0.0082908, 0.00590662, 0.00499599, 0.00509822, 0.00831764, 0.00712502, 0.00767617, 0.00587995, 0.00685676, 0.00398772, 0.00411585, 0.00760056, 0.00509152, 0.00564774, 0.00413473, 0.00489284, 0.00643726, 0.00848119];
GivenLatency = [143.611, 162.182, 128.265, 201.733, 251.353, 256.222, 120.553, 172.94, 207.266, 165.779, 154.724, 146.692, 271.658, 226.404, 152.056, 172.147, 138.264, 140.97, 274.311, 136.747, 209.226, 245.771, 123.066, 138.643, 184.256, 164.145, 187.809, 189.284, 221.816, 219.303, 201.021, 124.755, 151.108, 180.567, 145.946, 162.981, 173.694, 264.505, 246.023, 198.844, 132.379, 250.627, 157.477, 166.421, 221.787, 151.379, 167.042, 123.495, 147.929, 199.987, 192.854, 272.486, 311.12, 132.967, 200.191, 155.89, 300.435, 234.49, 168.214, 152.616, 242.611, 149.514, 133.725, 137.876, 140.928, 155.471, 219.195, 272.864, 221.596, 150.858, 134.669, 141.093, 250.701, 200.026, 150.422, 275.333, 127.903, 129.953, 180.424, 208.175, 220.52, 169.745, 237.264, 158.988, 155.727, 152.169, 211.874, 148.132, 252.001, 167.779, 251.135, 159.235, 139.71, 194.766, 180.692, 156.18, 141.922, 213.951, 194.853, 149.732, 214.286, 129.899, 155.017, 138.146, 159.336, 179.711, 191.906, 128.607, 141.914, 155.62, 154.633, 164.984, 221.846, 224.758, 128.536, 171.689, 153.823, 204.399, 166.726, 252.428, 278.121, 127.763, 249.531, 213.217, 286.07, 260.265, 196.41, 113.571];
HighestPossibleCritFunctionValue = 1.1;
