NumDevices = 16;
NumSlotes = 128;


GivenBandwidthOld = [0.0608289, 0.0513683, 0.0466808, 0.0646923, 0.0626865, 0.0320854, 0.0397464, 0.0376088, 0.0311056, 0.0512422, 0.0483125, 0.0473914, 0.0465406, 0.0673416, 0.030625, 0.0545115];
GivenLatency = [17.3548, 15.7179, 18.5641, 15.0012, 14.0198, 24.8366, 19.568, 26.7962, 26.8457, 17.1916, 16.9562, 19.173, 18.8134, 15.7507, 35.233, 14.1506];
HighestPossibleCritFunctionValue = 1.1;
