NumDevices = 16;
NumSlotes = 128;


GivenBandwidthOld = [0.0203427, 0.0149957, 0.023057, 0.0340093, 0.0349703, 0.0114071, 0.0334383, 0.01286, 0.0277756, 0.0141596, 0.0209084, 0.0230437, 0.0112554, 0.0347326, 0.0166169, 0.0198498];
GivenLatency = [16.514, 32.3807, 14.1078, 15.0829, 9.46144, 29.2107, 9.36291, 29.0032, 12.1302, 37.273, 22.2609, 20.436, 31.1205, 10.9318, 32.6861, 21.4159];
HighestPossibleCritFunctionValue = 1.1;
