NumDevices = 16;
NumSlotes = 128;


GivenBandwidthOld = [0.0333644, 0.0212188, 0.0148587, 0.0198718, 0.0248527, 0.0149367, 0.0312052, 0.0304655, 0.0234976, 0.0149556, 0.0242682, 0.0163103, 0.0171213, 0.0219182, 0.0198391, 0.0262207];
GivenLatency = [9.67778, 14.785, 25.7677, 18.9716, 14.3941, 25.1792, 14.4472, 10.2324, 14.5578, 24.4251, 13.9296, 35.5202, 33.1788, 23.5359, 17.581, 13.2605];
HighestPossibleCritFunctionValue = 1.1;
