NumDevices = 128;
NumSlotes = 1024;


GivenBandwidthOld = [0.00758812, 0.00469525, 0.00934019, 0.00809571, 0.0046721, 0.00771111, 0.00931268, 0.0081787, 0.00562278, 0.00449694, 0.00757617, 0.00399941, 0.00806516, 0.00995827, 0.00869818, 0.00524996, 0.00733861, 0.0050046, 0.00855543, 0.00614465, 0.0069063, 0.00794708, 0.00660357, 0.00750051, 0.00726934, 0.00947275, 0.00475644, 0.00641123, 0.00603053, 0.00763008, 0.00381415, 0.00684606, 0.00800785, 0.00919168, 0.00581019, 0.00429619, 0.00859527, 0.00696162, 0.00651187, 0.0099227, 0.00462842, 0.00480286, 0.00548101, 0.00936633, 0.00997635, 0.00628524, 0.00735726, 0.00591806, 0.00487241, 0.00561888, 0.0076921, 0.00858202, 0.0092299, 0.00451265, 0.00916262, 0.00495961, 0.00873786, 0.00964041, 0.00391485, 0.0056551, 0.00396828, 0.0099614, 0.00506324, 0.00666998, 0.00482613, 0.00899493, 0.00530931, 0.004844, 0.00940816, 0.00667274, 0.00748513, 0.00505951, 0.006389, 0.00736254, 0.00714175, 0.00882981, 0.00507647, 0.00402921, 0.00894874, 0.00391421, 0.0073484, 0.00701831, 0.00915998, 0.00434452, 0.00833876, 0.00836315, 0.00574483, 0.00591535, 0.00937122, 0.00461561, 0.00835725, 0.00661222, 0.00916606, 0.0065027, 0.00595273, 0.00630416, 0.00656559, 0.00662284, 0.0063023, 0.00651941, 0.00542139, 0.00729484, 0.00688874, 0.00663284, 0.00556356, 0.00928937, 0.00391721, 0.0078547, 0.00390342, 0.00726597, 0.00917337, 0.00429032, 0.00987824, 0.00736888, 0.00753596, 0.00933183, 0.00501563, 0.00648902, 0.00725691, 0.0068824, 0.00618218, 0.00634525, 0.00954682, 0.00594332, 0.00446282, 0.0091921, 0.0066229, 0.00728466];
GivenLatency = [622.654, 1019.48, 405.888, 597.699, 759.374, 621.326, 425.032, 523.305, 849.249, 767.66, 659.451, 1165.79, 517.024, 378.863, 451.203, 828.584, 545.987, 854.275, 412.889, 555.072, 489.576, 448.27, 638.591, 533.905, 516.853, 516.227, 832.555, 524.335, 643.659, 627.159, 1133.84, 588.694, 543.783, 426.463, 854.083, 829.297, 499.699, 684.676, 513.033, 441.337, 799.563, 804.836, 794.714, 356.414, 489.099, 608.235, 466.714, 634.011, 861.548, 719.894, 620.808, 448.973, 441.997, 797.076, 543.235, 894.593, 439.166, 470.952, 1062.94, 718.713, 895.343, 335.973, 734.307, 545.442, 885.292, 481.605, 823.661, 701.529, 445.444, 623.712, 577.414, 674.666, 714.299, 457.882, 672.757, 433.472, 787.379, 863.826, 448.767, 1188.86, 589.58, 671.377, 538.325, 1141.62, 505.079, 542.801, 656.439, 671.982, 401.744, 1048.02, 419.951, 710.402, 386.262, 574.971, 779.149, 753.623, 761.205, 724.202, 572.239, 513.094, 872.507, 601.959, 625.275, 673.175, 833.578, 485.78, 948.422, 447.297, 1205.48, 488.337, 523.192, 852.101, 375.346, 610.562, 460.05, 473.557, 904.453, 708.066, 565.22, 657.986, 602.971, 763.024, 357.96, 577.679, 929.101, 389.595, 682.094, 507.416];
HighestPossibleCritFunctionValue = 1.1;
