NumDevices = 32;
NumSlotes = 256;


GivenBandwidthOld = [0.0139031, 0.0147036, 0.00658586, 0.00859976, 0.00621341, 0.0112867, 0.0156655, 0.00946272, 0.00995082, 0.0134448, 0.012351, 0.0162336, 0.00834023, 0.00678042, 0.0160186, 0.00660393, 0.0122368, 0.008386, 0.0134551, 0.0100393, 0.0126637, 0.00810407, 0.0125426, 0.0101545, 0.0121283, 0.0106652, 0.00744884, 0.0127027, 0.0136862, 0.00724082, 0.0163975, 0.0130821];
GivenLatency = [23.2138, 24.1892, 91.6458, 69.786, 71.1404, 32.0326, 23.1544, 39.4869, 35.9601, 23.5334, 30.32, 21.3004, 46.9305, 72.1359, 25.2605, 75.1449, 48.1797, 46.4417, 34.7352, 57.7835, 26.142, 39.6018, 36.3492, 46.1347, 33.6894, 44.2168, 69.5427, 25.3907, 22.6906, 51.4809, 35.0587, 46.5712];
HighestPossibleCritFunctionValue = 1.1;
