NumDevices = 32;
NumSlotes = 256;


GivenBandwidthOld = [0.0259185, 0.0222937, 0.0248467, 0.0331883, 0.0309098, 0.0360192, 0.0338478, 0.0399407, 0.0182902, 0.0376626, 0.0304137, 0.0229454, 0.0288865, 0.0300094, 0.0275763, 0.0344572, 0.0326692, 0.0309292, 0.0362134, 0.0236367, 0.0222438, 0.0357867, 0.027421, 0.0254607, 0.0284982, 0.0296235, 0.0178979, 0.0205648, 0.0176292, 0.0292866, 0.030122, 0.0204351];
GivenLatency = [65.7232, 96.7603, 76.2719, 67.8309, 77.0191, 60.8907, 55.8726, 48.4866, 117.934, 53.1326, 75.5918, 90.1157, 59.4346, 82.3602, 71.0221, 64.2429, 61.3318, 58.1731, 51.0777, 76.8076, 109.031, 68.3503, 69.212, 73.1524, 81.2832, 59.058, 110.832, 102.986, 107.355, 83.6552, 71.6407, 86.1906];
HighestPossibleCritFunctionValue = 1.1;
