NumDevices = 128;
NumSlotes = 1024;


GivenBandwidthOld = [0.00537888, 0.00526703, 0.00547766, 0.00545283, 0.00817066, 0.00675516, 0.00643521, 0.00407914, 0.00554527, 0.00679179, 0.00711334, 0.00633197, 0.00398915, 0.00822408, 0.00463009, 0.00539193, 0.00463437, 0.00734134, 0.00848602, 0.00696738, 0.00817207, 0.00539819, 0.00485861, 0.00619919, 0.00736805, 0.00731381, 0.00577248, 0.0055301, 0.00696125, 0.00530481, 0.00546062, 0.00407541, 0.00792649, 0.00794886, 0.00393045, 0.00662645, 0.00832262, 0.00577427, 0.00565576, 0.00379226, 0.00409127, 0.00448092, 0.00836402, 0.00657446, 0.00443782, 0.00394186, 0.00831662, 0.00495232, 0.00614605, 0.00412594, 0.00715079, 0.00578772, 0.00667962, 0.00683321, 0.00834112, 0.00668109, 0.00663553, 0.00579939, 0.0078395, 0.0060091, 0.00746846, 0.00482812, 0.00869101, 0.00727674, 0.00768896, 0.00590675, 0.00720545, 0.00453119, 0.00825615, 0.00864376, 0.00819496, 0.00524784, 0.00802236, 0.00428594, 0.00628418, 0.00575201, 0.00656301, 0.00708374, 0.00396159, 0.00494536, 0.00419145, 0.00814277, 0.00812171, 0.0041573, 0.00422459, 0.00519885, 0.00459158, 0.00816622, 0.00710748, 0.00795803, 0.0081842, 0.00434648, 0.00386437, 0.00596291, 0.00619386, 0.00768561, 0.0044841, 0.00682939, 0.00408189, 0.00686008, 0.00479909, 0.00573297, 0.00649617, 0.00861904, 0.00770734, 0.00478948, 0.00422476, 0.00811186, 0.00861401, 0.00824516, 0.00397984, 0.00658764, 0.00588815, 0.00458786, 0.00570631, 0.00848165, 0.00856319, 0.00407636, 0.00385487, 0.00628604, 0.00699429, 0.00554795, 0.00685955, 0.00588947, 0.00679957, 0.00784133, 0.00672236, 0.0051566];
GivenLatency = [229.555, 186.661, 194.865, 207.365, 150.668, 161.387, 155.933, 263.264, 185.589, 181.999, 143.577, 183.212, 290.975, 148.275, 221.469, 197.296, 231.779, 162.599, 119.025, 151.21, 129.67, 184.073, 212.809, 173.169, 153.6, 132.745, 182.806, 209.776, 148.255, 227.182, 198.155, 286.77, 158.818, 143.873, 298.964, 194.622, 147.237, 166.377, 226.009, 287.759, 234.364, 216.583, 121.947, 168.721, 225.265, 267.254, 126.187, 225.567, 174.013, 269.202, 147.495, 192.249, 191.996, 175.293, 117.35, 148.01, 161.089, 168.606, 122.756, 182.023, 153.372, 212.543, 135.811, 171.324, 138.94, 172.322, 167.049, 259.776, 119.917, 119.518, 134.393, 216.631, 148.699, 252.822, 162.464, 168.436, 153.627, 176.364, 241.579, 233.132, 289.034, 120.451, 146.067, 242.053, 236.04, 183.216, 268.436, 125.336, 151.094, 147.411, 133.837, 254.131, 254.484, 168.829, 176.621, 130.895, 271.492, 153.314, 237.887, 159.191, 222.275, 183.71, 163.974, 124.088, 125.548, 209.345, 303.891, 156.024, 145.057, 146.274, 278.144, 172.844, 180.841, 212.363, 190.035, 152.024, 150.623, 264.732, 270.005, 154.137, 156.324, 192.445, 179.628, 168.178, 156.59, 128.484, 160.335, 223.143];
HighestPossibleCritFunctionValue = 1.1;
