NumDevices = 32;
NumSlotes = 256;


GivenBandwidthOld = [0.0344391, 0.0285748, 0.0263594, 0.032081, 0.0346026, 0.0152935, 0.0286112, 0.0189183, 0.030606, 0.0253233, 0.019009, 0.0344093, 0.0278894, 0.0268547, 0.016302, 0.0176789, 0.0188046, 0.0185916, 0.0191135, 0.0305907, 0.0283689, 0.0261332, 0.0311437, 0.0217961, 0.016848, 0.0345716, 0.0344847, 0.0338841, 0.0205107, 0.0341171, 0.0164028, 0.0323711];
GivenLatency = [25.4575, 34.8811, 43.9001, 31.1205, 31.6951, 60.1383, 39.3, 52.293, 32.0394, 44.5121, 54.1819, 25.2251, 30.3444, 31.7653, 61.5193, 51.1411, 49.6808, 47.0212, 55.8889, 29.3254, 30.7518, 32.9987, 34.1491, 43.1218, 63.4637, 28.1712, 26.4343, 25.6414, 51.29, 27.7293, 54.3149, 30.8989];
HighestPossibleCritFunctionValue = 1.1;
