NumDevices = 32;
NumSlotes = 256;


GivenBandwidthOld = [0.0178268, 0.0258071, 0.0252553, 0.0259011, 0.0297491, 0.0278255, 0.0223881, 0.0371011, 0.0179834, 0.0317863, 0.0177656, 0.0214357, 0.0295551, 0.0175138, 0.0395652, 0.0325192, 0.0354992, 0.0195566, 0.0232893, 0.0337474, 0.0281994, 0.0330166, 0.0208317, 0.0278528, 0.0314274, 0.0348353, 0.0363856, 0.017109, 0.0362648, 0.0376955, 0.0327255, 0.0268658];
GivenLatency = [130.509, 72.8633, 90.8157, 86.0475, 69.293, 61.2956, 81.9467, 47.799, 109.392, 66.8808, 125.087, 95.7407, 71.0859, 112.699, 53.187, 53.8531, 58.9444, 101.836, 87.6028, 61.7543, 60.5749, 55.7557, 89.1907, 60.9015, 54.9933, 69.1892, 67.7474, 100.028, 50.7579, 60.8453, 74.651, 76.4626];
HighestPossibleCritFunctionValue = 1.1;
