NumDevices = 128;
NumSlotes = 1024;


GivenBandwidthOld = [0.0048215, 0.00617411, 0.00832247, 0.00943822, 0.00570326, 0.00726466, 0.0059748, 0.00853458, 0.00572748, 0.00798954, 0.00761659, 0.00822872, 0.00882975, 0.00406961, 0.00669277, 0.00657404, 0.00482474, 0.0043433, 0.00666898, 0.00687011, 0.00589869, 0.00435615, 0.00387209, 0.00570256, 0.00799909, 0.00567944, 0.00691359, 0.00551791, 0.00443235, 0.0095478, 0.00988105, 0.00452926, 0.00705031, 0.00949498, 0.00956339, 0.0094572, 0.00586436, 0.00855093, 0.0054076, 0.00685555, 0.00495834, 0.0059963, 0.00736939, 0.00989237, 0.00732689, 0.00807578, 0.00720628, 0.00598892, 0.00820713, 0.00842648, 0.00765986, 0.00432631, 0.00851184, 0.004713, 0.0076447, 0.00574635, 0.00640423, 0.00706754, 0.0053064, 0.00599034, 0.00712123, 0.0078256, 0.00861476, 0.00956972, 0.00959309, 0.00854726, 0.00629192, 0.0070465, 0.00801509, 0.00590488, 0.00831372, 0.00616777, 0.00800221, 0.0082183, 0.0087344, 0.0077986, 0.00481702, 0.00598071, 0.00771532, 0.00518417, 0.00783078, 0.00822778, 0.00555032, 0.00547538, 0.00843722, 0.00691118, 0.00868026, 0.00406882, 0.00590183, 0.00706377, 0.00447645, 0.00697302, 0.00427723, 0.00865591, 0.00730532, 0.00807235, 0.00573329, 0.00560935, 0.00393354, 0.00731099, 0.00953869, 0.0067955, 0.00829718, 0.00943697, 0.00971827, 0.00627698, 0.0060068, 0.00883617, 0.00569442, 0.00861775, 0.00975504, 0.00553467, 0.00488997, 0.00698223, 0.00913173, 0.00446655, 0.00936161, 0.00549512, 0.00898453, 0.00555984, 0.00922112, 0.00681512, 0.00679868, 0.00535781, 0.00752791, 0.0053788, 0.00404779, 0.00869891];
GivenLatency = [940.476, 603.037, 591.55, 392.889, 786.987, 563.9, 733.969, 455.925, 824.724, 421.475, 643.644, 505.661, 494.841, 835.676, 566.117, 568.795, 953.841, 818.983, 654.278, 601.951, 815.88, 848.681, 1083.51, 875.804, 571.796, 615.528, 493.324, 847.978, 875.453, 423.632, 386.129, 751.512, 635.932, 472.082, 418.016, 487.632, 607.466, 403.825, 747.143, 505.375, 853.387, 572.465, 483.076, 339.577, 570.651, 485.516, 471.028, 684.125, 600.075, 452.553, 600.14, 807.727, 404.843, 993.111, 570.494, 847.55, 772.18, 594.345, 795.003, 775.077, 506.209, 515.483, 429.746, 374.697, 391.852, 462.256, 661.988, 628.915, 428.045, 758.327, 429.55, 745.551, 455.623, 561.683, 431.18, 625.353, 786.632, 617.87, 618.857, 850.809, 464.365, 471.67, 867.26, 638.29, 510.521, 701.438, 445.476, 1052.02, 728.288, 673.617, 853.225, 705.282, 820.118, 420.058, 667.794, 490.184, 634.451, 609.536, 1163.05, 564.126, 351.691, 647.554, 434.644, 456.263, 355.654, 640.587, 658.178, 509.546, 644.965, 393.469, 448.043, 608.615, 707.957, 538.598, 516.816, 927.038, 511.574, 624.235, 448.666, 649.724, 456.644, 638.826, 686.823, 827.918, 608.084, 677.234, 904.651, 418.064];
HighestPossibleCritFunctionValue = 1.1;
