NumDevices = 16;
NumSlotes = 128;


GivenBandwidthOld = [0.0403128, 0.0374444, 0.0679705, 0.0405875, 0.0539754, 0.0652172, 0.0452643, 0.056913, 0.0362288, 0.0377526, 0.0482259, 0.0321303, 0.0335078, 0.065123, 0.0623767, 0.0655999];
GivenLatency = [25.6589, 29.1149, 12.671, 21.5976, 19.8078, 13.2216, 17.8323, 14.1736, 25.8588, 22.1468, 18.9337, 24.8264, 23.3324, 13.3251, 15.2512, 12.5469];
HighestPossibleCritFunctionValue = 1.1;
