NumDevices = 128;
NumSlotes = 1024;


GivenBandwidthOld = [0.00154259, 0.0032689, 0.00164124, 0.00183619, 0.00341911, 0.00428912, 0.0015735, 0.0038898, 0.00273005, 0.00144717, 0.00261267, 0.00367922, 0.00413212, 0.00360548, 0.00232548, 0.00176657, 0.00191016, 0.00281209, 0.00223545, 0.00430015, 0.00266425, 0.00179016, 0.00152177, 0.00319765, 0.00419471, 0.00238594, 0.00238008, 0.00393025, 0.00136981, 0.00235685, 0.00411814, 0.00288682, 0.00185145, 0.00350994, 0.00289173, 0.00320141, 0.00176106, 0.00320124, 0.00205108, 0.00256777, 0.00207945, 0.00434889, 0.00297219, 0.00230488, 0.00242004, 0.00354345, 0.00353603, 0.00377147, 0.00152568, 0.00330657, 0.00356288, 0.00197472, 0.00354592, 0.00135625, 0.00266825, 0.00343358, 0.00383964, 0.00337745, 0.00419361, 0.00256822, 0.00348249, 0.00398608, 0.00212276, 0.00414466, 0.00177804, 0.00409305, 0.00313601, 0.00250632, 0.00363893, 0.00192578, 0.0028928, 0.00239733, 0.00310639, 0.00155257, 0.00217015, 0.00367295, 0.0018622, 0.00294789, 0.00338587, 0.00195906, 0.00282226, 0.00432902, 0.00352353, 0.00312864, 0.00371619, 0.00366986, 0.00316683, 0.0017071, 0.00241002, 0.00396478, 0.00358665, 0.0013823, 0.00296141, 0.00237563, 0.00401625, 0.0029117, 0.0013378, 0.00193036, 0.00176531, 0.00264491, 0.00181854, 0.00357187, 0.00300474, 0.00261112, 0.00256551, 0.00166265, 0.00227478, 0.00283748, 0.00395324, 0.00334658, 0.00415049, 0.00288162, 0.00205943, 0.0021385, 0.00302396, 0.00374796, 0.00325615, 0.00293535, 0.00187378, 0.00378687, 0.00404692, 0.00286113, 0.0013398, 0.00434461, 0.003013, 0.00393274, 0.00251287, 0.00128228];
GivenLatency = [253.104, 112.399, 227.801, 216.279, 104.802, 89.7486, 286.88, 83.1419, 154.96, 299.426, 125.408, 93.4141, 90.3341, 87.9979, 223.841, 223.336, 242.756, 195.492, 173.997, 78.6598, 118.345, 234.633, 300.638, 117.668, 74.8642, 159.891, 173.303, 103.136, 236.527, 254.493, 85.4106, 186.221, 323.583, 130.088, 126.414, 118.766, 267.648, 142.528, 169.357, 135.625, 240.347, 103.173, 181.642, 239.066, 176.803, 88.5143, 185.109, 98.0457, 332.901, 105.448, 96.4349, 201.89, 159.451, 291.674, 179.551, 131.99, 128.797, 162.755, 146.145, 252.237, 91.281, 94.775, 277.189, 83.5045, 282.351, 147.553, 141.04, 261.519, 99.8836, 181.622, 194.074, 223.815, 112.171, 284.662, 171.523, 86.98, 277.593, 135.041, 143.938, 286.712, 140.349, 121.811, 141.198, 101.004, 85.9639, 100.736, 109.344, 247.701, 162.552, 102.56, 116.203, 395.158, 124.351, 238.263, 139.306, 133.164, 399.186, 166.244, 186.665, 174.87, 228.324, 118.048, 110.462, 128.619, 194.915, 217.551, 182.687, 120.616, 103.256, 188.894, 116.061, 124.592, 228.47, 168.237, 146.735, 101.364, 111.694, 108.297, 290.668, 89.267, 149.539, 126.43, 233.535, 145.263, 165.152, 119.94, 139.379, 386.056];
HighestPossibleCritFunctionValue = 1.1;
