NumDevices = 16;
NumSlotes = 128;


GivenBandwidthOld = [0.0644515, 0.056578, 0.0757509, 0.0647401, 0.057355, 0.0350349, 0.0511721, 0.0692685, 0.0659308, 0.0687429, 0.0324103, 0.0404108, 0.0536785, 0.0448255, 0.0520622, 0.0795823];
GivenLatency = [23.8654, 25.8439, 21.0309, 28.1844, 33.3514, 54.4658, 37.5647, 24.7725, 28.3724, 19.737, 44.342, 46.9215, 31.8715, 30.2237, 32.9467, 18.7679];
HighestPossibleCritFunctionValue = 1.1;
