NumDevices = 32;
NumSlotes = 256;


GivenBandwidthOld = [0.0299674, 0.0213482, 0.0340686, 0.0252103, 0.0189748, 0.019011, 0.02854, 0.0322104, 0.0203307, 0.0326476, 0.0176097, 0.0265318, 0.0294572, 0.0229608, 0.0370271, 0.0250677, 0.0229406, 0.023151, 0.034206, 0.0353034, 0.0299601, 0.0240823, 0.0362808, 0.0321853, 0.0240188, 0.019398, 0.0324435, 0.0371025, 0.0170643, 0.0354067, 0.0397815, 0.0170266];
GivenLatency = [68.3044, 86.064, 71.7389, 74.7108, 90.7267, 107.563, 78.4469, 63.6367, 101.671, 56.3522, 136.674, 65.0938, 83.2581, 96.5526, 63.6946, 72.2789, 92.5736, 100.632, 56.2569, 49.234, 55.9035, 70.4936, 48.3405, 52.2425, 70.2713, 96.714, 64.9757, 64.0081, 132.806, 67.4244, 55.5151, 133.972];
HighestPossibleCritFunctionValue = 1.1;
