NumDevices = 128;
NumSlotes = 1024;


GivenBandwidthOld = [0.00780579, 0.00435512, 0.00397441, 0.0054543, 0.00792558, 0.00775212, 0.00740339, 0.00632616, 0.00630871, 0.00798253, 0.00494009, 0.0056144, 0.00871026, 0.00587434, 0.00745372, 0.00716802, 0.0054886, 0.00444552, 0.00843959, 0.0066244, 0.00874114, 0.00487665, 0.00431318, 0.0041991, 0.00676755, 0.0047046, 0.00772848, 0.00511948, 0.00552844, 0.00393225, 0.00678956, 0.00456195, 0.0051322, 0.00431694, 0.0073721, 0.00545895, 0.00607837, 0.00674309, 0.00869793, 0.00857303, 0.00437108, 0.00719414, 0.00448002, 0.00827004, 0.00713856, 0.00523541, 0.00400418, 0.00575871, 0.00417077, 0.00566399, 0.00723866, 0.00770601, 0.00739514, 0.00765546, 0.00782096, 0.00441978, 0.00573587, 0.00525887, 0.00835802, 0.00578162, 0.00424868, 0.00512733, 0.00755463, 0.00815324, 0.00398982, 0.00439067, 0.00643083, 0.00550958, 0.0070561, 0.00430801, 0.00726348, 0.00475534, 0.00556145, 0.00871707, 0.00533561, 0.00812834, 0.00545355, 0.00535999, 0.00791406, 0.00405637, 0.0079001, 0.00453452, 0.00415572, 0.00769175, 0.00776256, 0.00776235, 0.00436872, 0.00761072, 0.00580893, 0.00823198, 0.00736633, 0.00837875, 0.00412749, 0.00820328, 0.00509227, 0.00823219, 0.00597886, 0.00424869, 0.00521013, 0.00422443, 0.00745755, 0.00650821, 0.00606804, 0.00801902, 0.00824162, 0.0044448, 0.00626399, 0.00631432, 0.00720732, 0.00598666, 0.00533043, 0.00610854, 0.00375244, 0.0046816, 0.00612048, 0.00436087, 0.00559395, 0.00509098, 0.00653613, 0.00521102, 0.00406463, 0.00678067, 0.00520805, 0.00427519, 0.00559926, 0.00427155, 0.00450517, 0.00596282];
GivenLatency = [156.979, 225.503, 300.417, 189.61, 141.008, 123.203, 137.322, 156.532, 196.567, 126.096, 238.131, 193.349, 148.926, 162.157, 136.811, 163.031, 232.233, 230.739, 130.143, 153.484, 130.759, 201.7, 269.977, 290.581, 171.515, 220.165, 132.449, 186.134, 220.742, 306.11, 146.032, 216.739, 209.048, 259.054, 134.982, 207.318, 175.165, 182.294, 132.211, 136.845, 277.009, 163.275, 261.847, 137.067, 140.847, 187.031, 243.581, 205.791, 234.333, 179.847, 144.658, 166.989, 132.962, 130.556, 123.663, 240.1, 185.108, 219.324, 122.656, 187.996, 249.633, 214.068, 147.905, 122.489, 252.559, 269.028, 189.546, 200.155, 145.136, 250.926, 157.154, 202.863, 221.663, 110.858, 210.695, 117.882, 223.147, 230.452, 153.686, 311.287, 122.38, 267.954, 273.105, 134.11, 144.013, 134.925, 228.728, 130.609, 198.22, 119.971, 155.95, 114.546, 233.062, 144.724, 236.407, 125.313, 207.662, 278.472, 226.259, 271.845, 138.877, 166.267, 187.889, 121.734, 119.625, 275.72, 206.887, 170.951, 155.383, 190.281, 199.076, 207.181, 269.43, 222.835, 163.685, 283.707, 218.716, 232.32, 158.895, 241.022, 262.222, 183.391, 221.84, 256.226, 204.096, 229.998, 212.008, 189.432];
HighestPossibleCritFunctionValue = 1.1;
