NumDevices = 64;
NumSlotes = 512;


GivenBandwidthOld = [0.012524, 0.0164877, 0.0146209, 0.00872729, 0.0146365, 0.0103107, 0.0168524, 0.0139002, 0.0161528, 0.0144171, 0.0134835, 0.01262, 0.00972942, 0.0173531, 0.00818603, 0.00767973, 0.00819123, 0.0149711, 0.0135959, 0.0113761, 0.0132558, 0.0154309, 0.0123509, 0.0170874, 0.0131819, 0.0127569, 0.0110498, 0.00934321, 0.0163615, 0.0130214, 0.0160506, 0.0168333, 0.0118599, 0.0147771, 0.0135029, 0.0174036, 0.00773059, 0.0130449, 0.0103102, 0.00814122, 0.0144498, 0.0120928, 0.00930128, 0.0115823, 0.00790809, 0.0162489, 0.0101913, 0.0105286, 0.00840497, 0.0173689, 0.013384, 0.00930776, 0.0105428, 0.0172483, 0.0173337, 0.0128175, 0.00854427, 0.00855764, 0.0133361, 0.0141111, 0.010108, 0.0100194, 0.0113766, 0.0115314];
GivenLatency = [81.5057, 70.7253, 69.2885, 125.534, 77.5495, 91.8599, 65.7969, 71.4815, 56.6057, 76.2707, 91.9981, 78.1831, 112.353, 58.2045, 129.045, 143.457, 126.09, 67.0922, 67.5594, 88.029, 72.4141, 66.7334, 78.6873, 57.4684, 84.5586, 79.1002, 89.765, 101.091, 57.4371, 71.5116, 77.8353, 71.9945, 79.4135, 76.5044, 91.9243, 64.4178, 119.204, 72.1134, 99.8219, 145.231, 82.8051, 87.0888, 122.908, 101.352, 115.047, 61.3198, 109.967, 96.2715, 108.317, 60.6563, 91.8476, 122.888, 117.944, 57.4125, 67.4813, 76.5467, 112.234, 138.119, 80.6913, 72.7875, 92.3864, 99.5706, 102.027, 96.0516];
HighestPossibleCritFunctionValue = 1.1;
