NumDevices = 128;
NumSlotes = 1024;


GivenBandwidthOld = [0.00467198, 0.00579526, 0.00968425, 0.00946836, 0.00593704, 0.00515702, 0.00773586, 0.00652139, 0.00747538, 0.00994373, 0.00796908, 0.00758828, 0.00745708, 0.0086314, 0.00801885, 0.00657053, 0.0083596, 0.00852254, 0.0096357, 0.00599555, 0.00720735, 0.00526549, 0.00583878, 0.00986016, 0.00974185, 0.00876383, 0.0086927, 0.00691558, 0.00773287, 0.00639912, 0.00873511, 0.00719639, 0.00852889, 0.00385911, 0.00624556, 0.00917787, 0.00494132, 0.00758544, 0.00967162, 0.00960834, 0.00860312, 0.00771004, 0.00393813, 0.00941858, 0.00682248, 0.00544377, 0.00839224, 0.00710074, 0.00720425, 0.00931723, 0.00962809, 0.00932858, 0.00673761, 0.00394514, 0.00843851, 0.00983357, 0.00654629, 0.00729678, 0.00816465, 0.00695925, 0.00405727, 0.00557201, 0.00750795, 0.00729813, 0.00588812, 0.00785023, 0.00383, 0.00454754, 0.00804341, 0.00684767, 0.00382907, 0.00761242, 0.00697953, 0.00738626, 0.0059003, 0.00631315, 0.00766324, 0.00475673, 0.0051638, 0.0091626, 0.0045795, 0.00761191, 0.00458442, 0.00910126, 0.00481634, 0.0068943, 0.0063132, 0.00845253, 0.00784267, 0.00796054, 0.00777841, 0.00915539, 0.00839585, 0.00528397, 0.00385795, 0.00560886, 0.00817286, 0.00749771, 0.00409365, 0.00444782, 0.00705789, 0.0056343, 0.00441989, 0.00631123, 0.00664605, 0.00882633, 0.00914852, 0.00538338, 0.00602576, 0.00863808, 0.00771832, 0.00548879, 0.00890152, 0.00407912, 0.00403858, 0.00393118, 0.00514778, 0.00875427, 0.00430569, 0.00566017, 0.00793429, 0.00407638, 0.0079105, 0.00425109, 0.00682663, 0.00640891, 0.00458613, 0.00651939];
GivenLatency = [958.925, 587.493, 420.548, 410.441, 578.487, 711.993, 476.231, 521.52, 566.864, 438.479, 591.112, 445.155, 473.2, 453.433, 534.441, 645.955, 518.897, 435.169, 470.389, 586.843, 609.892, 944.86, 595.53, 442.675, 434.428, 401.615, 474.954, 595.245, 476.941, 597.378, 485.115, 612.996, 495.089, 899.796, 618.471, 540.623, 675.411, 594.842, 422.05, 438.888, 462.79, 540.174, 1163.94, 441.661, 668.544, 796.041, 526.451, 626.286, 625.966, 470.244, 476.341, 429.873, 574.038, 1060.4, 548.021, 402.304, 522.553, 461.916, 595.665, 666.967, 949.042, 679.996, 445.529, 681.325, 650.103, 458.018, 905.601, 783.691, 509.087, 529.611, 1002.67, 556.151, 555.494, 529.33, 783.812, 604.312, 476.312, 860.473, 813.599, 409.96, 869.372, 654.832, 909.587, 487.232, 940.916, 699.659, 561.318, 442.1, 563.91, 438.99, 563.58, 471.149, 539.256, 651.653, 1000.36, 879.162, 459.01, 500.418, 846.761, 997.616, 605.911, 786.985, 782.363, 561.918, 544.464, 378.294, 489.497, 623.9, 710.415, 466.519, 521.406, 613.128, 442.736, 1063.74, 914.752, 1063.92, 739.939, 391.239, 982.777, 703.7, 576.802, 997.909, 482.705, 980.41, 540.896, 584.583, 1067.65, 675.121];
HighestPossibleCritFunctionValue = 1.1;
