NumDevices = 64;
NumSlotes = 512;


GivenBandwidthOld = [0.00313544, 0.0072662, 0.00802104, 0.00704868, 0.00842829, 0.00795993, 0.00497693, 0.0072129, 0.0060015, 0.0084012, 0.00264979, 0.00753246, 0.00807916, 0.00261697, 0.00600123, 0.00383681, 0.00773963, 0.00253602, 0.00795565, 0.00818432, 0.00763526, 0.0046226, 0.00834385, 0.00762654, 0.00796691, 0.00362584, 0.00576072, 0.00543922, 0.00817292, 0.00346684, 0.00850353, 0.00386036, 0.00363041, 0.00753535, 0.00661223, 0.00428725, 0.00336535, 0.00275115, 0.00475146, 0.00521626, 0.00470584, 0.00728818, 0.00873955, 0.00807623, 0.00351433, 0.00666841, 0.00479536, 0.00556195, 0.0083885, 0.00802063, 0.00651219, 0.00415163, 0.00522238, 0.00761472, 0.00309237, 0.00839856, 0.00829433, 0.00658927, 0.00589095, 0.00665993, 0.00598114, 0.00383324, 0.00406753, 0.00418222];
GivenLatency = [117.923, 49.2348, 39.0363, 49.8683, 39.3267, 68.2976, 90.6004, 65.3627, 52.2019, 40.2893, 166.212, 65.7342, 41.3765, 150.282, 102.448, 127.497, 40.2303, 160.452, 61.5623, 40.6009, 63.707, 73.9258, 49.1991, 69.3875, 63.9769, 111.755, 74.206, 102.13, 76.0689, 182.203, 65.4318, 114.059, 140.072, 55.9151, 79.6688, 115.626, 118.723, 210.065, 69.2807, 114.715, 70.3173, 75.2239, 40.4677, 42.0524, 99.7524, 62.9494, 72.1425, 66.9372, 39.3748, 78.9125, 94.0716, 148.295, 121.514, 82.888, 127.846, 37.7134, 62.4933, 83.4438, 63.1203, 48.6918, 54.2596, 120.022, 84.9337, 118.472];
HighestPossibleCritFunctionValue = 1.1;
