NumDevices = 32;
NumSlotes = 256;


GivenBandwidthOld = [0.0170668, 0.01147, 0.00876176, 0.0163641, 0.0131402, 0.0171797, 0.00956148, 0.00720607, 0.00741527, 0.0109156, 0.0155078, 0.00930656, 0.0103982, 0.00818927, 0.00712676, 0.0119834, 0.0129689, 0.0129392, 0.013787, 0.0138504, 0.0162101, 0.0134338, 0.0138743, 0.00514886, 0.00685478, 0.0157262, 0.0172306, 0.0150401, 0.0111664, 0.00643457, 0.0158489, 0.0171406];
GivenLatency = [19.8495, 31.5273, 69.7488, 19.6969, 30.1903, 34.1577, 60.6411, 75.8746, 71.4353, 44.8349, 21.9344, 57.6048, 42.9779, 40.8864, 43.9093, 42.7274, 28.465, 44.7115, 26.4636, 32.196, 31.2602, 24.2494, 31.6179, 83.0708, 89.4142, 34.7959, 23.4639, 27.3249, 44.9532, 49.765, 22.2001, 24.592];
HighestPossibleCritFunctionValue = 1.1;
