NumDevices = 16;
NumSlotes = 128;


GivenBandwidthOld = [0.0108107, 0.0348883, 0.0324202, 0.0257235, 0.0252124, 0.0346897, 0.0205265, 0.0292014, 0.0281022, 0.0283334, 0.0142828, 0.016717, 0.0279637, 0.0258651, 0.0295425, 0.0111601];
GivenLatency = [29.3825, 13.5617, 13.5362, 12.5419, 22.9672, 13.4353, 22.0101, 17.1354, 17.7797, 15.1472, 38.6958, 28.6574, 10.7805, 15.6714, 17.4973, 31.0639];
HighestPossibleCritFunctionValue = 1.1;
