NumDevices = 32;
NumSlotes = 256;


GivenBandwidthOld = [0.0372972, 0.0387919, 0.0358242, 0.0330666, 0.0345257, 0.0342284, 0.0373276, 0.0254625, 0.0337415, 0.0278098, 0.0346544, 0.0208033, 0.0267456, 0.0227964, 0.0234563, 0.0153889, 0.0264993, 0.0333375, 0.0384499, 0.0382273, 0.0211197, 0.018136, 0.0215566, 0.0367611, 0.028736, 0.0253738, 0.0178846, 0.0222397, 0.0184214, 0.019198, 0.0215401, 0.0339539];
GivenLatency = [56.8558, 47.9686, 49.6997, 56.8029, 57.9688, 52.631, 47.2379, 81.8968, 53.3007, 72.0526, 59.2884, 84.2312, 84.2879, 101.259, 72.0941, 124.847, 75.6222, 74.3682, 55.3609, 51.1403, 90.7503, 110.201, 81.706, 47.7134, 66.5034, 79.3716, 126.934, 110.273, 99.0283, 98.2829, 95.6129, 60.2857];
HighestPossibleCritFunctionValue = 1.1;
