NumDevices = 32;
NumSlotes = 256;


GivenBandwidthOld = [0.0261877, 0.0209112, 0.0152032, 0.0298208, 0.0332787, 0.0243033, 0.0257199, 0.0346266, 0.0291027, 0.0383821, 0.0234542, 0.0290532, 0.0327218, 0.015618, 0.0270162, 0.021455, 0.0288313, 0.0279202, 0.039364, 0.0253553, 0.0316607, 0.0306911, 0.0355086, 0.0286532, 0.0346196, 0.0365285, 0.01921, 0.0219298, 0.0333851, 0.0387484, 0.0300797, 0.0339796];
GivenLatency = [72.7464, 95.1804, 136.769, 64.72, 63.5608, 73.8084, 69.5039, 71.1723, 61.0571, 54.3932, 72.9833, 63.2839, 52.5509, 107.213, 80.5008, 80.8683, 73.056, 60.914, 58.8161, 78.6829, 72.2676, 55.3695, 62.7578, 80.2014, 62.3006, 57.079, 110.682, 82.9861, 59.7652, 59.5199, 79.4693, 71.7587];
HighestPossibleCritFunctionValue = 1.1;
