NumDevices = 64;
NumSlotes = 512;


GivenBandwidthOld = [0.00676464, 0.00329574, 0.00777131, 0.0036158, 0.00577802, 0.00860152, 0.00703399, 0.00521451, 0.00658895, 0.00679573, 0.00713908, 0.00268622, 0.00725939, 0.00611356, 0.00428194, 0.00773484, 0.00323488, 0.00361719, 0.00416683, 0.00434872, 0.00520417, 0.00768439, 0.00524919, 0.00811311, 0.00446046, 0.00818515, 0.00284462, 0.00703209, 0.00460919, 0.00783465, 0.00576054, 0.00857305, 0.00350835, 0.00601275, 0.00372038, 0.0071752, 0.00354338, 0.00738335, 0.0081394, 0.00268206, 0.00620517, 0.00660522, 0.00513021, 0.00847664, 0.00813788, 0.00836992, 0.00823632, 0.0065596, 0.00713527, 0.00743437, 0.00322296, 0.00330264, 0.00499841, 0.00585807, 0.00409136, 0.00472709, 0.00819298, 0.0031439, 0.00583354, 0.00430463, 0.00799427, 0.0072216, 0.00846397, 0.00771984];
GivenLatency = [51.4981, 138.718, 45.4048, 124.908, 59.7269, 42.3037, 51.8357, 62.1793, 62.5987, 67.7023, 80.9617, 136.406, 59.9895, 52.9681, 116.099, 82.05, 104.828, 137.888, 89.5216, 87.5843, 67.5208, 68.911, 66.1782, 42.8047, 117.967, 42.0264, 184.322, 65.2658, 125.298, 48.2571, 96.0173, 66.1964, 100.552, 105.279, 86.5221, 76.8592, 87.4575, 59.0184, 75.5203, 155.166, 52.1352, 95.7192, 63.6573, 75.9155, 64.115, 67.2305, 70.5464, 49.7346, 71.6032, 51.5955, 188.755, 173.222, 108.17, 99.3732, 77.1559, 83.4151, 46.4557, 183.605, 106.219, 126.556, 48.3975, 51.2955, 46.9365, 42.4174];
HighestPossibleCritFunctionValue = 1.1;
