NumDevices = 32;
NumSlotes = 256;


GivenBandwidthOld = [0.0315628, 0.0359645, 0.0161201, 0.0156537, 0.0264944, 0.0260094, 0.0247067, 0.0302714, 0.0313207, 0.0164163, 0.0187139, 0.0341536, 0.0301482, 0.0357095, 0.0295371, 0.0392485, 0.0337933, 0.0246586, 0.0212735, 0.0286399, 0.0354604, 0.0186809, 0.0304842, 0.03271, 0.0172356, 0.0387392, 0.0255282, 0.0382198, 0.0206246, 0.0228569, 0.0157757, 0.0277607];
GivenLatency = [57.0979, 48.4634, 107.448, 146.813, 88.2138, 66.6745, 78.9566, 75.9491, 63.6333, 133.961, 97.89, 70.4914, 55.8807, 63.9455, 65.8443, 62.0233, 50.2216, 91.1455, 108.274, 66.9554, 65.3075, 124.153, 80.2582, 58.8888, 133.587, 59.3628, 88.6434, 46.9951, 105.018, 74.0903, 110.728, 65.9521];
HighestPossibleCritFunctionValue = 1.1;
