NumDevices = 16;
NumSlotes = 128;


GivenBandwidthOld = [0.033865, 0.0690827, 0.0536003, 0.0402709, 0.0537843, 0.0527609, 0.0523469, 0.0543023, 0.0396008, 0.0300558, 0.0481591, 0.0698637, 0.0587158, 0.0568079, 0.0698655, 0.0492415];
GivenLatency = [24.8179, 11.6639, 16.197, 23.7447, 17.7209, 19.7176, 18.7536, 18.3396, 23.3704, 28.1851, 20.8109, 15.0191, 18.1583, 14.826, 14.0259, 17.6667];
HighestPossibleCritFunctionValue = 1.1;
