NumDevices = 128;
NumSlotes = 1024;


GivenBandwidthOld = [0.00862754, 0.00555404, 0.00421022, 0.00867533, 0.00385348, 0.00791208, 0.00584005, 0.00613887, 0.0084283, 0.00690507, 0.00595725, 0.0060371, 0.00811922, 0.0072863, 0.0083734, 0.00428116, 0.00597229, 0.00377373, 0.00765022, 0.00473173, 0.0087376, 0.00536822, 0.00621802, 0.00868336, 0.00379746, 0.00639356, 0.0040385, 0.00761652, 0.00834455, 0.00436676, 0.00457984, 0.00583559, 0.00619387, 0.00783055, 0.00556394, 0.00563996, 0.00828234, 0.00870931, 0.00492322, 0.00699926, 0.00407073, 0.00418848, 0.00821977, 0.00724795, 0.00381597, 0.00759007, 0.0038895, 0.00835465, 0.00402742, 0.00627423, 0.00845856, 0.00544571, 0.00862455, 0.0053219, 0.00759383, 0.00692378, 0.00553875, 0.00729685, 0.00571525, 0.00873772, 0.00743873, 0.00519756, 0.00784938, 0.00698311, 0.00763005, 0.00578604, 0.00850496, 0.00539972, 0.0056274, 0.00725892, 0.0082277, 0.00539218, 0.00386769, 0.00678864, 0.00418282, 0.00811698, 0.00463462, 0.00651687, 0.00652675, 0.00751887, 0.00719045, 0.00737469, 0.0039637, 0.00544284, 0.00527179, 0.00553226, 0.00812632, 0.00655849, 0.00598408, 0.00693627, 0.00537302, 0.00692694, 0.00857363, 0.00456825, 0.00606676, 0.00654445, 0.00499318, 0.00789136, 0.00763325, 0.00461076, 0.00556994, 0.00644035, 0.00540544, 0.00668298, 0.00828259, 0.00791873, 0.00752257, 0.0043218, 0.00404418, 0.00804712, 0.00541814, 0.00519478, 0.00620394, 0.00716195, 0.00846358, 0.00494702, 0.00712313, 0.00598563, 0.0080682, 0.00478612, 0.00787354, 0.00801812, 0.00806328, 0.00703154, 0.0066362, 0.00712822, 0.0064186, 0.00482509];
GivenLatency = [116.888, 200.202, 257.172, 134.538, 258.251, 140.706, 220.515, 176.741, 153.052, 146.924, 176.156, 173.649, 150.166, 149.053, 146.443, 237.334, 175.483, 288.86, 144.103, 244.814, 139.729, 199.906, 158.965, 135.509, 313.474, 158.802, 260.088, 148.625, 152.704, 293.871, 278.166, 173.905, 199.223, 127.096, 207.054, 224.204, 148.522, 131.795, 237.499, 147.957, 251.571, 252.268, 137.799, 140.736, 334.971, 131.285, 248.67, 146.069, 297.607, 172.56, 123.247, 221.107, 112.583, 184.059, 145.748, 167.551, 193.769, 139.678, 197.308, 143.625, 129.36, 233.118, 126.454, 166.196, 161.633, 198.492, 140.126, 176.938, 177.234, 168.371, 137.774, 210.399, 326.844, 140.797, 277.875, 159.96, 278.455, 165.619, 167.104, 167.16, 136.44, 164.363, 319.454, 198.899, 225.813, 211.959, 117.321, 168.069, 215.793, 176.782, 204.898, 167.754, 130.122, 210.727, 191.094, 155.645, 249.8, 125.242, 143.941, 243.1, 187.451, 151.054, 194.687, 155.492, 138.71, 146.227, 170.631, 272.353, 256.692, 151.866, 184.882, 191.563, 168.891, 133.799, 149.759, 201.006, 141.1, 181.807, 160.771, 206.921, 135.738, 160.493, 135.863, 139.868, 154.701, 133.905, 151.317, 205.046];
HighestPossibleCritFunctionValue = 1.1;
