NumDevices = 32;
NumSlotes = 256;


GivenBandwidthOld = [0.0242496, 0.0226246, 0.0366767, 0.0359074, 0.0304818, 0.0176934, 0.0329479, 0.0159466, 0.0244712, 0.0226966, 0.021357, 0.031382, 0.0215352, 0.0262729, 0.0278492, 0.0214197, 0.0352869, 0.0270283, 0.0245538, 0.0350679, 0.0205042, 0.0240112, 0.0165073, 0.0234474, 0.0155325, 0.0152586, 0.0359801, 0.0277177, 0.035953, 0.0227295, 0.0254664, 0.0245323];
GivenLatency = [87.4895, 85.4274, 60.4204, 55.2801, 59.0857, 129.359, 57.6064, 140.288, 97.8015, 96.6829, 85.9761, 79.4908, 112.34, 66.9172, 68.5299, 81.2742, 48.1064, 77.2476, 95.7993, 54.1979, 85.0847, 73.4333, 104.794, 79.9522, 126.617, 149.852, 62.571, 85.3324, 55.2905, 108.07, 97.5355, 95.9479];
HighestPossibleCritFunctionValue = 1.1;
