NumDevices = 128;
NumSlotes = 1024;


GivenBandwidthOld = [0.00954533, 0.00594443, 0.00435416, 0.00786701, 0.00460463, 0.00508451, 0.00778217, 0.00998187, 0.00529328, 0.00407811, 0.00575165, 0.00800284, 0.00625709, 0.00923147, 0.00578533, 0.00536842, 0.00452342, 0.00893165, 0.00428825, 0.0063369, 0.00678547, 0.00838667, 0.00728537, 0.00403844, 0.00782212, 0.00636999, 0.00667003, 0.00568967, 0.00379563, 0.00816155, 0.00490293, 0.00611322, 0.00983196, 0.00452047, 0.0092952, 0.00825618, 0.00778994, 0.00930222, 0.00743376, 0.00421535, 0.00612946, 0.00777189, 0.00595929, 0.00404356, 0.00641693, 0.00803435, 0.0045499, 0.00394747, 0.0038973, 0.00445516, 0.00545209, 0.0045605, 0.00711961, 0.00553339, 0.00839573, 0.0094951, 0.00536992, 0.00472737, 0.00533037, 0.00872278, 0.00623862, 0.00498724, 0.00431333, 0.00917937, 0.00523683, 0.00547627, 0.00468842, 0.0069666, 0.00893157, 0.00920918, 0.00625414, 0.00958416, 0.00849458, 0.00841908, 0.00816312, 0.0062642, 0.00991235, 0.00565351, 0.00856045, 0.00920221, 0.00777252, 0.00390656, 0.00387062, 0.00604392, 0.00774576, 0.00429574, 0.00720982, 0.0091234, 0.008237, 0.00423744, 0.0085818, 0.00560219, 0.0084594, 0.00470565, 0.00915721, 0.00780413, 0.00408357, 0.00380912, 0.00988721, 0.00810177, 0.00643681, 0.00476277, 0.00669612, 0.00661407, 0.0089574, 0.00575493, 0.00681189, 0.0086399, 0.00712098, 0.00974561, 0.00951136, 0.00995269, 0.00854104, 0.00799337, 0.00950359, 0.00431855, 0.00936758, 0.00592275, 0.00862721, 0.00624651, 0.00639802, 0.00894703, 0.00649817, 0.00481488, 0.00737444, 0.00713928, 0.00489569, 0.00932904];
GivenLatency = [386.406, 689.304, 925.779, 513.659, 841.426, 662.996, 508.6, 449.867, 678.629, 860.05, 859.168, 623.081, 626.326, 496.109, 583.436, 623.603, 820.182, 448.055, 827.891, 535.052, 529.794, 505.65, 573.436, 1081.98, 596.544, 674.176, 702.536, 610.924, 1224.61, 551.95, 854.543, 681.21, 352.078, 889.663, 379.792, 462.399, 510.629, 472.749, 559.251, 1040.84, 613.209, 477.606, 641.305, 959.916, 625.985, 458.57, 802.863, 1049.45, 1052.14, 848.077, 682.013, 842.063, 544.221, 626.842, 530.182, 376.012, 640.344, 851.874, 734.118, 477.816, 796.678, 735.773, 1067.95, 531.536, 788.668, 674.586, 860.424, 687.503, 388.441, 403.07, 767.76, 442.406, 518.25, 449.957, 503.999, 735.066, 412.88, 662.365, 517.419, 401.938, 617.473, 1005.53, 864.62, 582.16, 626.586, 950.208, 686.775, 514.844, 503.351, 819.76, 408.806, 717.726, 425.533, 951.429, 367.259, 594.165, 861.672, 923.923, 460.046, 610.855, 661.005, 813.516, 603.276, 598.647, 471.412, 767.34, 604.057, 454.433, 534.016, 428.936, 377.675, 403.773, 422.176, 459.74, 356.367, 906.97, 513.181, 635.387, 570.652, 566.166, 615.4, 516.953, 528.731, 851.83, 641.264, 548.082, 768.508, 478.706];
HighestPossibleCritFunctionValue = 1.1;
