NumDevices = 16;
NumSlotes = 128;


GivenBandwidthOld = [0.0341082, 0.0209605, 0.0228962, 0.0320776, 0.0188918, 0.0302524, 0.0168001, 0.0236315, 0.0149331, 0.0204837, 0.0346708, 0.027935, 0.0185083, 0.0346992, 0.0300412, 0.017938];
GivenLatency = [9.83709, 16.3087, 24.9992, 10.8954, 17.3917, 20.8215, 18.4895, 17.2805, 21.6218, 24.3386, 14.6232, 19.8839, 31.3872, 10.0091, 18.8171, 20.4921];
HighestPossibleCritFunctionValue = 1.1;
