NumDevices = 64;
NumSlotes = 512;


GivenBandwidthOld = [0.00350353, 0.0063824, 0.00407371, 0.00800884, 0.00828567, 0.00469299, 0.00375916, 0.00274055, 0.00785421, 0.00328476, 0.00453471, 0.00607591, 0.00279591, 0.00703239, 0.00337804, 0.00347974, 0.00656353, 0.0044364, 0.00381852, 0.00656496, 0.00350664, 0.00864651, 0.00684604, 0.00257019, 0.00718414, 0.00391606, 0.0085075, 0.0080854, 0.00749023, 0.00446812, 0.00570916, 0.00752428, 0.00810776, 0.00831546, 0.00545354, 0.00510549, 0.00546961, 0.0064658, 0.00567113, 0.00585992, 0.00387668, 0.00285964, 0.00318054, 0.00289236, 0.00307411, 0.00785253, 0.00628778, 0.00752763, 0.00812451, 0.0086232, 0.00268933, 0.00326425, 0.00350687, 0.0062845, 0.00860285, 0.00437666, 0.00596999, 0.00394022, 0.00832579, 0.00396864, 0.00475285, 0.00368573, 0.00611437, 0.00541572];
GivenLatency = [104.061, 82.5193, 107.547, 42.6821, 44.3469, 67.7824, 120.038, 173.592, 69.2567, 97.5325, 113.409, 54.4783, 120.74, 62.5358, 120.441, 109.795, 57.6523, 83.1578, 143.893, 47.6767, 121.719, 42.8517, 53.7287, 136.659, 70.6745, 106.315, 61.4341, 41.6336, 64.8727, 134.144, 68.9797, 75.5818, 65.8368, 66.0623, 60.5952, 95.5049, 69.5191, 75.7561, 70.8418, 93.476, 95.3875, 153.858, 166.02, 213.183, 122.086, 63.9292, 56.5013, 82.6387, 47.9456, 72.146, 203.875, 133.872, 98.0066, 50.9843, 51.1796, 114.786, 92.719, 102.654, 65.9853, 102.159, 70.7543, 87.2922, 75.5704, 107.975];
HighestPossibleCritFunctionValue = 1.1;
