NumDevices = 64;
NumSlotes = 512;


GivenBandwidthOld = [0.00889951, 0.00908814, 0.00931287, 0.0164332, 0.0173889, 0.0103861, 0.0141038, 0.0172636, 0.0139584, 0.0140063, 0.00815772, 0.0117209, 0.00785899, 0.011091, 0.0113125, 0.0143694, 0.0106999, 0.00791609, 0.0107335, 0.0124046, 0.0096946, 0.0121199, 0.0138483, 0.0129414, 0.0114114, 0.0159824, 0.0106239, 0.011405, 0.00843608, 0.010162, 0.00820187, 0.0138887, 0.0131861, 0.0139742, 0.0088837, 0.0133133, 0.0120345, 0.00841334, 0.00801043, 0.0163752, 0.0131808, 0.0143165, 0.0117134, 0.0120831, 0.0149207, 0.0168566, 0.0144157, 0.0103086, 0.010814, 0.0165857, 0.0101014, 0.00980864, 0.00887472, 0.0124964, 0.0115034, 0.0118367, 0.0148542, 0.00991407, 0.0108349, 0.00762594, 0.014228, 0.0157959, 0.0163265, 0.0137627];
GivenLatency = [113.148, 130.489, 108.578, 65.8602, 53.4702, 111.708, 75.6982, 56.7173, 89.474, 66.1436, 111.595, 104.782, 125.519, 83.0406, 81.496, 81.6518, 98.3402, 118.405, 111.234, 96.0077, 106.289, 101.383, 87.2618, 71.8971, 98.9523, 67.0831, 91.427, 101.525, 136.681, 113.573, 112.712, 79.7039, 90.2567, 77.1258, 131.437, 92.1966, 83.7893, 137.788, 151.572, 75.8983, 73.3258, 86.5897, 79.6217, 77.4832, 72.9525, 58.7288, 79.4312, 102.822, 103.916, 68.4822, 109.274, 117.494, 129.878, 93.703, 83.9775, 99.5518, 70.3333, 117.856, 92.4976, 141.376, 82.9094, 71.3825, 69.1112, 78.9303];
HighestPossibleCritFunctionValue = 1.1;
