NumDevices = 64;
NumSlotes = 512;


GivenBandwidthOld = [0.00494509, 0.00330776, 0.0034655, 0.00474015, 0.00268688, 0.00588805, 0.00794929, 0.0075473, 0.00742337, 0.00577832, 0.0075137, 0.00521482, 0.00553997, 0.00773284, 0.00715594, 0.00488139, 0.00772702, 0.00294083, 0.00528164, 0.00353244, 0.00466138, 0.00378119, 0.00422242, 0.00749878, 0.00447493, 0.00758044, 0.00817876, 0.00787659, 0.00428365, 0.0052648, 0.00796533, 0.00829103, 0.00741351, 0.00264065, 0.00393855, 0.00514562, 0.00496543, 0.00778189, 0.00648853, 0.00652159, 0.00591598, 0.00859288, 0.0055973, 0.00263934, 0.00684211, 0.0053978, 0.00584661, 0.00528161, 0.00309817, 0.00595836, 0.00838088, 0.00487323, 0.00807669, 0.00497707, 0.0034423, 0.00842278, 0.00291727, 0.00301158, 0.00694327, 0.00559938, 0.00635139, 0.00784353, 0.00493818, 0.00594907];
GivenLatency = [63.7838, 186.048, 94.9947, 110.933, 197.437, 77.7882, 78.2135, 79.0264, 47.7781, 66.6698, 41.0913, 118.889, 95.7743, 41.5343, 50.4035, 114.481, 61.9967, 142.042, 81.4585, 167.666, 97.9518, 99.7012, 89.4273, 68.8054, 110.412, 53.8634, 73.2549, 74.4665, 107.633, 71.6364, 56.684, 52.2852, 79.3799, 135.138, 111.154, 69.5575, 115.596, 72.9922, 93.2264, 54.5233, 60.3543, 39.8896, 55.8419, 236.9, 55.737, 101.5, 56.9021, 112.183, 119.825, 55.988, 40.5847, 117.057, 38.5539, 81.72, 146.925, 44.5451, 188.331, 139.063, 57.9354, 110.259, 69.275, 55.3899, 128.809, 67.37];
HighestPossibleCritFunctionValue = 1.1;
