NumDevices = 128;
NumSlotes = 1024;


GivenBandwidthOld = [0.00162727, 0.00143257, 0.00400211, 0.00275798, 0.00215616, 0.00295032, 0.00354716, 0.00341608, 0.00342581, 0.00138497, 0.00399979, 0.00128878, 0.0029851, 0.00376245, 0.0029606, 0.00129817, 0.00148976, 0.00282482, 0.00369784, 0.00151303, 0.00321714, 0.00365255, 0.00272174, 0.00244121, 0.0031388, 0.00252421, 0.00431331, 0.00191578, 0.00351402, 0.00263026, 0.0024744, 0.00157433, 0.00219742, 0.00273078, 0.00434808, 0.00186893, 0.00361475, 0.00182186, 0.00316634, 0.00290171, 0.00209224, 0.00368309, 0.00357766, 0.00350188, 0.00179314, 0.0016006, 0.0031532, 0.00395751, 0.0031929, 0.00237609, 0.00241828, 0.00222572, 0.0033602, 0.00175818, 0.00152923, 0.00357912, 0.00303166, 0.00181957, 0.00209542, 0.0040209, 0.00300647, 0.0034634, 0.00181744, 0.00391068, 0.00361292, 0.00227339, 0.0013211, 0.0025452, 0.00411841, 0.00431104, 0.00128214, 0.00389607, 0.0018806, 0.00289754, 0.0040186, 0.0018915, 0.00177148, 0.00321547, 0.00360071, 0.00337209, 0.00160251, 0.0039929, 0.00435751, 0.00412123, 0.00170528, 0.00318502, 0.00436575, 0.00209262, 0.00374173, 0.00165024, 0.00306197, 0.00194823, 0.0019515, 0.00380432, 0.00357152, 0.00344455, 0.00372642, 0.00374438, 0.00241284, 0.00128731, 0.00339954, 0.00361822, 0.00391659, 0.00299, 0.00168434, 0.00428587, 0.00329158, 0.00161308, 0.00347026, 0.00150656, 0.00388307, 0.0020854, 0.00437465, 0.0016855, 0.00189452, 0.00247094, 0.00286761, 0.00411556, 0.00325951, 0.00316544, 0.00344441, 0.00147649, 0.00159662, 0.0019253, 0.00422408, 0.00218317, 0.00383264, 0.00134651];
GivenLatency = [372.95, 224.574, 85.5775, 129.395, 150.755, 112.762, 107.56, 109.061, 186.327, 361.707, 80.1309, 394.204, 164.705, 129.925, 108.511, 372.623, 423.79, 158.428, 95.1763, 218.862, 123.36, 115.445, 116.587, 145.42, 147.1, 125.425, 98.5916, 191.664, 155.61, 120.451, 153.913, 354.389, 165.979, 118.64, 93.9463, 221.749, 172.438, 231.568, 121.084, 164.294, 191.848, 128.049, 151.362, 95.9952, 247.444, 221.546, 115.686, 90.9726, 183.973, 155.689, 130.394, 156.43, 166.124, 236.425, 216.291, 92.3912, 206.568, 221.4, 300.248, 84.1408, 127.376, 129.17, 348.985, 101.198, 111.635, 161.643, 292.503, 154.117, 93.7627, 75.3814, 370.635, 80.8898, 217.349, 114.854, 84.8009, 272.609, 352.718, 120.23, 136.082, 113.034, 297.472, 81.8022, 117.22, 101.967, 352.989, 148.605, 110.886, 274.678, 124.63, 237.706, 115.025, 315.882, 178.875, 86.9471, 134.269, 120.197, 88.2543, 139.363, 252.778, 374.634, 124.42, 92.7373, 111.78, 113.302, 313.427, 74.5834, 137.152, 207.351, 94.0204, 295.868, 109.905, 237.699, 90.1074, 206.353, 297.712, 138.069, 140.941, 115.918, 110.282, 142.77, 159.552, 273.931, 264.676, 267.22, 80.6392, 183.748, 153.715, 256.747];
HighestPossibleCritFunctionValue = 1.1;
