NumDevices = 128;
NumSlotes = 1024;


GivenBandwidthOld = [0.0075044, 0.00402586, 0.00513549, 0.00460758, 0.00712249, 0.00515445, 0.00831937, 0.00613455, 0.00590321, 0.00779141, 0.00778175, 0.0053406, 0.00699426, 0.0050568, 0.00720565, 0.00787747, 0.00421054, 0.00403335, 0.00593862, 0.00787171, 0.00730686, 0.00391727, 0.00507685, 0.00411977, 0.00853107, 0.0041495, 0.00822271, 0.00664357, 0.00601588, 0.00646676, 0.00438488, 0.0041437, 0.00569958, 0.00531157, 0.00399286, 0.00555689, 0.00708224, 0.00375634, 0.00526407, 0.00569302, 0.00516716, 0.00693143, 0.00405497, 0.00445062, 0.00404062, 0.00815528, 0.00828673, 0.00757431, 0.00396389, 0.00858395, 0.00796306, 0.00772832, 0.00735677, 0.00768922, 0.00525351, 0.00829299, 0.00772714, 0.00753942, 0.00756742, 0.00812705, 0.00382769, 0.00448611, 0.00550974, 0.00471859, 0.00780585, 0.00541606, 0.00523697, 0.00531178, 0.00753747, 0.00467882, 0.00451069, 0.00869434, 0.00820973, 0.00840331, 0.00690906, 0.00815602, 0.00579366, 0.00653665, 0.00404902, 0.00442727, 0.00664681, 0.00545603, 0.00700571, 0.00745001, 0.00487486, 0.00427534, 0.00822207, 0.00587281, 0.00673877, 0.00608828, 0.00819357, 0.00688007, 0.00578297, 0.00680506, 0.00518654, 0.00765373, 0.00869846, 0.00744476, 0.00666158, 0.00871922, 0.00651007, 0.00722736, 0.0077034, 0.00860101, 0.00468128, 0.00578548, 0.00399682, 0.00711397, 0.00705555, 0.0050934, 0.00730247, 0.0051611, 0.00506912, 0.00422709, 0.00716881, 0.0087381, 0.00871321, 0.00535769, 0.00419223, 0.00638037, 0.00745196, 0.00755531, 0.00464423, 0.00803188, 0.00434893, 0.00490053, 0.00567824, 0.00669183];
GivenLatency = [139.193, 238.533, 233.209, 275.667, 149.17, 190.042, 146.135, 186.488, 203.415, 153.552, 131.67, 213.175, 162.313, 241.829, 143.259, 151.835, 252.017, 239.996, 160.92, 121.199, 165.539, 262.84, 230.278, 285.054, 118.531, 291.916, 126.146, 175.949, 210.298, 164.071, 281.336, 295.383, 181.741, 211.204, 290.55, 179.789, 137.394, 257.87, 200.175, 178.951, 199.242, 145.347, 297.75, 259.953, 245.874, 136.792, 150.742, 159.155, 260.339, 147.874, 154.725, 165.863, 138.832, 127.768, 198.412, 132.15, 156.313, 144.151, 128.405, 138.182, 271.33, 225.891, 183.635, 218.491, 135.51, 213.65, 218.361, 189.707, 168.572, 210.656, 249.652, 145.931, 150.562, 120.499, 175.185, 141.54, 205.445, 196.968, 248.719, 245.177, 154.087, 229.715, 136.518, 135.793, 200.296, 254.523, 118.245, 163.359, 161.171, 172.773, 131.839, 159.964, 168.189, 154.947, 202.915, 139.135, 126.571, 130.384, 148.59, 126.364, 190.658, 153.782, 141.45, 128.076, 222.828, 186.946, 258.892, 171.101, 155.715, 191.643, 153.369, 187.581, 189.092, 248.697, 142.508, 112.778, 140.215, 232.106, 246.584, 161.259, 164.128, 134.127, 233.175, 131.009, 268.594, 199.177, 222.394, 155.128];
HighestPossibleCritFunctionValue = 1.1;
