NumDevices = 128;
NumSlotes = 1024;


GivenBandwidthOld = [0.00834692, 0.00417633, 0.00403532, 0.00408944, 0.00866166, 0.00399654, 0.00726632, 0.00754957, 0.00815683, 0.00441076, 0.00413424, 0.00674911, 0.0047918, 0.00836318, 0.00754432, 0.00493346, 0.00417089, 0.00769138, 0.00644499, 0.0084867, 0.00841857, 0.00834448, 0.00810338, 0.00609239, 0.00724645, 0.00859632, 0.00587925, 0.00507729, 0.00646279, 0.00754541, 0.008287, 0.00712249, 0.0051764, 0.00728286, 0.00560748, 0.00741683, 0.00720351, 0.00696227, 0.00730075, 0.00620979, 0.00548322, 0.00401922, 0.0086008, 0.00617346, 0.00489114, 0.00791339, 0.00783159, 0.0081159, 0.00649129, 0.00667026, 0.00460067, 0.00602354, 0.00519766, 0.00462017, 0.00872306, 0.00589025, 0.00496489, 0.0074201, 0.00710522, 0.00494227, 0.00718976, 0.00583248, 0.00400682, 0.00504774, 0.00493698, 0.00840203, 0.00540271, 0.00586416, 0.00648261, 0.00578639, 0.00431048, 0.00381559, 0.00609935, 0.00434028, 0.00463674, 0.00712701, 0.00609355, 0.00684697, 0.0044637, 0.00396026, 0.00764068, 0.00438751, 0.00831084, 0.00776474, 0.00449671, 0.00868111, 0.00586532, 0.00588039, 0.00416737, 0.00843562, 0.00504731, 0.00768879, 0.00796799, 0.00542369, 0.00851073, 0.00742487, 0.00720995, 0.00511529, 0.00522968, 0.0077155, 0.00688203, 0.00377522, 0.00763942, 0.00831238, 0.0037511, 0.00730695, 0.00536871, 0.00441735, 0.0049048, 0.00749128, 0.00849752, 0.00529861, 0.00630287, 0.00487195, 0.00538171, 0.00785589, 0.00652148, 0.00406286, 0.00698983, 0.00556362, 0.00528441, 0.0076316, 0.00676536, 0.00793119, 0.00704254, 0.00639432, 0.00679282, 0.00448834];
GivenLatency = [118.106, 235.701, 315.277, 293.79, 115.026, 270.715, 138.493, 137.003, 134.49, 256.331, 271.499, 148.77, 202.986, 138.6, 127.771, 204.797, 268.166, 131.09, 196.746, 146.394, 135.078, 130.39, 123.848, 192.866, 162.889, 130.664, 201.071, 247.891, 197.597, 148.338, 145, 169.894, 220.531, 159.356, 171.046, 173.267, 149.193, 137.864, 136.68, 157.146, 198.868, 275.463, 122.215, 154.946, 195.211, 121.27, 121.885, 143.543, 177.316, 158.738, 215.511, 172.356, 202.612, 220.873, 121.26, 202.288, 234.362, 162.67, 166.608, 208.381, 151.949, 178.428, 269.168, 221.499, 194.137, 115.9, 227.095, 174.383, 159.068, 220.68, 247.18, 286.36, 156.499, 270.26, 216.398, 151.413, 166.363, 180.357, 219.037, 261.247, 129.824, 252.587, 119.113, 135.911, 235.734, 120.439, 203.095, 195.405, 276.653, 128.913, 190.445, 141.549, 131.564, 214.807, 143.595, 131.71, 143.812, 247.278, 240.202, 144.258, 159.965, 324.299, 131.392, 117.528, 289.199, 140.278, 216.064, 277.469, 213.419, 156.792, 138.888, 207.041, 171.268, 249.047, 203.522, 149.462, 168.146, 237.925, 176.064, 203.963, 188.194, 169.563, 152.732, 152.4, 135.494, 178.673, 166.091, 230.562];
HighestPossibleCritFunctionValue = 1.1;
