NumDevices = 128;
NumSlotes = 1024;


GivenBandwidthOld = [0.00549459, 0.00503448, 0.00706934, 0.00692028, 0.0066672, 0.00808919, 0.00758261, 0.00842212, 0.00806163, 0.00431136, 0.00860207, 0.00741556, 0.00580959, 0.00421073, 0.00726016, 0.00396867, 0.00394605, 0.00375625, 0.00384926, 0.00694937, 0.00561504, 0.00445383, 0.00805763, 0.00710371, 0.00455012, 0.00638609, 0.00847896, 0.00846605, 0.00637583, 0.00608929, 0.00520262, 0.00795504, 0.00782969, 0.00613677, 0.00822361, 0.00665337, 0.00576287, 0.00413393, 0.00654039, 0.00678997, 0.00657508, 0.00482877, 0.00469011, 0.00416882, 0.00785272, 0.00821565, 0.00795324, 0.00758207, 0.00428933, 0.0083282, 0.00457076, 0.00829687, 0.00800704, 0.00686108, 0.00667196, 0.00805043, 0.00601029, 0.00743845, 0.00559448, 0.00389928, 0.00771286, 0.00755496, 0.00873536, 0.00765952, 0.0061087, 0.00634418, 0.00407783, 0.00860095, 0.0086453, 0.00412846, 0.00452032, 0.00559601, 0.00465633, 0.00646591, 0.00500662, 0.00383853, 0.00660388, 0.00392845, 0.00799882, 0.00859293, 0.00383034, 0.00404742, 0.0074756, 0.00496578, 0.00740799, 0.0085464, 0.00691454, 0.0051249, 0.00673049, 0.00679659, 0.00784003, 0.00481302, 0.00498403, 0.00403308, 0.00651766, 0.00480594, 0.00597246, 0.00663075, 0.00551978, 0.0084546, 0.00396826, 0.00704824, 0.00726898, 0.00732051, 0.00836235, 0.00854651, 0.00868017, 0.00504991, 0.00629117, 0.00826635, 0.00512879, 0.00700546, 0.00824944, 0.00591321, 0.00578682, 0.00652327, 0.00404114, 0.00696429, 0.00630186, 0.00792274, 0.00491313, 0.00741186, 0.00857003, 0.00403132, 0.00693316, 0.00815529, 0.008516, 0.00597382];
GivenLatency = [225.35, 240.643, 164.247, 150.569, 172.477, 146.864, 154.511, 140.217, 127.154, 299.224, 132.247, 151.289, 205.103, 248.683, 146.136, 295.304, 302.346, 256.149, 299.518, 179.462, 191.486, 238.428, 123.328, 166.775, 226.574, 186.924, 113.166, 145.121, 150.236, 193.846, 194.914, 150.653, 150.386, 180.987, 143.306, 162.709, 178.957, 256.029, 179.315, 179.108, 159.054, 236.337, 263.849, 264.202, 156.59, 151.992, 157.839, 135.935, 229.211, 121.85, 226.304, 125.753, 137.856, 172.868, 175.734, 143.645, 198.967, 159.858, 201.903, 267.622, 137.578, 146.233, 127.9, 143.84, 174.288, 163.199, 258.772, 146.033, 122.022, 313.39, 242.303, 191.513, 233.816, 149.317, 227.876, 305.211, 150.986, 251.935, 134.599, 145.623, 275.214, 261.166, 157.05, 217.501, 166.192, 147.411, 187.051, 213.346, 162.622, 141.075, 147.713, 217.757, 205.889, 251.111, 192.876, 218.774, 181.449, 154.482, 230.981, 129.129, 241.292, 153.982, 132.782, 144.909, 151.071, 115.745, 147.751, 193.744, 172.987, 119.59, 217.485, 135.992, 125.858, 163.516, 195.529, 177.417, 280.025, 179.285, 161.844, 135.877, 238.827, 166.777, 121.631, 303.405, 137.913, 154.263, 112.488, 174.463];
HighestPossibleCritFunctionValue = 1.1;
