NumDevices = 128;
NumSlotes = 1024;


GivenBandwidthOld = [0.00657642, 0.00731064, 0.00750957, 0.00590525, 0.00704868, 0.0047265, 0.0057327, 0.00700571, 0.00749771, 0.00659768, 0.00468978, 0.00869463, 0.00808912, 0.00629502, 0.00782521, 0.00587402, 0.00719166, 0.00773617, 0.00425022, 0.00602933, 0.00738751, 0.00441547, 0.00829343, 0.00518426, 0.00437472, 0.00843051, 0.00414575, 0.00510684, 0.00817802, 0.00556096, 0.00559811, 0.00500726, 0.00450117, 0.00868645, 0.00561941, 0.00793855, 0.00567718, 0.00382579, 0.00763255, 0.00776586, 0.00838909, 0.00800942, 0.00677678, 0.00477984, 0.00731245, 0.00777387, 0.00792818, 0.00638343, 0.00873389, 0.00799292, 0.00451567, 0.00738205, 0.00769754, 0.00511578, 0.00840898, 0.0072002, 0.00622623, 0.00673484, 0.00501541, 0.00646322, 0.00484429, 0.00542822, 0.00464597, 0.00728943, 0.00600848, 0.00694465, 0.00622591, 0.00643847, 0.00379035, 0.0068955, 0.00524726, 0.00819181, 0.00730101, 0.00555108, 0.00449431, 0.00829145, 0.00682898, 0.00716006, 0.0065518, 0.008562, 0.00409004, 0.00383222, 0.00564067, 0.00527265, 0.00486226, 0.00750103, 0.00734737, 0.00478913, 0.0084203, 0.0074536, 0.00514878, 0.00808157, 0.00449437, 0.0044123, 0.00501331, 0.00617627, 0.00713044, 0.00382191, 0.00732991, 0.00632693, 0.0042511, 0.00570741, 0.00690535, 0.00575106, 0.0055631, 0.00649117, 0.00466511, 0.00396166, 0.00616197, 0.00674061, 0.00699011, 0.00528472, 0.00782435, 0.00643011, 0.00828444, 0.00411182, 0.0047925, 0.00511816, 0.00835598, 0.00645924, 0.00790954, 0.00809895, 0.00657408, 0.00808891, 0.00785736, 0.00616715, 0.0037923, 0.00470771];
GivenLatency = [180.363, 131.202, 138.637, 169.415, 165.992, 274.056, 198.005, 160.034, 156.567, 144.799, 216.121, 116.264, 148.103, 199.112, 123.239, 206.568, 144.808, 131.351, 265.278, 188.031, 130.796, 280.143, 118.912, 214.957, 282.447, 133.89, 278.643, 242.062, 121.844, 219.714, 215.874, 235.67, 222.523, 149.25, 225.041, 137.665, 199.638, 259.003, 147.649, 133.616, 113.732, 120.722, 152.937, 232.26, 159.584, 150.134, 131.539, 163.515, 120.964, 138.375, 221.057, 140.904, 165.701, 186.664, 120.485, 165.056, 182.367, 148.474, 206.891, 186.683, 254.595, 190.898, 222.834, 157.303, 166.376, 150.399, 195.27, 194.425, 275.653, 150.789, 183.518, 143.073, 148.967, 197.843, 255.401, 145.036, 187.565, 171.695, 165.714, 138.82, 292.006, 279.377, 185.445, 237.086, 265.579, 154.123, 141.035, 222.448, 128.112, 167.254, 190.231, 128.305, 276.245, 240.088, 231.806, 194.129, 156.211, 306.19, 174.641, 174.959, 277.168, 212.887, 145.544, 215.949, 196.317, 194.188, 248.097, 253.324, 183.908, 162.917, 160.618, 192.258, 131.689, 152.784, 115.62, 264.945, 216.753, 223.17, 116.253, 172.368, 121.708, 133.951, 173.506, 133.927, 129.66, 165.925, 262.499, 224.583];
HighestPossibleCritFunctionValue = 1.1;
