NumDevices = 128;
NumSlotes = 1024;


GivenBandwidthOld = [0.0063283, 0.00729142, 0.00440575, 0.00485955, 0.00692718, 0.00768017, 0.00810338, 0.00595734, 0.00756192, 0.00562649, 0.00687122, 0.00717861, 0.00832203, 0.00579056, 0.00447631, 0.00586301, 0.00705048, 0.00495452, 0.00807798, 0.00410979, 0.00566175, 0.00448175, 0.00732391, 0.00552717, 0.00765102, 0.00818217, 0.00523799, 0.00745297, 0.00462799, 0.00512142, 0.00814988, 0.00750621, 0.00433524, 0.00481607, 0.00622898, 0.00795464, 0.00615396, 0.00703424, 0.00699588, 0.00726385, 0.00596471, 0.00632718, 0.00842365, 0.00376378, 0.00532683, 0.00548239, 0.00508805, 0.00739177, 0.0060318, 0.00389681, 0.00624778, 0.00391116, 0.0072877, 0.00692933, 0.00868898, 0.00820511, 0.00582055, 0.00847289, 0.00637513, 0.00432915, 0.00757602, 0.00772975, 0.00638196, 0.00410282, 0.00858145, 0.00600171, 0.00827337, 0.00797563, 0.00395416, 0.00506327, 0.00595192, 0.00637074, 0.00559967, 0.00611215, 0.00445121, 0.00401666, 0.00542769, 0.00572277, 0.00513797, 0.0063784, 0.00428999, 0.00432401, 0.00621697, 0.0061064, 0.00768289, 0.00384663, 0.00775997, 0.00432487, 0.00557155, 0.00850976, 0.00607249, 0.00781309, 0.00713313, 0.00393729, 0.00651349, 0.00465291, 0.00398933, 0.00609432, 0.00479851, 0.00608779, 0.00498375, 0.00439799, 0.00457801, 0.00510993, 0.00501833, 0.00556207, 0.00413127, 0.00675109, 0.00812834, 0.00554485, 0.00474829, 0.00705014, 0.00421016, 0.00762993, 0.00869343, 0.00793117, 0.00664867, 0.00675513, 0.00595498, 0.00792046, 0.0066027, 0.00401969, 0.00651565, 0.0059963, 0.0073315, 0.00808505, 0.00800263, 0.00763583];
GivenLatency = [157.23, 153.52, 262.299, 235.213, 145.098, 129.213, 121.532, 216.606, 147.741, 199.933, 187.871, 164.125, 123.644, 164.722, 272.114, 182.1, 169.293, 195.019, 121.395, 262.198, 196.677, 230.279, 147.412, 197.364, 128.899, 155.569, 232.525, 131.452, 268.253, 208.028, 145.97, 151.849, 220.226, 203.593, 191.489, 142.243, 199.113, 156.667, 171.8, 133.048, 206.242, 164.294, 117.77, 267.665, 186.557, 181.496, 219.566, 141.383, 158.486, 312.168, 161.554, 268.47, 131.87, 144.92, 115.231, 146.669, 176.366, 124.593, 170.073, 265.97, 129.682, 143.298, 162.467, 240.37, 149.798, 201.76, 147.918, 139.9, 255.007, 228.303, 203.792, 178.004, 172.7, 203.726, 228.717, 285.675, 232.869, 212.52, 240.381, 187.963, 266.037, 259.377, 181.951, 168.203, 165.198, 284.725, 141.873, 222.871, 184.204, 129.726, 192.795, 136.841, 164.019, 282.451, 163.949, 258.468, 293.086, 178.563, 220.67, 175.209, 203.272, 293.389, 267.351, 223.523, 219.088, 178.389, 233.338, 160.731, 127.757, 217.241, 202.678, 154.182, 275.299, 136.638, 116.708, 138.449, 177.549, 171.069, 166.385, 129.554, 162.879, 314.498, 152.893, 165.545, 145.033, 159.849, 121.904, 165.143];
HighestPossibleCritFunctionValue = 1.1;
