NumDevices = 128;
NumSlotes = 1024;


GivenBandwidthOld = [0.00234863, 0.00340277, 0.00156037, 0.00205908, 0.00265874, 0.0029761, 0.00238278, 0.00244472, 0.00279614, 0.00292572, 0.0026073, 0.00394835, 0.00234401, 0.00390794, 0.00137835, 0.00216748, 0.00266255, 0.00132164, 0.00214306, 0.00158435, 0.00185414, 0.00185854, 0.00403907, 0.00215998, 0.00160899, 0.00355213, 0.00260239, 0.00278893, 0.00350198, 0.00335176, 0.00360111, 0.00382812, 0.00350628, 0.00378823, 0.00184805, 0.0026036, 0.00125909, 0.00398942, 0.0020984, 0.00409296, 0.00159962, 0.00228034, 0.00248038, 0.00210504, 0.0031894, 0.00303131, 0.00218218, 0.00279429, 0.00304228, 0.00219473, 0.00430905, 0.00226953, 0.00209813, 0.00262965, 0.0015521, 0.00359013, 0.00373241, 0.00127752, 0.00125443, 0.00378699, 0.00300611, 0.00366017, 0.00264837, 0.00368302, 0.00246822, 0.0040733, 0.00251618, 0.00382784, 0.0019425, 0.00262435, 0.00307452, 0.00343457, 0.00165715, 0.00366589, 0.00204383, 0.00249108, 0.00387288, 0.00276638, 0.00263575, 0.00413154, 0.00310055, 0.00337989, 0.00144163, 0.00315847, 0.00182128, 0.00271137, 0.00311769, 0.00396003, 0.00187583, 0.00397268, 0.00189536, 0.00408614, 0.00264831, 0.00262187, 0.00196337, 0.00343668, 0.00279142, 0.00162503, 0.00131383, 0.00208745, 0.00125472, 0.00245814, 0.00335913, 0.00245296, 0.00380148, 0.00272722, 0.00382685, 0.00403694, 0.00378579, 0.00153942, 0.00307272, 0.00138534, 0.00409475, 0.0035289, 0.00277614, 0.00421581, 0.00380946, 0.00243176, 0.0037952, 0.00343305, 0.00428306, 0.00289834, 0.00184358, 0.00262126, 0.00431167, 0.0024664, 0.00157167, 0.00437251];
GivenLatency = [169.12, 139.879, 215.751, 248.931, 176.919, 113.219, 136.551, 153.324, 188.993, 119.07, 223.574, 92.4756, 139.901, 94.7213, 240.315, 286.485, 142.639, 347.329, 260.603, 251.471, 246.037, 201.794, 108.012, 161.05, 278.224, 133.503, 139.032, 150.483, 94.0921, 120.318, 89.9224, 87.7152, 161.793, 100.337, 223.587, 210.301, 283.103, 95.4691, 200.438, 141.367, 226.116, 187.523, 135.485, 275.273, 160.592, 121.095, 224.616, 116.476, 143.107, 274.659, 82.4697, 205.239, 238.685, 183.632, 400.127, 118.783, 167.25, 297.017, 251.456, 126.769, 142.428, 115.157, 141.745, 113.161, 185.654, 94.754, 141.561, 156.681, 270.507, 159.014, 114.78, 107.491, 219.695, 123.241, 263.15, 167.223, 118.88, 139.28, 215.211, 140.366, 152.329, 137.091, 311.414, 134.942, 333.351, 145.668, 170.015, 105.702, 207.271, 132.433, 180.722, 157.623, 168.28, 132.262, 160.106, 96.6865, 185.611, 291.887, 240.569, 167.932, 447.625, 131.006, 120.298, 165.717, 123.29, 121.488, 153.291, 99.8835, 149.832, 279.21, 114.558, 426.095, 96.7878, 148.474, 163.529, 122.722, 138.644, 204.421, 107.016, 113.581, 137.928, 180.62, 185.738, 180.31, 118.763, 168.396, 219.455, 80.4697];
HighestPossibleCritFunctionValue = 1.1;
