NumDevices = 8;
NumSlotes = 64;


GivenBandwidthOld = [0.141163, 0.0717468, 0.08807, 0.132231, 0.149306, 0.120267, 0.0719085, 0.1058];
GivenLatency = [8.95199, 22.7461, 12.8506, 10.8004, 7.96971, 11.1807, 21.6836, 15.0498];
HighestPossibleCritFunctionValue = 1.1;
