NumDevices = 128;
NumSlotes = 1024;


GivenBandwidthOld = [0.00839504, 0.00797743, 0.00419842, 0.00534946, 0.00593703, 0.0062338, 0.00397576, 0.00808659, 0.00390133, 0.00722284, 0.00685489, 0.00762331, 0.00748373, 0.0066037, 0.00592833, 0.0049608, 0.00862674, 0.00718202, 0.00571847, 0.00775591, 0.00611783, 0.00480175, 0.00545867, 0.00641327, 0.00535603, 0.0062555, 0.00869564, 0.00514004, 0.00609715, 0.00736041, 0.00398394, 0.00553345, 0.00816746, 0.00800334, 0.00464473, 0.00650209, 0.00809321, 0.00509455, 0.00666327, 0.00702603, 0.00395911, 0.00833694, 0.00643305, 0.00778364, 0.00721435, 0.00410563, 0.00584803, 0.00531942, 0.00605623, 0.00458237, 0.00840779, 0.00717318, 0.00720708, 0.0069418, 0.00831308, 0.0053879, 0.006898, 0.00725412, 0.007539, 0.00552709, 0.00633666, 0.00772603, 0.00388018, 0.00674982, 0.00669814, 0.00811566, 0.00747703, 0.00396566, 0.00829684, 0.00749113, 0.00589009, 0.00716912, 0.00383373, 0.005994, 0.00864889, 0.00441338, 0.00813714, 0.00849379, 0.00759926, 0.00827841, 0.00773228, 0.00387308, 0.00735065, 0.00488685, 0.0057642, 0.00647791, 0.00666402, 0.00476063, 0.00435571, 0.0039809, 0.00440871, 0.00466633, 0.00446479, 0.00728246, 0.00378343, 0.00567322, 0.00725493, 0.00615274, 0.00656343, 0.00412646, 0.00587101, 0.00650665, 0.00468566, 0.0043967, 0.00792472, 0.00819609, 0.00421736, 0.00865557, 0.00668785, 0.00518069, 0.00431821, 0.00874404, 0.0085893, 0.00786801, 0.00517735, 0.00815916, 0.00856068, 0.00692725, 0.00380838, 0.00493323, 0.00524256, 0.00427168, 0.0066876, 0.00593273, 0.00389526, 0.00506529, 0.00476395, 0.00513073];
GivenLatency = [145.642, 120.883, 239.434, 198.454, 189.503, 196.296, 320.336, 129.47, 272.285, 135.145, 164.118, 138.129, 145.665, 161.914, 210.501, 204.9, 140.766, 165.501, 171.546, 140.741, 191.352, 235.188, 205.157, 195.495, 194.428, 162.476, 143.207, 252.164, 174.767, 154.304, 258.004, 220.665, 124.923, 139.084, 207.178, 192.306, 128.177, 203.27, 185.661, 174.377, 261.323, 117.41, 186.971, 147.34, 174.653, 282.037, 183.471, 186.25, 184.323, 273.812, 130.554, 140.082, 176.43, 181.824, 148.585, 218.608, 148.504, 161.95, 147.417, 205.144, 152.758, 140.598, 249.443, 160.422, 155.779, 133.532, 146.616, 280.145, 125.17, 144.302, 169.849, 168.236, 278.361, 200.678, 131.717, 225.992, 120.195, 151.253, 148.839, 115.717, 145.608, 274.229, 145.491, 231.727, 171.476, 157.922, 149.688, 213.803, 221.112, 276.399, 259.366, 228.336, 269.32, 163.925, 313.648, 189.074, 137.91, 206.216, 167.461, 253.143, 169.339, 163.596, 214.225, 266.911, 124.701, 137.694, 276.62, 131.321, 177.867, 244.92, 279.469, 125.62, 138.201, 147.45, 225.365, 150.982, 114.563, 150.677, 311.678, 200.605, 189.471, 225.921, 153.242, 164.509, 265.372, 236.597, 269.862, 201.41];
HighestPossibleCritFunctionValue = 1.1;
