NumDevices = 16;
NumSlotes = 128;


GivenBandwidthOld = [0.0253416, 0.0315827, 0.0260759, 0.0227019, 0.0156847, 0.0279191, 0.026445, 0.0266971, 0.0129392, 0.0336951, 0.0279525, 0.0134586, 0.0131481, 0.0200273, 0.014331, 0.0264629];
GivenLatency = [14.1495, 12.4635, 19.8466, 13.535, 20.4954, 11.4032, 17.5074, 16.8136, 38.7451, 11.1998, 21.9303, 29.5797, 26.8592, 26.1886, 21.8617, 11.8973];
HighestPossibleCritFunctionValue = 1.1;
