NumDevices = 128;
NumSlotes = 1024;


GivenBandwidthOld = [0.00425197, 0.0090721, 0.00846711, 0.00918354, 0.0065167, 0.00988346, 0.00763609, 0.00468142, 0.00812399, 0.0048235, 0.00853974, 0.00489165, 0.00402798, 0.00703365, 0.00453362, 0.00524794, 0.00464403, 0.00473775, 0.00492947, 0.00842591, 0.0042644, 0.00554564, 0.0081501, 0.0062076, 0.00865234, 0.00985264, 0.00839906, 0.00922594, 0.00668784, 0.00500623, 0.0046765, 0.0066069, 0.00720455, 0.00807033, 0.00930338, 0.00822586, 0.00456756, 0.00706124, 0.00583536, 0.00869254, 0.00430236, 0.00601541, 0.00978204, 0.00920606, 0.00996582, 0.00430658, 0.00816175, 0.0083166, 0.00460796, 0.00473337, 0.00624176, 0.00779498, 0.00652927, 0.00872542, 0.0068701, 0.00579358, 0.00638924, 0.00514811, 0.00795798, 0.00851913, 0.00853387, 0.00629559, 0.00626618, 0.0056325, 0.00545384, 0.00896877, 0.00936811, 0.008647, 0.00764832, 0.00400681, 0.00742148, 0.00398919, 0.00515466, 0.00565615, 0.00908075, 0.00384984, 0.00678031, 0.00917686, 0.0067172, 0.00474784, 0.00576364, 0.00950284, 0.00428985, 0.00831577, 0.00931031, 0.00591321, 0.00455389, 0.00844007, 0.00470525, 0.00864489, 0.0096504, 0.00927746, 0.0037792, 0.00693552, 0.00528532, 0.0078302, 0.00469707, 0.00863225, 0.00980917, 0.00888423, 0.00728499, 0.00389811, 0.00557388, 0.00767935, 0.00685419, 0.00708073, 0.008383, 0.00814435, 0.0096258, 0.00835665, 0.00889876, 0.00778042, 0.00558471, 0.00841401, 0.00422954, 0.00720894, 0.00685465, 0.00860388, 0.00796419, 0.00660036, 0.00968683, 0.00902684, 0.00416263, 0.00749325, 0.0040215, 0.00435428, 0.00996379, 0.0077223];
GivenLatency = [786.241, 514.675, 454.684, 506.137, 575.37, 399.094, 545.612, 724.886, 592.619, 788.925, 483.988, 977.274, 986.929, 641.982, 759.71, 769.553, 962.519, 747.149, 676.22, 416.335, 941.02, 704.936, 584.199, 689.527, 402.303, 489.204, 456.777, 490.644, 509.283, 880.581, 1052.85, 669.651, 500.289, 462.744, 389.546, 454.867, 892.858, 478.287, 655.12, 473.951, 1034.76, 670.536, 504.377, 391.209, 362.687, 1091.12, 579.272, 437.17, 761.328, 963.297, 679.411, 531.035, 635.773, 416.678, 510.769, 739.981, 676.83, 866.939, 460.604, 554.661, 442.604, 564.026, 547.387, 674.13, 756.449, 404.428, 381.805, 554.133, 635.507, 1065.01, 482.829, 933.814, 789.789, 653.744, 377.256, 1021.17, 703.851, 417.925, 576.257, 825.479, 763.583, 365.577, 1088.63, 441.124, 516.876, 740.485, 1067.13, 517.387, 930.281, 435.399, 456.833, 527.367, 985.761, 509.937, 641.238, 486.524, 783.801, 417.162, 402.872, 436.427, 462.759, 955.343, 837.213, 621.727, 506.023, 503.658, 438.672, 469.476, 478.023, 535.811, 389.893, 570.806, 837.764, 448.424, 789.669, 622.015, 563.485, 497.819, 490.065, 729.995, 486.219, 486.235, 808.395, 470.257, 1059.89, 919.615, 363.809, 580.493];
HighestPossibleCritFunctionValue = 1.1;
