NumDevices = 128;
NumSlotes = 1024;


GivenBandwidthOld = [0.00642615, 0.00678119, 0.00520407, 0.00482555, 0.00551935, 0.00991054, 0.00647278, 0.00922203, 0.00972578, 0.00749675, 0.00668508, 0.00866987, 0.00444702, 0.00598911, 0.00528255, 0.00508267, 0.00811126, 0.00976736, 0.00631101, 0.00922127, 0.00940213, 0.00536455, 0.00819707, 0.00807902, 0.00533913, 0.00600683, 0.0092968, 0.00376536, 0.00571349, 0.00418187, 0.00596638, 0.00450658, 0.00710193, 0.00831322, 0.00405564, 0.00938036, 0.00823927, 0.00488438, 0.00681399, 0.0065059, 0.00961648, 0.00796568, 0.00669375, 0.00436428, 0.0092862, 0.00688123, 0.00535779, 0.00714965, 0.00424308, 0.00969806, 0.00406472, 0.00572666, 0.00671537, 0.00522001, 0.00397432, 0.00518038, 0.00663074, 0.0078673, 0.00951964, 0.00538757, 0.00764704, 0.00763128, 0.00519817, 0.00556562, 0.00631466, 0.00803794, 0.00864556, 0.00846195, 0.00998689, 0.00834643, 0.00595432, 0.00793314, 0.00977919, 0.00511894, 0.00529335, 0.00539573, 0.0072104, 0.00638137, 0.00412337, 0.00392568, 0.00643285, 0.00687359, 0.00814141, 0.00397718, 0.00942911, 0.00880853, 0.00377806, 0.00659622, 0.00896626, 0.00463884, 0.00491029, 0.00481348, 0.00895779, 0.00611082, 0.00710408, 0.00703464, 0.00863139, 0.00776215, 0.00463108, 0.00575503, 0.00854822, 0.00987031, 0.00538424, 0.00789394, 0.00725278, 0.00616667, 0.00818317, 0.00587371, 0.00940683, 0.00927935, 0.00420036, 0.00419124, 0.00723278, 0.00753531, 0.00469589, 0.00749555, 0.00518372, 0.0064556, 0.0080329, 0.00525744, 0.00801841, 0.00539761, 0.00759443, 0.00465471, 0.00916808, 0.00915923, 0.00411708, 0.00454924];
GivenLatency = [689.874, 617.158, 786.772, 798.591, 781.782, 353.636, 686.532, 431.36, 376.094, 582.471, 586.737, 394.248, 760.708, 658.174, 919.852, 882.21, 524.951, 423.176, 694.774, 390.44, 422.104, 858.011, 504.839, 546.639, 702.58, 601.125, 395.776, 887.449, 638.726, 877.654, 626.809, 1043.79, 489.558, 516.621, 995.691, 443.019, 495.05, 903.216, 520.22, 624.88, 411.819, 549.445, 732.869, 901.918, 476.069, 610.152, 922.102, 603.789, 1065.46, 391.756, 1033.73, 717.439, 575.792, 768.114, 1109.52, 683.795, 644.686, 430.55, 481.24, 698.672, 585.035, 478.991, 739.635, 816.688, 764.712, 611.337, 569.681, 482.904, 485.67, 526.666, 700.169, 429.759, 348.184, 825.503, 835.476, 700.892, 536.281, 545.461, 1179.28, 923.282, 651.629, 543.31, 430.555, 1242.87, 364.042, 378.999, 1289.1, 717.229, 497.627, 981.157, 701.847, 793.555, 536.068, 788.232, 497.903, 517.133, 462.836, 430.631, 742.385, 730.599, 434.504, 450.708, 869.007, 502.82, 619.004, 725.569, 599.667, 606.417, 470.358, 425.596, 974.221, 1160.2, 653.228, 446.122, 1034.12, 635.882, 841.832, 637.602, 543.365, 688.13, 522.042, 908.1, 643.706, 1028.24, 363.998, 497.128, 925.539, 769.379];
HighestPossibleCritFunctionValue = 1.1;
