NumDevices = 128;
NumSlotes = 1024;


GivenBandwidthOld = [0.00564792, 0.00830675, 0.00784815, 0.00640683, 0.00712451, 0.00666698, 0.00441306, 0.00405372, 0.00835172, 0.00743485, 0.00379632, 0.00725896, 0.00378007, 0.00916484, 0.00479683, 0.00399164, 0.00872848, 0.00823266, 0.00623482, 0.00994, 0.00791795, 0.0044751, 0.0092877, 0.00713296, 0.00495912, 0.00674918, 0.00477717, 0.00485978, 0.00576091, 0.00738685, 0.00948144, 0.00707784, 0.00976124, 0.00973651, 0.00655887, 0.006113, 0.00621818, 0.00526891, 0.00701021, 0.00442432, 0.00584786, 0.00626643, 0.00987625, 0.00517524, 0.00775966, 0.00666902, 0.0075219, 0.00428011, 0.00711189, 0.00707839, 0.00647405, 0.00569382, 0.00486389, 0.0061158, 0.0094217, 0.00932509, 0.00433019, 0.00502578, 0.00836199, 0.00500889, 0.00559677, 0.00490762, 0.00986684, 0.00947893, 0.00863559, 0.0096127, 0.00685936, 0.00649829, 0.00670734, 0.00778372, 0.00472872, 0.00936415, 0.00452684, 0.00389486, 0.00718535, 0.00423632, 0.00858315, 0.00946536, 0.00548969, 0.00516587, 0.00653245, 0.00590135, 0.00517708, 0.00746501, 0.0043998, 0.00616758, 0.00469753, 0.00388726, 0.0043871, 0.0052804, 0.00635103, 0.00671428, 0.00562613, 0.00455747, 0.00617342, 0.00915247, 0.0092981, 0.00691227, 0.00831983, 0.00883751, 0.00950486, 0.00691218, 0.0068244, 0.00650464, 0.00721792, 0.00783823, 0.00832452, 0.00637811, 0.00566788, 0.00626245, 0.00551377, 0.00993302, 0.00925842, 0.00877916, 0.00381026, 0.004067, 0.00657651, 0.00881472, 0.0076917, 0.00813607, 0.00793104, 0.00568418, 0.00530913, 0.00804006, 0.006719, 0.00378095, 0.00522053, 0.00637388];
GivenLatency = [605.445, 502.765, 553.285, 595.518, 540.686, 605.795, 874.896, 972.797, 570.009, 498.301, 1027.46, 539.292, 1256.36, 425.33, 997.033, 1235.86, 390.766, 408.874, 559.814, 350.009, 486.637, 826.265, 417.98, 482.626, 870.33, 595.302, 896.116, 838.888, 605.248, 666.615, 417.448, 612.98, 400.51, 417.816, 616.723, 805.457, 648.468, 636.228, 500.604, 1038.83, 587.617, 760.983, 361.503, 767.073, 562.07, 712.919, 465.48, 1019.28, 492.42, 683.968, 696.738, 826.628, 723.561, 689.304, 485.438, 436.923, 844.655, 682.2, 560.102, 972.453, 620.776, 777.422, 374.143, 402.156, 437.903, 378.286, 590.064, 545.762, 703.265, 534.914, 904.751, 495.226, 865.502, 868.106, 483.198, 790.375, 402.345, 497.636, 774.131, 821.734, 557.103, 650.834, 897.352, 474.772, 924.416, 578.92, 881.432, 1171.85, 888.267, 638.573, 786.316, 503.855, 724.591, 862.697, 721.258, 486.231, 391.201, 522.318, 465.168, 428.21, 447.136, 652.661, 655.87, 544.435, 609.135, 514.746, 548.341, 579.117, 821.644, 543.229, 860.405, 432.384, 403.342, 569.407, 1137.39, 956.844, 698.108, 418.487, 480.801, 446.237, 511.702, 669.328, 698.765, 430.736, 701.127, 1304.31, 714.282, 539.058];
HighestPossibleCritFunctionValue = 1.1;
