NumDevices = 64;
NumSlotes = 512;


GivenBandwidthOld = [0.00876377, 0.00769688, 0.0164618, 0.00920618, 0.0133296, 0.0163478, 0.0121032, 0.0138807, 0.00846111, 0.01092, 0.00752216, 0.00986636, 0.00894552, 0.0124297, 0.0106962, 0.0162115, 0.0118196, 0.0164794, 0.014911, 0.0139943, 0.00802102, 0.0142487, 0.0129993, 0.0140524, 0.0142407, 0.00816065, 0.0110696, 0.0114899, 0.0151138, 0.0122003, 0.0162188, 0.0147117, 0.014921, 0.0114738, 0.0151339, 0.00966838, 0.0114594, 0.0126174, 0.0150734, 0.01378, 0.0151144, 0.013411, 0.0135773, 0.00888734, 0.0145429, 0.00792001, 0.0166515, 0.0173175, 0.0108571, 0.010375, 0.00787141, 0.00982582, 0.00751412, 0.0147921, 0.0153599, 0.00840261, 0.00769386, 0.0157208, 0.0136874, 0.00956399, 0.017015, 0.0156345, 0.0148401, 0.0117486];
GivenLatency = [116.944, 142.76, 72.7169, 121.022, 74.7356, 66.4473, 85.3044, 78.7485, 116.22, 110.125, 133.775, 115.195, 117.197, 77.7918, 88.1465, 64.8836, 88.4646, 59.271, 82.8991, 70.6675, 115.879, 65.064, 85.9391, 66.76, 68.8852, 137.604, 101.116, 84.9778, 64.087, 101.263, 70.8148, 70.7, 65.5, 87.5446, 71.8481, 103.223, 105.645, 80.3814, 77.6884, 77.845, 65.6766, 75.6051, 78.927, 114.48, 72.2591, 141.938, 66.0531, 53.0886, 100.895, 105.759, 146.809, 106.56, 126.499, 71.8108, 66.9686, 127.877, 154.087, 66.8683, 67.316, 98.2615, 71.0521, 61.0278, 76.3281, 82.1083];
HighestPossibleCritFunctionValue = 1.1;
