NumDevices = 64;
NumSlotes = 512;


GivenBandwidthOld = [0.0137048, 0.0121085, 0.0127208, 0.0138787, 0.0140623, 0.00945667, 0.0132298, 0.00787403, 0.0137453, 0.012066, 0.00784679, 0.0160647, 0.0142918, 0.00752855, 0.0174049, 0.00918502, 0.00758352, 0.0111799, 0.0157479, 0.00927768, 0.0149103, 0.0127077, 0.0134306, 0.0131454, 0.00988454, 0.0144363, 0.0166293, 0.0137083, 0.00989545, 0.00776411, 0.0164478, 0.0123493, 0.0102862, 0.0146571, 0.0174432, 0.0128461, 0.00859404, 0.0150071, 0.00967409, 0.0174049, 0.00987742, 0.0147316, 0.00958276, 0.012525, 0.0131952, 0.0162295, 0.0147449, 0.0125921, 0.0104984, 0.012165, 0.0128651, 0.00939574, 0.00921244, 0.00849006, 0.00751497, 0.00902386, 0.00893535, 0.0113447, 0.0154398, 0.010976, 0.00783021, 0.0173759, 0.0117707, 0.0153908];
GivenLatency = [90.2283, 75.5601, 87.2522, 77.5763, 67.4278, 132.048, 80.0369, 119.007, 78.291, 95.7549, 130.724, 67.1203, 83.0116, 158.045, 55.1378, 128.72, 130.35, 86.8599, 61.7524, 105.681, 74.5422, 95.326, 91.025, 81.8587, 108.057, 63.655, 71.0158, 69.5516, 125.392, 118.72, 65.6577, 83.3805, 116.715, 62.0913, 52.3676, 84.7372, 109.034, 66.8282, 100.266, 64.7485, 92.6569, 63.1369, 115.447, 84.7122, 77.2523, 59.4091, 64.4549, 81.8999, 92.2882, 74.7897, 78.4542, 127.854, 108.145, 141.258, 162.299, 119.689, 127.023, 101.881, 70.9187, 88.9767, 123.586, 61.3307, 104.808, 68.6154];
HighestPossibleCritFunctionValue = 1.1;
