NumDevices = 128;
NumSlotes = 1024;


GivenBandwidthOld = [0.00644955, 0.0063286, 0.00476307, 0.00546355, 0.00966794, 0.00405692, 0.00598794, 0.004308, 0.00700576, 0.0046304, 0.00692269, 0.00844154, 0.00447644, 0.00682603, 0.00883315, 0.00494345, 0.00578253, 0.00828767, 0.00590607, 0.00955266, 0.00400558, 0.00552537, 0.00483774, 0.00414711, 0.00925844, 0.00911907, 0.00416082, 0.00845065, 0.00757505, 0.0038118, 0.00486286, 0.00759256, 0.00437427, 0.00837621, 0.00643997, 0.00776466, 0.00937131, 0.00614464, 0.0067305, 0.00952952, 0.00881902, 0.00507192, 0.00873526, 0.00985203, 0.00426674, 0.00741253, 0.00983502, 0.00584091, 0.00814873, 0.0082058, 0.00494876, 0.00761565, 0.00492821, 0.0059056, 0.00790223, 0.00904112, 0.00653781, 0.00847894, 0.00809972, 0.00942081, 0.00684317, 0.00943657, 0.00920257, 0.00764758, 0.0040959, 0.00476337, 0.00423686, 0.00512515, 0.00961044, 0.00645855, 0.00762953, 0.00709101, 0.00617329, 0.00699831, 0.00434402, 0.00626987, 0.00523758, 0.00548521, 0.00485732, 0.0081756, 0.00980399, 0.00941454, 0.00759014, 0.00753829, 0.00471446, 0.00711013, 0.00866053, 0.00378154, 0.00884618, 0.00525974, 0.00913078, 0.00726764, 0.00590215, 0.00616182, 0.00792976, 0.00917487, 0.00461175, 0.005988, 0.00532831, 0.00542278, 0.00570175, 0.00681708, 0.00839032, 0.00616187, 0.00872384, 0.0053277, 0.00771676, 0.00427701, 0.00497414, 0.00906922, 0.00396612, 0.00487841, 0.0065019, 0.00493982, 0.00730338, 0.00661135, 0.00703819, 0.00579978, 0.00432528, 0.00377509, 0.00671051, 0.00470563, 0.00881237, 0.00567034, 0.00397406, 0.00703768, 0.00983081, 0.00396262];
GivenLatency = [560.688, 729.585, 863.375, 636.999, 482.542, 1012.14, 764.589, 1132.87, 541.741, 839.368, 623, 435.487, 831.618, 600.116, 428.103, 863.244, 661.702, 435.544, 734.956, 410.27, 1205.35, 669.605, 781.729, 868.414, 383.277, 535.947, 831.701, 521.796, 565.622, 1098.04, 864.443, 473.645, 826.069, 512.639, 535.011, 573.057, 526.175, 604.433, 527.306, 408.32, 448.732, 657.6, 485.62, 443.887, 806.171, 541.819, 405.577, 599.435, 414.084, 490.931, 826.089, 466.998, 911.586, 720.541, 543.178, 369.858, 667.048, 578.804, 482.293, 370.41, 568.592, 375.835, 518.762, 486.381, 965.407, 1013.29, 792.375, 680.739, 353.753, 658.595, 484.018, 567.67, 575.665, 515.453, 876.774, 616.278, 742.497, 895.072, 808.287, 526.56, 464.043, 389.301, 636.932, 560.486, 735.415, 482.608, 398.434, 937.84, 424.775, 744.07, 547.201, 573.433, 619.608, 746.195, 507.293, 480.057, 1065.47, 672.39, 796.331, 841.265, 758.861, 561.862, 465.707, 562.155, 533.138, 850.367, 530.763, 1166.48, 694.169, 508.956, 959.764, 696.3, 653.043, 689.104, 539.553, 662.667, 627.372, 816.661, 974.478, 1172.66, 572.713, 742.419, 427.036, 704.619, 983.785, 502.499, 435.39, 997.542];
HighestPossibleCritFunctionValue = 1.1;
