NumDevices = 16;
NumSlotes = 128;


GivenBandwidthOld = [0.0400003, 0.0657609, 0.0636505, 0.0335216, 0.0577756, 0.0546358, 0.0436675, 0.0590715, 0.0355294, 0.0432914, 0.0580938, 0.0420442, 0.0571973, 0.0552816, 0.0581848, 0.0525749];
GivenLatency = [23.3609, 14.2986, 12.4139, 25.1899, 18.8334, 17.0656, 21.4975, 14.1287, 26.8056, 22.0022, 13.5536, 25.1857, 18.7571, 17.568, 17.293, 19.3967];
HighestPossibleCritFunctionValue = 1.1;
