NumDevices = 128;
NumSlotes = 1024;


GivenBandwidthOld = [0.00536659, 0.00380275, 0.00536145, 0.00746816, 0.00479369, 0.00503572, 0.00781916, 0.00411185, 0.00538977, 0.00842446, 0.00737614, 0.00834406, 0.00604126, 0.00796926, 0.00678397, 0.00564978, 0.00836257, 0.0072555, 0.00575334, 0.00396815, 0.00517519, 0.00698784, 0.00707678, 0.00691953, 0.00402742, 0.0062729, 0.00609713, 0.00699281, 0.00565403, 0.00475146, 0.00537076, 0.0039262, 0.00513175, 0.00681646, 0.00681746, 0.00854237, 0.00413794, 0.00393345, 0.00697212, 0.00789463, 0.00758102, 0.00669065, 0.00719627, 0.00521906, 0.00426422, 0.00628631, 0.00647634, 0.00526615, 0.00569349, 0.00794027, 0.00460493, 0.00748295, 0.00846839, 0.00579698, 0.00732434, 0.00776433, 0.00761678, 0.00775768, 0.00589473, 0.00530892, 0.00447197, 0.0079837, 0.00453654, 0.00808213, 0.00387651, 0.00493966, 0.00833948, 0.00407467, 0.00550314, 0.00381009, 0.00871016, 0.00416654, 0.00459297, 0.00653067, 0.00844332, 0.00430665, 0.00435554, 0.00601869, 0.00867127, 0.00560793, 0.00497636, 0.00521077, 0.004921, 0.00475643, 0.00874825, 0.00425609, 0.00464925, 0.00742515, 0.00696834, 0.0044328, 0.00448755, 0.00470246, 0.00669854, 0.00486571, 0.00553086, 0.00466592, 0.00756937, 0.00591421, 0.00771431, 0.00697449, 0.00768041, 0.00716162, 0.00790432, 0.00536766, 0.00677264, 0.00533068, 0.00518029, 0.00760209, 0.00590652, 0.00843811, 0.0068438, 0.00630023, 0.00552301, 0.00769373, 0.00595912, 0.00739067, 0.0075715, 0.00676979, 0.00730616, 0.00708548, 0.0082218, 0.00632776, 0.00814138, 0.00463149, 0.00400921, 0.00529845, 0.00851989, 0.00634987];
GivenLatency = [226.586, 285.367, 224.747, 166.444, 202.511, 196.362, 159.979, 286.001, 191.937, 113.574, 172.001, 119.575, 180.566, 121.803, 186.626, 200.771, 139.889, 149.781, 220.354, 264.771, 186.11, 139.25, 141.814, 169.892, 314.156, 180.846, 161.387, 181.857, 180.054, 212.652, 217.236, 307.219, 221.283, 149.147, 166.255, 145.092, 291.4, 314.839, 164.486, 142.783, 164.792, 145.159, 160.162, 234.655, 248.21, 169.598, 155.729, 201.185, 199.266, 130.318, 236.383, 164.796, 125.061, 205.31, 155.688, 124.117, 140.56, 130.796, 167.281, 219.677, 258.49, 145.195, 254.847, 118.181, 313.688, 195.513, 130.035, 242.591, 210.077, 262.12, 114.987, 277.399, 225.924, 181.706, 115.673, 233.005, 278.888, 212.889, 136.584, 217.151, 209.133, 234.054, 209.517, 256.437, 115.422, 245.494, 233.057, 134.883, 159.862, 243.145, 263.474, 262.531, 187.929, 250.053, 199.286, 208.621, 142.891, 180.262, 136.766, 166.882, 153.533, 178.199, 159.073, 199.368, 163.515, 187.951, 202.589, 148.84, 169.096, 118.382, 146.987, 168.949, 230.026, 152.919, 206.842, 139.87, 167.59, 180.07, 150.805, 151.621, 157.772, 176.072, 145.076, 249.488, 244.326, 205.571, 125.01, 177.611];
HighestPossibleCritFunctionValue = 1.1;
