NumDevices = 128;
NumSlotes = 1024;


GivenBandwidthOld = [0.00717926, 0.00430027, 0.00713444, 0.00595189, 0.00586931, 0.00797358, 0.00447916, 0.00873726, 0.00461975, 0.00671262, 0.00657421, 0.00527556, 0.00385768, 0.00851614, 0.00834591, 0.00721001, 0.00615667, 0.00764777, 0.00855967, 0.00486858, 0.00378383, 0.00734876, 0.00806902, 0.00849033, 0.00448671, 0.00560544, 0.00820378, 0.00844727, 0.00574024, 0.00866255, 0.00390377, 0.0082106, 0.008009, 0.00470236, 0.00514238, 0.00554961, 0.00474662, 0.00396694, 0.00479572, 0.0041644, 0.00859805, 0.00490851, 0.00477956, 0.00749966, 0.00426874, 0.00721332, 0.00677805, 0.00618508, 0.00513608, 0.00466415, 0.00791874, 0.00776926, 0.00539289, 0.00572394, 0.00469928, 0.00824146, 0.00678834, 0.00405025, 0.00497783, 0.0048863, 0.0064671, 0.00510861, 0.00798968, 0.00509591, 0.00449905, 0.00798427, 0.00416822, 0.00769187, 0.00467837, 0.00689751, 0.00399554, 0.00557651, 0.00690098, 0.0072512, 0.00841793, 0.00767279, 0.00409467, 0.00667728, 0.00756582, 0.00616591, 0.00798594, 0.00715562, 0.00708378, 0.00453475, 0.00811528, 0.00594722, 0.00738519, 0.00533035, 0.00463331, 0.00453706, 0.00685639, 0.00786386, 0.00540045, 0.00788213, 0.00741604, 0.00393132, 0.006235, 0.00412721, 0.00855657, 0.007819, 0.00646227, 0.00392929, 0.00702066, 0.00866723, 0.00765967, 0.00850353, 0.00624966, 0.0055284, 0.00824807, 0.00775612, 0.00454468, 0.00493766, 0.00480505, 0.00596004, 0.0078186, 0.00472483, 0.0076513, 0.00784496, 0.00782141, 0.00699183, 0.00420359, 0.00718612, 0.00465391, 0.00574766, 0.00835625, 0.00602874, 0.00756252, 0.00582237];
GivenLatency = [177.158, 285.044, 174.204, 160.985, 193.223, 119.715, 268.483, 134.991, 207.871, 174.142, 174.851, 189.141, 280.772, 115.169, 143.842, 167.87, 205.312, 145.696, 148.787, 259.22, 259.751, 137.15, 149.701, 122.321, 221.564, 197.43, 139.342, 147.249, 206.638, 122.492, 267.773, 149.075, 121.881, 226.044, 220.517, 192.643, 229.217, 276.91, 254.368, 263.468, 112.515, 214.317, 264.314, 166.884, 262.274, 148.679, 156.081, 204.628, 221.481, 211.923, 129.525, 145.924, 236.226, 205.96, 217.118, 132.218, 188.203, 246.003, 243.415, 229.472, 151.73, 219.991, 160.17, 250.479, 226.581, 136.085, 230.158, 153.98, 218.321, 147.49, 312.214, 207.798, 161.447, 166.159, 150.174, 156.288, 287.468, 182.608, 136.85, 183.579, 131, 170.698, 178.01, 237.639, 141.995, 162.293, 144.577, 225.736, 238.856, 218.081, 188.559, 125.997, 194.205, 159.088, 150.913, 253.663, 184.396, 246.947, 118.457, 122.312, 200.54, 286.922, 146.097, 115.312, 131.603, 139.848, 160.905, 194.23, 136.037, 123.092, 226.644, 193.668, 198.98, 204.388, 127.9, 224.662, 135.958, 125.115, 124.308, 175.85, 237.22, 135.178, 219.788, 190.011, 120.698, 212.723, 137.413, 206.834];
HighestPossibleCritFunctionValue = 1.1;
