NumDevices = 64;
NumSlotes = 512;


GivenBandwidthOld = [0.00977634, 0.0158973, 0.0104075, 0.0132404, 0.0159166, 0.0160954, 0.010433, 0.0118034, 0.0152423, 0.0121487, 0.00879594, 0.00836947, 0.0106721, 0.0117018, 0.0167859, 0.0151552, 0.00810396, 0.00827275, 0.0151856, 0.0102078, 0.0174642, 0.0164615, 0.0139145, 0.0153696, 0.0113652, 0.010403, 0.00864083, 0.0113969, 0.0121732, 0.00993249, 0.0103945, 0.0156909, 0.011335, 0.0125104, 0.0173024, 0.0162328, 0.00892952, 0.0134223, 0.0130498, 0.0129694, 0.0115906, 0.00828881, 0.0150857, 0.00973895, 0.0174934, 0.015738, 0.0142085, 0.0174901, 0.0110591, 0.0154517, 0.0109066, 0.0119124, 0.0171475, 0.0125513, 0.0147012, 0.00880307, 0.00821192, 0.0127838, 0.0115387, 0.0157285, 0.0133931, 0.0134885, 0.0160152, 0.0129924];
GivenLatency = [124.061, 65.9288, 111.538, 73.6323, 58.1034, 66.4626, 110.647, 89.729, 60.4456, 88.5917, 131.75, 127.043, 99.2679, 92.8611, 56.953, 63.0942, 125.268, 118.361, 76.2877, 94.8866, 55.0241, 75.2388, 75.5218, 60.136, 98.6219, 93.8385, 132.226, 100.171, 92.4358, 114.721, 96.4749, 63.8536, 94.6468, 76.2266, 70.0452, 73.0913, 110.202, 80.4635, 76.6681, 82.067, 105.857, 145.334, 76.4156, 99.2275, 66.0688, 71.286, 76.4439, 54.147, 87.1233, 66.2151, 83.5094, 95.7442, 70.3114, 92.5876, 77.8954, 132.721, 152.107, 77.72, 101.848, 58.984, 91.8315, 67.4983, 56.9651, 77.6601];
HighestPossibleCritFunctionValue = 1.1;
