NumDevices = 32;
NumSlotes = 256;


GivenBandwidthOld = [0.016852, 0.0163559, 0.0286577, 0.0342217, 0.0244557, 0.0374819, 0.0187848, 0.0256072, 0.0155564, 0.0164181, 0.0242905, 0.0358497, 0.0356913, 0.0244437, 0.0345377, 0.0354195, 0.0312283, 0.0392493, 0.022419, 0.0319477, 0.0301394, 0.0385196, 0.0332208, 0.0266243, 0.035161, 0.0361821, 0.0222782, 0.0390711, 0.0276452, 0.0171236, 0.0312922, 0.0379013];
GivenLatency = [141.334, 107.949, 66.6555, 49.1879, 69.2434, 64.4723, 92.9829, 71.3941, 110.965, 109.853, 80.0632, 53.7733, 64.7248, 68.3356, 66.927, 67.1366, 69.2064, 50.4429, 102.654, 58.9828, 56.9465, 45.7227, 71.3675, 72.7316, 49.2533, 49.6953, 75.8329, 42.999, 79.3312, 117.546, 77.4905, 47.1586];
HighestPossibleCritFunctionValue = 1.1;
