NumDevices = 128;
NumSlotes = 1024;


GivenBandwidthOld = [0.00155334, 0.00253034, 0.0042972, 0.00308256, 0.00423654, 0.0023508, 0.00233205, 0.00282256, 0.00322097, 0.0023864, 0.00381159, 0.00391115, 0.00215974, 0.00378649, 0.00391696, 0.00302546, 0.00382622, 0.00286519, 0.00407066, 0.00176603, 0.00232979, 0.0023759, 0.00237299, 0.00352014, 0.00229805, 0.0032477, 0.00167563, 0.00175247, 0.00253673, 0.00232293, 0.00273103, 0.00225016, 0.00157899, 0.00237831, 0.0021831, 0.00262997, 0.00372403, 0.00418726, 0.00213701, 0.00292837, 0.0033255, 0.0029828, 0.00247139, 0.00416845, 0.00157644, 0.00342683, 0.00282116, 0.00144527, 0.00193096, 0.00244832, 0.00386123, 0.00390083, 0.00367235, 0.00424011, 0.00289093, 0.00228501, 0.00291063, 0.00205514, 0.00194587, 0.00300124, 0.00305079, 0.00157151, 0.00176339, 0.00169557, 0.00240634, 0.00146023, 0.00327386, 0.00373337, 0.00169413, 0.00323956, 0.00232083, 0.00182339, 0.0037571, 0.0036806, 0.00231982, 0.00361758, 0.00255014, 0.00273633, 0.00386729, 0.00256262, 0.00315721, 0.00259732, 0.00182965, 0.00277218, 0.00329407, 0.00279488, 0.00350774, 0.0033216, 0.00292465, 0.00332962, 0.00344419, 0.00402833, 0.00295328, 0.00327043, 0.00244549, 0.00321931, 0.00264312, 0.00283924, 0.00218728, 0.0040453, 0.00371813, 0.0018158, 0.00129895, 0.00211368, 0.00148648, 0.0039563, 0.00162784, 0.00164807, 0.00414086, 0.0036036, 0.00195266, 0.00154274, 0.00256183, 0.00232983, 0.00311422, 0.00194408, 0.00418722, 0.00145487, 0.00380196, 0.00148787, 0.00232395, 0.00431196, 0.00419762, 0.0043221, 0.0027524, 0.00202099, 0.00294664, 0.00425458];
GivenLatency = [307.497, 182.94, 92.2042, 122.102, 141.419, 180.554, 167.279, 132.612, 99.0592, 243.079, 92.5458, 114.131, 229.028, 96.5425, 102.9, 153.463, 102.465, 227.212, 81.5737, 261.562, 237.467, 213.95, 199.793, 102.657, 136.2, 138.344, 219.614, 261.861, 136.461, 162.104, 214.782, 147.467, 253.291, 157.836, 245.66, 138.433, 154.791, 96.4705, 172.239, 179.121, 155.162, 108.445, 176.171, 119.969, 251.894, 94.8665, 210.264, 253.074, 253.992, 159.393, 133.91, 84.9908, 172.79, 94.516, 122.747, 275.954, 179.452, 310.441, 278.929, 123.32, 125.937, 363.807, 196.69, 307.946, 177.728, 250.171, 147.281, 109.928, 293.944, 171.869, 181.231, 194.04, 134.516, 103.189, 198.541, 122.099, 138.489, 138.733, 90.6126, 192.308, 113.322, 171.537, 174.475, 172.524, 159.813, 180.322, 166.856, 133.981, 162.183, 102.609, 104.732, 94.5309, 106.623, 169.635, 193.531, 114.124, 222.517, 144.38, 230.703, 132.688, 103.911, 241.502, 421.143, 228.922, 401.246, 97.5985, 253.125, 207.117, 78.3802, 137.273, 242.741, 211.248, 151.636, 169.953, 180.884, 268.809, 126.778, 327.475, 95.4879, 364.677, 201.462, 100.615, 80.4321, 79.1005, 121.249, 170.611, 113.206, 141.097];
HighestPossibleCritFunctionValue = 1.1;
