NumDevices = 128;
NumSlotes = 1024;


GivenBandwidthOld = [0.00445458, 0.00559481, 0.0044596, 0.00504983, 0.00491217, 0.00630808, 0.00747102, 0.00785221, 0.00466221, 0.00530458, 0.00652544, 0.00556015, 0.00701443, 0.00407602, 0.00823581, 0.00675798, 0.00381914, 0.00580598, 0.00862994, 0.00585726, 0.00541169, 0.00673488, 0.00567834, 0.00837156, 0.0083931, 0.00538765, 0.00769481, 0.00422731, 0.00592269, 0.00518049, 0.00602797, 0.00460022, 0.00833382, 0.0040593, 0.0071669, 0.00662244, 0.0057688, 0.00380596, 0.00420288, 0.00536631, 0.00405168, 0.00403178, 0.00470126, 0.0066446, 0.00835657, 0.00645551, 0.00520713, 0.00377475, 0.00474833, 0.00770673, 0.00457289, 0.00413843, 0.00714624, 0.00443855, 0.00622961, 0.00856321, 0.00431041, 0.00749242, 0.0076632, 0.00792649, 0.00795218, 0.00483401, 0.00775872, 0.00824893, 0.00720035, 0.00871341, 0.00378623, 0.00760878, 0.0081819, 0.0056085, 0.00456284, 0.00518978, 0.00710213, 0.00800977, 0.00767352, 0.00626863, 0.00436443, 0.00542252, 0.00873937, 0.00508757, 0.00426475, 0.00521952, 0.00699617, 0.00707104, 0.00542032, 0.00678423, 0.00509418, 0.00538401, 0.00662785, 0.00669701, 0.00416309, 0.00662313, 0.00744927, 0.00737787, 0.00736599, 0.0077557, 0.00751515, 0.00466942, 0.00643873, 0.00829129, 0.00427747, 0.00386805, 0.00788268, 0.00673924, 0.00397914, 0.00485309, 0.00839012, 0.00519198, 0.00404451, 0.00859656, 0.00491758, 0.00726059, 0.00625299, 0.00642699, 0.00585383, 0.00787304, 0.00472792, 0.00468812, 0.00575993, 0.00460421, 0.00544048, 0.00561609, 0.00710969, 0.0050731, 0.00615229, 0.00402198, 0.00497149, 0.00836057];
GivenLatency = [216.304, 178.914, 243.868, 221.458, 207.148, 160.869, 130.937, 142.104, 210.894, 220.521, 179.667, 176.22, 155.133, 313.23, 142.409, 163.547, 258.592, 187.416, 145.909, 199.336, 215.422, 182.823, 209.69, 125.576, 124.985, 222.991, 141.678, 301.638, 164.778, 239.849, 194.223, 241.884, 145.428, 264.044, 133.286, 148.641, 209.474, 303.922, 258.831, 230.573, 262.575, 310.411, 213.219, 183.459, 136.476, 170.301, 195.844, 321.411, 236.937, 130.982, 253.801, 266.188, 146.44, 216.042, 171.978, 113.473, 255.103, 131.124, 167.815, 139.52, 128.353, 243.816, 145.507, 129.647, 141.879, 110.526, 307.553, 127.502, 138.222, 209.346, 250.027, 199.672, 141.678, 123.415, 134.146, 194.298, 292.631, 210.333, 125.186, 250.603, 245.41, 215.687, 167.14, 166.458, 195.803, 142.643, 206.116, 183.964, 165.758, 157.667, 231.631, 149.61, 134.096, 139.751, 155.113, 159.694, 165.646, 265.111, 163.439, 140.507, 294.79, 273.595, 159.685, 187.771, 243.007, 209.146, 135.645, 229.152, 280.222, 118.875, 232.988, 149.845, 165.12, 166.22, 187.743, 128.945, 219.952, 214.192, 206.775, 268.404, 233.756, 184.984, 139.251, 239.461, 168.534, 280.057, 204.257, 117.392];
HighestPossibleCritFunctionValue = 1.1;
