NumDevices = 32;
NumSlotes = 256;


GivenBandwidthOld = [0.0310978, 0.0213274, 0.0346983, 0.0336169, 0.0340512, 0.0333245, 0.0191469, 0.0362888, 0.0166062, 0.0348569, 0.0241587, 0.020453, 0.0391928, 0.0231992, 0.0193319, 0.0208679, 0.037533, 0.0270655, 0.0250284, 0.0371162, 0.022798, 0.0265731, 0.0247582, 0.0202897, 0.0183352, 0.0197079, 0.0155261, 0.0324318, 0.0155462, 0.0198418, 0.0160917, 0.038712];
GivenLatency = [76.3499, 100.682, 59.9019, 54.3979, 54.8966, 61.4529, 129.881, 58.9541, 142.221, 51.3168, 69.8945, 110.68, 55.6826, 84.3113, 97.8266, 99.3837, 51.0028, 66.2344, 97.6694, 65.6408, 94.9032, 84.0274, 84.3065, 92.2909, 120.677, 105.313, 159.926, 58.0857, 116.33, 121.866, 136.615, 61.9779];
HighestPossibleCritFunctionValue = 1.1;
