NumDevices = 128;
NumSlotes = 1024;


GivenBandwidthOld = [0.00346641, 0.00237427, 0.00316163, 0.00197076, 0.00263715, 0.00257613, 0.00209054, 0.00322426, 0.00135197, 0.00257516, 0.0014071, 0.00412266, 0.00389918, 0.00415495, 0.00290217, 0.00357567, 0.001335, 0.00171166, 0.00403849, 0.0017946, 0.00127159, 0.0016146, 0.00403086, 0.00170391, 0.00204389, 0.0035336, 0.00365337, 0.00411783, 0.00394989, 0.00330735, 0.00420766, 0.0012668, 0.00233982, 0.00218532, 0.00250685, 0.00320998, 0.0019998, 0.00311267, 0.00397203, 0.0035216, 0.00189674, 0.00225378, 0.00309483, 0.0041079, 0.00264218, 0.00267777, 0.00395903, 0.00386997, 0.00377015, 0.00430581, 0.0039612, 0.00275637, 0.0032019, 0.00366729, 0.0036461, 0.00377634, 0.00211947, 0.00191602, 0.00135567, 0.00224696, 0.00404811, 0.00404658, 0.00332404, 0.00340264, 0.00254545, 0.00196436, 0.00127352, 0.00281378, 0.00237589, 0.0022792, 0.00212196, 0.00309051, 0.00348753, 0.00429327, 0.00266347, 0.00436141, 0.00405359, 0.00241316, 0.00366499, 0.00242128, 0.00249772, 0.00295778, 0.00392983, 0.00364475, 0.0029365, 0.00258111, 0.00129542, 0.00207856, 0.00192036, 0.00228792, 0.00175172, 0.00243449, 0.00272696, 0.00266483, 0.0021582, 0.00291423, 0.00313825, 0.00274394, 0.0036948, 0.00342114, 0.00414798, 0.00130584, 0.00220248, 0.00330429, 0.00274808, 0.00141803, 0.00351932, 0.00421213, 0.00134088, 0.00365675, 0.00144448, 0.0042731, 0.00421139, 0.00148094, 0.00138849, 0.00382181, 0.00370257, 0.00281232, 0.00295545, 0.00217124, 0.00336398, 0.00274184, 0.00278092, 0.00323391, 0.0041266, 0.00138553, 0.00408807, 0.00374137];
GivenLatency = [160.227, 143.617, 121.734, 191.26, 248.639, 124.577, 243.966, 103.921, 273.532, 248.276, 437.857, 116.616, 111.742, 85.3441, 196.259, 94.0872, 352.864, 224.857, 85.3363, 257.644, 346.39, 297.048, 105.109, 309.749, 188.534, 129.785, 94.0078, 102.604, 88.4946, 148.905, 106.847, 459.676, 168.911, 200.598, 137.871, 200.668, 182.491, 137.415, 83.8326, 119.31, 169.979, 205.17, 134.997, 156.466, 178.127, 238.616, 95.7622, 150.76, 103.547, 73.2537, 165.094, 182.238, 109.349, 95.6568, 101.273, 100.491, 155.66, 317.331, 306.741, 205.253, 102.129, 96.2129, 144.823, 172.385, 212.649, 175.97, 413.456, 170.634, 225.087, 171.852, 148.966, 149.008, 101.608, 128.07, 167.483, 121.841, 88.7764, 163.579, 161.642, 151.042, 132.174, 192.878, 92.24, 134.73, 154.462, 140.437, 303.391, 224.646, 213.218, 177.906, 195.628, 259.585, 211.69, 133.329, 176.963, 108.004, 148.404, 179.269, 130.204, 179.08, 84.3953, 378.509, 147.842, 160.874, 147.554, 328.487, 100.057, 151.677, 319.258, 147.396, 259.25, 108.506, 121.019, 229.859, 302.124, 93.4562, 161.751, 225.115, 130.957, 153.55, 120.879, 116.263, 120.49, 133.095, 90.3412, 262.599, 84.1503, 111.493];
HighestPossibleCritFunctionValue = 1.1;
