NumDevices = 64;
NumSlotes = 512;


GivenBandwidthOld = [0.00820479, 0.0154676, 0.0182364, 0.0159474, 0.00822173, 0.0126846, 0.00773877, 0.00808461, 0.008101, 0.00856787, 0.01777, 0.0160868, 0.0134089, 0.0183751, 0.0100701, 0.0148642, 0.0154916, 0.0103944, 0.0157934, 0.0188778, 0.00976501, 0.0130676, 0.0196492, 0.0110198, 0.0143921, 0.0188296, 0.0115067, 0.0101056, 0.0122212, 0.0183728, 0.00889223, 0.0192594, 0.0109344, 0.0171755, 0.0117657, 0.012816, 0.0158597, 0.00962265, 0.00780273, 0.0079117, 0.014419, 0.0196115, 0.0161532, 0.0176675, 0.017989, 0.00913857, 0.00952549, 0.0124194, 0.0130811, 0.00867325, 0.0137985, 0.0156562, 0.0131529, 0.0165962, 0.0116069, 0.0199795, 0.0125784, 0.0102738, 0.0150317, 0.0175147, 0.0113238, 0.0109539, 0.00761146, 0.018386];
GivenLatency = [285.232, 157.392, 169.85, 141.269, 279.363, 187.961, 377.54, 284.373, 389.488, 351.709, 130.703, 148.901, 175.349, 154.343, 248.028, 166.486, 192.134, 293.458, 146.062, 170.958, 302.141, 190.651, 150.409, 251.239, 184.767, 138.282, 272.21, 311.763, 252.438, 129.31, 264.88, 134.912, 233.282, 183.177, 205.009, 192.299, 190.784, 264.389, 345.594, 342.825, 219.416, 124.818, 184.673, 127.38, 140.178, 291.025, 249.032, 240.045, 234.312, 362.645, 197.515, 207.825, 228.774, 163.417, 204.789, 136.972, 219.624, 246.669, 201.834, 147.266, 229.179, 292.171, 295.003, 149.135];
HighestPossibleCritFunctionValue = 1.1;
