NumDevices = 128;
NumSlotes = 1024;


GivenBandwidthOld = [0.00779056, 0.00838581, 0.00776002, 0.00523054, 0.00712439, 0.00715765, 0.00606575, 0.0046378, 0.00509017, 0.00794028, 0.00473852, 0.007833, 0.00665124, 0.00495473, 0.00666109, 0.00539764, 0.00566838, 0.0059784, 0.00648438, 0.00551665, 0.00585244, 0.00442117, 0.004115, 0.00822806, 0.00646662, 0.00692196, 0.00485946, 0.00548271, 0.0054083, 0.00480709, 0.00519574, 0.00737674, 0.00842426, 0.00408163, 0.00751214, 0.00398088, 0.00419622, 0.00841538, 0.0047803, 0.00493138, 0.00415294, 0.00593131, 0.0049936, 0.00497567, 0.00866602, 0.00721433, 0.0037896, 0.00435214, 0.00397651, 0.0057639, 0.00644132, 0.00683584, 0.00751158, 0.00464982, 0.00695293, 0.00541394, 0.00457401, 0.0078649, 0.00787345, 0.00651718, 0.00674627, 0.00704285, 0.0067139, 0.00802742, 0.00442584, 0.00760859, 0.00503202, 0.00559491, 0.00608882, 0.00727118, 0.00427209, 0.00850605, 0.00862683, 0.00858603, 0.00793997, 0.00457269, 0.00565824, 0.0055803, 0.0056419, 0.0059822, 0.00529191, 0.00863423, 0.00792771, 0.00849523, 0.00679722, 0.00838868, 0.00604771, 0.00628347, 0.00873364, 0.0038471, 0.00566085, 0.00435275, 0.00425641, 0.00499094, 0.005254, 0.00649087, 0.00461409, 0.00644626, 0.00482111, 0.00582522, 0.00700659, 0.00731025, 0.00593472, 0.00732481, 0.00557356, 0.00733717, 0.00830422, 0.00658287, 0.00578608, 0.00413769, 0.0045722, 0.00753968, 0.00682884, 0.00479501, 0.0071476, 0.00718969, 0.00460668, 0.00690075, 0.00836415, 0.00386007, 0.00873347, 0.00592015, 0.00750115, 0.00429633, 0.00598682, 0.00803566, 0.0078027, 0.00751008];
GivenLatency = [159.255, 144.077, 123.068, 203.206, 138.673, 133.162, 178.593, 208.406, 224.21, 128.256, 263.568, 153.2, 150.899, 230.357, 158.822, 234.468, 179.644, 185.865, 147.355, 173.099, 162.962, 280.852, 233.312, 123.844, 152.569, 147.946, 222.913, 207.284, 202.443, 236.596, 206.703, 168.183, 116.403, 274.427, 162.486, 254.137, 297.741, 136.363, 206.911, 218.599, 233.04, 166.355, 198.904, 207.077, 112.738, 149.345, 297.395, 285.002, 274.809, 195.255, 148.231, 141.142, 127.993, 217.039, 175.851, 193.178, 268.041, 125.531, 136.509, 164.474, 142.555, 157.604, 170.723, 127.475, 272.453, 142.196, 227.283, 211.766, 158.35, 135.138, 240.291, 126.058, 111.866, 123.468, 123.515, 216.366, 193.357, 210.939, 197.207, 170.851, 186.075, 111.12, 140.578, 122.771, 190.323, 116.597, 164.594, 196.522, 134.948, 289.022, 221.245, 255.78, 243.735, 204.914, 205.959, 191.958, 215.936, 157.937, 242.26, 176.523, 150.694, 144.122, 164.35, 151.799, 175.299, 153.995, 136.518, 196.759, 191.246, 297.361, 257.382, 142.125, 170.966, 255.233, 176.255, 162.167, 270.366, 152.871, 132.945, 309.655, 119.509, 161.27, 167.242, 280.148, 174.991, 154.287, 125.482, 154.201];
HighestPossibleCritFunctionValue = 1.1;
