NumDevices = 16;
NumSlotes = 128;


GivenBandwidthOld = [0.0538647, 0.0732875, 0.0624989, 0.039642, 0.0325346, 0.0792769, 0.0774486, 0.0487049, 0.0538552, 0.0646532, 0.0467635, 0.0742453, 0.0612806, 0.0635884, 0.0499091, 0.04197];
GivenLatency = [28.7527, 19.5005, 22.9366, 44.2805, 48.4223, 19.2882, 21.3619, 29.8868, 28.5716, 24.0083, 41.3456, 19.8908, 23.6034, 25.3481, 29.1598, 46.7062];
HighestPossibleCritFunctionValue = 1.1;
