NumDevices = 64;
NumSlotes = 512;


GivenBandwidthOld = [0.00291776, 0.00503176, 0.00374612, 0.00846588, 0.00856236, 0.0050631, 0.00547887, 0.00578905, 0.00658339, 0.00706998, 0.00383094, 0.00287205, 0.0055453, 0.00363987, 0.00406668, 0.00874619, 0.00720892, 0.00788041, 0.00596741, 0.00423269, 0.00512745, 0.00582356, 0.00529876, 0.00371676, 0.00257195, 0.00548123, 0.00806608, 0.00792052, 0.0051447, 0.00821081, 0.00280825, 0.00817487, 0.00496149, 0.00406112, 0.00277283, 0.00668424, 0.00822037, 0.00721492, 0.00866898, 0.00321845, 0.00874232, 0.00467512, 0.0035145, 0.00312223, 0.00406272, 0.00456063, 0.00429283, 0.00328198, 0.00768709, 0.00689042, 0.00476044, 0.00629053, 0.00362059, 0.00502878, 0.00366547, 0.00309222, 0.00594083, 0.0075683, 0.00415544, 0.00666671, 0.00734841, 0.00845416, 0.00535361, 0.00683191];
GivenLatency = [217.452, 123.528, 99.2337, 38.5361, 37.7545, 68.3818, 56.4431, 66.9232, 66.3386, 76.879, 150.758, 110.867, 66.0828, 86.6658, 106.025, 57.2347, 52.7437, 55.1798, 59.0381, 133.272, 60.9398, 53.5037, 67.2314, 88.2966, 197.009, 82.5782, 71.6795, 59.5395, 100.821, 65.0519, 166.534, 44.5358, 63.498, 157.848, 160.196, 50.2097, 43.7439, 59.5081, 44.3081, 108.968, 40.2725, 97.7949, 108.485, 182.79, 82.4728, 131.108, 121.003, 115.928, 50.5403, 82.0221, 69.8783, 49.0726, 97.8247, 99.6285, 87.1102, 113.383, 96.6715, 60.8972, 86.3645, 51.6699, 57.2103, 53.9264, 87.8594, 58.1575];
HighestPossibleCritFunctionValue = 1.1;
