NumDevices = 32;
NumSlotes = 256;


GivenBandwidthOld = [0.0172067, 0.0286008, 0.0288666, 0.0210793, 0.0153082, 0.0204935, 0.0198954, 0.0163803, 0.0389226, 0.0318833, 0.0227097, 0.01725, 0.0302221, 0.0272698, 0.0343263, 0.0319114, 0.0192864, 0.0319439, 0.0155701, 0.0221714, 0.0193015, 0.0348397, 0.0355797, 0.0236291, 0.0186094, 0.0274124, 0.0294553, 0.0154262, 0.0278649, 0.0359631, 0.0164097, 0.0331067];
GivenLatency = [103.898, 81.7198, 66.2233, 91.2888, 145.352, 111.154, 90.8069, 117.572, 43.1356, 72.0523, 88.9567, 105.234, 56.6299, 61.9471, 52.3626, 67.578, 123.122, 64.1354, 155.646, 106.263, 105.207, 61.506, 56.9862, 84.2142, 99.4001, 62.3211, 76.3171, 158.366, 68.3365, 53.6459, 104.678, 55.1228];
HighestPossibleCritFunctionValue = 1.1;
