NumDevices = 64;
NumSlotes = 512;


GivenBandwidthOld = [0.0140235, 0.00795205, 0.015048, 0.0163929, 0.0106568, 0.0146134, 0.0119832, 0.0159264, 0.00992041, 0.017291, 0.014874, 0.0116098, 0.0103798, 0.0088262, 0.0169757, 0.0156261, 0.0129592, 0.00974858, 0.00938211, 0.0101473, 0.0105223, 0.0138149, 0.0126757, 0.0149792, 0.0106748, 0.0157354, 0.0104741, 0.0124916, 0.0105142, 0.017236, 0.00963487, 0.0082729, 0.00759805, 0.0154156, 0.0152488, 0.0107782, 0.0140877, 0.0173492, 0.0123977, 0.0136634, 0.014965, 0.0111351, 0.0128536, 0.014835, 0.0171528, 0.0121982, 0.0103494, 0.017298, 0.0123885, 0.00912167, 0.0129697, 0.0168736, 0.00892657, 0.0137903, 0.007751, 0.0160339, 0.00756799, 0.0102654, 0.0147513, 0.00971898, 0.0118503, 0.0124789, 0.0083519, 0.0153754];
GivenLatency = [83.1571, 132.901, 61.2014, 55.503, 110.214, 67.2114, 80.0661, 61.6624, 120.125, 53.2606, 63.3035, 106.112, 109.725, 140.627, 60.2905, 62.8715, 89.2028, 101.636, 116.895, 120.773, 103.977, 83.9035, 73.0133, 63.3081, 94.9652, 60.6575, 88.9713, 91.9403, 90.2285, 66.6943, 99.7875, 123.007, 139.993, 77.8148, 70.3549, 89.8487, 77.393, 67.463, 97.0849, 75.9495, 82.9, 87.31, 89.5483, 74.8117, 62.8887, 87.7064, 106.554, 58.7433, 79.3505, 118.963, 73.5706, 65.141, 117.381, 76.0573, 138.673, 72.5249, 138.454, 116.002, 78.3791, 112.995, 101.807, 100.106, 135.537, 77.6053];
HighestPossibleCritFunctionValue = 1.1;
