NumDevices = 128;
NumSlotes = 1024;


GivenBandwidthOld = [0.00549459, 0.00507925, 0.00446549, 0.00398272, 0.00514595, 0.00551779, 0.00502916, 0.00751732, 0.00616781, 0.00488681, 0.00504543, 0.00604744, 0.00687123, 0.00733251, 0.00501263, 0.00476922, 0.00383116, 0.00773073, 0.00788288, 0.0050869, 0.00795264, 0.00747361, 0.00639755, 0.00605011, 0.00664687, 0.0064607, 0.00751157, 0.00450522, 0.0067923, 0.00560561, 0.00601282, 0.00499019, 0.00760248, 0.0073679, 0.00472062, 0.00704175, 0.00826265, 0.00782654, 0.00820837, 0.00552382, 0.00631227, 0.0078912, 0.00487775, 0.00778631, 0.0070481, 0.0049019, 0.00871649, 0.00553265, 0.00481411, 0.00822921, 0.005844, 0.007647, 0.00563274, 0.00693084, 0.00413908, 0.00804611, 0.00843148, 0.00531788, 0.00518844, 0.00456962, 0.00414081, 0.00717065, 0.00460632, 0.00584956, 0.00597712, 0.00493706, 0.00462447, 0.00594753, 0.00763746, 0.00533997, 0.00636503, 0.00464059, 0.00694942, 0.0063738, 0.00704239, 0.00399362, 0.008234, 0.00633379, 0.0044792, 0.00445451, 0.00440035, 0.00416238, 0.00456555, 0.00572903, 0.00537231, 0.00492, 0.00790289, 0.00632912, 0.00608712, 0.00869566, 0.00547309, 0.00868773, 0.0071449, 0.0068403, 0.00744324, 0.00597563, 0.00498698, 0.00873276, 0.00396064, 0.0039494, 0.00502546, 0.00542698, 0.00375633, 0.00517528, 0.00839682, 0.00782478, 0.00854568, 0.00481067, 0.00535865, 0.00531945, 0.00643507, 0.00666901, 0.00848341, 0.00813282, 0.00580521, 0.00566121, 0.00550772, 0.00583452, 0.00824053, 0.00606375, 0.00595706, 0.00787658, 0.00421424, 0.00618904, 0.00669063, 0.00688768, 0.00868407, 0.00574637];
GivenLatency = [194.473, 243.063, 239.378, 285.142, 226.74, 216.508, 202.412, 139.886, 190.357, 210.484, 242.648, 201.91, 155.814, 139.365, 212.436, 228.407, 267.964, 127.869, 121.568, 226.078, 125.945, 170.925, 161.596, 206.005, 181.703, 174.322, 146.552, 253.388, 145.556, 213.486, 167.025, 228.701, 125.318, 129.381, 246.557, 138.029, 144.978, 160.929, 122.227, 226.882, 195.972, 148.176, 222.946, 138.062, 164.193, 220.334, 120.504, 233.723, 207.2, 143.85, 202.505, 139.404, 204.067, 179.747, 248.131, 126.064, 150.098, 192.621, 202.098, 271.742, 271.878, 147.514, 256.709, 181.402, 188.609, 219.217, 210.156, 170.185, 146.416, 214.037, 180.199, 262.991, 137.625, 193.663, 146.791, 267.518, 126.363, 162.919, 241.987, 218.513, 279.756, 231.455, 211.96, 203.025, 180.057, 224.107, 125.787, 152.339, 198.361, 109.557, 194.179, 140.274, 150.464, 165.958, 140.028, 173.841, 248.89, 112.301, 286.066, 292.069, 237.355, 183.754, 285.569, 235.007, 141.381, 158.085, 138.21, 260.694, 214.139, 211.044, 160.745, 181.739, 131.139, 140.103, 192.107, 214.414, 218.806, 169.978, 124.562, 178.099, 216.654, 143.136, 240.005, 160.264, 142.699, 145.918, 146.909, 174.291];
HighestPossibleCritFunctionValue = 1.1;
