NumDevices = 32;
NumSlotes = 256;


GivenBandwidthOld = [0.0238109, 0.0198712, 0.0258421, 0.0178505, 0.0226856, 0.0273956, 0.0279219, 0.0328652, 0.0158607, 0.0207845, 0.0345833, 0.0312933, 0.0162273, 0.0217632, 0.0247736, 0.0195346, 0.0283754, 0.0159832, 0.0197535, 0.0274258, 0.0150617, 0.0315838, 0.0193489, 0.026472, 0.0242129, 0.0169539, 0.0337271, 0.0215105, 0.0174739, 0.0336417, 0.0258044, 0.0247585];
GivenLatency = [39.6983, 52.9127, 35.8747, 59.474, 37.0982, 38.8179, 37.3049, 33.882, 57.6361, 43.0103, 25.0091, 35.5442, 71.4999, 42.0652, 38.1045, 50.7527, 30.6412, 55.013, 48.2549, 36.0476, 76.4096, 31.3587, 59.6659, 31.9378, 36.8405, 49.1643, 27.3047, 51.2882, 55.7137, 30.2906, 39.6432, 35.9115];
HighestPossibleCritFunctionValue = 1.1;
