NumDevices = 64;
NumSlotes = 512;


GivenBandwidthOld = [0.00605772, 0.00329891, 0.00477212, 0.00251477, 0.00703036, 0.00681538, 0.00613652, 0.00274227, 0.00558379, 0.00680092, 0.0068668, 0.00776752, 0.00873219, 0.00309452, 0.00702102, 0.00598917, 0.00753626, 0.00322515, 0.00260482, 0.00800016, 0.00612729, 0.00393952, 0.00275655, 0.00806732, 0.00376287, 0.00260619, 0.00602181, 0.00610801, 0.00477502, 0.00755211, 0.00703453, 0.00815742, 0.00544702, 0.00802972, 0.0029506, 0.00691308, 0.00433815, 0.00251379, 0.00302127, 0.00728874, 0.00560228, 0.0050543, 0.00763381, 0.0051878, 0.00757127, 0.00405505, 0.00690691, 0.00687433, 0.0030481, 0.00810488, 0.00365457, 0.00741698, 0.00462945, 0.00473046, 0.00853247, 0.00274118, 0.0060938, 0.00354821, 0.00727049, 0.00511975, 0.00764806, 0.00717034, 0.00322055, 0.00660875];
GivenLatency = [52.86, 112.581, 73.2642, 221.365, 63.1267, 60.0127, 64.8806, 164.693, 87.7404, 65.3707, 58.7899, 51.1452, 40.2796, 194.527, 61.4183, 63.1519, 46.8201, 104.944, 247.082, 40.6599, 100.863, 80.985, 123.791, 53.675, 102.976, 199.801, 103.358, 88.3015, 100.663, 79.5324, 48.9819, 52.5268, 117.076, 43.6371, 183.61, 54.0179, 88.5843, 194.064, 114.116, 43.6436, 56.9641, 88.4835, 68.074, 75.896, 59.4132, 79.8479, 52.4022, 71.6787, 211.95, 39.4832, 119.598, 76.0479, 83.601, 89.9524, 37.9159, 186.288, 76.3936, 88.4119, 78.2935, 63.153, 75.5566, 56.0637, 153.047, 54.365];
HighestPossibleCritFunctionValue = 1.1;
