NumDevices = 128;
NumSlotes = 1024;


GivenBandwidthOld = [0.00967907, 0.00988767, 0.00962194, 0.00586921, 0.00889425, 0.00689678, 0.00416676, 0.00824307, 0.00628199, 0.00893151, 0.00809843, 0.00650356, 0.00779881, 0.00832461, 0.00792891, 0.0073806, 0.00445704, 0.00578741, 0.00901111, 0.00852119, 0.00566986, 0.00835391, 0.00664982, 0.00972384, 0.00600137, 0.00504582, 0.0076694, 0.00839474, 0.00535717, 0.00915244, 0.00879051, 0.0071146, 0.00884215, 0.00625989, 0.00621972, 0.00604046, 0.00568701, 0.00913485, 0.0068504, 0.00591209, 0.0045679, 0.00648003, 0.00612165, 0.00779501, 0.0069426, 0.00556486, 0.00602618, 0.00950367, 0.00565896, 0.00643013, 0.00500177, 0.00481199, 0.00887531, 0.00726416, 0.00996964, 0.00605965, 0.00956118, 0.00980836, 0.00781072, 0.00843846, 0.00897516, 0.00431727, 0.00656053, 0.00909486, 0.00988269, 0.00709002, 0.0081597, 0.00502722, 0.00746922, 0.00635293, 0.00736299, 0.00859304, 0.00697967, 0.00988111, 0.00560871, 0.00564974, 0.00760904, 0.00638284, 0.00387842, 0.00581013, 0.00967962, 0.00657368, 0.00506232, 0.00997601, 0.00677034, 0.00412251, 0.00828773, 0.00693524, 0.0067718, 0.00985545, 0.00551771, 0.00747946, 0.00978011, 0.00812547, 0.00482934, 0.00663819, 0.00806647, 0.00684824, 0.00706472, 0.00805587, 0.00382509, 0.00957928, 0.00770163, 0.00633397, 0.00757615, 0.00977939, 0.00839887, 0.00613614, 0.00764119, 0.00924756, 0.00747098, 0.00468137, 0.00723628, 0.00389988, 0.00400607, 0.00750044, 0.00615408, 0.00908794, 0.00599802, 0.00501743, 0.0054492, 0.00594603, 0.00620634, 0.00612391, 0.00827002, 0.00920401, 0.00676414, 0.00621317];
GivenLatency = [373.608, 445.584, 412.971, 603.496, 383.128, 547.19, 999.926, 418.96, 687.329, 374.735, 424.376, 642.063, 498.06, 517.139, 445.463, 559.697, 1072.77, 580.516, 435.007, 564.684, 614.576, 435.043, 637.364, 401.02, 579.461, 699.123, 509.781, 433.881, 695.065, 405.771, 438.826, 528.009, 495.638, 716.514, 691.211, 573.436, 667.322, 456.517, 592.982, 668.946, 740.805, 711.575, 630.647, 481.902, 483.445, 607.175, 568.125, 472.177, 668.423, 594.463, 698.466, 867.556, 458.158, 557.319, 379.597, 600.542, 368.057, 344.262, 573.948, 399.317, 373.206, 956.359, 703.143, 529.05, 346.001, 531.768, 411.665, 711.031, 651.269, 615.9, 605.458, 404.652, 479.184, 340.45, 604.63, 657.285, 561.425, 734.661, 933.339, 624.652, 502.762, 543.713, 909.715, 472.473, 501.099, 816.005, 483.863, 612.616, 571.614, 430.905, 898.27, 496.305, 444.359, 521.61, 742.925, 617.131, 524.804, 532.837, 615.139, 548.283, 1012.34, 501.356, 532.641, 597.659, 489.112, 350.672, 551.031, 637.278, 448.785, 396.214, 548.571, 1044.29, 634.453, 878.04, 1079.24, 526.811, 727.09, 513.342, 779.744, 978.566, 624.854, 701.897, 588.674, 696.78, 549.402, 388.223, 684.389, 600.166];
HighestPossibleCritFunctionValue = 1.1;
