NumDevices = 16;
NumSlotes = 128;


GivenBandwidthOld = [0.0305909, 0.0620981, 0.0532316, 0.0333017, 0.0712907, 0.0527728, 0.0725291, 0.0660091, 0.0345274, 0.0718516, 0.0306086, 0.0582252, 0.0616753, 0.0474381, 0.0621973, 0.0700115];
GivenLatency = [53.0853, 27.3272, 29.6526, 40.6096, 23.539, 28.1392, 19.5725, 22.2238, 41.1983, 22.5856, 45.9039, 30.0736, 31.2565, 31.4141, 23.7125, 19.9425];
HighestPossibleCritFunctionValue = 1.1;
