NumDevices = 64;
NumSlotes = 512;


GivenBandwidthOld = [0.0114713, 0.0125486, 0.00967865, 0.014, 0.012587, 0.0153428, 0.0121074, 0.0135965, 0.0107703, 0.0120091, 0.0111673, 0.0138638, 0.0135855, 0.016462, 0.0118211, 0.0127354, 0.00919803, 0.0162853, 0.0120701, 0.0171044, 0.00946717, 0.00980136, 0.0163815, 0.00853592, 0.00814381, 0.00809445, 0.00835295, 0.0130531, 0.00908094, 0.00833959, 0.00842656, 0.010139, 0.0110859, 0.0163277, 0.0144662, 0.00873934, 0.0170366, 0.0085112, 0.0127713, 0.0125569, 0.00950965, 0.0136225, 0.00841683, 0.0167224, 0.00786968, 0.0107429, 0.0104626, 0.0103027, 0.0122966, 0.014693, 0.0109783, 0.016986, 0.00882225, 0.010534, 0.0095198, 0.0142446, 0.0132131, 0.00790312, 0.0127037, 0.0166643, 0.012167, 0.0162172, 0.00767991, 0.011293];
GivenLatency = [82.5657, 77.5258, 105.119, 82.862, 81.4781, 59.9496, 81.169, 78.8299, 105.226, 93.2694, 88.8194, 71.3156, 72.5767, 61.1143, 105.293, 84.5664, 103.872, 73.2053, 100.475, 55.7781, 103.64, 104.003, 72.9339, 107.051, 121.555, 114.411, 125.05, 71.0538, 117.38, 144.246, 116.269, 99.8005, 108.661, 55.8967, 67.2511, 141.126, 72.4154, 113.727, 79.0767, 77.7053, 109.354, 89.7207, 119.063, 68.4615, 117.477, 103.377, 114.49, 97.8385, 99.8309, 75.3354, 86.5573, 57.4964, 104.165, 93.1844, 103.959, 70.8566, 85.6519, 123.23, 71.6172, 61.3452, 77.1382, 72.4106, 147.674, 104.39];
HighestPossibleCritFunctionValue = 1.1;
