NumDevices = 64;
NumSlotes = 512;


GivenBandwidthOld = [0.00999346, 0.0150672, 0.0137338, 0.016899, 0.0133281, 0.00981462, 0.00940542, 0.0193273, 0.0138176, 0.0126125, 0.00911469, 0.00803236, 0.0173108, 0.00977221, 0.00897307, 0.0153809, 0.0109496, 0.00948891, 0.0101776, 0.00952268, 0.0151831, 0.0118281, 0.0119159, 0.0137279, 0.016516, 0.0142729, 0.0145508, 0.0106508, 0.0135484, 0.013554, 0.0191038, 0.00803995, 0.00750699, 0.0125542, 0.0162508, 0.0197308, 0.00861028, 0.0179169, 0.00969242, 0.0180728, 0.0172352, 0.0138222, 0.0143376, 0.014167, 0.00924796, 0.0105141, 0.0151075, 0.0159603, 0.0125714, 0.0183149, 0.0113739, 0.0160136, 0.00878914, 0.011645, 0.0100022, 0.0111443, 0.0195208, 0.0168913, 0.0101448, 0.00794952, 0.0126414, 0.0197397, 0.00805597, 0.0142122];
GivenLatency = [227.46, 193.118, 201.931, 180.441, 202.733, 280.544, 285.702, 148.341, 161.677, 223.992, 358.536, 314.85, 130.763, 332.325, 251.337, 199.444, 238.835, 306.041, 257.272, 234.3, 146.414, 188.471, 265.499, 179.666, 148.664, 156.174, 180.212, 254.7, 202.628, 238.986, 124.196, 298.063, 443.847, 185.162, 182.152, 161.275, 292.994, 156.763, 273.896, 138.642, 145.624, 186.437, 217.05, 221.688, 310.581, 286.381, 218.817, 182.343, 194.401, 146.777, 209.833, 139.752, 372.563, 200.526, 300.115, 232.467, 169.369, 153.246, 225.013, 400.067, 257.085, 127.716, 278.387, 224.95];
HighestPossibleCritFunctionValue = 1.1;
