NumDevices = 32;
NumSlotes = 256;


GivenBandwidthOld = [0.0333175, 0.0266374, 0.0305919, 0.0177158, 0.0345186, 0.0388342, 0.021802, 0.0354504, 0.0249646, 0.0394816, 0.0276472, 0.0264154, 0.0239763, 0.0292909, 0.0274341, 0.0204056, 0.0165353, 0.0187735, 0.0354879, 0.0298762, 0.0385906, 0.0264883, 0.0242034, 0.0212932, 0.0345699, 0.0260058, 0.0152345, 0.0311962, 0.0242576, 0.0319963, 0.0221151, 0.0242447];
GivenLatency = [74.349, 76.0937, 81.5353, 109.111, 65.0347, 49.0538, 85.374, 67.9386, 73.4514, 49.9399, 75.5153, 68.0113, 73.5575, 62.8332, 82.1224, 85.4157, 146.605, 98.7074, 49.6921, 72.9846, 56.0849, 63.5834, 80.8791, 87.4569, 50.9215, 71.4342, 114.115, 54.2183, 81.4303, 54.7403, 103.921, 100.194];
HighestPossibleCritFunctionValue = 1.1;
