NumDevices = 16;
NumSlotes = 128;


GivenBandwidthOld = [0.0378417, 0.0757461, 0.0339732, 0.057112, 0.0514506, 0.0506082, 0.0412935, 0.0399718, 0.0753603, 0.050362, 0.053397, 0.0631963, 0.0609111, 0.0530149, 0.0418552, 0.0310306];
GivenLatency = [43.7781, 17.7208, 39.6063, 31.712, 34.459, 38.6765, 39.0849, 43.3053, 18.0784, 31.999, 26.736, 22.4516, 24.55, 31.1789, 35.9432, 56.7141];
HighestPossibleCritFunctionValue = 1.1;
