NumDevices = 64;
NumSlotes = 512;


GivenBandwidthOld = [0.0032736, 0.00442045, 0.00442532, 0.00506438, 0.00828773, 0.00803505, 0.00506164, 0.00603932, 0.00652168, 0.00742617, 0.00295333, 0.00283929, 0.00491542, 0.00469016, 0.00630979, 0.00869337, 0.00696454, 0.00683088, 0.00413629, 0.0036505, 0.00775492, 0.00322729, 0.00734795, 0.00703305, 0.00819634, 0.00333029, 0.00722284, 0.00428578, 0.00364464, 0.00298874, 0.00422304, 0.00534362, 0.00780118, 0.00572278, 0.00530657, 0.0037812, 0.00441764, 0.00729448, 0.00835518, 0.00428467, 0.00364154, 0.00703979, 0.00275279, 0.00744658, 0.00841505, 0.00428696, 0.00464346, 0.00258278, 0.0063304, 0.0050037, 0.00724909, 0.00799109, 0.00372098, 0.00479323, 0.00724012, 0.00713895, 0.00676308, 0.00832618, 0.00437825, 0.00772312, 0.00617199, 0.00511131, 0.00329741, 0.00464947];
GivenLatency = [163.317, 76.5984, 70.3833, 94.081, 47.1121, 56.9983, 69.3632, 100.358, 61.0539, 64.0849, 113.665, 113.368, 97.4378, 69.0661, 92.9831, 42.3172, 84.6757, 71.2852, 147.675, 140.065, 56.9645, 106.955, 46.0299, 72.4517, 38.5229, 160.284, 87.0856, 100.793, 122.108, 123.098, 74.1919, 98.2494, 41.0306, 66.57, 61.2586, 85.4387, 106.824, 50.3681, 51.2666, 88.2516, 107.053, 62.5698, 133.735, 47.2737, 61.5183, 97.8458, 103.715, 181.957, 51.7772, 76.903, 66.0665, 79.844, 88.2525, 124.273, 83.2904, 61.434, 82.344, 48.7715, 74.0443, 63.8465, 59.3984, 89.5955, 140.991, 97.7913];
HighestPossibleCritFunctionValue = 1.1;
