NumDevices = 128;
NumSlotes = 1024;


GivenBandwidthOld = [0.00504621, 0.00791098, 0.00616311, 0.00469166, 0.00525436, 0.00632558, 0.0040617, 0.00499907, 0.0093493, 0.00487354, 0.00581299, 0.00773519, 0.00779466, 0.00730673, 0.00674917, 0.00457109, 0.00380539, 0.00972827, 0.00555556, 0.00605412, 0.00410877, 0.00851769, 0.00937994, 0.00733538, 0.00698069, 0.00812911, 0.00963656, 0.00790394, 0.00659744, 0.00438618, 0.00859821, 0.00642403, 0.00872237, 0.00569631, 0.00912936, 0.00834433, 0.00819613, 0.00487067, 0.00752244, 0.00709212, 0.00600045, 0.00831336, 0.00636212, 0.00563864, 0.00860025, 0.00944482, 0.00414865, 0.0038966, 0.00520891, 0.00489065, 0.00584015, 0.00795255, 0.00474532, 0.00713243, 0.00853882, 0.0082667, 0.00972106, 0.00940566, 0.00848289, 0.00568025, 0.00795399, 0.00404517, 0.00845028, 0.00764104, 0.0067285, 0.00706753, 0.00519082, 0.00709163, 0.00402513, 0.00913646, 0.00905863, 0.00706624, 0.00855291, 0.00756397, 0.00518313, 0.00905079, 0.00666879, 0.00977433, 0.00474426, 0.00808092, 0.00594069, 0.00395857, 0.00919693, 0.00660601, 0.00474713, 0.00630441, 0.00446934, 0.00615967, 0.00938199, 0.0043438, 0.00872306, 0.00464599, 0.00648074, 0.0055955, 0.00863975, 0.00461023, 0.00535107, 0.00660147, 0.0096238, 0.00598148, 0.0082679, 0.00479668, 0.00777447, 0.00558499, 0.0068499, 0.00376386, 0.005478, 0.00877145, 0.0054979, 0.00567152, 0.00493223, 0.00470734, 0.00626303, 0.00900858, 0.00967148, 0.00733522, 0.00427467, 0.00936674, 0.00437388, 0.00800427, 0.00524531, 0.00412902, 0.00512813, 0.00970527, 0.00649445, 0.00478571, 0.00463918, 0.00438734];
GivenLatency = [688.69, 483.283, 790.536, 712.775, 703.58, 552.992, 992.462, 792.93, 525.744, 693.689, 752.226, 551.032, 526.898, 463.054, 539.826, 984.77, 988.348, 345.371, 619.078, 762.97, 871.304, 553.644, 358.798, 660.743, 578.932, 461.987, 403.334, 464.808, 743.604, 795.377, 396.331, 728.596, 480.714, 625.609, 501.28, 452.654, 559.572, 709.224, 447.34, 626.909, 654.172, 423.166, 695.131, 755.278, 427.113, 379.499, 937.864, 861.824, 674.599, 757.965, 735.715, 581.024, 733.539, 498.804, 484.855, 446.558, 473.868, 438.846, 544.458, 875.922, 446.793, 1143.67, 425.032, 475.976, 536.378, 572.517, 661.243, 502.201, 882.518, 410.812, 448.862, 511.317, 392.335, 565.944, 767.804, 419.147, 626.692, 478.539, 888.034, 486.505, 655.133, 1212.06, 516.462, 709.095, 836.278, 556.449, 964.558, 558.406, 474.59, 917.561, 505.759, 759.204, 525.804, 851.109, 534.552, 894.988, 776.935, 620.797, 350.083, 751.376, 416.87, 844.126, 428.857, 623.28, 497.273, 1140.74, 802.559, 399.33, 609.867, 709.424, 683.43, 1037.63, 537.595, 506.678, 404.712, 460.946, 1097.34, 518.751, 967.779, 572.197, 810.387, 1146.44, 855.548, 370.218, 696.325, 979.711, 885.617, 891.572];
HighestPossibleCritFunctionValue = 1.1;
