NumDevices = 128;
NumSlotes = 1024;


GivenBandwidthOld = [0.0066888, 0.0062359, 0.00422526, 0.00639212, 0.00493618, 0.00489802, 0.00852616, 0.00666098, 0.00861249, 0.00755659, 0.00618243, 0.00568254, 0.00397363, 0.00735683, 0.00377944, 0.0084674, 0.00411437, 0.00769052, 0.00701559, 0.00858208, 0.00644209, 0.00468275, 0.00547544, 0.00823015, 0.00655798, 0.00750648, 0.00388877, 0.00613197, 0.00751754, 0.0047744, 0.00578803, 0.00686803, 0.00849449, 0.00433341, 0.00419955, 0.0043479, 0.00760237, 0.00559738, 0.0075845, 0.00522774, 0.00513655, 0.00755826, 0.00416644, 0.00785551, 0.0051417, 0.00406179, 0.00397736, 0.00502883, 0.00707933, 0.00476647, 0.00764079, 0.00617427, 0.00838787, 0.0074598, 0.00432183, 0.00444141, 0.00424756, 0.00616627, 0.00398223, 0.00680508, 0.00543546, 0.00621308, 0.00572573, 0.00481221, 0.00632357, 0.00771615, 0.00776409, 0.00851968, 0.00772559, 0.00650857, 0.00696486, 0.00582319, 0.00784966, 0.00667995, 0.00740285, 0.00720805, 0.00820863, 0.00500191, 0.00460389, 0.00514445, 0.00531023, 0.00654421, 0.00611533, 0.0078904, 0.00653019, 0.00535015, 0.00739531, 0.00544791, 0.00550377, 0.00439874, 0.00710294, 0.00660918, 0.0079957, 0.00630069, 0.00817966, 0.00808493, 0.0059799, 0.00669449, 0.00675137, 0.00782616, 0.00675987, 0.00562097, 0.00408508, 0.00540825, 0.00397632, 0.00745953, 0.00487179, 0.00771276, 0.00583938, 0.00499451, 0.00519487, 0.00770653, 0.0061019, 0.00712939, 0.00618585, 0.00810504, 0.00395982, 0.00516407, 0.00502311, 0.00599049, 0.00470721, 0.00662714, 0.00478082, 0.008673, 0.00462772, 0.00551791, 0.0069652, 0.00667767];
GivenLatency = [190.226, 155.098, 230.431, 173.774, 248.92, 221.066, 131.219, 185.856, 117.423, 128.74, 161.043, 180.989, 249.321, 142.288, 278.316, 137.042, 307.957, 140.222, 140.592, 139.601, 186.17, 220.001, 197.09, 155.019, 156.336, 152.776, 261.479, 207.048, 171.162, 225.767, 176.119, 152.424, 144.298, 277.815, 307.159, 276.939, 157.418, 205.089, 157.373, 245.573, 193.884, 161.502, 281.019, 124.101, 213.446, 268.78, 284.751, 231.822, 167.302, 263.585, 159.648, 197.429, 122.952, 141.733, 245.302, 216.471, 257.426, 169.974, 246.613, 151.694, 213.86, 178.364, 183.916, 216.714, 195.468, 140.91, 151.078, 118.611, 147.68, 148.324, 145.762, 203.836, 145.251, 162.524, 166.57, 162.404, 145.387, 250.184, 273.003, 186.732, 205.552, 178.046, 161.264, 133.199, 174.352, 213.497, 131.689, 198.33, 195.807, 268.924, 153.693, 179.747, 133.35, 187.501, 126.653, 159.246, 189.515, 166.011, 187.365, 143.779, 181.943, 224.75, 244.011, 223.431, 241.443, 161.69, 239.028, 134.76, 171.073, 242.742, 186.616, 134.341, 162.128, 143.737, 172.808, 141.277, 249.577, 211.734, 204.092, 175.457, 202.454, 176.574, 245.285, 118.698, 218.639, 180.966, 153.818, 145.935];
HighestPossibleCritFunctionValue = 1.1;
