NumDevices = 128;
NumSlotes = 1024;


GivenBandwidthOld = [0.00397576, 0.00809246, 0.00755468, 0.00392684, 0.00584249, 0.00719874, 0.00670312, 0.00688716, 0.00507687, 0.0044331, 0.00464642, 0.00480858, 0.00528074, 0.00597992, 0.00704691, 0.00489797, 0.00773382, 0.00477531, 0.00612967, 0.00381724, 0.00382732, 0.00825452, 0.00617669, 0.0040929, 0.00681131, 0.00515862, 0.00836404, 0.00697701, 0.00508395, 0.00850161, 0.00398616, 0.00783518, 0.0083118, 0.00386577, 0.0045575, 0.00539835, 0.00760872, 0.00726257, 0.00452222, 0.00738367, 0.00485203, 0.00559859, 0.00796895, 0.00657767, 0.00842466, 0.00581212, 0.0067215, 0.00566784, 0.00684342, 0.00492037, 0.00420656, 0.00712521, 0.00583783, 0.00385792, 0.00751679, 0.00717476, 0.00376058, 0.00663786, 0.00494035, 0.00502174, 0.00790028, 0.00745548, 0.00668901, 0.0047101, 0.00516479, 0.0071507, 0.00431624, 0.00560238, 0.00669856, 0.00523657, 0.00844895, 0.00402411, 0.00570587, 0.00608976, 0.00809536, 0.00618363, 0.00568502, 0.00562181, 0.00832719, 0.0076136, 0.00431743, 0.0056236, 0.00837975, 0.00588167, 0.00575018, 0.00585168, 0.00662236, 0.00445084, 0.00784243, 0.00526663, 0.00868409, 0.0060489, 0.00630481, 0.00738789, 0.00582628, 0.00484183, 0.00417183, 0.00845728, 0.0040577, 0.00518405, 0.00576332, 0.00663355, 0.00762588, 0.00558997, 0.00806399, 0.00403402, 0.00733041, 0.00467231, 0.00496766, 0.00399654, 0.00742077, 0.00844782, 0.00502787, 0.00587111, 0.00829567, 0.00790865, 0.00821731, 0.00575837, 0.00845889, 0.00609776, 0.00758439, 0.00837348, 0.0055461, 0.0057673, 0.00848393, 0.00697779, 0.00823648, 0.00801609];
GivenLatency = [321.872, 124.473, 157.95, 245.321, 204.898, 168.637, 153.187, 161.426, 232.883, 231.854, 250.294, 240.936, 194.509, 214.208, 150.741, 203.428, 135.35, 223.63, 155.597, 335.718, 259.005, 121.045, 159.339, 232.743, 144.094, 244.677, 123.269, 165.344, 226.481, 146.727, 286.171, 123.399, 128.345, 298.858, 268.67, 217.213, 135.785, 145.904, 255.958, 158.126, 202.675, 171.124, 119.63, 154.045, 136.71, 181.783, 169.298, 180.598, 141.344, 242.693, 308.414, 142.681, 174.314, 258.699, 134.421, 137.148, 275.988, 176.686, 194.852, 219.882, 125.708, 128.305, 149.645, 253.323, 199.664, 165.37, 277.581, 190.542, 153.572, 207.559, 118.658, 241.203, 218.687, 190.7, 125.936, 168.17, 179.403, 223.355, 142.455, 151.076, 220.855, 210.017, 151.535, 220.538, 172.136, 181.769, 157.127, 237.313, 135.698, 197.269, 115.853, 192.183, 181.954, 145.447, 183.506, 258.491, 256.54, 138.154, 297.806, 207.729, 183.95, 175.071, 133.907, 172.812, 127.92, 311.334, 168.706, 210.541, 207.469, 276.755, 135.758, 151.991, 221.442, 214.609, 121.125, 159.543, 124.805, 180.662, 132.651, 205.681, 167.061, 140.797, 216.44, 215.524, 129.549, 168.55, 118.347, 129.454];
HighestPossibleCritFunctionValue = 1.1;
