NumDevices = 64;
NumSlotes = 512;


GivenBandwidthOld = [0.0130577, 0.0161407, 0.0117631, 0.0168818, 0.0173084, 0.00787593, 0.0156993, 0.0137551, 0.0161486, 0.0149288, 0.0136624, 0.00942164, 0.0144571, 0.0155716, 0.0165, 0.010764, 0.014875, 0.0088007, 0.008393, 0.0161406, 0.0103365, 0.0101738, 0.0155703, 0.0151299, 0.0128873, 0.0118746, 0.010856, 0.0114682, 0.0115136, 0.0136006, 0.00969842, 0.0163553, 0.00813673, 0.00895965, 0.00988814, 0.0150495, 0.0112833, 0.0129152, 0.0113317, 0.0161707, 0.0162269, 0.0101999, 0.0142248, 0.0119103, 0.0115552, 0.0128906, 0.00815328, 0.0172521, 0.0113357, 0.0133337, 0.0148557, 0.015501, 0.00995646, 0.0132179, 0.00827735, 0.0123805, 0.0139735, 0.00766734, 0.00993225, 0.016267, 0.0139768, 0.0126441, 0.0150173, 0.011189];
GivenLatency = [89.5264, 75.825, 78.4403, 70.3049, 55.9031, 118.896, 65.4208, 77.0824, 57.4651, 70.8195, 67.1751, 98.5461, 86.3213, 69.8516, 61.7975, 96.3365, 65.8733, 105.438, 137.83, 60.8992, 104.021, 90.9735, 67.6858, 82.193, 76.1022, 98.6442, 113.592, 96.572, 96.9921, 69.5123, 100.042, 64.7816, 132.729, 113.3, 95.772, 67.0422, 86.1855, 79.8781, 102.72, 59.9531, 74.5852, 97.1746, 66.9844, 92.1899, 80.4687, 83.0011, 123.564, 66.8214, 93.9601, 78.2932, 68.6579, 78.7178, 107.595, 77.6466, 121.571, 78.7707, 82.6323, 134.161, 97.3603, 73.0364, 68.3244, 90.5342, 66.5906, 82.4868];
HighestPossibleCritFunctionValue = 1.1;
