NumDevices = 16;
NumSlotes = 128;


GivenBandwidthOld = [0.0413002, 0.0526261, 0.0565904, 0.0344907, 0.0551259, 0.0713651, 0.053231, 0.0726296, 0.0563628, 0.0593555, 0.0572092, 0.0346041, 0.0617809, 0.071813, 0.0306806, 0.0696462];
GivenLatency = [36.0198, 30.6471, 33.3311, 42.7424, 27.7739, 23.8364, 29.4632, 23.2205, 29.1011, 30.8848, 24.1413, 56.4085, 30.1616, 19.2478, 43.7093, 21.9134];
HighestPossibleCritFunctionValue = 1.1;
