NumDevices = 16;
NumSlotes = 128;


GivenBandwidthOld = [0.039338, 0.0534215, 0.035436, 0.0331874, 0.0406038, 0.0482246, 0.0502972, 0.0451709, 0.0480678, 0.0552767, 0.055493, 0.050613, 0.0323021, 0.0407862, 0.0344808, 0.0594555];
GivenLatency = [23.5603, 15.8066, 24.2104, 29.6524, 24.9402, 21.7174, 17.5402, 23.951, 19.2157, 15.5068, 16.4987, 16.3878, 29.9768, 20.9001, 27.6614, 15.3755];
HighestPossibleCritFunctionValue = 1.1;
