NumDevices = 32;
NumSlotes = 256;


GivenBandwidthOld = [0.0303575, 0.0277633, 0.0279309, 0.0250797, 0.0237793, 0.0282474, 0.0243071, 0.0186723, 0.0159254, 0.0287404, 0.0303428, 0.020988, 0.0157332, 0.0172081, 0.0272206, 0.0259651, 0.0252736, 0.0226469, 0.016033, 0.0171509, 0.0256207, 0.0172722, 0.0230572, 0.0328289, 0.0250148, 0.0332505, 0.0307555, 0.0169187, 0.0225221, 0.0185789, 0.0256505, 0.0184652];
GivenLatency = [27.8146, 40.5636, 32.1892, 38.8855, 42.8815, 32.8353, 34.9446, 44.8266, 63.7565, 40.3728, 29.839, 47.6324, 53.7001, 67.3434, 36.627, 43.6323, 43.8385, 49.6728, 52.6729, 53.8119, 40.8668, 51.5558, 50.6505, 25.6979, 38.1741, 33.1019, 30.4187, 54.5373, 38.346, 55.1344, 44.4809, 54.5971];
HighestPossibleCritFunctionValue = 1.1;
