NumDevices = 32;
NumSlotes = 256;


GivenBandwidthOld = [0.0108671, 0.0134403, 0.0119031, 0.0123599, 0.0155231, 0.0163124, 0.00747729, 0.0157819, 0.0165514, 0.0122708, 0.00576115, 0.0102165, 0.0163487, 0.0174086, 0.00713883, 0.0147303, 0.0174376, 0.0066189, 0.0138777, 0.0129555, 0.0130444, 0.00803163, 0.0076694, 0.0071111, 0.0113235, 0.00943857, 0.0164916, 0.0062974, 0.010365, 0.0128357, 0.0112986, 0.0155142];
GivenLatency = [29.4846, 43.7054, 45.2403, 39.3941, 19.8533, 34.0977, 65.5726, 20.5873, 31.4825, 27.3264, 71.6375, 37.059, 33.9582, 27.1251, 57.23, 24.9844, 24.5358, 75.0386, 32.5465, 30.5038, 34.2179, 59.1724, 69.6662, 44.1769, 39.2932, 32.6362, 35.7949, 64.4073, 59.4404, 29.119, 48.7139, 19.9635];
HighestPossibleCritFunctionValue = 1.1;
