NumDevices = 128;
NumSlotes = 1024;


GivenBandwidthOld = [0.00815047, 0.00750349, 0.00873274, 0.00872056, 0.00402775, 0.0068322, 0.00633418, 0.00612132, 0.00860224, 0.00530322, 0.00864959, 0.00612844, 0.00810608, 0.00643242, 0.00722223, 0.00657307, 0.00616952, 0.00854775, 0.00457939, 0.00829785, 0.00451935, 0.00423264, 0.00544888, 0.00685826, 0.0043108, 0.00409854, 0.00673711, 0.00804487, 0.00764879, 0.0056676, 0.00792351, 0.0079038, 0.00672488, 0.00762013, 0.0040393, 0.00595985, 0.00475031, 0.00599267, 0.00636276, 0.00635399, 0.00408982, 0.00513763, 0.00559702, 0.0066682, 0.00489448, 0.00407127, 0.00828428, 0.00643715, 0.00675341, 0.0069993, 0.0046734, 0.00825585, 0.00860761, 0.00560136, 0.00455709, 0.00854222, 0.00656017, 0.00433217, 0.00824715, 0.00730068, 0.00503603, 0.00810345, 0.00711103, 0.00754727, 0.00440703, 0.00648717, 0.00739707, 0.00509568, 0.00563744, 0.00592422, 0.00594619, 0.00513027, 0.00699576, 0.00524539, 0.00671146, 0.00693656, 0.00526138, 0.00542941, 0.00465788, 0.00744065, 0.00748325, 0.00845223, 0.00406047, 0.00679352, 0.00616834, 0.00379357, 0.00596754, 0.00390634, 0.00636062, 0.00542321, 0.00541983, 0.00865948, 0.00742786, 0.00760891, 0.00545964, 0.00770867, 0.00715779, 0.00843092, 0.00601507, 0.00779656, 0.00430339, 0.0046615, 0.0083939, 0.00376949, 0.00626649, 0.00843141, 0.00426426, 0.00691371, 0.00620312, 0.0083668, 0.00838131, 0.00722586, 0.0074681, 0.00381461, 0.00465842, 0.00659335, 0.00698035, 0.00620837, 0.00663025, 0.00709466, 0.00736798, 0.00606089, 0.00788797, 0.00567407, 0.00666163, 0.00459777, 0.00728448, 0.0077028];
GivenLatency = [118.596, 165.413, 146.639, 122.041, 296.446, 158.098, 176.126, 192.948, 144.285, 221.878, 129.344, 187.228, 118.031, 149.156, 138.338, 173.242, 164.759, 128.415, 241.86, 118.71, 250.192, 291.036, 222.352, 141.359, 253.338, 296.398, 186.063, 133.233, 151.098, 200.431, 150.887, 132.11, 169.986, 134.281, 281.044, 216.685, 202.972, 174.923, 165.948, 166.83, 286.158, 215.252, 197.159, 152.131, 221.321, 261.474, 152.599, 182.327, 146.461, 153.924, 220.527, 154.142, 112.252, 223.167, 252.461, 139.496, 150.191, 250.999, 124.036, 141.611, 192.342, 119.867, 170.778, 163.324, 236.024, 199.412, 150.433, 240.028, 190.052, 211.495, 161.883, 195.538, 162.984, 234.494, 183.727, 144.209, 245.856, 211.348, 249.365, 166.603, 162.539, 129.013, 310.128, 161.127, 199.636, 312.87, 215.778, 306.541, 203.345, 211.923, 228.466, 129.798, 147.711, 148.087, 183.432, 151.128, 156.119, 149.875, 191.397, 122.744, 231.431, 234.948, 132.028, 264.292, 156.736, 131.401, 292.409, 141.373, 157.63, 122.23, 118.206, 178.208, 144.705, 255.575, 276.515, 161.754, 144.997, 187.434, 156.113, 134.918, 131.305, 214.013, 133.027, 184.498, 188.407, 219.706, 165.772, 152.482];
HighestPossibleCritFunctionValue = 1.1;
