NumDevices = 32;
NumSlotes = 256;


GivenBandwidthOld = [0.0247517, 0.0361597, 0.0218596, 0.0285459, 0.0304178, 0.0176692, 0.0260219, 0.0355939, 0.0363378, 0.0395411, 0.0267423, 0.0181822, 0.0231747, 0.0314394, 0.0376824, 0.0386822, 0.0169819, 0.0253103, 0.0253808, 0.0349744, 0.0242228, 0.0229764, 0.024423, 0.0372215, 0.0159187, 0.0299215, 0.0262898, 0.0377873, 0.0268646, 0.0232745, 0.0337738, 0.0211115];
GivenLatency = [76.8716, 62.8332, 85.0342, 85.13, 60.1482, 121.463, 94.4598, 69.859, 49.0698, 43.4492, 70.786, 94.0347, 96.5565, 56.7561, 47.3245, 57.5524, 131.068, 86.5218, 65.8653, 51.3393, 80.6326, 91.603, 94.9773, 48.7694, 127.44, 67.6109, 81.8093, 55.3726, 79.2494, 85.1876, 66.0371, 98.4046];
HighestPossibleCritFunctionValue = 1.1;
