NumDevices = 128;
NumSlotes = 1024;


GivenBandwidthOld = [0.00671109, 0.00829059, 0.00495172, 0.00737595, 0.00754578, 0.00565678, 0.00727382, 0.00978556, 0.00588696, 0.00711898, 0.00743409, 0.00969713, 0.00723472, 0.00887969, 0.00597794, 0.00503583, 0.00840501, 0.00925966, 0.00461921, 0.00638253, 0.00491894, 0.00639779, 0.0051645, 0.00846305, 0.00979013, 0.00764911, 0.00490364, 0.00555244, 0.009872, 0.00863455, 0.00455458, 0.00758644, 0.00776568, 0.00770231, 0.00529515, 0.00437366, 0.00432588, 0.00748488, 0.00712758, 0.00831612, 0.00910369, 0.00817688, 0.00631609, 0.00697225, 0.00382659, 0.00982309, 0.00537095, 0.00963311, 0.00622698, 0.00926427, 0.00714889, 0.00391366, 0.00430674, 0.00456778, 0.00438134, 0.00844165, 0.00625533, 0.00454316, 0.00945035, 0.00950187, 0.0066958, 0.00759223, 0.00510331, 0.0050099, 0.00383302, 0.00537878, 0.00996307, 0.00799213, 0.00748808, 0.00464371, 0.00565633, 0.00599397, 0.00563536, 0.00981141, 0.00909393, 0.00666538, 0.00882698, 0.0075214, 0.00839978, 0.00891468, 0.00656698, 0.00501248, 0.00977539, 0.00997265, 0.00662284, 0.00631159, 0.00647053, 0.00895271, 0.00819187, 0.00829984, 0.00414687, 0.00517904, 0.00919122, 0.0043317, 0.00530251, 0.00931214, 0.00532291, 0.00844472, 0.0078447, 0.00461393, 0.00513786, 0.00452585, 0.00597342, 0.00407172, 0.00461418, 0.0092715, 0.00992499, 0.00559194, 0.00498858, 0.00812001, 0.00667125, 0.00742113, 0.00447087, 0.00687213, 0.00869849, 0.00423414, 0.0094171, 0.00689902, 0.00428054, 0.00796344, 0.00657313, 0.00829835, 0.00409041, 0.00619553, 0.00569448, 0.0096184, 0.00893337, 0.00814764];
GivenLatency = [534.431, 516.229, 957.493, 540.927, 544.613, 668.151, 482.367, 394.322, 659.395, 551.184, 492.829, 352.93, 515.501, 380.004, 661.338, 853.804, 458.137, 491.686, 924.923, 655.026, 937.997, 630.98, 727.292, 408.053, 437.026, 632.023, 888.267, 634.934, 393.54, 393.749, 837.739, 487.943, 450.17, 481.129, 865.849, 1104.6, 822.35, 561.5, 581.016, 487.607, 424.662, 410.939, 552.214, 576.329, 1286.8, 442.588, 813.357, 489.301, 733.593, 453.053, 616.03, 963.442, 1135.48, 847.866, 806.576, 463.377, 686.775, 916.56, 373.399, 381.095, 524.285, 575.644, 879.848, 674.593, 1211.57, 913.334, 350.926, 442.648, 581.17, 897.683, 783.543, 796.085, 810.131, 507.694, 374.216, 612.1, 397.72, 622.018, 517.474, 468.49, 637.054, 881.75, 344.372, 455.505, 565.939, 739.312, 665.58, 422.73, 562.951, 417.584, 894.659, 784.567, 377.273, 873.641, 655.387, 399.113, 758.241, 537.231, 563.283, 916.5, 820.742, 814.61, 571.642, 1142.23, 864.407, 460.535, 497.316, 627.814, 749.789, 428.794, 522.929, 651.232, 950.372, 635.728, 470.468, 1051.33, 498.213, 544.548, 1155, 467.632, 727.737, 525.022, 1058.89, 579.334, 681.149, 409.845, 510.146, 574.421];
HighestPossibleCritFunctionValue = 1.1;
