NumDevices = 128;
NumSlotes = 1024;


GivenBandwidthOld = [0.00785487, 0.00674679, 0.00826651, 0.00655945, 0.00974981, 0.00504539, 0.00660977, 0.00538906, 0.00762637, 0.00389548, 0.00500995, 0.00470855, 0.00784672, 0.00733595, 0.00410908, 0.00749297, 0.00558419, 0.00597874, 0.00599126, 0.00392516, 0.00398731, 0.00474196, 0.00687566, 0.00538154, 0.00631019, 0.00783607, 0.00956319, 0.00595964, 0.00994895, 0.00825497, 0.00628021, 0.00400694, 0.00971646, 0.00705135, 0.00822033, 0.0053242, 0.00516353, 0.00464424, 0.00827596, 0.00901927, 0.00814701, 0.00425592, 0.00670409, 0.00936125, 0.00574053, 0.00865503, 0.00501652, 0.00887365, 0.0044714, 0.00958695, 0.00530214, 0.00929551, 0.00719384, 0.0092907, 0.0075675, 0.00830714, 0.00814887, 0.00435762, 0.00975172, 0.00594396, 0.00892057, 0.00551117, 0.00998953, 0.00894577, 0.00413361, 0.00730469, 0.00991582, 0.00766462, 0.00923506, 0.00981423, 0.00645114, 0.0081051, 0.00621398, 0.00961998, 0.00421398, 0.00809567, 0.00390761, 0.00893554, 0.0070903, 0.0066605, 0.00800307, 0.00378992, 0.00594926, 0.00414528, 0.00979312, 0.00798783, 0.00398587, 0.00550947, 0.00635489, 0.00920763, 0.00510609, 0.00811764, 0.00444553, 0.00597863, 0.00408354, 0.00951719, 0.00796749, 0.00590574, 0.00403174, 0.00771138, 0.00764096, 0.00531843, 0.00806866, 0.00622443, 0.00392067, 0.00976793, 0.00953356, 0.00808893, 0.00935878, 0.00806859, 0.00511328, 0.0038432, 0.00770231, 0.00518108, 0.0059604, 0.0038783, 0.00390921, 0.0045451, 0.00448598, 0.00467841, 0.00747363, 0.00557097, 0.00882329, 0.00803381, 0.00807946, 0.00655104, 0.0057446, 0.00827364];
GivenLatency = [485.649, 611.6, 583.265, 514.383, 454.89, 785.351, 688.721, 638.255, 558.212, 968.393, 940.463, 1057.03, 476.287, 647.261, 1201.73, 622.153, 636.203, 566.268, 557.947, 1239.66, 928.605, 704.854, 603.543, 843.689, 792.351, 462.315, 484.29, 653.342, 361.868, 504.19, 685.49, 1006.9, 498.399, 707.521, 532.564, 627.361, 827.852, 731.063, 439.44, 381.696, 504.46, 938.006, 515.387, 411.286, 609.717, 444.83, 850.959, 498.906, 808.447, 371.767, 863.33, 418.096, 548.349, 496.122, 638.799, 483.578, 594.57, 809.967, 451.26, 595.058, 429.251, 863.163, 358.602, 493.731, 1015.39, 589.618, 370.033, 449.391, 534.446, 436.826, 601.075, 478.931, 778.572, 448.315, 1058.98, 493.961, 985.625, 494.799, 512.986, 649.595, 498.307, 1234.83, 799.069, 1011.27, 346.667, 438.154, 1041.77, 648.965, 585.348, 481.735, 693.77, 498.504, 780.463, 762.915, 853.214, 389.784, 576.272, 825.557, 1131.47, 642.357, 460.695, 902.028, 449.177, 610.03, 875.849, 486.033, 420.079, 479.371, 380.333, 420.791, 814.148, 969.442, 583.125, 827.708, 653.402, 1097.76, 920.652, 776.519, 868.488, 745.606, 477.781, 726.428, 464.181, 459.036, 511.937, 708.068, 825.717, 535.677];
HighestPossibleCritFunctionValue = 1.1;
