NumDevices = 16;
NumSlotes = 128;


GivenBandwidthOld = [0.0268435, 0.023354, 0.0258426, 0.0261176, 0.023682, 0.0134095, 0.0142292, 0.0155535, 0.0218284, 0.0349535, 0.027961, 0.0306727, 0.0310271, 0.0126777, 0.0146757, 0.019849];
GivenLatency = [17.6716, 14.904, 18.311, 12.6046, 15.3552, 24.404, 42.3507, 33.0418, 15.074, 8.66065, 14.637, 11.0944, 18.102, 36.9202, 21.1983, 15.7701];
HighestPossibleCritFunctionValue = 1.1;
