NumDevices = 64;
NumSlotes = 512;


GivenBandwidthOld = [0.00940861, 0.010489, 0.0184505, 0.0143943, 0.0177105, 0.0149149, 0.0164458, 0.0098594, 0.0118759, 0.0156699, 0.0186579, 0.0135708, 0.0140181, 0.0191924, 0.0097232, 0.0103653, 0.014534, 0.0162585, 0.0118222, 0.0132677, 0.00752342, 0.0136719, 0.0128201, 0.00913014, 0.0176908, 0.0099789, 0.00784373, 0.00962682, 0.0154638, 0.0172211, 0.0144509, 0.0179492, 0.0146065, 0.00858519, 0.00886001, 0.0151659, 0.0105149, 0.0163237, 0.0191552, 0.00812393, 0.0188367, 0.0192554, 0.0181726, 0.0199193, 0.0144904, 0.0194094, 0.0188627, 0.0183805, 0.0140469, 0.0163492, 0.010234, 0.0199982, 0.0149348, 0.0142984, 0.0182647, 0.016552, 0.0188383, 0.00781174, 0.0094307, 0.0192185, 0.0108746, 0.0113729, 0.0121818, 0.0190213];
GivenLatency = [342.652, 285.036, 175.113, 186.965, 185.524, 205.224, 138.099, 232.372, 236.327, 161.368, 141.781, 205.067, 206.874, 158.307, 316.572, 277.628, 204.258, 151.635, 236.765, 181.134, 366.002, 231.021, 182.908, 304.096, 167.483, 276.449, 352.875, 289.87, 171.377, 144.398, 180.187, 170.526, 227.236, 382.701, 273.103, 215.923, 284.622, 187.86, 151.856, 325.835, 131.789, 166.451, 123.601, 125.155, 183.676, 138.795, 150.538, 161.221, 215.497, 202.372, 307.109, 154.445, 205.437, 222.32, 124.246, 144.607, 161.212, 373.207, 262.381, 130.077, 229.868, 209.645, 184.173, 135.837];
HighestPossibleCritFunctionValue = 1.1;
