NumDevices = 64;
NumSlotes = 512;


GivenBandwidthOld = [0.0178495, 0.0137211, 0.0152334, 0.00772642, 0.0129698, 0.0137723, 0.0128228, 0.0180304, 0.0174196, 0.0141977, 0.012614, 0.00840686, 0.0115288, 0.0187253, 0.00818356, 0.00854168, 0.0150623, 0.0196458, 0.0166978, 0.0198004, 0.0161187, 0.0124876, 0.00931263, 0.00986667, 0.00916957, 0.0179167, 0.0190817, 0.0117347, 0.0174548, 0.0175941, 0.00933948, 0.0111014, 0.0107772, 0.0122466, 0.00775975, 0.0105852, 0.00987697, 0.0197851, 0.00881001, 0.0123962, 0.00979402, 0.0131819, 0.0157901, 0.0139039, 0.0136778, 0.0121085, 0.0126256, 0.0165503, 0.0165125, 0.0186244, 0.0134483, 0.0172829, 0.0165651, 0.0153739, 0.0184043, 0.0128623, 0.0199478, 0.0176269, 0.0107889, 0.00870172, 0.0173564, 0.0137013, 0.00789348, 0.00814849];
GivenLatency = [127.498, 204.223, 152.987, 426.772, 242.861, 170.433, 235.256, 132.29, 131.525, 158.744, 192.295, 372.39, 233.103, 139.406, 401.56, 347.7, 153.691, 129.093, 197.984, 167.927, 142.09, 253.736, 238.801, 242.998, 345.053, 178.621, 155.138, 211.667, 185.471, 148.41, 342.783, 282.819, 264.629, 205.718, 324.609, 238.787, 287.221, 134.993, 308.389, 218.751, 314.125, 190.059, 199.7, 205.743, 197.244, 199.321, 232.973, 160.857, 173.99, 131.646, 224.265, 179.031, 186.608, 196.714, 146.906, 173.035, 125.163, 145.35, 215.16, 349.759, 191.007, 242.835, 360.531, 407.865];
HighestPossibleCritFunctionValue = 1.1;
