NumDevices = 64;
NumSlotes = 512;


GivenBandwidthOld = [0.0172078, 0.0172986, 0.0128367, 0.0107535, 0.00851878, 0.0102132, 0.00786084, 0.0121144, 0.0118432, 0.0136423, 0.0114768, 0.0159345, 0.0161897, 0.0153815, 0.0122777, 0.0159008, 0.00910007, 0.0098365, 0.0171336, 0.00937574, 0.0130872, 0.0111878, 0.00881445, 0.00947453, 0.0135041, 0.00819171, 0.0131419, 0.0116775, 0.00844459, 0.0131665, 0.0150821, 0.0101206, 0.0126076, 0.0115236, 0.0117906, 0.00912704, 0.0131822, 0.0174423, 0.0174621, 0.0100254, 0.0118495, 0.00945577, 0.00815705, 0.0105632, 0.0110113, 0.0123634, 0.0167519, 0.0147573, 0.0115359, 0.00875898, 0.0172499, 0.0134837, 0.0147675, 0.0123831, 0.00789743, 0.0171957, 0.013682, 0.00840236, 0.0135433, 0.0172856, 0.0135169, 0.0136395, 0.014566, 0.0150093];
GivenLatency = [55.6072, 67.3991, 83.0644, 89.4531, 111.196, 117.26, 153.591, 76.3072, 93.8921, 70.6359, 87.3642, 59.5315, 56.7143, 70.1679, 74.4682, 74.0731, 109.764, 101.753, 56.8988, 127.028, 72.3055, 96.5383, 130.746, 104.873, 83.982, 140.099, 92.9641, 102.575, 117.921, 79.9076, 81.2475, 110.494, 82.1958, 90.4216, 88.4176, 133.819, 78.6143, 52.7915, 68.9427, 94.0236, 83.6599, 102.647, 149.67, 102.407, 84.2521, 98.8473, 60.6566, 79.7943, 92.2887, 117.12, 54.1801, 68.0643, 79.1651, 82.1785, 138.87, 69.8452, 89.2789, 140.269, 76.4226, 62.0983, 77.6439, 90.2017, 76.9031, 66.1197];
HighestPossibleCritFunctionValue = 1.1;
