NumDevices = 32;
NumSlotes = 256;


GivenBandwidthOld = [0.0342373, 0.0355655, 0.0346886, 0.0219182, 0.0396948, 0.0356639, 0.0384337, 0.0155885, 0.0305972, 0.0328024, 0.0199597, 0.0222361, 0.032943, 0.0326517, 0.0375227, 0.0285933, 0.0268004, 0.0195893, 0.0217589, 0.0374792, 0.0224973, 0.0216668, 0.0389993, 0.0219429, 0.0290183, 0.020534, 0.0247177, 0.0398487, 0.0218047, 0.0312251, 0.0348914, 0.0299999];
GivenLatency = [67.5203, 48.737, 69.3094, 84.2817, 48.8839, 61.2307, 54.226, 112.723, 58.3791, 55.0533, 117.971, 78.553, 67.2157, 65.9684, 47.9127, 59.9855, 66.2118, 87.7404, 90.714, 56.6624, 78.4506, 77.9624, 50.6165, 83.0129, 57.4407, 118.652, 81.9621, 59.9401, 85.5677, 72.2486, 68.33, 63.3991];
HighestPossibleCritFunctionValue = 1.1;
