NumDevices = 16;
NumSlotes = 128;


GivenBandwidthOld = [0.0687399, 0.0517653, 0.0388607, 0.0311902, 0.0331298, 0.0326475, 0.0471709, 0.0605503, 0.0488888, 0.0541546, 0.0371043, 0.0319313, 0.0499138, 0.040812, 0.06766, 0.0623993];
GivenLatency = [13.8442, 16.3977, 21.4622, 25.9492, 25.9856, 25.2184, 18.8036, 14.9558, 16.7617, 14.5138, 25.851, 25.8293, 21.2675, 19.7908, 15.1842, 14.0781];
HighestPossibleCritFunctionValue = 1.1;
