NumDevices = 64;
NumSlotes = 512;


GivenBandwidthOld = [0.00555353, 0.00440256, 0.00391069, 0.00571448, 0.00333514, 0.00749793, 0.00267987, 0.00677195, 0.00741764, 0.00319437, 0.00410533, 0.00833699, 0.0047977, 0.00741406, 0.00554584, 0.00644889, 0.00280646, 0.00315663, 0.00723663, 0.00470771, 0.00747558, 0.00837596, 0.00353723, 0.00391331, 0.00607581, 0.00737145, 0.00827262, 0.00411936, 0.00653402, 0.00851308, 0.00811849, 0.00737288, 0.00720878, 0.00554061, 0.00610142, 0.00657656, 0.00468739, 0.00339834, 0.00721302, 0.00789068, 0.00372903, 0.0025795, 0.00744118, 0.00518068, 0.00662757, 0.00573352, 0.00454365, 0.0064008, 0.00696744, 0.00556338, 0.00755383, 0.00478275, 0.00614793, 0.00706428, 0.00813196, 0.00253886, 0.00562177, 0.00750612, 0.00281983, 0.00281858, 0.00681495, 0.00510291, 0.00584973, 0.00774069];
GivenLatency = [60.3612, 93.3142, 81.3064, 58.1076, 132.692, 46.7754, 230.285, 50.5509, 42.9487, 99.0701, 77.0203, 38.452, 73.9217, 70.9003, 70.4332, 92.7092, 113.522, 163.776, 63.5442, 96.7223, 78.813, 70.4584, 164.918, 104.582, 58.9811, 79.0289, 46.5447, 79.9073, 57.2984, 40.9173, 71.306, 42.7724, 88.1814, 80.7988, 53.8923, 69.5291, 71.0904, 112.93, 86.9464, 76.9123, 142.703, 166.605, 53.6347, 86.6398, 48.4348, 81.0274, 84.0383, 68.4553, 44.3681, 95.696, 48.7649, 70.8028, 89.8433, 50.8739, 76.0162, 208.01, 79.6778, 64.3194, 132.067, 150.48, 74.5948, 75.8182, 83.9267, 62.3421];
HighestPossibleCritFunctionValue = 1.1;
