NumDevices = 32;
NumSlotes = 256;


GivenBandwidthOld = [0.0172415, 0.0111567, 0.00538693, 0.00819005, 0.00772272, 0.0158086, 0.0142996, 0.0154381, 0.012365, 0.0134939, 0.0115545, 0.0162503, 0.0140414, 0.0134553, 0.0131748, 0.0116343, 0.00693134, 0.0149848, 0.00668861, 0.0103893, 0.00850262, 0.0111118, 0.0143165, 0.0117113, 0.0150544, 0.0140743, 0.016461, 0.0170643, 0.00783176, 0.0109648, 0.00588367, 0.00678613];
GivenLatency = [23.0471, 54.091, 77.149, 51.5537, 66.7468, 37.8126, 34.5616, 34.8821, 26.7858, 36.1007, 36.8099, 19.3823, 34.9192, 29.7308, 23.4341, 47.9893, 86.2915, 25.6876, 92.4938, 49.2874, 70.3402, 32.8637, 24.6731, 31.1956, 24.945, 22.7072, 19.8858, 21.5538, 42.1351, 31.261, 56.5766, 84.0467];
HighestPossibleCritFunctionValue = 1.1;
