NumDevices = 128;
NumSlotes = 1024;


GivenBandwidthOld = [0.00585364, 0.00958474, 0.0056397, 0.00769496, 0.00671712, 0.00970366, 0.00434615, 0.00446775, 0.00450741, 0.00859347, 0.00792186, 0.00774786, 0.00828714, 0.00953816, 0.00405125, 0.0042826, 0.00516057, 0.00502041, 0.00559857, 0.0038859, 0.0064871, 0.00614018, 0.00670575, 0.00606171, 0.00660966, 0.00985978, 0.00958235, 0.00924801, 0.00876902, 0.00840692, 0.0038442, 0.00578649, 0.0059586, 0.0049507, 0.00899613, 0.00667831, 0.00742543, 0.00789726, 0.00673406, 0.00682337, 0.00784733, 0.00501375, 0.00617567, 0.00943422, 0.00714825, 0.00563264, 0.00771512, 0.00809632, 0.00860836, 0.00825293, 0.00950218, 0.00565821, 0.00633124, 0.00547042, 0.00636432, 0.00514294, 0.00856537, 0.00447149, 0.00488647, 0.00438997, 0.00970424, 0.00793683, 0.00929412, 0.00874941, 0.0038031, 0.008627, 0.00905477, 0.00476146, 0.00956153, 0.00936953, 0.00751263, 0.00483526, 0.00618124, 0.00940064, 0.00524337, 0.00906046, 0.00667077, 0.00566256, 0.00431859, 0.00386353, 0.00561818, 0.00850948, 0.00883721, 0.00452533, 0.00974448, 0.00918816, 0.0091082, 0.00906312, 0.00755593, 0.00743745, 0.009952, 0.00957966, 0.00790741, 0.00856697, 0.00626629, 0.00755696, 0.00602383, 0.00759496, 0.00731899, 0.00653089, 0.00459374, 0.00948391, 0.00476245, 0.00747979, 0.00904594, 0.00642011, 0.00532029, 0.00803492, 0.00784621, 0.00505878, 0.00668412, 0.0049367, 0.00494952, 0.00776502, 0.00912829, 0.0092576, 0.00742795, 0.00658858, 0.00557271, 0.0068399, 0.00444835, 0.00973675, 0.00423624, 0.00716931, 0.00966393, 0.00538823, 0.00626954, 0.00588101];
GivenLatency = [670.491, 425.718, 659.498, 477.662, 735.777, 428.044, 818.488, 777.29, 746.344, 538.473, 624.948, 538.146, 460.424, 489.51, 864.168, 812.724, 955.75, 675.144, 720.94, 1112.6, 714.805, 696.377, 580.921, 657.393, 619.758, 359.827, 366.381, 457.112, 458.409, 462.585, 960.885, 824.435, 667.035, 978.143, 482.926, 733.907, 618.648, 443.61, 549.037, 673.482, 531.696, 804.379, 766.852, 513.015, 471.075, 718.707, 628.931, 538.847, 467.07, 574.81, 363.288, 769.235, 603.159, 643.881, 526.468, 968.52, 393.167, 840.492, 919.204, 1034.46, 386.923, 514.248, 433.233, 415.01, 1129.72, 477.571, 419.973, 743.982, 383.787, 387.081, 519.41, 926.448, 565.375, 420.836, 775.059, 418.586, 606.92, 611.812, 1055.95, 943.675, 833.608, 445.335, 415.63, 1028.07, 381.236, 421.065, 488.059, 509.553, 543.754, 596.543, 443.041, 415.853, 608.069, 465.114, 585.367, 504.806, 696.952, 500.526, 498.528, 563.093, 962.595, 430.146, 1015.03, 446.257, 388.253, 652.34, 782.441, 569.155, 464.32, 957.301, 647.563, 743.642, 848.826, 516.416, 371.343, 505.879, 497.524, 575.591, 740.314, 537.5, 963.965, 354.556, 906.278, 611.673, 349.558, 668.794, 708.432, 690.3];
HighestPossibleCritFunctionValue = 1.1;
