NumDevices = 16;
NumSlotes = 128;


GivenBandwidthOld = [0.0175424, 0.0243345, 0.0296544, 0.0159425, 0.0348298, 0.023681, 0.0209624, 0.0303266, 0.0134988, 0.0145556, 0.0252703, 0.0327209, 0.0302859, 0.0298854, 0.0241826, 0.0271701];
GivenLatency = [31.5543, 17.7011, 11.8154, 26.0312, 10.8677, 14.4073, 16.1798, 12.6446, 27.2688, 29.0867, 18.0976, 14.7014, 18.0273, 17.9627, 14.1457, 19.5615];
HighestPossibleCritFunctionValue = 1.1;
