NumDevices = 128;
NumSlotes = 1024;


GivenBandwidthOld = [0.00126065, 0.00206327, 0.00420238, 0.00311781, 0.00284108, 0.00185227, 0.00165935, 0.00314886, 0.00294348, 0.00411825, 0.00166409, 0.00146902, 0.0042173, 0.00398114, 0.00352316, 0.00309404, 0.00346126, 0.00335988, 0.00255261, 0.00357556, 0.00249915, 0.00199095, 0.00434755, 0.00237061, 0.00414505, 0.00213396, 0.0016713, 0.00389201, 0.00232501, 0.00332036, 0.00397975, 0.00196716, 0.00140096, 0.00398114, 0.00347913, 0.00381899, 0.00318132, 0.00157788, 0.0026119, 0.00318013, 0.00349819, 0.00212691, 0.00205527, 0.00409807, 0.00319587, 0.00229186, 0.00249123, 0.00317388, 0.00160331, 0.00188177, 0.00376446, 0.00241486, 0.00406292, 0.00299355, 0.00199553, 0.00322248, 0.0026877, 0.0022476, 0.00229814, 0.00170576, 0.00182067, 0.00195775, 0.00268388, 0.00365098, 0.00139119, 0.00242789, 0.00431814, 0.001811, 0.00176771, 0.00243925, 0.00142252, 0.00385588, 0.00135263, 0.00421353, 0.0030268, 0.00137712, 0.00334795, 0.00212103, 0.00313116, 0.00222267, 0.00200039, 0.00360515, 0.00306532, 0.00196182, 0.00235807, 0.00268671, 0.00433695, 0.00233502, 0.0027772, 0.00333624, 0.00226224, 0.00141427, 0.00268205, 0.00416419, 0.00185315, 0.00406084, 0.00233065, 0.00131073, 0.00326928, 0.00172881, 0.00181253, 0.00260762, 0.00314141, 0.00274827, 0.00150566, 0.00126213, 0.00200182, 0.00273691, 0.00419811, 0.00332848, 0.003, 0.00406686, 0.00353933, 0.00301361, 0.00163084, 0.0020056, 0.00369983, 0.00374967, 0.00375416, 0.00429709, 0.00429964, 0.00341513, 0.00306584, 0.00140457, 0.00228447, 0.00320183, 0.00254105, 0.00307233];
GivenLatency = [256.097, 160.001, 82.3807, 175.635, 112.263, 182.713, 190.86, 99.7382, 118.506, 84.2884, 354.107, 213.128, 91.0394, 135.818, 114.456, 113.835, 108.402, 110.547, 218.551, 143.458, 213.614, 264.165, 120.328, 221.366, 103.436, 281.828, 324.7, 93.4476, 195.856, 181.646, 91.6008, 246.828, 318.215, 118.531, 91.8109, 139.307, 186.501, 198.867, 155.68, 107.741, 103.218, 228.241, 180.562, 92.2286, 128.238, 272.369, 125.664, 98.6683, 298.41, 240.711, 93.916, 170.48, 138.263, 137.723, 287.935, 103.039, 126.677, 286.093, 161.034, 297.163, 327.225, 197.215, 145.709, 123.686, 283.137, 172.391, 77.1726, 248.343, 227.734, 166.741, 260.174, 107.684, 322.562, 78.2254, 126.082, 351.641, 110.504, 159.578, 112.096, 220.069, 274.329, 177.264, 190.595, 270.594, 137.529, 118.536, 83.5481, 215.45, 155.498, 123.081, 159.911, 426.656, 202.124, 81.844, 240.84, 87.1729, 191.059, 437.482, 184.44, 214.355, 209.663, 120.748, 121.663, 181.758, 379.812, 333.591, 201.305, 179.559, 93.4995, 119.003, 145.891, 120.236, 97.119, 111.963, 316.664, 207.513, 129.038, 130.145, 172.799, 130.63, 73.1861, 100.501, 153.986, 296.818, 273.624, 177.488, 144.501, 157.017];
HighestPossibleCritFunctionValue = 1.1;
