NumDevices = 16;
NumSlotes = 128;


GivenBandwidthOld = [0.0427642, 0.0376329, 0.0364454, 0.0384891, 0.0666932, 0.0532179, 0.052883, 0.0651779, 0.0646884, 0.0372271, 0.0552869, 0.0670558, 0.0662514, 0.0672425, 0.0453662, 0.0490242];
GivenLatency = [21.2478, 26.9569, 24.2072, 27.4677, 15.4973, 20.0306, 15.2369, 12.3315, 13.8253, 21.121, 18.4254, 15.6306, 13.3071, 12.0162, 23.4447, 19.4287];
HighestPossibleCritFunctionValue = 1.1;
