NumDevices = 16;
NumSlotes = 128;


GivenBandwidthOld = [0.0328427, 0.0475541, 0.0615001, 0.051436, 0.0653537, 0.0595187, 0.0313265, 0.0436952, 0.0454092, 0.0525126, 0.0388807, 0.0480105, 0.052303, 0.0366567, 0.0694384, 0.0310399];
GivenLatency = [23.8235, 18.3681, 12.8663, 19.5137, 13.3988, 13.3007, 26.1017, 18.2192, 24.154, 15.2574, 27.0053, 18.7415, 19.135, 25.3875, 15.0987, 25.3046];
HighestPossibleCritFunctionValue = 1.1;
