NumDevices = 128;
NumSlotes = 1024;


GivenBandwidthOld = [0.00396671, 0.00845471, 0.00712758, 0.00825704, 0.00974339, 0.0096067, 0.00600759, 0.00957961, 0.00693474, 0.00463623, 0.00494234, 0.00594525, 0.00554561, 0.00757359, 0.00430528, 0.00512529, 0.0057873, 0.00718243, 0.00514488, 0.0037638, 0.00438402, 0.009755, 0.00479145, 0.00748276, 0.00906182, 0.00456858, 0.00530777, 0.00394987, 0.00677075, 0.00479386, 0.0041249, 0.00469699, 0.00724909, 0.00672144, 0.00731113, 0.00572387, 0.00977829, 0.00864318, 0.00592552, 0.00524419, 0.00417781, 0.00643914, 0.00634282, 0.0062711, 0.00706232, 0.00517646, 0.00943884, 0.00975741, 0.00784442, 0.00621947, 0.00818171, 0.00624246, 0.00703576, 0.00876427, 0.00977204, 0.00998207, 0.00864458, 0.0043811, 0.00442315, 0.00485589, 0.00926795, 0.00642355, 0.00683403, 0.00573309, 0.00849001, 0.00652153, 0.00977472, 0.00492377, 0.00634021, 0.00613048, 0.00614164, 0.00622185, 0.00443307, 0.00903144, 0.00639803, 0.00920354, 0.00514918, 0.00727931, 0.00838251, 0.00608549, 0.00628302, 0.00746634, 0.00798621, 0.00794283, 0.00381454, 0.0072472, 0.00625288, 0.00717968, 0.00889167, 0.00737332, 0.00707278, 0.00599066, 0.00620569, 0.007732, 0.00420237, 0.00674964, 0.00624211, 0.00737866, 0.00940233, 0.00873752, 0.00394531, 0.00508275, 0.00957974, 0.00911697, 0.00648212, 0.00381884, 0.00443485, 0.00770038, 0.00398721, 0.00931443, 0.00632288, 0.00860326, 0.00377097, 0.00625852, 0.00828009, 0.00974018, 0.00578979, 0.00531598, 0.0044498, 0.00898352, 0.00731346, 0.00732294, 0.00415451, 0.00865687, 0.00473771, 0.00421845, 0.00821786, 0.00752088];
GivenLatency = [1073.22, 492.934, 539.101, 411.399, 342.238, 417.831, 763.484, 361.975, 486.41, 964.648, 693.657, 690.936, 607.302, 640.62, 825.037, 696.598, 593.576, 504.903, 678.977, 975.401, 898.893, 492.086, 856.662, 609.429, 405.26, 799.081, 847.069, 932.949, 518.837, 875.748, 896.884, 771.831, 533.989, 603.562, 637.911, 646.383, 384.351, 425.982, 699.645, 877.192, 911.196, 530.291, 575.563, 563.399, 518.254, 693.2, 502.747, 358.89, 466.588, 699.593, 408.442, 543.211, 480.771, 402.292, 381.242, 448.054, 461.752, 936.461, 936.218, 823.017, 439.037, 689.864, 640.259, 788.155, 480.218, 631.676, 374.214, 706.542, 545.206, 714.492, 618.146, 618.988, 970.154, 512.365, 593.828, 390.811, 930.162, 487.634, 475.211, 564.17, 603.461, 546.334, 484.287, 459.97, 890.439, 526.346, 661.563, 627.573, 550.508, 549.941, 523.98, 582.332, 629.885, 624.6, 1010.55, 548.548, 616.047, 559.174, 378.603, 563.549, 948.318, 758.916, 515.596, 482.39, 587.18, 1173.57, 826.396, 452.92, 847.381, 495.506, 661.359, 406.741, 1001.67, 791.204, 505.153, 500.086, 631.006, 675.704, 839.005, 382.09, 667.735, 612.463, 948.197, 389.989, 850.565, 949.355, 580.585, 605.56];
HighestPossibleCritFunctionValue = 1.1;
