NumDevices = 16;
NumSlotes = 128;


GivenBandwidthOld = [0.0309433, 0.0439504, 0.0544198, 0.0543089, 0.0302406, 0.0334592, 0.0494779, 0.0350486, 0.0425977, 0.0390332, 0.050196, 0.0639709, 0.0589653, 0.0491713, 0.0420391, 0.050926];
GivenLatency = [28.5495, 18.989, 18.6013, 14.3277, 26.6237, 28.1353, 16.2948, 28.8393, 19.91, 25.1748, 18.1041, 12.9154, 18.6199, 22.3861, 19.1135, 18.4962];
HighestPossibleCritFunctionValue = 1.1;
