NumDevices = 128;
NumSlotes = 1024;


GivenBandwidthOld = [0.0076784, 0.00958997, 0.00610286, 0.00446779, 0.00522754, 0.0054642, 0.00805657, 0.00929312, 0.00453258, 0.00652029, 0.007744, 0.00582236, 0.00892112, 0.0084505, 0.00508347, 0.00918483, 0.00943601, 0.0059565, 0.00709445, 0.00760075, 0.00449237, 0.00568914, 0.00736491, 0.00956939, 0.00394724, 0.00633112, 0.00955755, 0.00507446, 0.00763961, 0.00773485, 0.00841564, 0.00664683, 0.00956625, 0.00744683, 0.00512947, 0.00732049, 0.00680341, 0.00984232, 0.00991007, 0.00483595, 0.00530448, 0.00485247, 0.00804256, 0.00507076, 0.00802382, 0.00891114, 0.00954231, 0.00506198, 0.0041841, 0.00598023, 0.00590382, 0.0092576, 0.00754119, 0.00977596, 0.00698722, 0.005434, 0.00667432, 0.00905247, 0.00991303, 0.00449319, 0.0069838, 0.00422607, 0.00506522, 0.00868665, 0.00520419, 0.00678239, 0.00657694, 0.00985376, 0.00833858, 0.00518036, 0.00636484, 0.00762095, 0.00657882, 0.00399934, 0.00688015, 0.00599293, 0.00685733, 0.00988686, 0.00846927, 0.0080968, 0.00416248, 0.00504071, 0.00918925, 0.00875898, 0.00834526, 0.00511907, 0.00747887, 0.00607306, 0.00999662, 0.00943071, 0.00437441, 0.00452846, 0.00614193, 0.00484577, 0.00791274, 0.00446837, 0.00863425, 0.00583043, 0.00710096, 0.00460809, 0.00687784, 0.00466782, 0.0046258, 0.00453198, 0.00902827, 0.00930565, 0.00881245, 0.00706456, 0.00535891, 0.0071533, 0.00923525, 0.00686617, 0.00849396, 0.00424054, 0.00445464, 0.00911744, 0.00809469, 0.00621925, 0.00443166, 0.00408916, 0.0040231, 0.00618699, 0.00602044, 0.00681945, 0.00442269, 0.00960911, 0.00905469, 0.00966297];
GivenLatency = [483.051, 439.684, 646.334, 786.33, 901.419, 614.513, 540.502, 536.327, 773.155, 525.098, 457.846, 579.165, 506.074, 403.718, 964.755, 378.323, 387.411, 585.483, 655.451, 506.656, 837.215, 655.406, 499.365, 372.694, 1105.02, 636.227, 483.353, 842.576, 444.999, 447.269, 517.654, 702.759, 396.973, 514.103, 812.013, 677.349, 692.323, 405.019, 388.888, 892.24, 695.876, 708.795, 420.659, 927.692, 522.005, 410.083, 464.852, 702.316, 919.64, 613.387, 776.149, 427.157, 534.706, 373.201, 509.809, 823.063, 635.478, 499.135, 364.739, 776.953, 500.531, 1022.63, 762.698, 387.488, 926.442, 631.226, 611.439, 348.177, 419.599, 723.559, 525.61, 467.412, 607.627, 1210.49, 721.727, 568.002, 630.689, 400.555, 476.371, 603.75, 1152.85, 684.578, 487.707, 427.193, 547.604, 756.802, 496.992, 712.597, 429.532, 371.406, 1127.8, 956.856, 629.468, 918.892, 553.773, 799.952, 480.258, 740.597, 668.704, 780.587, 510.032, 821.157, 727.037, 953.63, 427.681, 390.891, 400.27, 548.873, 781.69, 513.472, 365.191, 575.658, 425.362, 787.694, 851.453, 432.397, 435.652, 633.929, 865.355, 879.534, 882.31, 586.234, 739.26, 518.453, 1118.8, 420.573, 398.902, 358.772];
HighestPossibleCritFunctionValue = 1.1;
