NumDevices = 64;
NumSlotes = 512;


GivenBandwidthOld = [0.00565871, 0.00342751, 0.00364941, 0.00810356, 0.00657981, 0.00311441, 0.00384287, 0.00336773, 0.0052414, 0.0084212, 0.00756348, 0.00443524, 0.0030518, 0.00788844, 0.00356962, 0.0045794, 0.00727651, 0.00631025, 0.00393663, 0.0042358, 0.00731906, 0.00272713, 0.00731581, 0.00436839, 0.00453849, 0.00712011, 0.00266018, 0.00707209, 0.0080951, 0.00804231, 0.00831863, 0.00864257, 0.00317805, 0.00466244, 0.00296018, 0.00549228, 0.0062286, 0.00651308, 0.00657647, 0.00321226, 0.00474161, 0.00852738, 0.00469051, 0.00584417, 0.00787836, 0.00291311, 0.00816026, 0.00324187, 0.00864813, 0.00284271, 0.00615372, 0.0043303, 0.00811878, 0.00603803, 0.00372818, 0.00707309, 0.00610052, 0.00397083, 0.00403038, 0.00484344, 0.00747683, 0.00426596, 0.00798501, 0.00772172];
GivenLatency = [60.0463, 162.424, 106.729, 49.6448, 54.9446, 144.763, 131.368, 113.844, 87.0064, 74.966, 67.1163, 97.1526, 107.818, 65.0734, 125.158, 75.2528, 59.8789, 75.4059, 144.797, 138.778, 69.9079, 201.397, 68.1995, 71.4763, 113.895, 45.2603, 149.362, 77.1674, 44.1961, 62.317, 49.4704, 40.8424, 173.295, 122.799, 139.266, 82.2562, 66.6466, 92.9003, 73.9205, 114.516, 73.9375, 37.9428, 72.1845, 72.9942, 56.6544, 122.378, 41.5293, 96.6888, 53.4072, 218.192, 91.0606, 76.7297, 42.0706, 60.4619, 93.9967, 52.6815, 97.0899, 103.643, 106.741, 76.6497, 73.0118, 109.708, 64.7769, 50.5884];
HighestPossibleCritFunctionValue = 1.1;
