NumDevices = 32;
NumSlotes = 256;


GivenBandwidthOld = [0.0290504, 0.0193023, 0.0231534, 0.0284573, 0.0315108, 0.0321083, 0.0337429, 0.027496, 0.0344342, 0.0250007, 0.0174579, 0.0255358, 0.0299958, 0.0296935, 0.0285608, 0.0320432, 0.0201496, 0.0250677, 0.0222258, 0.0198048, 0.0297719, 0.0267869, 0.0173283, 0.0265398, 0.024696, 0.0164707, 0.0338781, 0.0188958, 0.0321987, 0.0338053, 0.0349993, 0.0229358];
GivenLatency = [29.9387, 50.972, 35.9947, 34.3074, 26.9196, 35.4263, 32.4497, 31.1355, 28.53, 33.7171, 55.835, 42.9432, 33.8044, 32.8791, 30.1692, 27.3434, 45.7619, 37.3609, 48.8793, 46.3193, 30.8723, 40.3595, 55.5878, 36.3496, 39.6211, 52.1459, 25.7242, 56.1236, 30.9753, 25.1475, 29.3981, 39.8432];
HighestPossibleCritFunctionValue = 1.1;
