NumDevices = 32;
NumSlotes = 256;


GivenBandwidthOld = [0.00848921, 0.0106219, 0.00511226, 0.0167456, 0.0131128, 0.00751563, 0.0101791, 0.013164, 0.0171127, 0.00761204, 0.00559396, 0.0127116, 0.0146844, 0.00820058, 0.00962635, 0.0101355, 0.00503501, 0.00589436, 0.0115946, 0.015673, 0.0113013, 0.0103355, 0.0158243, 0.0168797, 0.0167647, 0.00907841, 0.0132934, 0.0169815, 0.0162611, 0.00857314, 0.00877372, 0.0173526];
GivenLatency = [41.3693, 48.6247, 75.7324, 32.9548, 34.7876, 56.5434, 42.7266, 25.4574, 22.2605, 47.9532, 101.09, 45.9622, 36.6171, 62.4769, 42.6936, 46.0422, 75.2299, 67.9889, 37.9058, 26.1925, 36.1377, 36.2124, 26.1884, 24.0433, 24.7603, 40.2604, 46.7783, 29.5938, 28.3146, 68.0897, 37.4606, 36.5002];
HighestPossibleCritFunctionValue = 1.1;
