NumDevices = 128;
NumSlotes = 1024;


GivenBandwidthOld = [0.0013437, 0.00419206, 0.00153588, 0.00296996, 0.00233946, 0.00241286, 0.0016957, 0.00158075, 0.00392344, 0.00247879, 0.00345041, 0.00224838, 0.00288275, 0.00230109, 0.00127365, 0.00191393, 0.00374934, 0.00142863, 0.00352087, 0.0021406, 0.00388044, 0.00168773, 0.00200974, 0.00144359, 0.00184848, 0.00367101, 0.00373045, 0.00260301, 0.00376393, 0.00293596, 0.00284636, 0.00315135, 0.00415113, 0.00426649, 0.00246295, 0.00298932, 0.0027583, 0.00130024, 0.00188524, 0.00277782, 0.00431169, 0.00284522, 0.00278667, 0.00303137, 0.00320536, 0.00242981, 0.00225682, 0.00415807, 0.00217586, 0.0027619, 0.00244663, 0.00358412, 0.00269315, 0.0032067, 0.00313682, 0.00372729, 0.0026146, 0.00167526, 0.00165455, 0.00368388, 0.00431863, 0.00385059, 0.00307369, 0.00202645, 0.00415912, 0.00425415, 0.0014358, 0.00203297, 0.00429909, 0.00363898, 0.00275467, 0.00272773, 0.00308475, 0.0034552, 0.0015977, 0.00137572, 0.00176385, 0.00312507, 0.00305568, 0.0023763, 0.0027994, 0.00138559, 0.00197448, 0.00253415, 0.002717, 0.00393261, 0.00343166, 0.00285192, 0.00276903, 0.00350462, 0.00401841, 0.00175538, 0.00140544, 0.00428404, 0.00375715, 0.00133875, 0.0022308, 0.0043614, 0.00391225, 0.00192292, 0.00165512, 0.00386155, 0.00292939, 0.00181673, 0.00433346, 0.00314725, 0.00401798, 0.00386159, 0.00361259, 0.00299352, 0.00145556, 0.00293721, 0.00189301, 0.00200506, 0.00406355, 0.0042654, 0.00291119, 0.00203519, 0.00422748, 0.00318299, 0.00151974, 0.00344457, 0.00415279, 0.00405144, 0.00387403, 0.00331153, 0.0025597, 0.00397914];
GivenLatency = [234.773, 127.901, 318.191, 145.496, 221.288, 245.086, 191.387, 223.811, 86.9903, 167.275, 164.006, 212.37, 172.637, 166.224, 321.114, 233.76, 134.813, 229.291, 92.1621, 300.093, 123.743, 186.593, 304.316, 389.355, 237.782, 121.542, 120.53, 176.03, 85.3226, 114.206, 129.138, 146.059, 109.054, 90.1995, 154.782, 201.672, 216.677, 321.504, 278.432, 158.65, 121.005, 157.31, 194.953, 152.207, 186.684, 223.642, 162.654, 76.8571, 290.342, 154.299, 139.283, 96.4359, 136.049, 128.994, 209.467, 130.214, 210.649, 200.952, 203.95, 121.232, 119.398, 130.69, 145.702, 272.348, 103.758, 140.109, 224.097, 158.989, 116.791, 112.441, 149.532, 121.727, 173.855, 105.742, 275.495, 392.041, 223.589, 122.815, 159.856, 198.427, 151.708, 473.424, 201.018, 245.45, 177.764, 81.0335, 96.195, 169.551, 118.01, 113.183, 115.735, 202.471, 273.529, 127.261, 116.349, 429.528, 217.664, 81.451, 121.077, 213.935, 331.238, 111.662, 199.854, 212.258, 134.808, 122.221, 113.183, 146.959, 141.671, 117.448, 336.28, 175.494, 177.807, 167.342, 96.9459, 98.7904, 208.197, 217.989, 113.589, 172.437, 244.051, 95.8562, 104.753, 81.2871, 81.5476, 114.248, 194.048, 88.9094];
HighestPossibleCritFunctionValue = 1.1;
