NumDevices = 128;
NumSlotes = 1024;


GivenBandwidthOld = [0.00423035, 0.0082105, 0.00887564, 0.0066804, 0.00500615, 0.00959039, 0.00689013, 0.00495845, 0.00789312, 0.00594657, 0.00903727, 0.00441949, 0.00587536, 0.00595208, 0.00783971, 0.00830707, 0.00690164, 0.00466686, 0.00709856, 0.00806231, 0.0058017, 0.00537784, 0.00659187, 0.00461733, 0.00601013, 0.00855806, 0.00656599, 0.00717302, 0.00952008, 0.00656626, 0.00542133, 0.00625804, 0.00642026, 0.00781778, 0.00838734, 0.00594959, 0.009799, 0.00686916, 0.00880005, 0.00497461, 0.00448198, 0.0061026, 0.00644435, 0.00648466, 0.00884562, 0.00825172, 0.00798252, 0.00847437, 0.00618969, 0.00764406, 0.00750676, 0.00614078, 0.00433175, 0.00626256, 0.00738819, 0.00698328, 0.00798309, 0.00548575, 0.00781362, 0.00729213, 0.00501209, 0.00941441, 0.0054309, 0.00458465, 0.0066786, 0.00590529, 0.00900952, 0.00681053, 0.0045306, 0.00447726, 0.00799801, 0.00633948, 0.00632586, 0.00868112, 0.0060343, 0.00844565, 0.00488078, 0.00876529, 0.00815793, 0.00654132, 0.00497005, 0.00921151, 0.00786926, 0.00486285, 0.00749918, 0.00996404, 0.00556021, 0.00917058, 0.00743556, 0.00941452, 0.00734356, 0.00702585, 0.00467427, 0.00676441, 0.00441276, 0.00519868, 0.00789674, 0.00427825, 0.00704839, 0.00859958, 0.00443982, 0.00379975, 0.00857782, 0.00743732, 0.00773611, 0.00462128, 0.00992803, 0.0066318, 0.0069624, 0.00711883, 0.00497284, 0.0060291, 0.00852849, 0.00951289, 0.00442116, 0.00897721, 0.0075053, 0.00653492, 0.00988639, 0.00674225, 0.00695624, 0.00968783, 0.00714375, 0.00493252, 0.00960831, 0.00812019, 0.0097564, 0.00961722];
GivenLatency = [890.609, 490.979, 453.035, 659.068, 949.056, 364.678, 544.026, 768.441, 470.149, 713.42, 409.708, 773.987, 758.693, 767.324, 497.625, 536.54, 561.586, 969.519, 505.915, 470.739, 727.828, 870.386, 662.97, 1059.86, 557.277, 462.714, 576.699, 577.25, 431.072, 656.914, 622.185, 795.947, 565.65, 494.727, 562.301, 619.28, 354.674, 687.402, 391.992, 871.212, 750.211, 600.737, 539.669, 676.2, 554.461, 553.535, 419.835, 577.991, 728.023, 595.626, 637.323, 543.883, 973.314, 687.817, 663.774, 586.066, 579.917, 630.919, 596.109, 497.471, 768.094, 452.811, 662.248, 982.943, 609.79, 811.137, 417.666, 681.737, 835.187, 1017.25, 426.283, 553.45, 618.627, 393.342, 713.842, 445.363, 986.858, 433.907, 528.393, 762.897, 679.52, 474.407, 431.755, 860.727, 544.179, 388.324, 871.502, 513.792, 595.671, 454.299, 626.885, 537.1, 834.276, 512.166, 1100.63, 893.255, 457.276, 1150.43, 505.454, 432.985, 826.033, 1001.43, 424.176, 654.442, 516.55, 816.054, 400.374, 580.153, 599.029, 475.124, 776.415, 725.856, 394.506, 451.809, 1066.78, 549.18, 520.767, 757.306, 352.306, 498.75, 532.82, 390.003, 645.853, 782.826, 380.955, 487.462, 439.288, 355.754];
HighestPossibleCritFunctionValue = 1.1;
