NumDevices = 64;
NumSlotes = 512;


GivenBandwidthOld = [0.0056379, 0.00367661, 0.00270897, 0.00839865, 0.003664, 0.00333453, 0.00341238, 0.00555473, 0.00591093, 0.00493685, 0.00870085, 0.00773537, 0.00592279, 0.0043097, 0.00558491, 0.00676563, 0.00745847, 0.00829915, 0.00637702, 0.00734139, 0.00293833, 0.00708964, 0.00305467, 0.0060144, 0.00655858, 0.00254918, 0.0040343, 0.00818634, 0.0041337, 0.00378385, 0.00522893, 0.0051815, 0.00796336, 0.00649018, 0.00293996, 0.00316996, 0.00619831, 0.00369244, 0.00633458, 0.00652956, 0.00855339, 0.00430854, 0.00488276, 0.00577587, 0.00376536, 0.00684564, 0.0083872, 0.00499474, 0.00655891, 0.00804329, 0.00606157, 0.00562253, 0.00777631, 0.00638452, 0.00832774, 0.00550208, 0.0084946, 0.00381708, 0.00735291, 0.00287835, 0.0052415, 0.00386541, 0.00720617, 0.00534736];
GivenLatency = [57.9599, 94.4437, 229.2, 41.7917, 87.8033, 108.503, 148.749, 91.1683, 84.1653, 94.719, 60.5776, 39.9812, 107.03, 86.6518, 67.2627, 53.6068, 83.1208, 38.587, 48.6378, 47.5893, 124.128, 76.2397, 114.308, 58.196, 54.7008, 209.454, 146.461, 37.9761, 81.0451, 130.402, 90.9237, 82.6785, 49.6731, 87.0301, 108.439, 116.308, 53.9286, 113.827, 84.2513, 71.2512, 66.2809, 92.9188, 72.9853, 108.613, 130.395, 49.8534, 41.3485, 73.8858, 63.1768, 41.9412, 66.6139, 84.1561, 40.3525, 85.8898, 40.7501, 59.5942, 51.9435, 82.4439, 43.9514, 112.121, 85.3537, 120.018, 53.1704, 71.1406];
HighestPossibleCritFunctionValue = 1.1;
