NumDevices = 64;
NumSlotes = 512;


GivenBandwidthOld = [0.00347802, 0.00258018, 0.00636768, 0.00660137, 0.00289797, 0.00367613, 0.00721027, 0.00556284, 0.00460712, 0.00430001, 0.00530636, 0.00641082, 0.00668107, 0.0049675, 0.00503728, 0.00282023, 0.00335893, 0.00728839, 0.00592058, 0.00467044, 0.00616505, 0.00726969, 0.00412244, 0.00840074, 0.00745422, 0.0055696, 0.00581091, 0.00517538, 0.00513627, 0.00400588, 0.00560657, 0.00834574, 0.008041, 0.0050934, 0.00858624, 0.00649665, 0.00550609, 0.00705241, 0.00855944, 0.00604699, 0.00421073, 0.00465894, 0.00660623, 0.00333022, 0.00601342, 0.00258696, 0.0077597, 0.00846054, 0.00628588, 0.00680686, 0.00668783, 0.0061595, 0.00778386, 0.00826963, 0.00386223, 0.00373324, 0.00449154, 0.00556321, 0.00464825, 0.00805679, 0.00794953, 0.00533624, 0.00871527, 0.00632244];
GivenLatency = [186.242, 155.745, 86.234, 70.489, 170.663, 108.822, 64.2732, 93.873, 118.2, 79.968, 58.1781, 61.518, 83.3655, 100.228, 62.4872, 120.394, 167.604, 80.6656, 58.4129, 72.4413, 51.5158, 48.1999, 82.5692, 44.8461, 42.0044, 58.2841, 77.3379, 61.3624, 114.711, 94.4038, 63.7883, 37.1349, 71.0419, 75.6136, 58.5119, 68.7248, 58.6766, 52.171, 59.1795, 77.749, 117.249, 69.1516, 57.6628, 174.451, 80.9126, 127.159, 39.9229, 56.6162, 66.5402, 51.6068, 47.4204, 58.6089, 78.5534, 42.2257, 122.61, 133.756, 79.666, 86.0242, 118.404, 71.0205, 40.7672, 108.918, 37.344, 69.1722];
HighestPossibleCritFunctionValue = 1.1;
