NumDevices = 16;
NumSlotes = 128;


GivenBandwidthOld = [0.0319407, 0.0469617, 0.0551532, 0.0794139, 0.079858, 0.0441783, 0.0745113, 0.0311608, 0.0391839, 0.0342783, 0.035803, 0.0610147, 0.044251, 0.0464591, 0.0588298, 0.0726897];
GivenLatency = [46.2202, 42.5753, 24.2497, 17.8201, 20.1544, 33.006, 25.7788, 46.0553, 35.2141, 55.2506, 51.1207, 31.4321, 38.5634, 42.8643, 27.4772, 26.2435];
HighestPossibleCritFunctionValue = 1.1;
