NumDevices = 128;
NumSlotes = 1024;


GivenBandwidthOld = [0.00761328, 0.00391998, 0.00558801, 0.00516929, 0.00781819, 0.0078249, 0.00564882, 0.00730278, 0.00539886, 0.00607615, 0.00431094, 0.00647635, 0.0055479, 0.00605386, 0.00473187, 0.00600967, 0.0071035, 0.0059991, 0.00440316, 0.00645415, 0.00743494, 0.00656104, 0.00383247, 0.00488413, 0.00506138, 0.00406795, 0.00760256, 0.0087435, 0.00445996, 0.00601121, 0.00790309, 0.00466003, 0.00856975, 0.00432079, 0.00696923, 0.00442397, 0.0061746, 0.00402896, 0.00726674, 0.00452596, 0.0052835, 0.00721694, 0.00756859, 0.0078007, 0.0039157, 0.00869885, 0.00415862, 0.00635314, 0.00474487, 0.00452574, 0.00660197, 0.0068414, 0.00582503, 0.00377865, 0.00520722, 0.00529761, 0.00437115, 0.00839033, 0.00871556, 0.00498749, 0.00722472, 0.00837997, 0.00472622, 0.00605785, 0.0068541, 0.00432666, 0.00570088, 0.00716353, 0.00499345, 0.00739896, 0.00682234, 0.00549608, 0.00511342, 0.00873073, 0.0049488, 0.00702969, 0.00541627, 0.00868367, 0.00389599, 0.00734333, 0.00690367, 0.00753821, 0.0072252, 0.00642349, 0.00703029, 0.00564971, 0.00723393, 0.00819108, 0.00490983, 0.00703262, 0.00481189, 0.00588358, 0.00777267, 0.00783871, 0.00769273, 0.00421037, 0.00626254, 0.00695779, 0.00714147, 0.00410741, 0.00566837, 0.00586132, 0.00867907, 0.00666103, 0.00444646, 0.0042233, 0.00848557, 0.0044406, 0.00565045, 0.00464773, 0.00685374, 0.00829163, 0.00493937, 0.00856551, 0.00799697, 0.00759068, 0.00410937, 0.00868685, 0.00734727, 0.00808275, 0.00423635, 0.0078252, 0.00566052, 0.0038408, 0.00482298, 0.00727463, 0.00713909, 0.00418091];
GivenLatency = [146.245, 328.58, 228.613, 216.547, 138.479, 157.743, 193.084, 162.466, 193.114, 191.125, 258.053, 190.228, 228.157, 171.863, 271.084, 191.486, 151.959, 194.234, 282.948, 200.897, 169.054, 152.327, 285.55, 264.306, 248.081, 289.451, 140.938, 146.91, 226.475, 194.338, 161.372, 215.045, 142.567, 243.538, 142.512, 233.937, 164.703, 239.99, 136.245, 232.452, 234.17, 166.785, 132.836, 145.758, 268.779, 109.756, 287.188, 196.121, 233.077, 220.05, 169.077, 183.33, 176.65, 273.177, 238.891, 182.754, 230.605, 116.09, 114.047, 194.522, 134.257, 137.948, 247.533, 163.879, 143.059, 229.935, 195.801, 172.148, 224.282, 160.186, 144.225, 178.488, 228.201, 147.855, 196.96, 148.007, 206.692, 126.398, 294.848, 158.869, 156.739, 134.093, 159.041, 181.542, 170.073, 173.613, 135.145, 155.106, 225.034, 136.419, 198.226, 184.907, 158.937, 139.593, 141.032, 282.622, 190.544, 138.16, 139.084, 239.319, 170.557, 204.915, 112.448, 187.213, 288.392, 275.119, 134.379, 255.545, 178.261, 235.547, 181.045, 131.312, 219.135, 117.943, 119.34, 162.835, 257.696, 130.95, 167.85, 137.848, 228.983, 165.963, 212.06, 316.961, 239.367, 138.865, 171.197, 261.133];
HighestPossibleCritFunctionValue = 1.1;
