NumDevices = 16;
NumSlotes = 128;


GivenBandwidthOld = [0.0331223, 0.0265362, 0.0332909, 0.0108503, 0.0261905, 0.0243595, 0.0254115, 0.0314513, 0.0164688, 0.0312821, 0.0234774, 0.0241484, 0.0264573, 0.0330599, 0.0270103, 0.0264787];
GivenLatency = [10.2896, 12.7829, 18.3842, 31.1028, 16.06, 14.908, 14.6758, 18.8366, 22.0922, 19.8524, 24.9822, 21.1341, 11.6941, 16.7437, 19.8245, 16.6709];
HighestPossibleCritFunctionValue = 1.1;
