NumDevices = 128;
NumSlotes = 1024;


GivenBandwidthOld = [0.00655251, 0.00548524, 0.00796414, 0.00587243, 0.00535715, 0.00517583, 0.00761385, 0.0085625, 0.00737758, 0.00748453, 0.00500648, 0.00636359, 0.00540914, 0.00385741, 0.0040676, 0.00660944, 0.00736685, 0.00712843, 0.00508619, 0.00606336, 0.0044735, 0.00868444, 0.0068752, 0.0039535, 0.00399197, 0.00562374, 0.00574789, 0.0072433, 0.0055866, 0.00650184, 0.00399689, 0.00821624, 0.00783763, 0.00454698, 0.00858705, 0.00509881, 0.00828092, 0.00499084, 0.00847554, 0.0058439, 0.00586067, 0.00779028, 0.00379408, 0.00453972, 0.006588, 0.00709199, 0.00761946, 0.00771114, 0.00856147, 0.00516078, 0.00473897, 0.00541647, 0.00716413, 0.00506575, 0.00758617, 0.00820384, 0.00445636, 0.00556495, 0.00763476, 0.00495853, 0.00555435, 0.00451169, 0.00539996, 0.00456465, 0.00563169, 0.00437516, 0.0058073, 0.00574565, 0.0046813, 0.00615312, 0.00798442, 0.00667398, 0.0071455, 0.00683438, 0.00791025, 0.00508194, 0.0047392, 0.00417575, 0.0043676, 0.00874819, 0.00829728, 0.00495482, 0.00821713, 0.00774068, 0.00511854, 0.00479763, 0.00626652, 0.00398208, 0.00426303, 0.00630418, 0.0068264, 0.00386963, 0.00434966, 0.00728505, 0.00738958, 0.00410972, 0.00465058, 0.00479952, 0.00811629, 0.00793013, 0.00412395, 0.0086553, 0.00707358, 0.00813155, 0.00453236, 0.00779926, 0.00468147, 0.00391094, 0.00861252, 0.00809939, 0.00398573, 0.00568966, 0.00865353, 0.00742858, 0.0046938, 0.00624676, 0.00677681, 0.00529274, 0.00764139, 0.00636866, 0.00556457, 0.00628433, 0.00822417, 0.00606184, 0.00391489, 0.00507201, 0.00779648, 0.00792443];
GivenLatency = [148.426, 224.298, 132.6, 198.19, 239.505, 226.413, 163.497, 118.677, 159.745, 138.45, 191.166, 180.704, 189.93, 308.916, 273.223, 195.573, 163.491, 159.46, 236.798, 159.827, 263.607, 113.301, 149.136, 277.336, 257.353, 171.356, 201.067, 149.711, 176.496, 183.514, 274.175, 127.469, 123.01, 230.217, 123.125, 210.535, 149.435, 236.495, 143.173, 183.552, 167.742, 122.424, 259.313, 215.509, 188.504, 165.179, 136.608, 147.874, 130.453, 201.272, 260.393, 197.592, 142.523, 190.006, 169.054, 117.526, 220.53, 188.592, 146.457, 235.848, 178.213, 224.025, 196.622, 228.593, 200.519, 219.665, 202.787, 223.013, 225.327, 205.888, 119.744, 166.634, 149.552, 170.958, 131.38, 205.599, 221.288, 246.885, 229.151, 125.908, 138.555, 244.974, 123.447, 133.19, 248.842, 202.524, 155.672, 321.363, 255.371, 167.284, 152.871, 306.91, 234.006, 165.735, 143.169, 287.838, 268.796, 229.746, 126.836, 146.34, 292.237, 146.343, 145.071, 155.598, 220.818, 147.744, 246.11, 264.057, 124.368, 153.198, 281.956, 214.966, 124.651, 129.608, 227.223, 153.957, 178.233, 209.578, 153.179, 196.998, 216.988, 198.485, 155.911, 189.906, 261.112, 198.954, 130.318, 150.476];
HighestPossibleCritFunctionValue = 1.1;
