NumDevices = 32;
NumSlotes = 256;


GivenBandwidthOld = [0.0255131, 0.0332265, 0.0234878, 0.0191729, 0.0232325, 0.0285684, 0.0344233, 0.0369627, 0.0171684, 0.0344037, 0.033833, 0.0158436, 0.0184345, 0.0381382, 0.0234136, 0.0222706, 0.037326, 0.0224928, 0.0222826, 0.0393995, 0.0222791, 0.0305695, 0.0158795, 0.0209231, 0.0387028, 0.0378761, 0.0193951, 0.0332005, 0.0362049, 0.0300475, 0.0181754, 0.0332812];
GivenLatency = [93.7726, 62.836, 102.049, 94.3418, 72.9374, 77.715, 63.4046, 57.1284, 119.64, 61.7127, 62.5628, 142.545, 111.22, 61.3213, 82.0856, 89.7161, 46.7776, 89.64, 83.7125, 44.4687, 110.953, 64.4582, 121.922, 100.376, 53.1995, 61.4934, 87.4147, 50.3715, 58.0516, 71.546, 131.682, 55.9085];
HighestPossibleCritFunctionValue = 1.1;
