NumDevices = 16;
NumSlotes = 128;


GivenBandwidthOld = [0.0562202, 0.0334295, 0.0698591, 0.0615137, 0.040712, 0.0669494, 0.0392261, 0.0537092, 0.0304007, 0.0448396, 0.0395989, 0.0379981, 0.0535943, 0.0597913, 0.0527374, 0.0582714];
GivenLatency = [14.0318, 23.2162, 15.8713, 15.776, 21.2471, 12.9853, 28.1687, 14.6563, 29.6794, 18.9723, 24.2733, 29.2113, 15.4245, 13.1614, 14.7726, 17.0527];
HighestPossibleCritFunctionValue = 1.1;
