NumDevices = 64;
NumSlotes = 512;


GivenBandwidthOld = [0.0178186, 0.00751731, 0.0108829, 0.0132604, 0.00940016, 0.0184195, 0.0182321, 0.0190522, 0.015927, 0.0144035, 0.00899814, 0.0117308, 0.0138016, 0.0187861, 0.0172931, 0.0124963, 0.0174262, 0.0128282, 0.00843673, 0.0136794, 0.014077, 0.00961291, 0.0191498, 0.0185696, 0.0171095, 0.0139605, 0.0134737, 0.00754976, 0.0188939, 0.0174197, 0.0159961, 0.0133535, 0.0120648, 0.0160959, 0.0169768, 0.00976759, 0.0188064, 0.00968843, 0.0134686, 0.00994162, 0.0187841, 0.00900833, 0.00793708, 0.0160515, 0.0196821, 0.0151527, 0.0146558, 0.0130287, 0.0158585, 0.0144654, 0.0131525, 0.00862412, 0.0130717, 0.0134532, 0.0133209, 0.0144062, 0.0179675, 0.00978052, 0.0112374, 0.00864373, 0.017744, 0.0158761, 0.00909919, 0.010042];
GivenLatency = [128.765, 365.859, 283.148, 200.778, 239.251, 132.007, 165.771, 129.705, 170.933, 173.644, 296.848, 276.289, 174.38, 138.246, 189.21, 189.586, 148.879, 177.275, 315.634, 184.329, 195.697, 244.948, 171.648, 144.989, 130.129, 193.295, 238.11, 309.365, 126.463, 142.146, 173.659, 197.968, 207.423, 170.901, 170.433, 247.478, 129.223, 268.272, 222.621, 246.299, 150.94, 262.579, 392.771, 154.303, 125.578, 158.419, 159.688, 179.937, 176.635, 157.127, 199.542, 259.486, 238.477, 191.6, 186.714, 203.889, 150.891, 276.609, 268.519, 260.192, 129.579, 147.55, 249.055, 254.917];
HighestPossibleCritFunctionValue = 1.1;
