NumDevices = 128;
NumSlotes = 1024;


GivenBandwidthOld = [0.00459669, 0.00414295, 0.00810988, 0.00533711, 0.00838145, 0.00448842, 0.00438496, 0.00553523, 0.00811831, 0.00693785, 0.00698632, 0.0065717, 0.00802557, 0.0082891, 0.00741073, 0.00459398, 0.00856406, 0.00860081, 0.00628593, 0.00508916, 0.00596187, 0.00863399, 0.00398111, 0.0079348, 0.0077014, 0.00488666, 0.0075129, 0.00673458, 0.00554502, 0.00773632, 0.00686228, 0.00676612, 0.00566379, 0.003897, 0.00435892, 0.0078127, 0.00551538, 0.00452977, 0.0043212, 0.00386086, 0.00699639, 0.00577514, 0.00528238, 0.00844915, 0.00732187, 0.00612597, 0.00672635, 0.0072082, 0.00565062, 0.00742257, 0.00857653, 0.00815861, 0.00434365, 0.00618953, 0.00497648, 0.00725936, 0.00559474, 0.00822754, 0.00771353, 0.00874432, 0.00831107, 0.00658867, 0.00820231, 0.0086635, 0.00502652, 0.00828875, 0.00653101, 0.00419988, 0.00495365, 0.0085162, 0.00424348, 0.00762124, 0.00775305, 0.00793815, 0.00397029, 0.00620287, 0.00409564, 0.00794881, 0.00817732, 0.0087451, 0.00642247, 0.00487207, 0.0074645, 0.00834976, 0.00698785, 0.00732922, 0.00467089, 0.00607708, 0.0050329, 0.00550437, 0.00452136, 0.00807812, 0.00653291, 0.00607633, 0.00744556, 0.00499126, 0.00559155, 0.0046047, 0.0086658, 0.00854298, 0.00441318, 0.0048955, 0.00619963, 0.00465283, 0.00768702, 0.00820638, 0.0070729, 0.00670584, 0.00751545, 0.00458939, 0.00635387, 0.00702104, 0.0050964, 0.00766418, 0.00438558, 0.00586678, 0.00549475, 0.00774566, 0.00873222, 0.00493797, 0.00495265, 0.00665174, 0.00832914, 0.00538285, 0.00698252, 0.00777579, 0.00524161, 0.00828773];
GivenLatency = [269.176, 238.516, 118.651, 241.038, 141.673, 265.762, 260.774, 180.41, 139.492, 144.133, 155.601, 155.741, 133.168, 132.251, 166.051, 235.813, 111.426, 143.123, 156.584, 209.54, 204.263, 149.975, 286.738, 136.729, 144.716, 249.891, 128.626, 155.92, 209.515, 129.644, 175.263, 181.12, 189.768, 326.775, 234.991, 149.166, 214.285, 278.573, 294.589, 248.861, 155.097, 199.598, 182.483, 118.547, 146.902, 203.026, 154.376, 143.832, 174.555, 133.983, 115.454, 157.011, 295.656, 206.497, 239.043, 163.442, 214.485, 156.357, 133.769, 113.174, 124.495, 161.733, 144.41, 126.594, 201.802, 116.458, 153.245, 229.134, 253.178, 120.664, 264.294, 139.672, 123.491, 129.458, 295.946, 200.756, 284.45, 160.491, 124.193, 119.996, 192.268, 229.359, 138.866, 138.714, 153.254, 138.505, 219.365, 209.927, 198.283, 188.561, 248.957, 130.077, 198.737, 203.344, 129.771, 231.868, 192.299, 263.667, 127.838, 114.203, 224.196, 213.601, 184.503, 205.34, 163.668, 122.038, 151.928, 187.845, 140.82, 218.234, 187.072, 140.223, 244.446, 125.905, 259.842, 172.288, 179.32, 155.817, 129.119, 258.161, 195.546, 146.293, 155.466, 193.752, 156.962, 138.079, 185.732, 133.241];
HighestPossibleCritFunctionValue = 1.1;
