NumDevices = 64;
NumSlotes = 512;


GivenBandwidthOld = [0.00671711, 0.00454021, 0.00484387, 0.0083451, 0.00367272, 0.00616567, 0.00523296, 0.00402986, 0.00854611, 0.00703184, 0.00665848, 0.00657109, 0.00654891, 0.00259787, 0.00360325, 0.00740647, 0.00311068, 0.00377423, 0.00593876, 0.00390511, 0.00569309, 0.00618706, 0.00844271, 0.00670704, 0.00401587, 0.00476912, 0.00834535, 0.0077147, 0.00842847, 0.00482414, 0.00800705, 0.00326567, 0.00862212, 0.00314455, 0.00424702, 0.00842331, 0.00558581, 0.00314806, 0.00698818, 0.00410722, 0.00250678, 0.00403431, 0.00838058, 0.00623718, 0.00696344, 0.0071019, 0.00279837, 0.00475667, 0.00532875, 0.00776365, 0.00620763, 0.00410762, 0.00298463, 0.00384966, 0.00505074, 0.00408996, 0.0061595, 0.00762943, 0.00661464, 0.00732472, 0.00399282, 0.00482799, 0.00397477, 0.00764916];
GivenLatency = [54.0886, 104.565, 79.1543, 59.5209, 93.119, 61.5309, 85.1808, 112.903, 68.7872, 61.0266, 75.685, 49.0216, 81.2491, 210.245, 104.034, 52.7306, 171.361, 91.29, 59.4066, 98.0906, 78.8564, 54.8012, 51.9245, 48.2411, 99.0104, 95.7598, 38.4481, 83.0931, 52.6359, 74.4089, 40.2729, 112.306, 46.1567, 170.583, 84.2376, 57.9097, 67.781, 157.605, 79.5587, 130.194, 180.911, 77.7496, 37.9826, 70.5257, 80.3, 53.8688, 222.455, 91.9682, 81.8126, 59.4918, 50.2094, 93.6694, 192.008, 107.868, 61.4342, 156.146, 66.2068, 68.0568, 74.0971, 78.4278, 84.9485, 78.4947, 105.459, 57.5398];
HighestPossibleCritFunctionValue = 1.1;
