NumDevices = 64;
NumSlotes = 512;


GivenBandwidthOld = [0.0123997, 0.0194473, 0.0182127, 0.0181713, 0.0103414, 0.0121784, 0.0131856, 0.0158068, 0.00782297, 0.0106563, 0.0171629, 0.0123393, 0.0168198, 0.0196427, 0.0145254, 0.00766446, 0.00908471, 0.0167788, 0.0188758, 0.0134278, 0.0110848, 0.0194837, 0.0179075, 0.0144008, 0.0140245, 0.0146965, 0.00948802, 0.00770172, 0.0103208, 0.017454, 0.0165675, 0.0176476, 0.00758782, 0.00855481, 0.0106514, 0.00988705, 0.0141108, 0.0150294, 0.0163333, 0.019027, 0.0163743, 0.00800007, 0.012113, 0.013515, 0.0141553, 0.0129699, 0.0144599, 0.00756172, 0.0199031, 0.0155668, 0.0119591, 0.0134155, 0.0168644, 0.00827994, 0.0159057, 0.00763813, 0.016493, 0.0147833, 0.0178385, 0.0167899, 0.0170734, 0.019402, 0.0188504, 0.0106945];
GivenLatency = [242.408, 115.514, 156.279, 162.917, 285.805, 193.125, 201.066, 143.968, 314.54, 235.319, 159.246, 200.887, 137.057, 126.632, 165.998, 318.279, 317.504, 169.66, 155.517, 200.801, 239.221, 139.107, 132.721, 167.974, 206.32, 220.294, 291.067, 362.949, 254.001, 163.816, 160.427, 156.873, 414.282, 262.175, 294.312, 261.017, 199.374, 204.637, 183.297, 131.845, 141.584, 316.126, 251.805, 229.216, 231.093, 197.771, 156.414, 371.671, 132.672, 160.318, 199.599, 233.228, 152.061, 307.796, 193.878, 387.66, 142.371, 182.608, 134.59, 193.039, 145.225, 128.28, 124.889, 284.514];
HighestPossibleCritFunctionValue = 1.1;
