NumDevices = 128;
NumSlotes = 1024;


GivenBandwidthOld = [0.00387868, 0.00398546, 0.0048277, 0.00415805, 0.00554629, 0.00655081, 0.00825526, 0.00491269, 0.00760608, 0.00659671, 0.00468615, 0.00631139, 0.0092626, 0.00394735, 0.00814786, 0.00608874, 0.0046824, 0.00591805, 0.00465963, 0.00443526, 0.0084224, 0.00778156, 0.00587064, 0.00780977, 0.00513712, 0.00457512, 0.00911682, 0.0039273, 0.00870212, 0.00902248, 0.00584794, 0.00753215, 0.00782504, 0.00544597, 0.00795225, 0.00595049, 0.00619631, 0.00632067, 0.00900823, 0.00378962, 0.00718265, 0.00881731, 0.00747666, 0.0064864, 0.00684628, 0.00540802, 0.00759396, 0.00915992, 0.00960116, 0.006655, 0.00940763, 0.00407684, 0.00943375, 0.0054765, 0.0084777, 0.00595307, 0.00566591, 0.00452024, 0.00550152, 0.00402971, 0.00477761, 0.00600046, 0.00850481, 0.00535526, 0.00838383, 0.0095791, 0.00476337, 0.00418775, 0.00472553, 0.00568705, 0.00967897, 0.00826512, 0.00812212, 0.00471832, 0.00962221, 0.00425908, 0.00982195, 0.00501204, 0.00864747, 0.00929977, 0.00998561, 0.00558223, 0.00429582, 0.00862776, 0.00923217, 0.00503125, 0.00642509, 0.00768604, 0.00678277, 0.00676775, 0.00427073, 0.00568354, 0.00703956, 0.00382246, 0.00907033, 0.00378379, 0.00920389, 0.00484854, 0.0044453, 0.00843578, 0.00758296, 0.00553792, 0.00964731, 0.00733331, 0.00968607, 0.00871425, 0.00657754, 0.00754775, 0.00752397, 0.00778012, 0.00676136, 0.00943707, 0.0050245, 0.00549404, 0.00965259, 0.00854834, 0.00562978, 0.00978346, 0.00803295, 0.00604071, 0.00998467, 0.00857276, 0.00987295, 0.00591579, 0.00412715, 0.00494322, 0.00824653, 0.00813266];
GivenLatency = [1034.16, 1041.9, 725.091, 845.918, 617.311, 520.209, 517.773, 774.294, 655.751, 518.275, 737.315, 744.38, 480.36, 898.398, 574.168, 566.223, 1037.22, 822.997, 863.623, 1036.53, 442.247, 600.501, 683.073, 437.891, 716.96, 825.228, 401.424, 1046.13, 536.652, 502.359, 601.672, 448.593, 520.775, 802.052, 424.351, 773.269, 680.75, 600.772, 421.08, 1116.01, 500.639, 523.679, 452.281, 762.264, 622.816, 806.814, 571.564, 373.958, 437.238, 540.239, 483.936, 927.741, 422.097, 634.628, 400.902, 574.656, 739.094, 812.072, 870.259, 1125.13, 960.496, 651.386, 409.807, 884.606, 587.699, 362.471, 953.66, 1012.17, 1028.99, 731.809, 384.929, 436.544, 510.312, 862.957, 416.385, 813.684, 413.056, 979.929, 556.275, 517.464, 478.597, 633.6, 780.035, 409.531, 365.313, 795.917, 564.735, 470.87, 627.081, 532.545, 895.191, 713.339, 499.612, 1184.95, 461.553, 1165.86, 450.517, 707.643, 1023.27, 469.729, 461.99, 740.135, 406.9, 658.591, 396.059, 389.439, 580.688, 612.014, 648.3, 588.833, 497.058, 508.291, 949.289, 906.755, 484.722, 473.972, 674.691, 343.12, 417.354, 675.605, 465.929, 481.693, 411.514, 702.96, 1012.33, 900.277, 534.167, 556.328];
HighestPossibleCritFunctionValue = 1.1;
