NumDevices = 64;
NumSlotes = 512;


GivenBandwidthOld = [0.014894, 0.0158464, 0.0102564, 0.00913646, 0.0114801, 0.0131701, 0.017609, 0.00943659, 0.0181979, 0.00777166, 0.0107673, 0.00776832, 0.0171557, 0.0160193, 0.017018, 0.013466, 0.015671, 0.0121317, 0.0144428, 0.00760084, 0.0148963, 0.0176488, 0.0150767, 0.0109984, 0.0174794, 0.0195234, 0.00911391, 0.00750223, 0.0075473, 0.0149713, 0.0148684, 0.0112073, 0.0158003, 0.00990738, 0.0183105, 0.0114366, 0.0199806, 0.0192193, 0.0105981, 0.0145231, 0.0199092, 0.0184967, 0.0166989, 0.0140413, 0.00933821, 0.014837, 0.00846258, 0.0106411, 0.0121182, 0.0128415, 0.00753073, 0.0114748, 0.0123885, 0.0180703, 0.0125121, 0.00824359, 0.0175145, 0.0081715, 0.0183213, 0.0186778, 0.0105791, 0.00778443, 0.0129444, 0.0110086];
GivenLatency = [173.473, 160.959, 306.362, 351.171, 256.34, 184.239, 169.789, 316.869, 131.61, 416.43, 269.234, 381.405, 133.843, 207.385, 130.789, 171.626, 167.422, 265.468, 155.06, 296.012, 158.076, 173.615, 158.09, 218.779, 148.359, 142.246, 304.211, 317.375, 401.049, 162.896, 217.627, 232.613, 152.74, 317.958, 126.197, 200.398, 118.059, 120.623, 238.37, 169.954, 114.315, 151.235, 162.395, 168.625, 258.356, 172.337, 380.322, 283.49, 192.766, 195.727, 406.593, 252.465, 183.518, 137.593, 184.116, 361.395, 140.704, 273.155, 167.97, 157.884, 222.207, 371.069, 185.458, 224.32];
HighestPossibleCritFunctionValue = 1.1;
