NumDevices = 64;
NumSlotes = 512;


GivenBandwidthOld = [0.00922987, 0.0189559, 0.00955764, 0.0152805, 0.0120874, 0.00807702, 0.0179794, 0.0103275, 0.0170781, 0.0111125, 0.00951572, 0.0107703, 0.00924323, 0.0184863, 0.017229, 0.0105338, 0.00852278, 0.00987237, 0.017365, 0.00905792, 0.0164829, 0.00772589, 0.0164564, 0.0124901, 0.0135634, 0.0146397, 0.0177115, 0.0193767, 0.00750562, 0.0143841, 0.00784056, 0.0187843, 0.0134285, 0.00969138, 0.0130473, 0.0163104, 0.00876925, 0.0148303, 0.00765182, 0.00917901, 0.014093, 0.0168328, 0.0135099, 0.0164532, 0.00940657, 0.0137846, 0.00820116, 0.0168942, 0.00817391, 0.00898047, 0.0147179, 0.0185687, 0.0140173, 0.0186578, 0.0118255, 0.0185913, 0.0192056, 0.0182438, 0.0157714, 0.0116355, 0.0128091, 0.0124903, 0.0176692, 0.00850763];
GivenLatency = [256.433, 172.608, 257.518, 212.945, 225.786, 379.305, 129.416, 280.485, 147.727, 286.971, 242.744, 243.376, 262.893, 169.968, 129.156, 223.492, 381.153, 334.61, 146.454, 275.994, 143.588, 385.089, 143.041, 191.153, 218.266, 206.015, 144.86, 159.234, 341.497, 179.863, 300.863, 122.479, 217.523, 229.829, 194.076, 186.56, 285.633, 150.885, 312.089, 269.949, 231.545, 150.028, 243.589, 148.428, 240.848, 187.822, 405.015, 138.907, 280.711, 300.818, 156.264, 133.621, 159.178, 120.206, 208.775, 130.169, 159.508, 146.697, 191.926, 223.624, 249.078, 233.504, 143.204, 268.551];
HighestPossibleCritFunctionValue = 1.1;
