NumDevices = 32;
NumSlotes = 256;


GivenBandwidthOld = [0.0171584, 0.0131425, 0.00629004, 0.0117733, 0.00590241, 0.00928702, 0.00699273, 0.00930166, 0.0155149, 0.0171046, 0.00965334, 0.013701, 0.00524016, 0.0164342, 0.017015, 0.0167664, 0.0125061, 0.0105013, 0.0146933, 0.00863533, 0.0165096, 0.00922622, 0.010012, 0.0171675, 0.0160686, 0.00993969, 0.0139282, 0.0106827, 0.013691, 0.0116497, 0.0165458, 0.00525284];
GivenLatency = [18.1646, 44.3324, 63.8087, 36.151, 52.4175, 39.7103, 57.9534, 41.857, 37.0848, 24.3703, 63.9305, 23.4273, 84.6613, 30.2207, 31.0415, 36.2804, 37.7531, 40.6133, 22.2891, 35.868, 21.4521, 40.5613, 38.0641, 19.9841, 26.4465, 41.5777, 24.0589, 32.3444, 26.6384, 40.5954, 28.2941, 106.786];
HighestPossibleCritFunctionValue = 1.1;
