NumDevices = 128;
NumSlotes = 1024;


GivenBandwidthOld = [0.00793037, 0.00705259, 0.00414672, 0.0089227, 0.00378668, 0.0076998, 0.00671433, 0.00643415, 0.00376199, 0.0052004, 0.00566203, 0.00793557, 0.00682977, 0.00913242, 0.00987662, 0.00511316, 0.00811186, 0.00726702, 0.0079987, 0.00544637, 0.00844256, 0.0091542, 0.00711245, 0.0038971, 0.00730206, 0.00953336, 0.00472628, 0.005826, 0.00751938, 0.00571753, 0.00956985, 0.00551941, 0.0046677, 0.00874189, 0.00868193, 0.00726464, 0.00548062, 0.00899537, 0.00647392, 0.00960027, 0.00419534, 0.0073246, 0.00700626, 0.00675564, 0.00712034, 0.00530949, 0.00781543, 0.00644576, 0.00515091, 0.0051074, 0.00513058, 0.00709957, 0.00623317, 0.00711022, 0.00394709, 0.00375991, 0.00778359, 0.00886345, 0.00798846, 0.00829839, 0.00473046, 0.00727026, 0.00629224, 0.0060995, 0.004304, 0.0086536, 0.00604342, 0.00550846, 0.00814139, 0.00976816, 0.00723784, 0.00505639, 0.00394782, 0.00979775, 0.00450998, 0.00797209, 0.00824465, 0.00782928, 0.00796945, 0.00746398, 0.00583386, 0.00841709, 0.00597711, 0.00973725, 0.00646474, 0.00534365, 0.0070496, 0.0037924, 0.00383701, 0.00984154, 0.0092832, 0.00643656, 0.00683276, 0.00943558, 0.00503402, 0.0092885, 0.00810322, 0.00582896, 0.00740441, 0.0047186, 0.00803086, 0.00837747, 0.00888999, 0.00400307, 0.00709554, 0.00725543, 0.00704341, 0.00605495, 0.0054814, 0.00957407, 0.00759379, 0.00637672, 0.00729736, 0.00548483, 0.00482103, 0.00455783, 0.0059416, 0.00677888, 0.00395567, 0.00416434, 0.00509663, 0.00524083, 0.00380055, 0.00967203, 0.00403688, 0.00654063, 0.00593418, 0.00705023];
GivenLatency = [463.199, 478.131, 829.945, 442.004, 1066.78, 610.33, 729.173, 581.552, 892.296, 786.598, 678.111, 590.497, 500.082, 383.27, 408.702, 759.487, 532.665, 463.326, 432.881, 805.807, 411.718, 503.686, 695.004, 1085.35, 581.146, 370.824, 732.206, 672.066, 479.713, 665.586, 360.284, 870.63, 856.935, 478.747, 434.394, 524.948, 678.555, 450.437, 541.915, 469.047, 1081.13, 494.212, 594.029, 538.008, 509.654, 876.67, 452.687, 524.053, 800.737, 669.902, 835.294, 480.782, 781.781, 630.016, 1063.97, 989.023, 476.026, 421.817, 505.437, 476.657, 906.597, 492.838, 557.452, 601.719, 997.806, 452.838, 678.56, 741.131, 485.528, 410.181, 651.024, 799.054, 1186.69, 430.738, 891.074, 462.539, 487.675, 623.626, 476.606, 459.325, 582.018, 547.572, 567.76, 485.273, 582.757, 915.859, 502.008, 1093.61, 1224.71, 396.113, 536.759, 560.373, 690.013, 496.543, 725.38, 399.749, 518.088, 573.851, 490.849, 827.512, 615.741, 507.729, 458.093, 1186.56, 471.363, 553.212, 680.998, 592.282, 786.286, 363.5, 502.805, 738.665, 507.54, 628.752, 765.593, 803.857, 649.046, 613.013, 916.505, 1112.69, 674.807, 797.514, 982.076, 395.259, 1044.17, 637.227, 768.271, 697.277];
HighestPossibleCritFunctionValue = 1.1;
