NumDevices = 64;
NumSlotes = 512;


GivenBandwidthOld = [0.0125329, 0.0198041, 0.0143557, 0.0180694, 0.00969579, 0.012148, 0.0134539, 0.0116302, 0.0111781, 0.0128132, 0.0186771, 0.0110477, 0.00888694, 0.0178276, 0.00889396, 0.0108389, 0.0119516, 0.0129206, 0.0107296, 0.0119441, 0.0126385, 0.0199225, 0.0180731, 0.00965482, 0.0109758, 0.0128431, 0.0091399, 0.0192334, 0.0107586, 0.0123532, 0.0128213, 0.0182922, 0.0162693, 0.0182798, 0.00864512, 0.0161057, 0.0186737, 0.0159859, 0.0181858, 0.0165237, 0.0184712, 0.0127228, 0.01248, 0.019325, 0.0125667, 0.0137737, 0.0115928, 0.0196679, 0.013569, 0.00917896, 0.0132887, 0.0105366, 0.0186729, 0.0161859, 0.0167537, 0.0102543, 0.0106907, 0.00907291, 0.0184858, 0.00841809, 0.0127919, 0.0105511, 0.0115538, 0.0155092];
GivenLatency = [191.036, 125.034, 169.103, 143.839, 309.97, 199.272, 173.56, 208.142, 265.354, 256.083, 135.59, 229.523, 291.518, 147.976, 357.615, 205.916, 252.713, 205.635, 225.615, 196.719, 186.994, 119.446, 168.496, 236.902, 226.087, 257.323, 251.646, 139.223, 213.119, 209.576, 256.003, 139.24, 161.869, 133.576, 379.766, 203.322, 144.052, 185.339, 139.941, 175.969, 122.368, 182.228, 250.041, 140.059, 249.792, 216.949, 220.855, 121.403, 173.05, 279.169, 174.707, 292.443, 128.164, 151.204, 164.094, 294.174, 284.312, 303.119, 131.671, 384.296, 225.062, 313.831, 256.371, 197.002];
HighestPossibleCritFunctionValue = 1.1;
