NumDevices = 16;
NumSlotes = 128;


GivenBandwidthOld = [0.0587899, 0.0619995, 0.0455577, 0.0676618, 0.0515165, 0.0582681, 0.0518499, 0.0618499, 0.0507843, 0.0319145, 0.0462498, 0.0610344, 0.064775, 0.0534818, 0.0483573, 0.0409261];
GivenLatency = [14.487, 13.6333, 17.0388, 15.8735, 17.2727, 19.0337, 21.4169, 12.4694, 18.7774, 30.3644, 22.606, 16.4386, 13.3394, 18.9283, 19.7288, 23.1601];
HighestPossibleCritFunctionValue = 1.1;
