NumDevices = 128;
NumSlotes = 1024;


GivenBandwidthOld = [0.00879296, 0.00461495, 0.00966789, 0.00953652, 0.00773692, 0.00565909, 0.0086334, 0.00410547, 0.00937779, 0.00873713, 0.00998088, 0.00733608, 0.0062512, 0.0039577, 0.00698341, 0.00388641, 0.00896394, 0.00942296, 0.0053928, 0.00800787, 0.00954753, 0.00541899, 0.00447569, 0.00659346, 0.00622195, 0.00606237, 0.0052326, 0.00925851, 0.00406132, 0.00479862, 0.00922642, 0.00843952, 0.00799083, 0.00430791, 0.00550178, 0.00842808, 0.00944243, 0.007719, 0.00451239, 0.00471289, 0.00582805, 0.00460939, 0.00999134, 0.00827223, 0.00879122, 0.00645771, 0.00593372, 0.0055961, 0.00618216, 0.00607308, 0.00407024, 0.00476825, 0.00490449, 0.00721142, 0.00481719, 0.00880813, 0.00945762, 0.00677441, 0.00379063, 0.00538168, 0.00866187, 0.00747507, 0.00479491, 0.00922459, 0.00901441, 0.00763498, 0.0048053, 0.00887565, 0.00679961, 0.00849108, 0.00590395, 0.00520495, 0.00716943, 0.00541523, 0.00999488, 0.00524549, 0.00720287, 0.00491653, 0.0096681, 0.00670033, 0.008698, 0.0084781, 0.00645438, 0.00634463, 0.00550637, 0.0043047, 0.00777747, 0.0059327, 0.00720058, 0.00391701, 0.00440855, 0.00952686, 0.00785248, 0.00405403, 0.0073065, 0.00917452, 0.00494825, 0.0051795, 0.00439193, 0.00511623, 0.00968675, 0.00774288, 0.00581637, 0.00821761, 0.00960079, 0.00680919, 0.00709078, 0.00850898, 0.00669568, 0.00556466, 0.00902295, 0.00753358, 0.00691666, 0.00703655, 0.00948036, 0.00770221, 0.00985446, 0.00767297, 0.00593615, 0.00884013, 0.00983512, 0.0076579, 0.00879047, 0.00642642, 0.00506002, 0.0086894, 0.0077903, 0.00915131];
GivenLatency = [410.104, 724.496, 405.889, 451.05, 440.15, 599.804, 427.331, 871.243, 503.995, 535.174, 497.928, 540.944, 533.293, 1173.02, 511.993, 1005.2, 426.648, 471.687, 690.856, 471.668, 407.733, 872.392, 838.752, 737.959, 576.982, 591.863, 916.389, 449.286, 1117.69, 802.015, 390.121, 453.578, 471.182, 924.277, 691.542, 543.074, 525.121, 451.112, 949.433, 1015.66, 571.992, 734.82, 482.123, 469.809, 547.751, 587.288, 841.896, 650.358, 573.822, 643.054, 1150.09, 777.73, 864.991, 595.634, 942.172, 558.62, 373.329, 493.951, 977.704, 776.095, 393.666, 634.426, 1037.97, 417.957, 455.341, 527.159, 974.094, 524.137, 695.488, 399.409, 689.788, 702.515, 466.332, 864.755, 386.658, 736.795, 497.195, 731.298, 478.117, 668.914, 491.676, 405.138, 610.388, 556.96, 615.745, 917.249, 467.352, 572.098, 561.012, 1022.97, 958.029, 370.939, 498.982, 1098.73, 587.458, 437.11, 720.436, 675.312, 907.981, 884.723, 381.716, 439.046, 597.714, 548.154, 423.805, 624.311, 670.949, 394.29, 647.708, 604.704, 382.725, 574.887, 541.748, 569.14, 443.523, 536.186, 376.548, 494.91, 587.825, 431.269, 455.185, 540.596, 497.366, 589.99, 701.29, 533.313, 510.926, 387.079];
HighestPossibleCritFunctionValue = 1.1;
