NumDevices = 16;
NumSlotes = 128;


GivenBandwidthOld = [0.0470844, 0.0477771, 0.0490881, 0.0437558, 0.0645599, 0.0390691, 0.0546096, 0.0432276, 0.0658909, 0.0481755, 0.0650072, 0.0359343, 0.0472907, 0.0355574, 0.0329292, 0.0619314];
GivenLatency = [17.5111, 18.9072, 19.8111, 21.0921, 12.4408, 24.7196, 14.3858, 20.0588, 16.2125, 22.4475, 14.7218, 23.3244, 17.8345, 21.9604, 23.9847, 14.2908];
HighestPossibleCritFunctionValue = 1.1;
