NumDevices = 128;
NumSlotes = 1024;


GivenBandwidthOld = [0.00833884, 0.00844157, 0.00497573, 0.00452922, 0.00517468, 0.00827861, 0.00616844, 0.00553896, 0.00586736, 0.00522727, 0.00721979, 0.00550866, 0.00660277, 0.00531457, 0.0044427, 0.00589686, 0.00599583, 0.00442448, 0.0048, 0.00616759, 0.0061143, 0.0055431, 0.00539201, 0.00604139, 0.0052049, 0.00621084, 0.00808809, 0.00406601, 0.00488071, 0.00753972, 0.00749799, 0.00627589, 0.00640265, 0.00677597, 0.00620547, 0.00791118, 0.00567884, 0.00679336, 0.00857617, 0.00716276, 0.00692877, 0.00439615, 0.00852392, 0.00395111, 0.0037725, 0.00687661, 0.00766529, 0.00797485, 0.00573656, 0.00681208, 0.0081255, 0.00780219, 0.00398693, 0.00579553, 0.00791589, 0.00494525, 0.00729621, 0.004952, 0.00573689, 0.00744135, 0.00431038, 0.00704229, 0.00726732, 0.00428638, 0.00868984, 0.00772635, 0.00432111, 0.00747782, 0.00729616, 0.00398063, 0.00492432, 0.00548679, 0.00394926, 0.00763662, 0.00614791, 0.00534384, 0.00639551, 0.00685294, 0.00491233, 0.00411748, 0.00493314, 0.0087167, 0.00400682, 0.00509595, 0.00520976, 0.00793081, 0.00568752, 0.00771035, 0.0052712, 0.00558122, 0.00611714, 0.00828145, 0.00380759, 0.00671308, 0.00424159, 0.00587354, 0.00405775, 0.00617064, 0.00741689, 0.00824047, 0.00506151, 0.00622791, 0.00505902, 0.00447834, 0.00501662, 0.00677723, 0.00735412, 0.00826843, 0.00504864, 0.00493935, 0.00818812, 0.00524483, 0.00730205, 0.00800001, 0.00865066, 0.00413531, 0.00459135, 0.0043797, 0.00715251, 0.00476908, 0.00637062, 0.00856552, 0.00812564, 0.00507192, 0.00626087, 0.00389502, 0.00604065, 0.00777177];
GivenLatency = [121.329, 115.21, 196.183, 259.521, 236.408, 130.889, 158.98, 183.736, 203.609, 199.365, 139.942, 185.124, 182.156, 183.073, 270.822, 194.19, 199.835, 240.914, 218.378, 168.296, 182.417, 183.135, 184.494, 163.385, 199.265, 181.275, 157.026, 311.727, 237.681, 168.712, 140.96, 200.075, 165.264, 161.348, 160.002, 132.553, 172.622, 170.072, 139.115, 140.253, 137.889, 245.36, 128.278, 268.095, 252.679, 149.426, 136.649, 136.188, 197.65, 152.284, 136.439, 125.93, 312.157, 214.256, 129.285, 193.223, 174.984, 202.219, 189.868, 157.729, 233.139, 181.794, 157.518, 262.357, 143.302, 124.057, 227.187, 144.162, 140.198, 281.49, 242.169, 198.835, 258.292, 154.732, 189.668, 215.767, 166.103, 142.611, 212.195, 242.325, 261.658, 140.253, 309.324, 229.178, 233.572, 130.906, 193.381, 125.011, 235.093, 205.058, 192.712, 146.208, 267.827, 153.822, 254.488, 182.962, 245.393, 188.889, 151.636, 150.286, 220.432, 194.747, 198.137, 265.478, 221.154, 169.911, 158.325, 127.863, 221.16, 200.861, 146.609, 200.813, 177.758, 152.96, 124.793, 288.545, 228.218, 235.778, 153.757, 236.462, 180.498, 124.022, 124.584, 237.936, 203.883, 294.966, 184.896, 132.365];
HighestPossibleCritFunctionValue = 1.1;
