NumDevices = 128;
NumSlotes = 1024;


GivenBandwidthOld = [0.00859097, 0.00975432, 0.00582568, 0.0084068, 0.00809721, 0.00477562, 0.00381558, 0.00588642, 0.00427591, 0.00525493, 0.00965354, 0.00582894, 0.0070149, 0.00824731, 0.00874848, 0.00693372, 0.00623054, 0.00667807, 0.0094938, 0.00850705, 0.00556041, 0.00630788, 0.00656238, 0.0088705, 0.00773722, 0.00451599, 0.00907861, 0.00546834, 0.00880512, 0.00892872, 0.00507393, 0.00512428, 0.00745058, 0.00559491, 0.00496533, 0.00482953, 0.00988212, 0.00383543, 0.00830922, 0.00556128, 0.00841619, 0.00967084, 0.00898464, 0.00739097, 0.00995299, 0.00734785, 0.00409673, 0.00624239, 0.00588504, 0.00609885, 0.00592701, 0.00532986, 0.0064617, 0.00428824, 0.00614442, 0.00927799, 0.00646828, 0.00860869, 0.0075442, 0.00404463, 0.00561646, 0.0045909, 0.00549369, 0.00994222, 0.00765733, 0.00550653, 0.00705924, 0.00957412, 0.00844838, 0.00698108, 0.00842601, 0.00596267, 0.00467356, 0.00728248, 0.00541967, 0.00956306, 0.00387758, 0.00428675, 0.0061266, 0.0097623, 0.00877282, 0.00973042, 0.00421329, 0.00899112, 0.00375224, 0.00389405, 0.00610719, 0.00853923, 0.00876954, 0.00463523, 0.00679032, 0.00864953, 0.00640167, 0.00778243, 0.00811019, 0.00414252, 0.00705801, 0.00771827, 0.00464443, 0.0051184, 0.00870992, 0.00892247, 0.00625586, 0.00718857, 0.00822824, 0.00703854, 0.00556918, 0.00375448, 0.00399599, 0.00687666, 0.00972731, 0.00817805, 0.00731676, 0.00655652, 0.00414022, 0.00591257, 0.00635108, 0.00765423, 0.00956448, 0.00900667, 0.00880426, 0.00699768, 0.00629638, 0.00697068, 0.00872232, 0.00483585, 0.00987166, 0.00926169];
GivenLatency = [448.23, 451.459, 593.436, 400.119, 503.907, 940.239, 1172.53, 802.417, 858.976, 792.982, 356.492, 664.995, 625.97, 405.025, 392.044, 718.35, 686.644, 588.29, 383.384, 577.767, 679.424, 531.427, 596.85, 441.321, 500.142, 1005.36, 522.455, 843.175, 428.431, 411.728, 863.551, 921.286, 646.599, 844.364, 711.014, 944.636, 482.811, 884.06, 550.235, 711.007, 543.914, 492.247, 437.897, 519.064, 407.197, 487.383, 825.078, 782.46, 713.941, 603.114, 756.972, 734.248, 538.672, 842.556, 766.257, 476.144, 754.211, 456.838, 487.303, 1208.59, 829.017, 894.605, 759.73, 385.514, 494.578, 887.36, 609.563, 443.499, 576.984, 501.509, 512.91, 831.47, 966.807, 542.949, 853.517, 443.881, 943.313, 861.677, 617.072, 418.973, 462.101, 400.917, 847.187, 403.669, 1058.92, 988.805, 697.755, 415.016, 388.948, 878.243, 686.703, 409.548, 704.965, 475.422, 604.77, 993.327, 567.115, 604.151, 917.668, 900.366, 554.161, 390.533, 692.848, 624.654, 406.97, 580.266, 602.361, 1078.17, 1024.44, 634.51, 349.135, 500.929, 552.327, 575.535, 982.07, 650.461, 739.752, 636.767, 456.021, 375.607, 514.974, 685.199, 635.784, 554.938, 542.334, 775.602, 431.587, 416.108];
HighestPossibleCritFunctionValue = 1.1;
