NumDevices = 64;
NumSlotes = 512;


GivenBandwidthOld = [0.00815757, 0.00802996, 0.00711036, 0.00756959, 0.00703943, 0.00292547, 0.00338775, 0.00421477, 0.00385983, 0.00714422, 0.00791911, 0.00655382, 0.00382234, 0.00835315, 0.0076819, 0.00716715, 0.00574126, 0.00331826, 0.00499689, 0.00530106, 0.00494418, 0.00679746, 0.00493718, 0.00798013, 0.00711059, 0.00511039, 0.00651134, 0.00855834, 0.00631228, 0.0066858, 0.00322872, 0.00629214, 0.00578054, 0.00725919, 0.00276015, 0.00612816, 0.00599441, 0.0081196, 0.00742514, 0.00437946, 0.00315679, 0.00364461, 0.0086569, 0.0064606, 0.00581045, 0.00378044, 0.00405848, 0.00830956, 0.00630802, 0.00381885, 0.00585231, 0.0072802, 0.00580209, 0.00703062, 0.00495984, 0.00753245, 0.00790815, 0.0035163, 0.00852494, 0.00733143, 0.0042755, 0.0057778, 0.00503079, 0.00624026];
GivenLatency = [79.4775, 46.9844, 74.0217, 42.0854, 48.4216, 164.556, 113.806, 90.3756, 103.3, 71.7399, 51.3933, 62.1966, 98.9175, 40.1456, 50.9986, 59.2224, 55.5359, 98.3175, 67.0061, 89.5034, 128.613, 66.0756, 83.7516, 63.8904, 53.9812, 70.3199, 97.0491, 36.3868, 81.4868, 63.8424, 96.8504, 98.808, 60.0887, 46.8823, 134.893, 85.8844, 87.3018, 49.952, 63.2028, 82.1333, 174.341, 113.268, 45.5751, 88.8474, 76.0316, 99.1113, 76.7564, 45.2536, 102.483, 82.1236, 58.676, 53.3395, 83.7602, 90.3691, 86.0106, 42.2388, 50.9879, 107.705, 45.5284, 80.212, 91.3943, 62.8901, 67.6252, 52.1002];
HighestPossibleCritFunctionValue = 1.1;
