NumDevices = 16;
NumSlotes = 128;


GivenBandwidthOld = [0.0657254, 0.0662023, 0.0428964, 0.0595867, 0.054249, 0.0635407, 0.0677391, 0.031144, 0.0571534, 0.0377524, 0.0453047, 0.0569662, 0.0513773, 0.0385478, 0.052333, 0.0612731];
GivenLatency = [13.612, 14.5784, 25.0214, 16.6545, 19.0873, 14.2702, 13.3741, 25.6656, 18.3578, 21.0654, 19.6931, 19.0503, 20.5184, 26.1613, 19.1279, 12.9567];
HighestPossibleCritFunctionValue = 1.1;
