NumDevices = 16;
NumSlotes = 128;


GivenBandwidthOld = [0.0737888, 0.0377248, 0.0599507, 0.0616523, 0.0602649, 0.0417796, 0.0602606, 0.0706043, 0.0661539, 0.0691226, 0.0642592, 0.0740354, 0.033731, 0.0361822, 0.0343363, 0.0608786];
GivenLatency = [21.387, 35.837, 22.4772, 21.6572, 23.8282, 46.1887, 24.2598, 23.6458, 23.7691, 23.5535, 21.6391, 20.7566, 46.7779, 36.8841, 53.863, 31.4944];
HighestPossibleCritFunctionValue = 1.1;
