NumDevices = 128;
NumSlotes = 1024;


GivenBandwidthOld = [0.00529632, 0.00519198, 0.00782968, 0.0084445, 0.004169, 0.00831962, 0.00537576, 0.00912483, 0.00726058, 0.00602136, 0.00981615, 0.00746432, 0.00537239, 0.00873153, 0.009591, 0.00472451, 0.00735291, 0.00791335, 0.00837983, 0.00486571, 0.00544557, 0.00748287, 0.00461037, 0.0077744, 0.00438334, 0.00461675, 0.0087617, 0.00423337, 0.00902173, 0.00580183, 0.00755875, 0.00499076, 0.00723543, 0.00835252, 0.00830836, 0.00978026, 0.00424339, 0.00865925, 0.00725095, 0.00678044, 0.00515571, 0.00453504, 0.00419854, 0.00483809, 0.00995247, 0.00487913, 0.0060344, 0.00399587, 0.00478839, 0.00590699, 0.00628796, 0.00924531, 0.0071884, 0.00535533, 0.00948285, 0.005773, 0.00439074, 0.00388252, 0.00606484, 0.00928079, 0.00966921, 0.00659299, 0.00456991, 0.00896824, 0.00665144, 0.00580313, 0.00438068, 0.00980066, 0.00974757, 0.00494942, 0.00613787, 0.00535003, 0.00793858, 0.00744896, 0.00970013, 0.00758938, 0.00722016, 0.00798081, 0.00476837, 0.00699134, 0.00594052, 0.00725382, 0.00499924, 0.00601168, 0.00962295, 0.00419352, 0.00791553, 0.00755288, 0.00624394, 0.00697698, 0.00835385, 0.00573041, 0.00732217, 0.00376615, 0.00637158, 0.00833819, 0.00491432, 0.00379088, 0.00951982, 0.00844523, 0.00406665, 0.0069356, 0.00657158, 0.00731568, 0.00718177, 0.00653144, 0.00760463, 0.0073265, 0.00781767, 0.00656433, 0.00418818, 0.0057068, 0.00417062, 0.00441148, 0.00878764, 0.00882072, 0.00854552, 0.00833342, 0.00605004, 0.00422733, 0.00744691, 0.00643574, 0.00554945, 0.00955421, 0.0051659, 0.00709179, 0.00674264, 0.00734495];
GivenLatency = [835.94, 838.386, 584.498, 562.089, 844.599, 420.811, 756.756, 396.721, 688.479, 695.192, 413.903, 492.26, 623.343, 461.636, 411.344, 1013.15, 631.097, 439.866, 433.64, 842.359, 615.801, 540.334, 1040.45, 547.246, 764.575, 958.628, 453.55, 843.366, 406.934, 848.506, 516.507, 951.429, 573.696, 447.691, 509.084, 477.081, 1003.04, 451.35, 497.523, 513.673, 839.513, 851.39, 1098.6, 694.001, 491.132, 867.397, 600.67, 1152.88, 840.837, 664.767, 781.231, 388.368, 546.465, 769.427, 439.602, 734.491, 1080.64, 915.376, 592.117, 372.897, 476.857, 694.354, 843.517, 500.584, 625.137, 755.97, 1127.22, 472.035, 399.138, 735.425, 544.643, 623.589, 526.859, 451.44, 376.089, 539.545, 533.95, 473.061, 1042.72, 489.952, 668.705, 477.691, 711.326, 645.525, 459.417, 879.631, 432.607, 555.293, 693.563, 665.974, 501.264, 779.084, 653.036, 885.346, 572.866, 419.344, 941.167, 905.746, 523.329, 481.36, 934.397, 571.697, 545.529, 516.872, 688.398, 662.171, 479.713, 604.171, 544.378, 659.267, 1023.39, 668.22, 943.007, 1099.54, 513.676, 554.144, 451.444, 592.052, 575.308, 1084.79, 552.592, 698.005, 619.227, 473.878, 707.575, 615.074, 555.837, 470.975];
HighestPossibleCritFunctionValue = 1.1;
