NumDevices = 32;
NumSlotes = 256;


GivenBandwidthOld = [0.0140434, 0.00940579, 0.0155467, 0.0129517, 0.0119939, 0.014615, 0.0171729, 0.00760738, 0.0147174, 0.0123976, 0.0118557, 0.0158532, 0.0145848, 0.00978597, 0.00525428, 0.0161021, 0.0111856, 0.0162686, 0.0085089, 0.0165336, 0.0131881, 0.00957171, 0.0167302, 0.0162198, 0.0131228, 0.0115731, 0.0164828, 0.00949868, 0.014294, 0.00853257, 0.0144397, 0.00873996];
GivenLatency = [23.1033, 37.313, 21.0947, 24.5254, 31.0528, 27.3444, 28.5391, 66.3984, 28.655, 28.6434, 39.3194, 32.5679, 33.3459, 54.6258, 66.6051, 35.0925, 47.3422, 19.803, 69.248, 33.6693, 25.9935, 64.6715, 18.4005, 31.7852, 46.6971, 42.4201, 25.8881, 59.9362, 41.4405, 44.1294, 30.6978, 42.0268];
HighestPossibleCritFunctionValue = 1.1;
