NumDevices = 128;
NumSlotes = 1024;


GivenBandwidthOld = [0.00738896, 0.00872355, 0.00414038, 0.00486657, 0.00499246, 0.00584854, 0.00386175, 0.00692123, 0.00767944, 0.00585378, 0.00695748, 0.00677978, 0.0051995, 0.00557424, 0.00382894, 0.00550007, 0.00710166, 0.00512079, 0.00758307, 0.00610386, 0.00503145, 0.00604721, 0.00787955, 0.00411442, 0.00863015, 0.00444244, 0.00655706, 0.00697693, 0.00871727, 0.00871535, 0.00640677, 0.00605589, 0.00383296, 0.00811786, 0.00439139, 0.00864717, 0.00547385, 0.00651562, 0.00547193, 0.0042997, 0.00752847, 0.00844379, 0.00723093, 0.00768141, 0.00396347, 0.00651635, 0.00776348, 0.00834211, 0.00835513, 0.00723548, 0.0041603, 0.00465231, 0.00394457, 0.00392013, 0.00814774, 0.00657597, 0.00487289, 0.0062303, 0.00516533, 0.00618906, 0.00704626, 0.00396477, 0.00838992, 0.00680836, 0.00565487, 0.00396959, 0.00441279, 0.008337, 0.00753316, 0.00739283, 0.00387647, 0.00426143, 0.00427476, 0.00831745, 0.00388271, 0.0042013, 0.00870707, 0.0072801, 0.00417661, 0.00870414, 0.00795695, 0.00501661, 0.00673273, 0.0045618, 0.00765218, 0.00762264, 0.00615761, 0.00840515, 0.00779618, 0.00795613, 0.00619994, 0.00492155, 0.003926, 0.00670928, 0.00534171, 0.00561006, 0.00583968, 0.00502502, 0.00808127, 0.00436145, 0.00535395, 0.00626275, 0.00548725, 0.00673778, 0.00443956, 0.00811837, 0.00790237, 0.00770333, 0.0073716, 0.00706783, 0.00652344, 0.00694085, 0.00737248, 0.00685176, 0.00508986, 0.00783842, 0.00788519, 0.00383556, 0.00680325, 0.00464801, 0.0065467, 0.00795322, 0.00733675, 0.00623736, 0.00387938, 0.00818238, 0.00870781, 0.00473135];
GivenLatency = [140.12, 115.929, 278.171, 203.159, 215.915, 210.74, 267.436, 183.633, 138.412, 199.606, 165.78, 177.856, 188.904, 230.337, 266.452, 193.78, 142.42, 232.659, 134.604, 161.867, 256.69, 164.815, 158.052, 244.037, 138.665, 237.833, 160.161, 159.416, 123.695, 146.627, 186.939, 166.394, 321.753, 143.082, 243.628, 110.481, 217.392, 197.151, 181.671, 249.511, 153.595, 137.57, 147.771, 139.565, 284.22, 171.084, 149.215, 125.819, 134.525, 136.348, 246.213, 235.105, 313.971, 297.897, 117.209, 159.539, 242.772, 190.554, 220.08, 198.297, 136.151, 268.665, 153.644, 150.942, 182.529, 292.751, 227.422, 131.362, 135.612, 155.679, 328.695, 245.762, 225.916, 130.478, 254.934, 286.335, 118.094, 155.759, 252.521, 117.297, 124.17, 206.922, 154.976, 258.819, 162.637, 166.862, 158.09, 129.371, 123.158, 154.375, 155.14, 203.653, 270.587, 178.098, 190.751, 215.972, 216.195, 194.317, 132.157, 296.665, 179.784, 162.559, 189.157, 192.287, 280.392, 126.586, 137.206, 154.548, 159.615, 153.861, 147.312, 138.18, 169.525, 153.454, 199.438, 150.774, 136.219, 252.918, 190.539, 252.31, 171.448, 157.886, 141.973, 192.321, 309.462, 118.069, 137.977, 262.453];
HighestPossibleCritFunctionValue = 1.1;
