NumDevices = 128;
NumSlotes = 1024;


GivenBandwidthOld = [0.00201092, 0.00252344, 0.00389469, 0.00365473, 0.00185267, 0.00223172, 0.00419407, 0.00403417, 0.00410466, 0.00131443, 0.00286298, 0.00436933, 0.0028371, 0.00368913, 0.00199601, 0.00196443, 0.00235229, 0.00240365, 0.00312449, 0.00271676, 0.00305104, 0.00262736, 0.00362482, 0.00230868, 0.00393181, 0.00259345, 0.00252119, 0.00371735, 0.00435088, 0.00212956, 0.00276584, 0.00300818, 0.00410806, 0.00224349, 0.00199127, 0.00344802, 0.00276842, 0.0026123, 0.00373837, 0.00132826, 0.00403049, 0.00172987, 0.00393759, 0.00284479, 0.00184455, 0.00327279, 0.00136073, 0.00284124, 0.00143431, 0.00206105, 0.00133474, 0.00366598, 0.00352108, 0.00253465, 0.00173871, 0.00253706, 0.00161671, 0.0021122, 0.00166887, 0.00371665, 0.00201103, 0.00436349, 0.00153685, 0.00354977, 0.00354853, 0.00142893, 0.00230151, 0.00216448, 0.00218895, 0.00401785, 0.00167556, 0.00367808, 0.0037457, 0.0026823, 0.00209831, 0.00254603, 0.00233368, 0.00216587, 0.00366524, 0.00358077, 0.00266273, 0.00436888, 0.00157799, 0.00436408, 0.00202456, 0.00373723, 0.00404176, 0.00365034, 0.00307941, 0.00435335, 0.00299826, 0.00296969, 0.00401279, 0.0042778, 0.00196842, 0.00382485, 0.00183718, 0.0043706, 0.00230996, 0.00350857, 0.00170203, 0.00163786, 0.00134629, 0.00395496, 0.00411407, 0.0032727, 0.00299324, 0.00296004, 0.00437437, 0.00310589, 0.00262257, 0.00127415, 0.00398777, 0.00240814, 0.00366412, 0.0034768, 0.00214554, 0.00253505, 0.00220237, 0.00144017, 0.00375223, 0.00303662, 0.0039743, 0.00425566, 0.00180893, 0.00148924, 0.00335118, 0.00335823];
GivenLatency = [198.052, 128.63, 98.436, 118.018, 196.158, 165.422, 115.248, 79.1295, 79.1059, 248.182, 119.067, 115.83, 123.713, 92.8687, 159.153, 177.429, 232.749, 194.436, 127.245, 143.746, 104.783, 203.853, 137.45, 137.746, 166.031, 152.417, 184.212, 138.146, 90.2828, 155.274, 165.941, 115.548, 114.695, 242.636, 175.963, 144.69, 164.624, 136.076, 174.532, 309.732, 86.6806, 187.778, 101.066, 141.447, 204.443, 130.733, 333.495, 181.578, 398.433, 202.593, 284.096, 138.772, 120.705, 207.007, 241.796, 152.195, 256.162, 276.539, 192.357, 124.856, 249.995, 88.7231, 236.216, 149.385, 131.756, 389.11, 196.847, 168.312, 201.59, 80.4611, 255.269, 139.306, 100.536, 142.374, 268.426, 171.588, 200.84, 222.963, 153.3, 124.545, 220.432, 73.9836, 237.717, 112.857, 154.356, 111.105, 145.162, 179.524, 122.315, 138.196, 144.684, 148.647, 101.588, 94.7753, 289.235, 125.031, 175.607, 91.9421, 195.513, 173.165, 211.17, 363.297, 316.494, 103.909, 108.488, 169.31, 150.681, 124.047, 102.82, 160.203, 149.02, 275.015, 103.367, 156.097, 133.258, 115.09, 288.752, 145.839, 253.445, 292.197, 172.055, 112.876, 104.779, 90.6021, 176.589, 236.022, 114.444, 116.454];
HighestPossibleCritFunctionValue = 1.1;
