NumDevices = 64;
NumSlotes = 512;


GivenBandwidthOld = [0.00693713, 0.00865548, 0.00760539, 0.00873319, 0.00750559, 0.0064073, 0.00380177, 0.00639163, 0.00293237, 0.00675916, 0.00487479, 0.00302879, 0.00862644, 0.00714061, 0.0034157, 0.00517058, 0.00569547, 0.00254001, 0.00625661, 0.0085209, 0.00830717, 0.00363096, 0.00425652, 0.00565056, 0.00389546, 0.00605048, 0.00659965, 0.00532027, 0.00281517, 0.00584397, 0.00455035, 0.00643504, 0.0074146, 0.00837296, 0.0031198, 0.00705421, 0.00756276, 0.00483817, 0.006309, 0.00790953, 0.0079104, 0.00374992, 0.00366769, 0.00282906, 0.00797248, 0.0035181, 0.0075353, 0.00575661, 0.00516856, 0.0030635, 0.00457547, 0.00372323, 0.00500322, 0.00530317, 0.00290301, 0.00715998, 0.00402539, 0.00839971, 0.00272354, 0.00325889, 0.00721596, 0.00744525, 0.004797, 0.00810578];
GivenLatency = [56.027, 41.5689, 50.8906, 50.4165, 43.0298, 63.161, 113.353, 70.9475, 130.83, 48.0023, 68.2242, 129.828, 71.8423, 65.4335, 134.949, 108.254, 72.5189, 188.226, 58.4349, 57.9772, 63.4798, 98.0863, 112.004, 92.0107, 106.461, 98.8083, 49.6433, 69.3692, 117.321, 75.415, 112.556, 95.388, 74.7077, 41.7518, 152.386, 65.0176, 53.9717, 64.2929, 102.713, 61.2612, 59.2457, 145.509, 104.144, 111.469, 60.4047, 141.97, 41.7031, 57.6393, 73.5941, 179.027, 140.038, 105.701, 121.934, 78.714, 122.177, 86.6273, 118.103, 52.396, 164.251, 167.286, 53.9517, 57.5248, 81.1309, 40.7698];
HighestPossibleCritFunctionValue = 1.1;
