NumDevices = 32;
NumSlotes = 256;


GivenBandwidthOld = [0.0147753, 0.0109326, 0.0143602, 0.00862981, 0.0112675, 0.00551361, 0.0122243, 0.0110367, 0.0134436, 0.0170297, 0.0125783, 0.010231, 0.0102466, 0.0100674, 0.0111026, 0.00971465, 0.00667703, 0.0158549, 0.00656765, 0.0149319, 0.00550858, 0.0152472, 0.00530524, 0.0101564, 0.0058707, 0.0137944, 0.0116697, 0.0153637, 0.0122, 0.0161277, 0.0155652, 0.0111028];
GivenLatency = [26.144, 35.825, 31.8988, 56.8882, 41.1672, 76.1654, 25.8017, 54.8039, 28.1497, 26.4288, 36.7522, 52.4158, 33.0123, 38.8044, 48.8206, 34.8284, 53.9671, 20.0097, 52.3294, 30.1265, 85.7515, 24.8598, 61.4268, 57.4743, 90.1366, 33.3803, 32.0885, 36.2508, 41.0115, 34.985, 21.2761, 31.0683];
HighestPossibleCritFunctionValue = 1.1;
