NumDevices = 32;
NumSlotes = 256;


GivenBandwidthOld = [0.0374487, 0.0356868, 0.0225116, 0.0378109, 0.0234432, 0.019229, 0.0172206, 0.0364613, 0.015427, 0.0168023, 0.0317446, 0.0172576, 0.0337279, 0.025136, 0.0214746, 0.0336175, 0.0192178, 0.0291997, 0.0193505, 0.0342765, 0.0195667, 0.0183139, 0.0362913, 0.0326919, 0.0372064, 0.0376384, 0.0231181, 0.0307207, 0.0322917, 0.0371014, 0.0230289, 0.0309099];
GivenLatency = [45.9597, 56.7611, 108.295, 55.0737, 100.504, 100.581, 102.366, 65.0538, 120.055, 101.221, 59.8576, 129.825, 52.0442, 68.7583, 90.0269, 64.4828, 86.8753, 62.3774, 100.878, 53.7135, 96.4392, 103.395, 61.1056, 59.4784, 50.1694, 46.5836, 77.217, 64.244, 71.4002, 51.4314, 89.8304, 69.7434];
HighestPossibleCritFunctionValue = 1.1;
