NumDevices = 128;
NumSlotes = 1024;


GivenBandwidthOld = [0.00804398, 0.0077106, 0.00449138, 0.00404503, 0.007397, 0.00389884, 0.00522119, 0.00498033, 0.00687477, 0.00670049, 0.00766219, 0.00594745, 0.00632463, 0.0055337, 0.00735026, 0.00837421, 0.00790918, 0.00706509, 0.00554325, 0.00783169, 0.0046584, 0.00627396, 0.00392321, 0.00495517, 0.00411837, 0.0048637, 0.00664358, 0.0061701, 0.00841888, 0.00858775, 0.00684455, 0.00387799, 0.00490233, 0.00600703, 0.00758613, 0.00761792, 0.00687985, 0.0071725, 0.00579264, 0.0043393, 0.00817487, 0.00751649, 0.00719293, 0.00403923, 0.00484804, 0.00849213, 0.0047006, 0.00552502, 0.00644025, 0.00874781, 0.00697945, 0.00607534, 0.00582078, 0.00742169, 0.00376614, 0.00499447, 0.00450009, 0.00543938, 0.00723942, 0.00546393, 0.00477435, 0.00500328, 0.00757401, 0.00394883, 0.00548469, 0.00862866, 0.00431028, 0.00543871, 0.00583221, 0.00453389, 0.00857107, 0.00638324, 0.00567863, 0.00827118, 0.00630999, 0.00454355, 0.0060234, 0.00782862, 0.0081317, 0.00699203, 0.00749532, 0.00632213, 0.0084744, 0.00669989, 0.00759247, 0.00416772, 0.00429288, 0.00792796, 0.00771192, 0.00672672, 0.00842417, 0.00756578, 0.00561564, 0.00456405, 0.00554542, 0.004393, 0.00567029, 0.00809489, 0.00824025, 0.00640694, 0.00400005, 0.0063758, 0.00550599, 0.00669127, 0.00769038, 0.00463536, 0.00399457, 0.00419545, 0.00541813, 0.00497553, 0.00617281, 0.00387885, 0.00438014, 0.00447287, 0.00798153, 0.00803071, 0.00467316, 0.00429731, 0.00745206, 0.00420742, 0.00661362, 0.00753737, 0.00809852, 0.00440051, 0.00686768, 0.00757509, 0.00704273, 0.00467016];
GivenLatency = [159.626, 160.493, 220.804, 278.356, 136.484, 284.604, 201.976, 221.259, 148.626, 149.623, 147.581, 217.504, 170.244, 215.791, 140.266, 141.711, 143.658, 148.277, 233.665, 128.618, 211.751, 197.908, 328.53, 208.831, 259.063, 198.655, 151.696, 155.026, 152.083, 117.97, 141.746, 315.577, 216.24, 166.341, 130.762, 148.844, 166.672, 142.601, 211.197, 266.61, 155.409, 127.386, 168.184, 315.753, 233.793, 151.782, 235.348, 209.126, 181.852, 112.068, 147.802, 184.618, 213.163, 134.071, 295.55, 214.772, 275.842, 185.73, 159.608, 205.341, 238.076, 253.398, 135.744, 282.373, 181.804, 140.334, 255.021, 229.91, 166.983, 247.283, 132.067, 177.867, 228.575, 143.347, 195.518, 238.226, 183.006, 154.487, 120.123, 172.462, 141.622, 202.852, 129.312, 190.732, 131.544, 290.779, 298.85, 148.514, 152.144, 149.516, 131.776, 167.178, 187.223, 246.625, 210.383, 226.898, 190.718, 146.632, 128.462, 176.895, 247.343, 154.823, 180.619, 162.848, 132.791, 223.563, 269.206, 295.183, 197.055, 236.965, 178.875, 315.507, 244.644, 244.608, 150.633, 124.849, 229.622, 233.633, 129.029, 306.588, 154.304, 145.665, 132.705, 222.059, 145.1, 149.608, 149.327, 220.689];
HighestPossibleCritFunctionValue = 1.1;
