NumDevices = 64;
NumSlotes = 512;


GivenBandwidthOld = [0.0174349, 0.00886619, 0.0190348, 0.0106451, 0.017643, 0.0189116, 0.0150899, 0.00875897, 0.0170243, 0.0190781, 0.0125551, 0.0181464, 0.0170499, 0.0126498, 0.0100033, 0.0184297, 0.0161262, 0.0124261, 0.0131108, 0.00766406, 0.0149124, 0.0133817, 0.0120035, 0.00949096, 0.0195361, 0.0110664, 0.010608, 0.0192722, 0.0133649, 0.0164518, 0.00958563, 0.0107664, 0.0187021, 0.0184333, 0.0135188, 0.015869, 0.0150698, 0.00806238, 0.009431, 0.011873, 0.0166618, 0.0155381, 0.0166587, 0.0120239, 0.0148689, 0.0189573, 0.00859496, 0.0105777, 0.0091036, 0.00919345, 0.0193149, 0.0176505, 0.018884, 0.012789, 0.0120494, 0.0189289, 0.0187614, 0.0149753, 0.0193707, 0.0177211, 0.019079, 0.0163187, 0.0102471, 0.0151897];
GivenLatency = [170.359, 294.077, 138.688, 243.184, 146.454, 146.848, 210.488, 302.951, 168.364, 147.863, 206.997, 139.215, 141.452, 187.761, 245.102, 179.02, 145.716, 198.324, 241.664, 318.726, 189.486, 187.993, 229.766, 316.852, 158.797, 236.1, 302.284, 164.014, 200.011, 136.524, 338.844, 222.231, 123.461, 147.397, 167.107, 195.634, 177.135, 308.806, 243.602, 195.891, 173.169, 177.449, 159.678, 232.672, 157.326, 149.941, 298.854, 302.401, 266.777, 259.659, 154.922, 130.615, 148.339, 245.752, 217.23, 118.515, 124.392, 198.068, 142.423, 135.954, 130.599, 141.043, 282.993, 163.054];
HighestPossibleCritFunctionValue = 1.1;
