NumDevices = 32;
NumSlotes = 256;


GivenBandwidthOld = [0.018143, 0.0387035, 0.02397, 0.0242098, 0.0287447, 0.0227669, 0.0276065, 0.017822, 0.0190247, 0.0329843, 0.0275263, 0.0193305, 0.0233014, 0.0364747, 0.0396795, 0.028238, 0.0310639, 0.0258802, 0.0281267, 0.0362335, 0.0370331, 0.024839, 0.0298177, 0.0303589, 0.0269528, 0.0303227, 0.0185633, 0.0285543, 0.021578, 0.0206966, 0.0325256, 0.0172321];
GivenLatency = [107.156, 62.7961, 93.4785, 94.4321, 61.4072, 97.1935, 61.7593, 109.434, 104.836, 54.6713, 65.0359, 93.3528, 100.628, 61.0667, 61.5012, 62.7295, 78.5013, 65.4654, 60.2319, 51.2123, 61.5593, 70.8807, 63.2998, 55.5453, 88.0094, 66.8734, 94.6431, 65.0215, 82.5434, 118.988, 52.3851, 113.905];
HighestPossibleCritFunctionValue = 1.1;
