NumDevices = 128;
NumSlotes = 1024;


GivenBandwidthOld = [0.00622921, 0.00675305, 0.00604636, 0.00874329, 0.00595766, 0.00785102, 0.0045214, 0.00872599, 0.00523101, 0.00508491, 0.00450348, 0.00746317, 0.00603299, 0.00395803, 0.00508706, 0.00569946, 0.00829111, 0.00619748, 0.00848691, 0.00696419, 0.00456633, 0.00376053, 0.0056549, 0.00445185, 0.0047713, 0.00873696, 0.00455429, 0.00651, 0.00614153, 0.00815068, 0.00591861, 0.00656198, 0.00465896, 0.00559931, 0.00514392, 0.00636473, 0.00451006, 0.00801009, 0.00808287, 0.00624166, 0.00609497, 0.0056342, 0.00647085, 0.00810838, 0.00509214, 0.00614588, 0.00629299, 0.00375992, 0.00555122, 0.00679811, 0.00841245, 0.00558965, 0.00770614, 0.00457964, 0.00748289, 0.00737849, 0.0078446, 0.00672718, 0.00614696, 0.0044513, 0.0055014, 0.00446148, 0.00660845, 0.0056545, 0.00765101, 0.00803723, 0.00415816, 0.00864241, 0.00542755, 0.00827218, 0.00802575, 0.00623992, 0.00676068, 0.00424664, 0.00571655, 0.00549617, 0.00656274, 0.00755603, 0.00672039, 0.00715437, 0.00591713, 0.00664059, 0.00585324, 0.00790593, 0.00740859, 0.00864215, 0.00605742, 0.00454435, 0.00434791, 0.007886, 0.00752682, 0.00572138, 0.00670852, 0.00762124, 0.00763917, 0.00406333, 0.00491285, 0.00784345, 0.00733234, 0.00709265, 0.00867816, 0.00626347, 0.00765976, 0.00509044, 0.00750927, 0.00584155, 0.00644207, 0.00430501, 0.0068041, 0.00393927, 0.00480936, 0.00849576, 0.00582365, 0.00552357, 0.00711198, 0.00853337, 0.0078354, 0.00714026, 0.00386329, 0.00779098, 0.00557664, 0.00402208, 0.00662254, 0.00757235, 0.00603154, 0.00467136, 0.00399596, 0.0075977];
GivenLatency = [167.824, 166.331, 167.574, 147.819, 178.84, 139.17, 251.87, 123.595, 232.593, 241.537, 249.391, 157.767, 160.455, 258.557, 206.214, 185.768, 136.055, 200.294, 121.171, 143.398, 218.03, 304.241, 202.37, 233.586, 256.696, 115.668, 226.173, 193.689, 156.589, 137.336, 199.465, 175.603, 273.303, 184.517, 207.395, 153.814, 278.376, 129.496, 128.648, 154.959, 191.269, 225.441, 149.937, 146.152, 224.642, 193.919, 174.295, 305.282, 182.733, 175.338, 122.17, 178.001, 130.324, 262.983, 164.555, 158.211, 157.557, 144.735, 162.862, 250.432, 177.129, 275.018, 172.319, 191.261, 156.027, 160.575, 310.536, 127.861, 180.21, 122.963, 135.022, 186.089, 146.491, 233.508, 176.885, 201.982, 187.498, 135.881, 169.396, 133.827, 191.623, 164.291, 172.938, 139.227, 150.216, 111.299, 157.689, 215.416, 289.274, 145.256, 130.439, 215.214, 183.368, 145.774, 140.685, 255.859, 250.96, 134.826, 135.655, 163.377, 147.195, 182.602, 127.888, 244.033, 127.426, 176.784, 177.754, 253.043, 169.303, 246.469, 234.927, 143.478, 176.362, 182.46, 163.951, 126.323, 135.356, 151.611, 258.816, 125.654, 199.678, 254.62, 187.431, 144.365, 186.951, 273.47, 246.951, 149.248];
HighestPossibleCritFunctionValue = 1.1;
