NumDevices = 128;
NumSlotes = 1024;


GivenBandwidthOld = [0.00193978, 0.00373062, 0.00240918, 0.00232904, 0.00226926, 0.00378702, 0.00342594, 0.00359039, 0.00177637, 0.00427104, 0.00397572, 0.00299016, 0.00429081, 0.00192699, 0.00132407, 0.00243139, 0.00368909, 0.00125158, 0.00275444, 0.00199355, 0.00430141, 0.00197083, 0.00371765, 0.00322595, 0.00173907, 0.00229981, 0.00173879, 0.00381858, 0.00260741, 0.00276118, 0.00276141, 0.00352198, 0.0020843, 0.00137537, 0.00201633, 0.00284063, 0.00366841, 0.00374723, 0.00348609, 0.00192137, 0.00378097, 0.00177645, 0.00239659, 0.00332004, 0.00177558, 0.00334877, 0.00334694, 0.00389006, 0.003948, 0.00278503, 0.00370102, 0.00187055, 0.00270675, 0.00366996, 0.00172107, 0.00290876, 0.00197696, 0.00370871, 0.00295702, 0.00368772, 0.00322187, 0.00191144, 0.00242632, 0.00295619, 0.0021273, 0.0023307, 0.00201738, 0.00177338, 0.00393061, 0.0042446, 0.00336947, 0.0043532, 0.00356108, 0.00287524, 0.00410917, 0.00225758, 0.00125417, 0.00262698, 0.00358393, 0.00266246, 0.0030263, 0.00237585, 0.00151097, 0.00295488, 0.00209434, 0.00142724, 0.00194423, 0.00351659, 0.00211628, 0.00149227, 0.00435253, 0.0016695, 0.00184704, 0.00128627, 0.00154376, 0.00410307, 0.00275907, 0.00164659, 0.00422703, 0.00189627, 0.00373792, 0.0032281, 0.00337559, 0.00419651, 0.00135534, 0.00291216, 0.00282671, 0.00415873, 0.00382303, 0.00236161, 0.00288207, 0.00338929, 0.00314737, 0.00288978, 0.00158401, 0.00249048, 0.00309155, 0.00223159, 0.00201161, 0.00161378, 0.00272676, 0.0024253, 0.00134914, 0.00179748, 0.00275482, 0.00214848, 0.00194984, 0.00408765];
GivenLatency = [211.684, 138.266, 188.325, 191.894, 143.172, 101.486, 105.337, 127.932, 200.97, 83.5728, 157.497, 129.996, 88.5668, 183.254, 266.423, 250.344, 121.106, 269.597, 150.137, 160.061, 151.843, 188.927, 93.7338, 128.679, 224.067, 240.282, 271.219, 138.512, 121.823, 138.564, 151.242, 109.804, 209.544, 297.169, 176.575, 134.919, 95.0315, 107.676, 95.5352, 270.604, 84.6122, 187.546, 200.748, 129.711, 294.62, 108.978, 109.925, 119.36, 103.597, 142.082, 105.632, 290.109, 116.24, 85.9992, 335.105, 122.371, 231.912, 88.5148, 140.435, 122.21, 111.703, 244.575, 191.184, 174.911, 207.549, 236.557, 177.366, 202.569, 106.09, 93.6178, 116.119, 80.7379, 108.833, 130.282, 101.199, 229.638, 264.505, 130.674, 109.93, 226.458, 207.547, 196.537, 281.733, 122.184, 276.237, 223.699, 337.171, 107.92, 217.282, 219.95, 119.717, 193.182, 213.621, 324.52, 337.683, 111.986, 195.098, 209.735, 134.662, 179.997, 101.176, 129.738, 191.707, 140.93, 343.389, 190.73, 228.474, 145.288, 165.698, 193.198, 195.866, 102.943, 103.618, 149.862, 301.393, 146.75, 140.294, 227.65, 300.394, 301.319, 178.719, 179.43, 276.248, 265.614, 142.075, 259.671, 205.889, 90.9992];
HighestPossibleCritFunctionValue = 1.1;
