NumDevices = 128;
NumSlotes = 1024;


GivenBandwidthOld = [0.00133614, 0.00214797, 0.00289007, 0.0033807, 0.00251172, 0.00383222, 0.0036669, 0.00330855, 0.00240084, 0.00279971, 0.00349186, 0.00201235, 0.00156284, 0.00288158, 0.00137858, 0.00292304, 0.00133347, 0.00405305, 0.00271129, 0.00172963, 0.00303619, 0.00304941, 0.00325522, 0.00292101, 0.00155595, 0.00274159, 0.00172143, 0.0026252, 0.00168475, 0.00192609, 0.0017601, 0.00254116, 0.00175757, 0.00387461, 0.00369323, 0.00207118, 0.00275652, 0.00263947, 0.00408863, 0.00382999, 0.00372907, 0.00134708, 0.00156185, 0.00196115, 0.00352333, 0.00292159, 0.00191395, 0.00394021, 0.00305644, 0.00272067, 0.00309569, 0.00299144, 0.00405489, 0.00243532, 0.00413188, 0.00256458, 0.00161901, 0.00326236, 0.00424478, 0.00330631, 0.00231331, 0.00351698, 0.00246482, 0.00305673, 0.001381, 0.00301214, 0.00185439, 0.00294751, 0.00309476, 0.00305312, 0.00317283, 0.00270673, 0.00332079, 0.00183044, 0.00360506, 0.00151467, 0.00271544, 0.00270608, 0.00163776, 0.00274824, 0.00405273, 0.00364359, 0.00214631, 0.00304123, 0.00329243, 0.00331106, 0.00404912, 0.00227542, 0.00424536, 0.00366008, 0.0042743, 0.00260287, 0.00147756, 0.00394038, 0.00282155, 0.00174844, 0.00348731, 0.00370219, 0.00271638, 0.0030231, 0.00167954, 0.00182935, 0.00404708, 0.00240242, 0.00129789, 0.00303528, 0.00338826, 0.00149114, 0.00405217, 0.00350094, 0.00154215, 0.00203391, 0.00136699, 0.00194865, 0.00278262, 0.00381764, 0.00248818, 0.00192594, 0.00236855, 0.00385144, 0.00172749, 0.00135797, 0.00342794, 0.00267906, 0.00383219, 0.00331121, 0.00345213, 0.00312521];
GivenLatency = [355.88, 174.482, 112.838, 95.9499, 139.625, 165.542, 135.121, 108.33, 266.751, 129.375, 133.589, 300.668, 362.505, 202.33, 290.805, 205.931, 344.589, 94.318, 136.423, 221.09, 109.943, 154.563, 153.311, 125.651, 212.393, 120.089, 197.283, 142.513, 207.426, 322.173, 232.6, 125.988, 237.584, 99.6362, 97.4054, 294.6, 163.666, 157.624, 94.7308, 84.8052, 120.791, 302.498, 273.938, 323.362, 170.943, 112.817, 195.064, 79.96, 102.734, 240.553, 120.733, 136.81, 131.539, 130.621, 77.1389, 174.084, 218.63, 105.573, 119.699, 169.671, 144.095, 94.8781, 164.507, 189.455, 275.938, 149.379, 220.36, 126.977, 107.364, 136.506, 107.996, 130.488, 145.129, 213.924, 149.209, 211.687, 148.154, 118.676, 348.049, 197.025, 99.877, 171.153, 146.91, 183.869, 164.506, 139.173, 94.3207, 206.373, 75.7447, 104.3, 149.308, 154.79, 410.937, 166.151, 178.131, 274.771, 122.606, 101.934, 206.796, 105.184, 294.047, 224.615, 93.1054, 159.262, 321.257, 103.696, 132.084, 268.008, 86.3553, 179.01, 221.569, 156.141, 376.275, 277.033, 162.451, 91.5008, 135.872, 231.166, 214.905, 94.897, 226.497, 454.995, 186.979, 119.654, 169.673, 125.521, 102.435, 133.73];
HighestPossibleCritFunctionValue = 1.1;
