NumDevices = 128;
NumSlotes = 1024;


GivenBandwidthOld = [0.00160875, 0.00260268, 0.00133277, 0.00181066, 0.00237673, 0.00389816, 0.00270521, 0.00273189, 0.00416677, 0.00158375, 0.00425959, 0.00215017, 0.00234944, 0.0013617, 0.00364159, 0.00288162, 0.00199334, 0.0039663, 0.00413152, 0.00289591, 0.00157779, 0.00409872, 0.0015158, 0.00287292, 0.00261289, 0.00429799, 0.00376914, 0.00289762, 0.00217436, 0.00263948, 0.00422119, 0.00362627, 0.00179421, 0.00410869, 0.00343194, 0.00433237, 0.00346652, 0.00431773, 0.00437182, 0.00405113, 0.00174788, 0.00346047, 0.00257124, 0.00418156, 0.00331134, 0.00235734, 0.00297457, 0.00170261, 0.0019716, 0.00415276, 0.00353847, 0.00426913, 0.0031052, 0.00341011, 0.00316653, 0.0029129, 0.00278634, 0.00376456, 0.00409349, 0.0043632, 0.00290383, 0.00340742, 0.00159541, 0.00351193, 0.00195771, 0.00192265, 0.0032958, 0.00384228, 0.00403615, 0.00312981, 0.00148389, 0.00406871, 0.00348827, 0.00423304, 0.00286717, 0.00290837, 0.00160546, 0.00366305, 0.00432418, 0.0033686, 0.00237566, 0.00149185, 0.00345377, 0.00258748, 0.00215314, 0.00228109, 0.00258472, 0.00267679, 0.00319953, 0.00138549, 0.00340314, 0.00150463, 0.00262468, 0.00232479, 0.00279785, 0.00350753, 0.00287048, 0.00232369, 0.00302024, 0.0037411, 0.00352858, 0.00365857, 0.00399014, 0.00169183, 0.00208848, 0.00287481, 0.00313059, 0.00211512, 0.00376099, 0.00351545, 0.00164907, 0.00222749, 0.00173668, 0.00269464, 0.00311373, 0.0030707, 0.00175991, 0.00247694, 0.00364496, 0.00331708, 0.00207275, 0.00421183, 0.00257234, 0.00398038, 0.00321296, 0.00204241, 0.00366989, 0.00357394];
GivenLatency = [227.126, 211.338, 305.151, 299.967, 143.792, 98.0654, 133.594, 160.454, 107.05, 219.991, 105.273, 209.911, 137.805, 433.198, 157.597, 145.577, 201.177, 90.262, 85.1141, 120.609, 263.575, 77.4538, 242.168, 183.845, 135.333, 136.938, 119.267, 171.511, 158.905, 129.066, 142.057, 86.5337, 183.203, 89.4926, 143.666, 74.8696, 155.537, 107.935, 114.342, 96.7819, 235.323, 185.042, 235.917, 80.4106, 125.876, 136.292, 144.884, 189.104, 224.501, 96.9077, 99.1489, 77.0359, 104.683, 189.833, 120.89, 119.37, 112.717, 164.409, 117.593, 98.4501, 195.62, 161.173, 358.926, 179.229, 230.711, 272.307, 95.052, 167.156, 134.613, 118.312, 281.975, 146.891, 112.829, 120.322, 141.34, 173.353, 293.434, 113.694, 121.874, 113.244, 162.567, 301.189, 127.326, 243.614, 189.351, 164.693, 208.233, 117.953, 104.353, 460.028, 100.502, 228.377, 156.719, 148.045, 124.141, 97.5894, 188.596, 203.472, 113.161, 170.497, 90.1424, 89.9062, 146.456, 191.801, 191.818, 200.751, 158.66, 156.534, 98.4121, 107.651, 202.636, 160.69, 258.582, 232.63, 203.755, 177.954, 255.28, 198.016, 102.872, 97.1814, 154.89, 98.5465, 159.097, 94.6978, 120.255, 264.531, 139.179, 182.565];
HighestPossibleCritFunctionValue = 1.1;
