NumDevices = 128;
NumSlotes = 1024;


GivenBandwidthOld = [0.00982915, 0.00727718, 0.00380241, 0.00964914, 0.00691735, 0.00608113, 0.00797743, 0.00416792, 0.00893093, 0.00471529, 0.00864491, 0.00376545, 0.00719317, 0.00429494, 0.00634761, 0.00554715, 0.00840775, 0.00528439, 0.00467839, 0.00724089, 0.006466, 0.00776002, 0.00642552, 0.00866374, 0.00775223, 0.00675533, 0.00803413, 0.00705709, 0.00471662, 0.00606956, 0.00737926, 0.00701019, 0.00393513, 0.00891399, 0.00746126, 0.00387644, 0.00389311, 0.00894202, 0.00983648, 0.00548419, 0.00650915, 0.00796407, 0.00455166, 0.00845445, 0.00891616, 0.0063909, 0.00817947, 0.00609899, 0.0082939, 0.00439544, 0.00790126, 0.00530438, 0.0095262, 0.00925992, 0.00893634, 0.00802069, 0.00625973, 0.00979369, 0.00498224, 0.00783722, 0.00393849, 0.00916275, 0.00704231, 0.0063375, 0.00441172, 0.00644808, 0.00667656, 0.00924476, 0.00412184, 0.00945021, 0.00718478, 0.0070394, 0.00744153, 0.00974862, 0.00385967, 0.00947892, 0.0084821, 0.00482783, 0.00629998, 0.00497257, 0.0078099, 0.00719668, 0.00706619, 0.00762989, 0.00682608, 0.00973044, 0.00450086, 0.00468272, 0.0050253, 0.00641984, 0.00697337, 0.00392083, 0.00611516, 0.00492067, 0.00418763, 0.00902162, 0.00395612, 0.00558775, 0.00964312, 0.0057015, 0.00893896, 0.00838974, 0.00893961, 0.00672863, 0.00933874, 0.00870694, 0.00875613, 0.00429342, 0.00568876, 0.0072645, 0.00941387, 0.00884375, 0.00813095, 0.00931153, 0.00760368, 0.00379996, 0.00591778, 0.00632074, 0.0038974, 0.0061868, 0.00900983, 0.00571057, 0.00507786, 0.00861446, 0.0044842, 0.00591047, 0.00843143, 0.00955276];
GivenLatency = [439.271, 638.345, 1165.14, 470.608, 485.535, 667.372, 581.839, 910.353, 418.794, 754.153, 547.937, 1157.45, 489.26, 1014.25, 735.656, 621.386, 473.525, 922.49, 901.452, 658.332, 590.759, 602.155, 702.171, 543.559, 558.288, 616.329, 506.144, 666.749, 946, 640.023, 653.966, 570.238, 1248.28, 510.574, 581.855, 1006.91, 1272.8, 520.312, 395.507, 823.219, 644.928, 528.043, 841.086, 452.357, 458.072, 559.273, 519.231, 649.954, 498.204, 855.813, 491.1, 729.743, 413.801, 481.199, 392.405, 445.859, 729.725, 355.442, 684.087, 593.512, 987.431, 372.317, 581.995, 562.667, 909.963, 562.337, 617.243, 497.644, 1099.57, 468.419, 511.256, 710.023, 528.967, 464.756, 1001.46, 379.052, 393.896, 896.31, 758.031, 756.166, 540.594, 594.492, 533.867, 529.702, 619.446, 342.681, 970.809, 830.877, 932.102, 759.8, 661.908, 1038.42, 765.429, 702.289, 1125.29, 510.93, 1105.74, 629.697, 453.369, 769.704, 537.458, 560.229, 509.166, 643.559, 378.345, 394.788, 446.414, 1056.77, 869.466, 504.83, 364.283, 397.737, 532.033, 388.375, 455.812, 1217.33, 819.936, 542.519, 1017.72, 635.669, 381.872, 591.513, 933.146, 401.052, 863.069, 834.591, 427.737, 371.811];
HighestPossibleCritFunctionValue = 1.1;
