NumDevices = 64;
NumSlotes = 512;


GivenBandwidthOld = [0.00458127, 0.00748636, 0.0082957, 0.00454039, 0.00788734, 0.00385247, 0.00844239, 0.00748573, 0.0038424, 0.00803344, 0.00302124, 0.00679861, 0.0055483, 0.004021, 0.0034193, 0.00313955, 0.00775222, 0.00788596, 0.00550401, 0.00343691, 0.00540549, 0.00378727, 0.00645427, 0.00571218, 0.00830103, 0.00669556, 0.00480786, 0.00326101, 0.00524489, 0.00464308, 0.00252536, 0.0038106, 0.00475695, 0.00375808, 0.00338507, 0.00290724, 0.00315493, 0.00368608, 0.00567867, 0.00773275, 0.00556127, 0.00323494, 0.00467008, 0.00635989, 0.00687722, 0.00797973, 0.0065268, 0.00585222, 0.00583413, 0.0079794, 0.00727975, 0.00449828, 0.00629595, 0.00734299, 0.00489137, 0.00678978, 0.00708364, 0.00848748, 0.00282832, 0.00811699, 0.00731196, 0.00841315, 0.00354335, 0.00678086];
GivenLatency = [77.4777, 68.6682, 54.3345, 88.2141, 53.0281, 108.015, 56.5911, 82.6091, 126.386, 76.2482, 195.468, 51.0395, 88.5817, 94.5431, 174.062, 98.809, 56.5447, 43.0762, 70.2693, 93.3138, 74.5483, 87.7848, 57.0095, 72.3296, 42.2214, 87.0279, 89.3906, 126.801, 101.725, 67.3614, 136.116, 157.029, 124.542, 104.794, 111.023, 189.224, 142.353, 159.918, 70.2595, 73.2451, 95.1721, 197.926, 76.2994, 64.902, 65.5467, 43.373, 51.9063, 88.0024, 71.3031, 41.4698, 42.6234, 125.459, 85.3768, 65.9364, 104.631, 77.2666, 50.9137, 52.4912, 122.583, 55.0211, 49.6927, 36.8277, 121.226, 46.167];
HighestPossibleCritFunctionValue = 1.1;
