NumDevices = 64;
NumSlotes = 512;


GivenBandwidthOld = [0.00260928, 0.007987, 0.00370894, 0.0086856, 0.00763211, 0.00787894, 0.00628333, 0.00773156, 0.00427645, 0.00300685, 0.00866073, 0.00840405, 0.00686658, 0.00412166, 0.00767569, 0.0028277, 0.00397362, 0.00720142, 0.00676781, 0.00653472, 0.00771937, 0.0057651, 0.00403355, 0.00814361, 0.00463597, 0.00805437, 0.00481126, 0.00408764, 0.00474737, 0.00536212, 0.00612309, 0.00826755, 0.00649595, 0.0061755, 0.00792129, 0.00569175, 0.00867475, 0.00660568, 0.00661041, 0.00499421, 0.00395968, 0.00408835, 0.0040963, 0.00653492, 0.00494076, 0.00560103, 0.00277421, 0.00490962, 0.00729413, 0.00865147, 0.00270078, 0.00828281, 0.00666818, 0.00714611, 0.00846956, 0.00789938, 0.00617522, 0.00313513, 0.00832952, 0.0042125, 0.00323406, 0.00863617, 0.00812231, 0.00286866];
GivenLatency = [175.567, 70.4191, 95.7909, 38.2926, 72.1469, 50.3252, 61.8301, 47.1876, 104.579, 198.767, 42.8056, 46.6127, 64.081, 128.474, 68.4131, 109.698, 93.2326, 86.2666, 48.8356, 58.6557, 40.5555, 67.2877, 92.9615, 64.392, 101.162, 51.5184, 81.0567, 86.4752, 70.8362, 63.4787, 86.1198, 55.5755, 53.5409, 60.5602, 39.0071, 87.2428, 45.132, 90.6626, 49.416, 114.85, 147.31, 155.1, 145.367, 54.0809, 62.7818, 99.6646, 161.594, 95.5559, 67.9076, 54.7453, 128.918, 48.5072, 52.1856, 53.9988, 56.5321, 69.4942, 82.3547, 201.096, 67.3915, 131.626, 174.783, 74.6698, 38.1214, 155.186];
HighestPossibleCritFunctionValue = 1.1;
