NumDevices = 128;
NumSlotes = 1024;


GivenBandwidthOld = [0.00602364, 0.00689008, 0.00400917, 0.00459595, 0.00668803, 0.00821614, 0.00624935, 0.00526825, 0.00604297, 0.00664104, 0.00849776, 0.00441356, 0.00624112, 0.00703825, 0.00444807, 0.00621398, 0.00588247, 0.00418117, 0.00548066, 0.00602788, 0.00811524, 0.0053539, 0.00550547, 0.00789087, 0.00436681, 0.00545279, 0.00756048, 0.0064115, 0.00566627, 0.0054216, 0.0083476, 0.00563883, 0.00427983, 0.00864432, 0.00764487, 0.00489245, 0.00489062, 0.00409448, 0.00842116, 0.00692675, 0.00534964, 0.0038918, 0.00701034, 0.0052091, 0.0068574, 0.00484415, 0.00807405, 0.0080793, 0.00620852, 0.00404879, 0.00555964, 0.00830267, 0.00541791, 0.00628352, 0.00453663, 0.00462416, 0.0057669, 0.00685629, 0.00617497, 0.00520346, 0.00703162, 0.00801082, 0.00542533, 0.00593739, 0.00713426, 0.007945, 0.0040511, 0.00440879, 0.00609847, 0.00456465, 0.00550037, 0.00717107, 0.00674999, 0.00459644, 0.00484706, 0.00701797, 0.00857576, 0.00532403, 0.00855181, 0.00768759, 0.00774539, 0.00427522, 0.00614069, 0.00405574, 0.00728136, 0.00537894, 0.00641062, 0.00577926, 0.00450251, 0.00612793, 0.00470389, 0.00575152, 0.00823846, 0.0062577, 0.00558261, 0.00443929, 0.00865554, 0.00610944, 0.00388045, 0.00630688, 0.00720604, 0.00442662, 0.00568935, 0.00834498, 0.00666226, 0.00515981, 0.00844878, 0.00608734, 0.00746625, 0.00774866, 0.00421986, 0.00560546, 0.00843994, 0.00760003, 0.00613083, 0.00843028, 0.00515516, 0.00530404, 0.00758029, 0.0044452, 0.00791143, 0.00490774, 0.00692181, 0.00735596, 0.00417504, 0.00737784, 0.00680289, 0.00861184];
GivenLatency = [177.386, 175.206, 321.919, 274.048, 185.195, 149.359, 163.224, 217.484, 184.636, 150.68, 136.158, 228.217, 163.686, 152.22, 255.39, 156.383, 209.4, 249.349, 183.685, 203.234, 123.216, 225.631, 230.821, 132.505, 220.25, 202.819, 148.027, 193.283, 169.722, 237.418, 129.817, 173.156, 239.227, 126.062, 129.233, 211.796, 209.733, 264.643, 153.586, 156.144, 188.101, 281.269, 137.915, 185.544, 170.287, 257.629, 117.998, 135.133, 208.693, 236.991, 196.918, 136.581, 203.425, 198.6, 261.168, 247.283, 213.552, 150.895, 174.315, 184.683, 157.826, 149.091, 201.28, 208.487, 160.073, 121.962, 258.442, 239.739, 210.629, 238.39, 211.091, 163.107, 160.722, 223.386, 257.509, 157.982, 141.589, 223.22, 130.052, 158.236, 162.462, 227.857, 193.803, 282.942, 156.107, 217.994, 177.725, 197.984, 221.961, 159.058, 207.008, 192.792, 128.462, 170.084, 192.623, 268.043, 136.608, 183.834, 282.078, 169.016, 156.248, 277.621, 202.492, 128.376, 182.899, 233.101, 113.137, 209.286, 151.613, 144.029, 301.956, 206.269, 149.469, 145.831, 194.205, 119.674, 187.815, 236.905, 154.452, 244.774, 146.254, 196.557, 174.678, 147.111, 264.579, 153.804, 173.053, 118.84];
HighestPossibleCritFunctionValue = 1.1;
