NumDevices = 128;
NumSlotes = 1024;


GivenBandwidthOld = [0.00424889, 0.00358394, 0.00269856, 0.00349435, 0.0032304, 0.0014097, 0.00409377, 0.00266859, 0.00279553, 0.00195773, 0.00239626, 0.00401227, 0.0016456, 0.00328554, 0.00324716, 0.0019359, 0.00412807, 0.0041609, 0.0029046, 0.00389195, 0.00140128, 0.00316186, 0.00255033, 0.00272706, 0.00425786, 0.00126392, 0.00401629, 0.00368932, 0.00210022, 0.00340292, 0.00420576, 0.00368964, 0.00434144, 0.00289553, 0.00145372, 0.00332744, 0.00431747, 0.00306438, 0.00178587, 0.00140992, 0.00151653, 0.00276123, 0.00358064, 0.00348996, 0.0013214, 0.00432792, 0.00380191, 0.00364346, 0.00306361, 0.00141147, 0.00258737, 0.00340026, 0.00311093, 0.00293519, 0.0024442, 0.00340571, 0.00412222, 0.0028415, 0.00278372, 0.0034477, 0.00360624, 0.00262125, 0.0040454, 0.00230422, 0.00383685, 0.00336005, 0.00236533, 0.00292856, 0.0034019, 0.00267609, 0.0039397, 0.00393819, 0.00355481, 0.00374124, 0.00281843, 0.00255416, 0.00149857, 0.00399832, 0.00158448, 0.004041, 0.00326894, 0.00231996, 0.00278982, 0.00280441, 0.00428853, 0.00414726, 0.00181599, 0.00127738, 0.00199329, 0.00309567, 0.0026247, 0.00277635, 0.00149217, 0.00269835, 0.00304981, 0.00382839, 0.00190605, 0.00244344, 0.0031513, 0.00318839, 0.00159932, 0.00356326, 0.00203997, 0.00322851, 0.00408333, 0.00230939, 0.00330684, 0.00173757, 0.00206036, 0.00223736, 0.0020749, 0.00283072, 0.00275307, 0.00393244, 0.00378804, 0.00178725, 0.00266377, 0.00315389, 0.00302838, 0.00294972, 0.00282842, 0.00164754, 0.00153298, 0.00413498, 0.001599, 0.00132343, 0.00410253, 0.00307275];
GivenLatency = [130.88, 102.574, 222.896, 104.119, 125.095, 229.866, 94.2185, 131.526, 160.472, 255.368, 209.41, 140.862, 240.988, 149.478, 99.3064, 181.72, 111.115, 78.8819, 123.917, 105.809, 404.717, 102.527, 123.983, 134.62, 105.084, 314.75, 144.178, 143.979, 220.699, 101.524, 139.811, 135.549, 74.6591, 147.873, 269.298, 172.252, 137.567, 156.107, 220.669, 339.791, 233.372, 134.054, 96.9545, 92.5191, 449.519, 75.8137, 120.897, 176.449, 203.075, 244.739, 206.719, 192.303, 151.406, 170.571, 160.724, 99.5171, 79.8251, 187.744, 152.146, 129.7, 89.2008, 168.152, 84.1439, 187.162, 146.572, 102.471, 161.319, 116.851, 92.8056, 122.693, 84.6973, 88.0752, 184.561, 158.101, 213.171, 136.217, 218.774, 129.137, 335.834, 132.404, 131.493, 156.979, 138.679, 137.913, 75.9745, 113.291, 174.413, 404.9, 262.063, 170.147, 246.43, 133.113, 275.827, 176.822, 184.291, 82.0408, 217.356, 198.042, 130.783, 122.154, 404.361, 157.449, 216.261, 152.793, 159.918, 278.952, 193.449, 256.63, 156.947, 246.014, 273.261, 219.174, 156.409, 101.934, 153.381, 297.264, 131.089, 163.653, 187.109, 219.179, 135.574, 199.807, 231.496, 143.364, 243.982, 247.155, 81.432, 154.115];
HighestPossibleCritFunctionValue = 1.1;
