NumDevices = 32;
NumSlotes = 256;


GivenBandwidthOld = [0.0280439, 0.0181729, 0.0164907, 0.0199208, 0.0191321, 0.0380411, 0.0168889, 0.0374, 0.0171642, 0.0383427, 0.035178, 0.0211997, 0.0378316, 0.0214527, 0.0396895, 0.0212688, 0.0243562, 0.0399168, 0.0161954, 0.0305865, 0.0274457, 0.0395164, 0.0364875, 0.0303153, 0.0198574, 0.0278135, 0.0221737, 0.0341164, 0.0287409, 0.0326452, 0.0279789, 0.0270571];
GivenLatency = [65.5418, 100.627, 105.382, 113.085, 107.521, 57.7075, 129.777, 48.3321, 129.319, 50.6001, 50.3955, 111.968, 48.8309, 97.0419, 52.7106, 89.8482, 91.543, 42.882, 139.878, 72.0715, 81.9255, 45.0386, 46.5763, 73.9357, 104.229, 83.2527, 87.9614, 64.1556, 59.2798, 61.1473, 80.368, 62.4759];
HighestPossibleCritFunctionValue = 1.1;
