NumDevices = 32;
NumSlotes = 256;


GivenBandwidthOld = [0.00965718, 0.0157559, 0.0173877, 0.0169287, 0.0160301, 0.0123879, 0.0102216, 0.0152256, 0.0164382, 0.00861803, 0.0132088, 0.00796841, 0.00752269, 0.0163413, 0.00523292, 0.00722192, 0.0113816, 0.0108729, 0.0113139, 0.0100107, 0.00722222, 0.016346, 0.00943617, 0.0137148, 0.0125225, 0.0106405, 0.0173949, 0.0129243, 0.0135905, 0.0112239, 0.0105281, 0.0150564];
GivenLatency = [45.4461, 39.6473, 18.927, 27.2593, 26.9098, 26.0706, 36.1097, 31.9854, 30.2494, 40.3106, 40.6986, 61.0612, 64.7412, 39.1792, 66.3545, 43.755, 38.9151, 49.4594, 28.1606, 30.4879, 50.969, 23.8742, 36.9413, 32.608, 40.3463, 29.9637, 21.7046, 24.1853, 30.3209, 45.4786, 41.2789, 40.9937];
HighestPossibleCritFunctionValue = 1.1;
