NumDevices = 64;
NumSlotes = 512;


GivenBandwidthOld = [0.0101482, 0.0158527, 0.0166786, 0.00932585, 0.0195908, 0.016799, 0.00822661, 0.0195564, 0.0136848, 0.0173052, 0.0153642, 0.018298, 0.0150552, 0.0129051, 0.0131979, 0.00906775, 0.0191381, 0.00989062, 0.0116525, 0.0117671, 0.0125737, 0.0192103, 0.0101087, 0.0151638, 0.0129713, 0.014435, 0.0143744, 0.019827, 0.0119353, 0.0146287, 0.00752295, 0.0182915, 0.0174212, 0.0151312, 0.015373, 0.0166475, 0.012839, 0.0154028, 0.0165804, 0.00867003, 0.00967393, 0.0197074, 0.0142614, 0.00957819, 0.0107019, 0.00964556, 0.0178902, 0.0110088, 0.0178515, 0.00940518, 0.0153878, 0.0151277, 0.0192286, 0.0168377, 0.00798381, 0.0139674, 0.0167766, 0.018932, 0.00804377, 0.00909674, 0.0189244, 0.017954, 0.00772865, 0.0128791];
GivenLatency = [262.808, 147.237, 133.967, 262.524, 122.541, 137.128, 322.942, 120.308, 163.264, 176.627, 157.861, 173.032, 213.904, 253.558, 240.497, 258.441, 164.017, 303.275, 269.079, 233.118, 238.363, 120.375, 234.623, 195.747, 238.311, 165.792, 173.838, 161.017, 272.005, 188.021, 330.712, 172.3, 188.22, 150.433, 171.144, 189.722, 187.246, 178.033, 191.715, 351.47, 251.719, 114.053, 157.475, 314.682, 260.633, 272.221, 137.459, 213.62, 130.571, 302.473, 193.926, 216.336, 116.086, 170.878, 394.34, 222.661, 191.155, 119.943, 350.263, 360.186, 121.564, 133.705, 323.526, 238.873];
HighestPossibleCritFunctionValue = 1.1;
