NumDevices = 64;
NumSlotes = 512;


GivenBandwidthOld = [0.0143935, 0.0158943, 0.0152043, 0.0193003, 0.0105718, 0.010726, 0.0150523, 0.0134698, 0.0172591, 0.0155501, 0.0180799, 0.0106355, 0.0184521, 0.0169488, 0.0135896, 0.0184628, 0.00993153, 0.0117913, 0.0194572, 0.0093263, 0.0146382, 0.0169092, 0.0106641, 0.0120442, 0.0194298, 0.0108335, 0.00842789, 0.0149736, 0.0155354, 0.00818294, 0.0107201, 0.0147389, 0.00845674, 0.0124376, 0.0180486, 0.00976982, 0.0188716, 0.0180524, 0.0117842, 0.0128111, 0.00828939, 0.0122848, 0.0138621, 0.0103911, 0.0110533, 0.014982, 0.00751492, 0.00821676, 0.0166009, 0.0170459, 0.0196449, 0.0143546, 0.0126641, 0.0133999, 0.0163468, 0.00794892, 0.0150849, 0.0111146, 0.00855215, 0.015992, 0.00823923, 0.0192959, 0.011981, 0.0191252];
GivenLatency = [163.398, 150.035, 167.49, 119.917, 281.582, 253.633, 188.925, 241.983, 137.86, 158.646, 123.845, 209.52, 161.039, 185.436, 195.126, 124.185, 260.07, 246.571, 143.218, 255.715, 204.293, 145.954, 272.759, 198.704, 167.537, 216.035, 282.475, 194.577, 161.693, 380.844, 240.851, 190.392, 282.93, 249.1, 168.661, 232.03, 141.234, 136.963, 189.323, 180.437, 314.819, 223.248, 181.277, 221.346, 270.536, 154.426, 364.879, 319.648, 160.089, 157.597, 144.06, 169.366, 220.033, 232.979, 153.577, 339.968, 200.689, 258.195, 368.446, 206.796, 296.103, 161.75, 221.655, 120.245];
HighestPossibleCritFunctionValue = 1.1;
