NumDevices = 128;
NumSlotes = 1024;


GivenBandwidthOld = [0.00665423, 0.00883177, 0.00688941, 0.00531422, 0.00613515, 0.00969559, 0.006261, 0.0061674, 0.00803744, 0.00652707, 0.00921564, 0.00857853, 0.00684318, 0.00959633, 0.00671767, 0.00644122, 0.00379172, 0.00487461, 0.00499125, 0.00917338, 0.00443648, 0.00384644, 0.00579827, 0.00407717, 0.00875999, 0.00657844, 0.00379723, 0.0038055, 0.00524278, 0.00532201, 0.00574654, 0.00964757, 0.00547116, 0.00634699, 0.00758813, 0.00502401, 0.0097494, 0.00449178, 0.0083442, 0.00601487, 0.006967, 0.00934661, 0.00968379, 0.00794159, 0.00801963, 0.00723355, 0.00804914, 0.00944634, 0.00469289, 0.00722277, 0.00805735, 0.00997341, 0.00692737, 0.00574833, 0.00844804, 0.0074673, 0.00534982, 0.00445061, 0.00391734, 0.00377069, 0.0078084, 0.00701142, 0.00596394, 0.00720307, 0.00820155, 0.00851045, 0.00633926, 0.00885774, 0.00586641, 0.00558586, 0.00898423, 0.00673547, 0.00547984, 0.00843688, 0.00738595, 0.00698005, 0.00998397, 0.00936979, 0.00562989, 0.00538738, 0.00436863, 0.00727394, 0.00560123, 0.00489192, 0.00844871, 0.00615328, 0.00819986, 0.00502496, 0.00696808, 0.00883415, 0.00933094, 0.00891123, 0.00483924, 0.00432792, 0.00429857, 0.00479536, 0.00442809, 0.00665928, 0.00620361, 0.00413015, 0.00541743, 0.00957671, 0.00825682, 0.00619476, 0.00540722, 0.00663691, 0.0052601, 0.00902991, 0.00568567, 0.00528126, 0.00845391, 0.0060684, 0.00653908, 0.00477268, 0.00450314, 0.00551877, 0.00653929, 0.00838715, 0.00901426, 0.00516923, 0.00675303, 0.00694636, 0.00620898, 0.00684314, 0.0089438, 0.00850459, 0.00784748, 0.00758697];
GivenLatency = [727.754, 495.948, 633.136, 915.907, 740.424, 408.556, 748.226, 581.742, 523.901, 544.14, 383.341, 571.908, 689.707, 396.88, 683.215, 597.13, 1225.17, 992.9, 888.305, 371.157, 1000.74, 1037.77, 676.138, 1097.02, 463.286, 735.466, 880.54, 887.375, 783.504, 748.229, 674.729, 413.572, 847.306, 724.959, 515.383, 688.613, 363.596, 879.654, 519.924, 667.922, 502.867, 446.335, 344.658, 474.05, 485.026, 526.43, 494.543, 382.1, 747.487, 641.859, 558.447, 470.167, 670.842, 827.368, 448.102, 570.19, 698.083, 1000.24, 1169.91, 1264.08, 611.769, 537.839, 579.335, 509.998, 510.429, 473.127, 573.613, 491.804, 806.611, 749.899, 468.902, 528.809, 852.393, 427.494, 608.356, 541.518, 498.39, 393.291, 712.739, 877.725, 1117.29, 602.076, 631.793, 900.234, 546.914, 749.69, 474.253, 678.757, 491.731, 521.542, 448.487, 384.875, 989.901, 1154.89, 868.519, 1001.57, 893.109, 714.124, 561.666, 947.745, 871.753, 351.926, 567.354, 634.688, 626.794, 564.602, 637.448, 424.784, 673.306, 853.847, 556.817, 730.263, 512.437, 957.897, 786.484, 787.242, 563.58, 560.096, 400.125, 715.774, 647.809, 507.385, 647.26, 539.51, 451.897, 534.128, 594.214, 490.027];
HighestPossibleCritFunctionValue = 1.1;
