NumDevices = 16;
NumSlotes = 128;


GivenBandwidthOld = [0.0390688, 0.0486982, 0.0414208, 0.079635, 0.0451443, 0.0605851, 0.0738712, 0.0740217, 0.0522481, 0.053561, 0.0690402, 0.0783317, 0.0403217, 0.0563935, 0.0756931, 0.0443979];
GivenLatency = [37.7267, 36.8501, 36.912, 18.4754, 38.2376, 26.8038, 18.9312, 21.0072, 27.3272, 34.4787, 26.7207, 18.057, 48.7024, 30.7163, 19.4741, 35.8317];
HighestPossibleCritFunctionValue = 1.1;
