NumDevices = 128;
NumSlotes = 1024;


GivenBandwidthOld = [0.00606157, 0.00423488, 0.00810546, 0.00592591, 0.00431854, 0.00420829, 0.00629991, 0.00516989, 0.0078197, 0.00825282, 0.00758019, 0.00777262, 0.00697073, 0.00449434, 0.00380212, 0.00466966, 0.00540733, 0.00847291, 0.00662424, 0.00617695, 0.00849343, 0.00656345, 0.00436313, 0.00857372, 0.00601159, 0.00426565, 0.00527796, 0.00425051, 0.00582529, 0.0080864, 0.00557888, 0.00680102, 0.00728351, 0.00646931, 0.00713611, 0.00404992, 0.00454786, 0.00831119, 0.00871654, 0.00635384, 0.00641653, 0.00511764, 0.00470909, 0.00824939, 0.00492536, 0.0080872, 0.0040195, 0.00822149, 0.00608358, 0.00427337, 0.00495128, 0.00860856, 0.00661951, 0.00663271, 0.0083991, 0.00619868, 0.00870931, 0.00482421, 0.00804624, 0.0056634, 0.00726431, 0.00871422, 0.00741424, 0.00870158, 0.00495141, 0.00578997, 0.00448951, 0.00772614, 0.00565712, 0.00674693, 0.00810852, 0.00733487, 0.00461445, 0.00755412, 0.00454173, 0.00533077, 0.00674255, 0.00451767, 0.00606291, 0.0068842, 0.0051759, 0.00383821, 0.00633407, 0.00427418, 0.00871117, 0.0061131, 0.0053387, 0.0050689, 0.00545372, 0.00819733, 0.00496608, 0.00743185, 0.00462568, 0.00630493, 0.00452434, 0.00801169, 0.00498268, 0.00648484, 0.00825775, 0.00553638, 0.00742338, 0.00725373, 0.00596642, 0.00509261, 0.00398708, 0.00834524, 0.00595421, 0.00482514, 0.00862944, 0.00752644, 0.00435541, 0.00387165, 0.00825216, 0.00662187, 0.00619242, 0.00851069, 0.00675262, 0.00377164, 0.00739614, 0.0044766, 0.00567364, 0.00438272, 0.00787791, 0.00655457, 0.00514761, 0.00830481, 0.006396, 0.00509943];
GivenLatency = [157.969, 275.001, 143.02, 202.25, 244.352, 281.627, 172.998, 247.289, 127.589, 133.736, 169.307, 133.984, 182.219, 269.61, 256.544, 207.875, 210.794, 115.316, 187.378, 162.483, 130.682, 168.469, 235.387, 135.623, 206.663, 260.917, 206.947, 247.426, 171.641, 146.041, 179.027, 160.006, 157.193, 183.958, 155.027, 265.518, 215.133, 139.448, 139.917, 196.361, 176.832, 198.481, 218.602, 138.252, 229.657, 138.51, 307.064, 121.119, 209.506, 232.288, 256.586, 125.517, 157.454, 173.523, 142.651, 190.58, 130.717, 218.524, 144.409, 185.416, 133.904, 146.09, 130.354, 111.446, 198.212, 184.254, 216.874, 136.055, 210.983, 153.384, 158.336, 134.193, 274.206, 136.446, 271.266, 190.131, 160.004, 240.486, 202.842, 139.676, 204.334, 248.783, 152.737, 261.59, 134.037, 171.077, 218.181, 247.501, 208.059, 140.046, 259.109, 168.006, 219.77, 172.513, 224.466, 119.545, 239.261, 175.782, 115.345, 172.789, 147.758, 135.963, 203.832, 218.522, 239.636, 121.894, 175.727, 218.455, 138.641, 160.965, 297.744, 258.283, 121.102, 157.881, 196.99, 120.081, 173.908, 275.851, 150.387, 255.139, 174.72, 239.846, 150.798, 192.912, 192.481, 152.35, 174.207, 238.655];
HighestPossibleCritFunctionValue = 1.1;
