NumDevices = 128;
NumSlotes = 1024;


GivenBandwidthOld = [0.0019237, 0.00230318, 0.00198507, 0.00250801, 0.00408054, 0.00226834, 0.00398781, 0.00312807, 0.00349641, 0.00347138, 0.00159955, 0.0042113, 0.00308552, 0.00395681, 0.00394537, 0.00231475, 0.00278707, 0.00352802, 0.00349746, 0.00241401, 0.0023032, 0.00241039, 0.00388969, 0.00400727, 0.00203645, 0.00343237, 0.00219135, 0.00382727, 0.00177584, 0.0014886, 0.00205336, 0.00340154, 0.00286528, 0.0023434, 0.00296788, 0.0018428, 0.0019229, 0.0012718, 0.00201232, 0.00417247, 0.00361823, 0.00414311, 0.00393686, 0.00298588, 0.00434063, 0.00169831, 0.00161303, 0.00261787, 0.00352221, 0.00276841, 0.00247791, 0.00436291, 0.00429312, 0.00314776, 0.00311747, 0.00337281, 0.00125053, 0.00383949, 0.00410482, 0.00405615, 0.0017665, 0.0039563, 0.001578, 0.00141678, 0.00125447, 0.00132557, 0.00264132, 0.00392142, 0.00294643, 0.00381017, 0.00184524, 0.0022437, 0.00238336, 0.00279685, 0.00221642, 0.00318175, 0.00246517, 0.00265885, 0.00168998, 0.00216927, 0.00149897, 0.00131948, 0.00345784, 0.00224587, 0.00127197, 0.0017236, 0.0015919, 0.003737, 0.00332592, 0.00378369, 0.00379501, 0.00330955, 0.0035217, 0.0036305, 0.00407336, 0.00342509, 0.00176165, 0.00369434, 0.00204576, 0.00378966, 0.00399782, 0.00265426, 0.0025705, 0.00420736, 0.00246637, 0.00414696, 0.00298711, 0.00315187, 0.00351698, 0.00245912, 0.00415578, 0.00433088, 0.00343251, 0.00143324, 0.00289285, 0.0032154, 0.00250475, 0.00231014, 0.00338347, 0.00220834, 0.0017554, 0.00168342, 0.00134185, 0.00128868, 0.00139312, 0.00358212, 0.003393, 0.00300321];
GivenLatency = [282.2, 281.727, 205.394, 178.88, 82.2929, 159.657, 102.342, 132.563, 129.672, 181.51, 387.525, 75.4704, 164.386, 119.762, 150.115, 230.913, 176.376, 174.076, 138.535, 218.112, 267.468, 199.188, 114.259, 96.4409, 309.585, 97.1439, 259.656, 95.3814, 225.215, 274.476, 196.965, 129.727, 114.343, 255.602, 119.872, 202.864, 233.645, 245.794, 186.822, 117.698, 90.0036, 79.0464, 83.6158, 138.917, 111.519, 203.556, 262.039, 183.348, 116.753, 215.831, 145.456, 132.132, 96.7441, 115.214, 109.652, 117.788, 333.451, 150.85, 110.339, 90.7072, 215.546, 93.8379, 212.068, 262.873, 413.681, 343.387, 120.322, 122.131, 162.669, 118.438, 203.592, 180.87, 174.045, 220.277, 269.033, 192.105, 130.835, 155.561, 197.073, 163.862, 226.277, 308.39, 181.052, 189.461, 248.871, 200.776, 228.41, 117.039, 101.732, 84.3786, 87.4898, 129.463, 116.267, 119.126, 108.448, 133.092, 197.102, 117.885, 154.493, 98.8753, 100.49, 134.545, 170.995, 143.963, 201.468, 157.848, 119.102, 150.405, 89.8043, 183.479, 137.573, 72.5974, 124.468, 290.713, 112.025, 97.6056, 218.378, 198.588, 134.284, 189.738, 225.912, 219.447, 355.967, 243.42, 320.251, 177.883, 94.4877, 138.938];
HighestPossibleCritFunctionValue = 1.1;
