NumDevices = 32;
NumSlotes = 256;


GivenBandwidthOld = [0.0108846, 0.00725272, 0.0164018, 0.00927723, 0.01742, 0.010981, 0.01569, 0.00859678, 0.00600422, 0.00790487, 0.0147265, 0.0161395, 0.0141755, 0.00541786, 0.0154082, 0.0110148, 0.00866943, 0.0146595, 0.0140844, 0.0118033, 0.0100424, 0.0149003, 0.0113499, 0.0155402, 0.0167944, 0.00875647, 0.0150694, 0.0162995, 0.0153264, 0.010091, 0.00655647, 0.0145448];
GivenLatency = [29.9426, 61.243, 24.6046, 35.7345, 23.0028, 28.2877, 23.2935, 73.5043, 91.422, 41.4436, 30.1672, 23.7796, 22.5259, 61.1794, 25.8143, 45.8461, 49.1409, 43.3378, 37.9993, 45.6099, 43.1417, 24.748, 40.3721, 29.4005, 25.3466, 48.5697, 40.9672, 23.7564, 24.0489, 39.7197, 51.911, 30.8861];
HighestPossibleCritFunctionValue = 1.1;
