NumDevices = 64;
NumSlotes = 512;


GivenBandwidthOld = [0.011557, 0.0138923, 0.0130089, 0.0159423, 0.0170652, 0.0102592, 0.0116054, 0.00769384, 0.0152956, 0.00855477, 0.0150829, 0.0131398, 0.0157182, 0.0109771, 0.016285, 0.0174265, 0.0117886, 0.0161614, 0.00891858, 0.00959651, 0.0134819, 0.0151617, 0.017292, 0.0114165, 0.0117172, 0.0157933, 0.0130235, 0.0117577, 0.0174687, 0.010694, 0.00931198, 0.0114022, 0.0111745, 0.0150285, 0.00900641, 0.0158181, 0.00970352, 0.0119981, 0.00773709, 0.0122157, 0.0140708, 0.012341, 0.011005, 0.0155642, 0.0128873, 0.0116383, 0.00973016, 0.00974355, 0.0148661, 0.00935767, 0.00932059, 0.0160783, 0.0132109, 0.0110012, 0.0115096, 0.0171217, 0.010103, 0.0160714, 0.00759964, 0.012164, 0.014578, 0.00819997, 0.0118166, 0.0165918];
GivenLatency = [88.0561, 85.2192, 76.1429, 59.3764, 63.7818, 121.59, 79.6894, 153.375, 79.7986, 116.786, 77.5443, 87.5935, 65.4909, 90.9769, 56.629, 57.7509, 83.775, 63.5556, 132.765, 112.276, 85.4347, 75.4675, 58.5337, 94.2846, 92.8558, 58.2221, 91.1874, 87.5373, 52.1189, 109.698, 115.251, 82.5262, 87.7647, 68.8062, 111.3, 58.641, 126.452, 99.3542, 150.787, 78.1447, 72.7469, 78.2041, 100.687, 71.5076, 79.8729, 90.2603, 101.13, 97.2035, 73.2206, 110.435, 128.317, 59.0423, 75.0646, 109.239, 107.066, 64.973, 101.027, 60.7768, 119.835, 79.9702, 65.206, 127.727, 93.3996, 64.1614];
HighestPossibleCritFunctionValue = 1.1;
