NumDevices = 128;
NumSlotes = 1024;


GivenBandwidthOld = [0.00656969, 0.00434945, 0.00868281, 0.00449183, 0.00664808, 0.00675436, 0.00802316, 0.0077716, 0.00470462, 0.00806071, 0.00389858, 0.00597436, 0.00863035, 0.00775878, 0.00437941, 0.00717615, 0.00712417, 0.00850453, 0.00817238, 0.00574156, 0.00596809, 0.00817687, 0.00615912, 0.00381748, 0.00796735, 0.00477138, 0.00505805, 0.00813293, 0.00768839, 0.0062838, 0.00426035, 0.00622926, 0.00769319, 0.00702317, 0.00583262, 0.00630475, 0.00651541, 0.00699366, 0.00496051, 0.00385512, 0.00556566, 0.0044876, 0.00565023, 0.00592468, 0.00867023, 0.00806184, 0.00777837, 0.00852683, 0.00801724, 0.00823153, 0.00476923, 0.00399011, 0.00426321, 0.00422698, 0.00527107, 0.00845523, 0.00453468, 0.0068737, 0.00379251, 0.00815687, 0.00507342, 0.00643877, 0.00385174, 0.00869847, 0.00776518, 0.00681863, 0.00820111, 0.00864647, 0.00871806, 0.00689249, 0.0046076, 0.00740279, 0.00618033, 0.00532398, 0.00768903, 0.00696182, 0.00481467, 0.00768468, 0.00388044, 0.00599504, 0.00608287, 0.00733256, 0.00577484, 0.00523441, 0.00723348, 0.00566708, 0.00408413, 0.00452205, 0.00462781, 0.00710838, 0.00807451, 0.00579124, 0.0059142, 0.00742118, 0.00522663, 0.00648307, 0.00842093, 0.00810744, 0.00425134, 0.00471654, 0.00845271, 0.00713341, 0.00867968, 0.00683621, 0.0086979, 0.00803676, 0.00640183, 0.00811747, 0.00777299, 0.00805894, 0.00405511, 0.00673831, 0.00819378, 0.00536898, 0.00401354, 0.00810164, 0.00682885, 0.00496049, 0.00851413, 0.00446423, 0.00776372, 0.00726398, 0.00825615, 0.00861848, 0.00832791, 0.00464265, 0.00658243, 0.00844776];
GivenLatency = [193.515, 297.553, 148.707, 221.397, 180.23, 162.859, 135.083, 162.676, 230.686, 134.456, 250.392, 171.914, 140.503, 156.21, 251.59, 171.871, 168.131, 123.863, 117.764, 174.298, 210.505, 139.642, 167.34, 257.705, 157.435, 226.495, 197.238, 121.915, 127.716, 176.787, 239.365, 175.15, 144.901, 149.029, 164.867, 185.004, 178.639, 146.789, 205.134, 305.084, 201.398, 217.426, 198.032, 165.395, 144.573, 142.832, 164.916, 119.421, 160.12, 140.288, 267.803, 273.051, 242.224, 229.416, 244.791, 130.904, 230.01, 142.98, 335.626, 150.712, 204.034, 163.316, 324.562, 112.997, 161.095, 144.618, 149.086, 140.784, 129.77, 164.999, 235.391, 154.686, 181.626, 194.342, 164.816, 181.643, 213.886, 151.072, 269.618, 213.452, 158.709, 140.059, 217.426, 205.904, 150.393, 184.703, 296.117, 234.562, 222.752, 172.66, 129.693, 175.53, 190.009, 146.107, 202.177, 153.808, 131.431, 119.689, 249.068, 245.289, 135.678, 176.103, 137.77, 176.446, 121.913, 145.858, 164.674, 118.257, 142.151, 149.768, 260.293, 153.956, 133.143, 186.72, 310.926, 119.125, 143.606, 245.976, 113.076, 254.241, 134.363, 155.962, 119.334, 115.163, 137.794, 244.556, 196.302, 132.966];
HighestPossibleCritFunctionValue = 1.1;
