NumDevices = 128;
NumSlotes = 1024;


GivenBandwidthOld = [0.00417814, 0.00455021, 0.00795234, 0.00747882, 0.00398115, 0.00873348, 0.00613268, 0.00440978, 0.00775886, 0.00563116, 0.00532999, 0.00863941, 0.00500663, 0.00396433, 0.00607383, 0.00528401, 0.00579969, 0.00782627, 0.00859926, 0.00528962, 0.00522593, 0.00465551, 0.00759629, 0.0083423, 0.00653272, 0.00789284, 0.00747716, 0.00619238, 0.00777063, 0.00853937, 0.00873237, 0.00743967, 0.00600663, 0.00589298, 0.00584381, 0.00443028, 0.00728643, 0.00558737, 0.00434836, 0.00538386, 0.0040163, 0.00451017, 0.00500116, 0.00695386, 0.00601365, 0.00398178, 0.00428323, 0.00578265, 0.00649397, 0.00667044, 0.00754801, 0.00683918, 0.00860595, 0.00767335, 0.00853699, 0.00873023, 0.00649691, 0.00608382, 0.00833869, 0.00593995, 0.00523712, 0.00784404, 0.00724651, 0.00455885, 0.00805413, 0.00819784, 0.00854926, 0.00492411, 0.00698253, 0.00790461, 0.00535361, 0.00555134, 0.00381329, 0.00741983, 0.00762603, 0.00823536, 0.00415176, 0.00618898, 0.0056615, 0.00532622, 0.00536223, 0.00554727, 0.00548372, 0.00742596, 0.00557362, 0.00840832, 0.0062236, 0.00750529, 0.00393639, 0.00632563, 0.00742124, 0.00630107, 0.00464831, 0.00669759, 0.0038908, 0.00520152, 0.00452844, 0.00697284, 0.00507606, 0.00588675, 0.00615043, 0.0077806, 0.0061134, 0.00547937, 0.00434966, 0.00725355, 0.00794998, 0.0077983, 0.0085838, 0.00541139, 0.00680556, 0.00857555, 0.00669346, 0.00448726, 0.00493467, 0.00453569, 0.00388146, 0.00816374, 0.00552872, 0.00872786, 0.00656924, 0.00672312, 0.00800053, 0.00744167, 0.00461353, 0.00704754, 0.00543364, 0.00561577];
GivenLatency = [254.858, 271.195, 134.036, 147.298, 241.922, 121.08, 182.764, 237.915, 143.238, 169.591, 199.997, 136.029, 207.147, 248.262, 169.382, 205.844, 167.069, 143.443, 142.427, 243.486, 190.951, 257.94, 146.033, 117.618, 166.317, 130.566, 164.57, 154.432, 135.528, 112.021, 111.583, 138.064, 198.839, 203.155, 212.953, 241.016, 131.687, 184.719, 278.481, 180.338, 317.518, 211.371, 197.937, 162.336, 162.068, 259.115, 277.023, 189.582, 150.606, 179.97, 142.513, 181.14, 150.687, 142.951, 126.296, 112.65, 192.126, 160.577, 121.951, 179.021, 227.984, 130.111, 158.383, 213.098, 125.223, 138.439, 119.899, 243.2, 167.974, 159.332, 221.728, 200.577, 260.676, 171.385, 158.879, 119.722, 310.553, 181.102, 187.791, 187.235, 235.181, 209.402, 183.287, 146.861, 171.613, 150.376, 181.596, 141.93, 299.444, 186.688, 136.532, 175.005, 235.344, 160.157, 281.931, 219.886, 280.663, 149.394, 194.489, 179.697, 209.291, 166.846, 193.598, 217.274, 242.88, 147.558, 162.977, 153.085, 141.051, 205.017, 175.771, 119.104, 187.577, 225.592, 194.749, 250.969, 319.479, 142.874, 215.637, 148.225, 176.956, 160.116, 143.04, 174.194, 216.992, 135.222, 212.41, 200.685];
HighestPossibleCritFunctionValue = 1.1;
