NumDevices = 32;
NumSlotes = 256;


GivenBandwidthOld = [0.0167618, 0.0257308, 0.017161, 0.0349355, 0.0213117, 0.020481, 0.0343314, 0.0178245, 0.037202, 0.0388077, 0.0265283, 0.0212433, 0.0218735, 0.0374097, 0.0301227, 0.0319945, 0.0164053, 0.0331178, 0.0207381, 0.0294166, 0.039751, 0.0307156, 0.022312, 0.0333555, 0.0159898, 0.0254462, 0.034367, 0.0154944, 0.0249504, 0.0270734, 0.0327665, 0.0173298];
GivenLatency = [129.888, 74.964, 108.891, 59.4361, 80.7141, 111.21, 50.3557, 117.948, 52.018, 62.796, 78.5668, 107.629, 100.213, 46.3247, 74.9385, 67.9702, 117.065, 68.0653, 87.4203, 75.6513, 46.4787, 56.7224, 98.6277, 57.7565, 117.89, 65.7364, 51.0927, 122.791, 68.6727, 77.852, 72.9037, 107.243];
HighestPossibleCritFunctionValue = 1.1;
