NumDevices = 16;
NumSlotes = 128;


GivenBandwidthOld = [0.0365179, 0.0767843, 0.0330458, 0.0706077, 0.0728885, 0.0562796, 0.0605806, 0.0476393, 0.04335, 0.0541678, 0.067816, 0.0530409, 0.0782732, 0.0569419, 0.0425053, 0.0569817];
GivenLatency = [41.5806, 21.3403, 43.7871, 19.4072, 19.6345, 27.7305, 25.1254, 32.4054, 31.773, 31.2183, 21.3444, 29.4522, 25.4315, 26.2599, 33.1763, 26.6507];
HighestPossibleCritFunctionValue = 1.1;
