NumDevices = 16;
NumSlotes = 128;


GivenBandwidthOld = [0.0713108, 0.0401813, 0.046767, 0.0337582, 0.0443523, 0.0497991, 0.0443098, 0.0339583, 0.0576328, 0.0542624, 0.0586539, 0.0657007, 0.0519366, 0.0681175, 0.070892, 0.0525336];
GivenLatency = [23.0849, 45.6059, 34.7215, 55.8824, 35.6656, 32.3354, 38.9697, 46.0122, 23.2436, 30.8048, 31.7685, 27.5174, 32.2234, 25.5888, 24.9872, 25.6267];
HighestPossibleCritFunctionValue = 1.1;
