NumDevices = 16;
NumSlotes = 128;


GivenBandwidthOld = [0.0391147, 0.0612425, 0.0430497, 0.0358991, 0.056886, 0.06368, 0.0493061, 0.0683174, 0.030362, 0.0338785, 0.0567164, 0.0533066, 0.0637575, 0.0330234, 0.0435893, 0.0653817];
GivenLatency = [23.3379, 12.9853, 20.725, 27.9424, 15.714, 13.8703, 19.7362, 12.5866, 30.9088, 27.8689, 14.1474, 16.2685, 16.7213, 30.0251, 18.996, 13.1473];
HighestPossibleCritFunctionValue = 1.1;
