NumDevices = 128;
NumSlotes = 1024;


GivenBandwidthOld = [0.00524827, 0.0051757, 0.00548199, 0.0083267, 0.00426584, 0.00848185, 0.00687484, 0.00797603, 0.0056909, 0.00450286, 0.00712313, 0.00593805, 0.00831845, 0.00570576, 0.00428073, 0.00379332, 0.00679143, 0.00600028, 0.00413872, 0.00700607, 0.00848579, 0.00813245, 0.00465587, 0.00379031, 0.00629397, 0.00525286, 0.00736675, 0.00545187, 0.00706121, 0.00529124, 0.00744224, 0.00428684, 0.0064383, 0.00605582, 0.00759233, 0.00674768, 0.00583572, 0.00842826, 0.00621138, 0.0071054, 0.00795937, 0.00566478, 0.00546221, 0.00592592, 0.0044816, 0.00479811, 0.0043368, 0.00614539, 0.00802509, 0.00526746, 0.00775477, 0.006919, 0.00511134, 0.00382082, 0.0040679, 0.00670977, 0.00857031, 0.00378283, 0.00549741, 0.00748048, 0.00689085, 0.00695516, 0.00782821, 0.00623174, 0.00433187, 0.00817511, 0.00660632, 0.00489488, 0.00571245, 0.00664748, 0.00666738, 0.0062026, 0.00463011, 0.00577534, 0.00867061, 0.00444608, 0.00775598, 0.00723434, 0.0049826, 0.00511394, 0.00744109, 0.00493012, 0.00797302, 0.00508059, 0.00698055, 0.00452241, 0.00564895, 0.00439031, 0.00547309, 0.00868374, 0.00506063, 0.00648159, 0.00853167, 0.00426434, 0.0083178, 0.00474, 0.00773963, 0.00750823, 0.00833208, 0.00484092, 0.00385398, 0.00638295, 0.00576504, 0.00555934, 0.00839859, 0.00752448, 0.00643257, 0.00477746, 0.00734553, 0.00375116, 0.00822932, 0.00775473, 0.0062826, 0.0041161, 0.00677405, 0.00393242, 0.00474186, 0.00390408, 0.00834986, 0.00861296, 0.00549324, 0.00733801, 0.00748373, 0.00648592, 0.00628462, 0.0081007, 0.00594226, 0.0040351];
GivenLatency = [221.189, 234.158, 229.334, 130.839, 228.366, 143.152, 143.193, 147.031, 170.67, 255.155, 177.68, 181.573, 118.43, 206.88, 242.646, 317.231, 140.492, 171.002, 287.185, 166.776, 128.431, 122.298, 219.432, 268.499, 153.24, 194.757, 150.244, 230.857, 153.201, 195.224, 148.745, 226.736, 192.21, 172.841, 169.696, 188.941, 192.073, 147.658, 206.937, 148.713, 120.514, 218.537, 198.202, 163.407, 250.781, 232.557, 244.584, 198.884, 147.078, 199.092, 132.619, 167.541, 216.15, 251.444, 253.15, 166.7, 133.742, 331.983, 194.608, 164.292, 141.995, 144.211, 132.607, 190.766, 236.544, 153.339, 187.387, 222.49, 167.063, 157.44, 185.399, 167.066, 246.52, 222.817, 115.144, 215.562, 135.159, 146.368, 223.957, 248.825, 141.707, 259.692, 121.588, 239.662, 153.422, 266.548, 177.781, 263.832, 225.823, 118.209, 240.61, 150.016, 143.525, 269.832, 127.031, 229.112, 128.031, 152.331, 145.51, 200.026, 300.804, 149.39, 174.177, 203.277, 146.013, 133.677, 162.429, 201.19, 171.624, 294.784, 128.332, 164.289, 179.284, 281.063, 146.928, 298.975, 228.655, 270.458, 128.086, 150.177, 179.719, 146.562, 151.757, 193.651, 185.235, 120.076, 185.251, 253.164];
HighestPossibleCritFunctionValue = 1.1;
