NumDevices = 32;
NumSlotes = 256;


GivenBandwidthOld = [0.0203244, 0.0268859, 0.0317096, 0.0290103, 0.0358995, 0.022898, 0.0320627, 0.0376465, 0.0345892, 0.0261707, 0.0367567, 0.0299793, 0.0218161, 0.0238776, 0.0210652, 0.0283802, 0.0204562, 0.0171963, 0.0280041, 0.024706, 0.0194876, 0.0386908, 0.036733, 0.0311634, 0.0224964, 0.0317593, 0.0391089, 0.0388153, 0.0287133, 0.0188193, 0.0317335, 0.0304398];
GivenLatency = [85.1085, 78.2526, 60.4321, 78.5846, 60.2908, 77.8773, 52.0513, 55.0821, 66.027, 69.5511, 47.4532, 82.4175, 113.333, 99.9597, 106.739, 82.2071, 103.085, 143.96, 69.9995, 100.28, 123.469, 51.6493, 64.1897, 76.4012, 100.928, 65.4898, 59.0753, 43.9633, 69.4935, 98.8745, 56.3388, 55.4198];
HighestPossibleCritFunctionValue = 1.1;
