NumDevices = 128;
NumSlotes = 1024;


GivenBandwidthOld = [0.00686473, 0.00922688, 0.00998717, 0.00694971, 0.00625308, 0.00421103, 0.00857569, 0.00907225, 0.00474028, 0.00989433, 0.00895004, 0.00706943, 0.00596363, 0.0082546, 0.00626422, 0.00406531, 0.00945538, 0.00653947, 0.00520088, 0.00737565, 0.00881767, 0.0073303, 0.00909103, 0.00801946, 0.00429622, 0.00902303, 0.00882386, 0.00506526, 0.00926898, 0.00493774, 0.00979089, 0.00801332, 0.00731602, 0.00652053, 0.00559384, 0.00564268, 0.00776915, 0.00982211, 0.00770079, 0.00470459, 0.00375821, 0.00423843, 0.00651664, 0.00897428, 0.00830566, 0.00820565, 0.00856147, 0.00766949, 0.00982476, 0.00852739, 0.0099124, 0.0065193, 0.00992826, 0.00429098, 0.00844336, 0.0037822, 0.00748061, 0.00410459, 0.00715507, 0.00771063, 0.00761143, 0.00904072, 0.00617316, 0.00477885, 0.00812153, 0.00729556, 0.00654329, 0.00685627, 0.00451906, 0.0044105, 0.0047561, 0.00694504, 0.00911852, 0.00739289, 0.00472404, 0.00572504, 0.00444214, 0.00523011, 0.0049926, 0.00693378, 0.0072714, 0.00663178, 0.00652912, 0.00610804, 0.00402319, 0.00776117, 0.0069523, 0.00613494, 0.0061636, 0.00657932, 0.00620803, 0.00959947, 0.00950262, 0.00680335, 0.00888726, 0.00818936, 0.00987398, 0.00440557, 0.00935053, 0.00692935, 0.00790744, 0.00906384, 0.00727162, 0.00404985, 0.00582409, 0.00665495, 0.00849033, 0.00577596, 0.00401745, 0.00506447, 0.00857768, 0.00506793, 0.00424286, 0.00608252, 0.00646715, 0.00843047, 0.00593724, 0.0084053, 0.00792271, 0.00953783, 0.00484607, 0.00665582, 0.00436087, 0.00816221, 0.00976491, 0.00885904, 0.00896348, 0.0079609];
GivenLatency = [555.883, 404.498, 361.232, 556.404, 679.384, 1050.93, 457.71, 447.939, 766.796, 361.821, 484.453, 528.126, 785.929, 428.291, 624.325, 923.388, 412.939, 668.712, 813.659, 532.977, 458.063, 585.589, 376.266, 426.016, 823.428, 489.74, 380.141, 724.055, 425.303, 850.118, 345.098, 555.78, 515.095, 671.241, 640.305, 619.805, 578.672, 353.267, 514.819, 820.029, 1220.16, 961.318, 627.649, 501.266, 525.117, 497.138, 516.301, 554.812, 454.92, 396.992, 352.165, 606.758, 372.017, 955.754, 469.544, 1067.72, 474.7, 881.965, 499.346, 452.492, 558.181, 474.278, 770.993, 747.023, 476.025, 602.848, 741.664, 533.512, 1032.14, 958.07, 824.985, 580.866, 377.379, 572.923, 774.178, 750.892, 1033.63, 851.747, 823.497, 696.82, 524.606, 610.677, 757.57, 747.122, 946.27, 548.466, 624.235, 550.326, 630.411, 594.339, 564.713, 479.329, 409.16, 513.111, 447.228, 463.358, 358.512, 1002.91, 408.902, 540.303, 604.014, 538.11, 599.786, 923.933, 573.476, 549.594, 412.467, 612.855, 896.845, 700.015, 430.364, 748.1, 1068.97, 606.443, 632.402, 470.859, 631.187, 480.094, 492.582, 450.139, 787.297, 579.241, 1005.37, 444.318, 407.937, 394.981, 436.214, 472.552];
HighestPossibleCritFunctionValue = 1.1;
