NumDevices = 16;
NumSlotes = 128;


GivenBandwidthOld = [0.0407669, 0.0385234, 0.0334168, 0.0565186, 0.0779545, 0.0516693, 0.0758598, 0.0458757, 0.0536468, 0.0622688, 0.0725382, 0.0698058, 0.046756, 0.0475986, 0.060216, 0.0704844];
GivenLatency = [40.6991, 35.5846, 49.6126, 31.7049, 21.9798, 36.6786, 20.3155, 33.2789, 24.9901, 28.0225, 20.8314, 26.047, 36.1194, 37.3369, 28.6728, 23.0973];
HighestPossibleCritFunctionValue = 1.1;
