NumDevices = 128;
NumSlotes = 1024;


GivenBandwidthOld = [0.00366035, 0.00257529, 0.00350457, 0.00312488, 0.00300053, 0.00364031, 0.00327179, 0.00338761, 0.00304214, 0.00308078, 0.00235026, 0.00261572, 0.00170336, 0.00207731, 0.00274362, 0.00140453, 0.00163708, 0.00381042, 0.00293831, 0.00160673, 0.00309429, 0.00140201, 0.00294881, 0.00322871, 0.0043301, 0.00291591, 0.0033585, 0.00137237, 0.00171552, 0.00339456, 0.00429967, 0.00385091, 0.00225431, 0.00257842, 0.00299713, 0.00272257, 0.00383724, 0.00382537, 0.00422023, 0.0031302, 0.00178947, 0.00256956, 0.00413254, 0.00435808, 0.00431431, 0.00303107, 0.00437414, 0.00234297, 0.00209892, 0.00342648, 0.00325176, 0.00425368, 0.00277358, 0.0017846, 0.00187227, 0.00343584, 0.0043099, 0.00401907, 0.00355717, 0.00282357, 0.00139713, 0.00226898, 0.0022757, 0.0027263, 0.00410879, 0.0019965, 0.00399949, 0.00261298, 0.00265652, 0.00320399, 0.00135898, 0.00154843, 0.00137413, 0.00305345, 0.00247731, 0.0035942, 0.00336301, 0.00218719, 0.00267304, 0.0027112, 0.00336762, 0.00148145, 0.00366319, 0.00348015, 0.0021459, 0.00243555, 0.00176451, 0.00180022, 0.00193309, 0.00378453, 0.00215636, 0.0032744, 0.0035004, 0.00180657, 0.00241395, 0.00128149, 0.0024382, 0.00260114, 0.00366583, 0.0040635, 0.00336984, 0.00128872, 0.00203493, 0.00300286, 0.00212695, 0.00268059, 0.00146735, 0.00418611, 0.00156241, 0.0018435, 0.00426287, 0.00421815, 0.00254765, 0.00142229, 0.00312725, 0.00212891, 0.00436168, 0.00237668, 0.00303411, 0.00239734, 0.00341805, 0.00213393, 0.00429084, 0.00235617, 0.00202753, 0.00356324, 0.0017907, 0.00437496];
GivenLatency = [96.6822, 137.447, 106.203, 133.321, 117.707, 132.773, 102.222, 172.164, 112.933, 103.239, 166.828, 132.478, 236.725, 158.343, 193.826, 428.616, 222.038, 87.9634, 207.08, 298.649, 164.909, 461.728, 119.823, 178.999, 77.9182, 108.749, 157.66, 393.762, 233.955, 115.782, 85.3334, 164.865, 223.71, 126.331, 148.887, 127.295, 83.9434, 92.6053, 137.526, 123.52, 352.783, 143.805, 104.643, 83.7459, 96.5806, 103.297, 95.6628, 148.019, 233.302, 119.467, 112.239, 110.179, 129.634, 198.353, 222.772, 135.633, 116.307, 132.405, 129.102, 223.986, 446.356, 157.981, 158.138, 133.774, 127.409, 160.426, 135.131, 190.962, 124.801, 113.465, 342.913, 296.04, 244.55, 178.634, 146.047, 113.872, 194.42, 215.278, 158.912, 212.67, 162.86, 291.294, 132.038, 166.929, 221.879, 256.888, 264.795, 314.236, 230.439, 92.6988, 272.617, 125.038, 135.419, 210.02, 132.811, 446.772, 238.03, 175.433, 90.7828, 86.3179, 114.173, 282.175, 208.25, 109.718, 221.122, 126.847, 284.523, 138.1, 212.831, 193.556, 89.4666, 80.4316, 139.445, 393.943, 121.26, 224.182, 121.606, 268.465, 116.392, 192.063, 93.3842, 159.109, 91.1979, 241.284, 156.898, 88.3836, 200.47, 73.7948];
HighestPossibleCritFunctionValue = 1.1;
