NumDevices = 64;
NumSlotes = 512;


GivenBandwidthOld = [0.017608, 0.0179765, 0.0103546, 0.00949322, 0.00750917, 0.0116934, 0.010406, 0.0110467, 0.0167029, 0.0177389, 0.0171232, 0.0199436, 0.00990718, 0.0149461, 0.0166299, 0.0166427, 0.0194938, 0.0122819, 0.0144429, 0.00910478, 0.0165265, 0.0166565, 0.0129326, 0.0138827, 0.0182241, 0.00973442, 0.0114551, 0.0177978, 0.00797092, 0.00968925, 0.014717, 0.0165856, 0.00926345, 0.00822882, 0.0193239, 0.0186801, 0.0117833, 0.00982925, 0.0176696, 0.0146717, 0.0168705, 0.0102208, 0.0117019, 0.0155864, 0.0152894, 0.0120404, 0.0171652, 0.0126175, 0.0171558, 0.0173681, 0.0109115, 0.00759822, 0.00828809, 0.0154054, 0.0118216, 0.0151524, 0.00874448, 0.0108931, 0.0102136, 0.0152877, 0.0198985, 0.0135137, 0.017185, 0.00844676];
GivenLatency = [127.037, 135.633, 236.325, 286.85, 400.281, 275.193, 266.915, 237.982, 136.39, 184.185, 193.228, 134.691, 261.481, 197.116, 195.492, 189.255, 132.996, 267.868, 186.858, 280.303, 147.507, 153.042, 195.719, 174.597, 157.997, 247.174, 206.248, 157.489, 360.809, 270.852, 151.706, 179.277, 266.2, 281.788, 154.044, 121.217, 273.569, 241.382, 166.777, 200.693, 136.256, 276.071, 256.971, 172.356, 156.624, 220.409, 180.069, 223.187, 161.207, 135.084, 249.195, 395.416, 324.946, 149.443, 204.671, 198.925, 254.218, 265.798, 251.23, 181.858, 116.114, 183.311, 133.201, 282.175];
HighestPossibleCritFunctionValue = 1.1;
