NumDevices = 16;
NumSlotes = 128;


GivenBandwidthOld = [0.0528834, 0.0310489, 0.0590755, 0.0621156, 0.0362699, 0.0477266, 0.0406746, 0.0382318, 0.0625222, 0.030016, 0.0592769, 0.0464925, 0.0587334, 0.031553, 0.0513666, 0.0585901];
GivenLatency = [15.2494, 28.2917, 13.3618, 14.6, 22.8732, 17.9563, 23.9051, 23.6749, 14.5058, 31.5656, 17.3341, 18.4521, 15.9257, 24.7431, 18.9502, 14.321];
HighestPossibleCritFunctionValue = 1.1;
