NumDevices = 16;
NumSlotes = 128;


GivenBandwidthOld = [0.0386451, 0.0487429, 0.0426888, 0.0505253, 0.0381159, 0.0335972, 0.0479205, 0.0601502, 0.0438728, 0.0307875, 0.0649066, 0.0659826, 0.0695589, 0.0556453, 0.049791, 0.0566287];
GivenLatency = [21.73, 19.7, 19.7415, 18.0949, 22.078, 25.6876, 20.7125, 12.8599, 18.8078, 33.8502, 12.0849, 13.6961, 11.4531, 14.6633, 22.2702, 14.0006];
HighestPossibleCritFunctionValue = 1.1;
