NumDevices = 128;
NumSlotes = 1024;


GivenBandwidthOld = [0.00517077, 0.00756517, 0.00531101, 0.00467761, 0.00401993, 0.00540355, 0.00502332, 0.00438741, 0.00671109, 0.00578316, 0.00499083, 0.00830089, 0.00557815, 0.00452791, 0.00801259, 0.00509317, 0.00846548, 0.00678739, 0.00822583, 0.00412016, 0.00503916, 0.00571261, 0.00438444, 0.00674727, 0.00393983, 0.00416775, 0.00480594, 0.00588766, 0.00641882, 0.00853611, 0.00398042, 0.00643524, 0.00462546, 0.00754057, 0.00682131, 0.00818579, 0.00614898, 0.00843516, 0.00717352, 0.00778165, 0.00867754, 0.00587197, 0.00770386, 0.00634587, 0.00750336, 0.00647824, 0.00728762, 0.00558061, 0.00578195, 0.00473994, 0.00664331, 0.00669487, 0.00813855, 0.00713044, 0.00381937, 0.00458013, 0.0057552, 0.00518981, 0.00755806, 0.00574362, 0.00546156, 0.00493207, 0.00571984, 0.00588992, 0.00432349, 0.00735165, 0.00667688, 0.00575417, 0.00790969, 0.00567179, 0.00830656, 0.00578253, 0.00450173, 0.00806878, 0.00443521, 0.00515485, 0.00504183, 0.00551768, 0.00809471, 0.00532223, 0.00820032, 0.0053337, 0.00596736, 0.00590536, 0.00385344, 0.00734044, 0.00832, 0.00672613, 0.00862266, 0.00858605, 0.00817828, 0.00489834, 0.0038403, 0.00647682, 0.00840428, 0.00828942, 0.00780047, 0.00506485, 0.00750327, 0.00489391, 0.00443548, 0.00461721, 0.00394249, 0.00400423, 0.00664043, 0.00821798, 0.00715959, 0.00376253, 0.00426298, 0.00533707, 0.00770192, 0.00871996, 0.00395286, 0.00823753, 0.00560292, 0.0058065, 0.00733752, 0.00414266, 0.00811514, 0.00857841, 0.00484285, 0.00626748, 0.00499788, 0.00687731, 0.00447947, 0.00386987, 0.0084166, 0.00523897];
GivenLatency = [248.144, 164.404, 232.175, 240.919, 303.927, 199.247, 207.828, 237.389, 156.422, 202.448, 216.59, 119.356, 203.219, 263.484, 123.578, 190.307, 150.548, 176.286, 119.589, 280.802, 191.951, 174.446, 224.145, 163.395, 270.805, 250.74, 211.713, 184.143, 164.692, 113.31, 275.217, 187.884, 274.438, 130.126, 165.377, 151.06, 199.845, 126.337, 151.425, 130.522, 126.959, 200.523, 125.147, 155.568, 164.342, 194.601, 166.099, 228.716, 190.096, 255.63, 148.327, 181.761, 145.531, 138.662, 283.904, 247.554, 173.729, 188.679, 149.177, 190.386, 233.732, 236.025, 186.378, 173.44, 243.562, 152.331, 184.756, 201.553, 134.16, 222.011, 115.563, 195.526, 259.259, 118.996, 215.391, 237.019, 232.569, 199.848, 142.322, 213.242, 122.838, 185.841, 183.933, 185.733, 311.875, 132.191, 136.027, 169.528, 118.499, 121.42, 132.421, 212.844, 306.166, 179.529, 154.505, 148.938, 141.376, 237.443, 131.215, 251.619, 216.03, 241.18, 270.468, 267.683, 181.684, 125.784, 156.883, 263.89, 268.092, 179.641, 168.605, 140.265, 255.919, 121.196, 177.781, 205.399, 134.717, 236.908, 131.818, 124.377, 216.482, 198.175, 203.783, 160.924, 253.045, 249.614, 149.428, 193.42];
HighestPossibleCritFunctionValue = 1.1;
