NumDevices = 16;
NumSlotes = 128;


GivenBandwidthOld = [0.0516041, 0.049927, 0.0628565, 0.0483395, 0.062789, 0.0347419, 0.0475874, 0.0610413, 0.0614151, 0.0642766, 0.0371645, 0.0439942, 0.0305879, 0.0301369, 0.0509717, 0.0606663];
GivenLatency = [19.6929, 18.5642, 13.5109, 19.6942, 13.0591, 30.8873, 23.1434, 13.4219, 13.9733, 17.1409, 20.808, 23.9642, 32.3212, 27.8117, 15.506, 17.255];
HighestPossibleCritFunctionValue = 1.1;
