NumDevices = 128;
NumSlotes = 1024;


GivenBandwidthOld = [0.00716555, 0.00383483, 0.00442565, 0.00434761, 0.00783952, 0.00630333, 0.0076316, 0.00681021, 0.00664272, 0.00666103, 0.00445957, 0.00454909, 0.00412448, 0.00767957, 0.00803558, 0.00640436, 0.00565347, 0.00539003, 0.00776085, 0.00417611, 0.00536295, 0.00761311, 0.00597632, 0.00659513, 0.00689551, 0.00533057, 0.00841157, 0.00571966, 0.00788173, 0.00580155, 0.00411198, 0.00761892, 0.00867497, 0.00766204, 0.00836788, 0.00646966, 0.0080195, 0.00626678, 0.00829276, 0.00396136, 0.00615959, 0.00673257, 0.00673632, 0.0048799, 0.00398922, 0.00428698, 0.0037771, 0.00415074, 0.00390879, 0.00745986, 0.00533311, 0.0060967, 0.00478926, 0.00564307, 0.00550081, 0.00461634, 0.00430554, 0.00571747, 0.00601081, 0.00615476, 0.00554451, 0.00410266, 0.00595129, 0.00575494, 0.00577076, 0.00671905, 0.00453252, 0.00554432, 0.00590297, 0.00869967, 0.00785304, 0.00854408, 0.00782554, 0.00635358, 0.00705865, 0.00724645, 0.00855359, 0.00768293, 0.00447223, 0.00723307, 0.0086363, 0.00776984, 0.00525888, 0.00857505, 0.00832449, 0.00718427, 0.00849549, 0.00619012, 0.00489148, 0.00853703, 0.00430926, 0.00832017, 0.00454359, 0.0065687, 0.00772401, 0.00493252, 0.00843997, 0.00805259, 0.00730343, 0.00630803, 0.00659904, 0.00756955, 0.00389524, 0.00480013, 0.00826368, 0.00522241, 0.00553852, 0.00836359, 0.00442675, 0.00794898, 0.00593518, 0.00503089, 0.0066259, 0.00400556, 0.00398362, 0.00518784, 0.00456971, 0.00567815, 0.00513837, 0.00815975, 0.00849497, 0.00744556, 0.00509003, 0.00559843, 0.00534386, 0.00683046, 0.00706552, 0.00767812];
GivenLatency = [133.993, 252.083, 232.246, 221.882, 126.528, 165.598, 126.559, 189.795, 188.314, 165.788, 236.569, 227.594, 264.486, 129.653, 152.84, 158.728, 202.075, 209.143, 123.945, 289.041, 193.042, 148.582, 195.36, 169.144, 161.606, 236.23, 137.455, 169.362, 130.026, 193.905, 244.251, 147.049, 122.078, 143.949, 137.565, 177.462, 124.872, 206.823, 147.369, 321.889, 165.476, 182.727, 146.591, 225.535, 253.322, 243.347, 270.793, 307.562, 257.892, 141.109, 205.31, 202.773, 269.607, 177.771, 173.339, 221.681, 225.297, 194.678, 185.735, 185.984, 181.28, 248.967, 186.28, 196.107, 171.2, 157.243, 256.535, 232.842, 190.215, 138.398, 126.362, 111.992, 155.574, 163.611, 177.182, 161.958, 114.668, 142.245, 246.188, 131.72, 136.708, 156.232, 186.482, 111.585, 127.683, 137.419, 117.713, 195.278, 219.772, 127.832, 247.526, 122.863, 227.4, 179.771, 161.308, 252.186, 124.475, 135.071, 146.22, 157.841, 144.423, 136.079, 325.2, 230.391, 138.073, 213.219, 203.226, 137.146, 243.325, 163.176, 180.337, 213.842, 156.41, 242.024, 259.18, 189.164, 259.478, 220.769, 214.88, 131.224, 133.752, 148.452, 191.33, 228.544, 180.333, 173.137, 162.724, 139.789];
HighestPossibleCritFunctionValue = 1.1;
