NumDevices = 64;
NumSlotes = 512;


GivenBandwidthOld = [0.0117092, 0.0132987, 0.0156637, 0.0154038, 0.00987802, 0.0124418, 0.014637, 0.0082833, 0.00992415, 0.0127079, 0.0111624, 0.0114104, 0.0164223, 0.0137649, 0.0140335, 0.0164123, 0.00831874, 0.0179935, 0.00985821, 0.0169047, 0.00918632, 0.0119418, 0.0108973, 0.0177412, 0.0193778, 0.0118596, 0.0168666, 0.0194568, 0.0161103, 0.00851464, 0.0105621, 0.0105403, 0.0179924, 0.015088, 0.014298, 0.0120819, 0.0158436, 0.0125788, 0.0174406, 0.0174727, 0.0191983, 0.00871582, 0.0167324, 0.0140124, 0.0108172, 0.00900133, 0.0154319, 0.0185561, 0.0144296, 0.0113389, 0.0156937, 0.0195682, 0.0124026, 0.0186206, 0.010924, 0.0178008, 0.00808648, 0.0145503, 0.0142273, 0.0108066, 0.0193107, 0.00945654, 0.0159954, 0.0154797];
GivenLatency = [255.354, 243.953, 143.943, 208.442, 250.765, 205.218, 194.497, 352.417, 335.422, 178.204, 226.033, 198.07, 136.11, 186.716, 176.359, 166.971, 339.475, 145.578, 263.322, 171.862, 263.505, 187.209, 210.217, 131.316, 121.278, 242.571, 165.647, 116.715, 182.291, 362.561, 261.902, 214.378, 131.578, 216.909, 183.977, 257.495, 142.504, 249.002, 185.694, 129.717, 124.064, 308.513, 166.256, 177.607, 276.163, 279.157, 167.557, 122.962, 157.115, 226.849, 184.303, 149.376, 208.863, 131.044, 220.225, 140.83, 340.762, 155.177, 161.733, 263.064, 128.488, 270.229, 169.021, 144.572];
HighestPossibleCritFunctionValue = 1.1;
