NumDevices = 16;
NumSlotes = 128;


GivenBandwidthOld = [0.0455115, 0.0517001, 0.0639125, 0.03694, 0.0305281, 0.0659408, 0.0468207, 0.0555871, 0.0318573, 0.0459412, 0.0334457, 0.0623247, 0.0317626, 0.0532779, 0.0609122, 0.051276];
GivenLatency = [19.1015, 20.9649, 12.4852, 24.8785, 29.9042, 12.8279, 21.909, 19.1169, 29.9486, 16.8171, 23.8357, 14.5048, 29.6564, 16.8507, 15.2978, 15.7633];
HighestPossibleCritFunctionValue = 1.1;
