NumDevices = 32;
NumSlotes = 256;


GivenBandwidthOld = [0.0126161, 0.00810639, 0.0141739, 0.0158741, 0.016514, 0.00765918, 0.010338, 0.00744936, 0.00882703, 0.0133961, 0.00597068, 0.00664352, 0.015099, 0.0134928, 0.00549885, 0.0141642, 0.0149379, 0.00662439, 0.00617205, 0.0160624, 0.0057627, 0.0111417, 0.0168488, 0.0103187, 0.00863333, 0.00784261, 0.00569029, 0.00676234, 0.0121956, 0.0162647, 0.0174969, 0.0153384];
GivenLatency = [29.987, 58.9591, 35.3476, 20.244, 23.5283, 59.2041, 40.5671, 64.2388, 35.2, 36.1283, 73.1931, 75.7025, 26.1497, 23.8761, 94.3774, 37.0065, 29.3417, 68.4077, 65.9633, 25.9428, 107.556, 32.0384, 25.8821, 30.0507, 37.2903, 55.7054, 87.83, 82.5182, 31.8602, 20.264, 31.3893, 33.8375];
HighestPossibleCritFunctionValue = 1.1;
