NumDevices = 16;
NumSlotes = 128;


GivenBandwidthOld = [0.0404843, 0.0392885, 0.0414344, 0.0579987, 0.0533801, 0.0793801, 0.0614081, 0.0560503, 0.0576062, 0.0566563, 0.0428975, 0.0483335, 0.0606591, 0.0676371, 0.0461596, 0.0744908];
GivenLatency = [46.3166, 48.4201, 40.1149, 25.3507, 26.8945, 22.38, 28.0884, 24.1921, 31.7479, 31.9409, 35.2447, 30.9827, 26.395, 21.7398, 35.0546, 22.9572];
HighestPossibleCritFunctionValue = 1.1;
