NumDevices = 64;
NumSlotes = 512;


GivenBandwidthOld = [0.0124504, 0.00923856, 0.0174223, 0.0112561, 0.0165686, 0.0128581, 0.0112236, 0.00989558, 0.00994102, 0.0136835, 0.0139697, 0.0138204, 0.0138642, 0.0109409, 0.00830605, 0.014815, 0.0113024, 0.0145031, 0.0085078, 0.0155413, 0.00774266, 0.0158153, 0.0128788, 0.00930395, 0.0164307, 0.0159954, 0.00965536, 0.0126668, 0.0158888, 0.00869508, 0.013249, 0.0101234, 0.00981066, 0.0127545, 0.00905822, 0.0164947, 0.0115658, 0.0116036, 0.016715, 0.013215, 0.00867609, 0.0140252, 0.016567, 0.0161397, 0.015684, 0.0164422, 0.00884215, 0.0149394, 0.0113931, 0.00867552, 0.0143959, 0.00773395, 0.00957553, 0.0109077, 0.010944, 0.0102177, 0.0131254, 0.0134, 0.00954963, 0.0156445, 0.0121179, 0.010448, 0.0143845, 0.0148021];
GivenLatency = [82.8188, 118.834, 70.3132, 108.97, 56.622, 82.9058, 94.0712, 93.8911, 109.341, 79.9183, 78.3186, 68.6765, 88.2207, 102.249, 124.244, 64.8193, 87.9322, 70.3157, 135.965, 66.9677, 146.373, 68.01, 70.7007, 102.086, 63.4894, 58.7804, 96.1031, 93.1656, 70.9304, 125.58, 87.9791, 122.837, 125.824, 77.5717, 108.175, 61.6377, 85.4423, 104.375, 61.5979, 73.7181, 121.792, 71.5776, 62.5563, 61.4134, 72.0295, 72.9116, 132.071, 80.8827, 100.072, 106.21, 82.0645, 130.569, 115.753, 86.3712, 83.2591, 106.502, 91.9983, 68.9013, 97.4681, 63.0614, 83.3406, 92.4532, 74.0699, 63.8808];
HighestPossibleCritFunctionValue = 1.1;
