NumDevices = 128;
NumSlotes = 1024;


GivenBandwidthOld = [0.00393592, 0.00974582, 0.00675647, 0.00851254, 0.00396033, 0.00754259, 0.00836243, 0.00613568, 0.0061111, 0.00542659, 0.00716525, 0.00381835, 0.00873516, 0.00805974, 0.00629115, 0.00657121, 0.00733824, 0.00506375, 0.00887657, 0.00969466, 0.0094357, 0.00699311, 0.00441321, 0.00653297, 0.00830667, 0.00653332, 0.00805842, 0.00918038, 0.00969482, 0.00576717, 0.00641042, 0.0048562, 0.00816242, 0.00700014, 0.00385244, 0.00668105, 0.00971434, 0.00886868, 0.00837707, 0.00842379, 0.00610017, 0.0093883, 0.00414472, 0.00658862, 0.0062292, 0.00914399, 0.00431729, 0.00688312, 0.00591807, 0.00498956, 0.00582514, 0.00565926, 0.00525118, 0.00908949, 0.00705797, 0.00711172, 0.00421584, 0.00820593, 0.0070747, 0.00696157, 0.00566892, 0.00498081, 0.00871268, 0.00531709, 0.00436975, 0.00734347, 0.00547716, 0.00706233, 0.00538875, 0.00865134, 0.00555178, 0.00497925, 0.00753079, 0.00994964, 0.00732768, 0.0087412, 0.00967927, 0.00706685, 0.00622592, 0.00406367, 0.00681611, 0.00469165, 0.00500274, 0.00863569, 0.00510059, 0.00939733, 0.00588261, 0.0090857, 0.00582858, 0.00723454, 0.00591521, 0.00693013, 0.00840738, 0.00533473, 0.00701951, 0.00448492, 0.00551399, 0.00744291, 0.00790607, 0.00477101, 0.00756676, 0.00835744, 0.00980661, 0.0096364, 0.00528749, 0.00687064, 0.00858191, 0.00737598, 0.00817698, 0.00792939, 0.00934305, 0.0061687, 0.00481466, 0.00992736, 0.00783238, 0.00388655, 0.00498985, 0.00436175, 0.00417049, 0.00846624, 0.00701017, 0.00375037, 0.00380008, 0.00795312, 0.00811677, 0.00850651, 0.00888673, 0.00553951];
GivenLatency = [1152.02, 374.627, 632.726, 444.822, 865.607, 583.933, 420.52, 585.396, 606.464, 659.124, 688.443, 1046.2, 410.975, 596.603, 540.465, 671.862, 562.025, 812.948, 408.619, 362.467, 378.227, 510.6, 917.689, 681.828, 464.448, 542.595, 574.981, 476.298, 482.34, 671.132, 528.867, 857.524, 463.687, 565.81, 905.282, 591.793, 413.144, 379.462, 452.537, 435.852, 617.022, 405.922, 1084.08, 612.049, 720.561, 452.255, 879.462, 667.565, 750.482, 762.658, 576.193, 725.155, 836.751, 439.419, 544.031, 690.879, 830.522, 490.252, 555.594, 529.063, 674.805, 944.953, 523.585, 707.136, 889.868, 577.935, 792.215, 480.79, 645.453, 518.589, 752.042, 753.073, 482.441, 493.886, 572.24, 426.188, 380.905, 475.262, 611.688, 1068.26, 584.793, 737.739, 918.427, 475.48, 700.009, 456.145, 627.07, 520.879, 645.943, 478.787, 610.97, 705.325, 527.064, 726.469, 665.657, 947.472, 866.984, 648.036, 473.392, 864.444, 539.323, 537.914, 402.068, 378.197, 727.462, 510.949, 425.908, 585.54, 450.577, 579.571, 415.236, 588.02, 830.893, 381.553, 559.392, 1208.16, 856.585, 839.976, 927.357, 448.412, 604.841, 955.041, 923.222, 587.641, 450.247, 533.725, 416.049, 768.734];
HighestPossibleCritFunctionValue = 1.1;
