NumDevices = 128;
NumSlotes = 1024;


GivenBandwidthOld = [0.00956636, 0.00937779, 0.00879025, 0.00904361, 0.0047572, 0.00683897, 0.00761532, 0.00566889, 0.00445175, 0.0042582, 0.00764731, 0.00587083, 0.00477822, 0.00383616, 0.00809628, 0.00788388, 0.0069643, 0.00781201, 0.00523881, 0.00748404, 0.00544224, 0.007753, 0.00723468, 0.0081962, 0.00611848, 0.00457853, 0.00391568, 0.00703086, 0.00763977, 0.00416739, 0.00631464, 0.00759355, 0.00851553, 0.00424725, 0.00475908, 0.00715673, 0.00442802, 0.00543103, 0.00674199, 0.0088199, 0.00726236, 0.00466839, 0.00784952, 0.00438031, 0.00982572, 0.00580722, 0.00439374, 0.00442262, 0.00852878, 0.00815726, 0.00779331, 0.00968305, 0.00796499, 0.00751622, 0.00886904, 0.00822508, 0.00398564, 0.00793203, 0.00987171, 0.00389734, 0.00512564, 0.00537998, 0.00507395, 0.0053531, 0.00953666, 0.00385552, 0.00849856, 0.00661163, 0.00545133, 0.0043024, 0.00661638, 0.00398994, 0.00524974, 0.00981283, 0.00792082, 0.00899027, 0.00825507, 0.00793241, 0.00995613, 0.00397251, 0.00596076, 0.00996394, 0.00397693, 0.00532604, 0.00472888, 0.00574283, 0.00978144, 0.00533245, 0.00629841, 0.00993219, 0.00774986, 0.00432583, 0.00667646, 0.00759618, 0.00900888, 0.00841162, 0.00790105, 0.00795063, 0.00380742, 0.00634425, 0.00524997, 0.00743663, 0.0087654, 0.00376209, 0.00698755, 0.00481595, 0.00666089, 0.00833739, 0.00403109, 0.00920682, 0.00400127, 0.00811996, 0.00585129, 0.00762149, 0.00939577, 0.00467112, 0.00384098, 0.00790389, 0.00561146, 0.00809121, 0.00399522, 0.0063571, 0.00878985, 0.00844432, 0.0073898, 0.00911872, 0.0045858, 0.00734127];
GivenLatency = [444.402, 401.045, 438.967, 386.613, 752.956, 684.751, 543.091, 644.076, 879.35, 874.811, 440.488, 586.359, 897.349, 910.191, 415.417, 566.806, 707.369, 477.972, 718.595, 666.059, 759.2, 480.747, 574.101, 529.312, 641.065, 908.05, 1072.61, 554.581, 452.928, 998.547, 638.248, 507.339, 537.773, 1101.75, 996.533, 563.219, 953.578, 656.066, 604.861, 510.907, 470.943, 1043, 503.294, 834.351, 469.583, 793.063, 937.13, 961.787, 531.171, 473.249, 456.843, 425.515, 433.142, 555.198, 418.861, 550.82, 1190.5, 564.159, 466.349, 885.96, 892.12, 843.442, 762.414, 795.166, 415.166, 1054.73, 543.985, 614.992, 753.818, 832.963, 509.517, 1081.44, 812.687, 344.32, 588.672, 521.064, 422.097, 515.819, 499.337, 853.737, 647.573, 466.467, 890.122, 937.553, 986.31, 695.815, 480.646, 661.309, 631.541, 336.427, 528.563, 824.08, 552.142, 539.791, 511.194, 590.648, 529.899, 556.967, 1233.65, 752.668, 915.719, 668.614, 424.384, 1126.22, 538.512, 931.544, 674.779, 471.463, 992.793, 506.931, 925.258, 548.018, 681.329, 609.162, 389.995, 756.684, 1095.3, 445.513, 655.284, 556.219, 874.035, 607.451, 546.657, 406.885, 583.747, 483.547, 751.841, 657.378];
HighestPossibleCritFunctionValue = 1.1;
