NumDevices = 64;
NumSlotes = 512;


GivenBandwidthOld = [0.00864542, 0.00740252, 0.00532309, 0.00649444, 0.00575345, 0.00822885, 0.00598139, 0.00801717, 0.00459696, 0.00856493, 0.00452556, 0.00865021, 0.00654249, 0.00705523, 0.00601483, 0.00746384, 0.00472199, 0.00370011, 0.00406945, 0.0053305, 0.00596995, 0.00326931, 0.0072489, 0.0047024, 0.00572029, 0.00721431, 0.00458812, 0.00376599, 0.00499449, 0.00863442, 0.00368132, 0.00687778, 0.00487528, 0.00514146, 0.00379152, 0.0028175, 0.00754791, 0.00528294, 0.00656004, 0.00838855, 0.0026782, 0.00371295, 0.00728381, 0.00393831, 0.00738549, 0.00664701, 0.00755986, 0.00614406, 0.00449873, 0.00771589, 0.00351959, 0.00755219, 0.00840219, 0.00688589, 0.00372707, 0.00714027, 0.00402533, 0.00753089, 0.00663483, 0.00287306, 0.00381819, 0.00737231, 0.00384032, 0.00431532];
GivenLatency = [44.8113, 81.7415, 73.4456, 57.6143, 107.875, 38.7018, 75.9313, 42.8669, 128.159, 36.9715, 125.764, 53.6658, 52.9713, 44.5123, 53.7575, 47.8288, 123.197, 98.4953, 111.192, 64.5214, 81.6429, 107.67, 48.1159, 123.509, 81.8194, 63.0184, 74.0771, 119.469, 69.9099, 48.3696, 89.4943, 74.2248, 131.654, 64.3485, 131.576, 150.362, 58.3862, 68.8112, 48.1811, 62.7152, 202.034, 131.626, 80.7082, 107.837, 45.5162, 48.4051, 79.6744, 63.4775, 125.058, 49.1602, 95.6627, 68.3008, 57.3552, 88.8982, 119.311, 52.4555, 92.8292, 48.8379, 68.1429, 112.479, 168.691, 67.3415, 96.9217, 111.68];
HighestPossibleCritFunctionValue = 1.1;
