NumDevices = 32;
NumSlotes = 256;


GivenBandwidthOld = [0.0107135, 0.0071983, 0.0144018, 0.00781827, 0.00920419, 0.0148753, 0.0173512, 0.0174282, 0.0102262, 0.0166068, 0.0061931, 0.00736986, 0.0102051, 0.0115028, 0.00922768, 0.0095971, 0.00596558, 0.00851228, 0.0108322, 0.0148106, 0.0174117, 0.00803194, 0.0128706, 0.0113367, 0.00523052, 0.01685, 0.00527837, 0.00859865, 0.0125409, 0.00685486, 0.0172075, 0.0140455];
GivenLatency = [49.9713, 63.0713, 34.1176, 59.2593, 51.4465, 35.9978, 22.1326, 31.1426, 31.7221, 23.8441, 63.9484, 52.8169, 36.0708, 27.8036, 36.3784, 47.5085, 55.24, 47.8924, 41.0024, 40.4562, 23.5179, 58.1726, 27.1467, 38.0153, 60.5362, 19.2947, 59.6357, 38.5638, 32.2548, 73.6694, 30.0142, 36.1296];
HighestPossibleCritFunctionValue = 1.1;
