NumDevices = 16;
NumSlotes = 128;


GivenBandwidthOld = [0.0307282, 0.069349, 0.0679807, 0.0714101, 0.0587699, 0.0650063, 0.0307147, 0.042331, 0.0776676, 0.0789502, 0.0361232, 0.0423041, 0.0753887, 0.0785574, 0.0345983, 0.0639654];
GivenLatency = [61.2701, 19.9938, 21.2316, 27.2032, 26.524, 23.1308, 43.8012, 31.8613, 18.5498, 17.8577, 37.1866, 46.8801, 22.1172, 21.1095, 55.8491, 21.1123];
HighestPossibleCritFunctionValue = 1.1;
