NumDevices = 128;
NumSlotes = 1024;


GivenBandwidthOld = [0.004277, 0.00419582, 0.00232617, 0.00400511, 0.00333399, 0.0017997, 0.00254121, 0.00260375, 0.00370084, 0.00192116, 0.00325013, 0.00175927, 0.004358, 0.00299373, 0.00183459, 0.00153235, 0.00292462, 0.0028271, 0.00436003, 0.00270785, 0.00331497, 0.0039941, 0.00258799, 0.00126391, 0.00378894, 0.00126658, 0.00176561, 0.00149159, 0.00231751, 0.00230028, 0.00332034, 0.00375051, 0.00226813, 0.00362382, 0.00420712, 0.00151877, 0.00286757, 0.00334011, 0.00158104, 0.00247061, 0.00356603, 0.00173265, 0.00372174, 0.00318592, 0.00395935, 0.00289616, 0.00266714, 0.0034813, 0.0026892, 0.00236927, 0.00340586, 0.00346434, 0.00203788, 0.00256894, 0.0030521, 0.00161345, 0.00352425, 0.00272858, 0.0016775, 0.00179198, 0.00402, 0.0035796, 0.0017008, 0.00277167, 0.00401071, 0.00359274, 0.00386726, 0.00206408, 0.00232511, 0.00178829, 0.00144124, 0.00299916, 0.0024689, 0.00292782, 0.00357527, 0.00401554, 0.00361218, 0.00237229, 0.00412129, 0.00278579, 0.00383484, 0.00401428, 0.00429317, 0.00412855, 0.00289365, 0.00426228, 0.00371175, 0.00393873, 0.00317135, 0.00275365, 0.00436924, 0.00128275, 0.00174835, 0.00204276, 0.00323994, 0.00248904, 0.003925, 0.0036667, 0.00306254, 0.00203704, 0.00407231, 0.00141378, 0.00396902, 0.00286731, 0.00208926, 0.00362341, 0.00360364, 0.00261086, 0.00137072, 0.00209443, 0.00293093, 0.00258889, 0.00391165, 0.00126444, 0.00335255, 0.0013797, 0.00291042, 0.00172367, 0.00285385, 0.00400822, 0.00246159, 0.0020009, 0.00293224, 0.00285985, 0.00167204, 0.00382319, 0.0019982, 0.00431273];
GivenLatency = [137.974, 92.5454, 195.434, 94.7097, 137.599, 181.259, 181.122, 215.236, 90.6262, 176.286, 96.2923, 209.92, 82.9289, 208.43, 239.655, 285.265, 112.595, 112.351, 117.157, 140.372, 172.573, 130.905, 140.498, 366.382, 110.667, 369.157, 185.339, 336.649, 171.506, 185.394, 137.589, 144.879, 282.849, 104.508, 93.368, 221.053, 111.553, 101.139, 215.46, 173.184, 183.344, 362.272, 97.1955, 123.243, 98.3921, 121.281, 167.932, 123.658, 144.62, 259.701, 115.073, 114.33, 182.67, 136.18, 177.455, 210.909, 115.019, 153.509, 198.69, 355.128, 152.181, 116.825, 261.472, 143.049, 86.1436, 112.749, 113.444, 157.961, 272.989, 362.446, 317.605, 109.366, 153.615, 117.235, 102.534, 91.7109, 174.902, 163.982, 100.585, 119.421, 84.5051, 93.2557, 103.759, 155.191, 120.169, 87.4013, 124.809, 85.6584, 113.062, 138.647, 121.124, 380.91, 296.766, 304.737, 129.188, 129.746, 90.393, 89.4264, 137.275, 160.55, 154.445, 244.322, 149.694, 119.354, 202.246, 107.644, 98.1521, 149.352, 299.392, 232.006, 119, 122.703, 99.5667, 403.522, 103.609, 258.301, 135.874, 210.855, 138.666, 84.0936, 141.956, 166.333, 113.969, 139.579, 206.877, 126.757, 302.346, 80.5395];
HighestPossibleCritFunctionValue = 1.1;
