NumDevices = 128;
NumSlotes = 1024;


GivenBandwidthOld = [0.00211744, 0.00223003, 0.00383923, 0.00274184, 0.00265865, 0.00149202, 0.00327971, 0.0020355, 0.00313988, 0.00193833, 0.00434659, 0.001863, 0.00387207, 0.00170198, 0.00398796, 0.00246104, 0.00208299, 0.00139288, 0.0026566, 0.0014218, 0.00432998, 0.00390659, 0.00364551, 0.00321721, 0.0016497, 0.00339923, 0.00145181, 0.00246803, 0.00385666, 0.00208014, 0.00348166, 0.00248571, 0.00412305, 0.00428518, 0.00420657, 0.00176612, 0.00383081, 0.0019655, 0.00163999, 0.00269059, 0.00393449, 0.0038169, 0.00251698, 0.00164081, 0.00396897, 0.00203263, 0.00170916, 0.0026908, 0.00419207, 0.00173499, 0.0024985, 0.00353611, 0.00200887, 0.0025022, 0.0032893, 0.00389288, 0.00134647, 0.00392553, 0.00329483, 0.00316529, 0.00407823, 0.00405141, 0.00332503, 0.00134675, 0.00233261, 0.00298067, 0.00423727, 0.00196423, 0.00219603, 0.00436386, 0.00149563, 0.00140739, 0.00268196, 0.00261999, 0.00175044, 0.00278323, 0.00154306, 0.001755, 0.00125332, 0.00390701, 0.00131099, 0.00130615, 0.00426621, 0.0041415, 0.0017841, 0.00285581, 0.00258334, 0.00129718, 0.00353934, 0.00323532, 0.00284974, 0.00376262, 0.0026481, 0.00229656, 0.00333236, 0.00260786, 0.0040142, 0.00285863, 0.00303804, 0.00279936, 0.00387638, 0.00226703, 0.00377912, 0.00191521, 0.0033475, 0.00396085, 0.00312084, 0.00389099, 0.00401993, 0.00238877, 0.00302922, 0.00144936, 0.00190157, 0.00222778, 0.00348357, 0.0033067, 0.00256553, 0.00196954, 0.0039503, 0.00388618, 0.00127154, 0.00385688, 0.00258758, 0.00386864, 0.00329214, 0.00154881, 0.00154415, 0.00432318];
GivenLatency = [237.553, 191.034, 169.405, 139.776, 151.5, 397.836, 118.595, 294.009, 157.281, 222.973, 146.798, 229.2, 93.6393, 264.511, 99.8807, 164.054, 275.753, 283.716, 120.578, 270.741, 93.6424, 93.2579, 116.511, 170.148, 282.39, 142.965, 259.117, 230.615, 99.3626, 308.787, 108.803, 140.657, 144.824, 83.0675, 103.777, 252.567, 129.43, 198.591, 236.697, 153.108, 106.889, 98.3288, 193.315, 311.605, 113.11, 260.594, 245.361, 169.022, 116.003, 181.371, 162.413, 147.56, 209.207, 138.965, 118.898, 92.0263, 487.115, 105.037, 137.615, 126.861, 105.183, 96.0529, 136.27, 250.651, 277.677, 216.789, 82.8152, 168.882, 156.651, 88.8999, 376.896, 411.909, 137.885, 169.466, 223.362, 114.67, 233.023, 286.688, 413.016, 146.849, 332.873, 367.176, 86.197, 102.471, 307.532, 183.424, 122.913, 365.251, 110.417, 116.037, 126.705, 158.108, 193.981, 257.368, 135.219, 155.197, 91.4322, 110.364, 118.924, 166.837, 140.156, 189.992, 112.336, 182.967, 116.262, 82.8225, 114.216, 89.1566, 86.2942, 155.585, 146.811, 443.535, 317.653, 161.406, 106.155, 119.393, 145.818, 197.857, 164.064, 90.2029, 314.048, 114.665, 130.113, 82.6852, 125.333, 273.546, 243.115, 86.893];
HighestPossibleCritFunctionValue = 1.1;
