NumDevices = 128;
NumSlotes = 1024;


GivenBandwidthOld = [0.00760784, 0.00491317, 0.00939219, 0.00709758, 0.00398098, 0.00451685, 0.00466197, 0.00623987, 0.00730979, 0.00813002, 0.00623192, 0.0048336, 0.0095928, 0.0099161, 0.00613979, 0.00642465, 0.0065275, 0.00396829, 0.00382469, 0.00907273, 0.00655702, 0.00628679, 0.00830069, 0.00599353, 0.00456482, 0.00472494, 0.00823821, 0.0059148, 0.00625208, 0.00619098, 0.00433592, 0.00757305, 0.00768697, 0.00998677, 0.00641655, 0.00787998, 0.00385575, 0.00613979, 0.00637779, 0.00644499, 0.00478142, 0.00765703, 0.00662889, 0.00803889, 0.00585715, 0.0060982, 0.0074563, 0.00809111, 0.00850625, 0.00448269, 0.00550979, 0.00550157, 0.00483944, 0.00775601, 0.00781611, 0.00534408, 0.00803556, 0.00619865, 0.00818271, 0.00430414, 0.00464214, 0.00413927, 0.00877074, 0.00604537, 0.00701724, 0.00378911, 0.00474274, 0.00747846, 0.00555223, 0.00629554, 0.00540381, 0.00556247, 0.0096924, 0.00895736, 0.00507814, 0.00708166, 0.00516967, 0.00785082, 0.00744876, 0.00626572, 0.0042695, 0.00996465, 0.00958667, 0.00693541, 0.0097264, 0.00533681, 0.00444444, 0.00650395, 0.00815162, 0.0068238, 0.00880404, 0.00954752, 0.00519648, 0.00844195, 0.00503964, 0.00997539, 0.00882385, 0.00494923, 0.00922127, 0.00933884, 0.00405269, 0.00973902, 0.00499608, 0.0090841, 0.00392441, 0.00382346, 0.00719697, 0.00565381, 0.00735308, 0.00439333, 0.00997667, 0.00541969, 0.00996128, 0.00918467, 0.00668005, 0.00531862, 0.0051253, 0.00593992, 0.0096693, 0.00819866, 0.00994137, 0.00584515, 0.00445913, 0.00966147, 0.00784474, 0.00534174, 0.00608005, 0.00859828];
GivenLatency = [503.41, 971.433, 523.973, 492.584, 891.988, 869.596, 860.149, 566.967, 477.73, 487.951, 638.341, 700.069, 473.639, 478.137, 665.314, 663.667, 582.383, 1029.42, 888.444, 522.074, 755.34, 634.112, 484.914, 730.324, 879.934, 897.533, 433.056, 845.266, 560.473, 634.813, 867.731, 470.228, 491.435, 382.065, 705.918, 578.475, 996.156, 623.196, 765.96, 639.13, 771.485, 575.157, 721.718, 543.354, 589.143, 802.451, 529.544, 574.058, 414.93, 813.712, 678.202, 706.677, 749.642, 472.509, 456.627, 913.393, 451.306, 792.837, 460.008, 891.333, 1039.54, 1042.28, 423.826, 705.846, 586.571, 1172.76, 727.278, 446.189, 715.245, 725.735, 680.209, 745.464, 371.323, 376.869, 824.39, 478.152, 902.157, 463.904, 569.747, 596.051, 994.067, 455.015, 452.69, 536.804, 459.194, 695.187, 771.987, 513.415, 410.335, 539.81, 527.624, 472.956, 866.916, 544.255, 929.539, 389.976, 389.071, 764.901, 464.846, 438.774, 1083.94, 387.384, 800.502, 516.268, 1209.13, 1057.35, 610.484, 852.265, 482.789, 797.41, 339.662, 810.808, 494.676, 385.642, 554.808, 914.987, 840.044, 729.978, 416.867, 536.484, 468.514, 662.347, 777.76, 475.195, 440.183, 642.204, 805.369, 517.718];
HighestPossibleCritFunctionValue = 1.1;
