NumDevices = 64;
NumSlotes = 512;


GivenBandwidthOld = [0.0152864, 0.0143139, 0.00940021, 0.0143468, 0.0123023, 0.00950489, 0.0136743, 0.00965726, 0.0145669, 0.0112826, 0.0108762, 0.0120137, 0.0087278, 0.0130749, 0.0156692, 0.00806688, 0.015059, 0.0111158, 0.00840141, 0.0174592, 0.0113464, 0.0139072, 0.0125804, 0.013961, 0.00760626, 0.0133371, 0.0109664, 0.0164654, 0.00942156, 0.0132332, 0.0156923, 0.0149397, 0.0170563, 0.0107344, 0.00796314, 0.0115559, 0.0152762, 0.0119645, 0.0128987, 0.0135154, 0.00879762, 0.0165265, 0.0154879, 0.0105255, 0.016952, 0.0171729, 0.00975821, 0.011159, 0.0135662, 0.01168, 0.0114429, 0.0157207, 0.0133904, 0.00770493, 0.011793, 0.00986204, 0.0163234, 0.0122475, 0.00801471, 0.00825337, 0.00938086, 0.00915603, 0.01039, 0.00966817];
GivenLatency = [80.3146, 81.7585, 101.232, 65.271, 82.0911, 129.017, 78.2031, 124.112, 72.0456, 103.065, 101.43, 81.4586, 109.33, 95.2734, 59.43, 138.985, 67.7699, 84.8341, 145.31, 55.7135, 98.9522, 72.9383, 88.0082, 78.3024, 144.209, 68.9089, 88.7785, 70.8282, 99.5769, 70.7225, 65.2157, 67.5859, 58.6262, 95.123, 126.685, 102.145, 68.6989, 90.0171, 77.7372, 82.9531, 141.554, 60.1319, 59.2511, 100.759, 55.3733, 54.2498, 111.556, 90.6174, 79.722, 83.0139, 83.6186, 61.6216, 75.1855, 148.901, 103.203, 106.886, 64.267, 76.0722, 149.129, 110.225, 99.3618, 105.043, 89.814, 126.515];
HighestPossibleCritFunctionValue = 1.1;
