NumDevices = 16;
NumSlotes = 128;


GivenBandwidthOld = [0.0367507, 0.0498488, 0.0680123, 0.0631635, 0.0485707, 0.0670085, 0.0327211, 0.0436117, 0.0412108, 0.0498863, 0.0582504, 0.0350289, 0.0312658, 0.06468, 0.0570872, 0.0438679];
GivenLatency = [21.3441, 16.4498, 15.7832, 13.6599, 16.8096, 12.7584, 31.9627, 20.8092, 24.1762, 16.054, 13.3487, 25.5474, 28.0645, 13.2609, 13.9275, 24.3753];
HighestPossibleCritFunctionValue = 1.1;
