NumDevices = 128;
NumSlotes = 1024;


GivenBandwidthOld = [0.00816418, 0.00542098, 0.00669374, 0.00410323, 0.00917885, 0.0089712, 0.00650933, 0.00478249, 0.00683572, 0.00921608, 0.00968351, 0.00944592, 0.00386546, 0.00677884, 0.00944196, 0.00604255, 0.00968478, 0.00583764, 0.00945757, 0.00586093, 0.00711442, 0.00582298, 0.00684178, 0.00479908, 0.00440238, 0.0057358, 0.00402323, 0.00850761, 0.00861885, 0.00949254, 0.00616993, 0.00675459, 0.00819043, 0.00897974, 0.00622499, 0.00719806, 0.00522221, 0.0097, 0.00546046, 0.00772545, 0.00666558, 0.0058328, 0.00931338, 0.00743635, 0.00398613, 0.00981754, 0.00590249, 0.00562976, 0.00943777, 0.00442327, 0.00689814, 0.00823165, 0.00815984, 0.00746939, 0.00926389, 0.00702118, 0.0075201, 0.00527968, 0.00682527, 0.00860957, 0.00985071, 0.00709757, 0.00393539, 0.00705923, 0.00951097, 0.00960285, 0.00394063, 0.00769276, 0.00719703, 0.00669663, 0.00894123, 0.00907998, 0.00974019, 0.00582428, 0.00990436, 0.00883575, 0.00491067, 0.0048191, 0.00961186, 0.00519485, 0.00615453, 0.0041375, 0.00395902, 0.00427389, 0.00869927, 0.00487222, 0.00857994, 0.00558085, 0.00614043, 0.00474509, 0.00949072, 0.00680156, 0.00379771, 0.0055764, 0.00631706, 0.00465899, 0.00620081, 0.00698063, 0.00716177, 0.00781594, 0.00883612, 0.00494113, 0.00435564, 0.00774278, 0.00420947, 0.00729337, 0.00716055, 0.00608742, 0.00748755, 0.00833254, 0.00380389, 0.00940958, 0.00548403, 0.00380655, 0.00424949, 0.0048663, 0.00921421, 0.0093997, 0.00817838, 0.0065414, 0.00638355, 0.00950816, 0.00616298, 0.00869324, 0.00984205, 0.00536158, 0.00836193, 0.00388135];
GivenLatency = [552.255, 676.467, 567.065, 1161.06, 426.656, 443.638, 514.33, 702.071, 510.215, 427.356, 494.154, 457.092, 1174.54, 550.64, 435.755, 685.737, 444.601, 611.73, 423.292, 618.789, 530.934, 603.925, 534.078, 801.002, 791.818, 696.229, 932.457, 416.699, 392.301, 431.852, 542.215, 554.417, 556.065, 411.586, 710.62, 476.957, 667.308, 490.173, 792.972, 557.785, 696.451, 696.631, 371.975, 588.233, 1210.42, 358.375, 721.581, 813.665, 409.489, 771.366, 694.522, 592.362, 611.604, 560.723, 378.47, 609.043, 515.979, 713.552, 571.795, 456.682, 348.645, 622.481, 1144.03, 545.032, 373.045, 494.022, 922.343, 518.705, 473.497, 575.405, 457.936, 422.224, 468.776, 756.767, 381.101, 563.927, 778.825, 1020.22, 403.449, 758.497, 703.882, 863.499, 1007.22, 1134.45, 494.089, 908.367, 487.035, 755.813, 769.21, 904.753, 412.971, 554.323, 925.604, 656.94, 605.355, 832.237, 730.974, 477.775, 616.404, 439.523, 436.177, 691.719, 808.326, 490.743, 1048.86, 502.48, 477.051, 638.583, 546.264, 578.047, 904.334, 378.641, 628.11, 972.165, 1176.04, 824.939, 398.954, 465.371, 446.559, 564.857, 678.132, 471.983, 701.684, 392.734, 378.747, 762.518, 405.229, 1159.81];
HighestPossibleCritFunctionValue = 1.1;
