NumDevices = 64;
NumSlotes = 512;


GivenBandwidthOld = [0.0153773, 0.0105208, 0.00853639, 0.016143, 0.010237, 0.0174407, 0.01018, 0.00981895, 0.0121447, 0.0117879, 0.0141888, 0.0163564, 0.0172428, 0.0142696, 0.0138249, 0.0100975, 0.0139739, 0.0148393, 0.00853055, 0.00787212, 0.0117847, 0.00988516, 0.0148365, 0.0119345, 0.0173967, 0.0117098, 0.0108352, 0.0125521, 0.00805804, 0.0164538, 0.014479, 0.0134449, 0.0134167, 0.0102342, 0.011617, 0.0111689, 0.0104333, 0.0172763, 0.00830216, 0.00939449, 0.00824669, 0.0171709, 0.0166415, 0.00953145, 0.0100937, 0.0103388, 0.00949916, 0.0174405, 0.00786047, 0.0159647, 0.0133954, 0.0116483, 0.00796266, 0.0134224, 0.0146299, 0.00913344, 0.0107491, 0.0151639, 0.0154632, 0.0154091, 0.0153309, 0.0117357, 0.0173599, 0.0126389];
GivenLatency = [61.1306, 107.075, 115.985, 66.9492, 109.696, 58.1101, 101.636, 105.571, 78.0527, 105.791, 87.1755, 74.2742, 62.2516, 82.0241, 86.6824, 97.6381, 69.5956, 71.3036, 112.204, 153.641, 92.0871, 107.656, 63.2691, 81.9464, 56.7702, 101.02, 95.6464, 80.3205, 129.262, 70.0997, 77.9136, 77.6287, 80.812, 112.112, 84.746, 103.029, 90.198, 63.3938, 137.804, 106.991, 147.682, 58.1011, 59.8718, 116.032, 104.407, 91.0963, 96.844, 61.4607, 136.379, 64.6694, 89.1371, 79.0037, 149.198, 81.6253, 62.4359, 120.565, 106.63, 61.5143, 65.2437, 64.202, 59.4119, 83.1241, 62.476, 73.6677];
HighestPossibleCritFunctionValue = 1.1;
