NumDevices = 32;
NumSlotes = 256;


GivenBandwidthOld = [0.0140704, 0.013014, 0.009277, 0.0134856, 0.0102907, 0.0134494, 0.0144423, 0.0147544, 0.00938492, 0.0148099, 0.0173605, 0.0108811, 0.0111154, 0.0116201, 0.00641188, 0.00950288, 0.00982735, 0.0132522, 0.0123948, 0.0148576, 0.00742584, 0.0135096, 0.0131119, 0.0163765, 0.00952931, 0.0166488, 0.0117431, 0.0116534, 0.0164079, 0.0121563, 0.00630851, 0.00961728];
GivenLatency = [36.8718, 36.827, 35.77, 44.7479, 56.2537, 39.7333, 23.5309, 26.6678, 34.6525, 38.8449, 19.1309, 30.7596, 40.1563, 41.3236, 49.321, 45.3674, 34.5047, 34.7299, 35.098, 20.8169, 46.4118, 26.8053, 47.1952, 36.4927, 59.7545, 19.0387, 46.2934, 52.9091, 23.9834, 30.3557, 64.4445, 36.9578];
HighestPossibleCritFunctionValue = 1.1;
