NumDevices = 128;
NumSlotes = 1024;


GivenBandwidthOld = [0.00477151, 0.00979463, 0.00834434, 0.00829934, 0.00827525, 0.00956762, 0.00554073, 0.00686839, 0.00833763, 0.008013, 0.00816709, 0.0043216, 0.00445739, 0.0053323, 0.00995001, 0.00731441, 0.00456035, 0.00461547, 0.00587385, 0.00552782, 0.00865226, 0.00858272, 0.00849871, 0.00906735, 0.00997081, 0.00686237, 0.00706152, 0.00427986, 0.00916843, 0.00873728, 0.00619736, 0.00522001, 0.00401849, 0.00379677, 0.00857828, 0.00887399, 0.00382474, 0.00988848, 0.0044051, 0.00772403, 0.00772726, 0.00573865, 0.00820451, 0.00824409, 0.00465623, 0.0098283, 0.00546099, 0.0040919, 0.00625365, 0.00762978, 0.00493127, 0.00735982, 0.00522982, 0.00636922, 0.00624732, 0.00753233, 0.00467776, 0.00902997, 0.0067097, 0.00992873, 0.00593778, 0.0050716, 0.0095523, 0.00421372, 0.00999714, 0.00572407, 0.00697839, 0.00711075, 0.00661421, 0.00505516, 0.00837504, 0.00549095, 0.00757979, 0.00855281, 0.00589603, 0.00951414, 0.00663903, 0.00972598, 0.00458666, 0.00918617, 0.00699111, 0.00839081, 0.00815768, 0.00861532, 0.00637264, 0.00737919, 0.00575855, 0.00525436, 0.00623284, 0.00783891, 0.007326, 0.00559523, 0.00408177, 0.00489664, 0.00650649, 0.00699776, 0.00764432, 0.00563835, 0.00382147, 0.00497138, 0.00653892, 0.00837605, 0.00378375, 0.00841147, 0.00539749, 0.00565643, 0.00760992, 0.00865017, 0.00467031, 0.00887992, 0.00978073, 0.00592498, 0.00855853, 0.0082422, 0.00414008, 0.00978267, 0.00735393, 0.00627081, 0.00854249, 0.00739936, 0.00730269, 0.00756795, 0.00952179, 0.00392487, 0.00529633, 0.00539786, 0.00559562, 0.004337];
GivenLatency = [829.863, 475.213, 419.124, 419.72, 416.226, 414.431, 862.317, 528.563, 483.019, 535.568, 500.057, 1063.43, 1076.22, 740.112, 469.103, 459.553, 840.071, 774.979, 615.94, 683.531, 500.648, 438.824, 444.841, 511.159, 458.295, 642.066, 484.873, 853.089, 411.706, 476.674, 643.512, 897.919, 950.969, 1028.35, 508.635, 408.112, 890.705, 347.247, 864.496, 453.993, 451.368, 719.374, 529.842, 468.36, 740.969, 466.437, 809.65, 1188.78, 688.32, 639.517, 1013.86, 550.097, 652.303, 566.219, 614.305, 484.207, 746.867, 517.55, 558.603, 346.372, 740.642, 936.639, 465.528, 1093.47, 350.441, 749.263, 513.266, 514.728, 598.896, 699.217, 540.372, 784.626, 547.949, 516.992, 571.751, 384.704, 703.385, 361.571, 761.59, 506.552, 540.169, 472.34, 507.65, 488.224, 590.343, 606.464, 634.456, 671.527, 557.059, 525.891, 489.517, 654.383, 838.243, 832.029, 540.895, 619.26, 534.685, 877.079, 897.497, 821.904, 717.852, 486.818, 974.572, 410.24, 667.866, 599.354, 604.748, 476.42, 813.809, 479.359, 350.134, 602.349, 401.243, 552.78, 850.758, 446.26, 531.21, 662.234, 576.823, 529.159, 458.456, 497.314, 497.857, 1166.11, 924.073, 689.153, 659.69, 940.93];
HighestPossibleCritFunctionValue = 1.1;
