NumDevices = 32;
NumSlotes = 256;


GivenBandwidthOld = [0.0313242, 0.0253219, 0.0194532, 0.0353914, 0.0332986, 0.0349602, 0.0368009, 0.0229046, 0.0180281, 0.0330219, 0.0340894, 0.0262012, 0.0237556, 0.0209067, 0.0392027, 0.0393793, 0.0322257, 0.028136, 0.0163117, 0.035286, 0.0370674, 0.0269179, 0.019934, 0.039912, 0.0361602, 0.0291267, 0.017959, 0.0227398, 0.0222492, 0.0270402, 0.0251463, 0.0196162];
GivenLatency = [67.2101, 68.1642, 103.189, 59.8341, 53.2381, 54.5422, 67.1071, 79.3423, 109.32, 67.4256, 53.8248, 87.0177, 70.7854, 90.5563, 63.7412, 45.23, 54.0772, 63.8724, 145.956, 63.4127, 61.6193, 66.3614, 87.5333, 45.3218, 50.0944, 63.1352, 93.2861, 96.1756, 86.2554, 74.0871, 76.2091, 87.4504];
HighestPossibleCritFunctionValue = 1.1;
