NumDevices = 128;
NumSlotes = 1024;


GivenBandwidthOld = [0.0086284, 0.00743668, 0.00959098, 0.00435452, 0.00765398, 0.00542174, 0.00694485, 0.00579456, 0.00415004, 0.00844864, 0.00503088, 0.00653682, 0.00427669, 0.00580604, 0.00960272, 0.00784663, 0.00587521, 0.00965303, 0.00973212, 0.00765363, 0.00580368, 0.00737763, 0.00459158, 0.00438081, 0.00581341, 0.00853846, 0.00836567, 0.00424069, 0.00709775, 0.00689483, 0.0089296, 0.00721849, 0.00491712, 0.00696187, 0.00437208, 0.00903059, 0.0046535, 0.0076359, 0.00776492, 0.00750701, 0.00413267, 0.00406293, 0.00684719, 0.00825969, 0.00432596, 0.00886208, 0.00991774, 0.00874016, 0.00469409, 0.00856169, 0.00504041, 0.00410456, 0.00655224, 0.0072625, 0.00711149, 0.00651431, 0.0072767, 0.00819752, 0.00950997, 0.00524075, 0.00873763, 0.00588596, 0.00902155, 0.00886444, 0.00590031, 0.00652823, 0.00998608, 0.00723549, 0.00944273, 0.00652224, 0.00935164, 0.00670677, 0.00438542, 0.00826561, 0.00384548, 0.00851077, 0.00552438, 0.00691894, 0.00792748, 0.0084031, 0.00835184, 0.0094294, 0.00745163, 0.00452532, 0.00951619, 0.0098953, 0.00654546, 0.00581208, 0.00490157, 0.00817168, 0.00646935, 0.00794445, 0.00618037, 0.00724356, 0.00749007, 0.00683065, 0.0053034, 0.00541972, 0.00415992, 0.00583837, 0.00925514, 0.00993744, 0.00850719, 0.00777527, 0.00650193, 0.00536856, 0.00685783, 0.00586541, 0.00746573, 0.003955, 0.00543321, 0.00593797, 0.00826828, 0.00491186, 0.00620757, 0.00814353, 0.00825219, 0.00960805, 0.00998424, 0.00765782, 0.00742213, 0.00868838, 0.0094145, 0.00694696, 0.00384843, 0.00812457, 0.00841897, 0.006433];
GivenLatency = [398.173, 604.155, 365.918, 822.373, 571.543, 689.369, 558.104, 748.563, 1057.17, 545.237, 853.013, 662.457, 1143.85, 619.573, 403.296, 574.23, 846.166, 442.345, 349.147, 547.544, 689.818, 459.55, 881.513, 1108.62, 772.96, 445.024, 583.574, 916.079, 600.316, 520.7, 471.302, 548.1, 686.477, 618.31, 988.129, 443.707, 780.42, 472.059, 485.95, 618.083, 1057.88, 1025.35, 678.726, 471.389, 924.739, 450.694, 367.939, 425.619, 926.652, 439.159, 914.373, 1159.27, 626.079, 548.821, 675.779, 650.198, 579.411, 422.038, 374.715, 647.559, 508.175, 669.652, 417.34, 452.668, 826.704, 758.146, 338.195, 543.886, 426.63, 570.934, 447.222, 612.72, 1024.19, 462.403, 893.854, 400.649, 642.339, 606.354, 575.015, 532.185, 442.874, 364.339, 525.062, 888.995, 428.805, 384.58, 573.462, 857.069, 723.406, 507.54, 578.761, 420.132, 580.279, 464.339, 573.928, 631.093, 804.081, 673.999, 1089.38, 746.029, 496.413, 367.644, 535.333, 492.064, 707.666, 747.976, 526.089, 618.692, 523.408, 903.635, 775.908, 575.793, 600.344, 972.913, 578.622, 559.793, 597.402, 488.71, 401.485, 607.175, 463.781, 413.054, 496.055, 583.21, 1274.11, 432.775, 396.646, 725.612];
HighestPossibleCritFunctionValue = 1.1;
