NumDevices = 128;
NumSlotes = 1024;


GivenBandwidthOld = [0.00224613, 0.0025842, 0.00330575, 0.00223811, 0.00222914, 0.00133087, 0.00412212, 0.00430621, 0.00140013, 0.0026124, 0.0021556, 0.00292152, 0.00390676, 0.00347993, 0.00155152, 0.00324596, 0.00353021, 0.00280815, 0.0015881, 0.00241821, 0.00416557, 0.00317852, 0.00137473, 0.00381644, 0.0040954, 0.00201837, 0.00279453, 0.00388777, 0.00294204, 0.00191787, 0.00426443, 0.00219695, 0.00416461, 0.00269, 0.00338617, 0.0037837, 0.00393004, 0.00399745, 0.00257478, 0.00427856, 0.0022231, 0.0030303, 0.0040533, 0.00373216, 0.00328157, 0.00203803, 0.0018571, 0.00170985, 0.00181948, 0.0038093, 0.00297164, 0.00250561, 0.00428633, 0.00159464, 0.00301013, 0.0025716, 0.00396848, 0.00330633, 0.00262015, 0.00437039, 0.00191598, 0.00375847, 0.0016865, 0.00320574, 0.00254737, 0.00306231, 0.00138447, 0.00198147, 0.00135116, 0.00144987, 0.00423089, 0.00414825, 0.00276029, 0.00344788, 0.00346598, 0.00139809, 0.00267762, 0.00150672, 0.00336222, 0.00130124, 0.00308681, 0.00384205, 0.00332308, 0.00283745, 0.00339762, 0.00248574, 0.00152015, 0.00408882, 0.00391536, 0.00427977, 0.00377524, 0.00234597, 0.00245694, 0.00183157, 0.00374816, 0.00347081, 0.00132588, 0.00158236, 0.00277285, 0.00206651, 0.00247642, 0.00428463, 0.00427301, 0.00277618, 0.00179193, 0.003165, 0.0022373, 0.00418061, 0.00292803, 0.00397992, 0.00173588, 0.00188995, 0.00384022, 0.00381557, 0.00201033, 0.00191272, 0.00213369, 0.0033516, 0.00415779, 0.00368371, 0.00154973, 0.00138931, 0.0019945, 0.00153462, 0.00360522, 0.00417177, 0.00436662, 0.00418549];
GivenLatency = [156.21, 179.613, 186.484, 157.193, 189.092, 279.871, 98.6385, 138.643, 344.522, 234.891, 149.545, 109.838, 97.6082, 126.791, 289.781, 101.381, 131.521, 134.54, 381.792, 190.828, 77.0047, 107.907, 264.262, 116.409, 77.9851, 231.181, 127.649, 98.6683, 154.629, 221.679, 96.8546, 262.24, 139.982, 173.564, 92.9975, 111.416, 99.7051, 97.6413, 151.18, 99.9202, 198.728, 192.914, 81.7096, 159.751, 190.222, 261.177, 239.373, 319.376, 243.438, 87.0595, 119.177, 128.128, 92.5463, 353.298, 105.657, 205.774, 145.478, 183.327, 173.979, 83.3086, 187.962, 90.1833, 211.892, 124.409, 123.769, 195.844, 278.739, 218.112, 278.731, 321.363, 80.9626, 132.955, 142.242, 110.248, 167.495, 343.232, 169.039, 299.706, 107.397, 246.194, 119.418, 160.695, 139.778, 145.121, 93.9388, 222.048, 247.542, 122.468, 159.492, 75.9516, 112.378, 207.534, 159.4, 266.888, 114.482, 176.256, 236.759, 225.549, 156.188, 233.048, 163.399, 73.1111, 75.7923, 116.895, 175.428, 182.078, 170.686, 137.975, 172.033, 128.987, 266.404, 189.666, 116.056, 104.627, 225.663, 168.836, 208.93, 184.503, 89.6446, 123.266, 277.151, 271.29, 205.073, 248.874, 110.347, 81.5444, 84.6728, 109.988];
HighestPossibleCritFunctionValue = 1.1;
