NumDevices = 128;
NumSlotes = 1024;


GivenBandwidthOld = [0.00588148, 0.00749054, 0.0060206, 0.00578369, 0.00396415, 0.00795189, 0.00486032, 0.00483666, 0.00728864, 0.00774826, 0.0074702, 0.00412852, 0.00551995, 0.00626, 0.00434611, 0.00755401, 0.00770202, 0.0054006, 0.00537749, 0.00692441, 0.00613225, 0.00724306, 0.00663319, 0.00650354, 0.00752444, 0.0056886, 0.00579532, 0.0045036, 0.00446962, 0.00837574, 0.00849448, 0.00422138, 0.00623611, 0.00785771, 0.00702574, 0.00403437, 0.00818375, 0.00678406, 0.00718813, 0.00843021, 0.00403763, 0.00802328, 0.00469633, 0.00379286, 0.0040776, 0.00472553, 0.00442106, 0.00726304, 0.00744125, 0.00757923, 0.00654124, 0.00614807, 0.00817045, 0.00824077, 0.00504913, 0.00828723, 0.00599678, 0.00532767, 0.00458551, 0.00618229, 0.00818237, 0.00856952, 0.00545863, 0.00570154, 0.00830957, 0.0065075, 0.00405264, 0.00528747, 0.00394875, 0.00412302, 0.00802658, 0.0053183, 0.0071955, 0.00732441, 0.00391986, 0.00851351, 0.00410548, 0.00829346, 0.00572769, 0.00770104, 0.00388606, 0.00551766, 0.00779997, 0.00660913, 0.00710389, 0.00756973, 0.0069532, 0.0049024, 0.0071532, 0.00629521, 0.00601736, 0.00619167, 0.00593442, 0.00736547, 0.00402335, 0.00791265, 0.00547513, 0.00796754, 0.00791848, 0.00837573, 0.00836707, 0.00778619, 0.00498147, 0.00603356, 0.00857511, 0.00437882, 0.0072974, 0.00486647, 0.00824264, 0.00662986, 0.00562381, 0.00692474, 0.0065805, 0.0059589, 0.00872218, 0.00620638, 0.00810909, 0.00693657, 0.00543445, 0.0043876, 0.00486958, 0.00548832, 0.0046307, 0.00573463, 0.00445216, 0.00488673, 0.00380836, 0.00452696];
GivenLatency = [177.388, 150.889, 163.333, 206.033, 254.157, 124.902, 246.64, 206.787, 166.703, 144.722, 160.864, 263.587, 199.28, 198.101, 237.718, 133.62, 134.816, 217.715, 206.355, 168.98, 181.893, 137.553, 175.368, 152.166, 140.993, 194.664, 168.653, 235.561, 242.868, 132.769, 137.892, 276.338, 156.775, 129.425, 161.877, 239.138, 132.326, 164.8, 140.81, 133.76, 241.459, 125.455, 225.585, 337.449, 310.816, 268.279, 282.701, 135.084, 132.263, 162.496, 172.885, 164.098, 158.857, 135.633, 193.745, 120.334, 159.591, 194.424, 224.143, 167.647, 153.041, 113.053, 177.243, 168.668, 142.294, 187.453, 273.292, 195.139, 298.824, 293.957, 126.185, 184.741, 156.569, 141.003, 269.456, 141.683, 250.91, 131.982, 188.591, 130.199, 327.836, 200.355, 127.469, 157.13, 134.718, 143.099, 175.291, 217.044, 165.576, 170.197, 191.074, 197.979, 214.499, 136.592, 246.595, 137.345, 207.422, 140.345, 128.996, 139.255, 139.858, 145.483, 198.522, 173.651, 114.128, 251.844, 158.628, 265.828, 128.507, 192.406, 228.137, 153.78, 182.278, 201.172, 136.21, 167.493, 136.943, 139.312, 229.497, 226.753, 226.747, 221.594, 268.894, 217.035, 243.486, 230.413, 288.121, 222.387];
HighestPossibleCritFunctionValue = 1.1;
