NumDevices = 128;
NumSlotes = 1024;


GivenBandwidthOld = [0.00729307, 0.00707227, 0.00620215, 0.00696536, 0.00424252, 0.00659832, 0.00543938, 0.00716202, 0.00455521, 0.00683771, 0.00395347, 0.00850604, 0.00844248, 0.00521343, 0.00465661, 0.00606883, 0.00632597, 0.00799667, 0.00750597, 0.00532379, 0.00446507, 0.00694306, 0.00453627, 0.00864258, 0.00840849, 0.00404262, 0.00675889, 0.00419541, 0.0048099, 0.00751632, 0.00430519, 0.00488385, 0.00537428, 0.0080597, 0.00690918, 0.00505924, 0.00815298, 0.00463891, 0.0085881, 0.00776407, 0.00814174, 0.0057658, 0.00832756, 0.00874998, 0.00849329, 0.00431055, 0.00489543, 0.00502567, 0.00398461, 0.00688869, 0.00568659, 0.00698729, 0.00782789, 0.00582301, 0.00488186, 0.006893, 0.00808665, 0.00478477, 0.00520837, 0.00458366, 0.0050502, 0.00624949, 0.00771666, 0.00632461, 0.00521004, 0.00760503, 0.00531611, 0.00543297, 0.00447599, 0.00548609, 0.00730158, 0.00520804, 0.0039711, 0.0046985, 0.00522676, 0.0086543, 0.00529181, 0.00691395, 0.00526419, 0.00766738, 0.00820497, 0.00848606, 0.00772375, 0.0056416, 0.00587455, 0.00610061, 0.00548885, 0.00867861, 0.00394075, 0.00465304, 0.00613125, 0.00535618, 0.00386309, 0.00445589, 0.00772129, 0.00414811, 0.00474858, 0.00680564, 0.00485868, 0.00731383, 0.00597984, 0.0056238, 0.00672427, 0.00724006, 0.00612857, 0.00539905, 0.00437359, 0.00446953, 0.00688873, 0.00631473, 0.00421016, 0.00771105, 0.0070826, 0.00478033, 0.00555729, 0.00388754, 0.00546695, 0.0055379, 0.00803549, 0.00492694, 0.00460751, 0.00599533, 0.0060822, 0.00604087, 0.00634255, 0.00676568, 0.0082894, 0.00741612];
GivenLatency = [160.62, 171.463, 184.73, 168.262, 254.609, 145.647, 219.477, 152.087, 253.734, 142.145, 296.681, 134.965, 120.861, 199.129, 253.231, 213.118, 185.962, 139.043, 130.831, 229.72, 238.982, 139.233, 265.226, 141.647, 153.945, 237.458, 147.458, 288.546, 201.773, 135.29, 221.888, 246.208, 180.825, 142.94, 158.922, 224.304, 153.52, 223.042, 135.343, 154.041, 127.46, 185.817, 136.421, 139.062, 136.844, 224.496, 236.002, 218.993, 252.337, 166.231, 223.858, 156.224, 132.29, 209.078, 260.74, 186.801, 121.414, 228.394, 199.838, 270.943, 216.36, 176.355, 135.633, 187.314, 244.75, 151.755, 181.094, 221.642, 267.045, 194.747, 140.873, 183.144, 255.627, 215.609, 241.38, 114.915, 232.078, 153.857, 238.128, 135.887, 120.615, 151.833, 157.977, 204.737, 187.829, 189.06, 206.35, 142.066, 293.201, 205.915, 163.027, 213.305, 250.292, 233.502, 141.658, 293.427, 261.911, 143.346, 239.16, 164.64, 202.327, 170.686, 146.555, 153.079, 199.156, 188.487, 249.788, 217.168, 163.698, 159.465, 248.297, 135.31, 181.417, 250.361, 171.691, 245.957, 215.233, 196.955, 144.514, 259.977, 226.582, 210.072, 181.393, 193.295, 174.687, 141.782, 123.492, 138.428];
HighestPossibleCritFunctionValue = 1.1;
