NumDevices = 128;
NumSlotes = 1024;


GivenBandwidthOld = [0.00425291, 0.00623467, 0.00734796, 0.00592463, 0.00896492, 0.00723057, 0.00795373, 0.00579511, 0.00711632, 0.00652585, 0.00738577, 0.00381561, 0.00639567, 0.00702536, 0.00904874, 0.00969431, 0.00982712, 0.00441546, 0.00688168, 0.00662702, 0.00790172, 0.00677891, 0.00442887, 0.00726786, 0.00963342, 0.00512443, 0.00998965, 0.00474183, 0.00472198, 0.00864858, 0.00914312, 0.00841945, 0.00825884, 0.00874705, 0.00790265, 0.0099136, 0.00789613, 0.00654747, 0.0083854, 0.00465481, 0.00463768, 0.00422761, 0.00602397, 0.00983291, 0.00804951, 0.00937277, 0.00559896, 0.00427544, 0.00989178, 0.00988779, 0.00541173, 0.00747736, 0.00575388, 0.00795397, 0.00995781, 0.0070995, 0.00507912, 0.00479125, 0.0039698, 0.00418139, 0.00417464, 0.00946293, 0.00846577, 0.00545298, 0.00697981, 0.00596093, 0.00651402, 0.00865909, 0.00452019, 0.00452983, 0.0040412, 0.00415432, 0.00547002, 0.00587249, 0.00770378, 0.0050007, 0.0055316, 0.00961898, 0.00622289, 0.00929572, 0.0043981, 0.00888772, 0.00967152, 0.00802599, 0.0078787, 0.00723149, 0.00473115, 0.00637256, 0.00613049, 0.00640446, 0.0046752, 0.00985429, 0.00482618, 0.00988782, 0.00587672, 0.0099662, 0.00440508, 0.00750494, 0.0067413, 0.00976216, 0.00636738, 0.00659124, 0.00641751, 0.00537307, 0.00774182, 0.00678814, 0.0094444, 0.0094685, 0.0082692, 0.00802366, 0.0061768, 0.00977757, 0.00920254, 0.00704426, 0.00792666, 0.0070381, 0.00429481, 0.00418073, 0.00559417, 0.0049067, 0.00689567, 0.00432933, 0.00928468, 0.00628191, 0.00758444, 0.00547875, 0.00891001, 0.00926141];
GivenLatency = [823.587, 582.911, 673.987, 590.641, 511.147, 592.522, 502.973, 821.826, 505.119, 643.145, 505.992, 889.439, 644.914, 541.891, 386.468, 414.475, 374.371, 816.794, 536.099, 597.822, 450.119, 640.387, 822.451, 675.923, 390.938, 810.302, 495.419, 712.692, 771.829, 512.931, 406.862, 523.582, 588.677, 443.837, 461.483, 449.56, 569.2, 555.798, 422.12, 997.495, 901.354, 1029.06, 596.911, 341.253, 442.173, 460.671, 793.633, 906.232, 500.309, 362.463, 898.354, 526.64, 745.204, 585.011, 398.121, 518.983, 905.233, 827.547, 964.956, 896.187, 842.312, 395.275, 400.365, 627.12, 487.053, 820.433, 651.332, 561.121, 763.891, 851.879, 1084.04, 1140.99, 757.733, 691.315, 598.635, 709.001, 665.55, 365.32, 614.265, 414.668, 1113.3, 516.951, 401.506, 484.88, 523.36, 646.137, 772.765, 708.42, 701.959, 603.38, 781.639, 477.322, 775.356, 424.521, 641.297, 484.666, 1099.1, 508.776, 568.891, 395.329, 575.375, 677.568, 725.181, 879.008, 489.294, 542.463, 419.701, 517.571, 453.473, 525.092, 609.734, 366.011, 534.026, 563.713, 421.04, 485.096, 936.277, 908.228, 806.226, 751.372, 579.231, 862.404, 502.852, 659.886, 574.414, 834.046, 438.589, 426.723];
HighestPossibleCritFunctionValue = 1.1;
