NumDevices = 16;
NumSlotes = 128;


GivenBandwidthOld = [0.0476795, 0.0491172, 0.0526466, 0.0513564, 0.0474033, 0.0474385, 0.0381791, 0.0556583, 0.0698619, 0.0687396, 0.0460332, 0.0605846, 0.0658522, 0.0377732, 0.0339229, 0.0414628];
GivenLatency = [20.1796, 18.4511, 16.575, 19.1616, 16.7212, 17.0062, 20.8076, 17.0551, 12.4622, 15.0232, 17.7988, 14.9161, 12.1147, 26.346, 26.0409, 21.0005];
HighestPossibleCritFunctionValue = 1.1;
