NumDevices = 64;
NumSlotes = 512;


GivenBandwidthOld = [0.0109876, 0.0102652, 0.00773025, 0.0148871, 0.0124989, 0.0116087, 0.0130363, 0.0179973, 0.0109685, 0.0149411, 0.00811846, 0.0143859, 0.0140132, 0.012083, 0.0083169, 0.0121331, 0.0132731, 0.0112235, 0.0136518, 0.0124692, 0.0122187, 0.0143509, 0.0124552, 0.0152281, 0.0192576, 0.0180338, 0.0109355, 0.0103972, 0.0129767, 0.0164623, 0.0122963, 0.0182836, 0.0092913, 0.0139513, 0.0102102, 0.00797722, 0.0157046, 0.0140857, 0.0176646, 0.0188186, 0.0141097, 0.00880294, 0.018435, 0.0163374, 0.0120043, 0.0108523, 0.0127569, 0.0105976, 0.0190898, 0.009986, 0.0147168, 0.0127596, 0.0178715, 0.008622, 0.0149737, 0.0187565, 0.0083481, 0.0114806, 0.0086669, 0.0196325, 0.0180647, 0.0179365, 0.0135157, 0.0127899];
GivenLatency = [238.643, 256.479, 316.093, 184.427, 197.249, 206.074, 238.985, 145.329, 293.76, 190.283, 282.69, 161.398, 194.817, 210.867, 381.634, 238.464, 235.927, 216.49, 164.331, 190.837, 202.778, 201.292, 190.344, 169.264, 125.417, 142.699, 257.214, 306.482, 217.02, 161.03, 268.195, 162.645, 247.311, 179.597, 320.14, 309.237, 143.522, 216.897, 132.021, 142.164, 196.615, 357.029, 133.753, 160.523, 193.126, 240.801, 236.309, 273.433, 119.102, 231.975, 154.782, 196.738, 134.701, 346.806, 160.916, 125.499, 283.636, 218.627, 270.181, 118.237, 152.887, 150.367, 223.673, 193.296];
HighestPossibleCritFunctionValue = 1.1;
