NumDevices = 64;
NumSlotes = 512;


GivenBandwidthOld = [0.0096244, 0.0123157, 0.014807, 0.0156428, 0.0132063, 0.0127587, 0.0100956, 0.0115902, 0.0117256, 0.0174965, 0.00911575, 0.0134927, 0.0171327, 0.0150349, 0.0158749, 0.0151075, 0.0174857, 0.017444, 0.0170702, 0.0145779, 0.0150121, 0.0125294, 0.0158759, 0.0116298, 0.0169103, 0.0158397, 0.0133637, 0.00949276, 0.00975031, 0.00841865, 0.0171797, 0.0142722, 0.0170829, 0.0170755, 0.0132668, 0.0104349, 0.0149328, 0.0112764, 0.0172579, 0.00773688, 0.0087238, 0.0158558, 0.0139144, 0.0150756, 0.0108059, 0.00986712, 0.0117419, 0.0106594, 0.00806616, 0.0129367, 0.0122358, 0.0113179, 0.0142698, 0.00817237, 0.00802345, 0.0151744, 0.010401, 0.0154033, 0.00751054, 0.0145985, 0.0124467, 0.017197, 0.0144912, 0.00896575];
GivenLatency = [110.03, 82.1618, 62.2213, 61.5365, 87.699, 85.8927, 114.339, 79.572, 96.0547, 63.3619, 102.4, 81.7081, 56.2124, 63.8652, 65.1532, 66.8799, 59.9811, 65.2376, 59.0633, 68.5043, 67.5017, 92.7645, 64.2676, 86.4532, 54.8137, 78.0564, 85.2004, 123.267, 98.8999, 125.989, 55.1863, 76.4706, 54.2571, 73.1595, 81.4254, 102.165, 83.0894, 86.469, 56.8465, 120.871, 109.773, 60.0871, 83.0557, 79.5724, 85.7471, 121.702, 90.8512, 100.316, 139.573, 78.8086, 78.1466, 81.6362, 83.166, 147.556, 126.204, 62.9651, 97.9493, 76.2298, 128.891, 80.1172, 94.152, 61.1851, 75.3326, 112.217];
HighestPossibleCritFunctionValue = 1.1;
