NumDevices = 32;
NumSlotes = 256;


GivenBandwidthOld = [0.00660399, 0.013307, 0.00867853, 0.0174829, 0.00544482, 0.00608337, 0.0132728, 0.00839382, 0.00740456, 0.00591182, 0.0174187, 0.0138579, 0.00539155, 0.0106973, 0.00997693, 0.0147761, 0.0120836, 0.00835868, 0.0168229, 0.0127939, 0.00894828, 0.0138111, 0.0174324, 0.00625441, 0.0128031, 0.0147947, 0.0116421, 0.0142682, 0.0130983, 0.0126421, 0.00883504, 0.0104968];
GivenLatency = [54.4067, 35.7566, 38.1809, 33.9406, 56.6572, 52.4502, 46.4868, 56.578, 75.0589, 95.6361, 25.0395, 40.8454, 71.1569, 36.5903, 33.4284, 35.9282, 29.1556, 50.6769, 21.8972, 32.4397, 43.1731, 22.7584, 24.9651, 79.8773, 28.3143, 28.9057, 29.8828, 27.4347, 40.8302, 30.3487, 37.3124, 29.5125];
HighestPossibleCritFunctionValue = 1.1;
