NumDevices = 64;
NumSlotes = 512;


GivenBandwidthOld = [0.0129807, 0.0117498, 0.0134964, 0.00894431, 0.0120703, 0.0109249, 0.00963846, 0.00853939, 0.0164434, 0.00886286, 0.0130706, 0.0129239, 0.0161645, 0.0115936, 0.00941809, 0.0148787, 0.0115286, 0.0158727, 0.0174617, 0.0136248, 0.0076156, 0.0103112, 0.0149062, 0.0128611, 0.0118096, 0.00833537, 0.00760918, 0.0125707, 0.0109917, 0.01309, 0.00815246, 0.0134043, 0.0110041, 0.0103887, 0.00848532, 0.00780645, 0.00795135, 0.0134149, 0.00862462, 0.00890594, 0.0170573, 0.0167615, 0.0149918, 0.0128029, 0.0127758, 0.00869632, 0.0140892, 0.0128919, 0.00833076, 0.0100852, 0.00764102, 0.00758484, 0.0133812, 0.0129376, 0.00756331, 0.011499, 0.00951309, 0.0115232, 0.0160196, 0.0157928, 0.0149297, 0.00800801, 0.0155565, 0.0139006];
GivenLatency = [82.1547, 103.699, 89.0338, 103.861, 82.6426, 88.9917, 120.536, 125.348, 69.5134, 136.283, 74.3866, 71.3242, 66.7322, 86.0287, 113.235, 66.0871, 86.9537, 65.0036, 52.7795, 82.3458, 147.809, 89.6942, 65.5264, 85.6638, 86.9516, 137.9, 130.094, 75.1831, 91.5377, 73.8541, 125.494, 72.9371, 105.074, 102.965, 123.879, 132.57, 135.331, 79.2376, 130.17, 120.022, 68.4172, 71.1232, 66.7359, 96.6231, 95.5482, 123.591, 82.1142, 78.9708, 115.705, 110.299, 149.933, 129.12, 78.8203, 78.65, 129.225, 83.5005, 121.674, 86.4005, 65.4047, 73.3793, 68.6373, 131.816, 60.7251, 69.9748];
HighestPossibleCritFunctionValue = 1.1;
