NumDevices = 32;
NumSlotes = 256;


GivenBandwidthOld = [0.0110342, 0.00862244, 0.0122961, 0.0173534, 0.0164095, 0.0147507, 0.0105304, 0.0167524, 0.0152724, 0.0153713, 0.0148365, 0.0142898, 0.0144072, 0.0125124, 0.0161274, 0.0108455, 0.0122397, 0.00718693, 0.0107562, 0.0117456, 0.0151288, 0.0140746, 0.00910094, 0.0170067, 0.0141271, 0.016939, 0.0132668, 0.00823175, 0.00850346, 0.0126082, 0.0140641, 0.00793436];
GivenLatency = [47.3425, 73.456, 40.469, 26.5312, 36.3858, 37.6135, 45.9309, 28.9056, 25.4282, 36.9545, 25.0699, 27.9148, 25.5537, 50.0907, 36.7662, 52.2267, 29.2152, 46.2292, 29.5634, 35.1346, 21.6229, 40.4475, 64.0856, 28.3847, 27.4132, 29.0442, 43.0116, 47.9986, 52.4804, 29.0994, 26.2821, 76.2216];
HighestPossibleCritFunctionValue = 1.1;
