NumDevices = 128;
NumSlotes = 1024;


GivenBandwidthOld = [0.00307387, 0.00182939, 0.00158989, 0.00127525, 0.00380827, 0.00129107, 0.00404269, 0.00361796, 0.00265606, 0.00162936, 0.00213078, 0.00137617, 0.0030052, 0.00402377, 0.00437255, 0.00379101, 0.00176926, 0.00337525, 0.00153709, 0.00134823, 0.00224106, 0.00175577, 0.00172335, 0.00370691, 0.0038548, 0.00196274, 0.00216134, 0.00246981, 0.00265119, 0.00418977, 0.0036967, 0.00418574, 0.00157127, 0.00390934, 0.00304869, 0.00367045, 0.00356417, 0.00179415, 0.00302305, 0.00396044, 0.00256785, 0.00340181, 0.00430242, 0.00318644, 0.00322779, 0.00135439, 0.00255997, 0.002312, 0.0033262, 0.00214465, 0.00323, 0.00415765, 0.00136349, 0.00240322, 0.00212148, 0.00130476, 0.0029025, 0.00291744, 0.00408224, 0.0026855, 0.00264978, 0.00233145, 0.00219549, 0.00146378, 0.0036459, 0.00350127, 0.00404663, 0.00425386, 0.00278898, 0.00130526, 0.0018416, 0.00360112, 0.00403361, 0.00407033, 0.00252547, 0.00365557, 0.00357338, 0.00343122, 0.00170463, 0.00154012, 0.00236921, 0.00250497, 0.00285676, 0.0029065, 0.00138891, 0.00154838, 0.00360836, 0.00387288, 0.00278531, 0.00204278, 0.00362691, 0.00308555, 0.00138565, 0.00292416, 0.00132263, 0.00320031, 0.00200955, 0.00140613, 0.00343068, 0.00196418, 0.00137011, 0.00426665, 0.00214647, 0.00261065, 0.00408944, 0.00183336, 0.00269829, 0.00196608, 0.00204423, 0.00307032, 0.0016747, 0.00174799, 0.00224931, 0.00286811, 0.00301804, 0.00421797, 0.00267566, 0.0029566, 0.00275044, 0.0036023, 0.0019726, 0.00225252, 0.0036584, 0.00426128, 0.00247344, 0.004219, 0.00128748, 0.00309737];
GivenLatency = [129.874, 268.207, 397.235, 479.832, 91.5322, 340.609, 119.819, 99.8433, 163.399, 204.076, 238.575, 342.473, 153.784, 95.6858, 110.462, 137.488, 252.769, 109.172, 294.471, 440.099, 291.825, 222.768, 278.499, 91.9341, 121.68, 267.205, 288.55, 134.297, 120.306, 123.799, 154.633, 87.1983, 361.325, 91.774, 112.494, 89.5606, 106.124, 235.271, 107.576, 159.083, 192.114, 93.5216, 131.226, 204.455, 116.033, 257.438, 251.401, 226.08, 156.531, 237.197, 121.114, 82.3381, 405.045, 236.996, 181.118, 479.274, 130.45, 132.174, 113.876, 117.734, 120.725, 138.525, 171.564, 334.898, 134.713, 119.783, 100.899, 91.0321, 173.11, 266.581, 191.353, 105.365, 88.8916, 143.871, 222.028, 156.924, 138.549, 129.384, 296.428, 356.704, 135.592, 195.098, 223.085, 157.785, 382.726, 255.077, 121.168, 156.222, 137.141, 159.668, 105.394, 202.274, 261.304, 120.603, 442.446, 172.243, 226.691, 322.277, 91.1037, 301.088, 231.649, 113.961, 200.761, 226.88, 81.1049, 253.849, 141.421, 219.319, 207.873, 195.13, 191.333, 359.413, 189.532, 191.264, 126.139, 106.558, 118.853, 185.539, 133.513, 101.506, 248.486, 182.345, 121.643, 76.8487, 219.083, 116.943, 367.071, 182.8];
HighestPossibleCritFunctionValue = 1.1;
