NumDevices = 64;
NumSlotes = 512;


GivenBandwidthOld = [0.00741783, 0.00653354, 0.00677476, 0.00457024, 0.00324305, 0.00338569, 0.00710118, 0.00332843, 0.00718082, 0.00421378, 0.00605251, 0.00326596, 0.00721708, 0.00743441, 0.00394426, 0.00740404, 0.00597392, 0.00745085, 0.00525188, 0.0033031, 0.00644242, 0.00651337, 0.00523854, 0.00418866, 0.00250449, 0.00293299, 0.00480768, 0.00647198, 0.00329964, 0.00462394, 0.00581258, 0.00821252, 0.0065364, 0.00478958, 0.00847261, 0.00286725, 0.00606161, 0.0061825, 0.00680505, 0.00744532, 0.00599467, 0.00624792, 0.00627439, 0.00735937, 0.0051234, 0.00653619, 0.0075182, 0.00593906, 0.00269759, 0.00466787, 0.00672362, 0.00760615, 0.00280831, 0.00305113, 0.00282132, 0.00288952, 0.00539338, 0.0064695, 0.00531578, 0.00847922, 0.00779464, 0.00821685, 0.00439188, 0.00552096];
GivenLatency = [48.6454, 91.6336, 73.6599, 108.184, 117.806, 139.488, 83.9652, 100.775, 62.5291, 123.875, 94.6447, 120.259, 58.5259, 79.6577, 150.413, 65.7452, 59.5019, 82.4317, 70.2196, 178.86, 93.9056, 57.1896, 62.4681, 114.011, 199.817, 153.556, 104.478, 68.092, 97.6801, 80.0764, 64.5724, 53.5338, 86.8154, 115.585, 57.9683, 163.586, 55.5828, 71.9663, 93.9898, 41.692, 67.9748, 52.3305, 58.1387, 82.911, 77.6023, 48.5111, 46.108, 54.5363, 144.31, 66.8596, 49.3244, 44.8652, 211.307, 183.554, 124.081, 107.433, 75.2609, 88.7439, 64.7769, 60.2763, 53.7359, 48.1845, 101.67, 61.9332];
HighestPossibleCritFunctionValue = 1.1;
