NumDevices = 32;
NumSlotes = 256;


GivenBandwidthOld = [0.0237243, 0.02406, 0.0257028, 0.0165777, 0.0313331, 0.0249472, 0.0170407, 0.0335017, 0.0323857, 0.0172818, 0.025421, 0.0215819, 0.0165716, 0.0296383, 0.0213433, 0.0272689, 0.0178985, 0.0294902, 0.0322689, 0.0342642, 0.0284919, 0.0341757, 0.0210055, 0.0290387, 0.0236485, 0.0305262, 0.0243261, 0.0192678, 0.02411, 0.0273562, 0.0250218, 0.0317178];
GivenLatency = [37.6737, 37.7491, 39.9705, 59.5774, 35.5586, 36.0323, 53.945, 28.5813, 32.7709, 49.6993, 44.5135, 48.8555, 54.5286, 35.8155, 47.5347, 36.6321, 63.7295, 34.0782, 32.4484, 33.7212, 36.6953, 30.6553, 51.3574, 28.8332, 42.4255, 38.2427, 35.2321, 48.2422, 48.4817, 35.0912, 34.6883, 26.8355];
HighestPossibleCritFunctionValue = 1.1;
