NumDevices = 16;
NumSlotes = 128;


GivenBandwidthOld = [0.0705311, 0.0368352, 0.0591647, 0.051661, 0.0361462, 0.07932, 0.0518969, 0.0506413, 0.0482845, 0.0370472, 0.0727329, 0.0422757, 0.0485328, 0.0600485, 0.0556802, 0.0366174];
GivenLatency = [24.0075, 38.1304, 24.4375, 29.0916, 52.2616, 23.86, 26.1841, 32.805, 34.8487, 40.3156, 24.2184, 34.8147, 29.2958, 26.7011, 30.4523, 38.8273];
HighestPossibleCritFunctionValue = 1.1;
