NumDevices = 128;
NumSlotes = 1024;


GivenBandwidthOld = [0.00410129, 0.00785841, 0.00378035, 0.00392683, 0.00570729, 0.00488345, 0.00862118, 0.00870614, 0.00652284, 0.00691316, 0.00695067, 0.00742059, 0.00543533, 0.00416014, 0.00704852, 0.00698015, 0.00780746, 0.0075421, 0.00757992, 0.0082464, 0.00472171, 0.00526835, 0.00767132, 0.00439324, 0.0047411, 0.00616001, 0.00379254, 0.00868656, 0.00755092, 0.00580697, 0.00529267, 0.0063851, 0.00692291, 0.00579825, 0.00376515, 0.00842722, 0.00873325, 0.0073131, 0.00870766, 0.00713741, 0.00602077, 0.00860744, 0.00779811, 0.00535213, 0.00582791, 0.00725592, 0.00776307, 0.00644579, 0.00686004, 0.00427174, 0.0077168, 0.00380956, 0.00477315, 0.00485088, 0.0063195, 0.00435852, 0.00620724, 0.00762219, 0.00863784, 0.00860985, 0.00831249, 0.00544313, 0.00511906, 0.00846134, 0.00728262, 0.00651769, 0.00537257, 0.00430832, 0.00745608, 0.00678933, 0.00580259, 0.00661335, 0.00807845, 0.00707449, 0.0083803, 0.00512802, 0.00409692, 0.0044255, 0.00694097, 0.00431198, 0.00388873, 0.00542278, 0.00822087, 0.00559813, 0.00520632, 0.00516481, 0.00750782, 0.00638552, 0.00387323, 0.00490408, 0.00540561, 0.00455662, 0.00566995, 0.0073029, 0.00738476, 0.0081322, 0.00538342, 0.00665408, 0.00757056, 0.0058526, 0.00706801, 0.00453726, 0.00517, 0.00464798, 0.00613782, 0.00576148, 0.00573669, 0.00406122, 0.00445506, 0.00865969, 0.00586184, 0.00744421, 0.00740686, 0.00462706, 0.00443855, 0.00615311, 0.00778133, 0.00826838, 0.00418738, 0.00486346, 0.00760044, 0.00809106, 0.00393141, 0.00763635, 0.00662587, 0.00846754, 0.00641837, 0.00609997];
GivenLatency = [296.871, 145.716, 265.537, 323.029, 209.426, 257.255, 141.61, 122.467, 151.54, 150.9, 166.764, 137.841, 228.807, 280.406, 139.495, 163.966, 127.541, 138.995, 144.545, 148.154, 230.347, 206.333, 127.848, 268.809, 212.666, 192.504, 290.785, 117.062, 129.041, 166.135, 216.055, 156.724, 145.019, 204.66, 299.116, 123.608, 129.268, 148.054, 136.488, 176.875, 164.979, 120.412, 143.222, 234.793, 173.401, 131.299, 159.622, 155.03, 161.063, 232.575, 143.364, 286.988, 234.084, 265.257, 151.092, 231.288, 202.938, 139.948, 147.324, 125.723, 136.006, 215.098, 195.082, 115.07, 149.543, 146.143, 240.022, 253.654, 153.949, 145.677, 197.083, 149.053, 153.099, 170.372, 117.829, 224.306, 283.707, 216.921, 150.32, 229.977, 254.491, 191.65, 144.494, 188.661, 211.463, 239.329, 165.386, 196.473, 305.081, 230.51, 203.687, 222.166, 173.787, 150.771, 130.286, 151.999, 214.037, 166.418, 148.563, 198.666, 144.592, 283.483, 188.421, 238.822, 193.922, 215.719, 190.776, 243.194, 256.623, 124.589, 169.491, 135.753, 136.027, 273.365, 217.539, 157.636, 159.052, 135.779, 298.159, 255.679, 146.954, 136.603, 300.094, 147.546, 185.07, 118.94, 154.223, 171.965];
HighestPossibleCritFunctionValue = 1.1;
