NumDevices = 16;
NumSlotes = 128;


GivenBandwidthOld = [0.0456805, 0.0716413, 0.044851, 0.0305638, 0.0550209, 0.0570209, 0.0701538, 0.0445561, 0.07402, 0.0743373, 0.056924, 0.0415599, 0.0672987, 0.0591613, 0.0431953, 0.0528306];
GivenLatency = [38.7107, 19.2684, 39.4937, 56.1561, 30.9891, 25.8483, 21.8675, 33.1375, 19.9696, 25.9732, 33.5753, 47.0192, 25.7814, 23.7253, 41.2394, 25.6262];
HighestPossibleCritFunctionValue = 1.1;
