NumDevices = 16;
NumSlotes = 128;


GivenBandwidthOld = [0.0471603, 0.0433701, 0.0606876, 0.0359381, 0.0318057, 0.0583756, 0.0591696, 0.0433909, 0.0507986, 0.0325831, 0.044773, 0.0402972, 0.0549818, 0.0587994, 0.0622961, 0.0699193];
GivenLatency = [22.6472, 19.2051, 13.3189, 26.1714, 28.3606, 16.1047, 13.0829, 20.5281, 20.2558, 24.9232, 23.935, 20.5945, 15.0623, 15.1577, 12.3949, 15.2727];
HighestPossibleCritFunctionValue = 1.1;
