NumDevices = 128;
NumSlotes = 1024;


GivenBandwidthOld = [0.00446984, 0.00842951, 0.00849027, 0.00477007, 0.00437323, 0.00964044, 0.00431947, 0.00615874, 0.00626344, 0.00967322, 0.00537942, 0.00810991, 0.00578279, 0.00630079, 0.00618349, 0.00971672, 0.00521556, 0.00424918, 0.00589352, 0.00493762, 0.00785553, 0.00536253, 0.0055649, 0.00682603, 0.00891562, 0.00977289, 0.00547362, 0.00381344, 0.00744083, 0.00433508, 0.00598822, 0.00906232, 0.00667362, 0.0097235, 0.00666158, 0.00746909, 0.00420816, 0.00400426, 0.00842703, 0.00427758, 0.0083495, 0.0074622, 0.00711669, 0.00647629, 0.00569842, 0.00713212, 0.00946269, 0.0043692, 0.00446411, 0.00579151, 0.00914906, 0.00824298, 0.00482849, 0.00489792, 0.0092725, 0.00782437, 0.00668344, 0.00599822, 0.00836159, 0.00447396, 0.00887767, 0.00954114, 0.00423466, 0.00566184, 0.00482449, 0.00641476, 0.00907178, 0.00946605, 0.0047267, 0.0065983, 0.00644401, 0.00703794, 0.00788385, 0.00633277, 0.00603462, 0.00761185, 0.00978495, 0.00820598, 0.00786516, 0.00477818, 0.00930646, 0.00989413, 0.00570366, 0.00769491, 0.00587599, 0.00392988, 0.00816415, 0.00479482, 0.00784857, 0.00720492, 0.00805174, 0.00926241, 0.00715593, 0.00966917, 0.00591547, 0.00500801, 0.00966, 0.00813283, 0.00980934, 0.00560762, 0.00595704, 0.00377761, 0.00535869, 0.00969223, 0.00605456, 0.00521252, 0.00931766, 0.00433574, 0.00448246, 0.00798655, 0.00741757, 0.00709601, 0.00892772, 0.00699157, 0.00976487, 0.008194, 0.00653993, 0.00664865, 0.00883351, 0.00484991, 0.00876724, 0.00979678, 0.00693266, 0.00716058, 0.00664402, 0.00604063, 0.00853855, 0.00992796];
GivenLatency = [988.201, 421.57, 505.559, 727.531, 790.565, 377.923, 834.542, 756.114, 797.765, 366.926, 822.084, 433.477, 617.649, 616.976, 754.104, 440.613, 739.166, 1173.99, 630.267, 977.739, 483.642, 753.131, 602.795, 499.86, 425.672, 376.883, 878.45, 1224.63, 485.406, 1002.38, 653.652, 458.298, 678.756, 408.542, 533.323, 498.332, 844.823, 1196.55, 396.038, 1075.95, 536.769, 452.522, 488.65, 561.893, 587.405, 486.349, 443.378, 1090.45, 971.582, 731.449, 392.904, 411.792, 691.715, 887.508, 361.634, 517.232, 631.807, 786.341, 509.497, 1033.65, 492.604, 515.469, 1026.47, 631.35, 742.271, 561.105, 445.04, 471.444, 713.631, 649.765, 651.148, 510.883, 461.34, 636.004, 566.494, 483.012, 448.945, 498.552, 450.544, 971.608, 450.874, 422.352, 672.606, 586.853, 728.123, 848.858, 577.845, 1003.45, 453.278, 508.11, 486.998, 520.685, 673.783, 477.863, 651.391, 848.24, 410.82, 448.735, 341.113, 660.793, 748.707, 1210.61, 658.417, 410.772, 574.389, 826.05, 451.054, 971.739, 986.282, 491.675, 466.517, 645.326, 435.213, 679.245, 381.681, 509.127, 667.713, 705.087, 550.006, 989.712, 464.212, 443.401, 699.522, 486.175, 503.886, 607.003, 546.53, 375.453];
HighestPossibleCritFunctionValue = 1.1;
