NumDevices = 128;
NumSlotes = 1024;


GivenBandwidthOld = [0.0040821, 0.00414657, 0.00636499, 0.0039154, 0.00865797, 0.00448465, 0.00727117, 0.0090314, 0.00572579, 0.00467965, 0.00962454, 0.00584954, 0.00950661, 0.00510988, 0.00919452, 0.00973006, 0.00442055, 0.00491489, 0.00713297, 0.0051272, 0.00652318, 0.00640146, 0.00437136, 0.00943733, 0.00953537, 0.00726457, 0.00444763, 0.00390156, 0.00726645, 0.00476598, 0.00432959, 0.00744899, 0.00395498, 0.00509883, 0.00473598, 0.00628089, 0.00908498, 0.00622735, 0.00936229, 0.00452097, 0.00511302, 0.0057953, 0.00415384, 0.00979587, 0.00412389, 0.00642008, 0.00485354, 0.00720008, 0.00793381, 0.00856154, 0.00877799, 0.00925823, 0.00557622, 0.00947046, 0.00383889, 0.00401002, 0.00507281, 0.00489469, 0.00512688, 0.00754566, 0.00988009, 0.00724147, 0.00981484, 0.00431873, 0.00621306, 0.00658429, 0.00844974, 0.00472338, 0.0070798, 0.00516071, 0.00727597, 0.00853911, 0.00683975, 0.00820512, 0.005908, 0.00449325, 0.0080701, 0.00542106, 0.00808394, 0.00682496, 0.00954674, 0.00456745, 0.00511967, 0.00502646, 0.00717971, 0.00930432, 0.0052032, 0.00886339, 0.00706886, 0.00885828, 0.0086051, 0.00962976, 0.00614184, 0.00964511, 0.0078116, 0.00454937, 0.00746573, 0.00409318, 0.00914728, 0.00959444, 0.00630967, 0.0053334, 0.0097057, 0.00752503, 0.00695735, 0.00968521, 0.00690569, 0.00386637, 0.00961745, 0.00542028, 0.00732832, 0.00712896, 0.00636747, 0.00810588, 0.00684007, 0.00736558, 0.00837517, 0.00764755, 0.00988942, 0.00782188, 0.00855644, 0.0043562, 0.00471132, 0.00441401, 0.00750229, 0.0060564, 0.00496042, 0.00978515];
GivenLatency = [1087, 1091.44, 588.556, 963.526, 508.098, 875.853, 490.723, 535.717, 677.044, 753.93, 477.662, 663.983, 428.358, 901.144, 455.834, 349.31, 855.401, 928.604, 626.329, 678.332, 600.051, 767.309, 781.679, 437.998, 490.889, 629.753, 888.984, 960.646, 577.849, 1025.8, 950.906, 641.357, 913.519, 708.623, 949.191, 625.244, 420.219, 767.005, 425.392, 851.021, 741.034, 761.831, 920.583, 352.338, 997.383, 721.511, 898.359, 624.372, 605.983, 550.703, 404.954, 465.895, 610.74, 374.622, 1075.9, 1049.84, 711.357, 948.499, 748.019, 599.94, 391.451, 618.012, 350.43, 818.61, 592.608, 604.658, 480.831, 1029.02, 643.975, 693.4, 567.357, 409.374, 656.688, 422.197, 653.782, 793.804, 563.996, 826.488, 429.95, 506.957, 385.797, 819.236, 734.405, 789.782, 661.065, 516.514, 861.958, 479.782, 537.158, 405.368, 399.718, 497.432, 638.046, 429.166, 636.226, 949.284, 580.573, 863.579, 451.503, 389.865, 761.821, 672.249, 398.247, 626.794, 610.973, 356.269, 636.403, 875.881, 391.435, 648.87, 628.482, 543.474, 611.653, 460.162, 529.604, 487.814, 452.771, 460.295, 419.868, 457.762, 452.667, 804.172, 1053.56, 1117.06, 583.303, 739.957, 903.767, 341.316];
HighestPossibleCritFunctionValue = 1.1;
