NumDevices = 128;
NumSlotes = 1024;


GivenBandwidthOld = [0.00582139, 0.0051408, 0.00393783, 0.00433731, 0.00591353, 0.00993833, 0.00479409, 0.00797185, 0.00420253, 0.00935015, 0.00671066, 0.00738709, 0.00737492, 0.00897133, 0.00860895, 0.00558261, 0.00435353, 0.00983022, 0.00656412, 0.00697163, 0.00600987, 0.00421076, 0.00393524, 0.00452921, 0.00620462, 0.00851486, 0.0054358, 0.00569388, 0.00578456, 0.00489235, 0.00944279, 0.00752999, 0.00898608, 0.00658707, 0.00507303, 0.00870702, 0.00382771, 0.00984317, 0.00534248, 0.0060724, 0.00507149, 0.00783935, 0.00845245, 0.00660478, 0.00904301, 0.0071291, 0.00878734, 0.00376787, 0.00403316, 0.00661981, 0.00542518, 0.00845947, 0.00579073, 0.00854943, 0.00525952, 0.0055578, 0.00615679, 0.0047099, 0.00554378, 0.0080369, 0.00996384, 0.00852431, 0.00803023, 0.00404103, 0.00765663, 0.00626894, 0.00826147, 0.00924216, 0.00416303, 0.00806677, 0.00563632, 0.00704951, 0.00856444, 0.00749783, 0.00599898, 0.00857235, 0.00917357, 0.00775892, 0.00660384, 0.00567514, 0.00965786, 0.00969165, 0.00885852, 0.0063689, 0.00710652, 0.00430386, 0.00623183, 0.0095691, 0.00538657, 0.00959119, 0.00785613, 0.00930462, 0.00393796, 0.006497, 0.00376617, 0.00672699, 0.00679799, 0.00634102, 0.00723999, 0.00381199, 0.00817928, 0.00923028, 0.00462955, 0.00511961, 0.00405682, 0.00421987, 0.00702743, 0.00631841, 0.00858247, 0.00439417, 0.00532436, 0.00775958, 0.00530068, 0.00978386, 0.00863459, 0.00536945, 0.00938652, 0.00544732, 0.00553074, 0.00760395, 0.00838044, 0.00880251, 0.00878062, 0.00962024, 0.00862208, 0.00761062, 0.00791027, 0.00663922];
GivenLatency = [700.472, 739.731, 1130.05, 785.026, 773.795, 370.249, 866.556, 513.542, 800.431, 375.136, 655.764, 565.167, 474.577, 456.087, 420.422, 875.784, 1118.07, 405.927, 735.283, 592.488, 571.224, 988.953, 1097.89, 1041.46, 592.314, 512.869, 792.986, 644.312, 648.865, 972.747, 498.432, 530.58, 475.45, 685.358, 670.598, 407.37, 1303.68, 408.461, 684.266, 803.961, 738.87, 519.611, 525.046, 650.264, 382.836, 635.148, 426.36, 990.542, 1194.6, 543.697, 643.857, 434.703, 843.403, 396.093, 837.417, 731.474, 596.248, 848.749, 707.887, 550.203, 429.591, 533.21, 596.852, 892.38, 494.009, 704.496, 477.162, 521.243, 1172.23, 504.874, 716.446, 485.68, 442.069, 499.348, 778.104, 568.022, 454.457, 574.047, 552.025, 673.193, 513.123, 386.117, 526.089, 585.237, 579.229, 991.006, 669.885, 508.263, 730.374, 495.481, 528.826, 402.342, 910.479, 539.472, 1211.88, 698.121, 699.747, 774.49, 498.485, 1120.22, 576.292, 365.848, 789.969, 671.746, 941.044, 940.117, 628.277, 640.667, 515.635, 986.196, 675.603, 635.484, 693.297, 509.747, 442.811, 859.908, 410.928, 820.287, 771.325, 503.317, 456.054, 541.435, 456.319, 399.706, 522.816, 519.634, 522.189, 605.766];
HighestPossibleCritFunctionValue = 1.1;
