NumDevices = 16;
NumSlotes = 128;


GivenBandwidthOld = [0.0787765, 0.0663056, 0.0674922, 0.0609543, 0.0787127, 0.0437995, 0.0578495, 0.046614, 0.0612592, 0.0535026, 0.0383531, 0.0700195, 0.0376214, 0.0722878, 0.0606256, 0.0540755];
GivenLatency = [18.5948, 23.4425, 28.2141, 26.1941, 17.3688, 31.5025, 30.1059, 41.6467, 31.6462, 33.7606, 34.9356, 24.5544, 47.4571, 23.9612, 22.4559, 28.9831];
HighestPossibleCritFunctionValue = 1.1;
