NumDevices = 32;
NumSlotes = 256;


GivenBandwidthOld = [0.00610189, 0.0119413, 0.00516838, 0.00996464, 0.00827384, 0.0158514, 0.00941017, 0.0141996, 0.00948949, 0.00978538, 0.00794216, 0.0163887, 0.014903, 0.00763193, 0.0149042, 0.0144277, 0.00717662, 0.0124046, 0.0158437, 0.0058688, 0.00698065, 0.00628202, 0.0144543, 0.0155794, 0.0131056, 0.0101577, 0.0151782, 0.00733146, 0.0147845, 0.0163244, 0.00898996, 0.0142415];
GivenLatency = [59.2278, 41.7622, 74.7542, 34.6894, 37.6209, 19.8687, 50.1652, 42.7697, 53.896, 58.226, 50.1748, 26.925, 24.5261, 70.0277, 22.0417, 38.2374, 49.9152, 42.2744, 30.2388, 89.4748, 44.7449, 69.5819, 21.2209, 36.132, 39.2122, 30.9788, 29.8583, 46.1113, 22.1703, 20.7071, 42.4611, 23.1813];
HighestPossibleCritFunctionValue = 1.1;
