NumDevices = 16;
NumSlotes = 128;


GivenBandwidthOld = [0.0695064, 0.0632465, 0.0545757, 0.0740398, 0.0576956, 0.0603566, 0.0335548, 0.0756804, 0.0300634, 0.0455175, 0.0329747, 0.0765679, 0.0458182, 0.0357922, 0.079891, 0.0481044];
GivenLatency = [21.9001, 30.5561, 25.5009, 22.9378, 32.0264, 32.1363, 57.0754, 23.971, 46.0527, 33.5726, 52.2427, 25.802, 41.0453, 39.8776, 22.3765, 37.7958];
HighestPossibleCritFunctionValue = 1.1;
