NumDevices = 16;
NumSlotes = 128;


GivenBandwidthOld = [0.0750557, 0.0312203, 0.0396651, 0.0713874, 0.0777039, 0.0401016, 0.057577, 0.0674077, 0.040878, 0.0561679, 0.0337597, 0.0692398, 0.0333886, 0.0314541, 0.0684453, 0.0308094];
GivenLatency = [25.7391, 49.9768, 35.6197, 27.865, 22.4221, 46.0412, 24.701, 19.814, 33.3458, 27.7117, 46.963, 19.5278, 57.5695, 58.6445, 21.9746, 48.5081];
HighestPossibleCritFunctionValue = 1.1;
