NumDevices = 64;
NumSlotes = 512;


GivenBandwidthOld = [0.0099048, 0.0124535, 0.0101767, 0.00789139, 0.0105528, 0.0158583, 0.0107377, 0.011704, 0.0138092, 0.00801386, 0.018918, 0.0105605, 0.0195555, 0.0122029, 0.0109024, 0.017011, 0.00910423, 0.019726, 0.0145817, 0.0174029, 0.00876525, 0.0101179, 0.0193484, 0.0178973, 0.0179257, 0.00759584, 0.0182027, 0.0127295, 0.0116472, 0.00870733, 0.0115291, 0.0125216, 0.0178341, 0.0180234, 0.0115934, 0.0183883, 0.0193632, 0.0171942, 0.0127835, 0.0189461, 0.0197474, 0.012288, 0.0171409, 0.0170377, 0.0198447, 0.00912008, 0.0112603, 0.0197736, 0.0150303, 0.0189924, 0.0103573, 0.017213, 0.0164068, 0.0172943, 0.00853698, 0.0110486, 0.0105116, 0.0106508, 0.0125992, 0.00966449, 0.0111233, 0.0170121, 0.0145007, 0.0180419];
GivenLatency = [302.349, 181.214, 227.794, 336.818, 307.457, 142.564, 212.474, 277.507, 171.881, 291.648, 118.359, 247.989, 146.531, 259.338, 240.808, 185.774, 296.516, 127.256, 166.507, 150.719, 265.488, 284.516, 136.735, 177.466, 157.017, 361.423, 129.419, 215.434, 201.406, 285.656, 236.906, 187.456, 157.852, 160.459, 234.809, 132.521, 137.329, 154.251, 226.795, 168.469, 147.528, 233.566, 136.932, 153.269, 126.427, 266.597, 244.252, 117.285, 170.728, 148.195, 277.353, 190.64, 197.149, 188.289, 272.455, 231.616, 214.16, 217.271, 259.382, 344.501, 248.723, 163.238, 161.638, 162.02];
HighestPossibleCritFunctionValue = 1.1;
