NumDevices = 32;
NumSlotes = 256;


GivenBandwidthOld = [0.0294014, 0.0194965, 0.0285051, 0.0153004, 0.0233641, 0.0306909, 0.0327458, 0.0294986, 0.0333848, 0.0284454, 0.0320475, 0.0321474, 0.0311652, 0.0227147, 0.0166554, 0.0180404, 0.0155464, 0.0186298, 0.0210389, 0.030466, 0.0316038, 0.0152197, 0.0274807, 0.0181844, 0.0157874, 0.0288955, 0.0163004, 0.0303512, 0.0230482, 0.0212639, 0.0321019, 0.0259172];
GivenLatency = [36.402, 56.2164, 30.5454, 76.3197, 37.143, 31.7733, 28.545, 36.8852, 29.892, 37.5074, 32.6443, 26.6128, 28.1598, 50.7534, 63.9294, 48.9116, 60.9029, 62.819, 39.6541, 29.78, 30.1432, 70.5645, 34.379, 48.9165, 69.2393, 31.2263, 58.8238, 28.7057, 36.7709, 45.6979, 27.4207, 40.6006];
HighestPossibleCritFunctionValue = 1.1;
