NumDevices = 32;
NumSlotes = 256;


GivenBandwidthOld = [0.0236346, 0.0171196, 0.0197166, 0.0261835, 0.0153607, 0.0167581, 0.023312, 0.0154239, 0.0200247, 0.0247035, 0.0223451, 0.0234784, 0.0313106, 0.0273845, 0.0210808, 0.0344183, 0.0184344, 0.017763, 0.0331497, 0.0173295, 0.0269319, 0.0342953, 0.031474, 0.0343158, 0.0158989, 0.0234962, 0.0313755, 0.017751, 0.030479, 0.0305523, 0.022181, 0.025517];
GivenLatency = [49.7507, 49.7644, 42.7881, 37.7425, 55.7424, 60.6174, 40.6692, 61.6621, 50.1821, 36.2205, 48.6994, 44.7147, 28.5956, 31.3707, 44.3972, 28.7785, 57.858, 57.103, 25.2018, 63.3539, 37.7166, 33.2989, 34.8831, 27.968, 69.6135, 48.4465, 33.3638, 47.7872, 32.7942, 32.9884, 37.8288, 40.0566];
HighestPossibleCritFunctionValue = 1.1;
