NumDevices = 128;
NumSlotes = 1024;


GivenBandwidthOld = [0.00703174, 0.00493098, 0.00756396, 0.00492516, 0.00465087, 0.00472286, 0.00459267, 0.00657016, 0.00716243, 0.00654134, 0.00772892, 0.00748828, 0.0079598, 0.00778928, 0.00694152, 0.00856282, 0.0078697, 0.00846967, 0.0072633, 0.00680042, 0.00715415, 0.00737162, 0.0073918, 0.00653018, 0.00522316, 0.0081947, 0.00575156, 0.00390538, 0.00525031, 0.00449014, 0.00831028, 0.00841567, 0.0047165, 0.00778743, 0.00576373, 0.00844926, 0.00428175, 0.00581888, 0.00541113, 0.00737423, 0.00622221, 0.00418201, 0.00448932, 0.00446101, 0.0087496, 0.00698453, 0.00656673, 0.00450725, 0.00593671, 0.00577546, 0.00557617, 0.00626674, 0.00753983, 0.00436846, 0.00814957, 0.00729662, 0.00686425, 0.00491138, 0.00806191, 0.00410689, 0.00706637, 0.00702068, 0.00409142, 0.00700778, 0.00731199, 0.00508681, 0.00651266, 0.00583597, 0.00757432, 0.00401233, 0.00780286, 0.00516001, 0.00677264, 0.00518597, 0.00804659, 0.00645969, 0.00546558, 0.00757189, 0.00828845, 0.00644528, 0.00831439, 0.00750318, 0.00848747, 0.00643726, 0.00856278, 0.00722054, 0.00806783, 0.00857985, 0.00406523, 0.00677565, 0.00580191, 0.00527611, 0.00809624, 0.00598278, 0.00509244, 0.00617174, 0.0059144, 0.00582968, 0.00690643, 0.00393496, 0.00743314, 0.00623084, 0.00426137, 0.00835257, 0.00421987, 0.0059076, 0.00645625, 0.00774349, 0.00731918, 0.00590948, 0.00807455, 0.00646145, 0.00515269, 0.00868294, 0.00673068, 0.00500544, 0.00399085, 0.00677315, 0.00383137, 0.00626426, 0.00587885, 0.00833381, 0.0039007, 0.00655363, 0.00428058, 0.00622388, 0.00727789, 0.00699497];
GivenLatency = [149.32, 214.816, 130.503, 199.766, 256.396, 217.502, 229.489, 186.116, 162.16, 177.567, 137, 128.422, 157.762, 130.344, 182.638, 151.331, 126.402, 150.438, 164.777, 181.703, 175.064, 148.757, 165.386, 150.819, 219.194, 134.041, 205.565, 270.273, 213.783, 240.805, 141.481, 133.416, 225.133, 123.856, 184.782, 129.724, 251.91, 174.282, 189.675, 153.653, 191.199, 272.411, 289.244, 220.924, 145.215, 180.224, 148.717, 280.843, 202.156, 178.111, 183.811, 156.925, 143.356, 270.476, 150.256, 134.398, 172.294, 210.013, 144.14, 271.735, 169.911, 163.303, 250.468, 138.808, 163.795, 244.829, 185.384, 205.639, 158.642, 261.032, 156.344, 231.242, 173.761, 190.685, 141.267, 180.391, 200.269, 129.713, 146.962, 153.388, 143.045, 159.02, 126.727, 182.577, 145.035, 133.39, 140.997, 112.624, 304.12, 179.084, 180.806, 185.897, 120.834, 204.753, 248.13, 181.87, 192.989, 213.449, 170.889, 290.038, 137.49, 172.897, 228.232, 115.402, 268.322, 216.982, 155.656, 125.423, 137.658, 184.426, 131.53, 148.68, 188.462, 147.803, 166.396, 211.71, 245.618, 149.421, 316.553, 180.896, 208.629, 119.429, 289.655, 198.093, 228.271, 181.498, 176.546, 183.207];
HighestPossibleCritFunctionValue = 1.1;
