NumDevices = 16;
NumSlotes = 128;


GivenBandwidthOld = [0.0329449, 0.0741642, 0.0485074, 0.0344208, 0.0309173, 0.0478962, 0.0610695, 0.0655094, 0.0357308, 0.0480766, 0.0428837, 0.0658003, 0.0756667, 0.0501067, 0.062765, 0.0607164];
GivenLatency = [60.2277, 19.3983, 31.4039, 48.0742, 58.1032, 29.6984, 25.9068, 25.312, 46.6082, 30.7811, 32.1665, 23.6296, 26.3645, 30.2594, 22.6859, 24.875];
HighestPossibleCritFunctionValue = 1.1;
