NumDevices = 64;
NumSlotes = 512;


GivenBandwidthOld = [0.0127319, 0.0107221, 0.0119705, 0.0135645, 0.0138463, 0.00913776, 0.0133968, 0.0154747, 0.00897413, 0.0131531, 0.00991849, 0.0150557, 0.0157168, 0.0168527, 0.00762996, 0.0118011, 0.0156895, 0.0077904, 0.00817468, 0.0169193, 0.0169354, 0.0079555, 0.0131749, 0.0154377, 0.0167211, 0.0166622, 0.0162215, 0.0089408, 0.0131077, 0.0162751, 0.0100379, 0.0118295, 0.0133195, 0.0153865, 0.0164592, 0.0147653, 0.0157303, 0.0148665, 0.0161266, 0.0150382, 0.0115654, 0.0151235, 0.0160571, 0.0171203, 0.0155399, 0.013408, 0.0127399, 0.0141384, 0.00927575, 0.0126041, 0.0118182, 0.0128893, 0.0150253, 0.0159882, 0.00937988, 0.0125694, 0.00840945, 0.0126407, 0.0169997, 0.00972714, 0.00908957, 0.0133629, 0.0154793, 0.0147637];
GivenLatency = [91.9412, 102.424, 102.898, 85.0942, 78.9188, 116.864, 70.2429, 72.4423, 120.604, 71.5091, 105.342, 63.6246, 72.405, 69.6455, 157.644, 78.4933, 62.2304, 117.098, 134.511, 54.1952, 65.6625, 147.863, 69.5862, 69.3973, 67.3387, 61.3809, 76.9836, 113.843, 85.8933, 62.1072, 116.283, 82.8078, 71.615, 63.9729, 74.608, 73.5804, 68.4638, 77.2537, 70.904, 66.4325, 93.4659, 79.8962, 70.2292, 61.0583, 58.7306, 74.5218, 88.9821, 83.6962, 130.722, 89.2979, 78.3949, 94.5947, 81.0187, 62.0612, 119.741, 77.0229, 109.761, 90.2669, 53.6346, 105.466, 120.693, 71.5916, 59.074, 65.2276];
HighestPossibleCritFunctionValue = 1.1;
