NumDevices = 64;
NumSlotes = 512;


GivenBandwidthOld = [0.00551919, 0.00849946, 0.00415174, 0.00707841, 0.00805118, 0.00739452, 0.00852734, 0.00404468, 0.00776031, 0.00627168, 0.00567754, 0.00737379, 0.00375352, 0.0078352, 0.00252485, 0.00771343, 0.00589089, 0.00575672, 0.00694828, 0.00850653, 0.00422574, 0.00701322, 0.006273, 0.00287214, 0.00709874, 0.0059966, 0.00727807, 0.00756425, 0.00484596, 0.0060419, 0.00623567, 0.00664318, 0.0057228, 0.00567974, 0.00691736, 0.00762391, 0.00755608, 0.00511302, 0.00703237, 0.00303764, 0.00740807, 0.00495454, 0.00602222, 0.00677348, 0.00820885, 0.00735987, 0.00727423, 0.00544798, 0.00552105, 0.00849066, 0.00630023, 0.00420848, 0.00441466, 0.00724324, 0.00332034, 0.00865563, 0.0039513, 0.0069233, 0.00734589, 0.00367294, 0.00353483, 0.00741675, 0.00704351, 0.00269993];
GivenLatency = [71.0603, 38.7163, 86.2169, 59.4057, 67.5061, 78.9244, 69.9552, 147.549, 40.4687, 70.4569, 85.3166, 81.8616, 141.295, 75.0308, 125.704, 47.7021, 97.4127, 91.1333, 59.0693, 37.6992, 91.1171, 60.1821, 64.2383, 221.639, 60.7599, 78.3394, 72.8941, 41.2916, 74.4828, 61.281, 58.3856, 95.2839, 70.4411, 65.2954, 44.9123, 57.5591, 69.2011, 103.39, 54.246, 200.98, 47.1837, 127.276, 56.9178, 59.8343, 47.1157, 47.8225, 42.6663, 97.155, 90.8991, 47.0653, 54.9291, 152.434, 72.5657, 42.6132, 139.062, 47.3414, 92.0249, 91.1369, 54.174, 86.5648, 115.181, 71.561, 76.2609, 161.221];
HighestPossibleCritFunctionValue = 1.1;
