NumDevices = 64;
NumSlotes = 512;


GivenBandwidthOld = [0.0174381, 0.0166379, 0.00801924, 0.0143787, 0.0171924, 0.0083358, 0.0147337, 0.01405, 0.0136286, 0.0114781, 0.016824, 0.0163308, 0.0166591, 0.0145178, 0.0155895, 0.0174435, 0.00756253, 0.00852668, 0.0129985, 0.0105896, 0.0142529, 0.0134415, 0.0156992, 0.0106157, 0.013711, 0.016522, 0.00992151, 0.0158274, 0.0155483, 0.0150351, 0.0102848, 0.0113897, 0.0108606, 0.00844738, 0.0100978, 0.00932098, 0.0127715, 0.0156427, 0.0122288, 0.0136889, 0.0149908, 0.0161887, 0.00909767, 0.00949415, 0.0132432, 0.0132896, 0.0130117, 0.0118922, 0.0164655, 0.0100027, 0.00991399, 0.00938744, 0.00971203, 0.0150237, 0.00845398, 0.0110259, 0.0172611, 0.0130343, 0.0129121, 0.00792796, 0.0101811, 0.00797456, 0.0135057, 0.0150143];
GivenLatency = [63.8633, 69.1792, 148.825, 84.1869, 58.1155, 128.718, 67.0922, 73.8507, 82.0827, 95.3765, 63.2328, 69.538, 61.5443, 68.6565, 61.4145, 67.0432, 143.927, 109.558, 78.7524, 93.581, 77.3736, 81.1371, 66.4314, 106.244, 75.9909, 56.6025, 106.519, 73.3675, 62.1746, 82.0641, 91.0601, 100.594, 91.4381, 117.273, 108.925, 127.572, 83.3481, 77.7309, 100.284, 74.4004, 81.0695, 61.2726, 108.271, 121.873, 91.8841, 81.2224, 94.5504, 96.9337, 75.5999, 98.865, 100.709, 105.05, 114.673, 63.7001, 138.281, 98.9785, 62.7109, 72.8879, 80.9399, 155.797, 93.9903, 121.06, 76.4634, 77.2005];
HighestPossibleCritFunctionValue = 1.1;
