NumDevices = 128;
NumSlotes = 1024;


GivenBandwidthOld = [0.00943372, 0.00502325, 0.00954554, 0.00945984, 0.00659015, 0.00688761, 0.00627764, 0.00455837, 0.00877469, 0.00999736, 0.00935247, 0.0082912, 0.00893319, 0.0050485, 0.00885602, 0.00809081, 0.00971308, 0.00649834, 0.00760777, 0.00995625, 0.00587104, 0.00831183, 0.00564751, 0.00764925, 0.00716845, 0.007622, 0.00538464, 0.00838303, 0.0086537, 0.00776948, 0.00909552, 0.00842266, 0.00593819, 0.00572225, 0.00763644, 0.0043439, 0.00416815, 0.00658668, 0.00489846, 0.00598095, 0.00561379, 0.009683, 0.00712688, 0.00896333, 0.0054841, 0.00502908, 0.00752411, 0.00389016, 0.00948138, 0.00597197, 0.00472178, 0.00520449, 0.00554523, 0.00735236, 0.00478516, 0.00786464, 0.00842572, 0.00734218, 0.00874167, 0.00492288, 0.00384288, 0.00852183, 0.00397045, 0.00878999, 0.00463458, 0.00837214, 0.00685818, 0.00544694, 0.00541589, 0.00867563, 0.00762963, 0.00871616, 0.007495, 0.00844346, 0.00554392, 0.00413672, 0.00961262, 0.00554976, 0.00861577, 0.00782427, 0.00503383, 0.00612093, 0.0081498, 0.00749241, 0.00861321, 0.00841864, 0.00715568, 0.00545114, 0.00737455, 0.00901962, 0.0076714, 0.00448023, 0.00800587, 0.00716171, 0.00681789, 0.00947969, 0.00887242, 0.00874757, 0.00410083, 0.00643923, 0.00792869, 0.00993753, 0.00381326, 0.004526, 0.00848011, 0.00898104, 0.00930381, 0.00917563, 0.00486154, 0.00423233, 0.0040411, 0.00875301, 0.00806883, 0.00912204, 0.00414251, 0.0069434, 0.00651178, 0.00849899, 0.00751053, 0.00699969, 0.00878889, 0.00484626, 0.00981337, 0.0045315, 0.00712945, 0.00841064, 0.00380098, 0.0042972];
GivenLatency = [424.383, 738.472, 399.708, 511.251, 629.061, 533.866, 582.508, 976.511, 452.92, 338.151, 378.041, 538.519, 382.642, 675.188, 473.81, 586.024, 450.727, 733.57, 640.611, 376.242, 826.24, 534.075, 606.38, 600.052, 471.716, 587.123, 872.455, 409.852, 505.844, 474.508, 445.639, 428.726, 625.873, 583.399, 612.238, 968.074, 1179.82, 532.676, 753.577, 657.871, 619.289, 369.457, 577.881, 417.232, 609.064, 701.706, 586.363, 1254.77, 402.089, 641.517, 807.091, 809.605, 660.711, 602.901, 802.294, 511.826, 550.709, 670.77, 460.533, 681.231, 1284.17, 500.713, 1045.04, 413.486, 882.286, 437.434, 593.194, 654.711, 618.034, 562.039, 523.324, 446.431, 485.614, 550.881, 687.591, 1041.96, 397.358, 768.549, 497.358, 470.057, 700.835, 675.988, 495.924, 625.068, 486.364, 513.424, 670.096, 853.943, 536.85, 466.765, 593.81, 1090.26, 583.179, 657.034, 503.885, 418.951, 407.137, 511.521, 1110.84, 747.78, 491.623, 362.017, 918.075, 1012.82, 556.163, 400.346, 481.843, 397.546, 981.161, 1116.35, 1159.69, 508.962, 477.506, 430.669, 1040.88, 541.598, 714.465, 553.133, 555.602, 503.614, 459.596, 880.575, 365.695, 1054.34, 504.795, 539.786, 1150.58, 825.698];
HighestPossibleCritFunctionValue = 1.1;
