NumDevices = 128;
NumSlotes = 1024;


GivenBandwidthOld = [0.00442774, 0.0044893, 0.00421202, 0.00387487, 0.00740121, 0.00461278, 0.0045176, 0.0047502, 0.00405099, 0.00749521, 0.00445158, 0.00528534, 0.00824986, 0.00791769, 0.00513414, 0.00695255, 0.00402946, 0.00565026, 0.00648924, 0.00714858, 0.00865175, 0.00750563, 0.00469151, 0.00763814, 0.00679492, 0.00467558, 0.00503634, 0.00833526, 0.00814933, 0.00837107, 0.00514047, 0.00839387, 0.00832875, 0.00871595, 0.00651769, 0.00538208, 0.00412673, 0.00551654, 0.00404924, 0.00811478, 0.00764876, 0.00523766, 0.00689512, 0.00872543, 0.00577989, 0.00505194, 0.0055164, 0.00656386, 0.00631709, 0.00384462, 0.00400852, 0.00866737, 0.00495142, 0.00605634, 0.00637813, 0.00475328, 0.00581436, 0.00447985, 0.00538442, 0.00849838, 0.00477509, 0.00740729, 0.00681444, 0.00782398, 0.00507877, 0.00642323, 0.0077247, 0.00645094, 0.00852198, 0.0064075, 0.00834184, 0.00382586, 0.00868672, 0.00524824, 0.00464797, 0.00588894, 0.00785982, 0.00748744, 0.00398703, 0.00745691, 0.00575756, 0.00484304, 0.00454622, 0.00578116, 0.00639297, 0.00407248, 0.00871248, 0.00808332, 0.00387527, 0.00410739, 0.00539731, 0.00505003, 0.00828874, 0.00631371, 0.0070532, 0.00557188, 0.00409529, 0.00696113, 0.00821944, 0.00655928, 0.00425929, 0.00830558, 0.00445461, 0.00616046, 0.00635324, 0.00642449, 0.00385045, 0.00706017, 0.00774621, 0.00800185, 0.00460962, 0.00645231, 0.00645449, 0.0081728, 0.00783272, 0.00709641, 0.0069351, 0.00569765, 0.00790061, 0.00812772, 0.00501635, 0.00722341, 0.0064344, 0.00553369, 0.00717613, 0.00665843, 0.00569076, 0.00709966];
GivenLatency = [244.838, 248.766, 236.64, 278.726, 165.503, 214.612, 244.043, 210.609, 249.543, 140.637, 288.643, 190.254, 157.184, 128.193, 250.151, 186.561, 239.248, 186.729, 160.46, 166.973, 111.091, 156.792, 224.479, 131.198, 162.151, 217.639, 233.12, 146.881, 144.909, 147.733, 186.582, 136.931, 135.945, 128.515, 179.789, 178.034, 252.3, 177.365, 288.119, 120.434, 146.362, 187.297, 162.863, 134.028, 209.073, 256.23, 202.624, 192.988, 204.409, 337.515, 259.205, 139.692, 194.321, 159.113, 177.217, 239.06, 172.747, 286.581, 179.004, 146.472, 243.709, 150.571, 166.063, 130.307, 223.669, 176.145, 137.114, 162.785, 147.328, 179.918, 135.208, 262.114, 123.686, 186.98, 227.02, 173.148, 136.778, 158.854, 254.277, 160.027, 210.392, 262.136, 218.161, 193.551, 158.995, 274.747, 145.317, 158.082, 331.383, 313.777, 182.379, 209.409, 123.989, 185.255, 148.31, 189.16, 242.676, 152.067, 153.019, 164.937, 243.999, 144.414, 221.644, 169.599, 169.427, 152.572, 307.319, 140.021, 131.339, 141.59, 241.961, 196.998, 152.188, 127.489, 148.126, 178.638, 147.996, 188.588, 143.638, 148.584, 200.053, 161.383, 151.078, 190.509, 143.124, 181.297, 206.794, 134.215];
HighestPossibleCritFunctionValue = 1.1;
