NumDevices = 64;
NumSlotes = 512;


GivenBandwidthOld = [0.0128059, 0.0143939, 0.0130242, 0.0134312, 0.0139719, 0.0113684, 0.0135027, 0.0157028, 0.0119385, 0.0148963, 0.0164635, 0.0171652, 0.0102394, 0.00835684, 0.00842101, 0.0168873, 0.0104479, 0.0135774, 0.0106253, 0.0151395, 0.0151939, 0.00908633, 0.00893795, 0.0151236, 0.00757294, 0.0133591, 0.0111787, 0.0147655, 0.00909842, 0.0121536, 0.010877, 0.0151224, 0.00794605, 0.0142094, 0.0117077, 0.0165512, 0.0107481, 0.00849574, 0.0128589, 0.0149741, 0.0152125, 0.0107118, 0.00903281, 0.00936748, 0.0141628, 0.00890268, 0.0123052, 0.00812629, 0.0134986, 0.0152774, 0.013098, 0.0130726, 0.0170109, 0.0171623, 0.01257, 0.00878917, 0.0146322, 0.00855831, 0.0144646, 0.0116382, 0.00798378, 0.0084015, 0.00909449, 0.0161672];
GivenLatency = [97.104, 86.7596, 73.4555, 87.711, 73.4608, 101.402, 71.3146, 64.9782, 79.4134, 83.1553, 59.002, 64.5895, 106.006, 142.531, 144.537, 59.8524, 89.0397, 85.3906, 86.2413, 75.6027, 67.7899, 124.949, 102.841, 79.0361, 135.838, 70.7009, 89.301, 61.8368, 113.13, 86.0041, 88.9816, 72.8256, 134.534, 66.0786, 98.6617, 73.3385, 108.151, 113.081, 71.6182, 68.6424, 77.6647, 93.5649, 109.695, 102.06, 82.4159, 108.266, 95.5731, 131.6, 68.0912, 65.6731, 82.685, 76.0107, 72.353, 60.8944, 83.2103, 125.523, 63.6483, 126.821, 85.3691, 87.5316, 120.829, 135.701, 110.606, 57.0857];
HighestPossibleCritFunctionValue = 1.1;
