NumDevices = 16;
NumSlotes = 128;


GivenBandwidthOld = [0.0131251, 0.0330181, 0.02463, 0.0216436, 0.028535, 0.0285699, 0.0146734, 0.0310132, 0.0290634, 0.0327379, 0.0154434, 0.0216769, 0.0130093, 0.0125856, 0.0156148, 0.0276139];
GivenLatency = [32.2491, 10.1101, 23.176, 14.1982, 22.1629, 11.2487, 31.4574, 13.1594, 15.7021, 13.2913, 40.59, 17.0672, 47.2803, 37.1773, 30.0173, 16.769];
HighestPossibleCritFunctionValue = 1.1;
