NumDevices = 32;
NumSlotes = 256;


GivenBandwidthOld = [0.0184267, 0.0270858, 0.0214396, 0.0250406, 0.0273332, 0.0184216, 0.0211816, 0.0284771, 0.0245668, 0.0242361, 0.0267042, 0.028223, 0.0345379, 0.0289296, 0.0302686, 0.0344582, 0.02971, 0.0253899, 0.0172397, 0.0177947, 0.025652, 0.0226659, 0.0152514, 0.0199463, 0.027924, 0.027874, 0.0280639, 0.0193996, 0.0191804, 0.0150443, 0.0200804, 0.0207996];
GivenLatency = [49.6817, 30.9327, 51.7381, 36.0065, 37.1649, 52.9668, 48.255, 41.2276, 40.6426, 45.302, 40.2552, 35.062, 25.5882, 30.3914, 38.5224, 25.2207, 39.017, 40.8155, 48.9444, 64.4085, 37.8451, 46.836, 62.821, 45.7155, 32.0313, 40.3563, 34.0367, 58.1134, 52.41, 65.9851, 57.4796, 53.836];
HighestPossibleCritFunctionValue = 1.1;
