NumDevices = 8;
NumSlotes = 64;


GivenBandwidthOld = [0.0537115, 0.0594195, 0.0430593, 0.0277129, 0.0511633, 0.0312948, 0.0517627, 0.0560238];
GivenLatency = [11.085, 5.40765, 10.5613, 13.7733, 10.1336, 12.9056, 8.92878, 6.21348];
HighestPossibleCritFunctionValue = 1.1;
