NumDevices = 16;
NumSlotes = 128;


GivenBandwidthOld = [0.0662698, 0.0664513, 0.066592, 0.0323446, 0.0354832, 0.0355947, 0.0598775, 0.0305722, 0.0477277, 0.0302037, 0.0531592, 0.0669266, 0.0551037, 0.0480367, 0.0731605, 0.0786938];
GivenLatency = [20.6863, 26.6595, 23.3859, 54.7687, 47.638, 41.2528, 24.2552, 53.263, 34.2684, 62.9485, 31.4341, 20.8246, 31.2054, 30.6365, 24.0543, 20.424];
HighestPossibleCritFunctionValue = 1.1;
