NumDevices = 128;
NumSlotes = 1024;


GivenBandwidthOld = [0.00976866, 0.00933016, 0.00822321, 0.00380088, 0.00893962, 0.00692752, 0.00829278, 0.00427719, 0.00795261, 0.00574084, 0.00748908, 0.00903581, 0.00481348, 0.00896366, 0.00476416, 0.00505807, 0.00727224, 0.00820682, 0.00948154, 0.00866454, 0.00865357, 0.00552052, 0.00463999, 0.0055108, 0.00995622, 0.00547679, 0.00709575, 0.0045294, 0.00939885, 0.00651886, 0.00880298, 0.0042621, 0.00432292, 0.00784726, 0.00386484, 0.00892837, 0.00532292, 0.00855888, 0.00790218, 0.00825657, 0.00819666, 0.00751793, 0.00629055, 0.00908506, 0.00755324, 0.00600782, 0.00725761, 0.0061785, 0.00697491, 0.00482699, 0.00474191, 0.00604273, 0.00647244, 0.00976377, 0.00849578, 0.00980994, 0.00947824, 0.00947567, 0.00382748, 0.00591022, 0.00431549, 0.00800786, 0.00941395, 0.00398337, 0.00723734, 0.00925902, 0.00630117, 0.00620276, 0.0084898, 0.00938638, 0.00932079, 0.00700926, 0.00707533, 0.00515132, 0.00570107, 0.0079552, 0.0054785, 0.0046079, 0.00376138, 0.00757059, 0.0038365, 0.00754945, 0.00486433, 0.00725765, 0.00689627, 0.00813431, 0.0095301, 0.00619213, 0.00495799, 0.00651681, 0.00559314, 0.00637612, 0.00978156, 0.00750046, 0.00640995, 0.0095515, 0.00956952, 0.00626018, 0.00485807, 0.00829293, 0.00677126, 0.00700724, 0.00451689, 0.00531987, 0.00738519, 0.00663219, 0.00715673, 0.00447781, 0.0048402, 0.00803085, 0.00823136, 0.0094939, 0.00404621, 0.00717089, 0.00490707, 0.0068491, 0.00904077, 0.00692571, 0.00920929, 0.00804579, 0.00937231, 0.00419296, 0.00490053, 0.00940294, 0.00649593, 0.00460112, 0.00850882, 0.00399015];
GivenLatency = [365.112, 419.046, 550.775, 1004.95, 418.285, 509.701, 409.324, 968.827, 444.5, 706.262, 562.112, 451.835, 863.014, 399.865, 962.478, 872.471, 458.987, 479.085, 383.073, 523.083, 397.743, 680.661, 730.113, 698.03, 336.092, 894.845, 488.656, 795.498, 411.484, 679.754, 439.598, 952.944, 813.29, 537.301, 996.52, 408.332, 773.277, 483.746, 527.205, 465.647, 535.936, 512.701, 725.68, 416.672, 538.595, 608.019, 581.863, 691.079, 638.024, 947.894, 755.675, 782.728, 722.223, 440.883, 469.874, 452.291, 405.019, 496.665, 1179.22, 619.192, 1013.41, 509.463, 417.866, 861.268, 602.758, 473.088, 714.706, 793.989, 485.623, 421.744, 445.133, 531.208, 650.852, 827.749, 847.643, 548.929, 653.483, 840.216, 1018.4, 522.104, 1287.59, 563.46, 841.657, 488.745, 516.296, 435.593, 363.517, 769.081, 946.518, 693.215, 645.917, 525.122, 416.647, 532.401, 623.693, 477.444, 349.925, 540.448, 879.825, 478.869, 503.383, 563.001, 943.594, 738.967, 495.38, 522.09, 515.586, 886.09, 1002.06, 516.959, 602.931, 355.255, 927.649, 608.799, 834.995, 502.824, 468.703, 660.932, 505.767, 423.045, 485.742, 804.23, 908.827, 366.323, 610.675, 1052.8, 516.799, 904.033];
HighestPossibleCritFunctionValue = 1.1;
