NumDevices = 32;
NumSlotes = 256;


GivenBandwidthOld = [0.0188987, 0.0210745, 0.029923, 0.0253485, 0.0221827, 0.0341833, 0.0290057, 0.0295638, 0.028693, 0.0334338, 0.032494, 0.0167602, 0.0188082, 0.0198005, 0.0177393, 0.0340309, 0.0268397, 0.0241096, 0.0202857, 0.0311533, 0.0227576, 0.0166601, 0.0167668, 0.0299419, 0.0232384, 0.0177539, 0.0200392, 0.0283342, 0.0226596, 0.0291314, 0.0222463, 0.0237908];
GivenLatency = [54.1049, 44.0971, 29.8129, 36.5789, 49.6939, 26.3328, 38.1195, 38.3734, 35.4507, 28.6206, 34.8571, 62.0198, 46.5076, 53.9567, 48.2156, 29.4246, 35.8239, 37.0719, 51.9316, 28.0275, 44.807, 62.1231, 66.9342, 36.9918, 37.9273, 57.5136, 56.7432, 31.5951, 44.093, 29.7144, 44.2602, 37.8187];
HighestPossibleCritFunctionValue = 1.1;
