NumDevices = 32;
NumSlotes = 256;


GivenBandwidthOld = [0.0255881, 0.0196457, 0.0205491, 0.0286704, 0.0240366, 0.0177611, 0.0212333, 0.0276795, 0.0193136, 0.0392451, 0.02705, 0.0395216, 0.0248961, 0.0390546, 0.0264782, 0.0293663, 0.0190794, 0.0268249, 0.0314868, 0.0332031, 0.0300034, 0.0266828, 0.0183498, 0.0155482, 0.0292197, 0.0306915, 0.0167601, 0.0227499, 0.0182608, 0.0197876, 0.03036, 0.0210538];
GivenLatency = [68.3721, 108.002, 86.8177, 81.8028, 71.7429, 118.053, 91.3277, 81.9533, 102.874, 56.9208, 68.6902, 42.2613, 86.2948, 61.8099, 93.6986, 60.9304, 113.919, 78.8976, 72.9311, 54.1067, 60.7306, 81.3069, 98.9025, 143.121, 60.1228, 55.5658, 103.61, 80.9668, 95.387, 89.9284, 59.1027, 84.2482];
HighestPossibleCritFunctionValue = 1.1;
