NumDevices = 64;
NumSlotes = 512;


GivenBandwidthOld = [0.00769163, 0.00819096, 0.00678194, 0.00661247, 0.00828736, 0.00815099, 0.00360385, 0.00495045, 0.0058811, 0.00361447, 0.00833556, 0.00573924, 0.00696486, 0.00589528, 0.00447711, 0.00674947, 0.00464388, 0.00341027, 0.00759644, 0.00834163, 0.00779652, 0.00856347, 0.00500017, 0.00407773, 0.00683939, 0.00336995, 0.00498254, 0.00779863, 0.00659621, 0.00382267, 0.00766369, 0.00738615, 0.0053035, 0.00842686, 0.00278085, 0.00401179, 0.00491282, 0.0048397, 0.0071526, 0.00505609, 0.00641241, 0.00845024, 0.00810173, 0.00706372, 0.00488177, 0.00792839, 0.00618382, 0.00394379, 0.00581931, 0.00260477, 0.00707547, 0.00868763, 0.0041707, 0.00699346, 0.00536822, 0.00873501, 0.00678479, 0.00440551, 0.00348766, 0.00830937, 0.00303165, 0.00674017, 0.00460177, 0.00825216];
GivenLatency = [66.393, 47.0758, 72.0384, 53.158, 39.0293, 51.4149, 107.581, 71.976, 76.9327, 92.69, 50.5138, 61.9044, 51.1742, 107.647, 84.5515, 51.6743, 115.397, 115.08, 60.4396, 72.1465, 55.0394, 73.761, 76.1452, 111.217, 57.2289, 133.56, 90.6789, 47.1731, 60.2177, 97.241, 61.1045, 44.6642, 95.5213, 59.2111, 121.05, 104.418, 73.8686, 84.6305, 58.1385, 85.4353, 51.5952, 38.5661, 53.5412, 60.4335, 92.1764, 50.9545, 95.7778, 127.887, 57.6073, 246.742, 62.7034, 37.2735, 85.583, 55.733, 60.1053, 49.3146, 49.1843, 119.011, 148.432, 49.8932, 118.701, 47.8652, 117.512, 62.8162];
HighestPossibleCritFunctionValue = 1.1;
