NumDevices = 16;
NumSlotes = 128;


GivenBandwidthOld = [0.0112488, 0.0231008, 0.0207988, 0.0305564, 0.0259787, 0.0147591, 0.0211669, 0.0170729, 0.0348909, 0.027169, 0.0193348, 0.0247631, 0.033549, 0.0237599, 0.0221411, 0.0151043];
GivenLatency = [35.6521, 15.5321, 30.0488, 11.612, 18.0994, 35.0136, 14.4985, 36.873, 8.73141, 13.7098, 20.9599, 19.0366, 10.7904, 14.6213, 16.6171, 20.9033];
HighestPossibleCritFunctionValue = 1.1;
