NumDevices = 8;
NumSlotes = 64;


GivenBandwidthOld = [0.135781, 0.107417, 0.11665, 0.0945881, 0.101622, 0.078381, 0.110115, 0.10905];
GivenLatency = [7.42898, 6.98049, 6.39624, 11.1, 8.89477, 12.6707, 8.11911, 9.61592];
HighestPossibleCritFunctionValue = 1.1;
