NumDevices = 64;
NumSlotes = 512;


GivenBandwidthOld = [0.0162167, 0.00847285, 0.00826594, 0.0180921, 0.0172023, 0.0107268, 0.0151962, 0.0193435, 0.0104373, 0.0127707, 0.0176903, 0.012649, 0.00888183, 0.0193421, 0.0133981, 0.0115709, 0.0142128, 0.0174112, 0.0105221, 0.0122995, 0.00958271, 0.0115566, 0.0110516, 0.0113489, 0.00908433, 0.0103103, 0.0153939, 0.018129, 0.0117508, 0.012362, 0.01064, 0.0195255, 0.019836, 0.0137171, 0.0108095, 0.0182347, 0.0126893, 0.0120954, 0.0177182, 0.0191062, 0.010378, 0.0160889, 0.0106005, 0.0168517, 0.0190015, 0.0128715, 0.0111865, 0.0173317, 0.0106114, 0.0135651, 0.0179783, 0.0170328, 0.012633, 0.0145014, 0.0179336, 0.0148953, 0.0132233, 0.0106676, 0.00753848, 0.0167379, 0.0187766, 0.00750358, 0.0176391, 0.015239];
GivenLatency = [162.713, 331.778, 309.944, 151.174, 134.655, 244.3, 150.374, 134.208, 268.082, 218.911, 133.631, 201.378, 285.257, 157.459, 186.06, 247.374, 208.172, 179.831, 263.387, 190.2, 292.483, 285.904, 222.504, 234.199, 257.208, 252.042, 170.996, 122.673, 251.582, 235.751, 249.017, 170.469, 118.963, 201.62, 219.891, 146.991, 220.272, 201.373, 127.319, 167.343, 292.504, 153.896, 211.894, 164.093, 129.696, 194.184, 211.631, 154.316, 238.491, 198.081, 132.864, 169.683, 258.874, 186.061, 162.304, 152.13, 226.697, 216.187, 419.241, 138.651, 131.128, 427.76, 153.298, 157.962];
HighestPossibleCritFunctionValue = 1.1;
