NumDevices = 128;
NumSlotes = 1024;


GivenBandwidthOld = [0.00814503, 0.00606567, 0.00829253, 0.00505976, 0.00694145, 0.00736735, 0.00547256, 0.00475671, 0.00845565, 0.00660491, 0.00613844, 0.0063065, 0.0058063, 0.00400419, 0.00588331, 0.00825236, 0.00490072, 0.00394876, 0.00436043, 0.00822539, 0.00660575, 0.00534726, 0.00381856, 0.00604677, 0.00561195, 0.00746667, 0.00474993, 0.00463668, 0.00623656, 0.00538171, 0.00785143, 0.00654494, 0.00836783, 0.00555925, 0.0068863, 0.00547768, 0.00581617, 0.00481247, 0.00573224, 0.00426758, 0.00779813, 0.00572549, 0.0058381, 0.00840782, 0.00766762, 0.00710685, 0.00730803, 0.00853516, 0.00795812, 0.0046446, 0.00429775, 0.00481749, 0.00507753, 0.00556036, 0.00546977, 0.00800949, 0.00798556, 0.00579122, 0.00555446, 0.00628675, 0.003828, 0.00462975, 0.00477486, 0.00864844, 0.00684555, 0.00569983, 0.00459341, 0.00397445, 0.00600669, 0.00686267, 0.00837576, 0.0039297, 0.00403778, 0.00544808, 0.00839155, 0.00421181, 0.00535472, 0.00433486, 0.00845096, 0.00786126, 0.00670215, 0.00558816, 0.00776773, 0.00467923, 0.00634792, 0.00707912, 0.00635328, 0.00703831, 0.00535918, 0.00418559, 0.00467605, 0.00793628, 0.00757861, 0.00616156, 0.00481424, 0.00538991, 0.00579655, 0.00516435, 0.00476116, 0.00830975, 0.00439124, 0.00612375, 0.00440251, 0.00546961, 0.00520315, 0.00682318, 0.00461282, 0.0050834, 0.00427459, 0.00553776, 0.00560649, 0.00585901, 0.00493972, 0.00434039, 0.0064424, 0.0048678, 0.00557546, 0.00431215, 0.00685688, 0.00612894, 0.00653931, 0.00866066, 0.00718111, 0.00543623, 0.00417852, 0.00582939, 0.00703515, 0.00718487];
GivenLatency = [118.071, 161.617, 150.825, 256.191, 145.26, 143.163, 236.669, 231.86, 117.612, 171.428, 156.201, 156.539, 211.202, 252.118, 203.283, 116.964, 197.8, 253.662, 237.943, 142.897, 179.777, 208.058, 264.134, 189.989, 172.062, 171.03, 235.581, 227.279, 189.424, 227.982, 133.022, 178.476, 119.297, 180.086, 172.355, 223.46, 221.117, 227.945, 208.776, 286.208, 143.717, 225.198, 192.446, 120.447, 146.746, 172.055, 165.292, 114.55, 127.651, 233.306, 295.855, 237.371, 208.237, 231.955, 192.562, 126.017, 134.687, 204.658, 200.805, 180.183, 284.91, 240.603, 233.982, 134.744, 145.8, 168.075, 259.618, 251.559, 199.521, 145.213, 121.843, 305.657, 236.731, 237.244, 114.763, 267.766, 183.514, 247.481, 121.591, 124.527, 175.91, 190.612, 151.211, 214.452, 197.59, 154.032, 157.958, 159.729, 226.415, 289.415, 206.259, 136.038, 168.377, 156.692, 212.233, 196.885, 187.793, 201.816, 235.926, 155.302, 220.411, 159.1, 234.171, 204.854, 191.288, 176.078, 222.613, 249.724, 290.706, 182.651, 181.762, 175.457, 230.506, 253.262, 152.326, 207.466, 218.387, 292.037, 146.164, 207.35, 168.132, 135.968, 157.473, 219.018, 292.555, 217.755, 150.206, 140.511];
HighestPossibleCritFunctionValue = 1.1;
