NumDevices = 128;
NumSlotes = 1024;


GivenBandwidthOld = [0.00468463, 0.00578945, 0.00581913, 0.00457407, 0.00396797, 0.00463815, 0.0059203, 0.00504249, 0.00783921, 0.00611902, 0.00736325, 0.0065662, 0.00434227, 0.0079855, 0.00858646, 0.00893084, 0.00935448, 0.00445178, 0.00477254, 0.00839633, 0.0070581, 0.00919158, 0.00413304, 0.0040703, 0.00584726, 0.00860492, 0.00657268, 0.00708757, 0.00451119, 0.00958694, 0.00525684, 0.00427056, 0.00912803, 0.00485306, 0.00542712, 0.00983085, 0.00462816, 0.00667807, 0.00957377, 0.00890883, 0.0081523, 0.00563892, 0.00702758, 0.00885968, 0.0072244, 0.00416482, 0.00688876, 0.00686137, 0.00896698, 0.00421478, 0.00900107, 0.00840803, 0.00376166, 0.00596876, 0.0070231, 0.00849537, 0.0091608, 0.00562954, 0.00574402, 0.00476993, 0.00827126, 0.00506877, 0.00575256, 0.00444441, 0.00596921, 0.00833225, 0.00509016, 0.00903378, 0.00822602, 0.00731007, 0.00661854, 0.00910786, 0.00954846, 0.00843174, 0.00841979, 0.00759765, 0.00863156, 0.00441323, 0.00697281, 0.00698037, 0.00905243, 0.00919584, 0.00694913, 0.00895109, 0.00592461, 0.0086075, 0.00631421, 0.00665317, 0.0098169, 0.00755255, 0.00693351, 0.00891695, 0.00716257, 0.00877794, 0.00826917, 0.00748824, 0.00734787, 0.00442847, 0.00680039, 0.00910563, 0.00963132, 0.00734829, 0.00521237, 0.00681537, 0.00466642, 0.00607082, 0.00982312, 0.00591259, 0.00662016, 0.0050878, 0.00696997, 0.00922152, 0.00725784, 0.00383821, 0.00499909, 0.00968823, 0.00753188, 0.00949598, 0.00765246, 0.00494583, 0.008358, 0.00657508, 0.00990623, 0.00908537, 0.0065225, 0.0073424, 0.00627938, 0.00885179];
GivenLatency = [922.895, 739.272, 599.543, 751.027, 1234.54, 820.129, 600.144, 894.96, 463.883, 584.731, 560.66, 527.71, 959.197, 600.486, 425.11, 515.778, 391.73, 1013.39, 747.006, 411.133, 542.476, 398.617, 917.482, 1055.03, 822.439, 392.368, 619.708, 475.72, 975.048, 393.864, 711.137, 925.006, 502.15, 871.944, 644.633, 396.923, 771.802, 534.88, 415.772, 507.522, 426.405, 844.839, 605.27, 441.677, 578.869, 1125.43, 664.401, 611.008, 412.89, 1060.91, 526.569, 537.759, 1119.47, 714.576, 561.385, 466.092, 367.392, 694.279, 721.218, 931.636, 420.608, 791.934, 668.064, 1018.27, 686.406, 453.331, 921.102, 388.789, 441.784, 498.717, 616.661, 435.472, 436.076, 569.637, 471.793, 526.518, 488.196, 824.832, 501.272, 492.719, 418.287, 440.275, 685.309, 398.475, 596.541, 488.992, 764.082, 665.384, 406.341, 579.791, 517.716, 443.649, 492.024, 404.449, 464.566, 583.947, 474.621, 808.05, 565.478, 372.186, 348.34, 485.807, 784.566, 594.452, 923.312, 695.725, 359.406, 719.855, 675.295, 692.874, 545.863, 370.007, 626.641, 1200.02, 698.274, 419.211, 606.417, 469.03, 531.041, 959.839, 597.18, 740.172, 364.381, 465.509, 686.746, 539.673, 737.731, 425.366];
HighestPossibleCritFunctionValue = 1.1;
