NumDevices = 128;
NumSlotes = 1024;


GivenBandwidthOld = [0.00650311, 0.00527996, 0.00773501, 0.00472883, 0.00500898, 0.00847631, 0.00380491, 0.00664548, 0.00809621, 0.00551805, 0.00437858, 0.00832771, 0.00626957, 0.00511112, 0.00510995, 0.00542565, 0.00644625, 0.00461026, 0.00719721, 0.00599921, 0.0062757, 0.00818534, 0.00856433, 0.0081916, 0.0087217, 0.00805905, 0.00595625, 0.00424011, 0.00606062, 0.00836578, 0.00616702, 0.00657239, 0.0046718, 0.00638319, 0.00480055, 0.00538904, 0.00617087, 0.006292, 0.0072032, 0.00670271, 0.00496098, 0.00676512, 0.00383507, 0.00845267, 0.00645881, 0.00578003, 0.00743546, 0.00534977, 0.00616474, 0.00821477, 0.00810677, 0.00802871, 0.00610524, 0.00820094, 0.00577674, 0.00709959, 0.00531098, 0.00407048, 0.00497601, 0.00432068, 0.00523933, 0.00496897, 0.00595221, 0.00629705, 0.00706041, 0.00688221, 0.00677675, 0.00435424, 0.00428753, 0.00795645, 0.006534, 0.00450105, 0.00673334, 0.00470669, 0.00785237, 0.00724351, 0.00409786, 0.00527281, 0.00754667, 0.00430468, 0.00619486, 0.00449113, 0.00491889, 0.00435971, 0.00621692, 0.00528514, 0.00476509, 0.00440214, 0.00430838, 0.00839481, 0.00408933, 0.00688296, 0.00440342, 0.00584475, 0.00513409, 0.00614679, 0.00655648, 0.00730432, 0.00616491, 0.00609765, 0.00570872, 0.00402717, 0.00717458, 0.00567668, 0.00548782, 0.0062192, 0.00852376, 0.00629805, 0.0037777, 0.00422844, 0.00485707, 0.00520904, 0.00576198, 0.00415763, 0.00477513, 0.00811358, 0.00744213, 0.00742628, 0.00595993, 0.00600257, 0.00769647, 0.00699233, 0.00766835, 0.00451164, 0.00470224, 0.00797084, 0.00841722, 0.0057159];
GivenLatency = [187.974, 217.717, 147.48, 245.79, 190.543, 152.635, 261.673, 169.376, 127.128, 180.002, 218.858, 130.722, 173.672, 200.161, 208.11, 206.098, 193.143, 228.47, 138.992, 181.675, 183.716, 119.333, 133.718, 151.083, 132.232, 124.987, 210.425, 243.019, 200.366, 120.949, 161.309, 153.344, 207.871, 200.751, 205.05, 177.077, 155.941, 206.052, 172.665, 165.204, 214.25, 189.022, 253.37, 128.357, 163.672, 211.421, 153.516, 189.206, 169.365, 118.773, 120.343, 137.499, 200.106, 142.217, 210.827, 148.177, 182.724, 245.828, 217.674, 226.025, 182.728, 241.142, 180.967, 180.894, 135.059, 166.187, 165.935, 293.656, 237.962, 142.518, 150.395, 234.927, 173.39, 244.115, 123.693, 151.706, 269.734, 193.618, 155.459, 278.045, 184.842, 271.758, 230.828, 231.819, 182.418, 224.151, 207.521, 271.53, 237.632, 117.414, 284.766, 165.144, 283.694, 186.558, 250.457, 198.587, 167.706, 145.508, 200.49, 170.12, 200.775, 238.125, 133.142, 185.242, 192.009, 153.138, 149.99, 189.607, 295.331, 257.289, 234.559, 238.726, 191.347, 288.5, 232.342, 137.883, 140.029, 171.91, 190.163, 167.408, 155.209, 171.941, 160.644, 270.738, 254.048, 121.334, 136.032, 178.026];
HighestPossibleCritFunctionValue = 1.1;
