NumDevices = 32;
NumSlotes = 256;


GivenBandwidthOld = [0.0106621, 0.00560101, 0.00609644, 0.00788297, 0.00904623, 0.00998188, 0.0104755, 0.00677108, 0.00907707, 0.0158479, 0.0123263, 0.0124224, 0.0161604, 0.0156348, 0.00609111, 0.00583737, 0.0161547, 0.00779785, 0.0160248, 0.012105, 0.00707272, 0.0161953, 0.0146966, 0.0131126, 0.0165242, 0.0170276, 0.0156847, 0.00755569, 0.00848784, 0.012664, 0.0130203, 0.0146484];
GivenLatency = [31.0956, 101.536, 63.0657, 50.555, 38.8032, 36.6208, 31.3824, 91.26, 38.0475, 35.5363, 41.5135, 35.5764, 22.8233, 27.7691, 50.8227, 68.2274, 26.8041, 45.2491, 20.6118, 51.0058, 53.9166, 20.9868, 24.5192, 37.3003, 20.903, 24.8185, 21.696, 65.4917, 50.5546, 30.7233, 23.9831, 26.2945];
HighestPossibleCritFunctionValue = 1.1;
