NumDevices = 128;
NumSlotes = 1024;


GivenBandwidthOld = [0.00592386, 0.00863217, 0.00843569, 0.00607452, 0.00952348, 0.00741652, 0.00825351, 0.00671065, 0.00706807, 0.00806583, 0.00860938, 0.00663295, 0.00740809, 0.0040297, 0.00467405, 0.0093411, 0.00465189, 0.0055907, 0.00920732, 0.00622537, 0.00730429, 0.00945896, 0.00428496, 0.00728167, 0.00421711, 0.00448725, 0.00716188, 0.00978609, 0.00850795, 0.00816339, 0.00467666, 0.00940542, 0.00432914, 0.00614341, 0.00487431, 0.00622078, 0.00514862, 0.00403989, 0.0071365, 0.00810486, 0.00836463, 0.00552077, 0.00884128, 0.00413969, 0.00958824, 0.00835073, 0.00945838, 0.00705761, 0.00728689, 0.00458469, 0.00735484, 0.0090923, 0.00428189, 0.00579849, 0.0076997, 0.00516945, 0.00419688, 0.00824392, 0.00803092, 0.00948916, 0.00551068, 0.00801655, 0.00548022, 0.00851171, 0.00882733, 0.00719865, 0.00897152, 0.00563291, 0.00612783, 0.00544994, 0.00589666, 0.00766871, 0.00932326, 0.00469895, 0.00904344, 0.00810421, 0.00993491, 0.00971118, 0.0058687, 0.00651421, 0.00557202, 0.00762304, 0.00422572, 0.00550889, 0.00912373, 0.00758818, 0.00586608, 0.0061433, 0.00915192, 0.00623183, 0.00968982, 0.00935695, 0.00855328, 0.00753442, 0.00848925, 0.00638341, 0.0071602, 0.00650443, 0.00987405, 0.00568591, 0.00936056, 0.00673753, 0.00895246, 0.00395409, 0.008876, 0.00650503, 0.00759886, 0.00405134, 0.00590628, 0.00681895, 0.00853957, 0.00830156, 0.00810889, 0.00730729, 0.00988387, 0.00817707, 0.0095923, 0.00783459, 0.00965953, 0.00650144, 0.00964613, 0.0061855, 0.00594138, 0.00927056, 0.00661558, 0.00929356, 0.00557015, 0.00750383];
GivenLatency = [675.785, 499.016, 550.281, 689.818, 487.142, 533.064, 419.999, 578.9, 545.812, 432.843, 466.313, 740.43, 527.278, 1072.23, 962.621, 460.001, 1018.83, 661.821, 392.057, 650.302, 563.019, 415.458, 1108.78, 661.703, 908.553, 829.107, 648.611, 357.858, 550.643, 544.752, 761.501, 397.172, 811.53, 744.118, 876.423, 608.439, 738.042, 1129.37, 649.379, 472.509, 411.618, 696.592, 538.227, 1166.74, 398.613, 507.203, 488.955, 544.616, 620.803, 730.486, 580.696, 530.865, 1013.91, 601.926, 641.366, 689.141, 844.537, 563.423, 503.079, 409.681, 833.721, 454.915, 783.936, 544.845, 555.253, 631.658, 517.485, 713.575, 627.267, 868.209, 808.325, 567.423, 469.253, 940.543, 419.862, 413.88, 359.615, 448.476, 722.034, 621.652, 834.977, 497.35, 1084.72, 671.956, 528.136, 502.699, 846.609, 718.95, 526.557, 643.075, 411.622, 479.382, 532.1, 493.793, 436.585, 666.19, 683.34, 733.104, 406.692, 794.486, 482.786, 559.755, 409.189, 1221.47, 445.313, 647.985, 486.549, 1005.17, 668.716, 602.294, 430.787, 413.441, 486.486, 495.333, 488.302, 449.294, 357.844, 481.351, 358.043, 532.812, 426.491, 694.371, 736.161, 440.249, 516.679, 508.127, 682.476, 522.898];
HighestPossibleCritFunctionValue = 1.1;
