NumDevices = 32;
NumSlotes = 256;


GivenBandwidthOld = [0.00893108, 0.0121739, 0.0136757, 0.0171214, 0.0162956, 0.0127949, 0.0139364, 0.0116429, 0.0144699, 0.0157073, 0.0128547, 0.00683352, 0.00842512, 0.00846385, 0.00940832, 0.00810177, 0.011521, 0.0153728, 0.0163423, 0.0107496, 0.0137871, 0.0151136, 0.00890912, 0.00563277, 0.0150056, 0.00628098, 0.00936745, 0.00872723, 0.0109959, 0.01598, 0.00809982, 0.0161699];
GivenLatency = [44.0124, 36.6584, 38.2554, 17.8311, 24.7721, 26.9731, 22.3743, 30.1974, 37.5619, 22.5387, 26.4983, 80.6911, 45.845, 38.3457, 61.4673, 60.4531, 40.0654, 24.8946, 26.3942, 50.6645, 38.5254, 35.0719, 64.6669, 96.1026, 26.0793, 93.6433, 36.0684, 49.8194, 31.2686, 30.8122, 38.8512, 19.9009];
HighestPossibleCritFunctionValue = 1.1;
