NumDevices = 32;
NumSlotes = 256;


GivenBandwidthOld = [0.0355227, 0.0395437, 0.0210347, 0.039852, 0.027045, 0.0295298, 0.0172667, 0.0358273, 0.0351068, 0.0253173, 0.0184776, 0.0375823, 0.0312926, 0.0200071, 0.0189286, 0.0187595, 0.0253595, 0.0269532, 0.0373353, 0.0297099, 0.0198131, 0.0335624, 0.0184605, 0.0254305, 0.0203843, 0.0340541, 0.0329933, 0.0289886, 0.0221254, 0.0208709, 0.037214, 0.0157909];
GivenLatency = [52.479, 50.7485, 97.508, 46.405, 66.7163, 59.9357, 122.723, 52.2752, 61.0063, 69.914, 111.879, 51.058, 56.8985, 108.526, 98.8261, 131.87, 71.0769, 90.5892, 65.5355, 83.2489, 96.9171, 72.6669, 111.495, 80.4889, 105.804, 54.4609, 69.3956, 83.4342, 84.7066, 89.1143, 51.1592, 113.548];
HighestPossibleCritFunctionValue = 1.1;
