NumDevices = 16;
NumSlotes = 128;


GivenBandwidthOld = [0.0275229, 0.0167251, 0.0129617, 0.012615, 0.0101957, 0.0246169, 0.0262053, 0.0220404, 0.0235044, 0.0291926, 0.0307275, 0.0277253, 0.0193731, 0.0189416, 0.0161804, 0.034433];
GivenLatency = [13.5954, 25.4388, 41.7614, 24.7842, 33.3638, 13.5071, 16.2473, 25.8468, 24.5036, 13.5194, 11.6849, 13.3588, 17.5441, 20.6643, 34.5781, 9.69074];
HighestPossibleCritFunctionValue = 1.1;
