NumDevices = 64;
NumSlotes = 512;


GivenBandwidthOld = [0.00309899, 0.00729538, 0.00469031, 0.00258287, 0.00775993, 0.00620282, 0.00453372, 0.00830425, 0.00448669, 0.0053071, 0.0064833, 0.00602239, 0.00324721, 0.00457546, 0.00342959, 0.00736983, 0.00593599, 0.00742337, 0.00589919, 0.00770041, 0.00584452, 0.00756794, 0.00440687, 0.00745687, 0.00642668, 0.00444399, 0.0063247, 0.00294505, 0.00749265, 0.00764797, 0.00575225, 0.00689545, 0.00814691, 0.00378229, 0.00389374, 0.00831762, 0.00425204, 0.00532845, 0.00281382, 0.00806141, 0.00429906, 0.00809213, 0.00813057, 0.00419486, 0.0066784, 0.00392641, 0.00737196, 0.00425078, 0.00278892, 0.00836195, 0.00560131, 0.00737739, 0.00800394, 0.00725944, 0.00695968, 0.00641106, 0.00436524, 0.00779727, 0.00866515, 0.00764186, 0.00295979, 0.00521587, 0.00436706, 0.0072349];
GivenLatency = [116.959, 74.3858, 67.6433, 230.187, 53.7473, 95.0906, 99.6921, 44.5284, 109.119, 84.9836, 79.567, 51.5292, 102.237, 72.9102, 101.967, 49.2033, 56.8313, 80.1288, 65.6193, 50.2032, 63.2258, 59.3504, 75.9733, 42.3009, 70.4156, 91.7194, 86.3302, 141.643, 78.5869, 82.3529, 59.3917, 64.8555, 39.2021, 113.854, 154.595, 40.1907, 114.146, 76.1936, 209.399, 38.3119, 87.2785, 48.7009, 55.2779, 139.447, 47.1511, 158.355, 57.2296, 108.812, 162.75, 65.8737, 108.52, 63.5462, 51.6189, 82.468, 48.2482, 92.4965, 79.5217, 61.221, 42.2862, 59.7425, 111.921, 72.0671, 125.672, 89.5974];
HighestPossibleCritFunctionValue = 1.1;
