NumDevices = 128;
NumSlotes = 1024;


GivenBandwidthOld = [0.00689981, 0.00762345, 0.00479905, 0.00508526, 0.00542882, 0.00472258, 0.00482242, 0.00797291, 0.0081625, 0.00469943, 0.00577005, 0.00467462, 0.00379577, 0.0079557, 0.00398919, 0.00389582, 0.00451844, 0.00399673, 0.00557519, 0.00475333, 0.00675298, 0.00480678, 0.00513071, 0.0044087, 0.00454987, 0.00718251, 0.00387526, 0.00406947, 0.00809672, 0.00414224, 0.00612885, 0.00505645, 0.00619594, 0.00764071, 0.00499573, 0.00577004, 0.00463236, 0.00849171, 0.00768696, 0.00727848, 0.00695274, 0.00713884, 0.0049558, 0.00470572, 0.00655274, 0.00441134, 0.00389557, 0.0052823, 0.00719583, 0.00786047, 0.00848968, 0.00849422, 0.0048628, 0.00652652, 0.00869773, 0.00518077, 0.00563218, 0.00762329, 0.00716684, 0.00563866, 0.00646884, 0.00421696, 0.0068813, 0.00652457, 0.00588196, 0.00552353, 0.00640635, 0.00408639, 0.00745956, 0.00524437, 0.00456916, 0.00643075, 0.00403404, 0.00757921, 0.00625859, 0.00566085, 0.00448424, 0.00409125, 0.00416035, 0.00557622, 0.00698046, 0.00812842, 0.00679581, 0.00474835, 0.00800484, 0.00484724, 0.00514516, 0.00712977, 0.00754262, 0.00638502, 0.00549264, 0.00726747, 0.00689252, 0.00511561, 0.00552062, 0.00752179, 0.00630405, 0.00461041, 0.00460261, 0.00848071, 0.00779345, 0.00701014, 0.00691091, 0.00420272, 0.00764927, 0.00873546, 0.0043101, 0.00742821, 0.00850663, 0.00839065, 0.00421132, 0.0071377, 0.00583802, 0.00708911, 0.004208, 0.00638809, 0.00705405, 0.00491949, 0.00443002, 0.00786199, 0.00398728, 0.00676959, 0.00399803, 0.00737781, 0.00640816, 0.0045035, 0.0077578, 0.00777302];
GivenLatency = [142.102, 170.086, 229.278, 232.425, 178.96, 206.796, 236.875, 133.19, 143.471, 219.646, 184.096, 239.572, 341.118, 154.781, 285.44, 276.282, 267.79, 283.915, 190.704, 265.413, 168.289, 216.426, 196.968, 287.612, 255.362, 155.287, 248.517, 261.742, 142.549, 285.719, 193.319, 222.309, 183.394, 132.493, 190.731, 192.192, 249.081, 152.863, 144.401, 175.056, 139.439, 169.759, 237.475, 246.216, 147.081, 252.603, 264.001, 232.863, 151.736, 144.478, 146.597, 125.146, 221.811, 163.719, 118.158, 211.69, 200.536, 131.28, 152.334, 209.741, 147.791, 294.71, 144.909, 164.734, 188.308, 191.316, 155.909, 287.543, 160.041, 185.315, 218.216, 177.831, 302.002, 133.534, 199.69, 203.433, 234.508, 309.964, 234.899, 205.034, 154.374, 147.124, 150.741, 237.494, 145.617, 201.217, 187.33, 151.725, 135.223, 164.875, 231.949, 146.147, 184.056, 235.578, 177.964, 141.592, 155.891, 234.117, 229.737, 149.658, 165.181, 169.057, 139.673, 252.418, 157.472, 117.412, 244.541, 144.919, 115.445, 113.557, 272.553, 174.888, 215.219, 174.539, 247.83, 189.802, 135.88, 220.597, 221.348, 133.644, 316.897, 159.954, 274.227, 139.08, 164.662, 230.45, 133.036, 138.236];
HighestPossibleCritFunctionValue = 1.1;
