NumDevices = 128;
NumSlotes = 1024;


GivenBandwidthOld = [0.00394284, 0.00484783, 0.00498764, 0.00470983, 0.00557384, 0.00708418, 0.00623424, 0.00643499, 0.0054371, 0.00377786, 0.00707708, 0.00698119, 0.00543421, 0.005237, 0.0057767, 0.00653977, 0.00641299, 0.00562178, 0.00773207, 0.00548019, 0.00808873, 0.00486757, 0.00675901, 0.00622514, 0.00847757, 0.00497861, 0.00792366, 0.00540304, 0.00634446, 0.00384569, 0.00707917, 0.00718561, 0.00608208, 0.00398519, 0.00662712, 0.00447175, 0.00424575, 0.00577354, 0.0084242, 0.007987, 0.0049794, 0.00624249, 0.00509552, 0.00792572, 0.0050537, 0.00503613, 0.00473931, 0.00613951, 0.00417171, 0.00645761, 0.00549514, 0.0042462, 0.00836136, 0.00694056, 0.00745897, 0.0054553, 0.00473451, 0.00540585, 0.00862203, 0.007974, 0.00648752, 0.00819579, 0.00407367, 0.00873276, 0.00397997, 0.00384773, 0.00637061, 0.00829281, 0.00469141, 0.00600447, 0.00459702, 0.00462063, 0.00640781, 0.00850212, 0.00760878, 0.00827788, 0.00391947, 0.00706212, 0.00553365, 0.0064923, 0.00854419, 0.00467573, 0.00754438, 0.00593484, 0.00443089, 0.00739235, 0.00572937, 0.00605472, 0.00424646, 0.00770312, 0.00384391, 0.00706751, 0.00620249, 0.00768714, 0.00520406, 0.00709332, 0.00496433, 0.00796162, 0.00842674, 0.00568618, 0.00515933, 0.00531538, 0.00807177, 0.00474726, 0.00477206, 0.00652372, 0.00665025, 0.00826343, 0.00602031, 0.005927, 0.00753203, 0.00829117, 0.0072277, 0.00846365, 0.00607077, 0.00397644, 0.00457582, 0.00834739, 0.00716991, 0.0071283, 0.00791934, 0.00785365, 0.00380597, 0.00451566, 0.00727401, 0.00681838, 0.00398431, 0.00674391];
GivenLatency = [261.06, 199.167, 207.145, 207.32, 232.554, 153.619, 177.009, 196.768, 207.699, 252.223, 181.439, 136.678, 202.578, 194.658, 223.316, 156.119, 188.17, 193.64, 156.804, 219.893, 130.187, 208.713, 150.243, 202.003, 134.244, 253.413, 133.723, 178.681, 164.509, 317.723, 158.741, 154.606, 181.083, 277.05, 166.511, 239.862, 237.49, 201, 117.207, 149.69, 211.421, 152.957, 248.463, 161.533, 213.299, 243.003, 264.468, 172.94, 234.229, 178.704, 192.992, 262.296, 121.42, 183.554, 158.308, 205.877, 227.914, 184.688, 147.73, 159.563, 148.646, 141.075, 274.088, 129.516, 255.31, 313.502, 176.988, 116.448, 211.762, 168.903, 215.753, 225.77, 192.464, 112.645, 147.486, 148.996, 307.186, 173.272, 219.045, 165.631, 141.446, 265.862, 156.622, 164.368, 266.033, 132.974, 207.903, 200.034, 301.42, 141.321, 269.305, 148.082, 169.592, 141.418, 207.82, 135.46, 193.99, 151.01, 133.67, 168.44, 199.59, 207.042, 127.113, 203.665, 219.443, 167.824, 178.791, 155.012, 193.742, 213.303, 139.651, 130.618, 148.668, 126.48, 174.083, 269.208, 260.801, 146.393, 179.298, 140.699, 140.222, 127.431, 253.983, 248.393, 164.764, 170.43, 324.918, 165.959];
HighestPossibleCritFunctionValue = 1.1;
