NumDevices = 64;
NumSlotes = 512;


GivenBandwidthOld = [0.00784291, 0.00829312, 0.0125579, 0.0156437, 0.0159439, 0.0118995, 0.0128227, 0.0161977, 0.0145581, 0.00782134, 0.00821935, 0.010139, 0.0117613, 0.0145523, 0.0100385, 0.00930585, 0.0083534, 0.0130468, 0.0198689, 0.0159905, 0.00769475, 0.0181092, 0.0167699, 0.0184597, 0.0189468, 0.0190567, 0.0163008, 0.00945662, 0.0174549, 0.0189888, 0.0118733, 0.00996979, 0.0172307, 0.0138683, 0.0137868, 0.0189358, 0.00856952, 0.00790466, 0.00858407, 0.0149664, 0.0197915, 0.0162066, 0.0140402, 0.0157673, 0.0187522, 0.0109287, 0.00944242, 0.0162193, 0.0152993, 0.0146251, 0.0088456, 0.0104207, 0.0078485, 0.0148137, 0.0171124, 0.0135059, 0.0108069, 0.0112123, 0.0129528, 0.0153737, 0.0160471, 0.00782478, 0.0160698, 0.0154403];
GivenLatency = [380.065, 353.424, 236.103, 189.34, 175.348, 213.301, 212.483, 201.594, 166.487, 424.745, 274.167, 242.268, 197.809, 198.563, 264.618, 299.213, 329.255, 218.275, 160.656, 155.186, 328.494, 127.127, 133.143, 147.331, 140.067, 124.159, 149.787, 239.604, 174.17, 165.363, 253.602, 293.354, 136.923, 161.674, 240.158, 129.537, 290.23, 327.628, 273.923, 175.554, 146.034, 181.118, 224.88, 170.641, 141.802, 286.971, 285.236, 151.443, 148.254, 186.043, 252.789, 230.853, 322.958, 181.763, 132.006, 203.838, 237.796, 222.238, 244.879, 205.938, 178.758, 324.301, 142.158, 180.433];
HighestPossibleCritFunctionValue = 1.1;
