NumDevices = 8;
NumSlotes = 64;


GivenBandwidthOld = [0.135552, 0.102193, 0.0735924, 0.107418, 0.133254, 0.114636, 0.093425, 0.0738089];
GivenLatency = [7.69041, 8.22337, 14.2117, 8.80402, 6.25478, 6.80665, 7.65155, 14.234];
HighestPossibleCritFunctionValue = 1.1;
