NumDevices = 32;
NumSlotes = 256;


GivenBandwidthOld = [0.0149704, 0.0157952, 0.0150874, 0.00642199, 0.0169132, 0.0169195, 0.0109069, 0.00779263, 0.0157627, 0.00588704, 0.0134515, 0.0116435, 0.0118648, 0.00643287, 0.0121636, 0.0156953, 0.0110434, 0.0135631, 0.0129166, 0.00926331, 0.00846686, 0.0101012, 0.0155189, 0.00886882, 0.0157742, 0.0121329, 0.0129543, 0.00558721, 0.0116719, 0.0140978, 0.0117747, 0.0173681];
GivenLatency = [24.4553, 21.3432, 23.9568, 48.4286, 29.0564, 34.8131, 29.4795, 39.6029, 28.8338, 51.8115, 31.9069, 35.3593, 30.3363, 64.8795, 49.1262, 37.9162, 47.8369, 36.5262, 30.1955, 62.6648, 39.0023, 36.306, 33.707, 43.994, 28.5868, 26.0742, 41.9023, 55.0038, 34.0582, 29.8044, 46.2076, 32.2233];
HighestPossibleCritFunctionValue = 1.1;
