NumDevices = 128;
NumSlotes = 1024;


GivenBandwidthOld = [0.00551162, 0.00511852, 0.00451532, 0.00403408, 0.0096036, 0.00392946, 0.00747397, 0.00494485, 0.00441152, 0.00935074, 0.00421457, 0.00559845, 0.00821041, 0.00740277, 0.00834078, 0.00480704, 0.00700212, 0.00592585, 0.00445808, 0.00439038, 0.00409976, 0.0071993, 0.0073083, 0.00818127, 0.00503721, 0.00660511, 0.00830194, 0.00825606, 0.0059011, 0.00722916, 0.00931178, 0.00562257, 0.0073365, 0.00709077, 0.0082852, 0.00803705, 0.00622498, 0.00699574, 0.00497039, 0.00855242, 0.00560455, 0.00444236, 0.00907061, 0.00847947, 0.00441045, 0.00387426, 0.00467477, 0.00878884, 0.00398927, 0.00642557, 0.00949872, 0.00994, 0.00789814, 0.00902008, 0.00916173, 0.00867482, 0.00639205, 0.00875874, 0.00444548, 0.00523346, 0.00504188, 0.00394545, 0.00749181, 0.00480515, 0.00638021, 0.00972586, 0.0087341, 0.00905939, 0.00737131, 0.00453287, 0.00523935, 0.00397991, 0.00533649, 0.005373, 0.00652913, 0.00625786, 0.00964972, 0.00413055, 0.00598577, 0.00529774, 0.00411352, 0.0071897, 0.00847445, 0.00763004, 0.00927975, 0.00472124, 0.00871443, 0.00973221, 0.00921382, 0.00911174, 0.00604861, 0.00524538, 0.00527959, 0.00532721, 0.0056327, 0.00879697, 0.0094792, 0.00687656, 0.00803398, 0.00458337, 0.00391024, 0.00936735, 0.00828881, 0.00635562, 0.00891031, 0.00803692, 0.00404587, 0.00776497, 0.00833602, 0.00602288, 0.00405668, 0.00811242, 0.00412931, 0.00382777, 0.00456305, 0.00616288, 0.00696195, 0.00578909, 0.00601925, 0.00546962, 0.00535884, 0.00610305, 0.00768619, 0.00935447, 0.00426282, 0.00395707, 0.00900033, 0.00852397];
GivenLatency = [650.114, 879.268, 955.47, 860.375, 392.228, 931.176, 647.779, 772.95, 777.69, 397.702, 926.484, 679.518, 482.092, 533.879, 422.414, 710.25, 525.018, 576.179, 859.881, 938.028, 952.975, 463.233, 535.085, 495.472, 963.302, 540.141, 411.322, 491.633, 763.867, 556.709, 474.978, 874.816, 551.347, 561.869, 506.74, 485.567, 537.355, 524.125, 796.464, 465.875, 745.074, 888.044, 523.439, 431.758, 1005.67, 1095.02, 743.771, 508.323, 1224.6, 624.05, 522.043, 371.171, 542.834, 527.689, 465.511, 408.628, 643.48, 448.84, 1080.96, 788.232, 802.063, 1111.69, 491.465, 731.041, 611.313, 408.4, 512.735, 543.868, 605.248, 906.899, 791.134, 1050.52, 669.508, 827.682, 533.933, 702.26, 460.511, 1099.64, 652.597, 774.182, 958.2, 602.698, 480.627, 455.061, 437.07, 876.242, 456.416, 480.599, 484.057, 400.705, 687.811, 752.2, 882.573, 767.987, 688.788, 387.218, 455.876, 706.067, 462.729, 763.573, 971.748, 397.969, 558.453, 570.708, 374.717, 448.219, 1094.78, 484.426, 402.683, 563.32, 1163.77, 549.722, 989.684, 883.973, 956.451, 557.716, 624.729, 642.557, 722.79, 612.278, 824.852, 605.405, 627.41, 361.947, 971.08, 1175.55, 453.14, 433.053];
HighestPossibleCritFunctionValue = 1.1;
