NumDevices = 32;
NumSlotes = 256;


GivenBandwidthOld = [0.0186387, 0.0305448, 0.0157868, 0.0191768, 0.0153058, 0.0347742, 0.0204874, 0.0215638, 0.0329635, 0.0268536, 0.0191915, 0.0218742, 0.0291129, 0.0301542, 0.031413, 0.02888, 0.0166063, 0.0313573, 0.0325835, 0.0201054, 0.0215961, 0.015334, 0.0281871, 0.0302618, 0.0194765, 0.0317724, 0.0293504, 0.0221345, 0.0253049, 0.0292493, 0.0229232, 0.0199543];
GivenLatency = [54.7197, 28.3285, 72.4021, 54.7234, 63.1589, 30.53, 52.8978, 43.5234, 35.0186, 33.3007, 44.7769, 48.888, 35.8274, 31.5802, 29.7734, 36.8396, 57.249, 29.9029, 28.0618, 56.3822, 53.01, 55.6658, 37.7614, 34.0042, 51.8366, 29.6807, 39.5335, 37.7816, 45.4123, 36.3847, 51.0865, 49.9479];
HighestPossibleCritFunctionValue = 1.1;
