NumDevices = 64;
NumSlotes = 512;


GivenBandwidthOld = [0.0140651, 0.00752662, 0.0149014, 0.0135432, 0.0157881, 0.0150765, 0.0161172, 0.0164497, 0.0153261, 0.010018, 0.00790642, 0.00812006, 0.00891158, 0.011884, 0.00937932, 0.0133132, 0.00998279, 0.0157822, 0.0160752, 0.0112431, 0.00824949, 0.0141658, 0.00896726, 0.00769753, 0.0173679, 0.017114, 0.00934612, 0.0153066, 0.0132486, 0.0135069, 0.0151338, 0.00890296, 0.0170637, 0.0144169, 0.00909051, 0.00914416, 0.010906, 0.0124475, 0.010608, 0.0136988, 0.0115777, 0.0114168, 0.00773034, 0.00890669, 0.0097047, 0.0118271, 0.0131925, 0.0114161, 0.0146315, 0.0167414, 0.00818904, 0.00827431, 0.0113226, 0.0138051, 0.0169982, 0.0144421, 0.0133805, 0.0114682, 0.0115655, 0.0170115, 0.0169178, 0.0117922, 0.0157112, 0.0128487];
GivenLatency = [75.4008, 138.928, 72.2098, 86.5338, 78.3352, 64.5303, 62.6658, 70.0554, 76.6453, 117.631, 155.263, 123.746, 112.665, 92.7199, 108.985, 76.6357, 95.8753, 64.4598, 74.9363, 95.0502, 143.842, 70.097, 105.078, 132.268, 57.0709, 53.467, 99.537, 80.7301, 79.1998, 82.7287, 75.3423, 125.633, 53.3528, 68.1359, 105.405, 122.612, 98.8489, 79.4132, 98.1853, 71.2269, 94.7874, 96.1782, 156.775, 131.697, 106.617, 82.2067, 76.938, 93.2748, 66.3528, 67.4496, 129.315, 110.514, 102.325, 83.4, 63.4951, 81.016, 70.7529, 102.07, 92.5157, 55.5665, 62.4408, 83.3178, 62.3655, 79.75];
HighestPossibleCritFunctionValue = 1.1;
