NumDevices = 128;
NumSlotes = 1024;


GivenBandwidthOld = [0.00825057, 0.00479021, 0.00664337, 0.00767027, 0.00669309, 0.00822175, 0.00538531, 0.00836093, 0.00463859, 0.00836032, 0.00446772, 0.00645468, 0.00623718, 0.00579598, 0.00558229, 0.004101, 0.00804562, 0.00527523, 0.00821197, 0.00610191, 0.00733464, 0.00576435, 0.00385462, 0.00705953, 0.00698487, 0.00722778, 0.00473555, 0.00793441, 0.00617538, 0.00710201, 0.00601498, 0.00632207, 0.00758411, 0.0086188, 0.00870905, 0.00542196, 0.00435579, 0.00522572, 0.0061516, 0.00747085, 0.00506153, 0.00657541, 0.00533682, 0.00835465, 0.00408247, 0.00664257, 0.004142, 0.00704939, 0.00664207, 0.00569977, 0.0085527, 0.00773707, 0.00438897, 0.00786138, 0.00865237, 0.0078319, 0.00827994, 0.00841235, 0.00395198, 0.00842397, 0.00416597, 0.00494278, 0.00583407, 0.00563486, 0.00764123, 0.00870495, 0.00667838, 0.00601292, 0.00665177, 0.00873259, 0.00615582, 0.00843688, 0.00619009, 0.0043927, 0.00563379, 0.00458208, 0.00854726, 0.00628755, 0.00729976, 0.00457062, 0.00588412, 0.00688002, 0.00507433, 0.00671603, 0.00390264, 0.00417753, 0.00428894, 0.00678524, 0.00700681, 0.00591344, 0.004617, 0.00545909, 0.0085078, 0.0080456, 0.00492402, 0.00545373, 0.00831308, 0.00540997, 0.00783457, 0.00806113, 0.00593238, 0.0079307, 0.00380156, 0.00539185, 0.00827869, 0.00736568, 0.00753211, 0.00459152, 0.0072312, 0.00728793, 0.00579019, 0.00825294, 0.00464463, 0.00481038, 0.00554261, 0.00722613, 0.007144, 0.00672383, 0.00483619, 0.00440792, 0.00643018, 0.00446904, 0.00867143, 0.00821407, 0.00640212, 0.00800504, 0.00812168, 0.00858265];
GivenLatency = [134.746, 250.559, 147.645, 158.032, 177.521, 116.103, 189.022, 125.576, 274.224, 123.302, 221.476, 196.836, 178.638, 187.762, 201.884, 245.778, 152.44, 183.585, 116.879, 198.927, 148.264, 218.475, 273.715, 138.165, 184.342, 157.134, 251.726, 133.687, 181.083, 176.066, 181.963, 158.057, 127.402, 120.012, 112.309, 222.545, 233.539, 183.443, 172.095, 140.114, 195.514, 164.577, 201.931, 122.801, 249.931, 174.745, 251.992, 148.456, 168.051, 189.868, 136.102, 127.933, 234.954, 147.354, 123.633, 127.705, 144.054, 132.348, 291.92, 120.219, 251.685, 222.707, 173.068, 178.511, 140.665, 125.769, 175.821, 174.24, 170.419, 146.33, 178.13, 135.141, 189.079, 224.411, 217.57, 281.866, 124.592, 172.862, 136.45, 238.794, 207.581, 140.285, 248.885, 173.577, 317.796, 265.252, 294.627, 165.482, 176.394, 206.596, 252.209, 184.901, 144.006, 119.569, 230.477, 233.575, 134.21, 215.915, 127.379, 134.143, 202.387, 153.236, 316.44, 229.41, 128.125, 153.821, 130.572, 224.234, 156.17, 161.413, 187.505, 145.692, 245.872, 209.421, 222.878, 167.229, 133.745, 191.06, 232.68, 231.947, 172.746, 284.439, 145.268, 127.155, 171.79, 123.263, 150.577, 134.55];
HighestPossibleCritFunctionValue = 1.1;
