NumDevices = 32;
NumSlotes = 256;


GivenBandwidthOld = [0.0197484, 0.0217432, 0.0272494, 0.0298528, 0.0252236, 0.0227228, 0.0321786, 0.0153182, 0.0235387, 0.0252172, 0.0157307, 0.0159075, 0.026528, 0.0260072, 0.0334894, 0.026003, 0.0221317, 0.0170658, 0.015046, 0.028623, 0.0164822, 0.0263457, 0.0224894, 0.0294032, 0.0295795, 0.0334552, 0.0310378, 0.0227412, 0.0213981, 0.0280663, 0.0195944, 0.0335835];
GivenLatency = [47.0176, 45.1776, 41.1149, 33.3549, 37.2096, 42.9838, 26.3298, 73.5471, 43.1931, 34.9165, 63.6001, 67.3104, 35.094, 37.8801, 28.3553, 35.9328, 43.9401, 57.0354, 64.8435, 39.6686, 65.2132, 34.9381, 50.1191, 38.7013, 39.4627, 34.3488, 30.4393, 47.8023, 48.7968, 39.3361, 47.0213, 25.7636];
HighestPossibleCritFunctionValue = 1.1;
