NumDevices = 16;
NumSlotes = 128;


GivenBandwidthOld = [0.029136, 0.0292193, 0.0284602, 0.0211054, 0.0336564, 0.0288849, 0.0341709, 0.0258302, 0.0187102, 0.0276046, 0.0162055, 0.0312181, 0.0227181, 0.0125356, 0.0258747, 0.0162128];
GivenLatency = [12.6966, 14.7427, 14.4529, 27.9322, 14.0683, 14.5577, 13.9156, 12.5474, 22.4072, 22.71, 28.3727, 17.4884, 15.3257, 40.5945, 12.3933, 38.3692];
HighestPossibleCritFunctionValue = 1.1;
