NumDevices = 8;
NumSlotes = 64;


GivenBandwidthOld = [0.104584, 0.10443, 0.0809546, 0.0844109, 0.0938323, 0.118972, 0.090602, 0.0684294];
GivenLatency = [7.01852, 7.10838, 10.1324, 11.7898, 10.991, 7.12554, 9.82878, 11.5634];
HighestPossibleCritFunctionValue = 1.1;
