NumDevices = 128;
NumSlotes = 1024;


GivenBandwidthOld = [0.00709026, 0.00604926, 0.00990181, 0.00976426, 0.00412395, 0.00752404, 0.00908067, 0.00880331, 0.00965148, 0.00871017, 0.00683972, 0.00769538, 0.00743744, 0.00972411, 0.0043637, 0.00562493, 0.00949844, 0.0052503, 0.00673915, 0.00489342, 0.00865299, 0.00830677, 0.00819212, 0.00624262, 0.00972842, 0.00809028, 0.00703314, 0.00855996, 0.00721261, 0.00603916, 0.00887336, 0.00576173, 0.00869638, 0.0062644, 0.00697379, 0.0046859, 0.00836734, 0.00730615, 0.00950025, 0.00452529, 0.0090358, 0.00469144, 0.00779628, 0.00954367, 0.00923258, 0.00568313, 0.00631201, 0.00712955, 0.00386786, 0.00962524, 0.00515317, 0.00565447, 0.00586174, 0.00834036, 0.00386794, 0.00467838, 0.00701701, 0.00616314, 0.00522527, 0.00491518, 0.00569096, 0.00665101, 0.00473527, 0.00701032, 0.00618428, 0.00415797, 0.00426326, 0.00507467, 0.00495775, 0.00870669, 0.00457709, 0.0047251, 0.00480938, 0.00867687, 0.00960806, 0.00398072, 0.00652603, 0.00426724, 0.00955098, 0.00700268, 0.00904284, 0.00420982, 0.00687025, 0.00826015, 0.00591739, 0.00611046, 0.00728018, 0.00427359, 0.00375843, 0.00799445, 0.00896751, 0.00688601, 0.00435366, 0.00569227, 0.00993048, 0.0040129, 0.0097311, 0.00935936, 0.00530866, 0.00635695, 0.00633427, 0.00639118, 0.00649743, 0.00477327, 0.00803527, 0.00752806, 0.00790897, 0.00982047, 0.00520451, 0.00588773, 0.00752481, 0.00946307, 0.00454103, 0.00490195, 0.00829357, 0.00503168, 0.00749005, 0.00655184, 0.00676969, 0.00573011, 0.00849897, 0.00725554, 0.00883413, 0.00897298, 0.00520165, 0.00784081, 0.00806751, 0.00560705];
GivenLatency = [499.44, 582.898, 398.627, 444.993, 814.199, 474.909, 387.316, 418.133, 433.074, 564.749, 690.985, 469.055, 535.793, 415.676, 1094.64, 686.339, 409.933, 822.681, 665.602, 711.745, 520.992, 491.921, 516.588, 625.986, 352.714, 449.041, 517.755, 422.9, 644.988, 758.255, 410.903, 864.959, 522.214, 601.614, 524.358, 866.802, 434.351, 493.662, 426.761, 951.803, 385.357, 1028.75, 507.215, 489.832, 455.17, 604.681, 612.973, 653.739, 913.03, 506.427, 756.13, 605.403, 590.638, 449.484, 1126.31, 929.584, 666.805, 724.531, 802.821, 741.495, 861.397, 539.107, 835.393, 502.226, 575.333, 806.343, 1160.59, 686.035, 783.479, 539.33, 804.32, 956.018, 699.023, 550.656, 510.137, 1238, 686.393, 956.1, 417.106, 532.916, 398.968, 1099.86, 561.55, 552.886, 659.843, 621.849, 563.073, 803.551, 1203.01, 430.08, 473.865, 563.984, 785.771, 787.932, 360.414, 858.186, 410.583, 415.965, 759.135, 556.396, 539.614, 742.177, 615.646, 922.98, 424.737, 472.586, 456.954, 366.165, 862.108, 718.899, 498.144, 456.792, 1001.34, 728.26, 428.076, 671.757, 470.992, 689.665, 623.368, 603.699, 475.948, 577.629, 452.218, 429.739, 889.469, 610.27, 554.547, 705.887];
HighestPossibleCritFunctionValue = 1.1;
