NumDevices = 32;
NumSlotes = 256;


GivenBandwidthOld = [0.0146186, 0.0149459, 0.0162868, 0.0140951, 0.0156924, 0.011362, 0.00576088, 0.00561157, 0.00865837, 0.0161821, 0.00563433, 0.0161474, 0.00958938, 0.0136548, 0.0158641, 0.0109415, 0.0139281, 0.010203, 0.0145688, 0.0149885, 0.00702584, 0.0157808, 0.0100191, 0.0103892, 0.00584851, 0.0158594, 0.00716157, 0.00948536, 0.015365, 0.00954022, 0.0124555, 0.00956723];
GivenLatency = [21.8278, 33.3648, 22.7908, 32.1324, 26.979, 50.0662, 102.481, 64.3228, 36.3926, 32.0551, 92.9795, 21.8251, 44.5506, 40.5581, 25.6168, 48.1404, 24.876, 30.3807, 21.2764, 31.7976, 90.9858, 30.4582, 62.0204, 32.8687, 61.2733, 19.5013, 46.5388, 38.3851, 35.5681, 43.4451, 50.0916, 64.4702];
HighestPossibleCritFunctionValue = 1.1;
