NumDevices = 128;
NumSlotes = 1024;


GivenBandwidthOld = [0.0082833, 0.00500475, 0.00738266, 0.00795271, 0.00868341, 0.00450884, 0.00752081, 0.00478426, 0.00662026, 0.0042226, 0.006662, 0.00570023, 0.00624403, 0.00584068, 0.00674133, 0.00398527, 0.0079911, 0.00387747, 0.0061413, 0.00431853, 0.00409833, 0.00819399, 0.00391511, 0.00378535, 0.00787313, 0.00620362, 0.00679576, 0.00392145, 0.00537983, 0.00636693, 0.00646547, 0.0076073, 0.00840979, 0.00588609, 0.00504098, 0.00620571, 0.0069146, 0.00620361, 0.00658383, 0.00687815, 0.00858771, 0.00612136, 0.00412868, 0.00819254, 0.00444159, 0.00722956, 0.00469431, 0.00472209, 0.00667834, 0.00540825, 0.00404225, 0.0056654, 0.00584663, 0.00684012, 0.00440336, 0.00472565, 0.00654576, 0.00714177, 0.00417412, 0.00691704, 0.00719085, 0.00418798, 0.00484286, 0.0064341, 0.00543739, 0.00871462, 0.00414077, 0.00648436, 0.00505767, 0.00681885, 0.00694705, 0.00657801, 0.00409342, 0.00560513, 0.00799044, 0.00783814, 0.00814499, 0.00534342, 0.00432775, 0.0040226, 0.00541402, 0.00594284, 0.00382405, 0.0082443, 0.00442525, 0.00773609, 0.00800454, 0.00481728, 0.0064664, 0.00836722, 0.00539609, 0.00454537, 0.00651838, 0.00692785, 0.00393331, 0.00471206, 0.00806986, 0.0076541, 0.0049988, 0.00733729, 0.00528003, 0.00395518, 0.00712769, 0.00765674, 0.00432513, 0.00488106, 0.00847743, 0.0075871, 0.00392173, 0.00508473, 0.00662365, 0.00616096, 0.00472061, 0.00676224, 0.00539054, 0.00638246, 0.00751891, 0.00774193, 0.00618493, 0.00769273, 0.00422438, 0.00671518, 0.00449132, 0.0081252, 0.00776076, 0.00760532, 0.00507118, 0.00384691];
GivenLatency = [122.477, 203.345, 154.142, 123.098, 121.911, 225.867, 154.742, 248.549, 184.131, 225.916, 180.143, 177.545, 192.059, 165.869, 147.53, 251.326, 126.097, 264.086, 166.704, 255.634, 235.782, 145.732, 272.321, 286.364, 162.335, 179.908, 159.733, 275.688, 180.635, 181.314, 149.909, 153.138, 123.091, 190.893, 254.136, 197.646, 164.357, 202.495, 152.466, 147.958, 111.385, 164.632, 249.279, 150.604, 279.425, 151.624, 238.468, 263.247, 181.908, 206.025, 250.316, 209.073, 167.531, 165.492, 280.674, 250.733, 196.137, 180.74, 232.9, 167.732, 180.573, 292.651, 250.26, 177.331, 182.962, 135.109, 238.48, 195.04, 234.451, 157.593, 152.877, 145.809, 270.541, 204.866, 136.82, 124.272, 119.153, 234.737, 272.512, 248.798, 188.755, 164.561, 296.451, 133.036, 241.296, 134.437, 120.324, 254.404, 176.884, 147.027, 220.215, 269.936, 168.537, 139.203, 320.239, 218.362, 120.51, 125.665, 235.958, 139.179, 244.574, 247.656, 153.09, 155.595, 229.223, 229.763, 130.46, 132.292, 279.4, 222.836, 153.736, 173.243, 223.463, 149.405, 236.917, 182.791, 163.535, 153.443, 190.505, 145.996, 306.086, 144.834, 244.079, 144.939, 133.265, 129.863, 227.533, 267.924];
HighestPossibleCritFunctionValue = 1.1;
