NumDevices = 32;
NumSlotes = 256;


GivenBandwidthOld = [0.0176915, 0.0313876, 0.0206083, 0.0331171, 0.0289341, 0.0251784, 0.0231359, 0.0158271, 0.0167816, 0.0175419, 0.0168883, 0.0313143, 0.0291488, 0.033628, 0.0156121, 0.0227186, 0.0209026, 0.0196356, 0.0249726, 0.0250818, 0.0192568, 0.0195641, 0.023681, 0.0164124, 0.032434, 0.0282488, 0.0273516, 0.0290588, 0.0206845, 0.0348809, 0.032818, 0.021933];
GivenLatency = [63.0406, 33.4901, 49.9849, 26.9292, 37.2333, 33.7036, 48.96, 53.4006, 60.9062, 52.1461, 54.0792, 34.0733, 33.6249, 27.2085, 57.7049, 42.6269, 41.3964, 45.6137, 37.6924, 36.0008, 52.5616, 47.0744, 36.9282, 57.7631, 30.6306, 34.5828, 38.0787, 29.5348, 50.5353, 23.9643, 31.818, 49.4305];
HighestPossibleCritFunctionValue = 1.1;
