NumDevices = 128;
NumSlotes = 1024;


GivenBandwidthOld = [0.00408595, 0.00511189, 0.00796503, 0.0058465, 0.00463414, 0.0085047, 0.00603151, 0.00412633, 0.00870439, 0.00724306, 0.00668629, 0.00398743, 0.00430655, 0.00762974, 0.00562103, 0.00514168, 0.00866734, 0.00447284, 0.00752059, 0.00611268, 0.00829771, 0.00709779, 0.00512561, 0.00860614, 0.00592094, 0.00579987, 0.0059367, 0.0056624, 0.00551282, 0.00654786, 0.00733867, 0.00854571, 0.00528412, 0.00773714, 0.00566341, 0.0074748, 0.00642303, 0.00441938, 0.00409688, 0.00872626, 0.00469728, 0.00475447, 0.0057927, 0.00533396, 0.00531236, 0.00739689, 0.00703819, 0.00842743, 0.00737103, 0.0073924, 0.00661747, 0.00730523, 0.00656039, 0.00802684, 0.00460617, 0.00846118, 0.00459031, 0.00686088, 0.00836371, 0.00636969, 0.00786257, 0.00873444, 0.00721939, 0.00375642, 0.00671836, 0.00804482, 0.00674813, 0.00829894, 0.00786303, 0.00644662, 0.0058712, 0.00479697, 0.00514486, 0.00720824, 0.00631993, 0.00653421, 0.00794368, 0.0069179, 0.00659779, 0.00657915, 0.00823206, 0.00376995, 0.00402336, 0.008164, 0.00481119, 0.00423246, 0.00746747, 0.00819556, 0.00524134, 0.00862404, 0.00672185, 0.00663764, 0.00623746, 0.00554804, 0.00835419, 0.00631856, 0.00852597, 0.00855027, 0.00694552, 0.00588721, 0.00380775, 0.00435252, 0.00536064, 0.00376845, 0.00381474, 0.00692146, 0.00640248, 0.00403729, 0.00718727, 0.00394078, 0.00523818, 0.00555398, 0.0081881, 0.0048402, 0.0067984, 0.00820485, 0.00643884, 0.00506913, 0.00440142, 0.00717304, 0.00484665, 0.00514489, 0.0077479, 0.00650811, 0.0042992, 0.00416353, 0.00388275, 0.00492848];
GivenLatency = [281.222, 243.456, 152.996, 193.655, 219.569, 129.873, 160.487, 264.082, 140.106, 156.851, 150.634, 255.173, 275.263, 152.533, 173.661, 235.195, 145.06, 238.002, 148.511, 179.01, 124.208, 170.109, 238.817, 130.024, 201.852, 190.283, 209.354, 220.256, 208.126, 175.062, 138.782, 112.81, 192.702, 152.683, 218.864, 128.762, 195.062, 286.765, 280.62, 124.35, 229.772, 253.318, 207.44, 216.039, 221.796, 148.17, 170.285, 140.476, 134.253, 141.722, 157.302, 139.341, 178.881, 161.643, 234.656, 118.406, 224.87, 140.241, 145.988, 188.251, 156.149, 123.527, 134.226, 254.745, 165.871, 125.232, 147.423, 117.775, 150.89, 152.297, 201.924, 205.336, 214.595, 172.086, 154.211, 196.086, 121.674, 143.414, 173.95, 153.348, 145.736, 258.536, 250.272, 137.536, 200.559, 253.024, 130.34, 118.931, 204.09, 127.789, 178.819, 165.793, 175.973, 172.201, 132.858, 186.646, 141.392, 142.735, 152.986, 194.284, 269.062, 284.155, 198.854, 333.288, 317.894, 163.089, 187.335, 286.69, 151.728, 260.629, 186.082, 171.858, 132.28, 252.071, 154.843, 126.714, 183.575, 199.668, 246.743, 158.843, 232.639, 244.021, 127.524, 192.398, 253.605, 265.043, 320.428, 203.697];
HighestPossibleCritFunctionValue = 1.1;
