NumDevices = 32;
NumSlotes = 256;


GivenBandwidthOld = [0.0303195, 0.0297876, 0.0299158, 0.0256266, 0.0170684, 0.0182244, 0.0278617, 0.021269, 0.0174695, 0.0206489, 0.0159925, 0.016609, 0.0172527, 0.0164807, 0.0208358, 0.0176997, 0.0289676, 0.0286475, 0.0293002, 0.0179492, 0.0217555, 0.0154308, 0.0150174, 0.026794, 0.016232, 0.0206937, 0.0296746, 0.03033, 0.0266859, 0.020126, 0.0269395, 0.0217892];
GivenLatency = [34.22, 29.3921, 33.0961, 40.3988, 60.0194, 50.3827, 38.0174, 40.4841, 51.5645, 43.9393, 62.5504, 55.6253, 57.3164, 54.2635, 44.3801, 52.8704, 29.8728, 35.5825, 34.2348, 57.2253, 39.7799, 61.0725, 71.1874, 36.1388, 71.9616, 51.7589, 38.7866, 37.1906, 39.9948, 55.1605, 41.6067, 38.5437];
HighestPossibleCritFunctionValue = 1.1;
