NumDevices = 16;
NumSlotes = 128;


GivenBandwidthOld = [0.0462873, 0.0506558, 0.0314628, 0.0544776, 0.0643984, 0.0432338, 0.0509928, 0.05544, 0.04, 0.0602859, 0.0450754, 0.0422624, 0.0444893, 0.0319872, 0.0685791, 0.0685398];
GivenLatency = [19.8334, 20.8464, 25.5636, 18.4798, 13.588, 18.4798, 21.105, 15.969, 22.738, 14.1669, 21.9188, 24.6031, 24.4992, 34.4443, 13.5257, 15.3069];
HighestPossibleCritFunctionValue = 1.1;
