NumDevices = 16;
NumSlotes = 128;


GivenBandwidthOld = [0.0429299, 0.062602, 0.0512215, 0.060554, 0.0310054, 0.0485331, 0.0356497, 0.0646444, 0.0582344, 0.0448404, 0.0532518, 0.0630387, 0.0319668, 0.0457735, 0.0545278, 0.0681927];
GivenLatency = [20.2282, 13.9183, 17.8807, 17.1827, 25.3339, 19.3469, 30.1851, 13.1775, 18.3493, 17.2956, 16.9614, 13.2831, 30.6985, 23.7409, 17.5847, 12.0301];
HighestPossibleCritFunctionValue = 1.1;
