NumDevices = 16;
NumSlotes = 128;


GivenBandwidthOld = [0.0627173, 0.0695787, 0.0698049, 0.0313777, 0.0650526, 0.0386503, 0.0550806, 0.040214, 0.0564218, 0.0612572, 0.0499641, 0.0468388, 0.0394202, 0.035038, 0.0641899, 0.0604452];
GivenLatency = [15.5041, 13.8213, 13.4898, 32.9001, 12.1866, 25.6366, 17.7068, 20.3362, 19.0969, 16.6013, 18.056, 23.7023, 23.5824, 23.4625, 14.9121, 17.221];
HighestPossibleCritFunctionValue = 1.1;
