NumDevices = 16;
NumSlotes = 128;


GivenBandwidthOld = [0.0272328, 0.0169723, 0.0192406, 0.0170588, 0.0215355, 0.0129275, 0.0131151, 0.0150691, 0.0309076, 0.0286826, 0.0333603, 0.0266346, 0.0123843, 0.0329521, 0.0165298, 0.0314289];
GivenLatency = [18.9913, 19.0303, 29.8684, 29.7485, 20.5715, 30.0053, 45.9176, 20.4049, 17.2776, 13.7147, 14.3189, 17.0579, 27.0103, 11.0217, 18.966, 10.0686];
HighestPossibleCritFunctionValue = 1.1;
