NumDevices = 128;
NumSlotes = 1024;


GivenBandwidthOld = [0.00737351, 0.00410829, 0.00680412, 0.00931994, 0.00530738, 0.00988864, 0.00706606, 0.005572, 0.0072868, 0.0092835, 0.00531523, 0.00436744, 0.00607575, 0.00508203, 0.00998897, 0.00592652, 0.00946, 0.00919628, 0.00814895, 0.0056274, 0.00718574, 0.00443495, 0.00953791, 0.00616565, 0.00974901, 0.00414073, 0.00819102, 0.00640093, 0.00799635, 0.0097298, 0.00629507, 0.0099981, 0.00931, 0.00692125, 0.00925972, 0.00566286, 0.00944658, 0.00863866, 0.00489288, 0.00592561, 0.00667055, 0.0081897, 0.00925911, 0.00782936, 0.00935011, 0.00612403, 0.00405776, 0.00753348, 0.00527738, 0.00562471, 0.0057231, 0.00931552, 0.00592679, 0.0078029, 0.00839725, 0.00388228, 0.00820732, 0.00538901, 0.00688345, 0.00517094, 0.00417474, 0.00484478, 0.00991671, 0.00388519, 0.00714888, 0.00375972, 0.00462287, 0.0052556, 0.00830656, 0.00457605, 0.00585183, 0.00423437, 0.00702995, 0.00484069, 0.00995491, 0.00833574, 0.00758254, 0.00471025, 0.00509282, 0.00385525, 0.00392239, 0.00732268, 0.00607438, 0.00708713, 0.00970307, 0.00706671, 0.00392458, 0.00662706, 0.00857112, 0.00737035, 0.00729658, 0.00493695, 0.00913119, 0.00797733, 0.00877448, 0.00638965, 0.0057927, 0.00410033, 0.00430519, 0.00975103, 0.0067636, 0.00949288, 0.00554313, 0.00958326, 0.00589189, 0.00873296, 0.00865528, 0.00925494, 0.00648493, 0.00725617, 0.00693245, 0.00997935, 0.00676136, 0.00949978, 0.00897103, 0.00978169, 0.00958677, 0.00859583, 0.00379026, 0.00547844, 0.00993649, 0.00515316, 0.0054615, 0.00638316, 0.00919663, 0.00777562, 0.00613618, 0.00830457];
GivenLatency = [485.21, 1151.02, 622.198, 364.078, 739.335, 490.89, 598.815, 896.22, 635.602, 446.063, 744.329, 810.82, 741.95, 806.538, 460.522, 591.807, 464.561, 459.725, 421.914, 655.694, 610.032, 1016.67, 436.314, 612.044, 358.916, 918.972, 520.715, 744.196, 493.392, 383.381, 683.355, 337.676, 527.399, 561.371, 368.16, 601.522, 438.25, 578.763, 729.588, 763.213, 714.368, 587.108, 419.214, 461.017, 411.239, 585.74, 1149.67, 609.417, 822.378, 636.196, 656.833, 360.388, 670.59, 478.611, 578.753, 925.303, 505.043, 866.299, 500.617, 676.093, 955.006, 812.028, 422.481, 912.808, 615.841, 1121, 787.183, 856.14, 429.79, 891.221, 801.829, 1053.07, 534.321, 994.834, 392.053, 497.409, 599.326, 735.351, 791.193, 912.153, 970.412, 577.293, 565.901, 674.453, 408.94, 533.213, 898.746, 558.156, 491.847, 479.073, 619.421, 823.813, 366.199, 476.415, 393.695, 525.128, 639.412, 1087.13, 993.865, 345.139, 548.98, 449.104, 693.344, 386.776, 616.015, 420.964, 439.517, 386.979, 562.354, 525.963, 707.51, 390.339, 582.018, 351.672, 510.802, 480.107, 502.331, 529.36, 1245.35, 703.843, 491.725, 916.091, 800.662, 713.76, 436.809, 439.846, 731.586, 540.852];
HighestPossibleCritFunctionValue = 1.1;
