NumDevices = 128;
NumSlotes = 1024;


GivenBandwidthOld = [0.00784032, 0.00469049, 0.00564898, 0.00482593, 0.00686638, 0.00567597, 0.00852697, 0.00530602, 0.00579998, 0.00776768, 0.00392794, 0.00437795, 0.00774622, 0.00823386, 0.00404735, 0.00637209, 0.00813765, 0.00705756, 0.0038778, 0.00673406, 0.00687963, 0.0084396, 0.00687151, 0.0070468, 0.0081147, 0.0061911, 0.00632462, 0.00540386, 0.00513836, 0.00788192, 0.00390349, 0.00845663, 0.00801034, 0.0073615, 0.00729275, 0.00674659, 0.00736807, 0.00765571, 0.00700075, 0.0041486, 0.00809227, 0.00424158, 0.00569267, 0.00421947, 0.00413164, 0.00801235, 0.00598961, 0.00491471, 0.00402683, 0.00649541, 0.0059384, 0.00426379, 0.00404422, 0.00864177, 0.00465928, 0.00608716, 0.00444097, 0.00681665, 0.00498256, 0.00439696, 0.00726432, 0.00392655, 0.00603444, 0.00827397, 0.00812948, 0.00476512, 0.00485224, 0.00404657, 0.00825689, 0.00605842, 0.00632678, 0.00674623, 0.00638062, 0.00664396, 0.00748309, 0.00574493, 0.00750879, 0.00780046, 0.00491471, 0.0039508, 0.0086058, 0.0052327, 0.00847776, 0.0082105, 0.00645327, 0.00762084, 0.00591644, 0.00507638, 0.00627517, 0.00425988, 0.00826691, 0.00443598, 0.0080585, 0.00665465, 0.00723659, 0.00791322, 0.00497724, 0.00496919, 0.00467424, 0.00738065, 0.00406152, 0.0044187, 0.00755568, 0.00586928, 0.00753088, 0.00404417, 0.00792221, 0.00607504, 0.00573384, 0.00614784, 0.00419684, 0.00387497, 0.00411495, 0.00744225, 0.004415, 0.00536958, 0.00409297, 0.00798824, 0.0058112, 0.00629239, 0.00378385, 0.00762112, 0.00558405, 0.00855554, 0.0055113, 0.00590531, 0.00798346, 0.00559991];
GivenLatency = [149.524, 209.44, 194.932, 262.748, 139.082, 181.893, 114.739, 210.15, 168.119, 153.613, 256.954, 239.525, 156.737, 117.736, 304.912, 201.803, 118.88, 183.069, 331.304, 160.099, 157.16, 128.689, 181.077, 149.643, 147.843, 204.735, 171.488, 237.888, 242.358, 152.335, 253.265, 117.395, 146.154, 142.174, 155.57, 141.71, 148.85, 147.342, 136.865, 231.666, 126.194, 244.707, 194.686, 289.972, 254.741, 132.649, 196.452, 240.718, 239.12, 157.257, 187.887, 252.175, 282.599, 146.726, 264.673, 177.845, 260.063, 162.784, 201.641, 236.68, 143.435, 271.787, 161.492, 123.534, 118.432, 244.473, 201.51, 312.073, 155.035, 193.537, 171.275, 142.962, 191.945, 158.369, 161.942, 195.946, 149.531, 123.718, 253.012, 280.016, 117.995, 245.683, 124.949, 143.849, 186.909, 143.837, 204.716, 227.278, 159.784, 229.623, 124.202, 282.832, 148.36, 174.65, 135.745, 143.385, 253.367, 232.084, 236.554, 166.381, 307.228, 219.364, 143.445, 200.279, 145.203, 242.276, 128.705, 197.336, 187.91, 191.269, 297.809, 311.312, 282.61, 163.554, 260.233, 235.194, 263.896, 136.966, 195.188, 157.875, 276.555, 130.936, 210.957, 144.249, 221.84, 169.923, 135.812, 203.006];
HighestPossibleCritFunctionValue = 1.1;
