NumDevices = 32;
NumSlotes = 256;


GivenBandwidthOld = [0.0264043, 0.0374189, 0.0347465, 0.0194788, 0.0157447, 0.0305779, 0.033175, 0.0317951, 0.0396486, 0.0331822, 0.0285605, 0.0255947, 0.0302468, 0.0178405, 0.0297429, 0.0239034, 0.0294451, 0.0196106, 0.0301391, 0.0336627, 0.0291579, 0.0168515, 0.0333554, 0.0391537, 0.0166811, 0.0193584, 0.0161735, 0.0377565, 0.0342483, 0.0210996, 0.0306673, 0.0344776];
GivenLatency = [77.7978, 46.2009, 65.2681, 120.63, 114.624, 74.0488, 56.413, 62.455, 44.8472, 62.0993, 59.5611, 75.3495, 74.7979, 124.11, 80.6994, 96.2429, 67.425, 92.3972, 57.7789, 50.0398, 59.1863, 105.162, 70.4096, 45.7127, 116.084, 105.202, 124.756, 59.1767, 65.8743, 107.799, 69.3128, 69.3954];
HighestPossibleCritFunctionValue = 1.1;
