NumDevices = 16;
NumSlotes = 128;


GivenBandwidthOld = [0.0311877, 0.0316516, 0.0686779, 0.0500843, 0.0665811, 0.049084, 0.0542589, 0.0300473, 0.0647049, 0.0348221, 0.0354021, 0.0633498, 0.0595106, 0.0549398, 0.0325379, 0.0439257];
GivenLatency = [32.5623, 26.6274, 11.8754, 15.7867, 15.0288, 15.6881, 14.264, 26.4462, 13.5673, 29.032, 26.4801, 15.505, 14.7247, 18.7092, 33.1501, 19.7396];
HighestPossibleCritFunctionValue = 1.1;
