NumDevices = 128;
NumSlotes = 1024;


GivenBandwidthOld = [0.00387928, 0.00659198, 0.00391389, 0.00817382, 0.00495428, 0.00402709, 0.00580833, 0.00812501, 0.00446672, 0.00466567, 0.00834712, 0.00759289, 0.00619904, 0.00481481, 0.0050835, 0.00587019, 0.00780432, 0.00464156, 0.00815466, 0.00786025, 0.0046445, 0.00766353, 0.00841195, 0.0071302, 0.00482631, 0.00834293, 0.00714179, 0.00459925, 0.00704969, 0.00667196, 0.00806314, 0.0047592, 0.0052971, 0.00590094, 0.00464604, 0.00852154, 0.00400246, 0.00689052, 0.00651618, 0.00498465, 0.00453505, 0.00812943, 0.00391964, 0.00482498, 0.00600362, 0.00528314, 0.00621376, 0.00716588, 0.00451634, 0.00862526, 0.00725323, 0.00760954, 0.0060155, 0.00495812, 0.00861412, 0.0050896, 0.00849037, 0.00509392, 0.00596474, 0.0068427, 0.00781775, 0.00548635, 0.00661102, 0.00386032, 0.00792966, 0.00622064, 0.0078507, 0.00415107, 0.00446883, 0.005193, 0.00624413, 0.00761667, 0.0059539, 0.00472301, 0.00717228, 0.00708282, 0.00845466, 0.00491807, 0.00547421, 0.00753089, 0.00410052, 0.00499428, 0.00643336, 0.00801479, 0.00707195, 0.00570299, 0.00759621, 0.00694091, 0.00837637, 0.00420385, 0.00658454, 0.00389085, 0.00593873, 0.00473039, 0.00621617, 0.00762524, 0.00489668, 0.00601099, 0.00414823, 0.00677541, 0.00680432, 0.00774699, 0.00623174, 0.00437515, 0.00557908, 0.00510375, 0.00623011, 0.00691527, 0.00749178, 0.00682411, 0.00532449, 0.00613924, 0.00462706, 0.0044371, 0.00681862, 0.00799434, 0.00841811, 0.00562544, 0.00435601, 0.00389719, 0.00750109, 0.00826157, 0.00471816, 0.00567798, 0.00737551, 0.00768978, 0.00470413, 0.00477599];
GivenLatency = [261.548, 145.434, 258.449, 155.958, 213.932, 254.96, 209.212, 155.821, 266.753, 276.046, 142.848, 135.589, 200.98, 228.913, 221.176, 209.452, 142.761, 216.811, 138.287, 149.038, 244.827, 144.109, 139.796, 174.298, 211.775, 138.177, 158.361, 265.307, 179.154, 177.422, 153.82, 235.474, 205.841, 196.446, 234.266, 149.508, 246.326, 161.6, 149.855, 216.938, 239.724, 137.434, 251.096, 255.824, 169.584, 198.244, 197.742, 159.254, 283.375, 111.234, 164.706, 140.139, 173.676, 196.105, 147.329, 212.06, 134.184, 197.249, 171.655, 146.678, 159.404, 235.852, 191.909, 298.119, 138.5, 182.825, 125.337, 244.125, 254.67, 229.411, 171.762, 128.559, 192.082, 207.917, 154.271, 146.391, 124.741, 211.382, 180.705, 126.883, 277.809, 259.132, 171.041, 135.887, 143.482, 209.024, 133.048, 151.536, 119.726, 238.909, 160.628, 312.694, 199.092, 257.034, 166.748, 170.243, 206.129, 162.521, 276.447, 156.173, 144.946, 167.344, 171.302, 229.537, 210.04, 241.578, 165.859, 171.416, 159.897, 145.365, 205.078, 204.655, 261.927, 267.794, 178.574, 145.66, 138.871, 192.492, 223.871, 313.578, 165.007, 122.229, 203.973, 197.389, 148.543, 167.426, 248.551, 228.005];
HighestPossibleCritFunctionValue = 1.1;
