NumDevices = 128;
NumSlotes = 1024;


GivenBandwidthOld = [0.00540431, 0.00773408, 0.00800144, 0.00778684, 0.00716916, 0.00709727, 0.00507061, 0.00550412, 0.00407025, 0.00490883, 0.00515201, 0.00477202, 0.00582019, 0.00988963, 0.00501201, 0.00806333, 0.00414811, 0.00724337, 0.00433301, 0.00863114, 0.00981149, 0.00418962, 0.00501594, 0.0054396, 0.00704502, 0.00814646, 0.00757828, 0.00809471, 0.00655764, 0.00429677, 0.00582428, 0.00990818, 0.00421042, 0.00451826, 0.00966104, 0.00683588, 0.00568746, 0.00408878, 0.00383405, 0.00386602, 0.00993667, 0.00815653, 0.0080877, 0.00742555, 0.00993476, 0.00720298, 0.00672394, 0.00542605, 0.00430442, 0.00946284, 0.00691199, 0.00984148, 0.00821069, 0.00582692, 0.00431842, 0.00716813, 0.00844372, 0.00991901, 0.00497663, 0.00715533, 0.0058232, 0.00424087, 0.00386491, 0.00385638, 0.00422637, 0.00382747, 0.00584673, 0.00596519, 0.00940969, 0.00736475, 0.00690916, 0.00593094, 0.00885957, 0.00526115, 0.00791067, 0.00704369, 0.00447577, 0.00805547, 0.00955289, 0.00785909, 0.0089438, 0.00850826, 0.00700582, 0.00552696, 0.00664844, 0.00525373, 0.00821562, 0.00739287, 0.00447644, 0.00669826, 0.00522876, 0.00718656, 0.00581913, 0.00461252, 0.00639735, 0.0040493, 0.00903908, 0.00976154, 0.00847621, 0.0059757, 0.00478617, 0.00610979, 0.00852112, 0.00443946, 0.00396939, 0.0097981, 0.00418997, 0.00458206, 0.00692474, 0.00541768, 0.00737544, 0.00522096, 0.00749554, 0.00497015, 0.00461821, 0.00820267, 0.00859196, 0.00763242, 0.00554881, 0.00511447, 0.00513375, 0.00411741, 0.00997683, 0.00805414, 0.00597499, 0.00538118, 0.00654758, 0.00393033];
GivenLatency = [632.844, 621.825, 557.186, 568.839, 520.353, 471.217, 694.314, 874.545, 930.666, 786.113, 654.454, 825.262, 773.954, 482.581, 987.126, 439.797, 1192.92, 520.978, 784.32, 431.828, 464.609, 930.236, 873.929, 645.366, 485.45, 566.089, 453.447, 486.628, 512.702, 991.997, 575.803, 365.783, 855.871, 790.455, 357.601, 634.69, 655.358, 1018.24, 1277.56, 1039.83, 391.575, 576.376, 558.366, 556.134, 347.976, 556.088, 515.481, 819.381, 916.034, 363.555, 518.212, 445.49, 453.909, 714.892, 781.323, 665.697, 475.24, 403.896, 1000.3, 513.086, 706.821, 856.713, 1092.47, 1147.85, 865.388, 929.325, 583.804, 790.656, 497.238, 625.747, 520.649, 580.414, 452.313, 643.655, 534.142, 484.929, 947.569, 435.115, 384.182, 620.417, 453.122, 424.52, 482.23, 817.197, 601.447, 802.428, 536.236, 461.268, 1095.49, 507.616, 857.168, 551.359, 705.392, 1034.76, 594.926, 880.869, 474.276, 430.565, 515.626, 818.219, 960.874, 610.165, 496.88, 861.68, 1066.56, 340.623, 890.451, 929.685, 641.227, 665.236, 467.153, 870.751, 503.92, 804.794, 1055.3, 453.232, 404.702, 646.669, 789.535, 758.26, 854.136, 1141.74, 484.89, 418.396, 807.065, 785.313, 671.352, 908.517];
HighestPossibleCritFunctionValue = 1.1;
