NumDevices = 32;
NumSlotes = 256;


GivenBandwidthOld = [0.0264171, 0.0219187, 0.0173405, 0.0325599, 0.0243851, 0.0300754, 0.0265668, 0.0184107, 0.0187861, 0.0287554, 0.0211878, 0.0328356, 0.0183722, 0.0318355, 0.0284663, 0.0237755, 0.0244994, 0.032192, 0.0217536, 0.0221789, 0.0304169, 0.0264616, 0.0294165, 0.0325321, 0.0177796, 0.0318691, 0.0341634, 0.0334865, 0.0172325, 0.0165126, 0.0171642, 0.0292299];
GivenLatency = [42.2576, 49.4258, 56.2645, 35.2087, 35.1518, 27.823, 42.3236, 61.6788, 46.1568, 34.9932, 51.6155, 31.8561, 52.2745, 36.0197, 33.1581, 40.3324, 34.0555, 31.9715, 47.573, 45.5191, 36.8561, 31.7987, 32.2876, 28.3916, 46.9769, 35.7758, 28.2877, 29.75, 66.8816, 56.9213, 55.2301, 29.0501];
HighestPossibleCritFunctionValue = 1.1;
