NumDevices = 64;
NumSlotes = 512;


GivenBandwidthOld = [0.00480285, 0.00648089, 0.00308305, 0.00802476, 0.00715034, 0.00453231, 0.00325617, 0.00513528, 0.00620111, 0.00697809, 0.00321543, 0.00798289, 0.00336467, 0.00379887, 0.00757818, 0.00767083, 0.00858436, 0.00606947, 0.00713069, 0.00548336, 0.00626705, 0.00273336, 0.00577256, 0.00436884, 0.00590761, 0.0053732, 0.00485893, 0.00532521, 0.0044901, 0.00641568, 0.0071346, 0.00867316, 0.00471594, 0.00822213, 0.00567328, 0.00456954, 0.00407364, 0.0068609, 0.00873059, 0.00753235, 0.00625106, 0.002856, 0.00451556, 0.00301568, 0.00705236, 0.00777558, 0.00671539, 0.00686517, 0.00548167, 0.0028876, 0.00444921, 0.00670108, 0.00379266, 0.00322905, 0.00562518, 0.00865593, 0.00276085, 0.00531489, 0.00604656, 0.00326697, 0.00548464, 0.00280673, 0.00771177, 0.00301777];
GivenLatency = [98.0485, 87.5378, 151.156, 51.3645, 73.7916, 120.631, 121.749, 97.842, 67.16, 50.1306, 108.579, 56.767, 140.215, 106.051, 51.4865, 56.056, 38.9963, 51.7611, 81.3944, 63.778, 57.6092, 201.003, 74.702, 95.3594, 67.5857, 98.1196, 127.79, 57.9617, 105.055, 59.1178, 77.155, 37.6819, 107.479, 73.4809, 70.5263, 72.4384, 113.026, 71.2259, 70.4741, 80.5174, 95.6302, 186.385, 97.3531, 157.052, 76.112, 61.937, 68.7131, 69.9036, 58.6009, 125.585, 111.703, 63.7132, 170.387, 109.545, 80.2219, 56.4248, 229.051, 67.034, 94.1205, 106.166, 92.7216, 142.576, 63.6776, 142.905];
HighestPossibleCritFunctionValue = 1.1;
