NumDevices = 16;
NumSlotes = 128;


GivenBandwidthOld = [0.021327, 0.0331219, 0.0193866, 0.020233, 0.0214984, 0.0128288, 0.028169, 0.0257208, 0.0300182, 0.0315783, 0.027033, 0.0331496, 0.010413, 0.026616, 0.0254421, 0.019523];
GivenLatency = [26.2753, 12.0599, 16.06, 26.2238, 24.0882, 27.8203, 13.3585, 14.7787, 15.6524, 16.9256, 15.2793, 10.4366, 35.156, 11.7933, 12.1513, 23.4311];
HighestPossibleCritFunctionValue = 1.1;
