NumDevices = 128;
NumSlotes = 1024;


GivenBandwidthOld = [0.00388537, 0.0039632, 0.00573645, 0.0086917, 0.00898162, 0.00665878, 0.00405846, 0.00683325, 0.00522845, 0.00829645, 0.00966043, 0.00914957, 0.00432352, 0.00542674, 0.00973797, 0.00607776, 0.0075947, 0.00907436, 0.00895127, 0.00892974, 0.00957971, 0.0086178, 0.00433757, 0.00411688, 0.00740612, 0.00839002, 0.00724661, 0.00875, 0.00748265, 0.00722938, 0.0066397, 0.00851665, 0.00425461, 0.0097317, 0.00698737, 0.00796607, 0.00700934, 0.00848687, 0.00381352, 0.00884347, 0.00962305, 0.00587956, 0.00776565, 0.00730195, 0.00756518, 0.00668889, 0.00400506, 0.00936089, 0.00599671, 0.00793998, 0.00593052, 0.00792012, 0.00968263, 0.0071941, 0.00743281, 0.0070021, 0.00554143, 0.00598635, 0.00875146, 0.00702859, 0.00708855, 0.00855677, 0.00990852, 0.0038009, 0.00916477, 0.00985526, 0.00861339, 0.00531817, 0.00375007, 0.00492293, 0.00465389, 0.00787513, 0.00982196, 0.00515991, 0.00638956, 0.00426783, 0.00685654, 0.00905322, 0.00375595, 0.00997698, 0.00428241, 0.00823771, 0.00377899, 0.00972842, 0.00800585, 0.00681926, 0.00746754, 0.00952431, 0.00881258, 0.00935113, 0.00451794, 0.00419324, 0.00960442, 0.00522417, 0.00515724, 0.00516322, 0.00576748, 0.00530361, 0.0090579, 0.00739496, 0.00841746, 0.00600209, 0.00469734, 0.00692194, 0.00830318, 0.00400137, 0.00979402, 0.00428417, 0.00659991, 0.00840899, 0.00733321, 0.00796094, 0.00824729, 0.0085244, 0.00959242, 0.00980566, 0.00620148, 0.00570183, 0.00818185, 0.00861424, 0.00706246, 0.00745716, 0.00994452, 0.00884337, 0.00797599, 0.00500205, 0.0093756, 0.00938168];
GivenLatency = [1132.81, 942.729, 590.03, 531.42, 532.491, 558.032, 1192.1, 508.288, 712.575, 494.202, 426.15, 445.115, 986.506, 859.285, 422.867, 584.958, 446.882, 399.522, 376.929, 476.434, 381.696, 520.111, 1079.15, 974.882, 546.727, 441.774, 489.065, 390.37, 503.492, 691.456, 726.488, 422.365, 1025.84, 343.137, 512.939, 542.82, 511.015, 515.709, 1014.95, 382.165, 378.226, 845.319, 587.845, 663.049, 623.509, 728.803, 921.102, 370.039, 642.372, 489.536, 820.622, 486.43, 447.191, 587.477, 449.351, 631.598, 795.721, 808.778, 444.864, 700.758, 560.855, 409.013, 429.608, 898.726, 466.664, 411.374, 420.034, 662.247, 945.211, 751.503, 942.205, 590.865, 374.969, 671.898, 782.191, 956.068, 643.669, 482.303, 988.328, 466.616, 1134.25, 548.208, 962.871, 363.445, 494.431, 548.626, 475.45, 389.402, 419.426, 390.416, 1058.85, 798.109, 495.714, 914.694, 651.141, 846.518, 772.285, 775.655, 457.436, 625.384, 411.45, 555.821, 902.748, 610.995, 439.583, 1037.65, 458.102, 782.894, 600.704, 426.927, 470.832, 453.511, 409.318, 525.708, 441.905, 501.576, 654.28, 850.33, 438.457, 520.608, 503.29, 598.801, 371.644, 421.583, 478.454, 708.74, 436.951, 361.891];
HighestPossibleCritFunctionValue = 1.1;
