NumDevices = 128;
NumSlotes = 1024;


GivenBandwidthOld = [0.00391775, 0.00804331, 0.00643432, 0.00418853, 0.00411879, 0.00699368, 0.00519934, 0.00773073, 0.00786206, 0.00519638, 0.00804248, 0.00746426, 0.00423669, 0.00861867, 0.00650819, 0.00568055, 0.00558313, 0.00822212, 0.00667677, 0.00395806, 0.005645, 0.00802837, 0.00539453, 0.00836538, 0.00446326, 0.00656458, 0.00837702, 0.00502619, 0.00769567, 0.0087084, 0.0046344, 0.00793012, 0.00407382, 0.00615576, 0.00742149, 0.00547746, 0.0071582, 0.00536567, 0.0083607, 0.00578242, 0.00771904, 0.00639139, 0.00765493, 0.0038278, 0.00632049, 0.00599422, 0.00727203, 0.00851702, 0.008065, 0.00598586, 0.00686415, 0.00824413, 0.00656691, 0.00750511, 0.00582877, 0.0066161, 0.00421596, 0.00509319, 0.00376135, 0.00457347, 0.00388504, 0.0083884, 0.00630457, 0.00846465, 0.00790615, 0.0062279, 0.00474045, 0.00523268, 0.00810198, 0.00742361, 0.00606373, 0.00553475, 0.00509753, 0.00675105, 0.00742792, 0.0085705, 0.00684998, 0.00515658, 0.00420625, 0.00687755, 0.0084355, 0.00793333, 0.00801683, 0.00641441, 0.00443656, 0.00775224, 0.00435905, 0.00498866, 0.00696662, 0.0054775, 0.00781738, 0.00413588, 0.00421896, 0.00558979, 0.00503961, 0.00822886, 0.00498773, 0.00620858, 0.00506027, 0.00550338, 0.00773451, 0.00636096, 0.00612128, 0.00782187, 0.00467036, 0.00724291, 0.00412378, 0.00588484, 0.00401195, 0.00640355, 0.00697216, 0.00852489, 0.0053191, 0.00558724, 0.00729139, 0.00396469, 0.0070475, 0.00478925, 0.00545198, 0.00400571, 0.0065124, 0.00636257, 0.00820537, 0.00512227, 0.00756045, 0.00606245, 0.00408091, 0.00542423];
GivenLatency = [259.691, 156.126, 148.41, 275.865, 283.767, 139.734, 195.281, 155.007, 130.154, 216.507, 120.452, 164.957, 242.489, 122.262, 148.167, 216.705, 189.14, 119.3, 165.651, 287.536, 174.849, 155.986, 229.966, 145.716, 271.232, 169.454, 120.663, 214.707, 135.361, 138.552, 254.935, 163.664, 270.934, 190.131, 148.284, 184.421, 166.906, 202.011, 148.78, 221.999, 146.138, 193.45, 155.938, 249.632, 167.086, 210.483, 167.88, 143.048, 132.464, 166.216, 153.933, 134.896, 182.262, 154.698, 182.239, 183.638, 277.898, 192.1, 266.994, 269.158, 290.273, 128.914, 167.814, 130.121, 162.545, 202.581, 260.748, 234.174, 136.553, 130.316, 184.656, 182.354, 213.531, 169.134, 134.18, 125.337, 150.461, 224.348, 262.539, 172.53, 149.992, 134.115, 140.947, 163.888, 226.688, 130.814, 276.153, 241.658, 164.031, 230.149, 143.627, 265.831, 262.174, 172.182, 199.059, 137.107, 235.494, 193.625, 200.533, 214.591, 149.721, 153.683, 156.732, 132.299, 208.834, 174.577, 313.985, 220.602, 268.435, 152.476, 164.304, 113.909, 213.118, 180.114, 155.207, 280.391, 161.575, 227.251, 201.845, 278.618, 165.455, 152.565, 139.391, 218.882, 148.23, 179.035, 268.366, 233.657];
HighestPossibleCritFunctionValue = 1.1;
