NumDevices = 16;
NumSlotes = 128;


GivenBandwidthOld = [0.0621541, 0.044707, 0.0609877, 0.0402057, 0.0579876, 0.0671837, 0.0770162, 0.0307483, 0.0566267, 0.0455376, 0.0705503, 0.0591376, 0.0457409, 0.0377975, 0.032419, 0.0365843];
GivenLatency = [28.8529, 31.2382, 31.6819, 41.4832, 24.3409, 21.0486, 22.4252, 57.7935, 31.9609, 30.867, 23.7036, 22.871, 39.056, 51.353, 48.8994, 37.4231];
HighestPossibleCritFunctionValue = 1.1;
