NumDevices = 64;
NumSlotes = 512;


GivenBandwidthOld = [0.00411049, 0.00744374, 0.00442762, 0.00632707, 0.0052554, 0.00618748, 0.00301785, 0.00601175, 0.0056722, 0.00522151, 0.00533756, 0.00580613, 0.00609959, 0.00701399, 0.00669913, 0.00857726, 0.00554394, 0.00578761, 0.00730697, 0.00579338, 0.00432216, 0.00874409, 0.00317075, 0.00711378, 0.00254776, 0.00525255, 0.00842007, 0.00735381, 0.00546079, 0.00832359, 0.00449448, 0.00495822, 0.00523955, 0.00867956, 0.00607621, 0.00791988, 0.0068944, 0.00290501, 0.00333768, 0.00635366, 0.00838418, 0.00422278, 0.007288, 0.00560915, 0.00792731, 0.00680306, 0.00521534, 0.00788978, 0.0072429, 0.0039241, 0.0061126, 0.00693666, 0.00701875, 0.00533205, 0.00705495, 0.00753452, 0.00520257, 0.00589272, 0.00519382, 0.00872137, 0.00252979, 0.00315989, 0.00569153, 0.00500561];
GivenLatency = [80.317, 42.6529, 88.5758, 53.5491, 61.7546, 73.2659, 158.446, 61.3963, 89.9256, 104.755, 81.6385, 89.5492, 60.2163, 48.5532, 58.9341, 69.5304, 88.3749, 69.1581, 43.1259, 69.8567, 90.7574, 60.5159, 153.578, 68.9822, 161.104, 78.4779, 37.7712, 45.5447, 103.757, 44.7322, 85.4599, 98.3098, 99.9808, 53.1183, 67.4724, 50.7441, 45.4496, 107.628, 162.797, 54.3642, 68.0275, 84.894, 87.5596, 68.633, 43.493, 70.4156, 63.7862, 45.694, 43.6541, 145.68, 97.7642, 54.4911, 60.7044, 65.5503, 46.5151, 48.985, 69.2612, 66.2575, 87.8325, 38.3617, 128.75, 140.255, 85.794, 78.8154];
HighestPossibleCritFunctionValue = 1.1;
