NumDevices = 32;
NumSlotes = 256;


GivenBandwidthOld = [0.0185359, 0.017596, 0.0207781, 0.0278694, 0.0361905, 0.0392062, 0.0242439, 0.027921, 0.028806, 0.0270358, 0.0251617, 0.0277796, 0.0258918, 0.0240397, 0.0210499, 0.0205905, 0.0248677, 0.0357306, 0.0347687, 0.0177798, 0.0354328, 0.0298952, 0.0333699, 0.0335701, 0.0220741, 0.0352297, 0.0159959, 0.0286658, 0.0217934, 0.0174073, 0.0239453, 0.0343375];
GivenLatency = [123.088, 119.074, 119.114, 87.4104, 67.6063, 58.9886, 69.3241, 77.8045, 74.1782, 62.545, 69.4481, 70.1163, 75.3842, 88.6353, 85.7597, 87.4738, 72.1735, 50.9009, 57.1701, 98.0241, 47.3414, 78.1191, 63.8421, 59.6117, 76.3212, 56.1222, 115.603, 68.6436, 86.354, 133.347, 93.7339, 56.3641];
HighestPossibleCritFunctionValue = 1.1;
