NumDevices = 16;
NumSlotes = 128;


GivenBandwidthOld = [0.0327862, 0.0568566, 0.0588921, 0.0701017, 0.068929, 0.0592452, 0.0541413, 0.0733917, 0.0639723, 0.0522497, 0.0798756, 0.0385453, 0.0501065, 0.0596602, 0.0796759, 0.0321653];
GivenLatency = [42.8047, 26.5423, 30.9421, 19.1818, 21.4976, 22.5763, 28.8725, 20.2128, 23.5642, 37.8852, 21.9882, 36.534, 26.638, 23.0399, 19.5265, 51.1461];
HighestPossibleCritFunctionValue = 1.1;
