NumDevices = 128;
NumSlotes = 1024;


GivenBandwidthOld = [0.00631886, 0.00863385, 0.0066877, 0.00775905, 0.00389581, 0.00434525, 0.00806548, 0.00402941, 0.00482591, 0.00661401, 0.00423999, 0.00403336, 0.00613252, 0.00672041, 0.00742872, 0.00697429, 0.00438516, 0.00383361, 0.00406143, 0.00802287, 0.00779117, 0.00866007, 0.00727985, 0.00500738, 0.00655133, 0.00566774, 0.00521159, 0.00863386, 0.00671885, 0.00627945, 0.00620499, 0.00477277, 0.00847908, 0.00548697, 0.00706349, 0.00849559, 0.00783969, 0.00411108, 0.00747079, 0.00399757, 0.0046708, 0.00457129, 0.00716246, 0.00704038, 0.00523598, 0.00866165, 0.00378546, 0.00469217, 0.00387403, 0.00836278, 0.00567837, 0.00380499, 0.00795581, 0.00581039, 0.00773912, 0.00387692, 0.00688243, 0.00551134, 0.00655599, 0.00403517, 0.0066264, 0.00740435, 0.00744559, 0.0054833, 0.00537229, 0.0045113, 0.00399959, 0.0086192, 0.00537723, 0.00759052, 0.00642438, 0.00701787, 0.00682939, 0.00398199, 0.00778021, 0.00449715, 0.00606403, 0.00572238, 0.00860503, 0.00718282, 0.00408137, 0.00800614, 0.00675705, 0.00820999, 0.00789517, 0.00670719, 0.00527464, 0.00845038, 0.00796489, 0.00848442, 0.0052143, 0.00426241, 0.0058352, 0.00464641, 0.00463237, 0.00870745, 0.00852609, 0.00553919, 0.00464362, 0.00786774, 0.00556578, 0.00649057, 0.00445866, 0.00421677, 0.00870524, 0.00651707, 0.00490813, 0.00842024, 0.0064699, 0.00716419, 0.00604863, 0.00675929, 0.00589823, 0.00403318, 0.00813846, 0.00562418, 0.00805666, 0.00577982, 0.00395081, 0.00380729, 0.00667305, 0.00653678, 0.00615815, 0.0075458, 0.00472509, 0.00708008, 0.00744852, 0.00476114];
GivenLatency = [157.627, 125.138, 158.838, 141.53, 274.248, 220.869, 147.163, 236.76, 203.77, 171.857, 230.974, 256.839, 189.302, 168.608, 160.716, 149.755, 274.673, 299.392, 271.091, 142.338, 125.247, 133.839, 147.205, 223.342, 189.075, 212.264, 217.417, 126.323, 158.425, 188.719, 169.921, 271.121, 114.593, 210.29, 135.181, 151.687, 132.404, 301.24, 137.49, 276.586, 205.666, 267.109, 136.334, 166.851, 230.858, 117.615, 265.878, 203.478, 304.725, 139.973, 193.433, 312.835, 129.276, 187.322, 132.685, 316.349, 159.659, 205.2, 155.808, 264.888, 178.328, 160.187, 143.84, 177.419, 216.993, 267.255, 278.198, 139.342, 232.48, 128.925, 164.44, 146.159, 179.173, 314.621, 127.798, 277.589, 159.816, 175.935, 144.998, 134.169, 236.553, 151.579, 166.731, 156.998, 141.071, 144.733, 227.375, 120.308, 130.548, 144.377, 214.816, 226.268, 195.97, 279.242, 219.753, 114.044, 114.163, 205.215, 212.13, 137.147, 212.425, 195.304, 231.974, 259.67, 118.127, 182.573, 208.492, 123.553, 157.56, 149.368, 180.399, 154.254, 186.388, 261.052, 130.269, 178.032, 124.456, 198.986, 256.153, 317.966, 191.888, 156.709, 166.938, 155.887, 215.353, 143.771, 137.259, 201.186];
HighestPossibleCritFunctionValue = 1.1;
