NumDevices = 64;
NumSlotes = 512;


GivenBandwidthOld = [0.0181175, 0.0182136, 0.00912968, 0.00996827, 0.0167107, 0.0112371, 0.0173423, 0.0140519, 0.0119809, 0.0187639, 0.0191756, 0.0148692, 0.0120538, 0.0179788, 0.0125535, 0.0158467, 0.0152257, 0.016555, 0.00807941, 0.00807138, 0.0106664, 0.0125719, 0.014177, 0.0154236, 0.0175201, 0.0160226, 0.00929981, 0.0194448, 0.0134645, 0.0150276, 0.0111361, 0.00776943, 0.0107442, 0.00806418, 0.0146638, 0.00912746, 0.0102961, 0.0148321, 0.0131988, 0.0126757, 0.00778104, 0.0184296, 0.0131547, 0.0083164, 0.0161601, 0.0196752, 0.0115116, 0.0175527, 0.0128388, 0.0115296, 0.00767323, 0.0190411, 0.0169568, 0.00986116, 0.0165971, 0.0152857, 0.0115393, 0.00934551, 0.0125597, 0.00812445, 0.0151816, 0.0125425, 0.0185824, 0.00763281];
GivenLatency = [142.738, 161.121, 323.132, 246.935, 166.846, 266.358, 189.831, 160.636, 277.846, 158.404, 146.012, 183.126, 252.083, 183.055, 247.368, 190.273, 168.769, 190.173, 352.354, 315.78, 218.336, 222.102, 174.092, 146.796, 129.126, 165.055, 242.84, 114.404, 245.97, 150.35, 247.435, 360.503, 222.842, 408.72, 159.694, 247.489, 284.194, 218.397, 178.402, 216.575, 298.849, 133.282, 197.228, 301.664, 184.925, 120.658, 195.126, 146.326, 176.624, 253.242, 420.46, 154.88, 155.294, 332.768, 185.203, 160.507, 204.992, 275.062, 191.999, 314.906, 147.088, 264.957, 152.077, 298.513];
HighestPossibleCritFunctionValue = 1.1;
