NumDevices = 128;
NumSlotes = 1024;


GivenBandwidthOld = [0.00340939, 0.00357381, 0.004338, 0.00436288, 0.00385447, 0.00274079, 0.00380042, 0.0037162, 0.00381177, 0.00373635, 0.00177609, 0.00268523, 0.00432575, 0.00171539, 0.00436, 0.00225231, 0.00324358, 0.00429182, 0.00315874, 0.0033809, 0.0027458, 0.00360089, 0.00322118, 0.00282017, 0.00359914, 0.00195748, 0.00129114, 0.00199883, 0.00245522, 0.00432252, 0.00359524, 0.00205493, 0.00166002, 0.00177789, 0.00157005, 0.00217761, 0.00410184, 0.00398593, 0.00275252, 0.00410935, 0.00216119, 0.00308974, 0.00299654, 0.00221873, 0.00151416, 0.00350743, 0.00434121, 0.00205978, 0.00180653, 0.00175275, 0.00401867, 0.00309481, 0.0038314, 0.00253375, 0.00230849, 0.00383484, 0.00407741, 0.00272765, 0.00168273, 0.00219362, 0.00136303, 0.00412943, 0.00213296, 0.00363958, 0.00357872, 0.00262663, 0.0038417, 0.00366603, 0.00429763, 0.00396062, 0.00244054, 0.00128812, 0.00128095, 0.00265322, 0.0038989, 0.00257173, 0.0030741, 0.00259517, 0.00333204, 0.00351612, 0.00348823, 0.00361356, 0.00374018, 0.00376085, 0.00426424, 0.00222132, 0.00427033, 0.00151522, 0.00248687, 0.00180852, 0.00396515, 0.0034496, 0.00434912, 0.00377717, 0.00359414, 0.00227131, 0.00389891, 0.0028144, 0.00344264, 0.00295769, 0.0024777, 0.00388027, 0.0019665, 0.00291569, 0.00278931, 0.00369504, 0.00433585, 0.00255761, 0.00317422, 0.00413448, 0.00256337, 0.00320334, 0.00298177, 0.00390019, 0.00241601, 0.0014337, 0.00424626, 0.00319581, 0.00127033, 0.00227143, 0.00278921, 0.00191984, 0.00306311, 0.00224167, 0.00254133, 0.00149575, 0.00345518, 0.00433029];
GivenLatency = [122.847, 120.535, 93.7633, 110.718, 144.998, 138.356, 100.158, 87.7298, 133.677, 147.051, 194.002, 125.67, 80.5705, 217.021, 86.0452, 220.456, 118.465, 132.039, 135.379, 153.819, 130.2, 151.879, 176.518, 209.198, 106.847, 208.601, 286.221, 171.888, 163.475, 76.7702, 158.534, 167.22, 305.859, 272.872, 401.386, 212.766, 78.9345, 163.088, 167.975, 135.859, 148.849, 142.681, 127.2, 216.001, 307.522, 120.188, 92.5725, 240.37, 208.51, 254.243, 109.048, 155.979, 81.8605, 158.703, 171.653, 148.31, 98.4799, 240.92, 282.552, 161.975, 270.803, 78.3624, 179.809, 118.582, 119.6, 249.735, 88.6955, 102.893, 134.925, 112.806, 194.131, 437.225, 269.264, 155.505, 82.2181, 243.663, 132.488, 123.453, 127.408, 170.096, 94.1936, 131.128, 105.402, 99.2838, 109.994, 168.264, 106.305, 311.845, 129.647, 237.79, 100.742, 157.68, 73.0289, 91.4378, 106.452, 208.041, 121.951, 117.557, 158.804, 127.434, 212.902, 94.7087, 268.165, 155.877, 140.33, 157.214, 125.773, 140.352, 168.497, 109.286, 164.389, 126.742, 137.68, 105.436, 148.664, 223.307, 94.6856, 100.251, 362.325, 287.969, 198.563, 293.349, 173.608, 218.55, 134.819, 257.12, 136.69, 73.2152];
HighestPossibleCritFunctionValue = 1.1;
