NumDevices = 64;
NumSlotes = 512;


GivenBandwidthOld = [0.0143927, 0.0162184, 0.0127904, 0.0113203, 0.0156291, 0.00809644, 0.0192981, 0.0113081, 0.0109758, 0.0126667, 0.019607, 0.0147785, 0.0114313, 0.0176116, 0.0155287, 0.00802412, 0.0163558, 0.00863706, 0.018004, 0.0104276, 0.0123272, 0.0131045, 0.0140169, 0.0116321, 0.0178531, 0.0116936, 0.0139822, 0.0155948, 0.0186098, 0.0171835, 0.00845276, 0.00810682, 0.0188565, 0.0136927, 0.0126314, 0.0128779, 0.0184743, 0.0156004, 0.0136707, 0.0188985, 0.00765241, 0.0190386, 0.0112543, 0.0189726, 0.015213, 0.0149593, 0.0139525, 0.0175041, 0.00848566, 0.0110151, 0.0101006, 0.0151039, 0.0189707, 0.00832466, 0.01753, 0.0189574, 0.00900781, 0.011696, 0.0172843, 0.0154879, 0.0102867, 0.0177475, 0.0129875, 0.0104028];
GivenLatency = [154.668, 177.306, 228.639, 232.302, 162.595, 303.617, 136.306, 288.949, 245.893, 250.444, 150.545, 171.45, 251.794, 137.345, 208.252, 292.282, 139.438, 358.707, 153.155, 220.359, 259.692, 191.019, 205.17, 251.088, 164.452, 245.645, 226.763, 149.807, 126.189, 139.485, 310.87, 345.636, 121.023, 188.779, 190.135, 190.803, 145.075, 150.285, 162.962, 145.035, 301.596, 143.366, 237.398, 141.588, 185.754, 197.692, 184.08, 162.896, 391.806, 203.377, 304.338, 147.161, 164.039, 324.276, 146.158, 131.988, 332.61, 213.819, 134.165, 160.282, 232.035, 177.789, 217.152, 291.159];
HighestPossibleCritFunctionValue = 1.1;
