NumDevices = 32;
NumSlotes = 256;


GivenBandwidthOld = [0.0190706, 0.0291476, 0.0186547, 0.0152576, 0.0189341, 0.0351267, 0.0336712, 0.021276, 0.0201042, 0.0259505, 0.0345681, 0.0203494, 0.021853, 0.0184787, 0.0322921, 0.0177698, 0.0175604, 0.0219546, 0.026451, 0.0217004, 0.0279386, 0.0232667, 0.027796, 0.0270349, 0.0356068, 0.0286665, 0.032784, 0.0359232, 0.0204993, 0.0167177, 0.0348188, 0.0340451];
GivenLatency = [100.438, 76.5343, 108.021, 119.982, 128.587, 48.1199, 63.8579, 79.8934, 85.5153, 66.7559, 61.1622, 88.7326, 76.4287, 110.976, 55.1412, 131.118, 113.375, 97.0089, 65.9256, 82.7546, 81.3913, 88.273, 72.4246, 65.8889, 62.5324, 63.9066, 70.4001, 59.718, 100.819, 138.696, 57.3079, 57.1277];
HighestPossibleCritFunctionValue = 1.1;
