NumDevices = 128;
NumSlotes = 1024;


GivenBandwidthOld = [0.00515871, 0.00495271, 0.0051682, 0.0082138, 0.00806857, 0.00474172, 0.00908671, 0.00408964, 0.00576607, 0.0065858, 0.00879093, 0.00796605, 0.00669267, 0.00488912, 0.00513317, 0.0069625, 0.00877871, 0.00874348, 0.00422287, 0.00748834, 0.00903436, 0.00542759, 0.00530225, 0.00497594, 0.00806139, 0.00906595, 0.00523911, 0.00617605, 0.00955068, 0.00820624, 0.00597704, 0.00864806, 0.00676518, 0.00494547, 0.00853405, 0.00924193, 0.00656075, 0.00645111, 0.00752913, 0.00710488, 0.0080408, 0.00668083, 0.00600679, 0.00862999, 0.00924581, 0.00939004, 0.00844063, 0.00794776, 0.00543391, 0.00515062, 0.00653934, 0.00925186, 0.00479563, 0.00886227, 0.00685948, 0.0085665, 0.00471208, 0.00468518, 0.00875921, 0.00601623, 0.00472882, 0.00477275, 0.00567259, 0.00430277, 0.00661456, 0.00468311, 0.00525871, 0.00439565, 0.00514481, 0.00880668, 0.00382442, 0.00457912, 0.00749173, 0.00979598, 0.00609432, 0.00477458, 0.005161, 0.00597048, 0.00457522, 0.00439218, 0.00939221, 0.00742942, 0.00618319, 0.00468251, 0.00767756, 0.00807074, 0.00992929, 0.00907175, 0.00884591, 0.00700121, 0.00932159, 0.00790419, 0.00439396, 0.00810532, 0.00988499, 0.00824162, 0.00686289, 0.00955661, 0.00796011, 0.00686038, 0.00491156, 0.00739885, 0.00497783, 0.00858459, 0.00874559, 0.00839095, 0.00428225, 0.00550235, 0.00549992, 0.00844578, 0.00691818, 0.00758998, 0.00486343, 0.00463691, 0.00385113, 0.00976169, 0.00475897, 0.00532027, 0.00783603, 0.00889217, 0.00948853, 0.00748764, 0.00973928, 0.00939919, 0.00599371, 0.00747868, 0.00913768, 0.00454473];
GivenLatency = [908.064, 861.145, 693.693, 479.027, 479.845, 910.277, 414.708, 924.322, 755.982, 578.977, 400.119, 589.343, 559.256, 807.218, 883.067, 567.483, 459.635, 384.228, 976.041, 455.519, 395.801, 630.396, 832.847, 764.102, 555.563, 488.931, 744.236, 657.54, 437.678, 606.104, 586.452, 548.778, 738.52, 834.789, 481.236, 373.064, 588.075, 589.585, 525.634, 690.31, 620.698, 665.296, 722.144, 422.167, 471.551, 466.37, 414.158, 545.528, 913.613, 792.402, 535.322, 538.649, 932.387, 385.952, 612.708, 474.434, 912.126, 996.944, 425.558, 633.598, 947.045, 704.308, 657.065, 1140.97, 523.817, 838.107, 637.455, 977.233, 829.29, 441.03, 1138.39, 745.933, 455.253, 458.947, 666.708, 804.319, 659.43, 795.877, 1078.19, 815.907, 411.578, 653.992, 806.894, 738.815, 632.311, 458.964, 475.885, 381.729, 397.707, 649.719, 519.548, 489.762, 803.244, 466.957, 476.284, 517.782, 727.434, 366.773, 600.417, 557.678, 738.475, 498.714, 780.983, 497.564, 398.071, 398.161, 1163.76, 778.584, 694.018, 488.572, 525.141, 472.9, 911.854, 844.982, 955.74, 376.508, 725.259, 642.623, 479.051, 427.742, 411.537, 654.766, 417.116, 524.998, 602.057, 543.801, 500.113, 775.66];
HighestPossibleCritFunctionValue = 1.1;
