NumDevices = 128;
NumSlotes = 1024;


GivenBandwidthOld = [0.0054624, 0.00402884, 0.00526847, 0.0046402, 0.00535461, 0.007372, 0.0037737, 0.00704645, 0.00724907, 0.00756502, 0.0078038, 0.00588949, 0.00707693, 0.00454054, 0.00537498, 0.00471727, 0.00573306, 0.00807678, 0.00399073, 0.00475821, 0.00377012, 0.00689603, 0.00410914, 0.00474471, 0.00676338, 0.00468196, 0.0071649, 0.00796772, 0.00591837, 0.00746761, 0.00566509, 0.00567501, 0.0073274, 0.00418448, 0.00601173, 0.00661912, 0.00500624, 0.00732695, 0.00650646, 0.00652236, 0.0037958, 0.00858756, 0.00869252, 0.00769151, 0.00863685, 0.00695964, 0.0082451, 0.00790042, 0.00489589, 0.00780211, 0.00756167, 0.00644893, 0.00463067, 0.00516972, 0.00505461, 0.00529458, 0.00844183, 0.00438776, 0.00764191, 0.00511901, 0.00770398, 0.00837086, 0.00659066, 0.0067993, 0.00842276, 0.00377562, 0.00428182, 0.00706394, 0.00610016, 0.00784691, 0.00557845, 0.00445797, 0.00761147, 0.00855378, 0.00594308, 0.00785326, 0.00718608, 0.00393525, 0.00729026, 0.00489754, 0.00548038, 0.00621095, 0.00489508, 0.00416822, 0.00781552, 0.00797542, 0.0054616, 0.00566763, 0.00829886, 0.00645612, 0.00555614, 0.00448046, 0.005556, 0.00724243, 0.00601011, 0.00434449, 0.00541838, 0.00422528, 0.00684946, 0.00634683, 0.00869502, 0.00474662, 0.0039145, 0.00849254, 0.00660874, 0.00564216, 0.00536802, 0.00775301, 0.00730073, 0.00587514, 0.0059274, 0.00433565, 0.00672116, 0.00504639, 0.00719633, 0.0062856, 0.0045763, 0.00640159, 0.00402306, 0.00812143, 0.0043566, 0.00394534, 0.00689422, 0.00860066, 0.00874279, 0.00754259, 0.00579045, 0.00756687];
GivenLatency = [234.661, 242.974, 214.676, 237.681, 179.854, 134.935, 256.304, 158.553, 178.145, 133.123, 123.205, 196.024, 142.379, 240.899, 201.146, 261.448, 217.19, 142.623, 263.507, 248.729, 269.392, 166.232, 315.125, 204.224, 178.212, 275.77, 151.523, 149.606, 191.104, 161.549, 173.045, 173.665, 141.384, 276.14, 165.467, 147.8, 191.127, 174.814, 148.939, 157.556, 303.531, 140.985, 111.146, 135.526, 130.934, 177.005, 132.805, 133.21, 233.355, 127.026, 144.046, 160.467, 219.365, 199.885, 214.514, 188.701, 134.921, 245.861, 156.509, 208.723, 128.463, 117.886, 184.808, 185.885, 115.119, 283.484, 234.744, 163.789, 161.056, 128.792, 180.18, 239.462, 149.294, 135.111, 195.878, 146.811, 133.793, 271.867, 133.974, 246.567, 174.849, 162.74, 239.806, 301.602, 125.317, 153.275, 192.264, 187.076, 137.019, 169.711, 204.797, 262.448, 203.425, 152.274, 172.807, 237.01, 227.414, 241.106, 155.846, 188.122, 115.435, 268.522, 320.046, 122.795, 146.548, 215.81, 225.838, 163.17, 170.934, 167.093, 163.859, 223.741, 177.611, 230.662, 173.063, 175.682, 267.783, 170.072, 261.052, 159.736, 253.093, 319.731, 138.695, 124.401, 120.706, 170.806, 187.097, 151.462];
HighestPossibleCritFunctionValue = 1.1;
