NumDevices = 128;
NumSlotes = 1024;


GivenBandwidthOld = [0.0092159, 0.00657174, 0.00377136, 0.00643935, 0.00998639, 0.00618837, 0.00412007, 0.00474537, 0.00797621, 0.00870661, 0.0094655, 0.00793841, 0.00462345, 0.00877017, 0.00892793, 0.00430628, 0.00943893, 0.00502813, 0.00395877, 0.00630611, 0.00801891, 0.00749649, 0.00842416, 0.00607723, 0.00492944, 0.00776933, 0.00656609, 0.00873165, 0.00527059, 0.00411618, 0.0080951, 0.00685337, 0.00589222, 0.0080031, 0.0042957, 0.00657881, 0.00388923, 0.0063079, 0.00682055, 0.00422329, 0.00826779, 0.00923722, 0.00873786, 0.00963449, 0.0044394, 0.00922857, 0.00711412, 0.00705618, 0.00822536, 0.00859249, 0.00393469, 0.00777702, 0.00469781, 0.00857056, 0.00409953, 0.0095052, 0.00633997, 0.00837915, 0.00580323, 0.00605581, 0.00756999, 0.00637172, 0.00452703, 0.00705544, 0.00832687, 0.00850062, 0.0099558, 0.00460459, 0.0044201, 0.00979607, 0.00756255, 0.00626364, 0.00671945, 0.00498523, 0.00795895, 0.00613554, 0.00996222, 0.0062003, 0.00468893, 0.00931979, 0.0089173, 0.00683214, 0.00527822, 0.00729968, 0.00699865, 0.00375748, 0.00444604, 0.00833392, 0.00817005, 0.00395908, 0.0052538, 0.00930246, 0.00513109, 0.00944302, 0.00511877, 0.00869906, 0.00752507, 0.00759618, 0.00895717, 0.00819011, 0.00993339, 0.0092432, 0.00921386, 0.00984512, 0.00696147, 0.0039366, 0.00866351, 0.00394715, 0.00472695, 0.00467154, 0.00459607, 0.00494539, 0.00710016, 0.00987492, 0.00772065, 0.00726381, 0.00416165, 0.00979496, 0.00762905, 0.00517889, 0.00666404, 0.00495779, 0.00937144, 0.00831797, 0.00895216, 0.00515496, 0.0043441, 0.00745395];
GivenLatency = [457.213, 686.776, 974.513, 645.822, 432.805, 595.111, 839.08, 902.792, 553.462, 386.405, 459.773, 577.001, 800.338, 477.612, 484.148, 1118.61, 393.211, 728.89, 929.098, 537.372, 438.342, 491.207, 509.741, 677.277, 757.743, 479.4, 705.483, 461.365, 753.942, 1017.02, 571.21, 638.868, 782.335, 571.794, 895.18, 617.307, 896.221, 710.151, 631.49, 936.595, 570.286, 391.064, 444.144, 448.517, 755.676, 507.65, 482.142, 506.609, 541.117, 563.555, 1047.71, 452.802, 874.108, 403.293, 1177.55, 350.729, 582.185, 452.767, 760.823, 552.94, 504.096, 639.933, 1027.87, 599.092, 504.626, 587.825, 498.323, 756.035, 791.782, 427.658, 592.231, 556.142, 522.178, 872.901, 505.749, 784.173, 456.052, 797.698, 955.86, 478.752, 546.079, 585.784, 672.706, 561.662, 672.413, 1257.93, 762.277, 564.859, 454.07, 956.424, 645.164, 414.08, 831.645, 507.972, 960.944, 455.11, 564.223, 461.412, 376.605, 514.431, 354.554, 532.366, 487.82, 348.899, 631.712, 1162.33, 468.837, 1047.84, 1057.09, 871.747, 877.299, 755.384, 531.026, 397.686, 551.723, 631.261, 922.462, 496.562, 587.419, 781.961, 518.034, 680.897, 425.981, 578.371, 462.198, 791.116, 1072.48, 529.163];
HighestPossibleCritFunctionValue = 1.1;
