NumDevices = 128;
NumSlotes = 1024;


GivenBandwidthOld = [0.00862327, 0.00880045, 0.00534846, 0.00648897, 0.00641704, 0.00998351, 0.00778604, 0.00620296, 0.00571266, 0.00888564, 0.00598745, 0.00852217, 0.00962735, 0.00930326, 0.00616146, 0.0081875, 0.00976738, 0.00664681, 0.00926449, 0.00459299, 0.00932177, 0.00474135, 0.00904661, 0.00509719, 0.00854609, 0.00535821, 0.00793243, 0.00409951, 0.00914059, 0.00957326, 0.0066162, 0.0071902, 0.00451214, 0.0068089, 0.00843066, 0.00916703, 0.00408414, 0.00707158, 0.00459759, 0.00539556, 0.00450653, 0.0062919, 0.00665215, 0.00515479, 0.00784171, 0.0043302, 0.0051086, 0.00644621, 0.0065077, 0.00868848, 0.00475095, 0.00797873, 0.00726978, 0.00437288, 0.00991779, 0.00957856, 0.00817964, 0.00903183, 0.00668579, 0.00804487, 0.00630508, 0.00941701, 0.00549428, 0.00739179, 0.00500317, 0.00960757, 0.00823882, 0.00990345, 0.00602497, 0.00796361, 0.00940476, 0.00574221, 0.00556851, 0.00492982, 0.00796077, 0.00542051, 0.00496955, 0.00689511, 0.00736113, 0.00858491, 0.00788072, 0.00375453, 0.00491432, 0.00994187, 0.00806681, 0.00628791, 0.00839248, 0.00493004, 0.00548787, 0.00595129, 0.0070431, 0.0071819, 0.0087395, 0.00602522, 0.00595056, 0.0073527, 0.00435098, 0.00441712, 0.00971318, 0.00812177, 0.00515558, 0.00861274, 0.00674122, 0.00838584, 0.00587523, 0.0099228, 0.00617525, 0.00867458, 0.00865041, 0.00869835, 0.00809103, 0.00719993, 0.00543162, 0.00428645, 0.00731142, 0.00432793, 0.00448083, 0.0054816, 0.00683703, 0.00622422, 0.00677065, 0.0093922, 0.00721894, 0.0061388, 0.00862188, 0.00410558, 0.00496185, 0.00879567];
GivenLatency = [479.493, 427.107, 745.566, 529.958, 634.706, 487.568, 625.607, 726.904, 654.822, 511.986, 561.727, 460.464, 390.475, 419.273, 757.817, 606.602, 425.342, 705.978, 401.794, 803.22, 419.792, 855.034, 408.481, 859.042, 467.328, 764.88, 449.161, 878.597, 420.532, 377.163, 752.903, 493.282, 927.734, 512.469, 458.025, 533.586, 1066.34, 529.861, 1029.78, 884.803, 1007.28, 709.545, 523.118, 666.416, 550.974, 795.486, 900.646, 568.333, 563.244, 409.067, 984.358, 562.54, 489.944, 1108.27, 358.62, 465.227, 417.734, 413.2, 609.093, 436.992, 584.858, 447.511, 675.829, 462.951, 957.485, 458.69, 408.261, 419.293, 560.84, 435.725, 357.555, 743.755, 776.995, 721.53, 540.426, 617.476, 767.552, 668.739, 530.293, 447.758, 614.54, 1042.11, 787.915, 361.933, 537.294, 725.922, 415.912, 903.964, 663.903, 609.768, 626.412, 490.913, 536.091, 594.144, 578.566, 464.037, 888.881, 759.056, 383.598, 431.706, 675.472, 579.773, 663.064, 437.934, 803.014, 337.855, 745.048, 538.754, 444.368, 561.523, 589.943, 491.277, 727.508, 862.932, 507.907, 794.461, 827.582, 816.456, 595.578, 600.952, 731.749, 473.057, 520.176, 618.982, 534.546, 1081.88, 717.754, 497.874];
HighestPossibleCritFunctionValue = 1.1;
