NumDevices = 16;
NumSlotes = 128;


GivenBandwidthOld = [0.0355572, 0.0693517, 0.0533777, 0.0589809, 0.0325534, 0.0642695, 0.0377307, 0.0394705, 0.0409048, 0.0673177, 0.0685112, 0.0471409, 0.0368593, 0.0336119, 0.0557078, 0.0601839];
GivenLatency = [25.2202, 15.8788, 16.4347, 17.5807, 28.3245, 13.8005, 28.0742, 26.0807, 18.8611, 12.6582, 13.6593, 17.4221, 26.0526, 24.6645, 16.9198, 16.9264];
HighestPossibleCritFunctionValue = 1.1;
