NumDevices = 64;
NumSlotes = 512;


GivenBandwidthOld = [0.0106538, 0.0140944, 0.00950683, 0.0162398, 0.0170783, 0.0107565, 0.00989499, 0.0100234, 0.00899839, 0.0109054, 0.0123732, 0.011221, 0.01586, 0.0133684, 0.0174458, 0.0168969, 0.0116654, 0.0146752, 0.0111146, 0.00845606, 0.0160368, 0.0162949, 0.013219, 0.0159312, 0.0108538, 0.0153427, 0.0101834, 0.007662, 0.010314, 0.0120471, 0.0109973, 0.017127, 0.00860749, 0.0111487, 0.0103857, 0.0171808, 0.0128823, 0.00815856, 0.0158591, 0.00824252, 0.0169934, 0.0136028, 0.00772839, 0.0160908, 0.0130744, 0.0162672, 0.00777585, 0.0137173, 0.0109528, 0.00913609, 0.0152199, 0.0152376, 0.0133568, 0.0134292, 0.00934432, 0.0150555, 0.0128668, 0.0173671, 0.0139519, 0.0143555, 0.00849996, 0.0138027, 0.0168777, 0.00833261];
GivenLatency = [103.205, 82.3926, 116.642, 70.4565, 65.3713, 85.1466, 123.244, 119.701, 111.489, 95.0808, 94.8746, 97.7329, 60.1034, 68.7468, 64.1568, 55.5978, 86.0064, 69.0002, 82.6679, 133.108, 60.1322, 57.2441, 79.0645, 65.6504, 94.6446, 76.575, 118.22, 162.261, 97.6159, 79.2987, 87.2973, 57.2779, 110.703, 101.462, 101.051, 71.3061, 95.526, 122.903, 57.7688, 123.321, 63.4355, 73.5519, 121.248, 74.2283, 77.456, 62.044, 139.545, 68.8755, 86.4599, 122.938, 80.248, 62.0855, 79.542, 74.2551, 104.352, 76.4713, 77.1789, 71.6435, 76.5995, 65.2214, 109.576, 78.372, 70.9766, 129.087];
HighestPossibleCritFunctionValue = 1.1;
