NumDevices = 128;
NumSlotes = 1024;


GivenBandwidthOld = [0.00619454, 0.00789538, 0.00635481, 0.00786692, 0.00936087, 0.00570342, 0.00981137, 0.00837107, 0.00750643, 0.00673041, 0.00794859, 0.00693582, 0.00404684, 0.00515862, 0.00962007, 0.00576111, 0.00440005, 0.00416221, 0.00671693, 0.00643375, 0.00953615, 0.00784161, 0.00886573, 0.00886188, 0.00665532, 0.00846318, 0.00561553, 0.0077542, 0.00851749, 0.00596774, 0.00850397, 0.00375527, 0.00490471, 0.00478064, 0.0069357, 0.00823283, 0.00910544, 0.00635647, 0.00450506, 0.00661036, 0.00915079, 0.00612552, 0.00408629, 0.00584152, 0.00595762, 0.00728035, 0.00702916, 0.00406942, 0.00968333, 0.00644583, 0.00632071, 0.00964617, 0.00701358, 0.00471148, 0.00703619, 0.0096661, 0.00439707, 0.00407056, 0.00386825, 0.00999224, 0.0045646, 0.00731425, 0.00808203, 0.00597041, 0.009636, 0.00472527, 0.00766351, 0.00929187, 0.00845147, 0.00883415, 0.00924813, 0.00457701, 0.00959042, 0.00748621, 0.00445524, 0.00668347, 0.00663724, 0.00467199, 0.00589852, 0.00766094, 0.00998608, 0.00725222, 0.00935476, 0.00912862, 0.00846629, 0.00799674, 0.00991068, 0.00882348, 0.00491881, 0.00425684, 0.00968044, 0.00790463, 0.00567998, 0.00959152, 0.00724973, 0.00495365, 0.00843579, 0.00785713, 0.00722107, 0.00444625, 0.00567074, 0.00443835, 0.00412824, 0.00460926, 0.00777736, 0.00412618, 0.00749063, 0.00381851, 0.00524185, 0.00852928, 0.00409829, 0.00748049, 0.00835823, 0.00433165, 0.00446054, 0.00831247, 0.00385784, 0.00379021, 0.00457934, 0.00496097, 0.00651924, 0.00891103, 0.00766696, 0.00489161, 0.00948131, 0.00480893, 0.00738435, 0.00503107];
GivenLatency = [544.819, 426.485, 529.291, 611.568, 448.527, 595.541, 391.156, 449.303, 467.144, 512.262, 624.608, 544.256, 1004.48, 687.257, 422.982, 620.457, 768.152, 1080.25, 668.824, 576.319, 401.676, 522.472, 450.908, 467.71, 555.094, 570.47, 692.973, 436.643, 484.621, 823.624, 549.438, 957.949, 866.522, 836.791, 607.648, 511.159, 375.808, 524.477, 877.615, 624.988, 510.834, 683.426, 1093.17, 674.485, 785.02, 533.478, 568.571, 989.296, 391.114, 639.144, 620.388, 359.865, 525.137, 728.585, 613.897, 393.801, 1062.81, 1147.65, 1288.89, 341.975, 1071.4, 553.513, 445.21, 699.929, 497.533, 764.202, 630.403, 487.556, 574.837, 565.58, 506.981, 941.227, 432.24, 646.765, 1038.53, 583.793, 642.686, 797.528, 603.668, 469.314, 498.083, 572.743, 513.732, 537.975, 493.15, 439.075, 449.082, 441.842, 809.537, 825.969, 454.198, 574.664, 739.544, 507.767, 562.227, 955.485, 533.086, 458.466, 615.803, 1055.85, 616.699, 1008.22, 837.544, 1028.44, 543.596, 1154.84, 634.107, 1214.38, 752.167, 441.54, 1176.6, 572.167, 418.679, 1121.88, 1059.36, 417.337, 957.42, 1138.19, 857.812, 856.872, 654.699, 401.339, 451.915, 767.225, 465.892, 849.394, 544.63, 829.463];
HighestPossibleCritFunctionValue = 1.1;
