NumDevices = 16;
NumSlotes = 128;


GivenBandwidthOld = [0.0342499, 0.05737, 0.0376415, 0.0608604, 0.0511095, 0.0681163, 0.0505662, 0.035744, 0.0689093, 0.0788828, 0.053374, 0.0771141, 0.0768611, 0.074646, 0.0451298, 0.0670801];
GivenLatency = [55.0612, 24.3123, 49.5487, 26.6313, 31.4836, 22.5218, 32.731, 52.9862, 23.8398, 22.8703, 29.6591, 24.8783, 20.8323, 23.7739, 31.2384, 22.2645];
HighestPossibleCritFunctionValue = 1.1;
