NumDevices = 16;
NumSlotes = 128;


GivenBandwidthOld = [0.0551794, 0.0602642, 0.0408803, 0.0554754, 0.0344084, 0.0416342, 0.0461571, 0.0629379, 0.0578211, 0.0595717, 0.0408356, 0.0636217, 0.0305454, 0.0367164, 0.0323557, 0.0619163];
GivenLatency = [16.9408, 17.0019, 21.4271, 17.0048, 22.386, 21.8315, 20.5988, 12.5422, 14.692, 17.9202, 21.4801, 14.8216, 29.6741, 25.681, 27.929, 16.4019];
HighestPossibleCritFunctionValue = 1.1;
