NumDevices = 128;
NumSlotes = 1024;


GivenBandwidthOld = [0.00855599, 0.00933819, 0.00576203, 0.00744151, 0.00943557, 0.00484814, 0.00401603, 0.00622682, 0.00663833, 0.00418252, 0.00443793, 0.00947122, 0.00409044, 0.00685035, 0.00504679, 0.0051712, 0.0086166, 0.00911644, 0.00996732, 0.00451756, 0.00419448, 0.00529592, 0.0047948, 0.00742566, 0.00548169, 0.00827914, 0.00620591, 0.00524634, 0.00891213, 0.00749202, 0.00835587, 0.00843047, 0.00591547, 0.00506583, 0.00639541, 0.00891715, 0.00433719, 0.00392558, 0.00476803, 0.00756972, 0.00797178, 0.00924443, 0.00484833, 0.00708412, 0.0090061, 0.00559223, 0.00988393, 0.00918438, 0.00807775, 0.00896209, 0.00954807, 0.00822469, 0.0098119, 0.00487164, 0.00507335, 0.0077136, 0.00743312, 0.00590782, 0.00770359, 0.00793741, 0.00650899, 0.00535583, 0.00543954, 0.00603576, 0.00802657, 0.00504945, 0.00604364, 0.00914258, 0.0056412, 0.00787699, 0.00981003, 0.00469328, 0.0075275, 0.00467126, 0.00609835, 0.00376254, 0.00829905, 0.00962207, 0.00821546, 0.00477891, 0.00917731, 0.00799318, 0.00645126, 0.00375906, 0.00606939, 0.00450473, 0.00732482, 0.00454535, 0.00870366, 0.00996455, 0.0079043, 0.00624363, 0.00791733, 0.00650782, 0.00446717, 0.00723986, 0.00782331, 0.0076171, 0.0043004, 0.00437588, 0.00413114, 0.00965007, 0.00990143, 0.00951808, 0.00407713, 0.00802142, 0.00602179, 0.00451748, 0.00906586, 0.00991454, 0.00491729, 0.00995492, 0.00853282, 0.00736847, 0.00679676, 0.00447646, 0.00710025, 0.0050884, 0.00446492, 0.00698653, 0.00636975, 0.00893856, 0.0078784, 0.0084781, 0.00637319, 0.00414008, 0.00985115, 0.00830958];
GivenLatency = [519.274, 372.22, 706.053, 636.489, 428.498, 883.704, 1218.84, 570, 695.295, 964.765, 921.444, 360.795, 816.341, 598.367, 799.007, 721.361, 503.733, 410.506, 448.914, 746.599, 822.813, 916.773, 742.312, 483.571, 798.452, 459.438, 678.731, 837.07, 499.831, 469.775, 575.15, 429.95, 779.11, 908.42, 548.339, 518.446, 847.062, 1063.74, 808.727, 595.171, 590.147, 490.438, 912.843, 593.852, 389.624, 620.499, 395.958, 373.987, 617.451, 455.36, 382.807, 444.28, 425.841, 851.577, 726.212, 495.334, 649.068, 824.994, 505.076, 474.488, 537.52, 705.57, 663.935, 663.066, 524.534, 752.512, 633.528, 518.127, 832.367, 514.589, 361.181, 813.774, 482.814, 865.674, 645.008, 894.289, 491.498, 500.066, 454.798, 1027.76, 533.117, 611.154, 540.652, 960.899, 553.656, 872.863, 459.18, 1026.85, 495.991, 369.865, 492.199, 717.829, 606.608, 550.971, 977.312, 498.099, 560.945, 573.41, 1129, 770.887, 959.396, 423.439, 343.622, 469.155, 868.978, 588.962, 654.46, 954.655, 436.468, 399.395, 709.879, 464.444, 522.858, 528.624, 571.934, 850.624, 553.698, 709.198, 796.19, 696.687, 615.97, 381.741, 522.603, 443.518, 697.035, 889.897, 398.88, 568.944];
HighestPossibleCritFunctionValue = 1.1;
