NumDevices = 64;
NumSlotes = 512;


GivenBandwidthOld = [0.0168591, 0.0155143, 0.01338, 0.0134864, 0.0114369, 0.0153676, 0.00799422, 0.0137974, 0.00799541, 0.0139264, 0.0152943, 0.0154787, 0.0159146, 0.0108473, 0.0158042, 0.0167775, 0.0151241, 0.0163756, 0.00917092, 0.0107087, 0.0169149, 0.013721, 0.0143088, 0.0138387, 0.0114241, 0.00978555, 0.0106971, 0.0118343, 0.0149215, 0.0107115, 0.0131313, 0.0132983, 0.00996958, 0.0137707, 0.00916981, 0.0119518, 0.0095057, 0.0173377, 0.00964318, 0.00789446, 0.0172694, 0.011247, 0.0131508, 0.00968923, 0.0118863, 0.00812752, 0.0142715, 0.0168209, 0.0134123, 0.0160123, 0.0137955, 0.0152035, 0.00980168, 0.0118866, 0.0135315, 0.0084835, 0.0171837, 0.0121554, 0.0111344, 0.0107344, 0.00857008, 0.0123114, 0.0124689, 0.0102823];
GivenLatency = [70.2006, 65.173, 68.6787, 78.0875, 85.4932, 61.7506, 156.14, 89.2165, 137.65, 76.245, 75.9856, 74.0116, 74.1572, 96.3861, 57.8785, 65.168, 81.6381, 72.0485, 118.669, 116.301, 71.8592, 79.012, 76.5678, 80.9971, 96.2758, 94.1889, 95.7888, 104.549, 79.0535, 85.3304, 70.2076, 78.9563, 103.54, 88.2022, 136.091, 90.9071, 124.876, 62.3482, 126.865, 143.112, 62.1429, 81.1524, 70.5365, 100.048, 77.9803, 146.616, 74.481, 64.0079, 84.2071, 70.5253, 76.9801, 75.8564, 101.03, 88.1085, 71.1584, 121.345, 68.2577, 95.3395, 94.2109, 92.2829, 143.324, 74.9353, 85.4941, 118.81];
HighestPossibleCritFunctionValue = 1.1;
