NumDevices = 32;
NumSlotes = 256;


GivenBandwidthOld = [0.0370021, 0.0293953, 0.0313284, 0.0209396, 0.0164925, 0.0249938, 0.0313715, 0.0203818, 0.0164871, 0.033829, 0.0233116, 0.0334566, 0.0398242, 0.0346215, 0.0186516, 0.037773, 0.0350846, 0.0263853, 0.0185552, 0.017586, 0.0274308, 0.0388736, 0.0329187, 0.0237398, 0.0294562, 0.0306093, 0.0361739, 0.0352881, 0.0226656, 0.0265473, 0.015742, 0.0350371];
GivenLatency = [53.6735, 56.7092, 66.064, 80.774, 122.341, 79.7932, 57.4586, 87.6326, 137.223, 50.1605, 93.2257, 74.1923, 45.8318, 64.7566, 100.473, 65.2705, 48.5532, 70.8953, 126.189, 101.222, 70.7185, 62.3539, 72.5646, 74.6018, 60.7934, 68.0906, 48.1263, 55.6545, 76.4177, 75.5582, 121.994, 52.8691];
HighestPossibleCritFunctionValue = 1.1;
