NumDevices = 128;
NumSlotes = 1024;


GivenBandwidthOld = [0.00546977, 0.00791949, 0.005301, 0.00883002, 0.00857794, 0.00946352, 0.00579735, 0.00736667, 0.00783062, 0.00548977, 0.00662725, 0.00542594, 0.00880513, 0.00912296, 0.00717741, 0.00830387, 0.00932354, 0.00946179, 0.00800864, 0.0099181, 0.00845581, 0.0068731, 0.00621853, 0.00485346, 0.00593128, 0.00819202, 0.00452121, 0.00924192, 0.00644966, 0.00818663, 0.00765609, 0.00963957, 0.00857582, 0.00507888, 0.00701727, 0.00424391, 0.00498245, 0.00509275, 0.00885802, 0.00423162, 0.00466952, 0.00819273, 0.00396826, 0.00956974, 0.00991906, 0.00584614, 0.00850359, 0.00982449, 0.00402053, 0.00680499, 0.00522198, 0.00588323, 0.00694752, 0.00692742, 0.00659593, 0.0039905, 0.00827369, 0.00840911, 0.00939242, 0.00469722, 0.00495263, 0.00385724, 0.00606217, 0.00820457, 0.00922806, 0.00474465, 0.00830743, 0.00674882, 0.00500282, 0.00989735, 0.00981415, 0.0051978, 0.00565044, 0.00699416, 0.00966791, 0.0098707, 0.00565047, 0.00750635, 0.00549404, 0.00951651, 0.00893504, 0.00504224, 0.00375429, 0.00704261, 0.00513786, 0.0044964, 0.0048125, 0.00485669, 0.00394306, 0.00473477, 0.00484105, 0.00983657, 0.00701009, 0.00851728, 0.00863923, 0.00824457, 0.00641677, 0.00536502, 0.00987092, 0.00933474, 0.00392012, 0.00669946, 0.00656611, 0.00911206, 0.00507921, 0.00625737, 0.00760808, 0.00892091, 0.00492717, 0.00716547, 0.00761384, 0.00587974, 0.0045558, 0.00940575, 0.00995258, 0.00683264, 0.00743844, 0.00780682, 0.00547788, 0.00668924, 0.00986936, 0.00812555, 0.00606463, 0.00573383, 0.00842151, 0.00528843, 0.00396356, 0.00552645];
GivenLatency = [880.331, 423.409, 730.132, 527.277, 452.968, 458.282, 586.177, 550.504, 465.61, 622.058, 538.535, 720.199, 486.038, 532.661, 624.284, 510.68, 446.75, 503.923, 507.926, 445.71, 429.54, 601.009, 787.985, 916.909, 568.539, 504.018, 895.405, 524.508, 558.272, 489.211, 601.632, 468.636, 449.747, 676.006, 672.151, 1061.15, 842.672, 878.143, 478.399, 1179.16, 744.199, 449.29, 884.604, 409.079, 468.788, 654.257, 509.823, 395.198, 905.242, 539.39, 667.381, 571.09, 713.624, 620.537, 568.478, 844.697, 569.356, 466.245, 472.722, 835.13, 809.21, 997.881, 762.133, 519.507, 434.858, 835.117, 417.165, 714.364, 910.305, 442.451, 485.665, 774.816, 782.881, 528.52, 394.943, 459.32, 747.8, 464.785, 706.728, 364.247, 539.856, 979.53, 902.411, 516.218, 660.866, 790.604, 750.221, 943.737, 854.522, 743.596, 723.381, 392.821, 630.402, 578.946, 564.193, 469.612, 672.615, 912.093, 442.882, 437.882, 866.438, 550.362, 517.12, 475.124, 973.931, 635.394, 591.262, 459.468, 676.781, 523.433, 446.667, 576.846, 982.938, 382.063, 425.091, 522.182, 575.665, 439.155, 663.479, 603.31, 342.376, 595.431, 773.234, 674.81, 489.786, 668.042, 881.338, 606.941];
HighestPossibleCritFunctionValue = 1.1;
