NumDevices = 32;
NumSlotes = 256;


GivenBandwidthOld = [0.0182217, 0.0221151, 0.0192205, 0.0283524, 0.0280708, 0.0155918, 0.0207522, 0.0330029, 0.0300149, 0.0310704, 0.0294782, 0.0302943, 0.0264579, 0.0272784, 0.0177402, 0.0288756, 0.0224547, 0.0260605, 0.0295099, 0.0227385, 0.0157838, 0.0290064, 0.0202072, 0.0321926, 0.0313357, 0.0291544, 0.0282371, 0.0301641, 0.0176559, 0.0330223, 0.016385, 0.0330966];
GivenLatency = [54.5423, 52.7773, 43.8904, 38.518, 37.1151, 72.1172, 41.4653, 26.2814, 35.5153, 33.4128, 33.5483, 28.6172, 38.8458, 39.0644, 60.1363, 29.3582, 37.3019, 40.1529, 34.7065, 51.3132, 55.5332, 35.635, 55.7825, 27.2796, 27.252, 39.7533, 30.9113, 32.5482, 49.8932, 26.4263, 63.2617, 35.3315];
HighestPossibleCritFunctionValue = 1.1;
