NumDevices = 64;
NumSlotes = 512;


GivenBandwidthOld = [0.0159637, 0.0192035, 0.00897104, 0.0187106, 0.0120339, 0.00831701, 0.0140022, 0.0152854, 0.0186646, 0.0132695, 0.0131047, 0.0176464, 0.0122813, 0.0173212, 0.0106923, 0.00978851, 0.00791742, 0.0105506, 0.015696, 0.019661, 0.00943731, 0.0179449, 0.0180352, 0.0103106, 0.00819413, 0.0113076, 0.0140651, 0.00919759, 0.0139324, 0.0166604, 0.0171262, 0.00787498, 0.00981797, 0.0156311, 0.0173838, 0.011348, 0.0182247, 0.0197038, 0.0159338, 0.0173023, 0.0172421, 0.0177559, 0.0151656, 0.0176058, 0.0181256, 0.0169818, 0.0178184, 0.0159202, 0.0133508, 0.0163742, 0.0185561, 0.0147707, 0.018098, 0.0161956, 0.0177477, 0.015235, 0.00976711, 0.0108932, 0.0118308, 0.00842737, 0.0187932, 0.0128303, 0.019375, 0.0161256];
GivenLatency = [156.123, 169.602, 341.945, 124.738, 191.64, 315.111, 227.985, 213.018, 132.256, 199.815, 182.642, 137.855, 192.657, 172.447, 248.281, 315.852, 285.984, 304.949, 173, 149.253, 352.092, 145.71, 146.732, 303.255, 287.591, 221.102, 194.88, 359.839, 192.348, 155.079, 182.4, 343.597, 267.068, 186.356, 188.044, 236.601, 154.53, 133.461, 166.305, 135.937, 157.578, 152.863, 184.278, 135.306, 135.766, 135.562, 133.337, 146.811, 206.35, 171.642, 173.507, 190.04, 141.978, 197.46, 145.843, 176.466, 241.924, 273.695, 202.781, 340.027, 140.756, 200.102, 143.177, 140.475];
HighestPossibleCritFunctionValue = 1.1;
