NumDevices = 128;
NumSlotes = 1024;


GivenBandwidthOld = [0.00410687, 0.00413992, 0.00344103, 0.00397692, 0.00136041, 0.00374118, 0.00177445, 0.00311033, 0.00222112, 0.00418728, 0.0025148, 0.00250403, 0.00281117, 0.00225963, 0.00139488, 0.00186392, 0.00375828, 0.00162458, 0.00310735, 0.00207391, 0.00179531, 0.0037755, 0.00361655, 0.00401142, 0.00311571, 0.00198663, 0.00365511, 0.00201589, 0.00172799, 0.00365527, 0.00165164, 0.00168276, 0.00280768, 0.00298568, 0.00407576, 0.00316065, 0.00422405, 0.00172963, 0.00309281, 0.00151809, 0.00396247, 0.00221806, 0.00266893, 0.00239946, 0.00143482, 0.00128713, 0.00346969, 0.00134501, 0.00428294, 0.00394398, 0.0038975, 0.00398222, 0.00295474, 0.00287101, 0.00185285, 0.00208104, 0.00286123, 0.0030168, 0.00210417, 0.00409342, 0.00306476, 0.00183767, 0.00313693, 0.00242197, 0.00159745, 0.0033852, 0.00317679, 0.00352137, 0.00432295, 0.00139289, 0.00273827, 0.00206141, 0.00422426, 0.00213406, 0.00336365, 0.00354447, 0.00190587, 0.00255326, 0.00198525, 0.00227921, 0.00233615, 0.00311535, 0.00221069, 0.00384907, 0.0025868, 0.00325064, 0.00410593, 0.00396688, 0.00140849, 0.00254747, 0.0015952, 0.00310961, 0.00266265, 0.0029652, 0.00361463, 0.00293827, 0.00419012, 0.0033933, 0.00177745, 0.0035514, 0.00282099, 0.00167016, 0.00353146, 0.00192364, 0.00131329, 0.00242121, 0.00135236, 0.00281354, 0.00157719, 0.00350622, 0.00286621, 0.00233844, 0.00396285, 0.0023487, 0.00151416, 0.00352851, 0.00242113, 0.00309661, 0.00292032, 0.00251949, 0.00321498, 0.00169624, 0.00127324, 0.00426345, 0.00138748, 0.00251856, 0.00325526, 0.00364055];
GivenLatency = [78.5826, 111.401, 112.144, 110.301, 239.994, 135.556, 264.558, 157.097, 154.712, 103.328, 258.326, 203.517, 141.317, 221.234, 267.911, 337.849, 134.369, 357.712, 127.435, 182.846, 223.203, 139.212, 105.579, 149.049, 110.593, 304.971, 90.9146, 253.867, 188.273, 176.449, 212.835, 208.997, 148.375, 184.98, 96.4604, 105.243, 76.5219, 362.223, 123.593, 286.844, 95.3104, 235.892, 122.083, 220.62, 454.004, 393.521, 106.968, 295.402, 77.5999, 110.415, 100.021, 113.816, 177.813, 219.07, 192.29, 165.756, 112.477, 125.429, 284.565, 105.992, 119.749, 172.856, 108.454, 197.588, 224.827, 106.736, 151.803, 108.223, 82.1863, 272.468, 116.266, 159.459, 124.716, 150.137, 129.153, 152.336, 206.421, 126.718, 246.249, 157.466, 217.877, 146.543, 285.237, 85.3192, 237.514, 135.613, 89.5297, 124.379, 243.335, 135.718, 269.714, 120.011, 123.284, 119.3, 158.311, 175.624, 109.227, 139.945, 221.588, 90.8425, 113.44, 263.544, 166.803, 326.904, 339.168, 180.143, 347.471, 156.789, 384.168, 102.774, 213.846, 167.732, 105.322, 148.25, 363.509, 125.488, 204.838, 107.496, 123.172, 255.53, 110.29, 194.375, 418.504, 111.066, 256.033, 196.712, 133.607, 103.521];
HighestPossibleCritFunctionValue = 1.1;
