NumDevices = 64;
NumSlotes = 512;


GivenBandwidthOld = [0.00347713, 0.00637575, 0.00475054, 0.00859185, 0.00694214, 0.00535806, 0.00672102, 0.00763629, 0.00312774, 0.00296015, 0.00498811, 0.00772871, 0.00636273, 0.00465828, 0.00801279, 0.00591453, 0.00297201, 0.00432403, 0.00266882, 0.00863037, 0.00443866, 0.00425684, 0.00474298, 0.00655598, 0.00266101, 0.00852939, 0.00722592, 0.00596124, 0.00688108, 0.00408479, 0.00689847, 0.00256086, 0.00658172, 0.00397443, 0.00833006, 0.00713363, 0.00500265, 0.00834285, 0.00331315, 0.00658664, 0.00546217, 0.00643231, 0.00533308, 0.00565293, 0.00626783, 0.00343228, 0.0026417, 0.00288206, 0.00502228, 0.00692012, 0.0039342, 0.00710031, 0.00737058, 0.00607611, 0.00624445, 0.0041924, 0.00294567, 0.00531069, 0.00420731, 0.00344637, 0.00814657, 0.00432373, 0.00398107, 0.00729561];
GivenLatency = [89.9274, 71.4783, 80.2384, 45.6181, 87.7331, 92.0339, 62.2025, 81.034, 117.094, 172.146, 120.112, 76.1599, 50.776, 123.068, 73.932, 64.3246, 192.155, 98.2776, 147.253, 42.5587, 85.8526, 81.6385, 103.676, 84.8087, 216.538, 44.4516, 55.8542, 62.4036, 80.4276, 81.3691, 54.8202, 178.184, 76.8311, 95.7421, 60.2463, 52.7318, 68.4719, 37.5413, 111.544, 58.1386, 95.0915, 97.3327, 116.251, 78.5917, 49.8417, 104.187, 142.473, 134.716, 84.63, 78.5525, 145.296, 68.769, 64.1785, 105.401, 94.3841, 118.121, 105.118, 85.2384, 74.2931, 174.517, 50.7973, 105.878, 160.229, 49.4326];
HighestPossibleCritFunctionValue = 1.1;
