NumDevices = 64;
NumSlotes = 512;


GivenBandwidthOld = [0.0178743, 0.0177219, 0.0189161, 0.015911, 0.00869672, 0.00832514, 0.0131911, 0.0082744, 0.0103477, 0.0180873, 0.0111403, 0.0156534, 0.0172363, 0.00840268, 0.0162971, 0.00978737, 0.0138136, 0.00838659, 0.00838476, 0.0151215, 0.0137492, 0.0120191, 0.00947926, 0.01048, 0.0171323, 0.0101832, 0.017169, 0.0148042, 0.0190708, 0.0153673, 0.0199482, 0.0111881, 0.0177289, 0.0122435, 0.018951, 0.0152883, 0.0183353, 0.0168515, 0.0158974, 0.0183405, 0.0161707, 0.0109562, 0.00846547, 0.00911477, 0.0094955, 0.00830027, 0.00768719, 0.0161152, 0.0162159, 0.00786946, 0.0169799, 0.0114364, 0.0164858, 0.01852, 0.00754146, 0.0168067, 0.0126993, 0.0172721, 0.00892557, 0.017002, 0.0195282, 0.0152243, 0.0181099, 0.0152601];
GivenLatency = [125.859, 158.51, 164.765, 181.519, 340.626, 282.403, 223.598, 368.337, 254.43, 132.329, 264.309, 142.874, 139.113, 392.946, 196.5, 254.191, 199.49, 348.505, 281.915, 190.437, 202.483, 260.997, 288.168, 266.16, 161.911, 319.082, 156.562, 155.746, 130.136, 182.256, 124.931, 297.824, 139.717, 223.2, 143.107, 162.372, 143.131, 140.553, 165.257, 159.355, 177.937, 231.485, 389.395, 292.953, 245.869, 280.791, 345.504, 139.891, 140.058, 333.471, 136.754, 209.987, 199.858, 175.374, 305.612, 168.149, 175.037, 139.281, 339.799, 144.076, 148.879, 182.993, 154.969, 186.114];
HighestPossibleCritFunctionValue = 1.1;
