NumDevices = 128;
NumSlotes = 1024;


GivenBandwidthOld = [0.00573062, 0.00457892, 0.00423846, 0.00700379, 0.00887949, 0.00876443, 0.0063098, 0.00749221, 0.00526034, 0.00680809, 0.00736311, 0.00436806, 0.00406024, 0.0055357, 0.00971379, 0.00584262, 0.00568001, 0.00388326, 0.005881, 0.00700954, 0.00562461, 0.00408934, 0.00705224, 0.00456578, 0.00833786, 0.00573644, 0.00865213, 0.00639368, 0.00487937, 0.00375873, 0.00677891, 0.00436606, 0.00792711, 0.00840071, 0.00570712, 0.00953257, 0.00384436, 0.00843894, 0.00450922, 0.00778946, 0.00750896, 0.00565466, 0.00918066, 0.00815575, 0.00747241, 0.00386651, 0.00570342, 0.00991159, 0.00537687, 0.00897708, 0.00531866, 0.00569902, 0.0047319, 0.00651195, 0.0051199, 0.00885967, 0.006922, 0.00937353, 0.00593812, 0.00451689, 0.00542284, 0.00667922, 0.00381471, 0.00377253, 0.00744678, 0.004272, 0.00821158, 0.00829529, 0.00898724, 0.00734962, 0.0088701, 0.00722871, 0.00798693, 0.0076301, 0.00403035, 0.00932746, 0.00660488, 0.00440157, 0.00475512, 0.00929371, 0.00820279, 0.00434943, 0.00957508, 0.00581395, 0.00512331, 0.00993014, 0.0046487, 0.00817089, 0.00560402, 0.00800309, 0.00410899, 0.00608046, 0.00922976, 0.00838569, 0.00949214, 0.0056782, 0.00470966, 0.00782082, 0.00952297, 0.0051171, 0.00551796, 0.00540175, 0.00839708, 0.00729527, 0.00783123, 0.00943225, 0.00532719, 0.00537717, 0.00783819, 0.00771543, 0.00694975, 0.00693368, 0.00556593, 0.00540352, 0.00693434, 0.00426116, 0.00738257, 0.00631748, 0.00534237, 0.00427732, 0.00398556, 0.00656364, 0.00506157, 0.00977929, 0.00676664, 0.00435831, 0.00892871, 0.00489598];
GivenLatency = [649.812, 808.88, 865.497, 477.965, 433.283, 402.769, 687.915, 544.973, 660.752, 572.417, 587.786, 821.845, 876.723, 722.858, 407.49, 709.009, 735.78, 1040.27, 771.587, 562.917, 640.997, 893.504, 657.039, 1080, 411.075, 608.11, 409.823, 710.473, 968.658, 1042.73, 653.284, 925.411, 544.956, 431.409, 809.355, 350.805, 1232.5, 502.594, 918.335, 635.318, 469.57, 838.434, 381.299, 600.287, 535.549, 1212.35, 695.396, 446.149, 809.576, 485.243, 633.331, 855.637, 774.82, 512.843, 860.48, 465.081, 690.335, 507.038, 599.596, 938.694, 791.563, 695.037, 1308.53, 1155.7, 451.288, 1019.72, 477.818, 553.804, 381.083, 612.564, 486.264, 581.897, 601.275, 525.185, 863.842, 534.449, 541.658, 857.173, 842.505, 456.505, 463.667, 808.427, 366.621, 722.88, 944.272, 495.737, 835.126, 421.649, 805.485, 510.901, 1147.53, 681.296, 486.818, 513.048, 422.615, 622.388, 860.97, 453.31, 508.465, 896.158, 673.827, 719.708, 481.971, 684.715, 523.994, 412.429, 873.013, 721.584, 604.887, 484.547, 531.936, 616.448, 717.298, 866.517, 653.923, 933.787, 662.518, 625.13, 752.113, 923.969, 963.997, 570.269, 986.037, 438.428, 519.422, 889.166, 382.941, 935.655];
HighestPossibleCritFunctionValue = 1.1;
