NumDevices = 16;
NumSlotes = 128;


GivenBandwidthOld = [0.0488039, 0.0675249, 0.0313926, 0.035775, 0.0506161, 0.0449403, 0.0523802, 0.0545326, 0.0301667, 0.0324713, 0.0453625, 0.067359, 0.0427752, 0.0633436, 0.0355742, 0.0362826];
GivenLatency = [16.7554, 14.5544, 26.4613, 23.4208, 16.8951, 23.9385, 20.4263, 17.2197, 29.0177, 33.8474, 21.7306, 16.2058, 19.2904, 16.631, 27.4577, 26.7018];
HighestPossibleCritFunctionValue = 1.1;
