NumDevices = 128;
NumSlotes = 1024;


GivenBandwidthOld = [0.00871973, 0.0049919, 0.00755526, 0.00872133, 0.00693148, 0.00617483, 0.00780366, 0.00859965, 0.00550088, 0.00578537, 0.00601938, 0.00767895, 0.00640433, 0.00876297, 0.00675187, 0.00621579, 0.00882262, 0.0093582, 0.004517, 0.00715374, 0.00415529, 0.00912678, 0.00873233, 0.00433092, 0.00483304, 0.00646651, 0.00396324, 0.0063786, 0.00761722, 0.00639831, 0.0076521, 0.00511029, 0.00993449, 0.00898921, 0.00914647, 0.00843053, 0.00695168, 0.00816898, 0.00479007, 0.00919462, 0.00521942, 0.00662185, 0.00847522, 0.00800823, 0.00931591, 0.00633385, 0.00552339, 0.00906178, 0.00381793, 0.00793967, 0.00695441, 0.00398997, 0.0057562, 0.00945194, 0.00503023, 0.00813693, 0.00995492, 0.00857875, 0.00433086, 0.0037555, 0.00867942, 0.00877797, 0.00885512, 0.00555802, 0.00982384, 0.00549053, 0.00691749, 0.00855622, 0.00680293, 0.00810106, 0.00703516, 0.00485412, 0.00448759, 0.00662533, 0.00440988, 0.00678329, 0.00922595, 0.00682915, 0.00508542, 0.00432509, 0.00685835, 0.00823298, 0.00540214, 0.00875274, 0.00972691, 0.00761329, 0.00910985, 0.00544475, 0.00615441, 0.00842039, 0.00525808, 0.00634869, 0.00485517, 0.00965689, 0.00580695, 0.0062106, 0.00898675, 0.00533909, 0.00527316, 0.00970127, 0.00798894, 0.00388019, 0.00433316, 0.00491116, 0.00686784, 0.00527762, 0.00977078, 0.00743848, 0.00845748, 0.00995074, 0.00707672, 0.0096447, 0.00731175, 0.00978398, 0.00440561, 0.00378691, 0.00529337, 0.00574419, 0.00768041, 0.00595834, 0.00677049, 0.00663693, 0.00559062, 0.00778513, 0.00959293, 0.00589965, 0.0078803, 0.00923853];
GivenLatency = [492.892, 889.335, 622.476, 572.476, 520.861, 664.165, 479.024, 410.777, 668.157, 641.223, 706.989, 518.509, 607.433, 472.78, 567.824, 752.787, 407.691, 476.524, 778.914, 556.419, 922.715, 533.197, 560.729, 845.147, 857.588, 517.588, 1133.74, 568.85, 464.872, 624.089, 447.908, 734.109, 388.312, 418.288, 437.822, 584.505, 634.066, 417.717, 729.503, 458.074, 791.759, 742.84, 438.299, 447.062, 406.657, 620.413, 815.194, 537.836, 966.284, 556.698, 486.615, 1064.67, 742.373, 382.769, 971.658, 481.884, 411.842, 554.374, 843.652, 1083.87, 396.022, 420.646, 441.959, 859.627, 478.224, 649.189, 586.659, 417.851, 553.658, 522.378, 499.951, 744.762, 999.484, 599.318, 826.546, 672.59, 468.926, 575.531, 744.817, 907.756, 708.568, 580.493, 886.997, 480.449, 365.72, 595.982, 502.664, 612.62, 707.886, 573.714, 716.239, 576.334, 739.159, 408.481, 837.957, 568.469, 405.707, 834.781, 755.029, 350.337, 619.771, 1025.96, 810.016, 941.763, 635.515, 794.839, 377.291, 511.386, 538.872, 377.466, 634.33, 392.138, 484.326, 425.899, 843.28, 896.108, 791.848, 741.85, 475.573, 600.603, 635.927, 548.705, 779.048, 578.163, 519.114, 778.196, 431.868, 512.286];
HighestPossibleCritFunctionValue = 1.1;
