NumDevices = 16;
NumSlotes = 128;


GivenBandwidthOld = [0.0127062, 0.0179968, 0.0122319, 0.0208217, 0.0152302, 0.0148038, 0.0219503, 0.0338011, 0.034559, 0.0228582, 0.0171006, 0.0240336, 0.0224064, 0.0240774, 0.0343706, 0.0312446];
GivenLatency = [37.0354, 20.1448, 35.7379, 16.3548, 32.6765, 33.3439, 16.1806, 12.2732, 16.0188, 16.6519, 28.4366, 13.4023, 21.8747, 14.5416, 12.7823, 13.1508];
HighestPossibleCritFunctionValue = 1.1;
