NumDevices = 128;
NumSlotes = 1024;


GivenBandwidthOld = [0.0060507, 0.00670145, 0.00871482, 0.00744702, 0.00462296, 0.00552603, 0.00856708, 0.0044665, 0.00588627, 0.00809154, 0.00700478, 0.00675709, 0.00385203, 0.00859763, 0.0077898, 0.00563822, 0.0040107, 0.00528174, 0.00778952, 0.00588135, 0.00534306, 0.00836691, 0.00523933, 0.00495445, 0.00694961, 0.00464918, 0.00626442, 0.00859898, 0.00560746, 0.00708648, 0.00499348, 0.00786162, 0.00767868, 0.0081047, 0.00821597, 0.00826597, 0.0087211, 0.00807217, 0.006504, 0.0052907, 0.00826653, 0.00806864, 0.00720251, 0.00505465, 0.00595551, 0.00680804, 0.00525722, 0.00564555, 0.00731221, 0.00380727, 0.0062887, 0.006716, 0.00838078, 0.00823782, 0.00552606, 0.00399444, 0.00708742, 0.00571489, 0.00768199, 0.00375977, 0.00802346, 0.0077233, 0.00800549, 0.00577004, 0.0045438, 0.00514164, 0.00801274, 0.00765224, 0.00869144, 0.00461564, 0.00764597, 0.00835145, 0.00531391, 0.00836122, 0.00456956, 0.00808605, 0.00482294, 0.00667704, 0.00857128, 0.00493653, 0.00580752, 0.00442154, 0.00534964, 0.00386085, 0.00677838, 0.00679005, 0.00789613, 0.00774972, 0.00709047, 0.00701784, 0.00629856, 0.00743151, 0.00384923, 0.00655195, 0.00612616, 0.00481557, 0.00780393, 0.00818339, 0.00580264, 0.00746048, 0.00572864, 0.00379456, 0.00767058, 0.0068538, 0.00423925, 0.00653476, 0.00725792, 0.00635494, 0.00504779, 0.00568765, 0.00484898, 0.00428719, 0.00729157, 0.00685219, 0.00725674, 0.00659485, 0.00712491, 0.00581412, 0.0054094, 0.0082385, 0.00694833, 0.00813473, 0.00783095, 0.00723643, 0.00515431, 0.00593385, 0.00775904, 0.00862298];
GivenLatency = [211.742, 150.854, 132.318, 136.554, 206.598, 226.536, 150.941, 252.085, 165.54, 118.994, 168.608, 156.068, 248.569, 134.967, 129.702, 191.675, 290.98, 206.024, 153.991, 168.771, 226.262, 115.454, 183.067, 251.325, 146.476, 250.895, 201.343, 124.042, 187.515, 137.855, 195.715, 121.283, 160.403, 124.789, 129.74, 135.952, 127.165, 151.528, 168.085, 182.834, 127.379, 131.392, 140.012, 208.592, 206.32, 155.277, 189.606, 194.214, 139.478, 264.522, 187.459, 147.179, 123.457, 123.313, 221.42, 268.814, 166.789, 179.052, 163.575, 335.289, 132.137, 143.952, 130.21, 193.025, 223.762, 186.454, 158.403, 131.339, 113.58, 213.383, 127.61, 125.833, 223.34, 128.573, 235.393, 133.678, 216.796, 174.003, 150.104, 238.233, 186.691, 235.813, 240.169, 291.444, 149.676, 170.466, 137.895, 156.394, 179.647, 164.6, 184.958, 140.237, 260.364, 147.929, 171.965, 240.323, 139.274, 135.885, 165.805, 130.877, 208.959, 266.103, 137.618, 146.443, 295.034, 192.643, 169.617, 187.621, 207.897, 220.134, 243.202, 272.885, 166.926, 156.009, 160.767, 157.636, 166.876, 187.635, 208.254, 121.758, 172.052, 122.756, 130.32, 154.028, 201.227, 180.087, 128.068, 132.052];
HighestPossibleCritFunctionValue = 1.1;
