NumDevices = 64;
NumSlotes = 512;


GivenBandwidthOld = [0.0136538, 0.0100811, 0.0134187, 0.00873316, 0.00820772, 0.0146833, 0.0120402, 0.0147358, 0.0191438, 0.0178187, 0.00913404, 0.00830145, 0.0149298, 0.0175512, 0.0123115, 0.012226, 0.0122938, 0.0149058, 0.0150585, 0.0181831, 0.00867241, 0.0122387, 0.0129524, 0.00902682, 0.0188335, 0.0152437, 0.0180122, 0.0111896, 0.0177674, 0.00951221, 0.0142781, 0.0142229, 0.0114196, 0.00952837, 0.0108859, 0.0137859, 0.0176971, 0.0147035, 0.0149869, 0.0144431, 0.012879, 0.0131249, 0.0198231, 0.00945876, 0.0158829, 0.0112917, 0.00950059, 0.0189648, 0.00848954, 0.01362, 0.0160661, 0.0157625, 0.0121238, 0.0191637, 0.0151023, 0.0172421, 0.0179706, 0.0117336, 0.0120268, 0.0148386, 0.00978286, 0.013011, 0.0192069, 0.0147014];
GivenLatency = [176.552, 260.828, 209.742, 257.307, 304.829, 167.812, 186.614, 157.455, 142.468, 166.729, 273.202, 306.263, 159.014, 157.212, 217.139, 182.798, 227.54, 160.771, 162.802, 163.466, 288.737, 247.408, 233.777, 270.985, 136.215, 147.253, 151.673, 259.977, 130.576, 247.45, 188.018, 163.737, 251.37, 324.972, 243.851, 184.406, 143.078, 219.598, 173.064, 167.171, 228.546, 215.665, 136.138, 334.207, 168.22, 231.109, 342.222, 173.523, 357.875, 204.377, 189.065, 183.419, 244.534, 118.181, 210.678, 141.578, 173.708, 213.252, 185.653, 156.663, 304.435, 190.815, 119.507, 173.616];
HighestPossibleCritFunctionValue = 1.1;
