NumDevices = 64;
NumSlotes = 512;


GivenBandwidthOld = [0.015567, 0.0152284, 0.0116823, 0.0115427, 0.0161394, 0.0102596, 0.0126012, 0.0187933, 0.014533, 0.0104208, 0.0105635, 0.00777245, 0.0115987, 0.0192366, 0.0152615, 0.0181541, 0.00773017, 0.013544, 0.0139702, 0.0152904, 0.0154405, 0.0134798, 0.00983513, 0.0164969, 0.0189472, 0.0136315, 0.00902858, 0.0108327, 0.0199747, 0.00809263, 0.0177668, 0.0115387, 0.0104773, 0.00984552, 0.0161137, 0.0154325, 0.0164918, 0.0194163, 0.0104755, 0.0172796, 0.0114025, 0.0100817, 0.0104118, 0.00913751, 0.0166283, 0.0150939, 0.0137204, 0.0165178, 0.0199991, 0.0177628, 0.0077007, 0.0182332, 0.0135685, 0.0126324, 0.0171152, 0.00939961, 0.00925233, 0.0088766, 0.0190933, 0.0182943, 0.0149787, 0.0143662, 0.00778373, 0.0135729];
GivenLatency = [176.007, 183.506, 244.132, 200.338, 146.556, 260.407, 184.22, 119.458, 216.79, 248.594, 215.983, 370.207, 192.002, 141.982, 148.195, 155.62, 316.473, 174.635, 164.656, 150.928, 174.949, 183.616, 263.959, 189.086, 174.418, 173.721, 279.448, 226.711, 122.539, 318.021, 148.553, 198.244, 224.566, 250.983, 162.281, 175.593, 201.197, 141.792, 230.692, 130.154, 267.114, 260.864, 296.525, 244.636, 158.521, 205.096, 224.264, 178.404, 130.28, 167.133, 302.891, 134.163, 169.077, 185.459, 164.662, 237.801, 294.979, 354.176, 132.927, 156.88, 184.184, 163.469, 372.611, 179.915];
HighestPossibleCritFunctionValue = 1.1;
