NumDevices = 64;
NumSlotes = 512;


GivenBandwidthOld = [0.00569578, 0.00772234, 0.00564725, 0.00453006, 0.00297515, 0.0071168, 0.00331874, 0.00683124, 0.00390355, 0.00440681, 0.00643436, 0.00851466, 0.00335864, 0.00868496, 0.00315548, 0.00672495, 0.00501887, 0.005827, 0.00682003, 0.00302005, 0.00548586, 0.00464473, 0.00519515, 0.0061558, 0.00806583, 0.00373356, 0.00364438, 0.00478103, 0.00858736, 0.00644224, 0.00340229, 0.00482353, 0.00412802, 0.00834392, 0.00254653, 0.00329413, 0.00564898, 0.00858888, 0.00706141, 0.00370278, 0.00509294, 0.0070358, 0.00442743, 0.00312652, 0.00744905, 0.0061135, 0.00341296, 0.0029298, 0.00743145, 0.00411973, 0.0066045, 0.00553656, 0.00678162, 0.00748629, 0.00712013, 0.0029925, 0.00499542, 0.00548609, 0.00847354, 0.00594744, 0.00619702, 0.00706006, 0.00595548, 0.00383381];
GivenLatency = [61.1757, 75.0052, 71.2077, 114.238, 103.91, 55.7388, 107.203, 82.3795, 86.4843, 78.8745, 83.2506, 57.0369, 182.745, 48.4864, 138.47, 64.8732, 101.666, 62.5327, 72.0321, 138.926, 70.2452, 105.39, 74.7527, 76.058, 41.5613, 95.9231, 133.201, 132.308, 38.1787, 49.6462, 148.082, 64.4414, 156.794, 51.0173, 143.988, 112.847, 76.4456, 42.3769, 51.043, 167.173, 85.9224, 61.7815, 71.6027, 107.134, 55.4543, 80.4284, 115.973, 140.298, 47.1865, 109.037, 57.646, 76.3208, 53.7924, 43.041, 61.8772, 113.823, 101.91, 58.5936, 43.0378, 64.2363, 55.2618, 44.5058, 52.2835, 166.661];
HighestPossibleCritFunctionValue = 1.1;
