NumDevices = 16;
NumSlotes = 128;


GivenBandwidthOld = [0.0200707, 0.0174383, 0.0256037, 0.0111761, 0.0265965, 0.0230339, 0.0209823, 0.01378, 0.0151156, 0.0121551, 0.0312511, 0.026745, 0.0179623, 0.0316217, 0.0308554, 0.0265558];
GivenLatency = [28.2302, 31.3638, 20.2428, 48.4326, 17.3547, 25.0311, 19.1921, 22.3814, 30.6289, 26.5514, 11.9338, 18.3412, 20.4012, 17.3417, 11.2285, 20.0113];
HighestPossibleCritFunctionValue = 1.1;
