NumDevices = 64;
NumSlotes = 512;


GivenBandwidthOld = [0.00635914, 0.00676004, 0.00722879, 0.00435169, 0.00502517, 0.00554193, 0.00316415, 0.00863978, 0.00623079, 0.00583649, 0.00387446, 0.00306092, 0.00492826, 0.00793797, 0.00474164, 0.00282166, 0.00857156, 0.00347179, 0.00412848, 0.00354468, 0.00415317, 0.0061509, 0.00694628, 0.00616213, 0.0082028, 0.0057529, 0.0052811, 0.00698432, 0.00800239, 0.00624567, 0.00593834, 0.00321581, 0.00814112, 0.0065056, 0.00593668, 0.0065562, 0.00623482, 0.00486612, 0.00745123, 0.00531086, 0.00713046, 0.00781024, 0.00798441, 0.00389801, 0.00504424, 0.0073017, 0.00475997, 0.00462724, 0.00494089, 0.00776497, 0.00340052, 0.00630868, 0.00868904, 0.00296282, 0.00604731, 0.00332516, 0.00851949, 0.00335672, 0.00771346, 0.00632692, 0.00280574, 0.00360979, 0.004802, 0.00477045];
GivenLatency = [64.6786, 46.6509, 59.5923, 71.5267, 88.8274, 87.8743, 103.644, 45.1989, 57.2731, 95.0268, 115.34, 183.524, 115.182, 53.7074, 79.656, 175.95, 56.4397, 95.7867, 74.8797, 116.632, 105.561, 76.8469, 52.1685, 92.0036, 65.4052, 80.5347, 69.1452, 44.4389, 76.3267, 99.366, 93.5268, 117.829, 55.2461, 79.0113, 65.2005, 72.1983, 88.434, 81.8975, 52.3692, 64.8471, 51.0963, 73.499, 60.5259, 101.775, 88.7654, 42.9474, 78.4035, 66.7456, 74.6585, 67.9932, 128.447, 76.384, 60.4393, 143.388, 76.3042, 142.063, 39.3446, 130.179, 47.7116, 59.3513, 118.08, 172.403, 71.4994, 72.9491];
HighestPossibleCritFunctionValue = 1.1;
