NumDevices = 128;
NumSlotes = 1024;


GivenBandwidthOld = [0.00738732, 0.00500905, 0.00828136, 0.00608529, 0.00915995, 0.00382387, 0.00778741, 0.00421909, 0.00654481, 0.00732489, 0.00561135, 0.00622252, 0.00938196, 0.00391883, 0.00997116, 0.006527, 0.00802858, 0.00758451, 0.00665594, 0.00633757, 0.00549694, 0.00830663, 0.00579955, 0.00681867, 0.00395889, 0.00837838, 0.00550887, 0.0088682, 0.0066294, 0.00410231, 0.00621649, 0.00805161, 0.0072144, 0.0049331, 0.00692395, 0.00452563, 0.00856137, 0.00589642, 0.00993886, 0.00739165, 0.00897502, 0.00810167, 0.0047246, 0.00883317, 0.00539175, 0.00918146, 0.00905503, 0.00920894, 0.00837598, 0.00876147, 0.00654979, 0.0098073, 0.00884436, 0.00588589, 0.00784744, 0.00697989, 0.00718438, 0.00665875, 0.00991108, 0.00925206, 0.00811822, 0.007836, 0.00840395, 0.00399688, 0.00938313, 0.00482074, 0.00596296, 0.00954596, 0.00402671, 0.00445806, 0.00418582, 0.00978082, 0.00756519, 0.00684048, 0.0079776, 0.00699148, 0.00822645, 0.00822541, 0.00939626, 0.00661553, 0.00844361, 0.00806636, 0.00501584, 0.00995796, 0.00973728, 0.00699639, 0.00962002, 0.00501364, 0.00421917, 0.0078814, 0.00901277, 0.00508278, 0.00381536, 0.00853673, 0.00429237, 0.00680952, 0.00639193, 0.00661789, 0.00435565, 0.00787011, 0.00666486, 0.00629745, 0.00632488, 0.00479441, 0.00717982, 0.00493964, 0.00433425, 0.00446298, 0.00551908, 0.00540598, 0.00450459, 0.00488378, 0.00915923, 0.00415367, 0.0069884, 0.00655295, 0.00662341, 0.00970153, 0.00610263, 0.00691819, 0.00777562, 0.00602534, 0.00790065, 0.00745895, 0.0088346, 0.00444717, 0.00865976, 0.00965853];
GivenLatency = [491.777, 960.862, 404.072, 766.677, 451.612, 1021.48, 517.064, 1142.66, 714.296, 581.102, 740.365, 654.455, 367.441, 884.404, 403.876, 575.935, 437.227, 441.14, 571.403, 640.001, 638.851, 447.527, 783.265, 533.753, 994.452, 457.975, 754.033, 543.414, 539.692, 1026.66, 552.878, 455.814, 646.908, 1007.93, 524.763, 866.501, 392.56, 758.742, 487.411, 584.039, 545.798, 565.473, 932.451, 466.463, 822.714, 380.379, 541.413, 448.417, 503.246, 437.428, 566.602, 474.927, 389.447, 574.362, 487.956, 553.028, 532.638, 565.467, 408.728, 493.998, 444.38, 603.619, 564.731, 1137.88, 356.923, 916.301, 662.253, 464.627, 939.865, 974.571, 817.738, 391.85, 507.699, 552.123, 453.229, 535.499, 522.645, 493.987, 417.897, 676.199, 412.615, 600.767, 906.697, 340.126, 379.402, 508.288, 436.667, 789.237, 898.798, 598.558, 524.064, 810.674, 885.715, 417.419, 872.355, 511.692, 693.771, 664.941, 986.153, 507.475, 531.994, 618.991, 707.027, 720.563, 465.962, 860.794, 1070.11, 851.103, 618.073, 860.756, 1091.2, 804.954, 412.078, 820.428, 602.085, 678.369, 648.046, 432.154, 597.238, 652.864, 562.579, 716.151, 471.963, 588.117, 504.783, 862.802, 552.072, 497.388];
HighestPossibleCritFunctionValue = 1.1;
