NumDevices = 128;
NumSlotes = 1024;


GivenBandwidthOld = [0.00767083, 0.00737067, 0.00640481, 0.00438938, 0.00611997, 0.00455703, 0.00495398, 0.00780958, 0.00805113, 0.00534293, 0.00734824, 0.00430857, 0.00416717, 0.00891931, 0.00933028, 0.00394658, 0.00773205, 0.00509908, 0.00894172, 0.0047219, 0.00721753, 0.00745856, 0.00848629, 0.00658221, 0.00475769, 0.00871543, 0.00780553, 0.00873265, 0.00969967, 0.00603938, 0.00629994, 0.00435405, 0.00596408, 0.00951356, 0.00937295, 0.00861916, 0.00845789, 0.00423561, 0.0092237, 0.00653865, 0.00382736, 0.00402128, 0.00684821, 0.00669082, 0.00508805, 0.00478082, 0.00381923, 0.00474687, 0.00805885, 0.00376961, 0.00826754, 0.00501309, 0.00743304, 0.00457944, 0.00663038, 0.00810156, 0.00924879, 0.00935667, 0.00997314, 0.00859424, 0.00846959, 0.00722136, 0.00945004, 0.00435559, 0.0069511, 0.00459009, 0.0043425, 0.00558314, 0.00710156, 0.00839736, 0.00572558, 0.00739487, 0.00683252, 0.00545577, 0.00392453, 0.0057871, 0.00377801, 0.00577915, 0.00767118, 0.0069432, 0.00933652, 0.0089139, 0.00586874, 0.00715289, 0.00862764, 0.00723987, 0.00794305, 0.00764526, 0.00881183, 0.0092229, 0.00546988, 0.00972562, 0.00468405, 0.00864825, 0.00981214, 0.00882273, 0.00485358, 0.00783797, 0.00408566, 0.00761783, 0.00413031, 0.00811787, 0.0083684, 0.00640071, 0.00430622, 0.00841269, 0.00713566, 0.0064609, 0.00955756, 0.0051649, 0.00897318, 0.00844886, 0.00869123, 0.00718822, 0.00866335, 0.00735618, 0.00650986, 0.00743958, 0.00834818, 0.00418821, 0.00616552, 0.00767923, 0.00482843, 0.00391849, 0.00439042, 0.00479083, 0.00948599, 0.00850825];
GivenLatency = [517.715, 633.546, 536.133, 959.394, 600.361, 897.952, 696.566, 637.932, 475.136, 763.231, 458.314, 1142.42, 1047.79, 468.225, 470.224, 1211.45, 611.348, 772.535, 394.389, 726.937, 467.525, 487.277, 477.141, 625.735, 885.623, 503.861, 449.712, 390.497, 443.558, 636.945, 655.412, 1029.57, 805.675, 449.122, 450.408, 466.422, 431.177, 995.302, 433.368, 652.229, 1012.68, 1198.3, 510.163, 590.103, 656.923, 862.261, 953.647, 925.384, 510.403, 1048.11, 564.282, 932.015, 477.922, 887.116, 701.85, 465.823, 372.777, 356.603, 409.294, 397.289, 404.597, 639.764, 514.186, 796.107, 508.079, 754.487, 826.922, 759.712, 586.841, 416.905, 655.322, 525.689, 585.873, 880.594, 1221.06, 732.527, 1024.67, 712.534, 632.56, 495.77, 367.634, 463.356, 592.611, 575.969, 512.156, 665.762, 596.129, 498.037, 470.337, 491.925, 718.825, 431.518, 884.552, 483.599, 465.668, 497.666, 693.653, 557.627, 1158.31, 554.781, 1047.87, 434.073, 503.719, 701.172, 845.281, 475.82, 509.777, 583.028, 379.128, 687.703, 537.825, 403.093, 389.766, 659.214, 472.598, 455.652, 666.436, 659.583, 411.412, 1077.15, 785.752, 536.242, 916.391, 1148.68, 788.662, 924.85, 479.804, 396.903];
HighestPossibleCritFunctionValue = 1.1;
