NumDevices = 64;
NumSlotes = 512;


GivenBandwidthOld = [0.0133354, 0.0129957, 0.0135644, 0.0115606, 0.0135267, 0.00886248, 0.0167037, 0.0143024, 0.0161228, 0.0105383, 0.0126151, 0.0172015, 0.0097924, 0.0158482, 0.0162496, 0.0122601, 0.0110055, 0.0147042, 0.00797779, 0.00775776, 0.00970022, 0.0166341, 0.0141622, 0.00994227, 0.0146915, 0.0155929, 0.0149625, 0.0100673, 0.0167256, 0.0116915, 0.0147966, 0.0107073, 0.0126734, 0.0172607, 0.0148278, 0.0163335, 0.0128553, 0.0134122, 0.0142324, 0.00947167, 0.0154411, 0.0135887, 0.00996149, 0.00783332, 0.00959688, 0.00976983, 0.0165668, 0.013276, 0.014692, 0.0128987, 0.0141724, 0.0100796, 0.0120372, 0.01458, 0.0110074, 0.0163861, 0.016098, 0.0136625, 0.0112993, 0.0116879, 0.0128444, 0.0112532, 0.0169519, 0.0153734];
GivenLatency = [72.5762, 75.4533, 69.5994, 91.0273, 69.7618, 134.718, 63.9753, 64.2943, 76.5103, 104.062, 73.228, 70.333, 121.502, 60.1174, 59.3178, 87.8609, 102.626, 75.3778, 148.614, 119.577, 97.13, 62.2401, 84.8383, 119.615, 65.885, 66.1359, 61.5842, 118.534, 56.1994, 83.8717, 68.8131, 100.612, 81.4812, 59.562, 70.7667, 62.2908, 72.3459, 70.9225, 85.5756, 112.76, 66.7943, 84.0475, 106.97, 130.516, 110.01, 127.253, 57.7843, 79.9255, 79.6152, 78.6237, 82.612, 106.099, 82.1418, 70.4697, 113.156, 56.4944, 58.9371, 68.7012, 94.5206, 77.8017, 82.7157, 97.3761, 64.9681, 79.8356];
HighestPossibleCritFunctionValue = 1.1;
