NumDevices = 32;
NumSlotes = 256;


GivenBandwidthOld = [0.0111358, 0.0171515, 0.010618, 0.0138408, 0.00507271, 0.014481, 0.0150604, 0.0153833, 0.0172249, 0.00682789, 0.0138632, 0.00642705, 0.014493, 0.0168491, 0.0146941, 0.00897801, 0.013443, 0.00727967, 0.00694601, 0.0115657, 0.0171454, 0.00780267, 0.00948531, 0.0146198, 0.0104986, 0.00688376, 0.0153415, 0.0153375, 0.010585, 0.00900612, 0.0108021, 0.00831972];
GivenLatency = [35.6072, 18.3284, 45.0212, 30.3935, 64.2064, 21.2145, 41.8085, 31.0794, 23.8923, 89.2907, 43.3933, 53.6109, 23.2168, 21.0332, 36.4634, 39.0981, 27.1477, 55.4981, 46.4535, 52.6217, 37.2193, 40.7029, 65.601, 41.4508, 29.6853, 70.6099, 21.2605, 21.1898, 35.9414, 52.1394, 31.8306, 50.4528];
HighestPossibleCritFunctionValue = 1.1;
