NumDevices = 64;
NumSlotes = 512;


GivenBandwidthOld = [0.0132533, 0.0127146, 0.00910325, 0.0132389, 0.0107618, 0.00917515, 0.0118108, 0.00982791, 0.0127368, 0.0132384, 0.0122245, 0.0124943, 0.0173012, 0.015918, 0.00892359, 0.0137996, 0.0140754, 0.00970659, 0.0136098, 0.0155194, 0.00951738, 0.0136442, 0.0138372, 0.0170655, 0.0155199, 0.0173605, 0.0129233, 0.0161548, 0.00870875, 0.0128792, 0.0151195, 0.00821495, 0.0136422, 0.00880889, 0.0160179, 0.00789142, 0.0161381, 0.0172541, 0.0149037, 0.0120608, 0.0116432, 0.0117818, 0.0119144, 0.011064, 0.0173408, 0.0110376, 0.0141878, 0.00896732, 0.00869281, 0.0150284, 0.0174428, 0.0158834, 0.0173162, 0.00828828, 0.0161707, 0.0163599, 0.0150269, 0.0119593, 0.014376, 0.0132705, 0.0130072, 0.0174413, 0.0111637, 0.0125816];
GivenLatency = [76.371, 88.204, 123.908, 92.4847, 104.062, 101.602, 90.5924, 94.2972, 94.7318, 75.5437, 87.7244, 73.6369, 64.0526, 67.7753, 131.197, 69.2337, 79.5875, 120.034, 86.9495, 66.5407, 121.505, 84.8101, 77.2521, 55.8127, 76.8427, 59.3512, 79.1181, 58.5526, 119.388, 85.0924, 75.3751, 130.015, 82.9628, 141.116, 62.2549, 139.395, 66.7413, 58.3609, 79.9386, 101.126, 86.5272, 95.0127, 104.548, 101.657, 53.5068, 106.836, 77.2383, 138.727, 112.726, 67.9452, 59.6713, 61.1247, 56.3604, 132.131, 59.3153, 66.6044, 61.1184, 104.086, 72.6632, 88.5587, 75.0391, 63.4935, 84.1332, 91.6238];
HighestPossibleCritFunctionValue = 1.1;
