NumDevices = 128;
NumSlotes = 1024;


GivenBandwidthOld = [0.00744991, 0.00695936, 0.00596192, 0.00443698, 0.00600817, 0.00679086, 0.00520493, 0.00680521, 0.00897541, 0.0085122, 0.00456498, 0.00729756, 0.0088534, 0.00782927, 0.00778357, 0.00844151, 0.00395746, 0.00922645, 0.00900522, 0.00945657, 0.0079051, 0.00730663, 0.00500996, 0.00483612, 0.00816267, 0.0049527, 0.00510623, 0.00409894, 0.00586893, 0.00405599, 0.00898615, 0.00770658, 0.00823152, 0.00582582, 0.00461252, 0.00636668, 0.00733559, 0.00426072, 0.00617634, 0.0081946, 0.00417939, 0.00793008, 0.00830868, 0.00902833, 0.00411167, 0.00737062, 0.00558519, 0.00409452, 0.0066026, 0.00992196, 0.00465504, 0.00855879, 0.0063037, 0.00498545, 0.00553214, 0.00609504, 0.00441211, 0.00678974, 0.0052344, 0.00838231, 0.00896232, 0.00724633, 0.00407247, 0.00477935, 0.0040135, 0.00740523, 0.00601762, 0.00930991, 0.00542876, 0.00625352, 0.00547792, 0.00736642, 0.00992648, 0.00562605, 0.00951729, 0.00966904, 0.00386511, 0.00707385, 0.00523319, 0.00664796, 0.00978253, 0.00490628, 0.00614968, 0.00395051, 0.00493716, 0.00642898, 0.00445092, 0.00911209, 0.00572757, 0.00959101, 0.00478649, 0.00521777, 0.00386299, 0.00906557, 0.00496627, 0.00807863, 0.00501743, 0.00537035, 0.00570282, 0.00598271, 0.00397383, 0.0093901, 0.00944021, 0.00778964, 0.00415115, 0.00837216, 0.00715495, 0.00569544, 0.00702521, 0.00636532, 0.00949731, 0.00512481, 0.00386804, 0.00639495, 0.00736451, 0.00902297, 0.00778202, 0.00741932, 0.00528299, 0.00625549, 0.00723221, 0.00419013, 0.00729551, 0.005648, 0.00975541, 0.00549274, 0.00645197, 0.00951393];
GivenLatency = [462.667, 512.936, 722.373, 752.836, 632.388, 512.694, 814.45, 720.294, 407.211, 571.638, 928.829, 571.567, 455.928, 535.077, 576.56, 522.648, 1061.43, 461.861, 415.356, 528.551, 494.433, 509.344, 710.388, 742.273, 434.607, 849.19, 754.921, 1099.47, 616.078, 1142.25, 510.663, 545.264, 492.467, 722.861, 811.655, 712.089, 503.726, 1071.96, 637.819, 601.747, 842.157, 555.856, 466.744, 547.185, 1152.15, 617.811, 634.831, 910.563, 656.744, 395.481, 744.963, 492.975, 546.47, 735.681, 783.008, 552.676, 947.846, 502.881, 789.625, 527.572, 478.708, 653.723, 953.429, 799.031, 946.861, 584.788, 585.222, 373.199, 886.544, 737.926, 879.077, 484.677, 338.423, 692.796, 470.556, 366.352, 867.803, 689.825, 754.621, 627.761, 427.021, 752.252, 794.314, 871.762, 925.115, 656.077, 809.98, 471.505, 624.268, 416.772, 914.616, 773.548, 962.307, 379.028, 690.924, 550.708, 866.361, 798.253, 695.197, 574.758, 1131.02, 372.256, 429.125, 576.49, 902.748, 526.32, 473.205, 757.951, 603.177, 751.36, 406.956, 849.347, 1040.23, 630.656, 532.042, 461.255, 618.009, 549.677, 750.366, 731.849, 465.059, 1059.59, 626.97, 834.06, 365.097, 712.876, 566.403, 354.378];
HighestPossibleCritFunctionValue = 1.1;
