NumDevices = 16;
NumSlotes = 128;


GivenBandwidthOld = [0.0641835, 0.0327844, 0.067981, 0.0562766, 0.0615973, 0.0455077, 0.0685398, 0.0476546, 0.0308688, 0.0322335, 0.0477814, 0.0423952, 0.0361253, 0.0578192, 0.0680868, 0.0348369];
GivenLatency = [15.0014, 31.2022, 15.2054, 15.179, 15.4337, 17.0966, 14.234, 17.5723, 30.0435, 26.0018, 17.0278, 22.606, 29.1996, 17.976, 12.9524, 27.3858];
HighestPossibleCritFunctionValue = 1.1;
