NumDevices = 32;
NumSlotes = 256;


GivenBandwidthOld = [0.0186102, 0.0320454, 0.0169732, 0.0182531, 0.0306031, 0.0161945, 0.03159, 0.0228961, 0.0250703, 0.0257646, 0.0150433, 0.0226277, 0.0341628, 0.0240914, 0.0340101, 0.0176596, 0.0151999, 0.0341275, 0.0302514, 0.024936, 0.0286364, 0.0216969, 0.0303524, 0.023483, 0.0290595, 0.0327102, 0.0305846, 0.0257319, 0.0253797, 0.026491, 0.024717, 0.0287771];
GivenLatency = [50.7991, 33.8189, 57.0101, 48.6122, 30.1015, 55.1164, 28.0053, 50.3407, 45.8755, 37.2134, 74.2219, 39.1034, 25.2994, 40.6933, 32.7652, 55.1636, 68.6229, 26.7248, 31.625, 41.7287, 30.2361, 40.215, 31.4232, 42.3634, 39.6447, 35.3357, 30.9154, 45.5955, 35.0215, 33.4357, 44.6179, 29.7362];
HighestPossibleCritFunctionValue = 1.1;
