NumDevices = 128;
NumSlotes = 1024;


GivenBandwidthOld = [0.00285798, 0.00162118, 0.00223512, 0.00198881, 0.00280027, 0.00354076, 0.00204044, 0.00183516, 0.0016634, 0.00243843, 0.00334403, 0.00190995, 0.0024088, 0.00212316, 0.00151704, 0.00190181, 0.00304025, 0.00243084, 0.00383056, 0.00400518, 0.00133158, 0.00362619, 0.00342961, 0.00273205, 0.00375146, 0.00262945, 0.00433727, 0.0014171, 0.00343621, 0.00425599, 0.00416383, 0.00219322, 0.00389145, 0.0023892, 0.0040133, 0.00345433, 0.00255474, 0.00195268, 0.00189539, 0.00144735, 0.0025584, 0.00397751, 0.00185282, 0.0016013, 0.00250587, 0.00239682, 0.00390936, 0.00337666, 0.00342588, 0.00252471, 0.00335124, 0.00430009, 0.00159385, 0.00215629, 0.00207636, 0.00231742, 0.00391061, 0.00248673, 0.00252173, 0.00332651, 0.0042245, 0.00307784, 0.00301838, 0.00358388, 0.00175977, 0.0032506, 0.00351073, 0.0036431, 0.00324874, 0.00345494, 0.0033968, 0.00126349, 0.00304458, 0.00342848, 0.00249796, 0.00391854, 0.00135713, 0.0017782, 0.00373788, 0.0024674, 0.00268864, 0.00234546, 0.0032458, 0.00397658, 0.00192805, 0.00344404, 0.001544, 0.00187377, 0.0036535, 0.0031858, 0.00187418, 0.0012799, 0.00378291, 0.00306162, 0.00226307, 0.0029838, 0.00377197, 0.0035607, 0.00274516, 0.00221822, 0.00231266, 0.00198335, 0.00161015, 0.00424599, 0.00174431, 0.00288766, 0.00344801, 0.00256628, 0.00211287, 0.00349465, 0.00213032, 0.00302669, 0.00267464, 0.00136336, 0.00341703, 0.00376707, 0.00253283, 0.00247113, 0.00291525, 0.00165748, 0.00287826, 0.00177095, 0.00375318, 0.00336589, 0.00370493, 0.00195636, 0.00425239, 0.00311178];
GivenLatency = [207.401, 320.15, 162.736, 189.553, 115.856, 185.403, 291.584, 230.756, 220.652, 169.568, 109.162, 302.212, 165.151, 211.721, 214.894, 330.984, 120.082, 195.547, 86.5511, 100.747, 314.861, 86.8782, 149.024, 140.038, 137.496, 146.163, 76.3771, 348.654, 98.4007, 81.3707, 117.192, 211.292, 85.3193, 218.704, 116.505, 100.028, 133.563, 199.275, 269.671, 362.391, 227.735, 137.185, 176.493, 255.943, 181.108, 198.482, 81.7294, 113.748, 171.025, 210.795, 117.075, 75.9123, 207.768, 281.171, 226.129, 162.408, 114.338, 135.857, 125.772, 139.648, 120.31, 181.938, 104.754, 101.092, 260.165, 97.3541, 126.869, 104.451, 196.595, 141.048, 95.7849, 348.052, 120.189, 173.814, 177.506, 84.8468, 287.248, 252.785, 97.8069, 237.484, 148.822, 271.164, 141.323, 124.707, 305.555, 174.503, 253.882, 170.857, 121.998, 129.707, 168.448, 379.222, 134.939, 107.1, 185.968, 139.188, 141.584, 138.872, 184.103, 181.286, 193.654, 199.387, 234.173, 123.976, 237.877, 210.852, 129.768, 193.066, 232.782, 182.273, 236.428, 166.03, 147.776, 251.319, 187.439, 129.644, 227.961, 198.375, 138.809, 200.189, 212.853, 328.908, 93.4359, 127.787, 95.7606, 238.554, 84.6317, 118.624];
HighestPossibleCritFunctionValue = 1.1;
