NumDevices = 128;
NumSlotes = 1024;


GivenBandwidthOld = [0.00648785, 0.0038105, 0.00559827, 0.00754695, 0.00417111, 0.00639153, 0.00488047, 0.00857092, 0.00402794, 0.00503898, 0.0076275, 0.00784604, 0.00590729, 0.00635107, 0.00498659, 0.00718948, 0.00613517, 0.00634175, 0.00828942, 0.00771431, 0.00683381, 0.00828867, 0.00515596, 0.0086682, 0.00387657, 0.00598127, 0.0047037, 0.007587, 0.0072492, 0.00480172, 0.00498827, 0.00533452, 0.00469814, 0.00408932, 0.00672084, 0.00459814, 0.0084805, 0.00419661, 0.00487346, 0.00581694, 0.00777509, 0.0084823, 0.0044726, 0.00854538, 0.00478164, 0.00746443, 0.00722954, 0.00432655, 0.00376143, 0.00578425, 0.00843856, 0.00430977, 0.00677323, 0.00522012, 0.00698707, 0.00426525, 0.00850647, 0.00578314, 0.00476644, 0.0071125, 0.00737357, 0.00502862, 0.00857589, 0.0075333, 0.00469633, 0.00873596, 0.00779788, 0.00647483, 0.0050346, 0.00404523, 0.00560796, 0.00556487, 0.00619475, 0.0076632, 0.0079531, 0.00518066, 0.00389211, 0.00716917, 0.00465753, 0.00666158, 0.00866511, 0.00692626, 0.00721656, 0.00613774, 0.00451556, 0.00557851, 0.00547196, 0.00464731, 0.00477933, 0.00865417, 0.00817654, 0.00553826, 0.00403573, 0.00600298, 0.00453988, 0.00429198, 0.00774011, 0.00548025, 0.00403846, 0.00697816, 0.00446486, 0.00841865, 0.00478183, 0.00567587, 0.00678783, 0.00563643, 0.00396331, 0.00382862, 0.00505628, 0.00836236, 0.00872683, 0.0043108, 0.00419653, 0.00859021, 0.0082235, 0.00494844, 0.00591342, 0.00429252, 0.0069024, 0.00611114, 0.00741113, 0.00639435, 0.00740586, 0.00784329, 0.00467881, 0.00420558, 0.00569367, 0.00593624];
GivenLatency = [153.526, 276.017, 187.279, 141.184, 267.644, 167.512, 237.21, 131.712, 276.931, 210.669, 159.737, 145.214, 217.267, 152.284, 227.237, 173.939, 190.94, 160.877, 119.374, 159.328, 139.45, 124.028, 225.844, 111.674, 319.58, 214.374, 213.234, 133.332, 137.334, 232.818, 196.727, 180.661, 260.797, 280.24, 144.001, 235.895, 121.257, 258.02, 237.344, 178.965, 156.774, 118.824, 264.777, 144.778, 248.137, 135.971, 138.131, 263.677, 261.1, 205.705, 134.029, 225.14, 141.612, 247.921, 154.318, 251.943, 119.991, 181.534, 245.927, 177.243, 153.954, 229.913, 116.145, 166.61, 214.774, 147.708, 147.008, 176.074, 256.632, 289.185, 215.782, 219.393, 169.295, 159.797, 138.657, 201.223, 288.206, 139.801, 214.952, 190.695, 134.587, 138.603, 141.186, 167.186, 237.604, 205.066, 175.435, 238.118, 267.619, 128.458, 122.018, 233.839, 247.969, 175.213, 242.266, 230.999, 124.266, 181.079, 236.761, 159.938, 287.7, 128.382, 269.623, 202.756, 170.083, 226.842, 287.286, 262.848, 220.905, 128.021, 128.746, 275.525, 293.131, 140.075, 129.383, 253.666, 168.563, 270.293, 147.819, 195.555, 169.573, 156.509, 156.53, 150.501, 251.176, 227.909, 211.978, 199.009];
HighestPossibleCritFunctionValue = 1.1;
