NumDevices = 32;
NumSlotes = 256;


GivenBandwidthOld = [0.0116681, 0.0132401, 0.00912034, 0.00559776, 0.0140023, 0.00716688, 0.0113354, 0.008956, 0.00603626, 0.00888598, 0.0167119, 0.00969982, 0.00736168, 0.0102392, 0.0100998, 0.0173263, 0.00978744, 0.0174624, 0.010832, 0.010523, 0.0169344, 0.0121562, 0.0163958, 0.00980564, 0.0109403, 0.005957, 0.0142432, 0.00606271, 0.0160378, 0.00524171, 0.0174481, 0.0071806];
GivenLatency = [26.7962, 37.7233, 42.9801, 92.7605, 22.6682, 46.499, 53.8565, 43.3965, 104.944, 36.3499, 26.8159, 35.4428, 58.7197, 48.0927, 32.4919, 18.0861, 60.4359, 17.6648, 31.6973, 46.802, 29.9815, 38.3389, 19.5442, 55.6263, 28.3067, 60.933, 22.8841, 62.5532, 29.6327, 79.7249, 31.8508, 58.2664];
HighestPossibleCritFunctionValue = 1.1;
