NumDevices = 16;
NumSlotes = 128;


GivenBandwidthOld = [0.0327893, 0.059917, 0.0456344, 0.0475046, 0.0792284, 0.0612847, 0.0317369, 0.0717762, 0.0630932, 0.0780923, 0.0673022, 0.06758, 0.0372842, 0.0554173, 0.0682136, 0.0360124];
GivenLatency = [60.4444, 26.9172, 43.3292, 29.6859, 23.9756, 25.261, 44.7252, 23.2656, 28.058, 23.5601, 22.3589, 21.6978, 43.1794, 24.6616, 20.8792, 44.8941];
HighestPossibleCritFunctionValue = 1.1;
