NumDevices = 16;
NumSlotes = 128;


GivenBandwidthOld = [0.0787232, 0.0705952, 0.0635992, 0.031941, 0.0530768, 0.0322039, 0.0716324, 0.0461386, 0.0718592, 0.0582715, 0.0394717, 0.0701305, 0.052525, 0.0580972, 0.060363, 0.0402333];
GivenLatency = [17.9884, 19.9865, 27.3599, 53.6461, 36.726, 54.2318, 22.6727, 42.7301, 19.9048, 30.112, 37.1854, 20.1541, 35.2232, 27.5238, 29.8354, 46.5527];
HighestPossibleCritFunctionValue = 1.1;
