NumDevices = 128;
NumSlotes = 1024;


GivenBandwidthOld = [0.00294233, 0.00355353, 0.00414567, 0.00323311, 0.00324845, 0.00167603, 0.00221297, 0.00153867, 0.00298005, 0.00313711, 0.0022838, 0.00135008, 0.00196135, 0.00376651, 0.00247794, 0.00173442, 0.00225761, 0.00172165, 0.00329349, 0.00245933, 0.00153316, 0.00400435, 0.00295675, 0.0021697, 0.002393, 0.00231778, 0.00367728, 0.00275269, 0.00390577, 0.00234011, 0.00402765, 0.00393282, 0.00382418, 0.00293869, 0.00173356, 0.00343985, 0.00292347, 0.00221818, 0.00156416, 0.00328813, 0.00303115, 0.002594, 0.00234264, 0.00280347, 0.00421853, 0.00264192, 0.00152786, 0.00242782, 0.00307538, 0.0023434, 0.00310135, 0.00434814, 0.00297991, 0.00393983, 0.00298361, 0.00373585, 0.00275095, 0.00278299, 0.00368838, 0.00179567, 0.00362449, 0.00312063, 0.00341894, 0.00155539, 0.00271015, 0.00143702, 0.00392225, 0.00126604, 0.00210313, 0.00239179, 0.00380797, 0.00249372, 0.00139284, 0.00193934, 0.00264457, 0.00233846, 0.00130528, 0.0021931, 0.00191703, 0.00265764, 0.00319438, 0.00230902, 0.00328503, 0.00396471, 0.00231782, 0.00435445, 0.00280981, 0.00140627, 0.00266778, 0.00171287, 0.00250141, 0.00248459, 0.00420831, 0.00285507, 0.00274267, 0.00419072, 0.00409477, 0.00396574, 0.004015, 0.00379912, 0.00365323, 0.0016681, 0.00326403, 0.00425771, 0.00179152, 0.0026268, 0.00356175, 0.00177941, 0.00211111, 0.00206655, 0.00311062, 0.00399208, 0.00302804, 0.00357797, 0.00237703, 0.00263581, 0.00196837, 0.00305865, 0.00241272, 0.00248456, 0.00358705, 0.00184603, 0.00309769, 0.00221994, 0.00299051, 0.00396183, 0.00392956, 0.00216931];
GivenLatency = [170.504, 172.756, 78.4816, 111.408, 96.6276, 310.284, 166.852, 237.352, 121.522, 117.361, 267.098, 237.587, 202.998, 126.501, 222.271, 245.07, 146.21, 240.308, 152.558, 166.88, 270.185, 102.374, 131.899, 147.453, 152.529, 238.018, 89.4212, 155.218, 80.1433, 156.008, 98.6692, 114.692, 96.4051, 144.452, 215.602, 91.8023, 115.108, 214.688, 319.602, 118.688, 175.893, 150.298, 160.776, 200.665, 75.9782, 179.502, 343.048, 133.651, 209.834, 213.986, 105.335, 97.4001, 122.327, 127.131, 207.442, 120.856, 177.551, 130.841, 85.1602, 217.705, 108.97, 185.51, 106.748, 422.354, 164.28, 283.851, 98.0739, 281.13, 210.638, 192.415, 97.9965, 180.529, 260.256, 178.043, 211.476, 150.361, 266.876, 177.963, 249.003, 150.327, 132.731, 153.718, 134.677, 132.721, 148.502, 93.8777, 148.368, 222.888, 121.835, 356.442, 165.989, 227.714, 81.2264, 146.585, 122.013, 79.2596, 93.8573, 134.267, 78.6568, 92.6692, 105.31, 267.913, 184.149, 89.4475, 284.016, 224, 91.5584, 334.626, 285.011, 211.317, 149.168, 146.483, 141.137, 121.611, 203.264, 221.059, 270.048, 171.062, 255.286, 130.359, 102.214, 251.325, 133.262, 223.946, 114.55, 96.2257, 106.696, 162.197];
HighestPossibleCritFunctionValue = 1.1;
