NumDevices = 64;
NumSlotes = 512;


GivenBandwidthOld = [0.0150304, 0.0092375, 0.00973647, 0.00827976, 0.0129406, 0.0104029, 0.00847159, 0.0119477, 0.00981102, 0.0113651, 0.0186324, 0.0105182, 0.00891582, 0.0156072, 0.0156685, 0.0197104, 0.0151697, 0.012573, 0.0185863, 0.00939181, 0.015599, 0.0150651, 0.0170546, 0.0167148, 0.01821, 0.0111916, 0.0149858, 0.00850575, 0.0111577, 0.00810685, 0.0193423, 0.0164009, 0.0168317, 0.00858482, 0.0150006, 0.0199919, 0.00896528, 0.00942583, 0.0124768, 0.0151001, 0.0171458, 0.0117439, 0.00988686, 0.0110231, 0.00758352, 0.0111436, 0.00758368, 0.01388, 0.0106271, 0.0143358, 0.00941258, 0.0147408, 0.0157551, 0.0133028, 0.00981753, 0.00829988, 0.0135049, 0.00750749, 0.00844673, 0.0191537, 0.00865302, 0.0113461, 0.0117044, 0.00783889];
GivenLatency = [166.601, 283.431, 296.856, 393.446, 254.271, 277.166, 347.395, 228.1, 227.252, 209.781, 129.759, 233.52, 270.965, 185.867, 193.323, 142.662, 155.246, 228.823, 124.963, 249.012, 176.017, 205.125, 168.783, 191.569, 164.165, 227.702, 189.618, 349.571, 244.578, 304.932, 133.28, 152.394, 161.699, 338.706, 213.188, 160.212, 296.98, 339.684, 185.736, 179.48, 175.082, 194.428, 297.623, 203.542, 386.334, 275.204, 298.409, 189.07, 211.382, 162.125, 247.86, 162.554, 157.131, 243.233, 268.089, 346.906, 169.021, 308.361, 268.932, 171.456, 271.867, 250.514, 255.963, 382.544];
HighestPossibleCritFunctionValue = 1.1;
