NumDevices = 32;
NumSlotes = 256;


GivenBandwidthOld = [0.0328692, 0.0232002, 0.0155905, 0.0187844, 0.0195854, 0.0214361, 0.0260151, 0.0251195, 0.0337542, 0.0169246, 0.0219046, 0.0206586, 0.019386, 0.0304734, 0.0162458, 0.0328799, 0.0222814, 0.0343204, 0.0335337, 0.031001, 0.0241537, 0.0219456, 0.0296779, 0.0268553, 0.0278378, 0.0191171, 0.0308253, 0.0305401, 0.0167108, 0.027673, 0.0302514, 0.0255713];
GivenLatency = [28.7613, 44.5327, 64.1432, 45.3367, 50.5325, 40.7832, 40.382, 35.2221, 29.5342, 63.9925, 40.4392, 46.0125, 43.9893, 35.553, 58.5107, 25.4433, 38.2948, 33.4992, 33.5152, 30.1736, 38.2237, 49.3872, 30.0787, 37.7207, 33.0056, 46.7064, 32.8562, 37.8104, 59.5358, 33.0399, 34.3655, 36.7237];
HighestPossibleCritFunctionValue = 1.1;
