NumDevices = 128;
NumSlotes = 1024;


GivenBandwidthOld = [0.00465028, 0.00474232, 0.00668603, 0.00466106, 0.00587495, 0.00778566, 0.00612135, 0.00407667, 0.00412393, 0.00844422, 0.00449943, 0.00445601, 0.0047383, 0.00406687, 0.00435221, 0.00511764, 0.0046311, 0.00747533, 0.00531833, 0.00763863, 0.00499398, 0.0062932, 0.00728398, 0.00438646, 0.00576259, 0.00439386, 0.00502131, 0.00564856, 0.00782943, 0.0066876, 0.00596411, 0.00636179, 0.00504263, 0.00395097, 0.00652735, 0.00763132, 0.00716651, 0.0050115, 0.00579916, 0.0039903, 0.00743645, 0.00688087, 0.00422699, 0.00544447, 0.00767493, 0.00497059, 0.00826737, 0.00725065, 0.00419765, 0.00734689, 0.00668657, 0.00866361, 0.00681958, 0.0042537, 0.00448835, 0.00823836, 0.00459158, 0.00816058, 0.00740027, 0.0039222, 0.0079561, 0.00575407, 0.00621376, 0.00709079, 0.00741126, 0.00859219, 0.00650522, 0.0057079, 0.0051021, 0.00856503, 0.00490717, 0.00724059, 0.00511203, 0.00539148, 0.00716465, 0.00873021, 0.00609835, 0.00752196, 0.00413766, 0.00418198, 0.00406556, 0.00734747, 0.00649943, 0.00837314, 0.00488466, 0.00396211, 0.00870596, 0.00864536, 0.00507228, 0.00731989, 0.00781984, 0.00556899, 0.0055309, 0.0053897, 0.00718402, 0.00429441, 0.00867851, 0.0072886, 0.00702596, 0.00784773, 0.00431333, 0.00669927, 0.00717166, 0.0066028, 0.00580638, 0.0052773, 0.0081353, 0.00757012, 0.00851768, 0.00419527, 0.00745127, 0.00597311, 0.00752924, 0.00649359, 0.00531194, 0.00532972, 0.00407319, 0.00559952, 0.00859515, 0.00624086, 0.00756701, 0.00625202, 0.00511538, 0.00676885, 0.0065946, 0.00800272, 0.00420342, 0.00430817];
GivenLatency = [257.361, 238.616, 164.494, 269.867, 192.428, 140.359, 157.583, 286.346, 300.229, 137.898, 216.158, 236.074, 224.064, 275.11, 281.191, 206.849, 261.967, 145.874, 198.387, 128.611, 218.309, 154.906, 170.638, 284.557, 219.204, 248.417, 224.821, 220.243, 157.602, 184.571, 160.205, 179.832, 211.632, 242.402, 180.889, 157.983, 155.376, 231.881, 217.911, 310.224, 137.663, 158.174, 226.66, 197.722, 143.426, 195.261, 148.657, 167.513, 288.39, 162.302, 156.757, 128.447, 156.221, 228.219, 236.289, 117.411, 232.155, 127.209, 134.059, 274.451, 133.437, 173.129, 163.387, 168.435, 140.403, 115.867, 148.827, 219.075, 240.127, 126.56, 262.82, 149.2, 231.412, 176.96, 176.238, 130.286, 170.424, 135.054, 245.762, 271.902, 310.562, 162.667, 153.107, 115.476, 198.752, 255.841, 137.273, 147.843, 252.476, 162.81, 124.777, 195.293, 177.863, 188.265, 141.502, 265.765, 143.764, 133.672, 158.44, 160.965, 258.084, 150.278, 166.252, 170.715, 194.004, 241.248, 155.814, 154.465, 151.831, 238.702, 142.652, 190.778, 145.348, 197.491, 198.936, 184.175, 239.753, 188.134, 120.008, 187.781, 158.057, 207.056, 215.807, 174.603, 181.044, 137.406, 254.278, 224.844];
HighestPossibleCritFunctionValue = 1.1;
