NumDevices = 16;
NumSlotes = 128;


GivenBandwidthOld = [0.0197032, 0.0159225, 0.0239656, 0.030137, 0.0280335, 0.0236389, 0.0138464, 0.0319758, 0.0326161, 0.0187437, 0.0156248, 0.0217045, 0.0280408, 0.0222272, 0.0132319, 0.0284101];
GivenLatency = [17.9259, 29.6811, 26.0082, 16.5093, 16.9857, 14.7241, 23.8578, 16.1167, 11.7627, 23.4432, 25.7175, 21.1774, 10.9968, 14.1231, 33.238, 20.3429];
HighestPossibleCritFunctionValue = 1.1;
