NumDevices = 16;
NumSlotes = 128;


GivenBandwidthOld = [0.0332746, 0.0658523, 0.0392596, 0.0555796, 0.0660256, 0.0319064, 0.0315239, 0.0421957, 0.0427408, 0.0449968, 0.0413363, 0.0386673, 0.0617609, 0.0346552, 0.069598, 0.0339356];
GivenLatency = [26.0919, 13.7311, 24.1221, 18.5925, 15.344, 26.4238, 26.5947, 22.2587, 19.4872, 19.3824, 22.406, 21.5169, 17.731, 26.9306, 13.8914, 31.9718];
HighestPossibleCritFunctionValue = 1.1;
