NumDevices = 16;
NumSlotes = 128;


GivenBandwidthOld = [0.0586535, 0.0601233, 0.0615319, 0.0359846, 0.0638755, 0.0759618, 0.0602275, 0.0627947, 0.0602258, 0.0354333, 0.0475416, 0.0514466, 0.0337479, 0.0705463, 0.0414845, 0.0502158];
GivenLatency = [29.2714, 28.6727, 24.3668, 44.975, 24.5029, 20.7022, 29.6607, 25.9722, 32.0554, 55.9814, 29.9733, 35.1683, 55.6207, 26.0812, 41.9928, 34.0681];
HighestPossibleCritFunctionValue = 1.1;
